0.00270414  0.000273401  -0.000412272  0.0148386  0.0901514  -0.000166907  
0.00258182  2.11758e-22  0.000592522  -2.02109e-06  0.0210874  0.120841  
0.000891374  -2.92227e-05  6.55684e-05  0.0374252  0.127582  0.00650017  
0.00292766  -0.000157171  0.000731171  -0.00175262  0.0163967  0.142419  
0.00175549  -0.000157171  -8.06479e-06  0.0526509  0.157773  0.0098854  
0.00176474  2.61004e-05  0.000390565  -0.0088427  0.0152098  0.0799629  
0.00122804  0.000218911  -0.000357962  0.0282012  0.138783  -0.0109156  
0.00117597  -0.000139293  0.000143828  0.0110027  -0.0181162  0.092586  
0.00106094  -0.000139293  -0.000156848  0.0283253  0.151809  0.0589557  
0.00225376  -0.000139293  0.000476724  0.0282106  -0.0148  0.116999  
0.0016064  -7.98683e-05  -0.000146523  0.0064445  0.16679  0.0522531  
0.00256236  -0.000139293  0.000537369  0.0280806  -0.0157316  0.167194  
8.32687e-05  0.000135773  -0.000146523  0.0394  0.153953  0.0140127  
0.00340266  -0.000121318  0.000443106  -0.00426695  0.00566054  0.132155  
0.00128801  -4.97738e-05  7.26278e-05  0.0231548  0.20484  0.0498827  
0.00311426  7.10387e-05  0.000114482  0.0233041  -0.0791881  0.131082  
0.00211722  -8.03544e-05  4.93403e-05  0.0233809  0.166229  0.108099  
0.00277603  0.000141101  0.000450112  0.0233877  -0.025322  0.138104  
0.0090907  0.000188138  0.000333075  -0.0520934  0.177077  0.126639  
0.00236434  -0.000206779  -0.000602589  0.0297147  -0.0125274  0.122678  
-0.00368316  -0.000185523  -0.000602589  0.0569159  0.150124  -0.054624  
0.000924218  -0.000244051  -1.25199e-05  -0.0110456  0.0493825  0.0455369  
-5.17681e-06  0.000180926  -0.000408747  0.033927  0.0906254  0.00393265  
-8.27418e-05  0.000324513  -0.000602589  0.0113001  0.0687827  0.0521011  
0.00214866  0.000776056  -0.000602589  0.031887  0.0666314  -0.0815873  
0.00447515  0.000390305  -0.000221575  -0.00175726  0.0815329  0.0114878  
0.0018538  0.000269397  -0.000602589  0.0359243  0.0768175  -0.0502971  
0.00262077  0.000233755  -0.000182788  0.00735734  -0.0141269  -0.0175566  
0.00171336  0.000752326  -0.000602589  0.0181589  0.10646  -0.0521792  
0.00320109  0.000311054  -0.000491683  0.00742408  0.0156238  -0.0128722  
0.0021131  0.000311054  -0.000602589  0.00741631  0.155453  -0.0547007  
0.00431646  0.000311054  -0.000301226  0.0213232  -0.0312297  0.0581195  
0.0044064  0.000311054  -0.000852589  0.00732755  0.161676  -0.0864282  
0.00386818  4.15743e-05  0.000100958  -0.0342001  -0.0116247  0.112463  
0.00206855  0.00014603  -0.000391708  0.0452032  0.136503  -0.10338  
-0.0013806  -0.000377914  -3.47169e-05  0.0291416  0.0523321  -0.0818261  
0.0012677  0.000517902  -0.000602589  0.0321865  0.126919  -0.113614  
0.00069644  0.000626857  -0.000602589  -0.00692485  0.0327438  -0.0287479  
-0.0004778  0.000839413  -0.000846818  0.0308329  0.147608  -0.0806014  
-3.75166e-05  0.000704653  -0.000602589  0.00684086  -0.026351  -0.0629925  
0.0018026  0.000251364  -0.000602589  0.0286294  0.141144  -0.0135901  
0.00198694  3.78678e-05  -0.000240786  0.0187894  -0.0542787  -0.0134736  
-5.86848e-05  -0.000180474  -0.000602589  0.0286313  0.166335  -0.0129749  
0.00138604  -2.51893e-05  -0.00045888  0.0112371  -0.0242826  -0.0450824  
-5.43574e-05  -0.000295759  -0.000358409  0.0104515  0.136063  -0.0185231  
0.000930037  -0.000328028  -0.000602589  0.0286557  -0.00867712  -0.049868  
0.000480349  -0.000328028  -0.000852589  -0.00358161  0.149405  -0.0255552  
0.00134765  -0.000328028  -0.000278657  0.0187361  0.00726154  0.0323667  
0.00111997  -0.000328028  -0.000372523  0.00529214  0.171865  -0.0220427  
0.0021679  -0.000555678  -0.000178668  0.00726242  0.0100837  0.0353049  
0.00104159  -0.000160331  -0.000602589  0.0287208  0.149361  -0.0541422  
0.00176372  -0.000137044  -0.000281859  -0.00343465  0.0249539  0.0798135  
0.00445874  0.000388954  -0.000602589  0.0523936  0.12805  0.0273514  
0.00154319  7.3639e-05  -0.000602589  -0.00393474  0.0711952  0.0237814  
0.00162523  0.000228035  -0.000428512  0.0418531  0.0524636  -0.0700571  
0.00124662  0.000140118  -0.000602589  -0.0216751  0.0694897  0.0214549  
0.000889743  0.000400365  -0.000965667  0.0336787  0.0774109  -0.0704299  
0.000940993  -9.9017e-05  -0.000602589  -0.014457  0.042838  0.023222  
-0.000597869  -0.000575748  -0.000602589  0.0463367  0.100829  -0.0745517  
0.000681939  -5.09004e-05  -0.000602589  -0.0292982  0.0354211  -0.0120263  
0.00222193  -4.70948e-05  -0.000202481  0.0301535  0.060054  0.0187926  
0.00207184  -0.000459643  -0.00060259  -0.0126979  0.120111  -0.0465195  
0.00689261  -0.000575748  0.000227373  -0.0123984  0.0192525  0.131238  
0.00147845  -0.000874337  -7.10322e-05  -0.0303345  0.0961109  -0.185372  
0.00132208  -0.000413122  -0.000886777  0.0351783  0.0361782  -0.112479  
-0.00322999  -0.000186596  -0.000691198  0.0514157  0.0607326  -0.150763  
0.00149517  0.00041657  -0.000462979  0.00252423  0.168549  -0.0155502  
0.00157952  8.46758e-05  -0.000179986  0.0225292  -0.0440024  -0.0415862  
0.000431527  0.00027558  -0.000462979  0.0032079  0.14851  -0.00743078  
0.000831859  0.00027558  -0.000128324  0.0301382  -0.0267867  -0.0579324  
0.000209145  0.000225413  0.000176449  -0.00596372  0.118018  0.0111497  
0.000641454  0.000222572  -0.000156952  0.020377  0.0596307  -0.0640286  
0.000744442  0.000174282  9.92105e-05  0.0388022  0.00380351  0.00231062  
-0.000733974  -0.000101696  -0.000287461  0.0301884  0.147333  -0.0801157  
0.000368888  -0.000423436  0.00065553  -0.00866283  -0.0267536  0.0322667  
0.000379224  0.000556522  -0.000335522  0.0459056  0.154513  -0.0514694  
0.00222181  3.44809e-05  0.000434348  -0.0116355  0.0316988  0.0945921  
0.00459711  0.000758088  -0.000386641  0.0234251  0.108409  0.0140182  
0.00227188  -0.000459735  -0.000834187  -0.0133806  0.0721921  0.0484826  
-0.000570761  -0.000361428  -0.000326954  0.0542975  0.0701102  0.0176958  
0.00136886  0.00015298  -0.000386641  0.0183033  0.173457  -0.0552018  
0.00149081  0.00015298  -0.000189736  0.02482  -0.053299  0.0136483  
0.000195055  0.000703808  -0.000638059  0.0248632  0.187281  -0.0468394  
0.000853091  -1.28971e-05  -0.000126705  0.0122435  -0.0268183  0.037099  
-0.000179386  0.000577014  -0.000386641  0.038455  0.138553  -0.033837  
1.4743e-05  -0.000251452  0.000461072  -0.0035051  -0.0385659  0.031583  
0.000430158  0.000218273  -0.00043717  0.0359442  0.145672  -0.0193132  
0.000777127  0.000197767  0.000105139  0.00718005  -0.0141794  0.0453228  
0.000303457  0.000608601  -0.000542225  0.0371462  0.129943  -0.0395023  
0.00010649  -0.000109326  -1.98816e-05  0.00140903  0.0045507  -0.00335921  
0.000860622  0.000380158  -0.000362112  0.0332583  0.169888  -0.0400711  
0.00174952  -0.00024944  0.00022084  0.00451603  0.00443751  0.0859312  
0.0028581  0.000119652  -2.95983e-05  0.0464663  0.1313  0.00758627  
0.004105  0.000123236  -0.000362112  0.000929422  0.0424864  0.0112149  
0.0027906  0.000198493  -0.000362112  0.0330885  0.0700903  0.112069  
0.00309279  -6.13067e-05  -0.000329111  0.0146739  0.122356  -0.0157987  
0.00344123  -0.000369785  7.29587e-05  -0.0469948  0.0271233  0.0400781  
0.00513693  -5.55243e-05  -0.000123798  0.0698641  0.0565845  0.101573  
-0.00321047  -0.000972085  -0.000766133  0.00735083  0.13309  -0.187637  
0.00109388  0.000697182  -0.000105727  0.00739475  -0.0733423  0.0853145  
0.000160085  0.0009988  -0.000448475  0.0241993  0.175299  -0.0180509  
0.00237278  0.00057491  -0.000448475  0.0115618  -0.0530363  -0.0501311  
0.00154562  0.000519627  -0.000115827  0.0133729  0.105858  0.0218183  
0.00172723  0.000496325  -0.000448475  0.031826  -0.0299482  -0.0653306  
0.00181149  0.000674406  -0.000644835  0.00333854  0.0710013  0.0474051  
0.00390116  0.000744572  -0.000448475  0.035634  0.0474702  -0.00953444  
0.00244239  0.000690268  -0.000448475  0.0117087  0.0692832  0.0594702  
0.00297955  0.00108076  -0.000448475  0.0414272  0.0710912  -0.00492765  
0.00347584  0.000722676  -0.000448475  0.00388759  0.0405593  0.0907411  
0.00235618  0.00137267  -0.000895031  0.0485943  0.0922215  -0.0238856  
0.0016189  0.000937495  -0.00058527  0.00285716  0.0181963  0.0385358  
0.00146021  0.00146704  -0.000895031  0.0510797  0.0731228  -0.0527509  
0.00196915  0.00103532  -0.000523788  0.00254255  0.0174484  0.0347957  
0.00117355  0.00095869  -0.000452939  0.0423238  0.069097  -0.0528173  
0.00168562  0.00104556  -0.000521865  0.00227979  -0.0106036  0.0221396  
0.00107904  0.00144323  -0.000895032  0.0330557  0.10119  -0.057589  
0.00389458  0.000700096  -0.000525636  0.0100485  0.0137696  0.0600592  
0.000831182  0.000802399  -0.000604177  0.033107  0.131223  -0.0643587  
0.00296486  0.00109964  -0.00046857  0.00122205  -0.0052119  0.0893253  
0.00301641  0.00124815  -0.000691605  0.0363672  0.115797  -0.014114  
0.00338612  0.000729887  -0.000139435  0.0122838  0.0267614  0.0934896  
0.0026308  0.00142623  -0.00043026  0.0313135  0.134105  0.00776704  
0.00331935  0.00123997  -0.000414  -0.000514237  0.016331  0.0920257  
0.00221708  0.00128656  -0.000691796  0.0341901  0.10009  -0.00825147  
0.00451234  0.00108386  -0.00055613  -0.0126445  0.105757  0.052767  
0.0032114  0.00151554  -0.000465662  0.0358747  0.00940929  0.0184993  
0.00414665  0.00106872  -0.000523321  0.00633541  0.178264  0.0347097  
0.00279506  0.00106798  -0.000543596  0.0331985  -0.0307005  -0.0420364  
0.00235742  0.00105077  -0.000476071  0.00223724  0.118352  0.0538862  
0.00281969  0.00134187  -0.000450634  0.0418526  0.0328393  -0.0145948  
0.00360348  0.000930946  -0.000221164  0.00709709  0.0568338  0.0637854  
0.00220219  0.00127994  -0.000719268  0.0332591  0.0686106  -0.00343189  
0.00168138  0.00120754  -0.000487292  0.00999595  0.0603066  0.025006  
0.00215011  0.00156046  -0.000488942  0.0519036  0.0293525  -0.0515246  
0.00230874  0.00120746  -0.000411906  0.00274549  0.019144  0.0365584  
0.00297935  0.00118318  -0.000442924  0.0422045  0.116078  -0.0154608  
0.00343454  0.0010773  -4.23598e-05  0.00631706  0.0289845  0.100357  
0.00303561  0.00149647  -0.000231827  0.0420076  0.12515  0.00307754  
0.0027821  0.00105628  -0.000465537  0.00199223  0.0218849  0.0546938  
0.00247936  0.00131911  -0.00037136  0.0515793  0.0476058  0.0202212  
0.00201577  0.00128543  -0.000753334  0.0138586  0.105968  0.00207809  
0.00288757  0.000904048  -0.00016402  0.0370267  -0.0393908  0.0455124  
0.00180655  0.00121391  -0.00064606  0.013286  0.159376  0.00588175  
0.00537696  0.000847686  -0.000126175  0.0230992  -0.0279001  0.160203  
-0.000432768  0.000320997  -0.000753904  0.0400562  0.150652  -0.144652  
-7.22666e-06  0.000394989  -0.000789221  0.00462332  -0.0115413  -0.130234  
0.00127893  0.000799408  -0.000511254  0.0256424  0.155658  -0.0364547  
0.00186397  0.000329261  -6.55584e-05  0.00874799  -0.059955  0.012959  
0.000625264  -2.31386e-05  -0.000419518  0.0183824  0.170061  0.00206097  
0.00267636  0.000148424  -0.000314512  0.0356753  -0.0443049  0.0236013  
0.00134161  0.000340315  -0.000483582  0.00809633  0.134137  0.0277984  
0.00210904  0.000354043  -0.000198952  0.0257485  0.00163856  0.0278025  
0.000564505  -1.51675e-05  -0.000168183  0.00961647  0.170042  0.00844697  
0.00383107  -8.89846e-05  8.27067e-06  0.025958  -0.0288347  0.0776357  
-0.000205913  -0.00113845  -2.45817e-06  -0.0129681  0.166148  -0.13543  
0.00158511  -0.00156795  -8.94761e-05  -0.0364388  -0.020973  -0.126382  
0.00242393  -0.00206892  -8.94761e-05  -0.0118702  0.0527414  -0.0943062  
0.00428163  -0.00134398  0.000432993  0.0328198  0.0362164  0.00235511  
-0.000251337  0.000147262  -0.000950655  -0.0197072  0.127808  -0.142361  
0.000960867  0.00104529  -0.000533965  0.036078  -0.0302228  0.0876189  
0.000221871  0.00114759  -0.000283965  0.0240857  0.149188  0.00320732  
0.00088537  0.000638455  5.5012e-05  0.0269016  -0.0377192  0.0211407  
-0.000257995  0.000720134  3.96604e-05  0.0100598  0.14582  0.0223332  
0.00125576  0.000864766  -6.68085e-05  0.0269813  -0.0204572  0.0261058  
-0.000717845  0.000291073  -6.68086e-05  0.0189288  0.152062  0.0786845  
8.65838e-05  0.000678276  -6.68085e-05  0.0456797  -0.0559683  0.0105406  
-0.000422195  0.000922054  -0.000490888  0.0262281  0.256096  0.00486389  
0.000234395  0.00123186  -0.00045443  0.0142407  -0.0620575  -0.0044015  
-0.000373216  0.000830232  -0.00034204  0.0211744  0.0618844  0.0575533  
-0.000771128  0.00108787  -0.000526913  0.0332874  0.094101  -0.000861378  
0.00314829  -0.000286242  -0.000258722  0.0094746  0.0408345  0.120723  
0.00138625  -7.73242e-06  -0.000737635  0.0335619  0.0441117  0.0363504  
0.0014141  -0.00048933  -0.000198058  -0.0187061  0.111857  0.0815777  
0.00225056  -0.000524368  -0.00029549  0.0388563  0.02191  0.0362886  
0.00166066  -0.000166792  -0.000636692  0.00548334  0.105901  0.0802396  
0.00206977  -0.000354078  -0.000617311  0.0209064  0.087709  0.0353548  
0.00248159  -0.000354078  -0.000334172  0.005506  0.0234284  0.0963568  
0.00189139  -0.000354078  -0.000431954  0.00554427  0.133554  0.0137417  
0.00353023  -0.000946324  0.000211604  -0.015906  0.0210935  0.0340735  
