1.0 1.050935e+04 1.059997e+04 1.064601e+04 1.055539e+04
2.0 1.051960e+04 1.061014e+04 1.064591e+04 1.055536e+04
3.0 1.059498e+04 1.063302e+04 1.064605e+04 1.060802e+04
4.0 1.067629e+04 1.066637e+04 1.064626e+04 1.065618e+04
5.0 1.077477e+04 1.068452e+04 1.064615e+04 1.073641e+04
6.0 1.075420e+04 1.065807e+04 1.064589e+04 1.074202e+04
7.0 1.077699e+04 1.069066e+04 1.064582e+04 1.073215e+04
8.0 1.077014e+04 1.070144e+04 1.064589e+04 1.071459e+04
9.0 1.073704e+04 1.071064e+04 1.064596e+04 1.067236e+04
10.0 1.067458e+04 1.067772e+04 1.064600e+04 1.064286e+04
11.0 1.062629e+04 1.065926e+04 1.064602e+04 1.061306e+04
12.0 1.060678e+04 1.063984e+04 1.064603e+04 1.061297e+04
13.0 1.061028e+04 1.060940e+04 1.064603e+04 1.064691e+04
14.0 1.067454e+04 1.060750e+04 1.064603e+04 1.071307e+04
15.0 1.068397e+04 1.064394e+04 1.064605e+04 1.068607e+04
16.0 1.063455e+04 1.062581e+04 1.064612e+04 1.065486e+04
17.0 1.061595e+04 1.063273e+04 1.064608e+04 1.062930e+04
18.0 1.063078e+04 1.064188e+04 1.064597e+04 1.063488e+04
0.5 1.051960e+04 1.061014e+04 1.064591e+04 1.055536e+04
1.5 1.059498e+04 1.063302e+04 1.064605e+04 1.060802e+04
2.5 1.067629e+04 1.066637e+04 1.064626e+04 1.065618e+04
3.5 1.077477e+04 1.068452e+04 1.064615e+04 1.073641e+04
4.5 1.075420e+04 1.065807e+04 1.064589e+04 1.074202e+04
5.5 1.077699e+04 1.069066e+04 1.064582e+04 1.073215e+04
6.5 1.077014e+04 1.070144e+04 1.064589e+04 1.071459e+04
7.5 1.073704e+04 1.071064e+04 1.064596e+04 1.067236e+04
8.5 1.067458e+04 1.067772e+04 1.064600e+04 1.064286e+04
9.5 1.062629e+04 1.065926e+04 1.064602e+04 1.061306e+04
10.5 1.060678e+04 1.063984e+04 1.064603e+04 1.061297e+04
11.5 1.061028e+04 1.060940e+04 1.064603e+04 1.064691e+04
12.5 1.067454e+04 1.060750e+04 1.064603e+04 1.071307e+04
13.5 1.068397e+04 1.064394e+04 1.064605e+04 1.068607e+04
14.5 1.063455e+04 1.062581e+04 1.064612e+04 1.065486e+04
15.5 1.061595e+04 1.063273e+04 1.064608e+04 1.062930e+04
16.5 1.063078e+04 1.064188e+04 1.064597e+04 1.063488e+04
17.5 1.061198e+04 1.062481e+04 1.064595e+04 1.063311e+04
0.9 1.068397e+04 1.064394e+04 1.064605e+04 1.068607e+04
1.9 1.063455e+04 1.062581e+04 1.064612e+04 1.065486e+04
2.9 1.061595e+04 1.063273e+04 1.064608e+04 1.062930e+04
3.9 1.063078e+04 1.064188e+04 1.064597e+04 1.063488e+04
4.9 1.061198e+04 1.062481e+04 1.064595e+04 1.063311e+04
5.9 1.062185e+04 1.063939e+04 1.064597e+04 1.062843e+04
6.9 1.068326e+04 1.065340e+04 1.064599e+04 1.067584e+04
7.9 1.069279e+04 1.067567e+04 1.064607e+04 1.066318e+04
8.9 1.066010e+04 1.064884e+04 1.064621e+04 1.065747e+04
9.9 1.059738e+04 1.063657e+04 1.064614e+04 1.060695e+04
10.9 1.061094e+04 1.066255e+04 1.064591e+04 1.059429e+04
11.9 1.065382e+04 1.066180e+04 1.064585e+04 1.063787e+04
12.9 1.066963e+04 1.064533e+04 1.064592e+04 1.067022e+04
13.9 1.066888e+04 1.064713e+04 1.064599e+04 1.066774e+04
14.9 1.067870e+04 1.064942e+04 1.064601e+04 1.067528e+04
15.9 1.067971e+04 1.066780e+04 1.064604e+04 1.065795e+04
16.9 1.068530e+04 1.064313e+04 1.064612e+04 1.068830e+04
17.9 1.064034e+04 1.062448e+04 1.064608e+04 1.066195e+04
0.9 1.061595e+04 1.063273e+04 1.064608e+04 1.062930e+04
1.9 1.063078e+04 1.064188e+04 1.064597e+04 1.063488e+04
2.9 1.061198e+04 1.062481e+04 1.064595e+04 1.063311e+04
3.9 1.062185e+04 1.063939e+04 1.064597e+04 1.062843e+04
4.9 1.068326e+04 1.065340e+04 1.064599e+04 1.067584e+04
5.9 1.069279e+04 1.067567e+04 1.064607e+04 1.066318e+04
6.9 1.066010e+04 1.064884e+04 1.064621e+04 1.065747e+04
7.9 1.059738e+04 1.063657e+04 1.064614e+04 1.060695e+04
8.9 1.061094e+04 1.066255e+04 1.064591e+04 1.059429e+04
9.9 1.065382e+04 1.066180e+04 1.064585e+04 1.063787e+04
10.9 1.066963e+04 1.064533e+04 1.064592e+04 1.067022e+04
11.9 1.066888e+04 1.064713e+04 1.064599e+04 1.066774e+04
12.9 1.067870e+04 1.064942e+04 1.064601e+04 1.067528e+04
13.9 1.067971e+04 1.066780e+04 1.064604e+04 1.065795e+04
14.9 1.068530e+04 1.064313e+04 1.064612e+04 1.068830e+04
15.9 1.064034e+04 1.062448e+04 1.064608e+04 1.066195e+04
16.9 1.063413e+04 1.063533e+04 1.064596e+04 1.064476e+04
17.9 1.065624e+04 1.063123e+04 1.064594e+04 1.067095e+04
0.2 1.068326e+04 1.065340e+04 1.064599e+04 1.067584e+04
1.2 1.069279e+04 1.067567e+04 1.064607e+04 1.066318e+04
2.2 1.066010e+04 1.064884e+04 1.064621e+04 1.065747e+04
3.2 1.059738e+04 1.063657e+04 1.064614e+04 1.060695e+04
4.2 1.061094e+04 1.066255e+04 1.064591e+04 1.059429e+04
5.2 1.065382e+04 1.066180e+04 1.064585e+04 1.063787e+04
6.2 1.066963e+04 1.064533e+04 1.064592e+04 1.067022e+04
7.2 1.066888e+04 1.064713e+04 1.064599e+04 1.066774e+04
8.2 1.067870e+04 1.064942e+04 1.064601e+04 1.067528e+04
9.2 1.067971e+04 1.066780e+04 1.064604e+04 1.065795e+04
10.2 1.068530e+04 1.064313e+04 1.064612e+04 1.068830e+04
11.2 1.064034e+04 1.062448e+04 1.064608e+04 1.066195e+04
12.2 1.063413e+04 1.063533e+04 1.064596e+04 1.064476e+04
13.2 1.065624e+04 1.063123e+04 1.064594e+04 1.067095e+04
14.2 1.064347e+04 1.064170e+04 1.064599e+04 1.064776e+04
15.2 1.067323e+04 1.065486e+04 1.064601e+04 1.066438e+04
16.2 1.068144e+04 1.064752e+04 1.064602e+04 1.067993e+04
17.2 1.067301e+04 1.065679e+04 1.064604e+04 1.066226e+04
0.1 1.059738e+04 1.063657e+04 1.064614e+04 1.060695e+04
1.1 1.061094e+04 1.066255e+04 1.064591e+04 1.059429e+04
2.1 1.065382e+04 1.066180e+04 1.064585e+04 1.063787e+04
3.1 1.066963e+04 1.064533e+04 1.064592e+04 1.067022e+04
4.1 1.066888e+04 1.064713e+04 1.064599e+04 1.066774e+04
5.1 1.067870e+04 1.064942e+04 1.064601e+04 1.067528e+04
6.1 1.067971e+04 1.066780e+04 1.064604e+04 1.065795e+04
7.1 1.068530e+04 1.064313e+04 1.064612e+04 1.068830e+04
8.1 1.064034e+04 1.062448e+04 1.064608e+04 1.066195e+04
9.1 1.063413e+04 1.063533e+04 1.064596e+04 1.064476e+04
10.1 1.065624e+04 1.063123e+04 1.064594e+04 1.067095e+04
11.1 1.064347e+04 1.064170e+04 1.064599e+04 1.064776e+04
12.1 1.067323e+04 1.065486e+04 1.064601e+04 1.066438e+04
13.1 1.068144e+04 1.064752e+04 1.064602e+04 1.067993e+04
14.1 1.067301e+04 1.065679e+04 1.064604e+04 1.066226e+04
15.1 1.067839e+04 1.064127e+04 1.064607e+04 1.068318e+04
16.1 1.066819e+04 1.062652e+04 1.064601e+04 1.068768e+04
17.1 1.066436e+04 1.062824e+04 1.064597e+04 1.068208e+04
0.8 1.067971e+04 1.066780e+04 1.064604e+04 1.065795e+04
1.8 1.068530e+04 1.064313e+04 1.064612e+04 1.068830e+04
2.8 1.064034e+04 1.062448e+04 1.064608e+04 1.066195e+04
3.8 1.063413e+04 1.063533e+04 1.064596e+04 1.064476e+04
4.8 1.065624e+04 1.063123e+04 1.064594e+04 1.067095e+04
5.8 1.064347e+04 1.064170e+04 1.064599e+04 1.064776e+04
6.8 1.067323e+04 1.065486e+04 1.064601e+04 1.066438e+04
7.8 1.068144e+04 1.064752e+04 1.064602e+04 1.067993e+04
8.8 1.067301e+04 1.065679e+04 1.064604e+04 1.066226e+04
9.8 1.067839e+04 1.064127e+04 1.064607e+04 1.068318e+04
10.8 1.066819e+04 1.062652e+04 1.064601e+04 1.068768e+04
11.8 1.066436e+04 1.062824e+04 1.064597e+04 1.068208e+04
12.8 1.065032e+04 1.063689e+04 1.064600e+04 1.065943e+04
13.8 1.066391e+04 1.064436e+04 1.064602e+04 1.066557e+04
14.8 1.064430e+04 1.065640e+04 1.064602e+04 1.063392e+04
15.8 1.062835e+04 1.066789e+04 1.064602e+04 1.060648e+04
16.8 1.060918e+04 1.065495e+04 1.064603e+04 1.060026e+04
17.8 1.060639e+04 1.063154e+04 1.064602e+04 1.062087e+04
0.7 1.064034e+04 1.062448e+04 1.064608e+04 1.066195e+04
1.7 1.063413e+04 1.063533e+04 1.064596e+04 1.064476e+04
2.7 1.065624e+04 1.063123e+04 1.064594e+04 1.067095e+04
3.7 1.064347e+04 1.064170e+04 1.064599e+04 1.064776e+04
4.7 1.067323e+04 1.065486e+04 1.064601e+04 1.066438e+04
5.7 1.068144e+04 1.064752e+04 1.064602e+04 1.067993e+04
6.7 1.067301e+04 1.065679e+04 1.064604e+04 1.066226e+04
7.7 1.067839e+04 1.064127e+04 1.064607e+04 1.068318e+04
8.7 1.066819e+04 1.062652e+04 1.064601e+04 1.068768e+04
9.7 1.066436e+04 1.062824e+04 1.064597e+04 1.068208e+04
10.7 1.065032e+04 1.063689e+04 1.064600e+04 1.065943e+04
11.7 1.066391e+04 1.064436e+04 1.064602e+04 1.066557e+04
12.7 1.064430e+04 1.065640e+04 1.064602e+04 1.063392e+04
13.7 1.062835e+04 1.066789e+04 1.064602e+04 1.060648e+04
14.7 1.060918e+04 1.065495e+04 1.064603e+04 1.060026e+04
15.7 1.060639e+04 1.063154e+04 1.064602e+04 1.062087e+04
16.7 1.061487e+04 1.063733e+04 1.064598e+04 1.062352e+04
17.7 1.063032e+04 1.063267e+04 1.064600e+04 1.064366e+04
0.1 1.068144e+04 1.064752e+04 1.064602e+04 1.067993e+04
1.1 1.067301e+04 1.065679e+04 1.064604e+04 1.066226e+04
2.1 1.067839e+04 1.064127e+04 1.064607e+04 1.068318e+04
3.1 1.066819e+04 1.062652e+04 1.064601e+04 1.068768e+04
4.1 1.066436e+04 1.062824e+04 1.064597e+04 1.068208e+04
5.1 1.065032e+04 1.063689e+04 1.064600e+04 1.065943e+04
6.1 1.066391e+04 1.064436e+04 1.064602e+04 1.066557e+04
7.1 1.064430e+04 1.065640e+04 1.064602e+04 1.063392e+04
8.1 1.062835e+04 1.066789e+04 1.064602e+04 1.060648e+04
9.1 1.060918e+04 1.065495e+04 1.064603e+04 1.060026e+04
10.1 1.060639e+04 1.063154e+04 1.064602e+04 1.062087e+04
11.1 1.061487e+04 1.063733e+04 1.064598e+04 1.062352e+04
12.1 1.063032e+04 1.063267e+04 1.064600e+04 1.064366e+04
13.1 1.065027e+04 1.064494e+04 1.064601e+04 1.065135e+04
14.1 1.064695e+04 1.065990e+04 1.064600e+04 1.063305e+04
15.1 1.064366e+04 1.063171e+04 1.064598e+04 1.065794e+04
16.1 1.063545e+04 1.061981e+04 1.064600e+04 1.066164e+04
17.1 1.063492e+04 1.061113e+04 1.064604e+04 1.066982e+04
0.2 1.067839e+04 1.064127e+04 1.064607e+04 1.068318e+04
1.2 1.066819e+04 1.062652e+04 1.064601e+04 1.068768e+04
2.2 1.066436e+04 1.062824e+04 1.064597e+04 1.068208e+04
3.2 1.065032e+04 1.063689e+04 1.064600e+04 1.065943e+04
4.2 1.066391e+04 1.064436e+04 1.064602e+04 1.066557e+04
5.2 1.064430e+04 1.065640e+04 1.064602e+04 1.063392e+04
6.2 1.062835e+04 1.066789e+04 1.064602e+04 1.060648e+04
7.2 1.060918e+04 1.065495e+04 1.064603e+04 1.060026e+04
8.2 1.060639e+04 1.063154e+04 1.064602e+04 1.062087e+04
9.2 1.061487e+04 1.063733e+04 1.064598e+04 1.062352e+04
10.2 1.063032e+04 1.063267e+04 1.064600e+04 1.064366e+04
11.2 1.065027e+04 1.064494e+04 1.064601e+04 1.065135e+04
12.2 1.064695e+04 1.065990e+04 1.064600e+04 1.063305e+04
13.2 1.064366e+04 1.063171e+04 1.064598e+04 1.065794e+04
14.2 1.063545e+04 1.061981e+04 1.064600e+04 1.066164e+04
15.2 1.063492e+04 1.061113e+04 1.064604e+04 1.066982e+04
16.2 1.064352e+04 1.062397e+04 1.064606e+04 1.066562e+04
17.2 1.065941e+04 1.064923e+04 1.064604e+04 1.065621e+04
0.7 1.062835e+04 1.066789e+04 1.064602e+04 1.060648e+04
1.7 1.060918e+04 1.065495e+04 1.064603e+04 1.060026e+04
2.7 1.060639e+04 1.063154e+04 1.064602e+04 1.062087e+04
3.7 1.061487e+04 1.063733e+04 1.064598e+04 1.062352e+04
4.7 1.063032e+04 1.063267e+04 1.064600e+04 1.064366e+04
5.7 1.065027e+04 1.064494e+04 1.064601e+04 1.065135e+04
6.7 1.064695e+04 1.065990e+04 1.064600e+04 1.063305e+04
7.7 1.064366e+04 1.063171e+04 1.064598e+04 1.065794e+04
8.7 1.063545e+04 1.061981e+04 1.064600e+04 1.066164e+04
9.7 1.063492e+04 1.061113e+04 1.064604e+04 1.066982e+04
10.7 1.064352e+04 1.062397e+04 1.064606e+04 1.066562e+04
11.7 1.065941e+04 1.064923e+04 1.064604e+04 1.065621e+04
12.7 1.067819e+04 1.065129e+04 1.064600e+04 1.067291e+04
13.7 1.067595e+04 1.060975e+04 1.064598e+04 1.071218e+04
14.7 1.065349e+04 1.059519e+04 1.064595e+04 1.070425e+04
15.7 1.066429e+04 1.061278e+04 1.064597e+04 1.069748e+04
16.7 1.067932e+04 1.065566e+04 1.064604e+04 1.066970e+04
17.7 1.067478e+04 1.069479e+04 1.064608e+04 1.062607e+04
0.8 1.060639e+04 1.063154e+04 1.064602e+04 1.062087e+04
1.8 1.061487e+04 1.063733e+04 1.064598e+04 1.062352e+04
2.8 1.063032e+04 1.063267e+04 1.064600e+04 1.064366e+04
3.8 1.065027e+04 1.064494e+04 1.064601e+04 1.065135e+04
4.8 1.064695e+04 1.065990e+04 1.064600e+04 1.063305e+04
5.8 1.064366e+04 1.063171e+04 1.064598e+04 1.065794e+04
6.8 1.063545e+04 1.061981e+04 1.064600e+04 1.066164e+04
7.8 1.063492e+04 1.061113e+04 1.064604e+04 1.066982e+04
8.8 1.064352e+04 1.062397e+04 1.064606e+04 1.066562e+04
9.8 1.065941e+04 1.064923e+04 1.064604e+04 1.065621e+04
10.8 1.067819e+04 1.065129e+04 1.064600e+04 1.067291e+04
11.8 1.067595e+04 1.060975e+04 1.064598e+04 1.071218e+04
12.8 1.065349e+04 1.059519e+04 1.064595e+04 1.070425e+04
13.8 1.066429e+04 1.061278e+04 1.064597e+04 1.069748e+04
14.8 1.067932e+04 1.065566e+04 1.064604e+04 1.066970e+04
15.8 1.067478e+04 1.069479e+04 1.064608e+04 1.062607e+04
16.8 1.067116e+04 1.068403e+04 1.064606e+04 1.063320e+04
17.8 1.067089e+04 1.066827e+04 1.064604e+04 1.064865e+04
0.4 1.065027e+04 1.064494e+04 1.064601e+04 1.065135e+04
1.4 1.064695e+04 1.065990e+04 1.064600e+04 1.063305e+04
2.4 1.064366e+04 1.063171e+04 1.064598e+04 1.065794e+04
3.4 1.063545e+04 1.061981e+04 1.064600e+04 1.066164e+04
4.4 1.063492e+04 1.061113e+04 1.064604e+04 1.066982e+04
5.4 1.064352e+04 1.062397e+04 1.064606e+04 1.066562e+04
6.4 1.065941e+04 1.064923e+04 1.064604e+04 1.065621e+04
7.4 1.067819e+04 1.065129e+04 1.064600e+04 1.067291e+04
8.4 1.067595e+04 1.060975e+04 1.064598e+04 1.071218e+04
9.4 1.065349e+04 1.059519e+04 1.064595e+04 1.070425e+04
10.4 1.066429e+04 1.061278e+04 1.064597e+04 1.069748e+04
11.4 1.067932e+04 1.065566e+04 1.064604e+04 1.066970e+04
12.4 1.067478e+04 1.069479e+04 1.064608e+04 1.062607e+04
13.4 1.067116e+04 1.068403e+04 1.064606e+04 1.063320e+04
14.4 1.067089e+04 1.066827e+04 1.064604e+04 1.064865e+04
15.4 1.067890e+04 1.065832e+04 1.064601e+04 1.066659e+04
16.4 1.066647e+04 1.066046e+04 1.064598e+04 1.065199e+04
17.4 1.066758e+04 1.063383e+04 1.064601e+04 1.067976e+04
0.8 1.064366e+04 1.063171e+04 1.064598e+04 1.065794e+04
1.8 1.063545e+04 1.061981e+04 1.064600e+04 1.066164e+04
2.8 1.063492e+04 1.061113e+04 1.064604e+04 1.066982e+04
3.8 1.064352e+04 1.062397e+04 1.064606e+04 1.066562e+04
4.8 1.065941e+04 1.064923e+04 1.064604e+04 1.065621e+04
5.8 1.067819e+04 1.065129e+04 1.064600e+04 1.067291e+04
6.8 1.067595e+04 1.060975e+04 1.064598e+04 1.071218e+04
7.8 1.065349e+04 1.059519e+04 1.064595e+04 1.070425e+04
8.8 1.066429e+04 1.061278e+04 1.064597e+04 1.069748e+04
9.8 1.067932e+04 1.065566e+04 1.064604e+04 1.066970e+04
10.8 1.067478e+04 1.069479e+04 1.064608e+04 1.062607e+04
11.8 1.067116e+04 1.068403e+04 1.064606e+04 1.063320e+04
12.8 1.067089e+04 1.066827e+04 1.064604e+04 1.064865e+04
13.8 1.067890e+04 1.065832e+04 1.064601e+04 1.066659e+04
14.8 1.066647e+04 1.066046e+04 1.064598e+04 1.065199e+04
15.8 1.066758e+04 1.063383e+04 1.064601e+04 1.067976e+04
16.8 1.063841e+04 1.061589e+04 1.064605e+04 1.066857e+04
17.8 1.062469e+04 1.062676e+04 1.064603e+04 1.064396e+04
0.4 1.065941e+04 1.064923e+04 1.064604e+04 1.065621e+04
1.4 1.067819e+04 1.065129e+04 1.064600e+04 1.067291e+04
2.4 1.067595e+04 1.060975e+04 1.064598e+04 1.071218e+04
3.4 1.065349e+04 1.059519e+04 1.064595e+04 1.070425e+04
4.4 1.066429e+04 1.061278e+04 1.064597e+04 1.069748e+04
5.4 1.067932e+04 1.065566e+04 1.064604e+04 1.066970e+04
6.4 1.067478e+04 1.069479e+04 1.064608e+04 1.062607e+04
7.4 1.067116e+04 1.068403e+04 1.064606e+04 1.063320e+04
8.4 1.067089e+04 1.066827e+04 1.064604e+04 1.064865e+04
9.4 1.067890e+04 1.065832e+04 1.064601e+04 1.066659e+04
10.4 1.066647e+04 1.066046e+04 1.064598e+04 1.065199e+04
11.4 1.066758e+04 1.063383e+04 1.064601e+04 1.067976e+04
12.4 1.063841e+04 1.061589e+04 1.064605e+04 1.066857e+04
13.4 1.062469e+04 1.062676e+04 1.064603e+04 1.064396e+04
14.4 1.066179e+04 1.064642e+04 1.064601e+04 1.066137e+04
15.4 1.064790e+04 1.066071e+04 1.064601e+04 1.063320e+04
16.4 1.062345e+04 1.063809e+04 1.064606e+04 1.063141e+04
17.4 1.061842e+04 1.059353e+04 1.064604e+04 1.067093e+04
0.7 1.067595e+04 1.060975e+04 1.064598e+04 1.071218e+04
1.7 1.065349e+04 1.059519e+04 1.064595e+04 1.070425e+04
2.7 1.066429e+04 1.061278e+04 1.064597e+04 1.069748e+04
3.7 1.067932e+04 1.065566e+04 1.064604e+04 1.066970e+04
4.7 1.067478e+04 1.069479e+04 1.064608e+04 1.062607e+04
5.7 1.067116e+04 1.068403e+04 1.064606e+04 1.063320e+04
6.7 1.067089e+04 1.066827e+04 1.064604e+04 1.064865e+04
7.7 1.067890e+04 1.065832e+04 1.064601e+04 1.066659e+04
8.7 1.066647e+04 1.066046e+04 1.064598e+04 1.065199e+04
9.7 1.066758e+04 1.063383e+04 1.064601e+04 1.067976e+04
10.7 1.063841e+04 1.061589e+04 1.064605e+04 1.066857e+04
11.7 1.062469e+04 1.062676e+04 1.064603e+04 1.064396e+04
12.7 1.066179e+04 1.064642e+04 1.064601e+04 1.066137e+04
13.7 1.064790e+04 1.066071e+04 1.064601e+04 1.063320e+04
14.7 1.062345e+04 1.063809e+04 1.064606e+04 1.063141e+04
15.7 1.061842e+04 1.059353e+04 1.064604e+04 1.067093e+04
16.7 1.065017e+04 1.060822e+04 1.064593e+04 1.068789e+04
17.7 1.067433e+04 1.063293e+04 1.064590e+04 1.068730e+04
0.8 1.065349e+04 1.059519e+04 1.064595e+04 1.070425e+04
1.8 1.066429e+04 1.061278e+04 1.064597e+04 1.069748e+04
2.8 1.067932e+04 1.065566e+04 1.064604e+04 1.066970e+04
3.8 1.067478e+04 1.069479e+04 1.064608e+04 1.062607e+04
4.8 1.067116e+04 1.068403e+04 1.064606e+04 1.063320e+04
5.8 1.067089e+04 1.066827e+04 1.064604e+04 1.064865e+04
6.8 1.067890e+04 1.065832e+04 1.064601e+04 1.066659e+04
7.8 1.066647e+04 1.066046e+04 1.064598e+04 1.065199e+04
8.8 1.066758e+04 1.063383e+04 1.064601e+04 1.067976e+04
9.8 1.063841e+04 1.061589e+04 1.064605e+04 1.066857e+04
10.8 1.062469e+04 1.062676e+04 1.064603e+04 1.064396e+04
11.8 1.066179e+04 1.064642e+04 1.064601e+04 1.066137e+04
12.8 1.064790e+04 1.066071e+04 1.064601e+04 1.063320e+04
13.8 1.062345e+04 1.063809e+04 1.064606e+04 1.063141e+04
14.8 1.061842e+04 1.059353e+04 1.064604e+04 1.067093e+04
15.8 1.065017e+04 1.060822e+04 1.064593e+04 1.068789e+04
16.8 1.067433e+04 1.063293e+04 1.064590e+04 1.068730e+04
17.8 1.066091e+04 1.064707e+04 1.064598e+04 1.065982e+04
0.6 1.067890e+04 1.065832e+04 1.064601e+04 1.066659e+04
1.6 1.066647e+04 1.066046e+04 1.064598e+04 1.065199e+04
2.6 1.066758e+04 1.063383e+04 1.064601e+04 1.067976e+04
3.6 1.063841e+04 1.061589e+04 1.064605e+04 1.066857e+04
4.6 1.062469e+04 1.062676e+04 1.064603e+04 1.064396e+04
5.6 1.066179e+04 1.064642e+04 1.064601e+04 1.066137e+04
6.6 1.064790e+04 1.066071e+04 1.064601e+04 1.063320e+04
7.6 1.062345e+04 1.063809e+04 1.064606e+04 1.063141e+04
8.6 1.061842e+04 1.059353e+04 1.064604e+04 1.067093e+04
9.6 1.065017e+04 1.060822e+04 1.064593e+04 1.068789e+04
10.6 1.067433e+04 1.063293e+04 1.064590e+04 1.068730e+04
11.6 1.066091e+04 1.064707e+04 1.064598e+04 1.065982e+04
12.6 1.066599e+04 1.066092e+04 1.064605e+04 1.065112e+04
13.6 1.064724e+04 1.067873e+04 1.064606e+04 1.061457e+04
14.6 1.061914e+04 1.067698e+04 1.064604e+04 1.058821e+04
15.6 1.063886e+04 1.065703e+04 1.064603e+04 1.062786e+04
16.6 1.058877e+04 1.061720e+04 1.064602e+04 1.061758e+04
17.6 1.069805e+04 1.065824e+04 1.064601e+04 1.068582e+04
0.3 1.066647e+04 1.066046e+04 1.064598e+04 1.065199e+04
1.3 1.066758e+04 1.063383e+04 1.064601e+04 1.067976e+04
2.3 1.063841e+04 1.061589e+04 1.064605e+04 1.066857e+04
3.3 1.062469e+04 1.062676e+04 1.064603e+04 1.064396e+04
4.3 1.066179e+04 1.064642e+04 1.064601e+04 1.066137e+04
5.3 1.064790e+04 1.066071e+04 1.064601e+04 1.063320e+04
6.3 1.062345e+04 1.063809e+04 1.064606e+04 1.063141e+04
7.3 1.061842e+04 1.059353e+04 1.064604e+04 1.067093e+04
8.3 1.065017e+04 1.060822e+04 1.064593e+04 1.068789e+04
9.3 1.067433e+04 1.063293e+04 1.064590e+04 1.068730e+04
10.3 1.066091e+04 1.064707e+04 1.064598e+04 1.065982e+04
11.3 1.066599e+04 1.066092e+04 1.064605e+04 1.065112e+04
12.3 1.064724e+04 1.067873e+04 1.064606e+04 1.061457e+04
13.3 1.061914e+04 1.067698e+04 1.064604e+04 1.058821e+04
14.3 1.063886e+04 1.065703e+04 1.064603e+04 1.062786e+04
15.3 1.058877e+04 1.061720e+04 1.064602e+04 1.061758e+04
16.3 1.069805e+04 1.065824e+04 1.064601e+04 1.068582e+04
17.3 1.061464e+04 1.064121e+04 1.064601e+04 1.061944e+04
0.7 1.064790e+04 1.066071e+04 1.064601e+04 1.063320e+04
1.7 1.062345e+04 1.063809e+04 1.064606e+04 1.063141e+04
2.7 1.061842e+04 1.059353e+04 1.064604e+04 1.067093e+04
3.7 1.065017e+04 1.060822e+04 1.064593e+04 1.068789e+04
4.7 1.067433e+04 1.063293e+04 1.064590e+04 1.068730e+04
5.7 1.066091e+04 1.064707e+04 1.064598e+04 1.065982e+04
6.7 1.066599e+04 1.066092e+04 1.064605e+04 1.065112e+04
7.7 1.064724e+04 1.067873e+04 1.064606e+04 1.061457e+04
8.7 1.061914e+04 1.067698e+04 1.064604e+04 1.058821e+04
9.7 1.063886e+04 1.065703e+04 1.064603e+04 1.062786e+04
10.7 1.058877e+04 1.061720e+04 1.064602e+04 1.061758e+04
11.7 1.069805e+04 1.065824e+04 1.064601e+04 1.068582e+04
12.7 1.061464e+04 1.064121e+04 1.064601e+04 1.061944e+04
13.7 1.061126e+04 1.063922e+04 1.064601e+04 1.061805e+04
14.7 1.063990e+04 1.066095e+04 1.064602e+04 1.062496e+04
15.7 1.063715e+04 1.066181e+04 1.064607e+04 1.062141e+04
16.7 1.062280e+04 1.064929e+04 1.064614e+04 1.061965e+04
17.7 1.062769e+04 1.066212e+04 1.064617e+04 1.061174e+04
0.4 1.061842e+04 1.059353e+04 1.064604e+04 1.067093e+04
1.4 1.065017e+04 1.060822e+04 1.064593e+04 1.068789e+04
2.4 1.067433e+04 1.063293e+04 1.064590e+04 1.068730e+04
3.4 1.066091e+04 1.064707e+04 1.064598e+04 1.065982e+04
4.4 1.066599e+04 1.066092e+04 1.064605e+04 1.065112e+04
5.4 1.064724e+04 1.067873e+04 1.064606e+04 1.061457e+04
6.4 1.061914e+04 1.067698e+04 1.064604e+04 1.058821e+04
7.4 1.063886e+04 1.065703e+04 1.064603e+04 1.062786e+04
8.4 1.058877e+04 1.061720e+04 1.064602e+04 1.061758e+04
9.4 1.069805e+04 1.065824e+04 1.064601e+04 1.068582e+04
10.4 1.061464e+04 1.064121e+04 1.064601e+04 1.061944e+04
11.4 1.061126e+04 1.063922e+04 1.064601e+04 1.061805e+04
12.4 1.063990e+04 1.066095e+04 1.064602e+04 1.062496e+04
13.4 1.063715e+04 1.066181e+04 1.064607e+04 1.062141e+04
14.4 1.062280e+04 1.064929e+04 1.064614e+04 1.061965e+04
15.4 1.062769e+04 1.066212e+04 1.064617e+04 1.061174e+04
16.4 1.063751e+04 1.065058e+04 1.064605e+04 1.063299e+04
17.4 1.064532e+04 1.068050e+04 1.064588e+04 1.061070e+04
0.4 1.065017e+04 1.060822e+04 1.064593e+04 1.068789e+04
1.4 1.067433e+04 1.063293e+04 1.064590e+04 1.068730e+04
2.4 1.066091e+04 1.064707e+04 1.064598e+04 1.065982e+04
3.4 1.066599e+04 1.066092e+04 1.064605e+04 1.065112e+04
4.4 1.064724e+04 1.067873e+04 1.064606e+04 1.061457e+04
5.4 1.061914e+04 1.067698e+04 1.064604e+04 1.058821e+04
6.4 1.063886e+04 1.065703e+04 1.064603e+04 1.062786e+04
7.4 1.058877e+04 1.061720e+04 1.064602e+04 1.061758e+04
8.4 1.069805e+04 1.065824e+04 1.064601e+04 1.068582e+04
9.4 1.061464e+04 1.064121e+04 1.064601e+04 1.061944e+04
10.4 1.061126e+04 1.063922e+04 1.064601e+04 1.061805e+04
11.4 1.063990e+04 1.066095e+04 1.064602e+04 1.062496e+04
12.4 1.063715e+04 1.066181e+04 1.064607e+04 1.062141e+04
13.4 1.062280e+04 1.064929e+04 1.064614e+04 1.061965e+04
14.4 1.062769e+04 1.066212e+04 1.064617e+04 1.061174e+04
15.4 1.063751e+04 1.065058e+04 1.064605e+04 1.063299e+04
16.4 1.064532e+04 1.068050e+04 1.064588e+04 1.061070e+04
17.4 1.068832e+04 1.066071e+04 1.064586e+04 1.067347e+04
0.6 1.063990e+04 1.066095e+04 1.064602e+04 1.062496e+04
1.6 1.063715e+04 1.066181e+04 1.064607e+04 1.062141e+04
2.6 1.062280e+04 1.064929e+04 1.064614e+04 1.061965e+04
3.6 1.062769e+04 1.066212e+04 1.064617e+04 1.061174e+04
4.6 1.063751e+04 1.065058e+04 1.064605e+04 1.063299e+04
5.6 1.064532e+04 1.068050e+04 1.064588e+04 1.061070e+04
6.6 1.068832e+04 1.066071e+04 1.064586e+04 1.067347e+04
7.6 1.066357e+04 1.065375e+04 1.064592e+04 1.065574e+04
8.6 1.068052e+04 1.066719e+04 1.064596e+04 1.065928e+04
9.6 1.065196e+04 1.063795e+04 1.064596e+04 1.065997e+04
10.6 1.056135e+04 1.059164e+04 1.064596e+04 1.061568e+04
11.6 1.054878e+04 1.059707e+04 1.064598e+04 1.059769e+04
12.6 1.055256e+04 1.061009e+04 1.064603e+04 1.058850e+04
13.6 1.058482e+04 1.062350e+04 1.064608e+04 1.060740e+04
14.6 1.064629e+04 1.066221e+04 1.064608e+04 1.063016e+04
15.6 1.066943e+04 1.067831e+04 1.064605e+04 1.063717e+04
16.6 1.066870e+04 1.068721e+04 1.064606e+04 1.062755e+04
17.6 1.065605e+04 1.064326e+04 1.064607e+04 1.065885e+04
0.2 1.063715e+04 1.066181e+04 1.064607e+04 1.062141e+04
1.2 1.062280e+04 1.064929e+04 1.064614e+04 1.061965e+04
2.2 1.062769e+04 1.066212e+04 1.064617e+04 1.061174e+04
3.2 1.063751e+04 1.065058e+04 1.064605e+04 1.063299e+04
4.2 1.064532e+04 1.068050e+04 1.064588e+04 1.061070e+04
5.2 1.068832e+04 1.066071e+04 1.064586e+04 1.067347e+04
6.2 1.066357e+04 1.065375e+04 1.064592e+04 1.065574e+04
7.2 1.068052e+04 1.066719e+04 1.064596e+04 1.065928e+04
8.2 1.065196e+04 1.063795e+04 1.064596e+04 1.065997e+04
9.2 1.056135e+04 1.059164e+04 1.064596e+04 1.061568e+04
10.2 1.054878e+04 1.059707e+04 1.064598e+04 1.059769e+04
11.2 1.055256e+04 1.061009e+04 1.064603e+04 1.058850e+04
12.2 1.058482e+04 1.062350e+04 1.064608e+04 1.060740e+04
13.2 1.064629e+04 1.066221e+04 1.064608e+04 1.063016e+04
14.2 1.066943e+04 1.067831e+04 1.064605e+04 1.063717e+04
15.2 1.066870e+04 1.068721e+04 1.064606e+04 1.062755e+04
16.2 1.065605e+04 1.064326e+04 1.064607e+04 1.065885e+04
17.2 1.064269e+04 1.061477e+04 1.064598e+04 1.067390e+04
0.6 1.068052e+04 1.066719e+04 1.064596e+04 1.065928e+04
1.6 1.065196e+04 1.063795e+04 1.064596e+04 1.065997e+04
2.6 1.056135e+04 1.059164e+04 1.064596e+04 1.061568e+04
3.6 1.054878e+04 1.059707e+04 1.064598e+04 1.059769e+04
4.6 1.055256e+04 1.061009e+04 1.064603e+04 1.058850e+04
5.6 1.058482e+04 1.062350e+04 1.064608e+04 1.060740e+04
6.6 1.064629e+04 1.066221e+04 1.064608e+04 1.063016e+04
7.6 1.066943e+04 1.067831e+04 1.064605e+04 1.063717e+04
8.6 1.066870e+04 1.068721e+04 1.064606e+04 1.062755e+04
9.6 1.065605e+04 1.064326e+04 1.064607e+04 1.065885e+04
10.6 1.064269e+04 1.061477e+04 1.064598e+04 1.067390e+04
11.6 1.062192e+04 1.061186e+04 1.064595e+04 1.065601e+04
12.6 1.064791e+04 1.064537e+04 1.064601e+04 1.064854e+04
13.6 1.065262e+04 1.064821e+04 1.064603e+04 1.065044e+04
14.6 1.065007e+04 1.066360e+04 1.064601e+04 1.063248e+04
15.6 1.065378e+04 1.067518e+04 1.064601e+04 1.062461e+04
16.6 1.066808e+04 1.067398e+04 1.064601e+04 1.064011e+04
17.6 1.067955e+04 1.066660e+04 1.064601e+04 1.065896e+04
0.3 1.065196e+04 1.063795e+04 1.064596e+04 1.065997e+04
1.3 1.056135e+04 1.059164e+04 1.064596e+04 1.061568e+04
2.3 1.054878e+04 1.059707e+04 1.064598e+04 1.059769e+04
3.3 1.055256e+04 1.061009e+04 1.064603e+04 1.058850e+04
4.3 1.058482e+04 1.062350e+04 1.064608e+04 1.060740e+04
5.3 1.064629e+04 1.066221e+04 1.064608e+04 1.063016e+04
6.3 1.066943e+04 1.067831e+04 1.064605e+04 1.063717e+04
7.3 1.066870e+04 1.068721e+04 1.064606e+04 1.062755e+04
8.3 1.065605e+04 1.064326e+04 1.064607e+04 1.065885e+04
9.3 1.064269e+04 1.061477e+04 1.064598e+04 1.067390e+04
10.3 1.062192e+04 1.061186e+04 1.064595e+04 1.065601e+04
11.3 1.064791e+04 1.064537e+04 1.064601e+04 1.064854e+04
12.3 1.065262e+04 1.064821e+04 1.064603e+04 1.065044e+04
13.3 1.065007e+04 1.066360e+04 1.064601e+04 1.063248e+04
14.3 1.065378e+04 1.067518e+04 1.064601e+04 1.062461e+04
15.3 1.066808e+04 1.067398e+04 1.064601e+04 1.064011e+04
16.3 1.067955e+04 1.066660e+04 1.064601e+04 1.065896e+04
17.3 1.064638e+04 1.067017e+04 1.064601e+04 1.062223e+04
0.3 1.056135e+04 1.059164e+04 1.064596e+04 1.061568e+04
1.3 1.054878e+04 1.059707e+04 1.064598e+04 1.059769e+04
2.3 1.055256e+04 1.061009e+04 1.064603e+04 1.058850e+04
3.3 1.058482e+04 1.062350e+04 1.064608e+04 1.060740e+04
4.3 1.064629e+04 1.066221e+04 1.064608e+04 1.063016e+04
5.3 1.066943e+04 1.067831e+04 1.064605e+04 1.063717e+04
6.3 1.066870e+04 1.068721e+04 1.064606e+04 1.062755e+04
7.3 1.065605e+04 1.064326e+04 1.064607e+04 1.065885e+04
8.3 1.064269e+04 1.061477e+04 1.064598e+04 1.067390e+04
9.3 1.062192e+04 1.061186e+04 1.064595e+04 1.065601e+04
10.3 1.064791e+04 1.064537e+04 1.064601e+04 1.064854e+04
11.3 1.065262e+04 1.064821e+04 1.064603e+04 1.065044e+04
12.3 1.065007e+04 1.066360e+04 1.064601e+04 1.063248e+04
13.3 1.065378e+04 1.067518e+04 1.064601e+04 1.062461e+04
14.3 1.066808e+04 1.067398e+04 1.064601e+04 1.064011e+04
15.3 1.067955e+04 1.066660e+04 1.064601e+04 1.065896e+04
16.3 1.064638e+04 1.067017e+04 1.064601e+04 1.062223e+04
17.3 1.067865e+04 1.066635e+04 1.064601e+04 1.065831e+04
0.1 1.066943e+04 1.067831e+04 1.064605e+04 1.063717e+04
1.1 1.066870e+04 1.068721e+04 1.064606e+04 1.062755e+04
2.1 1.065605e+04 1.064326e+04 1.064607e+04 1.065885e+04
3.1 1.064269e+04 1.061477e+04 1.064598e+04 1.067390e+04
4.1 1.062192e+04 1.061186e+04 1.064595e+04 1.065601e+04
5.1 1.064791e+04 1.064537e+04 1.064601e+04 1.064854e+04
6.1 1.065262e+04 1.064821e+04 1.064603e+04 1.065044e+04
7.1 1.065007e+04 1.066360e+04 1.064601e+04 1.063248e+04
8.1 1.065378e+04 1.067518e+04 1.064601e+04 1.062461e+04
9.1 1.066808e+04 1.067398e+04 1.064601e+04 1.064011e+04
10.1 1.067955e+04 1.066660e+04 1.064601e+04 1.065896e+04
11.1 1.064638e+04 1.067017e+04 1.064601e+04 1.062223e+04
12.1 1.067865e+04 1.066635e+04 1.064601e+04 1.065831e+04
13.1 1.065001e+04 1.064078e+04 1.064601e+04 1.065524e+04
14.1 1.063644e+04 1.064219e+04 1.064601e+04 1.064026e+04
15.1 1.064608e+04 1.064016e+04 1.064601e+04 1.065193e+04
16.1 1.062106e+04 1.064012e+04 1.064601e+04 1.062695e+04
17.1 1.062013e+04 1.064693e+04 1.064601e+04 1.061921e+04
0.7 1.065605e+04 1.064326e+04 1.064607e+04 1.065885e+04
1.7 1.064269e+04 1.061477e+04 1.064598e+04 1.067390e+04
2.7 1.062192e+04 1.061186e+04 1.064595e+04 1.065601e+04
3.7 1.064791e+04 1.064537e+04 1.064601e+04 1.064854e+04
4.7 1.065262e+04 1.064821e+04 1.064603e+04 1.065044e+04
5.7 1.065007e+04 1.066360e+04 1.064601e+04 1.063248e+04
6.7 1.065378e+04 1.067518e+04 1.064601e+04 1.062461e+04
7.7 1.066808e+04 1.067398e+04 1.064601e+04 1.064011e+04
8.7 1.067955e+04 1.066660e+04 1.064601e+04 1.065896e+04
9.7 1.064638e+04 1.067017e+04 1.064601e+04 1.062223e+04
10.7 1.067865e+04 1.066635e+04 1.064601e+04 1.065831e+04
11.7 1.065001e+04 1.064078e+04 1.064601e+04 1.065524e+04
12.7 1.063644e+04 1.064219e+04 1.064601e+04 1.064026e+04
13.7 1.064608e+04 1.064016e+04 1.064601e+04 1.065193e+04
14.7 1.062106e+04 1.064012e+04 1.064601e+04 1.062695e+04
15.7 1.062013e+04 1.064693e+04 1.064601e+04 1.061921e+04
16.7 1.062013e+04 1.063560e+04 1.064601e+04 1.063054e+04
17.7 1.062570e+04 1.064209e+04 1.064601e+04 1.062962e+04
1.0 1.062192e+04 1.061186e+04 1.064595e+04 1.065601e+04
2.0 1.064791e+04 1.064537e+04 1.064601e+04 1.064854e+04
3.0 1.065262e+04 1.064821e+04 1.064603e+04 1.065044e+04
4.0 1.065007e+04 1.066360e+04 1.064601e+04 1.063248e+04
5.0 1.065378e+04 1.067518e+04 1.064601e+04 1.062461e+04
6.0 1.066808e+04 1.067398e+04 1.064601e+04 1.064011e+04
7.0 1.067955e+04 1.066660e+04 1.064601e+04 1.065896e+04
8.0 1.064638e+04 1.067017e+04 1.064601e+04 1.062223e+04
9.0 1.067865e+04 1.066635e+04 1.064601e+04 1.065831e+04
10.0 1.065001e+04 1.064078e+04 1.064601e+04 1.065524e+04
11.0 1.063644e+04 1.064219e+04 1.064601e+04 1.064026e+04
12.0 1.064608e+04 1.064016e+04 1.064601e+04 1.065193e+04
13.0 1.062106e+04 1.064012e+04 1.064601e+04 1.062695e+04
14.0 1.062013e+04 1.064693e+04 1.064601e+04 1.061921e+04
15.0 1.062013e+04 1.063560e+04 1.064601e+04 1.063054e+04
16.0 1.062570e+04 1.064209e+04 1.064601e+04 1.062962e+04
17.0 1.065343e+04 1.064255e+04 1.064601e+04 1.065690e+04
18.0 1.066315e+04 1.062129e+04 1.064601e+04 1.068787e+04
1.0 1.066669e+04 1.068481e+04 1.064604e+04 1.062791e+04
2.0 1.070288e+04 1.067460e+04 1.064611e+04 1.067439e+04
3.0 1.070062e+04 1.066616e+04 1.064604e+04 1.068051e+04
4.0 1.067286e+04 1.067082e+04 1.064590e+04 1.064794e+04
5.0 1.067051e+04 1.068237e+04 1.064592e+04 1.063406e+04
6.0 1.066401e+04 1.068674e+04 1.064599e+04 1.062327e+04
7.0 1.065575e+04 1.067221e+04 1.064602e+04 1.062956e+04
8.0 1.063945e+04 1.061792e+04 1.064604e+04 1.066758e+04
9.0 1.063722e+04 1.061651e+04 1.064609e+04 1.066680e+04
10.0 1.065136e+04 1.064581e+04 1.064609e+04 1.065163e+04
11.0 1.068315e+04 1.070033e+04 1.064606e+04 1.062889e+04
12.0 1.068873e+04 1.070992e+04 1.064602e+04 1.062483e+04
13.0 1.068815e+04 1.070313e+04 1.064595e+04 1.063097e+04
14.0 1.071730e+04 1.070279e+04 1.064594e+04 1.066045e+04
15.0 1.050132e+04 1.055720e+04 1.064597e+04 1.059009e+04
16.0 1.067540e+04 1.062245e+04 1.064600e+04 1.069895e+04
17.0 1.070052e+04 1.065064e+04 1.064601e+04 1.069588e+04
18.0 1.065620e+04 1.065918e+04 1.064602e+04 1.064304e+04
0.7 1.070062e+04 1.066616e+04 1.064604e+04 1.068051e+04
1.7 1.067286e+04 1.067082e+04 1.064590e+04 1.064794e+04
2.7 1.067051e+04 1.068237e+04 1.064592e+04 1.063406e+04
3.7 1.066401e+04 1.068674e+04 1.064599e+04 1.062327e+04
4.7 1.065575e+04 1.067221e+04 1.064602e+04 1.062956e+04
5.7 1.063945e+04 1.061792e+04 1.064604e+04 1.066758e+04
6.7 1.063722e+04 1.061651e+04 1.064609e+04 1.066680e+04
7.7 1.065136e+04 1.064581e+04 1.064609e+04 1.065163e+04
8.7 1.068315e+04 1.070033e+04 1.064606e+04 1.062889e+04
9.7 1.068873e+04 1.070992e+04 1.064602e+04 1.062483e+04
10.7 1.068815e+04 1.070313e+04 1.064595e+04 1.063097e+04
11.7 1.071730e+04 1.070279e+04 1.064594e+04 1.066045e+04
12.7 1.050132e+04 1.055720e+04 1.064597e+04 1.059009e+04
13.7 1.067540e+04 1.062245e+04 1.064600e+04 1.069895e+04
14.7 1.070052e+04 1.065064e+04 1.064601e+04 1.069588e+04
15.7 1.065620e+04 1.065918e+04 1.064602e+04 1.064304e+04
16.7 1.059640e+04 1.062957e+04 1.064602e+04 1.061285e+04
17.7 1.057588e+04 1.063209e+04 1.064602e+04 1.058981e+04
0.6 1.066401e+04 1.068674e+04 1.064599e+04 1.062327e+04
1.6 1.065575e+04 1.067221e+04 1.064602e+04 1.062956e+04
2.6 1.063945e+04 1.061792e+04 1.064604e+04 1.066758e+04
3.6 1.063722e+04 1.061651e+04 1.064609e+04 1.066680e+04
4.6 1.065136e+04 1.064581e+04 1.064609e+04 1.065163e+04
5.6 1.068315e+04 1.070033e+04 1.064606e+04 1.062889e+04
6.6 1.068873e+04 1.070992e+04 1.064602e+04 1.062483e+04
7.6 1.068815e+04 1.070313e+04 1.064595e+04 1.063097e+04
8.6 1.071730e+04 1.070279e+04 1.064594e+04 1.066045e+04
9.6 1.050132e+04 1.055720e+04 1.064597e+04 1.059009e+04
10.6 1.067540e+04 1.062245e+04 1.064600e+04 1.069895e+04
11.6 1.070052e+04 1.065064e+04 1.064601e+04 1.069588e+04
12.6 1.065620e+04 1.065918e+04 1.064602e+04 1.064304e+04
13.6 1.059640e+04 1.062957e+04 1.064602e+04 1.061285e+04
14.6 1.057588e+04 1.063209e+04 1.064602e+04 1.058981e+04
15.6 1.063430e+04 1.063561e+04 1.064602e+04 1.064471e+04
16.6 1.065074e+04 1.064274e+04 1.064602e+04 1.065401e+04
17.6 1.065764e+04 1.064037e+04 1.064601e+04 1.066328e+04
0.8 1.063945e+04 1.061792e+04 1.064604e+04 1.066758e+04
1.8 1.063722e+04 1.061651e+04 1.064609e+04 1.066680e+04
2.8 1.065136e+04 1.064581e+04 1.064609e+04 1.065163e+04
3.8 1.068315e+04 1.070033e+04 1.064606e+04 1.062889e+04
4.8 1.068873e+04 1.070992e+04 1.064602e+04 1.062483e+04
5.8 1.068815e+04 1.070313e+04 1.064595e+04 1.063097e+04
6.8 1.071730e+04 1.070279e+04 1.064594e+04 1.066045e+04
7.8 1.050132e+04 1.055720e+04 1.064597e+04 1.059009e+04
8.8 1.067540e+04 1.062245e+04 1.064600e+04 1.069895e+04
9.8 1.070052e+04 1.065064e+04 1.064601e+04 1.069588e+04
10.8 1.065620e+04 1.065918e+04 1.064602e+04 1.064304e+04
11.8 1.059640e+04 1.062957e+04 1.064602e+04 1.061285e+04
12.8 1.057588e+04 1.063209e+04 1.064602e+04 1.058981e+04
13.8 1.063430e+04 1.063561e+04 1.064602e+04 1.064471e+04
14.8 1.065074e+04 1.064274e+04 1.064602e+04 1.065401e+04
15.8 1.065764e+04 1.064037e+04 1.064601e+04 1.066328e+04
16.8 1.063950e+04 1.062760e+04 1.064601e+04 1.065792e+04
17.8 1.062198e+04 1.064283e+04 1.064601e+04 1.062517e+04
1.0 1.065136e+04 1.064581e+04 1.064609e+04 1.065163e+04
2.0 1.068315e+04 1.070033e+04 1.064606e+04 1.062889e+04
3.0 1.068873e+04 1.070992e+04 1.064602e+04 1.062483e+04
4.0 1.068815e+04 1.070313e+04 1.064595e+04 1.063097e+04
5.0 1.071730e+04 1.070279e+04 1.064594e+04 1.066045e+04
6.0 1.050132e+04 1.055720e+04 1.064597e+04 1.059009e+04
7.0 1.067540e+04 1.062245e+04 1.064600e+04 1.069895e+04
8.0 1.070052e+04 1.065064e+04 1.064601e+04 1.069588e+04
9.0 1.065620e+04 1.065918e+04 1.064602e+04 1.064304e+04
10.0 1.059640e+04 1.062957e+04 1.064602e+04 1.061285e+04
11.0 1.057588e+04 1.063209e+04 1.064602e+04 1.058981e+04
12.0 1.063430e+04 1.063561e+04 1.064602e+04 1.064471e+04
13.0 1.065074e+04 1.064274e+04 1.064602e+04 1.065401e+04
14.0 1.065764e+04 1.064037e+04 1.064601e+04 1.066328e+04
15.0 1.063950e+04 1.062760e+04 1.064601e+04 1.065792e+04
16.0 1.062198e+04 1.064283e+04 1.064601e+04 1.062517e+04
17.0 1.058795e+04 1.062018e+04 1.064601e+04 1.061379e+04
18.0 1.064735e+04 1.062393e+04 1.064601e+04 1.066944e+04
1.0 1.067896e+04 1.066928e+04 1.064604e+04 1.065573e+04
2.0 1.066959e+04 1.064989e+04 1.064613e+04 1.066583e+04
3.0 1.064691e+04 1.063313e+04 1.064608e+04 1.065986e+04
4.0 1.062968e+04 1.064625e+04 1.064592e+04 1.062935e+04
5.0 1.064253e+04 1.065125e+04 1.064591e+04 1.063719e+04
6.0 1.066442e+04 1.066315e+04 1.064598e+04 1.064724e+04
7.0 1.067787e+04 1.068550e+04 1.064601e+04 1.063839e+04
8.0 1.069385e+04 1.066458e+04 1.064602e+04 1.067529e+04
9.0 1.067569e+04 1.064954e+04 1.064602e+04 1.067217e+04
10.0 1.066538e+04 1.064504e+04 1.064602e+04 1.066636e+04
11.0 1.065825e+04 1.065536e+04 1.064603e+04 1.064893e+04
12.0 1.067404e+04 1.065110e+04 1.064605e+04 1.066899e+04
13.0 1.064930e+04 1.063498e+04 1.064597e+04 1.066029e+04
14.0 1.066005e+04 1.063175e+04 1.064593e+04 1.067423e+04
15.0 1.066678e+04 1.063940e+04 1.064601e+04 1.067339e+04
16.0 1.067706e+04 1.065156e+04 1.064605e+04 1.067156e+04
17.0 1.065078e+04 1.065890e+04 1.064604e+04 1.063792e+04
18.0 1.065495e+04 1.065566e+04 1.064603e+04 1.064532e+04
0.6 1.064691e+04 1.063313e+04 1.064608e+04 1.065986e+04
1.6 1.062968e+04 1.064625e+04 1.064592e+04 1.062935e+04
2.6 1.064253e+04 1.065125e+04 1.064591e+04 1.063719e+04
3.6 1.066442e+04 1.066315e+04 1.064598e+04 1.064724e+04
4.6 1.067787e+04 1.068550e+04 1.064601e+04 1.063839e+04
5.6 1.069385e+04 1.066458e+04 1.064602e+04 1.067529e+04
6.6 1.067569e+04 1.064954e+04 1.064602e+04 1.067217e+04
7.6 1.066538e+04 1.064504e+04 1.064602e+04 1.066636e+04
8.6 1.065825e+04 1.065536e+04 1.064603e+04 1.064893e+04
9.6 1.067404e+04 1.065110e+04 1.064605e+04 1.066899e+04
10.6 1.064930e+04 1.063498e+04 1.064597e+04 1.066029e+04
11.6 1.066005e+04 1.063175e+04 1.064593e+04 1.067423e+04
12.6 1.066678e+04 1.063940e+04 1.064601e+04 1.067339e+04
13.6 1.067706e+04 1.065156e+04 1.064605e+04 1.067156e+04
14.6 1.065078e+04 1.065890e+04 1.064604e+04 1.063792e+04
15.6 1.065495e+04 1.065566e+04 1.064603e+04 1.064532e+04
16.6 1.066150e+04 1.064821e+04 1.064602e+04 1.065931e+04
17.6 1.068731e+04 1.065699e+04 1.064602e+04 1.067633e+04
1.0 1.065825e+04 1.065536e+04 1.064603e+04 1.064893e+04
2.0 1.067404e+04 1.065110e+04 1.064605e+04 1.066899e+04
3.0 1.064930e+04 1.063498e+04 1.064597e+04 1.066029e+04
4.0 1.066005e+04 1.063175e+04 1.064593e+04 1.067423e+04
5.0 1.066678e+04 1.063940e+04 1.064601e+04 1.067339e+04
6.0 1.067706e+04 1.065156e+04 1.064605e+04 1.067156e+04
7.0 1.065078e+04 1.065890e+04 1.064604e+04 1.063792e+04
8.0 1.065495e+04 1.065566e+04 1.064603e+04 1.064532e+04
9.0 1.066150e+04 1.064821e+04 1.064602e+04 1.065931e+04
10.0 1.068731e+04 1.065699e+04 1.064602e+04 1.067633e+04
11.0 1.069617e+04 1.065379e+04 1.064600e+04 1.068838e+04
12.0 1.069757e+04 1.066370e+04 1.064596e+04 1.067983e+04
13.0 1.066924e+04 1.063267e+04 1.064600e+04 1.068257e+04
14.0 1.062788e+04 1.063221e+04 1.064606e+04 1.064173e+04
15.0 1.063399e+04 1.065572e+04 1.064605e+04 1.062432e+04
16.0 1.064947e+04 1.067602e+04 1.064602e+04 1.061948e+04
17.0 1.066450e+04 1.067250e+04 1.064601e+04 1.063801e+04
18.0 1.062265e+04 1.064982e+04 1.064601e+04 1.061884e+04
0.3 1.067404e+04 1.065110e+04 1.064605e+04 1.066899e+04
1.3 1.064930e+04 1.063498e+04 1.064597e+04 1.066029e+04
2.3 1.066005e+04 1.063175e+04 1.064593e+04 1.067423e+04
3.3 1.066678e+04 1.063940e+04 1.064601e+04 1.067339e+04
4.3 1.067706e+04 1.065156e+04 1.064605e+04 1.067156e+04
5.3 1.065078e+04 1.065890e+04 1.064604e+04 1.063792e+04
6.3 1.065495e+04 1.065566e+04 1.064603e+04 1.064532e+04
7.3 1.066150e+04 1.064821e+04 1.064602e+04 1.065931e+04
8.3 1.068731e+04 1.065699e+04 1.064602e+04 1.067633e+04
9.3 1.069617e+04 1.065379e+04 1.064600e+04 1.068838e+04
10.3 1.069757e+04 1.066370e+04 1.064596e+04 1.067983e+04
11.3 1.066924e+04 1.063267e+04 1.064600e+04 1.068257e+04
12.3 1.062788e+04 1.063221e+04 1.064606e+04 1.064173e+04
13.3 1.063399e+04 1.065572e+04 1.064605e+04 1.062432e+04
14.3 1.064947e+04 1.067602e+04 1.064602e+04 1.061948e+04
15.3 1.066450e+04 1.067250e+04 1.064601e+04 1.063801e+04
16.3 1.062265e+04 1.064982e+04 1.064601e+04 1.061884e+04
17.3 1.063545e+04 1.066750e+04 1.064602e+04 1.061396e+04
0.5 1.069617e+04 1.065379e+04 1.064600e+04 1.068838e+04
1.5 1.069757e+04 1.066370e+04 1.064596e+04 1.067983e+04
2.5 1.066924e+04 1.063267e+04 1.064600e+04 1.068257e+04
3.5 1.062788e+04 1.063221e+04 1.064606e+04 1.064173e+04
4.5 1.063399e+04 1.065572e+04 1.064605e+04 1.062432e+04
5.5 1.064947e+04 1.067602e+04 1.064602e+04 1.061948e+04
6.5 1.066450e+04 1.067250e+04 1.064601e+04 1.063801e+04
7.5 1.062265e+04 1.064982e+04 1.064601e+04 1.061884e+04
8.5 1.063545e+04 1.066750e+04 1.064602e+04 1.061396e+04
9.5 1.063421e+04 1.064630e+04 1.064604e+04 1.063394e+04
10.5 1.061677e+04 1.063681e+04 1.064603e+04 1.062599e+04
11.5 1.061566e+04 1.063365e+04 1.064601e+04 1.062802e+04
12.5 1.059980e+04 1.065351e+04 1.064599e+04 1.059227e+04
13.5 1.062194e+04 1.067826e+04 1.064597e+04 1.058965e+04
14.5 1.060912e+04 1.066691e+04 1.064594e+04 1.058815e+04
15.5 1.062420e+04 1.063652e+04 1.064597e+04 1.063364e+04
16.5 1.063421e+04 1.063621e+04 1.064605e+04 1.064405e+04
17.5 1.066608e+04 1.065859e+04 1.064608e+04 1.065356e+04
0.3 1.069757e+04 1.066370e+04 1.064596e+04 1.067983e+04
1.3 1.066924e+04 1.063267e+04 1.064600e+04 1.068257e+04
2.3 1.062788e+04 1.063221e+04 1.064606e+04 1.064173e+04
3.3 1.063399e+04 1.065572e+04 1.064605e+04 1.062432e+04
4.3 1.064947e+04 1.067602e+04 1.064602e+04 1.061948e+04
5.3 1.066450e+04 1.067250e+04 1.064601e+04 1.063801e+04
6.3 1.062265e+04 1.064982e+04 1.064601e+04 1.061884e+04
7.3 1.063545e+04 1.066750e+04 1.064602e+04 1.061396e+04
8.3 1.063421e+04 1.064630e+04 1.064604e+04 1.063394e+04
9.3 1.061677e+04 1.063681e+04 1.064603e+04 1.062599e+04
10.3 1.061566e+04 1.063365e+04 1.064601e+04 1.062802e+04
11.3 1.059980e+04 1.065351e+04 1.064599e+04 1.059227e+04
12.3 1.062194e+04 1.067826e+04 1.064597e+04 1.058965e+04
13.3 1.060912e+04 1.066691e+04 1.064594e+04 1.058815e+04
14.3 1.062420e+04 1.063652e+04 1.064597e+04 1.063364e+04
15.3 1.063421e+04 1.063621e+04 1.064605e+04 1.064405e+04
16.3 1.066608e+04 1.065859e+04 1.064608e+04 1.065356e+04
17.3 1.066784e+04 1.065139e+04 1.064606e+04 1.066250e+04
0.3 1.062265e+04 1.064982e+04 1.064601e+04 1.061884e+04
1.3 1.063545e+04 1.066750e+04 1.064602e+04 1.061396e+04
2.3 1.063421e+04 1.064630e+04 1.064604e+04 1.063394e+04
3.3 1.061677e+04 1.063681e+04 1.064603e+04 1.062599e+04
4.3 1.061566e+04 1.063365e+04 1.064601e+04 1.062802e+04
5.3 1.059980e+04 1.065351e+04 1.064599e+04 1.059227e+04
6.3 1.062194e+04 1.067826e+04 1.064597e+04 1.058965e+04
7.3 1.060912e+04 1.066691e+04 1.064594e+04 1.058815e+04
8.3 1.062420e+04 1.063652e+04 1.064597e+04 1.063364e+04
9.3 1.063421e+04 1.063621e+04 1.064605e+04 1.064405e+04
10.3 1.066608e+04 1.065859e+04 1.064608e+04 1.065356e+04
11.3 1.066784e+04 1.065139e+04 1.064606e+04 1.066250e+04
12.3 1.068243e+04 1.065876e+04 1.064603e+04 1.066970e+04
13.3 1.067080e+04 1.063761e+04 1.064602e+04 1.067921e+04
14.3 1.067692e+04 1.064768e+04 1.064601e+04 1.067525e+04
15.3 1.067223e+04 1.063886e+04 1.064601e+04 1.067938e+04
16.3 1.064496e+04 1.064485e+04 1.064601e+04 1.064612e+04
17.3 1.062738e+04 1.064635e+04 1.064601e+04 1.062705e+04
1.0 1.063421e+04 1.064630e+04 1.064604e+04 1.063394e+04
2.0 1.061677e+04 1.063681e+04 1.064603e+04 1.062599e+04
3.0 1.061566e+04 1.063365e+04 1.064601e+04 1.062802e+04
4.0 1.059980e+04 1.065351e+04 1.064599e+04 1.059227e+04
5.0 1.062194e+04 1.067826e+04 1.064597e+04 1.058965e+04
6.0 1.060912e+04 1.066691e+04 1.064594e+04 1.058815e+04
7.0 1.062420e+04 1.063652e+04 1.064597e+04 1.063364e+04
8.0 1.063421e+04 1.063621e+04 1.064605e+04 1.064405e+04
9.0 1.066608e+04 1.065859e+04 1.064608e+04 1.065356e+04
10.0 1.066784e+04 1.065139e+04 1.064606e+04 1.066250e+04
11.0 1.068243e+04 1.065876e+04 1.064603e+04 1.066970e+04
12.0 1.067080e+04 1.063761e+04 1.064602e+04 1.067921e+04
13.0 1.067692e+04 1.064768e+04 1.064601e+04 1.067525e+04
14.0 1.067223e+04 1.063886e+04 1.064601e+04 1.067938e+04
15.0 1.064496e+04 1.064485e+04 1.064601e+04 1.064612e+04
16.0 1.062738e+04 1.064635e+04 1.064601e+04 1.062705e+04
17.0 1.060593e+04 1.064128e+04 1.064601e+04 1.061066e+04
18.0 1.061901e+04 1.064568e+04 1.064601e+04 1.061934e+04
0.3 1.059980e+04 1.065351e+04 1.064599e+04 1.059227e+04
1.3 1.062194e+04 1.067826e+04 1.064597e+04 1.058965e+04
2.3 1.060912e+04 1.066691e+04 1.064594e+04 1.058815e+04
3.3 1.062420e+04 1.063652e+04 1.064597e+04 1.063364e+04
4.3 1.063421e+04 1.063621e+04 1.064605e+04 1.064405e+04
5.3 1.066608e+04 1.065859e+04 1.064608e+04 1.065356e+04
6.3 1.066784e+04 1.065139e+04 1.064606e+04 1.066250e+04
7.3 1.068243e+04 1.065876e+04 1.064603e+04 1.066970e+04
8.3 1.067080e+04 1.063761e+04 1.064602e+04 1.067921e+04
9.3 1.067692e+04 1.064768e+04 1.064601e+04 1.067525e+04
10.3 1.067223e+04 1.063886e+04 1.064601e+04 1.067938e+04
11.3 1.064496e+04 1.064485e+04 1.064601e+04 1.064612e+04
12.3 1.062738e+04 1.064635e+04 1.064601e+04 1.062705e+04
13.3 1.060593e+04 1.064128e+04 1.064601e+04 1.061066e+04
14.3 1.061901e+04 1.064568e+04 1.064601e+04 1.061934e+04
15.3 1.066482e+04 1.064061e+04 1.064601e+04 1.067022e+04
16.3 1.066006e+04 1.064072e+04 1.064601e+04 1.066535e+04
17.3 1.062695e+04 1.062868e+04 1.064601e+04 1.064428e+04
0.1 1.062194e+04 1.067826e+04 1.064597e+04 1.058965e+04
1.1 1.060912e+04 1.066691e+04 1.064594e+04 1.058815e+04
2.1 1.062420e+04 1.063652e+04 1.064597e+04 1.063364e+04
3.1 1.063421e+04 1.063621e+04 1.064605e+04 1.064405e+04
4.1 1.066608e+04 1.065859e+04 1.064608e+04 1.065356e+04
5.1 1.066784e+04 1.065139e+04 1.064606e+04 1.066250e+04
6.1 1.068243e+04 1.065876e+04 1.064603e+04 1.066970e+04
7.1 1.067080e+04 1.063761e+04 1.064602e+04 1.067921e+04
8.1 1.067692e+04 1.064768e+04 1.064601e+04 1.067525e+04
9.1 1.067223e+04 1.063886e+04 1.064601e+04 1.067938e+04
10.1 1.064496e+04 1.064485e+04 1.064601e+04 1.064612e+04
11.1 1.062738e+04 1.064635e+04 1.064601e+04 1.062705e+04
12.1 1.060593e+04 1.064128e+04 1.064601e+04 1.061066e+04
13.1 1.061901e+04 1.064568e+04 1.064601e+04 1.061934e+04
14.1 1.066482e+04 1.064061e+04 1.064601e+04 1.067022e+04
15.1 1.066006e+04 1.064072e+04 1.064601e+04 1.066535e+04
16.1 1.062695e+04 1.062868e+04 1.064601e+04 1.064428e+04
17.1 1.061240e+04 1.062422e+04 1.064601e+04 1.063420e+04
0.1 1.068648e+04 1.067518e+04 1.064601e+04 1.065731e+04
1.1 1.068184e+04 1.067673e+04 1.064597e+04 1.065108e+04
2.1 1.062981e+04 1.065270e+04 1.064592e+04 1.062303e+04
3.1 1.062272e+04 1.060009e+04 1.064598e+04 1.066861e+04
4.1 1.062879e+04 1.061986e+04 1.064612e+04 1.065505e+04
5.1 1.063072e+04 1.063321e+04 1.064613e+04 1.064365e+04
6.1 1.064669e+04 1.062710e+04 1.064603e+04 1.066563e+04
7.1 1.066716e+04 1.066667e+04 1.064599e+04 1.064647e+04
8.1 1.067934e+04 1.068371e+04 1.064600e+04 1.064163e+04
9.1 1.068578e+04 1.067622e+04 1.064601e+04 1.065558e+04
10.1 1.068681e+04 1.062711e+04 1.064597e+04 1.070566e+04
11.1 1.065822e+04 1.060747e+04 1.064594e+04 1.069670e+04
12.1 1.070301e+04 1.064236e+04 1.064601e+04 1.070666e+04
13.1 1.072607e+04 1.065911e+04 1.064605e+04 1.071301e+04
14.1 1.068957e+04 1.070008e+04 1.064604e+04 1.063553e+04
15.1 1.070010e+04 1.067539e+04 1.064603e+04 1.067073e+04
16.1 1.068916e+04 1.067953e+04 1.064602e+04 1.065565e+04
17.1 1.070840e+04 1.065963e+04 1.064601e+04 1.069478e+04
0.1 1.068184e+04 1.067673e+04 1.064597e+04 1.065108e+04
1.1 1.062981e+04 1.065270e+04 1.064592e+04 1.062303e+04
2.1 1.062272e+04 1.060009e+04 1.064598e+04 1.066861e+04
3.1 1.062879e+04 1.061986e+04 1.064612e+04 1.065505e+04
4.1 1.063072e+04 1.063321e+04 1.064613e+04 1.064365e+04
5.1 1.064669e+04 1.062710e+04 1.064603e+04 1.066563e+04
6.1 1.066716e+04 1.066667e+04 1.064599e+04 1.064647e+04
7.1 1.067934e+04 1.068371e+04 1.064600e+04 1.064163e+04
8.1 1.068578e+04 1.067622e+04 1.064601e+04 1.065558e+04
9.1 1.068681e+04 1.062711e+04 1.064597e+04 1.070566e+04
10.1 1.065822e+04 1.060747e+04 1.064594e+04 1.069670e+04
11.1 1.070301e+04 1.064236e+04 1.064601e+04 1.070666e+04
12.1 1.072607e+04 1.065911e+04 1.064605e+04 1.071301e+04
13.1 1.068957e+04 1.070008e+04 1.064604e+04 1.063553e+04
14.1 1.070010e+04 1.067539e+04 1.064603e+04 1.067073e+04
15.1 1.068916e+04 1.067953e+04 1.064602e+04 1.065565e+04
16.1 1.070840e+04 1.065963e+04 1.064601e+04 1.069478e+04
17.1 1.066571e+04 1.063149e+04 1.064601e+04 1.068022e+04
0.9 1.062272e+04 1.060009e+04 1.064598e+04 1.066861e+04
1.9 1.062879e+04 1.061986e+04 1.064612e+04 1.065505e+04
2.9 1.063072e+04 1.063321e+04 1.064613e+04 1.064365e+04
3.9 1.064669e+04 1.062710e+04 1.064603e+04 1.066563e+04
4.9 1.066716e+04 1.066667e+04 1.064599e+04 1.064647e+04
5.9 1.067934e+04 1.068371e+04 1.064600e+04 1.064163e+04
6.9 1.068578e+04 1.067622e+04 1.064601e+04 1.065558e+04
7.9 1.068681e+04 1.062711e+04 1.064597e+04 1.070566e+04
8.9 1.065822e+04 1.060747e+04 1.064594e+04 1.069670e+04
9.9 1.070301e+04 1.064236e+04 1.064601e+04 1.070666e+04
10.9 1.072607e+04 1.065911e+04 1.064605e+04 1.071301e+04
11.9 1.068957e+04 1.070008e+04 1.064604e+04 1.063553e+04
12.9 1.070010e+04 1.067539e+04 1.064603e+04 1.067073e+04
13.9 1.068916e+04 1.067953e+04 1.064602e+04 1.065565e+04
14.9 1.070840e+04 1.065963e+04 1.064601e+04 1.069478e+04
15.9 1.066571e+04 1.063149e+04 1.064601e+04 1.068022e+04
16.9 1.058598e+04 1.063786e+04 1.064601e+04 1.059413e+04
17.9 1.055144e+04 1.064218e+04 1.064601e+04 1.055527e+04
0.8 1.067934e+04 1.068371e+04 1.064600e+04 1.064163e+04
1.8 1.068578e+04 1.067622e+04 1.064601e+04 1.065558e+04
2.8 1.068681e+04 1.062711e+04 1.064597e+04 1.070566e+04
3.8 1.065822e+04 1.060747e+04 1.064594e+04 1.069670e+04
4.8 1.070301e+04 1.064236e+04 1.064601e+04 1.070666e+04
5.8 1.072607e+04 1.065911e+04 1.064605e+04 1.071301e+04
6.8 1.068957e+04 1.070008e+04 1.064604e+04 1.063553e+04
7.8 1.070010e+04 1.067539e+04 1.064603e+04 1.067073e+04
8.8 1.068916e+04 1.067953e+04 1.064602e+04 1.065565e+04
9.8 1.070840e+04 1.065963e+04 1.064601e+04 1.069478e+04
10.8 1.066571e+04 1.063149e+04 1.064601e+04 1.068022e+04
11.8 1.058598e+04 1.063786e+04 1.064601e+04 1.059413e+04
12.8 1.055144e+04 1.064218e+04 1.064601e+04 1.055527e+04
13.8 1.055682e+04 1.064821e+04 1.064601e+04 1.055462e+04
14.8 1.059083e+04 1.063796e+04 1.064601e+04 1.059888e+04
15.8 1.060639e+04 1.062820e+04 1.064601e+04 1.062421e+04
16.8 1.064420e+04 1.062678e+04 1.064601e+04 1.066343e+04
17.8 1.063464e+04 1.062930e+04 1.064601e+04 1.065135e+04
0.5 1.068578e+04 1.067622e+04 1.064601e+04 1.065558e+04
1.5 1.068681e+04 1.062711e+04 1.064597e+04 1.070566e+04
2.5 1.065822e+04 1.060747e+04 1.064594e+04 1.069670e+04
3.5 1.070301e+04 1.064236e+04 1.064601e+04 1.070666e+04
4.5 1.072607e+04 1.065911e+04 1.064605e+04 1.071301e+04
5.5 1.068957e+04 1.070008e+04 1.064604e+04 1.063553e+04
6.5 1.070010e+04 1.067539e+04 1.064603e+04 1.067073e+04
7.5 1.068916e+04 1.067953e+04 1.064602e+04 1.065565e+04
8.5 1.070840e+04 1.065963e+04 1.064601e+04 1.069478e+04
9.5 1.066571e+04 1.063149e+04 1.064601e+04 1.068022e+04
10.5 1.058598e+04 1.063786e+04 1.064601e+04 1.059413e+04
11.5 1.055144e+04 1.064218e+04 1.064601e+04 1.055527e+04
12.5 1.055682e+04 1.064821e+04 1.064601e+04 1.055462e+04
13.5 1.059083e+04 1.063796e+04 1.064601e+04 1.059888e+04
14.5 1.060639e+04 1.062820e+04 1.064601e+04 1.062421e+04
15.5 1.064420e+04 1.062678e+04 1.064601e+04 1.066343e+04
16.5 1.063464e+04 1.062930e+04 1.064601e+04 1.065135e+04
17.5 1.068883e+04 1.061889e+04 1.064601e+04 1.071595e+04
1.0 1.065822e+04 1.060747e+04 1.064594e+04 1.069670e+04
2.0 1.070301e+04 1.064236e+04 1.064601e+04 1.070666e+04
3.0 1.072607e+04 1.065911e+04 1.064605e+04 1.071301e+04
4.0 1.068957e+04 1.070008e+04 1.064604e+04 1.063553e+04
5.0 1.070010e+04 1.067539e+04 1.064603e+04 1.067073e+04
6.0 1.068916e+04 1.067953e+04 1.064602e+04 1.065565e+04
7.0 1.070840e+04 1.065963e+04 1.064601e+04 1.069478e+04
8.0 1.066571e+04 1.063149e+04 1.064601e+04 1.068022e+04
9.0 1.058598e+04 1.063786e+04 1.064601e+04 1.059413e+04
10.0 1.055144e+04 1.064218e+04 1.064601e+04 1.055527e+04
11.0 1.055682e+04 1.064821e+04 1.064601e+04 1.055462e+04
12.0 1.059083e+04 1.063796e+04 1.064601e+04 1.059888e+04
13.0 1.060639e+04 1.062820e+04 1.064601e+04 1.062421e+04
14.0 1.064420e+04 1.062678e+04 1.064601e+04 1.066343e+04
15.0 1.063464e+04 1.062930e+04 1.064601e+04 1.065135e+04
16.0 1.068883e+04 1.061889e+04 1.064601e+04 1.071595e+04
17.0 1.064207e+04 1.064899e+04 1.064601e+04 1.063909e+04
18.0 1.063744e+04 1.066362e+04 1.064600e+04 1.061982e+04
0.5 1.063744e+04 1.066362e+04 1.064600e+04 1.061982e+04
1.5 1.059971e+04 1.066280e+04 1.064600e+04 1.058290e+04
2.5 1.049262e+04 1.062597e+04 1.064597e+04 1.051262e+04
3.5 1.048659e+04 1.060598e+04 1.064597e+04 1.052659e+04
4.5 1.053003e+04 1.063777e+04 1.064605e+04 1.053831e+04
5.5 1.059268e+04 1.065258e+04 1.064609e+04 1.058619e+04
6.5 1.063254e+04 1.066756e+04 1.064604e+04 1.061101e+04
7.5 1.068532e+04 1.069856e+04 1.064600e+04 1.063277e+04
8.5 1.069239e+04 1.069800e+04 1.064606e+04 1.064045e+04
9.5 1.072929e+04 1.067043e+04 1.064618e+04 1.070505e+04
10.5 1.074609e+04 1.064422e+04 1.064610e+04 1.074797e+04
11.5 1.070622e+04 1.066129e+04 1.064590e+04 1.069082e+04
12.5 1.068645e+04 1.064933e+04 1.064587e+04 1.068300e+04
13.5 1.065137e+04 1.064943e+04 1.064594e+04 1.064788e+04
14.5 1.069857e+04 1.062611e+04 1.064598e+04 1.071844e+04
15.5 1.065066e+04 1.064755e+04 1.064601e+04 1.064912e+04
16.5 1.063308e+04 1.064277e+04 1.064602e+04 1.063633e+04
17.5 1.059604e+04 1.063920e+04 1.064602e+04 1.060286e+04
1.0 1.049262e+04 1.062597e+04 1.064597e+04 1.051262e+04
2.0 1.048659e+04 1.060598e+04 1.064597e+04 1.052659e+04
3.0 1.053003e+04 1.063777e+04 1.064605e+04 1.053831e+04
4.0 1.059268e+04 1.065258e+04 1.064609e+04 1.058619e+04
5.0 1.063254e+04 1.066756e+04 1.064604e+04 1.061101e+04
6.0 1.068532e+04 1.069856e+04 1.064600e+04 1.063277e+04
7.0 1.069239e+04 1.069800e+04 1.064606e+04 1.064045e+04
8.0 1.072929e+04 1.067043e+04 1.064618e+04 1.070505e+04
9.0 1.074609e+04 1.064422e+04 1.064610e+04 1.074797e+04
10.0 1.070622e+04 1.066129e+04 1.064590e+04 1.069082e+04
11.0 1.068645e+04 1.064933e+04 1.064587e+04 1.068300e+04
12.0 1.065137e+04 1.064943e+04 1.064594e+04 1.064788e+04
13.0 1.069857e+04 1.062611e+04 1.064598e+04 1.071844e+04
14.0 1.065066e+04 1.064755e+04 1.064601e+04 1.064912e+04
15.0 1.063308e+04 1.064277e+04 1.064602e+04 1.063633e+04
16.0 1.059604e+04 1.063920e+04 1.064602e+04 1.060286e+04
17.0 1.058002e+04 1.062996e+04 1.064602e+04 1.059608e+04
18.0 1.054040e+04 1.062611e+04 1.064602e+04 1.056031e+04
0.8 1.048659e+04 1.060598e+04 1.064597e+04 1.052659e+04
1.8 1.053003e+04 1.063777e+04 1.064605e+04 1.053831e+04
2.8 1.059268e+04 1.065258e+04 1.064609e+04 1.058619e+04
3.8 1.063254e+04 1.066756e+04 1.064604e+04 1.061101e+04
4.8 1.068532e+04 1.069856e+04 1.064600e+04 1.063277e+04
5.8 1.069239e+04 1.069800e+04 1.064606e+04 1.064045e+04
6.8 1.072929e+04 1.067043e+04 1.064618e+04 1.070505e+04
7.8 1.074609e+04 1.064422e+04 1.064610e+04 1.074797e+04
8.8 1.070622e+04 1.066129e+04 1.064590e+04 1.069082e+04
9.8 1.068645e+04 1.064933e+04 1.064587e+04 1.068300e+04
10.8 1.065137e+04 1.064943e+04 1.064594e+04 1.064788e+04
11.8 1.069857e+04 1.062611e+04 1.064598e+04 1.071844e+04
12.8 1.065066e+04 1.064755e+04 1.064601e+04 1.064912e+04
13.8 1.063308e+04 1.064277e+04 1.064602e+04 1.063633e+04
14.8 1.059604e+04 1.063920e+04 1.064602e+04 1.060286e+04
15.8 1.058002e+04 1.062996e+04 1.064602e+04 1.059608e+04
16.8 1.054040e+04 1.062611e+04 1.064602e+04 1.056031e+04
17.8 1.053952e+04 1.063795e+04 1.064601e+04 1.054758e+04
0.2 1.068532e+04 1.069856e+04 1.064600e+04 1.063277e+04
1.2 1.069239e+04 1.069800e+04 1.064606e+04 1.064045e+04
2.2 1.072929e+04 1.067043e+04 1.064618e+04 1.070505e+04
3.2 1.074609e+04 1.064422e+04 1.064610e+04 1.074797e+04
4.2 1.070622e+04 1.066129e+04 1.064590e+04 1.069082e+04
5.2 1.068645e+04 1.064933e+04 1.064587e+04 1.068300e+04
6.2 1.065137e+04 1.064943e+04 1.064594e+04 1.064788e+04
7.2 1.069857e+04 1.062611e+04 1.064598e+04 1.071844e+04
8.2 1.065066e+04 1.064755e+04 1.064601e+04 1.064912e+04
9.2 1.063308e+04 1.064277e+04 1.064602e+04 1.063633e+04
10.2 1.059604e+04 1.063920e+04 1.064602e+04 1.060286e+04
11.2 1.058002e+04 1.062996e+04 1.064602e+04 1.059608e+04
12.2 1.054040e+04 1.062611e+04 1.064602e+04 1.056031e+04
13.2 1.053952e+04 1.063795e+04 1.064601e+04 1.054758e+04
14.2 1.057662e+04 1.064369e+04 1.064600e+04 1.057893e+04
15.2 1.060460e+04 1.062503e+04 1.064597e+04 1.062555e+04
16.2 1.064692e+04 1.061288e+04 1.064596e+04 1.068000e+04
17.2 1.065118e+04 1.061913e+04 1.064602e+04 1.067806e+04
0.6 1.074609e+04 1.064422e+04 1.064610e+04 1.074797e+04
1.6 1.070622e+04 1.066129e+04 1.064590e+04 1.069082e+04
2.6 1.068645e+04 1.064933e+04 1.064587e+04 1.068300e+04
3.6 1.065137e+04 1.064943e+04 1.064594e+04 1.064788e+04
4.6 1.069857e+04 1.062611e+04 1.064598e+04 1.071844e+04
5.6 1.065066e+04 1.064755e+04 1.064601e+04 1.064912e+04
6.6 1.063308e+04 1.064277e+04 1.064602e+04 1.063633e+04
7.6 1.059604e+04 1.063920e+04 1.064602e+04 1.060286e+04
8.6 1.058002e+04 1.062996e+04 1.064602e+04 1.059608e+04
9.6 1.054040e+04 1.062611e+04 1.064602e+04 1.056031e+04
10.6 1.053952e+04 1.063795e+04 1.064601e+04 1.054758e+04
11.6 1.057662e+04 1.064369e+04 1.064600e+04 1.057893e+04
12.6 1.060460e+04 1.062503e+04 1.064597e+04 1.062555e+04
13.6 1.064692e+04 1.061288e+04 1.064596e+04 1.068000e+04
14.6 1.065118e+04 1.061913e+04 1.064602e+04 1.067806e+04
15.6 1.068704e+04 1.067075e+04 1.064606e+04 1.066235e+04
16.6 1.068333e+04 1.067430e+04 1.064605e+04 1.065508e+04
17.6 1.070749e+04 1.066819e+04 1.064603e+04 1.068534e+04
0.4 1.053952e+04 1.063795e+04 1.064601e+04 1.054758e+04
1.4 1.057662e+04 1.064369e+04 1.064600e+04 1.057893e+04
2.4 1.060460e+04 1.062503e+04 1.064597e+04 1.062555e+04
3.4 1.064692e+04 1.061288e+04 1.064596e+04 1.068000e+04
4.4 1.065118e+04 1.061913e+04 1.064602e+04 1.067806e+04
5.4 1.068704e+04 1.067075e+04 1.064606e+04 1.066235e+04
6.4 1.068333e+04 1.067430e+04 1.064605e+04 1.065508e+04
7.4 1.070749e+04 1.066819e+04 1.064603e+04 1.068534e+04
8.4 1.070860e+04 1.065073e+04 1.064602e+04 1.070388e+04
9.4 1.070633e+04 1.066519e+04 1.064601e+04 1.068714e+04
10.4 1.070903e+04 1.065897e+04 1.064601e+04 1.069607e+04
11.4 1.069564e+04 1.064720e+04 1.064602e+04 1.069446e+04
12.4 1.067346e+04 1.065801e+04 1.064601e+04 1.066146e+04
13.4 1.064655e+04 1.065572e+04 1.064600e+04 1.063683e+04
14.4 1.065056e+04 1.064917e+04 1.064600e+04 1.064740e+04
15.4 1.067317e+04 1.064335e+04 1.064601e+04 1.067582e+04
16.4 1.066773e+04 1.064211e+04 1.064601e+04 1.067163e+04
17.4 1.068984e+04 1.064132e+04 1.064601e+04 1.069453e+04
1.0 1.060460e+04 1.062503e+04 1.064597e+04 1.062555e+04
2.0 1.064692e+04 1.061288e+04 1.064596e+04 1.068000e+04
3.0 1.065118e+04 1.061913e+04 1.064602e+04 1.067806e+04
4.0 1.068704e+04 1.067075e+04 1.064606e+04 1.066235e+04
5.0 1.068333e+04 1.067430e+04 1.064605e+04 1.065508e+04
6.0 1.070749e+04 1.066819e+04 1.064603e+04 1.068534e+04
7.0 1.070860e+04 1.065073e+04 1.064602e+04 1.070388e+04
8.0 1.070633e+04 1.066519e+04 1.064601e+04 1.068714e+04
9.0 1.070903e+04 1.065897e+04 1.064601e+04 1.069607e+04
10.0 1.069564e+04 1.064720e+04 1.064602e+04 1.069446e+04
11.0 1.067346e+04 1.065801e+04 1.064601e+04 1.066146e+04
12.0 1.064655e+04 1.065572e+04 1.064600e+04 1.063683e+04
13.0 1.065056e+04 1.064917e+04 1.064600e+04 1.064740e+04
14.0 1.067317e+04 1.064335e+04 1.064601e+04 1.067582e+04
15.0 1.066773e+04 1.064211e+04 1.064601e+04 1.067163e+04
16.0 1.068984e+04 1.064132e+04 1.064601e+04 1.069453e+04
17.0 1.064207e+04 1.065642e+04 1.064600e+04 1.063165e+04
18.0 1.063858e+04 1.065207e+04 1.064601e+04 1.063251e+04
0.6 1.070633e+04 1.066519e+04 1.064601e+04 1.068714e+04
1.6 1.070903e+04 1.065897e+04 1.064601e+04 1.069607e+04
2.6 1.069564e+04 1.064720e+04 1.064602e+04 1.069446e+04
3.6 1.067346e+04 1.065801e+04 1.064601e+04 1.066146e+04
4.6 1.064655e+04 1.065572e+04 1.064600e+04 1.063683e+04
5.6 1.065056e+04 1.064917e+04 1.064600e+04 1.064740e+04
6.6 1.067317e+04 1.064335e+04 1.064601e+04 1.067582e+04
7.6 1.066773e+04 1.064211e+04 1.064601e+04 1.067163e+04
8.6 1.068984e+04 1.064132e+04 1.064601e+04 1.069453e+04
9.6 1.064207e+04 1.065642e+04 1.064600e+04 1.063165e+04
10.6 1.063858e+04 1.065207e+04 1.064601e+04 1.063251e+04
11.6 1.062317e+04 1.063542e+04 1.064614e+04 1.063389e+04
12.6 1.062423e+04 1.064417e+04 1.064629e+04 1.062635e+04
13.6 1.060814e+04 1.066539e+04 1.064614e+04 1.058889e+04
14.6 1.060329e+04 1.066496e+04 1.064586e+04 1.058420e+04
15.6 1.063373e+04 1.067932e+04 1.064580e+04 1.060022e+04
16.6 1.066925e+04 1.068927e+04 1.064588e+04 1.062585e+04
17.6 1.064969e+04 1.066567e+04 1.064595e+04 1.062996e+04
0.9 1.064207e+04 1.065642e+04 1.064600e+04 1.063165e+04
1.9 1.063858e+04 1.065207e+04 1.064601e+04 1.063251e+04
2.9 1.062317e+04 1.063542e+04 1.064614e+04 1.063389e+04
3.9 1.062423e+04 1.064417e+04 1.064629e+04 1.062635e+04
4.9 1.060814e+04 1.066539e+04 1.064614e+04 1.058889e+04
5.9 1.060329e+04 1.066496e+04 1.064586e+04 1.058420e+04
6.9 1.063373e+04 1.067932e+04 1.064580e+04 1.060022e+04
7.9 1.066925e+04 1.068927e+04 1.064588e+04 1.062585e+04
8.9 1.064969e+04 1.066567e+04 1.064595e+04 1.062996e+04
9.9 1.064666e+04 1.065924e+04 1.064599e+04 1.063341e+04
10.9 1.065829e+04 1.066941e+04 1.064600e+04 1.063488e+04
11.9 1.066186e+04 1.066610e+04 1.064598e+04 1.064174e+04
12.9 1.063560e+04 1.061280e+04 1.064596e+04 1.066876e+04
0.5 1.063858e+04 1.065207e+04 1.064601e+04 1.063251e+04
1.5 1.062317e+04 1.063542e+04 1.064614e+04 1.063389e+04
2.5 1.062423e+04 1.064417e+04 1.064629e+04 1.062635e+04
3.5 1.060814e+04 1.066539e+04 1.064614e+04 1.058889e+04
4.5 1.060329e+04 1.066496e+04 1.064586e+04 1.058420e+04
5.5 1.063373e+04 1.067932e+04 1.064580e+04 1.060022e+04
6.5 1.066925e+04 1.068927e+04 1.064588e+04 1.062585e+04
7.5 1.064969e+04 1.066567e+04 1.064595e+04 1.062996e+04
8.5 1.064666e+04 1.065924e+04 1.064599e+04 1.063341e+04
9.5 1.065829e+04 1.066941e+04 1.064600e+04 1.063488e+04
10.5 1.066186e+04 1.066610e+04 1.064598e+04 1.064174e+04
11.5 1.063560e+04 1.061280e+04 1.064596e+04 1.066876e+04
0.6 1.065829e+04 1.066941e+04 1.064600e+04 1.063488e+04
1.6 1.066186e+04 1.066610e+04 1.064598e+04 1.064174e+04
2.6 1.063560e+04 1.061280e+04 1.064596e+04 1.066876e+04
0.4 1.066186e+04 1.066610e+04 1.064598e+04 1.064174e+04
1.4 1.063560e+04 1.061280e+04 1.064596e+04 1.066876e+04
