0.5 1.066599e+04 1.066092e+04 1.064814e+04 1.065321e+04
1.5 1.064724e+04 1.067873e+04 1.066290e+04 1.063141e+04
2.5 1.061914e+04 1.067698e+04 1.068125e+04 1.062341e+04
3.5 1.063886e+04 1.065703e+04 1.067562e+04 1.065745e+04
4.5 1.058877e+04 1.061720e+04 1.064268e+04 1.061425e+04
5.5 1.069805e+04 1.065824e+04 1.061530e+04 1.065511e+04
6.5 1.061464e+04 1.064121e+04 1.061525e+04 1.058868e+04
7.5 1.061126e+04 1.063922e+04 1.062765e+04 1.059970e+04
8.5 1.063990e+04 1.066095e+04 1.063827e+04 1.061722e+04
9.5 1.063715e+04 1.066181e+04 1.064463e+04 1.061997e+04
10.5 1.062280e+04 1.064929e+04 1.064775e+04 1.062127e+04
11.5 1.062769e+04 1.066212e+04 1.064870e+04 1.061427e+04
12.5 1.063751e+04 1.065058e+04 1.064845e+04 1.063538e+04
13.5 1.064532e+04 1.068050e+04 1.064780e+04 1.061262e+04
14.5 1.068832e+04 1.066071e+04 1.064720e+04 1.067481e+04
15.5 1.066357e+04 1.065375e+04 1.064680e+04 1.065662e+04
16.5 1.068052e+04 1.066719e+04 1.064657e+04 1.065990e+04
17.5 1.065196e+04 1.063795e+04 1.064646e+04 1.066047e+04
0.6 1.065378e+04 1.067518e+04 1.064867e+04 1.062728e+04
1.6 1.066808e+04 1.067398e+04 1.065414e+04 1.064823e+04
2.6 1.067955e+04 1.066660e+04 1.065519e+04 1.066814e+04
3.6 1.064638e+04 1.067017e+04 1.064830e+04 1.062452e+04
4.6 1.067865e+04 1.066635e+04 1.064071e+04 1.065301e+04
5.6 1.065001e+04 1.064078e+04 1.063781e+04 1.064703e+04
6.6 1.063644e+04 1.064219e+04 1.063844e+04 1.063269e+04
7.6 1.064608e+04 1.064016e+04 1.064117e+04 1.064709e+04
8.6 1.062106e+04 1.064012e+04 1.064389e+04 1.062482e+04
9.6 1.062013e+04 1.064693e+04 1.064488e+04 1.061808e+04
10.6 1.062013e+04 1.063560e+04 1.064709e+04 1.063162e+04
11.6 1.062570e+04 1.064209e+04 1.064867e+04 1.063227e+04
12.6 1.065343e+04 1.064255e+04 1.064629e+04 1.065718e+04
13.6 1.066315e+04 1.062129e+04 1.064453e+04 1.068638e+04
14.6 1.066772e+04 1.061896e+04 1.064513e+04 1.069389e+04
15.6 1.065361e+04 1.060991e+04 1.064590e+04 1.068960e+04
16.6 1.064269e+04 1.060323e+04 1.064750e+04 1.068696e+04
17.6 1.063688e+04 1.061265e+04 1.064888e+04 1.067311e+04
0.2 1.066808e+04 1.067398e+04 1.065414e+04 1.064823e+04
1.2 1.067955e+04 1.066660e+04 1.065519e+04 1.066814e+04
2.2 1.064638e+04 1.067017e+04 1.064830e+04 1.062452e+04
3.2 1.067865e+04 1.066635e+04 1.064071e+04 1.065301e+04
4.2 1.065001e+04 1.064078e+04 1.063781e+04 1.064703e+04
5.2 1.063644e+04 1.064219e+04 1.063844e+04 1.063269e+04
6.2 1.064608e+04 1.064016e+04 1.064117e+04 1.064709e+04
7.2 1.062106e+04 1.064012e+04 1.064389e+04 1.062482e+04
8.2 1.062013e+04 1.064693e+04 1.064488e+04 1.061808e+04
9.2 1.062013e+04 1.063560e+04 1.064709e+04 1.063162e+04
10.2 1.062570e+04 1.064209e+04 1.064867e+04 1.063227e+04
11.2 1.065343e+04 1.064255e+04 1.064629e+04 1.065718e+04
12.2 1.066315e+04 1.062129e+04 1.064453e+04 1.068638e+04
13.2 1.066772e+04 1.061896e+04 1.064513e+04 1.069389e+04
14.2 1.065361e+04 1.060991e+04 1.064590e+04 1.068960e+04
15.2 1.064269e+04 1.060323e+04 1.064750e+04 1.068696e+04
16.2 1.063688e+04 1.061265e+04 1.064888e+04 1.067311e+04
17.2 1.065771e+04 1.064529e+04 1.064828e+04 1.066070e+04
0.2 1.064638e+04 1.067017e+04 1.064830e+04 1.062452e+04
1.2 1.067865e+04 1.066635e+04 1.064071e+04 1.065301e+04
2.2 1.065001e+04 1.064078e+04 1.063781e+04 1.064703e+04
3.2 1.063644e+04 1.064219e+04 1.063844e+04 1.063269e+04
4.2 1.064608e+04 1.064016e+04 1.064117e+04 1.064709e+04
5.2 1.062106e+04 1.064012e+04 1.064389e+04 1.062482e+04
6.2 1.062013e+04 1.064693e+04 1.064488e+04 1.061808e+04
7.2 1.062013e+04 1.063560e+04 1.064709e+04 1.063162e+04
8.2 1.062570e+04 1.064209e+04 1.064867e+04 1.063227e+04
9.2 1.065343e+04 1.064255e+04 1.064629e+04 1.065718e+04
10.2 1.066315e+04 1.062129e+04 1.064453e+04 1.068638e+04
11.2 1.066772e+04 1.061896e+04 1.064513e+04 1.069389e+04
12.2 1.065361e+04 1.060991e+04 1.064590e+04 1.068960e+04
13.2 1.064269e+04 1.060323e+04 1.064750e+04 1.068696e+04
14.2 1.063688e+04 1.061265e+04 1.064888e+04 1.067311e+04
15.2 1.065771e+04 1.064529e+04 1.064828e+04 1.066070e+04
16.2 1.066669e+04 1.068481e+04 1.064712e+04 1.062899e+04
17.2 1.070288e+04 1.067460e+04 1.064631e+04 1.067459e+04
0.8 1.065001e+04 1.064078e+04 1.063781e+04 1.064703e+04
1.8 1.063644e+04 1.064219e+04 1.063844e+04 1.063269e+04
2.8 1.064608e+04 1.064016e+04 1.064117e+04 1.064709e+04
3.8 1.062106e+04 1.064012e+04 1.064389e+04 1.062482e+04
4.8 1.062013e+04 1.064693e+04 1.064488e+04 1.061808e+04
5.8 1.062013e+04 1.063560e+04 1.064709e+04 1.063162e+04
6.8 1.062570e+04 1.064209e+04 1.064867e+04 1.063227e+04
7.8 1.065343e+04 1.064255e+04 1.064629e+04 1.065718e+04
8.8 1.066315e+04 1.062129e+04 1.064453e+04 1.068638e+04
9.8 1.066772e+04 1.061896e+04 1.064513e+04 1.069389e+04
10.8 1.065361e+04 1.060991e+04 1.064590e+04 1.068960e+04
11.8 1.064269e+04 1.060323e+04 1.064750e+04 1.068696e+04
12.8 1.063688e+04 1.061265e+04 1.064888e+04 1.067311e+04
13.8 1.065771e+04 1.064529e+04 1.064828e+04 1.066070e+04
14.8 1.066669e+04 1.068481e+04 1.064712e+04 1.062899e+04
15.8 1.070288e+04 1.067460e+04 1.064631e+04 1.067459e+04
16.8 1.070062e+04 1.066616e+04 1.064589e+04 1.068035e+04
17.8 1.067286e+04 1.067082e+04 1.064571e+04 1.064775e+04
0.7 1.063644e+04 1.064219e+04 1.063844e+04 1.063269e+04
1.7 1.064608e+04 1.064016e+04 1.064117e+04 1.064709e+04
2.7 1.062106e+04 1.064012e+04 1.064389e+04 1.062482e+04
3.7 1.062013e+04 1.064693e+04 1.064488e+04 1.061808e+04
4.7 1.062013e+04 1.063560e+04 1.064709e+04 1.063162e+04
5.7 1.062570e+04 1.064209e+04 1.064867e+04 1.063227e+04
6.7 1.065343e+04 1.064255e+04 1.064629e+04 1.065718e+04
7.7 1.066315e+04 1.062129e+04 1.064453e+04 1.068638e+04
8.7 1.066772e+04 1.061896e+04 1.064513e+04 1.069389e+04
9.7 1.065361e+04 1.060991e+04 1.064590e+04 1.068960e+04
10.7 1.064269e+04 1.060323e+04 1.064750e+04 1.068696e+04
11.7 1.063688e+04 1.061265e+04 1.064888e+04 1.067311e+04
12.7 1.065771e+04 1.064529e+04 1.064828e+04 1.066070e+04
13.7 1.066669e+04 1.068481e+04 1.064712e+04 1.062899e+04
14.7 1.070288e+04 1.067460e+04 1.064631e+04 1.067459e+04
15.7 1.070062e+04 1.066616e+04 1.064589e+04 1.068035e+04
16.7 1.067286e+04 1.067082e+04 1.064571e+04 1.064775e+04
17.7 1.067051e+04 1.068237e+04 1.064569e+04 1.063383e+04
0.2 1.064608e+04 1.064016e+04 1.064117e+04 1.064709e+04
1.2 1.062106e+04 1.064012e+04 1.064389e+04 1.062482e+04
2.2 1.062013e+04 1.064693e+04 1.064488e+04 1.061808e+04
3.2 1.062013e+04 1.063560e+04 1.064709e+04 1.063162e+04
4.2 1.062570e+04 1.064209e+04 1.064867e+04 1.063227e+04
5.2 1.065343e+04 1.064255e+04 1.064629e+04 1.065718e+04
6.2 1.066315e+04 1.062129e+04 1.064453e+04 1.068638e+04
7.2 1.066772e+04 1.061896e+04 1.064513e+04 1.069389e+04
8.2 1.065361e+04 1.060991e+04 1.064590e+04 1.068960e+04
9.2 1.064269e+04 1.060323e+04 1.064750e+04 1.068696e+04
10.2 1.063688e+04 1.061265e+04 1.064888e+04 1.067311e+04
11.2 1.065771e+04 1.064529e+04 1.064828e+04 1.066070e+04
12.2 1.066669e+04 1.068481e+04 1.064712e+04 1.062899e+04
13.2 1.070288e+04 1.067460e+04 1.064631e+04 1.067459e+04
14.2 1.070062e+04 1.066616e+04 1.064589e+04 1.068035e+04
15.2 1.067286e+04 1.067082e+04 1.064571e+04 1.064775e+04
16.2 1.067051e+04 1.068237e+04 1.064569e+04 1.063383e+04
17.2 1.066401e+04 1.068674e+04 1.064573e+04 1.062301e+04
0.3 1.062106e+04 1.064012e+04 1.064389e+04 1.062482e+04
1.3 1.062013e+04 1.064693e+04 1.064488e+04 1.061808e+04
2.3 1.062013e+04 1.063560e+04 1.064709e+04 1.063162e+04
3.3 1.062570e+04 1.064209e+04 1.064867e+04 1.063227e+04
4.3 1.065343e+04 1.064255e+04 1.064629e+04 1.065718e+04
5.3 1.066315e+04 1.062129e+04 1.064453e+04 1.068638e+04
6.3 1.066772e+04 1.061896e+04 1.064513e+04 1.069389e+04
7.3 1.065361e+04 1.060991e+04 1.064590e+04 1.068960e+04
8.3 1.064269e+04 1.060323e+04 1.064750e+04 1.068696e+04
9.3 1.063688e+04 1.061265e+04 1.064888e+04 1.067311e+04
10.3 1.065771e+04 1.064529e+04 1.064828e+04 1.066070e+04
11.3 1.066669e+04 1.068481e+04 1.064712e+04 1.062899e+04
12.3 1.070288e+04 1.067460e+04 1.064631e+04 1.067459e+04
13.3 1.070062e+04 1.066616e+04 1.064589e+04 1.068035e+04
14.3 1.067286e+04 1.067082e+04 1.064571e+04 1.064775e+04
15.3 1.067051e+04 1.068237e+04 1.064569e+04 1.063383e+04
16.3 1.066401e+04 1.068674e+04 1.064573e+04 1.062301e+04
17.3 1.065575e+04 1.067221e+04 1.064579e+04 1.062933e+04
0.8 1.062013e+04 1.063560e+04 1.064709e+04 1.063162e+04
1.8 1.062570e+04 1.064209e+04 1.064867e+04 1.063227e+04
2.8 1.065343e+04 1.064255e+04 1.064629e+04 1.065718e+04
3.8 1.066315e+04 1.062129e+04 1.064453e+04 1.068638e+04
4.8 1.066772e+04 1.061896e+04 1.064513e+04 1.069389e+04
5.8 1.065361e+04 1.060991e+04 1.064590e+04 1.068960e+04
6.8 1.064269e+04 1.060323e+04 1.064750e+04 1.068696e+04
7.8 1.063688e+04 1.061265e+04 1.064888e+04 1.067311e+04
8.8 1.065771e+04 1.064529e+04 1.064828e+04 1.066070e+04
9.8 1.066669e+04 1.068481e+04 1.064712e+04 1.062899e+04
10.8 1.070288e+04 1.067460e+04 1.064631e+04 1.067459e+04
11.8 1.070062e+04 1.066616e+04 1.064589e+04 1.068035e+04
12.8 1.067286e+04 1.067082e+04 1.064571e+04 1.064775e+04
13.8 1.067051e+04 1.068237e+04 1.064569e+04 1.063383e+04
14.8 1.066401e+04 1.068674e+04 1.064573e+04 1.062301e+04
15.8 1.065575e+04 1.067221e+04 1.064579e+04 1.062933e+04
16.8 1.063945e+04 1.061792e+04 1.064584e+04 1.066737e+04
17.8 1.063722e+04 1.061651e+04 1.064586e+04 1.066658e+04
0.8 1.062570e+04 1.064209e+04 1.064867e+04 1.063227e+04
1.8 1.065343e+04 1.064255e+04 1.064629e+04 1.065718e+04
2.8 1.066315e+04 1.062129e+04 1.064453e+04 1.068638e+04
3.8 1.066772e+04 1.061896e+04 1.064513e+04 1.069389e+04
4.8 1.065361e+04 1.060991e+04 1.064590e+04 1.068960e+04
5.8 1.064269e+04 1.060323e+04 1.064750e+04 1.068696e+04
6.8 1.063688e+04 1.061265e+04 1.064888e+04 1.067311e+04
7.8 1.065771e+04 1.064529e+04 1.064828e+04 1.066070e+04
8.8 1.066669e+04 1.068481e+04 1.064712e+04 1.062899e+04
9.8 1.070288e+04 1.067460e+04 1.064631e+04 1.067459e+04
10.8 1.070062e+04 1.066616e+04 1.064589e+04 1.068035e+04
11.8 1.067286e+04 1.067082e+04 1.064571e+04 1.064775e+04
12.8 1.067051e+04 1.068237e+04 1.064569e+04 1.063383e+04
13.8 1.066401e+04 1.068674e+04 1.064573e+04 1.062301e+04
14.8 1.065575e+04 1.067221e+04 1.064579e+04 1.062933e+04
15.8 1.063945e+04 1.061792e+04 1.064584e+04 1.066737e+04
16.8 1.063722e+04 1.061651e+04 1.064586e+04 1.066658e+04
17.8 1.065136e+04 1.064581e+04 1.064588e+04 1.065143e+04
1.0 1.065343e+04 1.064255e+04 1.064629e+04 1.065718e+04
2.0 1.066315e+04 1.062129e+04 1.064453e+04 1.068638e+04
3.0 1.066772e+04 1.061896e+04 1.064513e+04 1.069389e+04
4.0 1.065361e+04 1.060991e+04 1.064590e+04 1.068960e+04
5.0 1.064269e+04 1.060323e+04 1.064750e+04 1.068696e+04
6.0 1.063688e+04 1.061265e+04 1.064888e+04 1.067311e+04
7.0 1.065771e+04 1.064529e+04 1.064828e+04 1.066070e+04
8.0 1.066669e+04 1.068481e+04 1.064712e+04 1.062899e+04
9.0 1.070288e+04 1.067460e+04 1.064631e+04 1.067459e+04
10.0 1.070062e+04 1.066616e+04 1.064589e+04 1.068035e+04
11.0 1.067286e+04 1.067082e+04 1.064571e+04 1.064775e+04
12.0 1.067051e+04 1.068237e+04 1.064569e+04 1.063383e+04
13.0 1.066401e+04 1.068674e+04 1.064573e+04 1.062301e+04
14.0 1.065575e+04 1.067221e+04 1.064579e+04 1.062933e+04
15.0 1.063945e+04 1.061792e+04 1.064584e+04 1.066737e+04
16.0 1.063722e+04 1.061651e+04 1.064586e+04 1.066658e+04
17.0 1.065136e+04 1.064581e+04 1.064588e+04 1.065143e+04
18.0 1.068315e+04 1.070033e+04 1.064589e+04 1.062871e+04
1.0 1.066315e+04 1.062129e+04 1.064453e+04 1.068638e+04
2.0 1.066772e+04 1.061896e+04 1.064513e+04 1.069389e+04
3.0 1.065361e+04 1.060991e+04 1.064590e+04 1.068960e+04
4.0 1.064269e+04 1.060323e+04 1.064750e+04 1.068696e+04
5.0 1.063688e+04 1.061265e+04 1.064888e+04 1.067311e+04
6.0 1.065771e+04 1.064529e+04 1.064828e+04 1.066070e+04
7.0 1.066669e+04 1.068481e+04 1.064712e+04 1.062899e+04
8.0 1.070288e+04 1.067460e+04 1.064631e+04 1.067459e+04
9.0 1.070062e+04 1.066616e+04 1.064589e+04 1.068035e+04
10.0 1.067286e+04 1.067082e+04 1.064571e+04 1.064775e+04
11.0 1.067051e+04 1.068237e+04 1.064569e+04 1.063383e+04
12.0 1.066401e+04 1.068674e+04 1.064573e+04 1.062301e+04
13.0 1.065575e+04 1.067221e+04 1.064579e+04 1.062933e+04
14.0 1.063945e+04 1.061792e+04 1.064584e+04 1.066737e+04
15.0 1.063722e+04 1.061651e+04 1.064586e+04 1.066658e+04
16.0 1.065136e+04 1.064581e+04 1.064588e+04 1.065143e+04
17.0 1.068315e+04 1.070033e+04 1.064589e+04 1.062871e+04
18.0 1.068873e+04 1.070992e+04 1.064589e+04 1.062471e+04
0.7 1.066772e+04 1.061896e+04 1.064513e+04 1.069389e+04
1.7 1.065361e+04 1.060991e+04 1.064590e+04 1.068960e+04
2.7 1.064269e+04 1.060323e+04 1.064750e+04 1.068696e+04
3.7 1.063688e+04 1.061265e+04 1.064888e+04 1.067311e+04
4.7 1.065771e+04 1.064529e+04 1.064828e+04 1.066070e+04
5.7 1.066669e+04 1.068481e+04 1.064712e+04 1.062899e+04
6.7 1.070288e+04 1.067460e+04 1.064631e+04 1.067459e+04
7.7 1.070062e+04 1.066616e+04 1.064589e+04 1.068035e+04
8.7 1.067286e+04 1.067082e+04 1.064571e+04 1.064775e+04
9.7 1.067051e+04 1.068237e+04 1.064569e+04 1.063383e+04
10.7 1.066401e+04 1.068674e+04 1.064573e+04 1.062301e+04
11.7 1.065575e+04 1.067221e+04 1.064579e+04 1.062933e+04
12.7 1.063945e+04 1.061792e+04 1.064584e+04 1.066737e+04
13.7 1.063722e+04 1.061651e+04 1.064586e+04 1.066658e+04
14.7 1.065136e+04 1.064581e+04 1.064588e+04 1.065143e+04
15.7 1.068315e+04 1.070033e+04 1.064589e+04 1.062871e+04
16.7 1.068873e+04 1.070992e+04 1.064589e+04 1.062471e+04
17.7 1.068815e+04 1.070313e+04 1.064590e+04 1.063092e+04
0.5 1.067540e+04 1.062245e+04 1.064817e+04 1.070112e+04
1.5 1.070052e+04 1.065064e+04 1.065663e+04 1.070651e+04
2.5 1.065620e+04 1.065918e+04 1.065565e+04 1.065268e+04
3.5 1.059640e+04 1.062957e+04 1.064111e+04 1.060794e+04
4.5 1.057588e+04 1.063209e+04 1.063461e+04 1.057840e+04
5.5 1.063430e+04 1.063561e+04 1.063774e+04 1.063643e+04
6.5 1.065074e+04 1.064274e+04 1.064217e+04 1.065017e+04
7.5 1.065764e+04 1.064037e+04 1.064415e+04 1.066142e+04
8.5 1.063950e+04 1.062760e+04 1.064363e+04 1.065553e+04
9.5 1.062198e+04 1.064283e+04 1.064531e+04 1.062446e+04
10.5 1.058795e+04 1.062018e+04 1.065762e+04 1.062539e+04
11.5 1.064735e+04 1.062393e+04 1.066467e+04 1.068810e+04
12.5 1.064807e+04 1.061142e+04 1.064908e+04 1.068572e+04
13.5 1.060142e+04 1.060159e+04 1.063466e+04 1.063449e+04
14.5 1.054591e+04 1.060391e+04 1.063532e+04 1.057732e+04
15.5 1.050200e+04 1.058231e+04 1.064122e+04 1.056091e+04
16.5 1.052793e+04 1.058777e+04 1.064590e+04 1.058606e+04
17.5 1.055466e+04 1.061982e+04 1.064756e+04 1.058240e+04
0.2 1.065620e+04 1.065918e+04 1.065565e+04 1.065268e+04
1.2 1.059640e+04 1.062957e+04 1.064111e+04 1.060794e+04
2.2 1.057588e+04 1.063209e+04 1.063461e+04 1.057840e+04
3.2 1.063430e+04 1.063561e+04 1.063774e+04 1.063643e+04
4.2 1.065074e+04 1.064274e+04 1.064217e+04 1.065017e+04
5.2 1.065764e+04 1.064037e+04 1.064415e+04 1.066142e+04
6.2 1.063950e+04 1.062760e+04 1.064363e+04 1.065553e+04
7.2 1.062198e+04 1.064283e+04 1.064531e+04 1.062446e+04
8.2 1.058795e+04 1.062018e+04 1.065762e+04 1.062539e+04
9.2 1.064735e+04 1.062393e+04 1.066467e+04 1.068810e+04
10.2 1.064807e+04 1.061142e+04 1.064908e+04 1.068572e+04
11.2 1.060142e+04 1.060159e+04 1.063466e+04 1.063449e+04
12.2 1.054591e+04 1.060391e+04 1.063532e+04 1.057732e+04
13.2 1.050200e+04 1.058231e+04 1.064122e+04 1.056091e+04
14.2 1.052793e+04 1.058777e+04 1.064590e+04 1.058606e+04
15.2 1.055466e+04 1.061982e+04 1.064756e+04 1.058240e+04
16.2 1.060474e+04 1.065003e+04 1.064759e+04 1.060231e+04
17.2 1.067896e+04 1.066928e+04 1.064719e+04 1.065687e+04
0.6 1.057588e+04 1.063209e+04 1.063461e+04 1.057840e+04
1.6 1.063430e+04 1.063561e+04 1.063774e+04 1.063643e+04
2.6 1.065074e+04 1.064274e+04 1.064217e+04 1.065017e+04
3.6 1.065764e+04 1.064037e+04 1.064415e+04 1.066142e+04
4.6 1.063950e+04 1.062760e+04 1.064363e+04 1.065553e+04
5.6 1.062198e+04 1.064283e+04 1.064531e+04 1.062446e+04
6.6 1.058795e+04 1.062018e+04 1.065762e+04 1.062539e+04
7.6 1.064735e+04 1.062393e+04 1.066467e+04 1.068810e+04
8.6 1.064807e+04 1.061142e+04 1.064908e+04 1.068572e+04
9.6 1.060142e+04 1.060159e+04 1.063466e+04 1.063449e+04
10.6 1.054591e+04 1.060391e+04 1.063532e+04 1.057732e+04
11.6 1.050200e+04 1.058231e+04 1.064122e+04 1.056091e+04
12.6 1.052793e+04 1.058777e+04 1.064590e+04 1.058606e+04
13.6 1.055466e+04 1.061982e+04 1.064756e+04 1.058240e+04
14.6 1.060474e+04 1.065003e+04 1.064759e+04 1.060231e+04
15.6 1.067896e+04 1.066928e+04 1.064719e+04 1.065687e+04
16.6 1.066959e+04 1.064989e+04 1.064672e+04 1.066643e+04
17.6 1.064691e+04 1.063313e+04 1.064635e+04 1.066013e+04
1.0 1.065074e+04 1.064274e+04 1.064217e+04 1.065017e+04
2.0 1.065764e+04 1.064037e+04 1.064415e+04 1.066142e+04
3.0 1.063950e+04 1.062760e+04 1.064363e+04 1.065553e+04
4.0 1.062198e+04 1.064283e+04 1.064531e+04 1.062446e+04
5.0 1.058795e+04 1.062018e+04 1.065762e+04 1.062539e+04
6.0 1.064735e+04 1.062393e+04 1.066467e+04 1.068810e+04
7.0 1.064807e+04 1.061142e+04 1.064908e+04 1.068572e+04
8.0 1.060142e+04 1.060159e+04 1.063466e+04 1.063449e+04
9.0 1.054591e+04 1.060391e+04 1.063532e+04 1.057732e+04
10.0 1.050200e+04 1.058231e+04 1.064122e+04 1.056091e+04
11.0 1.052793e+04 1.058777e+04 1.064590e+04 1.058606e+04
12.0 1.055466e+04 1.061982e+04 1.064756e+04 1.058240e+04
13.0 1.060474e+04 1.065003e+04 1.064759e+04 1.060231e+04
14.0 1.067896e+04 1.066928e+04 1.064719e+04 1.065687e+04
15.0 1.066959e+04 1.064989e+04 1.064672e+04 1.066643e+04
16.0 1.064691e+04 1.063313e+04 1.064635e+04 1.066013e+04
17.0 1.062968e+04 1.064625e+04 1.064613e+04 1.062956e+04
18.0 1.064253e+04 1.065125e+04 1.064605e+04 1.063733e+04
0.2 1.065074e+04 1.064274e+04 1.064217e+04 1.065017e+04
1.2 1.065764e+04 1.064037e+04 1.064415e+04 1.066142e+04
2.2 1.063950e+04 1.062760e+04 1.064363e+04 1.065553e+04
3.2 1.062198e+04 1.064283e+04 1.064531e+04 1.062446e+04
4.2 1.058795e+04 1.062018e+04 1.065762e+04 1.062539e+04
5.2 1.064735e+04 1.062393e+04 1.066467e+04 1.068810e+04
6.2 1.064807e+04 1.061142e+04 1.064908e+04 1.068572e+04
7.2 1.060142e+04 1.060159e+04 1.063466e+04 1.063449e+04
8.2 1.054591e+04 1.060391e+04 1.063532e+04 1.057732e+04
9.2 1.050200e+04 1.058231e+04 1.064122e+04 1.056091e+04
10.2 1.052793e+04 1.058777e+04 1.064590e+04 1.058606e+04
11.2 1.055466e+04 1.061982e+04 1.064756e+04 1.058240e+04
12.2 1.060474e+04 1.065003e+04 1.064759e+04 1.060231e+04
13.2 1.067896e+04 1.066928e+04 1.064719e+04 1.065687e+04
14.2 1.066959e+04 1.064989e+04 1.064672e+04 1.066643e+04
15.2 1.064691e+04 1.063313e+04 1.064635e+04 1.066013e+04
16.2 1.062968e+04 1.064625e+04 1.064613e+04 1.062956e+04
17.2 1.064253e+04 1.065125e+04 1.064605e+04 1.063733e+04
0.1 1.065764e+04 1.064037e+04 1.064415e+04 1.066142e+04
1.1 1.063950e+04 1.062760e+04 1.064363e+04 1.065553e+04
2.1 1.062198e+04 1.064283e+04 1.064531e+04 1.062446e+04
3.1 1.058795e+04 1.062018e+04 1.065762e+04 1.062539e+04
4.1 1.064735e+04 1.062393e+04 1.066467e+04 1.068810e+04
5.1 1.064807e+04 1.061142e+04 1.064908e+04 1.068572e+04
6.1 1.060142e+04 1.060159e+04 1.063466e+04 1.063449e+04
7.1 1.054591e+04 1.060391e+04 1.063532e+04 1.057732e+04
8.1 1.050200e+04 1.058231e+04 1.064122e+04 1.056091e+04
9.1 1.052793e+04 1.058777e+04 1.064590e+04 1.058606e+04
10.1 1.055466e+04 1.061982e+04 1.064756e+04 1.058240e+04
11.1 1.060474e+04 1.065003e+04 1.064759e+04 1.060231e+04
12.1 1.067896e+04 1.066928e+04 1.064719e+04 1.065687e+04
13.1 1.066959e+04 1.064989e+04 1.064672e+04 1.066643e+04
14.1 1.064691e+04 1.063313e+04 1.064635e+04 1.066013e+04
15.1 1.062968e+04 1.064625e+04 1.064613e+04 1.062956e+04
16.1 1.064253e+04 1.065125e+04 1.064605e+04 1.063733e+04
17.1 1.066442e+04 1.066315e+04 1.064604e+04 1.064730e+04
0.2 1.063950e+04 1.062760e+04 1.064363e+04 1.065553e+04
1.2 1.062198e+04 1.064283e+04 1.064531e+04 1.062446e+04
2.2 1.058795e+04 1.062018e+04 1.065762e+04 1.062539e+04
3.2 1.064735e+04 1.062393e+04 1.066467e+04 1.068810e+04
4.2 1.064807e+04 1.061142e+04 1.064908e+04 1.068572e+04
5.2 1.060142e+04 1.060159e+04 1.063466e+04 1.063449e+04
6.2 1.054591e+04 1.060391e+04 1.063532e+04 1.057732e+04
7.2 1.050200e+04 1.058231e+04 1.064122e+04 1.056091e+04
8.2 1.052793e+04 1.058777e+04 1.064590e+04 1.058606e+04
9.2 1.055466e+04 1.061982e+04 1.064756e+04 1.058240e+04
10.2 1.060474e+04 1.065003e+04 1.064759e+04 1.060231e+04
11.2 1.067896e+04 1.066928e+04 1.064719e+04 1.065687e+04
12.2 1.066959e+04 1.064989e+04 1.064672e+04 1.066643e+04
13.2 1.064691e+04 1.063313e+04 1.064635e+04 1.066013e+04
14.2 1.062968e+04 1.064625e+04 1.064613e+04 1.062956e+04
15.2 1.064253e+04 1.065125e+04 1.064605e+04 1.063733e+04
16.2 1.066442e+04 1.066315e+04 1.064604e+04 1.064730e+04
17.2 1.067787e+04 1.068550e+04 1.064605e+04 1.063843e+04
0.2 1.062198e+04 1.064283e+04 1.064531e+04 1.062446e+04
1.2 1.058795e+04 1.062018e+04 1.065762e+04 1.062539e+04
2.2 1.064735e+04 1.062393e+04 1.066467e+04 1.068810e+04
3.2 1.064807e+04 1.061142e+04 1.064908e+04 1.068572e+04
4.2 1.060142e+04 1.060159e+04 1.063466e+04 1.063449e+04
5.2 1.054591e+04 1.060391e+04 1.063532e+04 1.057732e+04
6.2 1.050200e+04 1.058231e+04 1.064122e+04 1.056091e+04
7.2 1.052793e+04 1.058777e+04 1.064590e+04 1.058606e+04
8.2 1.055466e+04 1.061982e+04 1.064756e+04 1.058240e+04
9.2 1.060474e+04 1.065003e+04 1.064759e+04 1.060231e+04
10.2 1.067896e+04 1.066928e+04 1.064719e+04 1.065687e+04
11.2 1.066959e+04 1.064989e+04 1.064672e+04 1.066643e+04
12.2 1.064691e+04 1.063313e+04 1.064635e+04 1.066013e+04
13.2 1.062968e+04 1.064625e+04 1.064613e+04 1.062956e+04
14.2 1.064253e+04 1.065125e+04 1.064605e+04 1.063733e+04
15.2 1.066442e+04 1.066315e+04 1.064604e+04 1.064730e+04
16.2 1.067787e+04 1.068550e+04 1.064605e+04 1.063843e+04
17.2 1.069385e+04 1.066458e+04 1.064606e+04 1.067534e+04
0.6 1.064735e+04 1.062393e+04 1.066467e+04 1.068810e+04
1.6 1.064807e+04 1.061142e+04 1.064908e+04 1.068572e+04
2.6 1.060142e+04 1.060159e+04 1.063466e+04 1.063449e+04
3.6 1.054591e+04 1.060391e+04 1.063532e+04 1.057732e+04
4.6 1.050200e+04 1.058231e+04 1.064122e+04 1.056091e+04
5.6 1.052793e+04 1.058777e+04 1.064590e+04 1.058606e+04
6.6 1.055466e+04 1.061982e+04 1.064756e+04 1.058240e+04
7.6 1.060474e+04 1.065003e+04 1.064759e+04 1.060231e+04
8.6 1.067896e+04 1.066928e+04 1.064719e+04 1.065687e+04
9.6 1.066959e+04 1.064989e+04 1.064672e+04 1.066643e+04
10.6 1.064691e+04 1.063313e+04 1.064635e+04 1.066013e+04
11.6 1.062968e+04 1.064625e+04 1.064613e+04 1.062956e+04
12.6 1.064253e+04 1.065125e+04 1.064605e+04 1.063733e+04
13.6 1.066442e+04 1.066315e+04 1.064604e+04 1.064730e+04
14.6 1.067787e+04 1.068550e+04 1.064605e+04 1.063843e+04
15.6 1.069385e+04 1.066458e+04 1.064606e+04 1.067534e+04
16.6 1.067569e+04 1.064954e+04 1.064607e+04 1.067222e+04
17.6 1.066538e+04 1.064504e+04 1.064607e+04 1.066641e+04
0.8 1.064807e+04 1.061142e+04 1.064908e+04 1.068572e+04
1.8 1.060142e+04 1.060159e+04 1.063466e+04 1.063449e+04
2.8 1.054591e+04 1.060391e+04 1.063532e+04 1.057732e+04
3.8 1.050200e+04 1.058231e+04 1.064122e+04 1.056091e+04
4.8 1.052793e+04 1.058777e+04 1.064590e+04 1.058606e+04
5.8 1.055466e+04 1.061982e+04 1.064756e+04 1.058240e+04
6.8 1.060474e+04 1.065003e+04 1.064759e+04 1.060231e+04
7.8 1.067896e+04 1.066928e+04 1.064719e+04 1.065687e+04
8.8 1.066959e+04 1.064989e+04 1.064672e+04 1.066643e+04
9.8 1.064691e+04 1.063313e+04 1.064635e+04 1.066013e+04
10.8 1.062968e+04 1.064625e+04 1.064613e+04 1.062956e+04
11.8 1.064253e+04 1.065125e+04 1.064605e+04 1.063733e+04
12.8 1.066442e+04 1.066315e+04 1.064604e+04 1.064730e+04
13.8 1.067787e+04 1.068550e+04 1.064605e+04 1.063843e+04
14.8 1.069385e+04 1.066458e+04 1.064606e+04 1.067534e+04
15.8 1.067569e+04 1.064954e+04 1.064607e+04 1.067222e+04
16.8 1.066538e+04 1.064504e+04 1.064607e+04 1.066641e+04
17.8 1.065825e+04 1.065536e+04 1.064607e+04 1.064896e+04
0.5 1.060142e+04 1.060159e+04 1.063466e+04 1.063449e+04
1.5 1.054591e+04 1.060391e+04 1.063532e+04 1.057732e+04
2.5 1.050200e+04 1.058231e+04 1.064122e+04 1.056091e+04
3.5 1.052793e+04 1.058777e+04 1.064590e+04 1.058606e+04
4.5 1.055466e+04 1.061982e+04 1.064756e+04 1.058240e+04
5.5 1.060474e+04 1.065003e+04 1.064759e+04 1.060231e+04
6.5 1.067896e+04 1.066928e+04 1.064719e+04 1.065687e+04
7.5 1.066959e+04 1.064989e+04 1.064672e+04 1.066643e+04
8.5 1.064691e+04 1.063313e+04 1.064635e+04 1.066013e+04
9.5 1.062968e+04 1.064625e+04 1.064613e+04 1.062956e+04
10.5 1.064253e+04 1.065125e+04 1.064605e+04 1.063733e+04
11.5 1.066442e+04 1.066315e+04 1.064604e+04 1.064730e+04
12.5 1.067787e+04 1.068550e+04 1.064605e+04 1.063843e+04
13.5 1.069385e+04 1.066458e+04 1.064606e+04 1.067534e+04
14.5 1.067569e+04 1.064954e+04 1.064607e+04 1.067222e+04
15.5 1.066538e+04 1.064504e+04 1.064607e+04 1.066641e+04
16.5 1.065825e+04 1.065536e+04 1.064607e+04 1.064896e+04
17.5 1.067404e+04 1.065110e+04 1.064607e+04 1.066901e+04
0.4 1.066784e+04 1.065139e+04 1.064682e+04 1.066327e+04
1.4 1.068243e+04 1.065876e+04 1.064845e+04 1.067211e+04
2.4 1.067080e+04 1.063761e+04 1.064690e+04 1.068009e+04
3.4 1.067692e+04 1.064768e+04 1.064234e+04 1.067158e+04
4.4 1.067223e+04 1.063886e+04 1.064104e+04 1.067442e+04
5.4 1.064496e+04 1.064485e+04 1.064270e+04 1.064281e+04
6.4 1.062738e+04 1.064635e+04 1.064431e+04 1.062535e+04
7.4 1.060593e+04 1.064128e+04 1.064519e+04 1.060983e+04
8.4 1.061901e+04 1.064568e+04 1.064601e+04 1.061934e+04
9.4 1.066482e+04 1.064061e+04 1.064794e+04 1.067216e+04
10.4 1.066006e+04 1.064072e+04 1.064830e+04 1.066764e+04
11.4 1.062695e+04 1.062868e+04 1.064659e+04 1.064486e+04
12.4 1.061240e+04 1.062422e+04 1.064601e+04 1.063420e+04
13.4 1.063430e+04 1.062371e+04 1.064669e+04 1.065729e+04
14.4 1.063604e+04 1.063147e+04 1.064688e+04 1.065144e+04
15.4 1.061304e+04 1.062011e+04 1.064702e+04 1.063994e+04
16.4 1.061560e+04 1.061331e+04 1.064760e+04 1.064989e+04
17.4 1.062397e+04 1.062996e+04 1.064745e+04 1.064146e+04
0.8 1.067080e+04 1.063761e+04 1.064690e+04 1.068009e+04
1.8 1.067692e+04 1.064768e+04 1.064234e+04 1.067158e+04
2.8 1.067223e+04 1.063886e+04 1.064104e+04 1.067442e+04
3.8 1.064496e+04 1.064485e+04 1.064270e+04 1.064281e+04
4.8 1.062738e+04 1.064635e+04 1.064431e+04 1.062535e+04
5.8 1.060593e+04 1.064128e+04 1.064519e+04 1.060983e+04
6.8 1.061901e+04 1.064568e+04 1.064601e+04 1.061934e+04
7.8 1.066482e+04 1.064061e+04 1.064794e+04 1.067216e+04
8.8 1.066006e+04 1.064072e+04 1.064830e+04 1.066764e+04
9.8 1.062695e+04 1.062868e+04 1.064659e+04 1.064486e+04
10.8 1.061240e+04 1.062422e+04 1.064601e+04 1.063420e+04
11.8 1.063430e+04 1.062371e+04 1.064669e+04 1.065729e+04
12.8 1.063604e+04 1.063147e+04 1.064688e+04 1.065144e+04
13.8 1.061304e+04 1.062011e+04 1.064702e+04 1.063994e+04
14.8 1.061560e+04 1.061331e+04 1.064760e+04 1.064989e+04
15.8 1.062397e+04 1.062996e+04 1.064745e+04 1.064146e+04
16.8 1.064861e+04 1.064810e+04 1.064671e+04 1.064723e+04
17.8 1.068648e+04 1.067518e+04 1.064613e+04 1.065743e+04
0.7 1.067692e+04 1.064768e+04 1.064234e+04 1.067158e+04
1.7 1.067223e+04 1.063886e+04 1.064104e+04 1.067442e+04
2.7 1.064496e+04 1.064485e+04 1.064270e+04 1.064281e+04
3.7 1.062738e+04 1.064635e+04 1.064431e+04 1.062535e+04
4.7 1.060593e+04 1.064128e+04 1.064519e+04 1.060983e+04
5.7 1.061901e+04 1.064568e+04 1.064601e+04 1.061934e+04
6.7 1.066482e+04 1.064061e+04 1.064794e+04 1.067216e+04
7.7 1.066006e+04 1.064072e+04 1.064830e+04 1.066764e+04
8.7 1.062695e+04 1.062868e+04 1.064659e+04 1.064486e+04
9.7 1.061240e+04 1.062422e+04 1.064601e+04 1.063420e+04
10.7 1.063430e+04 1.062371e+04 1.064669e+04 1.065729e+04
11.7 1.063604e+04 1.063147e+04 1.064688e+04 1.065144e+04
12.7 1.061304e+04 1.062011e+04 1.064702e+04 1.063994e+04
13.7 1.061560e+04 1.061331e+04 1.064760e+04 1.064989e+04
14.7 1.062397e+04 1.062996e+04 1.064745e+04 1.064146e+04
15.7 1.064861e+04 1.064810e+04 1.064671e+04 1.064723e+04
16.7 1.068648e+04 1.067518e+04 1.064613e+04 1.065743e+04
17.7 1.068184e+04 1.067673e+04 1.064583e+04 1.065094e+04
0.3 1.067223e+04 1.063886e+04 1.064104e+04 1.067442e+04
1.3 1.064496e+04 1.064485e+04 1.064270e+04 1.064281e+04
2.3 1.062738e+04 1.064635e+04 1.064431e+04 1.062535e+04
3.3 1.060593e+04 1.064128e+04 1.064519e+04 1.060983e+04
4.3 1.061901e+04 1.064568e+04 1.064601e+04 1.061934e+04
5.3 1.066482e+04 1.064061e+04 1.064794e+04 1.067216e+04
6.3 1.066006e+04 1.064072e+04 1.064830e+04 1.066764e+04
7.3 1.062695e+04 1.062868e+04 1.064659e+04 1.064486e+04
8.3 1.061240e+04 1.062422e+04 1.064601e+04 1.063420e+04
9.3 1.063430e+04 1.062371e+04 1.064669e+04 1.065729e+04
10.3 1.063604e+04 1.063147e+04 1.064688e+04 1.065144e+04
11.3 1.061304e+04 1.062011e+04 1.064702e+04 1.063994e+04
12.3 1.061560e+04 1.061331e+04 1.064760e+04 1.064989e+04
13.3 1.062397e+04 1.062996e+04 1.064745e+04 1.064146e+04
14.3 1.064861e+04 1.064810e+04 1.064671e+04 1.064723e+04
15.3 1.068648e+04 1.067518e+04 1.064613e+04 1.065743e+04
16.3 1.068184e+04 1.067673e+04 1.064583e+04 1.065094e+04
17.3 1.062981e+04 1.065270e+04 1.064573e+04 1.062284e+04
0.3 1.064496e+04 1.064485e+04 1.064270e+04 1.064281e+04
1.3 1.062738e+04 1.064635e+04 1.064431e+04 1.062535e+04
2.3 1.060593e+04 1.064128e+04 1.064519e+04 1.060983e+04
3.3 1.061901e+04 1.064568e+04 1.064601e+04 1.061934e+04
4.3 1.066482e+04 1.064061e+04 1.064794e+04 1.067216e+04
5.3 1.066006e+04 1.064072e+04 1.064830e+04 1.066764e+04
6.3 1.062695e+04 1.062868e+04 1.064659e+04 1.064486e+04
7.3 1.061240e+04 1.062422e+04 1.064601e+04 1.063420e+04
8.3 1.063430e+04 1.062371e+04 1.064669e+04 1.065729e+04
9.3 1.063604e+04 1.063147e+04 1.064688e+04 1.065144e+04
10.3 1.061304e+04 1.062011e+04 1.064702e+04 1.063994e+04
11.3 1.061560e+04 1.061331e+04 1.064760e+04 1.064989e+04
12.3 1.062397e+04 1.062996e+04 1.064745e+04 1.064146e+04
13.3 1.064861e+04 1.064810e+04 1.064671e+04 1.064723e+04
14.3 1.068648e+04 1.067518e+04 1.064613e+04 1.065743e+04
15.3 1.068184e+04 1.067673e+04 1.064583e+04 1.065094e+04
16.3 1.062981e+04 1.065270e+04 1.064573e+04 1.062284e+04
17.3 1.062272e+04 1.060009e+04 1.064572e+04 1.066835e+04
0.0 1.062738e+04 1.064635e+04 1.064431e+04 1.062535e+04
1.0 1.060593e+04 1.064128e+04 1.064519e+04 1.060983e+04
2.0 1.061901e+04 1.064568e+04 1.064601e+04 1.061934e+04
3.0 1.066482e+04 1.064061e+04 1.064794e+04 1.067216e+04
4.0 1.066006e+04 1.064072e+04 1.064830e+04 1.066764e+04
5.0 1.062695e+04 1.062868e+04 1.064659e+04 1.064486e+04
6.0 1.061240e+04 1.062422e+04 1.064601e+04 1.063420e+04
7.0 1.063430e+04 1.062371e+04 1.064669e+04 1.065729e+04
8.0 1.063604e+04 1.063147e+04 1.064688e+04 1.065144e+04
9.0 1.061304e+04 1.062011e+04 1.064702e+04 1.063994e+04
10.0 1.061560e+04 1.061331e+04 1.064760e+04 1.064989e+04
11.0 1.062397e+04 1.062996e+04 1.064745e+04 1.064146e+04
12.0 1.064861e+04 1.064810e+04 1.064671e+04 1.064723e+04
13.0 1.068648e+04 1.067518e+04 1.064613e+04 1.065743e+04
14.0 1.068184e+04 1.067673e+04 1.064583e+04 1.065094e+04
15.0 1.062981e+04 1.065270e+04 1.064573e+04 1.062284e+04
16.0 1.062272e+04 1.060009e+04 1.064572e+04 1.066835e+04
17.0 1.062879e+04 1.061986e+04 1.064577e+04 1.065470e+04
0.2 1.060593e+04 1.064128e+04 1.064519e+04 1.060983e+04
1.2 1.061901e+04 1.064568e+04 1.064601e+04 1.061934e+04
2.2 1.066482e+04 1.064061e+04 1.064794e+04 1.067216e+04
3.2 1.066006e+04 1.064072e+04 1.064830e+04 1.066764e+04
4.2 1.062695e+04 1.062868e+04 1.064659e+04 1.064486e+04
5.2 1.061240e+04 1.062422e+04 1.064601e+04 1.063420e+04
6.2 1.063430e+04 1.062371e+04 1.064669e+04 1.065729e+04
7.2 1.063604e+04 1.063147e+04 1.064688e+04 1.065144e+04
8.2 1.061304e+04 1.062011e+04 1.064702e+04 1.063994e+04
9.2 1.061560e+04 1.061331e+04 1.064760e+04 1.064989e+04
10.2 1.062397e+04 1.062996e+04 1.064745e+04 1.064146e+04
11.2 1.064861e+04 1.064810e+04 1.064671e+04 1.064723e+04
12.2 1.068648e+04 1.067518e+04 1.064613e+04 1.065743e+04
13.2 1.068184e+04 1.067673e+04 1.064583e+04 1.065094e+04
14.2 1.062981e+04 1.065270e+04 1.064573e+04 1.062284e+04
15.2 1.062272e+04 1.060009e+04 1.064572e+04 1.066835e+04
16.2 1.062879e+04 1.061986e+04 1.064577e+04 1.065470e+04
17.2 1.063072e+04 1.063321e+04 1.064582e+04 1.064334e+04
0.6 1.066482e+04 1.064061e+04 1.064794e+04 1.067216e+04
1.6 1.066006e+04 1.064072e+04 1.064830e+04 1.066764e+04
2.6 1.062695e+04 1.062868e+04 1.064659e+04 1.064486e+04
3.6 1.061240e+04 1.062422e+04 1.064601e+04 1.063420e+04
4.6 1.063430e+04 1.062371e+04 1.064669e+04 1.065729e+04
5.6 1.063604e+04 1.063147e+04 1.064688e+04 1.065144e+04
6.6 1.061304e+04 1.062011e+04 1.064702e+04 1.063994e+04
7.6 1.061560e+04 1.061331e+04 1.064760e+04 1.064989e+04
8.6 1.062397e+04 1.062996e+04 1.064745e+04 1.064146e+04
9.6 1.064861e+04 1.064810e+04 1.064671e+04 1.064723e+04
10.6 1.068648e+04 1.067518e+04 1.064613e+04 1.065743e+04
11.6 1.068184e+04 1.067673e+04 1.064583e+04 1.065094e+04
12.6 1.062981e+04 1.065270e+04 1.064573e+04 1.062284e+04
13.6 1.062272e+04 1.060009e+04 1.064572e+04 1.066835e+04
14.6 1.062879e+04 1.061986e+04 1.064577e+04 1.065470e+04
15.6 1.063072e+04 1.063321e+04 1.064582e+04 1.064334e+04
16.6 1.064669e+04 1.062710e+04 1.064587e+04 1.066547e+04
17.6 1.066716e+04 1.066667e+04 1.064590e+04 1.064639e+04
0.5 1.066006e+04 1.064072e+04 1.064830e+04 1.066764e+04
1.5 1.062695e+04 1.062868e+04 1.064659e+04 1.064486e+04
2.5 1.061240e+04 1.062422e+04 1.064601e+04 1.063420e+04
3.5 1.063430e+04 1.062371e+04 1.064669e+04 1.065729e+04
4.5 1.063604e+04 1.063147e+04 1.064688e+04 1.065144e+04
5.5 1.061304e+04 1.062011e+04 1.064702e+04 1.063994e+04
6.5 1.061560e+04 1.061331e+04 1.064760e+04 1.064989e+04
7.5 1.062397e+04 1.062996e+04 1.064745e+04 1.064146e+04
8.5 1.064861e+04 1.064810e+04 1.064671e+04 1.064723e+04
9.5 1.068648e+04 1.067518e+04 1.064613e+04 1.065743e+04
10.5 1.068184e+04 1.067673e+04 1.064583e+04 1.065094e+04
11.5 1.062981e+04 1.065270e+04 1.064573e+04 1.062284e+04
12.5 1.062272e+04 1.060009e+04 1.064572e+04 1.066835e+04
13.5 1.062879e+04 1.061986e+04 1.064577e+04 1.065470e+04
14.5 1.063072e+04 1.063321e+04 1.064582e+04 1.064334e+04
15.5 1.064669e+04 1.062710e+04 1.064587e+04 1.066547e+04
16.5 1.066716e+04 1.066667e+04 1.064590e+04 1.064639e+04
17.5 1.067934e+04 1.068371e+04 1.064592e+04 1.064156e+04
1.0 1.061240e+04 1.062422e+04 1.064601e+04 1.063420e+04
2.0 1.063430e+04 1.062371e+04 1.064669e+04 1.065729e+04
3.0 1.063604e+04 1.063147e+04 1.064688e+04 1.065144e+04
4.0 1.061304e+04 1.062011e+04 1.064702e+04 1.063994e+04
5.0 1.061560e+04 1.061331e+04 1.064760e+04 1.064989e+04
6.0 1.062397e+04 1.062996e+04 1.064745e+04 1.064146e+04
7.0 1.064861e+04 1.064810e+04 1.064671e+04 1.064723e+04
8.0 1.068648e+04 1.067518e+04 1.064613e+04 1.065743e+04
9.0 1.068184e+04 1.067673e+04 1.064583e+04 1.065094e+04
10.0 1.062981e+04 1.065270e+04 1.064573e+04 1.062284e+04
11.0 1.062272e+04 1.060009e+04 1.064572e+04 1.066835e+04
12.0 1.062879e+04 1.061986e+04 1.064577e+04 1.065470e+04
13.0 1.063072e+04 1.063321e+04 1.064582e+04 1.064334e+04
14.0 1.064669e+04 1.062710e+04 1.064587e+04 1.066547e+04
15.0 1.066716e+04 1.066667e+04 1.064590e+04 1.064639e+04
16.0 1.067934e+04 1.068371e+04 1.064592e+04 1.064156e+04
17.0 1.068578e+04 1.067622e+04 1.064594e+04 1.065550e+04
18.0 1.068681e+04 1.062711e+04 1.064595e+04 1.070565e+04
0.3 1.063430e+04 1.062371e+04 1.064669e+04 1.065729e+04
1.3 1.063604e+04 1.063147e+04 1.064688e+04 1.065144e+04
2.3 1.061304e+04 1.062011e+04 1.064702e+04 1.063994e+04
3.3 1.061560e+04 1.061331e+04 1.064760e+04 1.064989e+04
4.3 1.062397e+04 1.062996e+04 1.064745e+04 1.064146e+04
5.3 1.064861e+04 1.064810e+04 1.064671e+04 1.064723e+04
6.3 1.068648e+04 1.067518e+04 1.064613e+04 1.065743e+04
7.3 1.068184e+04 1.067673e+04 1.064583e+04 1.065094e+04
8.3 1.062981e+04 1.065270e+04 1.064573e+04 1.062284e+04
9.3 1.062272e+04 1.060009e+04 1.064572e+04 1.066835e+04
10.3 1.062879e+04 1.061986e+04 1.064577e+04 1.065470e+04
11.3 1.063072e+04 1.063321e+04 1.064582e+04 1.064334e+04
12.3 1.064669e+04 1.062710e+04 1.064587e+04 1.066547e+04
13.3 1.066716e+04 1.066667e+04 1.064590e+04 1.064639e+04
14.3 1.067934e+04 1.068371e+04 1.064592e+04 1.064156e+04
15.3 1.068578e+04 1.067622e+04 1.064594e+04 1.065550e+04
16.3 1.068681e+04 1.062711e+04 1.064595e+04 1.070565e+04
17.3 1.065822e+04 1.060747e+04 1.064596e+04 1.069672e+04
0.4 1.070010e+04 1.067539e+04 1.064675e+04 1.067145e+04
1.4 1.068916e+04 1.067953e+04 1.064843e+04 1.065806e+04
2.4 1.070840e+04 1.065963e+04 1.064753e+04 1.069630e+04
3.4 1.066571e+04 1.063149e+04 1.064479e+04 1.067900e+04
4.4 1.058598e+04 1.063786e+04 1.064414e+04 1.059226e+04
5.4 1.055144e+04 1.064218e+04 1.064413e+04 1.055338e+04
6.4 1.055682e+04 1.064821e+04 1.064274e+04 1.055135e+04
7.4 1.059083e+04 1.063796e+04 1.064226e+04 1.059513e+04
8.4 1.060639e+04 1.062820e+04 1.064391e+04 1.062210e+04
9.4 1.064420e+04 1.062678e+04 1.064687e+04 1.066429e+04
10.4 1.063464e+04 1.062930e+04 1.064934e+04 1.065468e+04
11.4 1.068883e+04 1.061889e+04 1.064924e+04 1.071918e+04
12.4 1.064207e+04 1.064899e+04 1.064790e+04 1.064098e+04
13.4 1.063744e+04 1.066362e+04 1.064678e+04 1.062060e+04
14.4 1.059971e+04 1.066280e+04 1.064613e+04 1.058303e+04
15.4 1.049262e+04 1.062597e+04 1.064582e+04 1.051247e+04
16.4 1.048659e+04 1.060598e+04 1.064574e+04 1.052636e+04
17.4 1.053003e+04 1.063777e+04 1.064577e+04 1.053802e+04
0.7 1.055144e+04 1.064218e+04 1.064413e+04 1.055338e+04
1.7 1.055682e+04 1.064821e+04 1.064274e+04 1.055135e+04
2.7 1.059083e+04 1.063796e+04 1.064226e+04 1.059513e+04
3.7 1.060639e+04 1.062820e+04 1.064391e+04 1.062210e+04
4.7 1.064420e+04 1.062678e+04 1.064687e+04 1.066429e+04
5.7 1.063464e+04 1.062930e+04 1.064934e+04 1.065468e+04
6.7 1.068883e+04 1.061889e+04 1.064924e+04 1.071918e+04
7.7 1.064207e+04 1.064899e+04 1.064790e+04 1.064098e+04
8.7 1.063744e+04 1.066362e+04 1.064678e+04 1.062060e+04
9.7 1.059971e+04 1.066280e+04 1.064613e+04 1.058303e+04
10.7 1.049262e+04 1.062597e+04 1.064582e+04 1.051247e+04
11.7 1.048659e+04 1.060598e+04 1.064574e+04 1.052636e+04
12.7 1.053003e+04 1.063777e+04 1.064577e+04 1.053802e+04
13.7 1.059268e+04 1.065258e+04 1.064584e+04 1.058594e+04
14.7 1.063254e+04 1.066756e+04 1.064590e+04 1.061088e+04
15.7 1.068532e+04 1.069856e+04 1.064594e+04 1.063270e+04
16.7 1.069239e+04 1.069800e+04 1.064596e+04 1.064035e+04
17.7 1.072929e+04 1.067043e+04 1.064597e+04 1.070483e+04
0.6 1.055682e+04 1.064821e+04 1.064274e+04 1.055135e+04
1.6 1.059083e+04 1.063796e+04 1.064226e+04 1.059513e+04
2.6 1.060639e+04 1.062820e+04 1.064391e+04 1.062210e+04
3.6 1.064420e+04 1.062678e+04 1.064687e+04 1.066429e+04
4.6 1.063464e+04 1.062930e+04 1.064934e+04 1.065468e+04
5.6 1.068883e+04 1.061889e+04 1.064924e+04 1.071918e+04
6.6 1.064207e+04 1.064899e+04 1.064790e+04 1.064098e+04
7.6 1.063744e+04 1.066362e+04 1.064678e+04 1.062060e+04
8.6 1.059971e+04 1.066280e+04 1.064613e+04 1.058303e+04
9.6 1.049262e+04 1.062597e+04 1.064582e+04 1.051247e+04
10.6 1.048659e+04 1.060598e+04 1.064574e+04 1.052636e+04
11.6 1.053003e+04 1.063777e+04 1.064577e+04 1.053802e+04
12.6 1.059268e+04 1.065258e+04 1.064584e+04 1.058594e+04
13.6 1.063254e+04 1.066756e+04 1.064590e+04 1.061088e+04
14.6 1.068532e+04 1.069856e+04 1.064594e+04 1.063270e+04
15.6 1.069239e+04 1.069800e+04 1.064596e+04 1.064035e+04
16.6 1.072929e+04 1.067043e+04 1.064597e+04 1.070483e+04
17.6 1.074609e+04 1.064422e+04 1.064598e+04 1.074785e+04
0.3 1.059083e+04 1.063796e+04 1.064226e+04 1.059513e+04
1.3 1.060639e+04 1.062820e+04 1.064391e+04 1.062210e+04
2.3 1.064420e+04 1.062678e+04 1.064687e+04 1.066429e+04
3.3 1.063464e+04 1.062930e+04 1.064934e+04 1.065468e+04
4.3 1.068883e+04 1.061889e+04 1.064924e+04 1.071918e+04
5.3 1.064207e+04 1.064899e+04 1.064790e+04 1.064098e+04
6.3 1.063744e+04 1.066362e+04 1.064678e+04 1.062060e+04
7.3 1.059971e+04 1.066280e+04 1.064613e+04 1.058303e+04
8.3 1.049262e+04 1.062597e+04 1.064582e+04 1.051247e+04
9.3 1.048659e+04 1.060598e+04 1.064574e+04 1.052636e+04
10.3 1.053003e+04 1.063777e+04 1.064577e+04 1.053802e+04
11.3 1.059268e+04 1.065258e+04 1.064584e+04 1.058594e+04
12.3 1.063254e+04 1.066756e+04 1.064590e+04 1.061088e+04
13.3 1.068532e+04 1.069856e+04 1.064594e+04 1.063270e+04
14.3 1.069239e+04 1.069800e+04 1.064596e+04 1.064035e+04
15.3 1.072929e+04 1.067043e+04 1.064597e+04 1.070483e+04
16.3 1.074609e+04 1.064422e+04 1.064598e+04 1.074785e+04
17.3 1.070622e+04 1.066129e+04 1.064598e+04 1.069090e+04
