0.5 1.051825e+04 1.051591e+04 1.052921e+04 1.053155e+04
1.5 1.053963e+04 1.053898e+04 1.052721e+04 1.052787e+04
2.5 1.051352e+04 1.052136e+04 1.052013e+04 1.051229e+04
3.5 1.049494e+04 1.050789e+04 1.051277e+04 1.049983e+04
4.5 1.053301e+04 1.051227e+04 1.050853e+04 1.052927e+04
5.5 1.049402e+04 1.050498e+04 1.050700e+04 1.049604e+04
6.5 1.048681e+04 1.051068e+04 1.050895e+04 1.048508e+04
7.5 1.052720e+04 1.051777e+04 1.051660e+04 1.052603e+04
8.5 1.052077e+04 1.050231e+04 1.052465e+04 1.054312e+04
9.5 1.048984e+04 1.050748e+04 1.052944e+04 1.051181e+04
10.5 1.049853e+04 1.049257e+04 1.053134e+04 1.053730e+04
11.5 1.050023e+04 1.049904e+04 1.053157e+04 1.053276e+04
12.5 1.052612e+04 1.053486e+04 1.053105e+04 1.052231e+04
13.5 1.050900e+04 1.052917e+04 1.053033e+04 1.051016e+04
14.5 1.053275e+04 1.055400e+04 1.052967e+04 1.050842e+04
15.5 1.056645e+04 1.054836e+04 1.052720e+04 1.054529e+04
16.5 1.054101e+04 1.053319e+04 1.051981e+04 1.052763e+04
17.5 1.055839e+04 1.053206e+04 1.051225e+04 1.053858e+04
18.5 1.052440e+04 1.051177e+04 1.050789e+04 1.052052e+04
19.5 1.051683e+04 1.052387e+04 1.050627e+04 1.049923e+04
20.5 1.052970e+04 1.052414e+04 1.050814e+04 1.051371e+04
21.5 1.052534e+04 1.051672e+04 1.051572e+04 1.052434e+04
22.5 1.054504e+04 1.055310e+04 1.052372e+04 1.051566e+04
0.5 1.053275e+04 1.055400e+04 1.052967e+04 1.050842e+04
1.5 1.056645e+04 1.054836e+04 1.052720e+04 1.054529e+04
2.5 1.054101e+04 1.053319e+04 1.051981e+04 1.052763e+04
3.5 1.055839e+04 1.053206e+04 1.051225e+04 1.053858e+04
4.5 1.052440e+04 1.051177e+04 1.050789e+04 1.052052e+04
5.5 1.051683e+04 1.052387e+04 1.050627e+04 1.049923e+04
6.5 1.052970e+04 1.052414e+04 1.050814e+04 1.051371e+04
7.5 1.052534e+04 1.051672e+04 1.051572e+04 1.052434e+04
8.5 1.054504e+04 1.055310e+04 1.052372e+04 1.051566e+04
9.5 1.054396e+04 1.053693e+04 1.052845e+04 1.053548e+04
10.5 1.052576e+04 1.052181e+04 1.053029e+04 1.053424e+04
11.5 1.051807e+04 1.050507e+04 1.053048e+04 1.054347e+04
12.5 1.050035e+04 1.048549e+04 1.052991e+04 1.054477e+04
13.5 1.051406e+04 1.051567e+04 1.052914e+04 1.052754e+04
14.5 1.050753e+04 1.051585e+04 1.052847e+04 1.052014e+04
15.5 1.053046e+04 1.053743e+04 1.052797e+04 1.052100e+04
16.5 1.053682e+04 1.054556e+04 1.052762e+04 1.051889e+04
17.5 1.054293e+04 1.052925e+04 1.052539e+04 1.053907e+04
18.5 1.056296e+04 1.053806e+04 1.051815e+04 1.054304e+04
19.5 1.049690e+04 1.051266e+04 1.051065e+04 1.049489e+04
20.5 1.050367e+04 1.050682e+04 1.050631e+04 1.050317e+04
21.5 1.050809e+04 1.051050e+04 1.050469e+04 1.050227e+04
22.5 1.047602e+04 1.049537e+04 1.050654e+04 1.048719e+04
0.5 1.053682e+04 1.054556e+04 1.052762e+04 1.051889e+04
1.5 1.054293e+04 1.052925e+04 1.052539e+04 1.053907e+04
2.5 1.056296e+04 1.053806e+04 1.051815e+04 1.054304e+04
3.5 1.049690e+04 1.051266e+04 1.051065e+04 1.049489e+04
4.5 1.050367e+04 1.050682e+04 1.050631e+04 1.050317e+04
5.5 1.050809e+04 1.051050e+04 1.050469e+04 1.050227e+04
6.5 1.047602e+04 1.049537e+04 1.050654e+04 1.048719e+04
7.5 1.047958e+04 1.050409e+04 1.051411e+04 1.048961e+04
8.5 1.048453e+04 1.048126e+04 1.052210e+04 1.052537e+04
9.5 1.049066e+04 1.048319e+04 1.052682e+04 1.053429e+04
10.5 1.049414e+04 1.050716e+04 1.052865e+04 1.051563e+04
11.5 1.051768e+04 1.053031e+04 1.052884e+04 1.051621e+04
12.5 1.053786e+04 1.053184e+04 1.052827e+04 1.053429e+04
13.5 1.052484e+04 1.053161e+04 1.052751e+04 1.052074e+04
14.5 1.053898e+04 1.054764e+04 1.052684e+04 1.051819e+04
15.5 1.049251e+04 1.052248e+04 1.052636e+04 1.049639e+04
16.5 1.052418e+04 1.052159e+04 1.052605e+04 1.052863e+04
17.5 1.052489e+04 1.052799e+04 1.052585e+04 1.052274e+04
18.5 1.052628e+04 1.051445e+04 1.052571e+04 1.053754e+04
19.5 1.054406e+04 1.053224e+04 1.052561e+04 1.053743e+04
20.5 1.055827e+04 1.053050e+04 1.052553e+04 1.055330e+04
21.5 1.053476e+04 1.053667e+04 1.052545e+04 1.052354e+04
22.5 1.053341e+04 1.054083e+04 1.052538e+04 1.051796e+04
0.5 1.051127e+04 1.051469e+04 1.052478e+04 1.052136e+04
1.5 1.054407e+04 1.053647e+04 1.052278e+04 1.053038e+04
2.5 1.051279e+04 1.052015e+04 1.051571e+04 1.050835e+04
3.5 1.051081e+04 1.051258e+04 1.050836e+04 1.050659e+04
4.5 1.051724e+04 1.051624e+04 1.050415e+04 1.050515e+04
5.5 1.048583e+04 1.049802e+04 1.050264e+04 1.049044e+04
6.5 1.053656e+04 1.050726e+04 1.050461e+04 1.053391e+04
7.5 1.050595e+04 1.049937e+04 1.051230e+04 1.051889e+04
8.5 1.049426e+04 1.048069e+04 1.052040e+04 1.053396e+04
9.5 1.052308e+04 1.049891e+04 1.052524e+04 1.054940e+04
10.5 1.050001e+04 1.049263e+04 1.052718e+04 1.053457e+04
11.5 1.055289e+04 1.052815e+04 1.052748e+04 1.055222e+04
12.5 1.051735e+04 1.051687e+04 1.052703e+04 1.052750e+04
13.5 1.054842e+04 1.054893e+04 1.052638e+04 1.052587e+04
14.5 1.053925e+04 1.053234e+04 1.052582e+04 1.053272e+04
15.5 1.053348e+04 1.053039e+04 1.052544e+04 1.052853e+04
16.5 1.053895e+04 1.053310e+04 1.052523e+04 1.053107e+04
17.5 1.048626e+04 1.050757e+04 1.052513e+04 1.050382e+04
18.5 1.049505e+04 1.052418e+04 1.052510e+04 1.049597e+04
19.5 1.051458e+04 1.050761e+04 1.052509e+04 1.053206e+04
20.5 1.051097e+04 1.052729e+04 1.052510e+04 1.050878e+04
21.5 1.053123e+04 1.053711e+04 1.052511e+04 1.051923e+04
22.5 1.053318e+04 1.052539e+04 1.052512e+04 1.053292e+04
0.5 1.055490e+04 1.053544e+04 1.052564e+04 1.054510e+04
1.5 1.053416e+04 1.051152e+04 1.052366e+04 1.054630e+04
2.5 1.055141e+04 1.052997e+04 1.051661e+04 1.053805e+04
3.5 1.051259e+04 1.050816e+04 1.050928e+04 1.051371e+04
4.5 1.048722e+04 1.050467e+04 1.050509e+04 1.048763e+04
5.5 1.050349e+04 1.050760e+04 1.050361e+04 1.049950e+04
6.5 1.048230e+04 1.050225e+04 1.050560e+04 1.048566e+04
7.5 1.050663e+04 1.050513e+04 1.051332e+04 1.051481e+04
8.5 1.048144e+04 1.048872e+04 1.052144e+04 1.051416e+04
9.5 1.047032e+04 1.048888e+04 1.052631e+04 1.050774e+04
10.5 1.050236e+04 1.051827e+04 1.052828e+04 1.051237e+04
11.5 1.050237e+04 1.053742e+04 1.052860e+04 1.049355e+04
12.5 1.056677e+04 1.054320e+04 1.052817e+04 1.055174e+04
13.5 1.052242e+04 1.053925e+04 1.052754e+04 1.051071e+04
14.5 1.055354e+04 1.054193e+04 1.052701e+04 1.053861e+04
15.5 1.053106e+04 1.053334e+04 1.052665e+04 1.052437e+04
16.5 1.052245e+04 1.052443e+04 1.052647e+04 1.052449e+04
17.5 1.052469e+04 1.053094e+04 1.052639e+04 1.052014e+04
18.5 1.052849e+04 1.052040e+04 1.052638e+04 1.053446e+04
19.5 1.054988e+04 1.052939e+04 1.052640e+04 1.054689e+04
20.5 1.053271e+04 1.051352e+04 1.052643e+04 1.054561e+04
21.5 1.056890e+04 1.054292e+04 1.052646e+04 1.055244e+04
22.5 1.053527e+04 1.052838e+04 1.052650e+04 1.053339e+04
0.5 1.054547e+04 1.054345e+04 1.052668e+04 1.052870e+04
1.5 1.049782e+04 1.052037e+04 1.052470e+04 1.050215e+04
2.5 1.052902e+04 1.052563e+04 1.051764e+04 1.052103e+04
3.5 1.054605e+04 1.051959e+04 1.051030e+04 1.053676e+04
4.5 1.050992e+04 1.050260e+04 1.050610e+04 1.051342e+04
5.5 1.050951e+04 1.051420e+04 1.050460e+04 1.049991e+04
6.5 1.050290e+04 1.050352e+04 1.050659e+04 1.050597e+04
7.5 1.050564e+04 1.051798e+04 1.051429e+04 1.050194e+04
8.5 1.054519e+04 1.053508e+04 1.052240e+04 1.053252e+04
9.5 1.053058e+04 1.052510e+04 1.052726e+04 1.053274e+04
10.5 1.051685e+04 1.052735e+04 1.052923e+04 1.051873e+04
11.5 1.047128e+04 1.049001e+04 1.052954e+04 1.051080e+04
12.5 1.050990e+04 1.050059e+04 1.052909e+04 1.053840e+04
13.5 1.050403e+04 1.049514e+04 1.052843e+04 1.053732e+04
14.5 1.051840e+04 1.052278e+04 1.052786e+04 1.052348e+04
