0.5 1.113805e+04 1.111441e+04 1.110129e+04 1.112492e+04
1.5 1.112746e+04 1.109604e+04 1.109825e+04 1.112967e+04
2.5 1.110454e+04 1.110963e+04 1.108712e+04 1.108203e+04
3.5 1.105058e+04 1.107700e+04 1.107556e+04 1.104914e+04
4.5 1.104583e+04 1.107435e+04 1.106898e+04 1.104046e+04
5.5 1.101374e+04 1.108636e+04 1.106670e+04 1.099408e+04
6.5 1.105215e+04 1.107893e+04 1.106995e+04 1.104317e+04
7.5 1.119774e+04 1.112622e+04 1.108227e+04 1.115379e+04
8.5 1.112567e+04 1.111328e+04 1.109525e+04 1.110764e+04
9.5 1.107671e+04 1.111545e+04 1.110303e+04 1.106430e+04
10.5 1.108200e+04 1.113214e+04 1.110621e+04 1.105607e+04
11.5 1.111988e+04 1.112092e+04 1.110676e+04 1.110572e+04
12.5 1.110449e+04 1.113063e+04 1.110611e+04 1.107998e+04
13.5 1.122188e+04 1.111302e+04 1.110514e+04 1.121400e+04
14.5 1.119189e+04 1.113103e+04 1.110428e+04 1.116514e+04
15.5 1.106548e+04 1.110665e+04 1.110054e+04 1.105936e+04
16.5 1.108302e+04 1.109169e+04 1.108898e+04 1.108031e+04
17.5 1.110065e+04 1.110444e+04 1.107715e+04 1.107336e+04
18.5 1.102368e+04 1.106811e+04 1.107041e+04 1.102598e+04
19.5 1.108338e+04 1.108479e+04 1.106802e+04 1.106661e+04
20.5 1.113025e+04 1.109420e+04 1.107117e+04 1.110722e+04
21.5 1.112962e+04 1.109270e+04 1.108341e+04 1.112033e+04
22.5 1.114206e+04 1.112168e+04 1.109631e+04 1.111669e+04
0.5 1.119189e+04 1.113103e+04 1.110428e+04 1.116514e+04
1.5 1.106548e+04 1.110665e+04 1.110054e+04 1.105936e+04
2.5 1.108302e+04 1.109169e+04 1.108898e+04 1.108031e+04
3.5 1.110065e+04 1.110444e+04 1.107715e+04 1.107336e+04
4.5 1.102368e+04 1.106811e+04 1.107041e+04 1.102598e+04
5.5 1.108338e+04 1.108479e+04 1.106802e+04 1.106661e+04
6.5 1.113025e+04 1.109420e+04 1.107117e+04 1.110722e+04
7.5 1.112962e+04 1.109270e+04 1.108341e+04 1.112033e+04
8.5 1.114206e+04 1.112168e+04 1.109631e+04 1.111669e+04
9.5 1.116641e+04 1.109585e+04 1.110401e+04 1.117457e+04
10.5 1.111837e+04 1.114416e+04 1.110712e+04 1.108133e+04
11.5 1.113756e+04 1.113284e+04 1.110759e+04 1.111231e+04
12.5 1.113343e+04 1.111057e+04 1.110687e+04 1.112972e+04
13.5 1.104631e+04 1.112214e+04 1.110583e+04 1.103000e+04
14.5 1.107056e+04 1.110494e+04 1.110493e+04 1.107054e+04
15.5 1.107749e+04 1.110910e+04 1.110432e+04 1.107271e+04
16.5 1.113101e+04 1.111458e+04 1.110395e+04 1.112038e+04
17.5 1.109093e+04 1.108742e+04 1.110058e+04 1.110410e+04
18.5 1.108788e+04 1.109376e+04 1.108923e+04 1.108335e+04
19.5 1.108231e+04 1.109980e+04 1.107748e+04 1.105999e+04
20.5 1.103202e+04 1.106320e+04 1.107074e+04 1.103957e+04
21.5 1.113503e+04 1.108701e+04 1.106832e+04 1.111634e+04
22.5 1.111607e+04 1.108463e+04 1.107143e+04 1.110287e+04
0.5 1.113101e+04 1.111458e+04 1.110395e+04 1.112038e+04
1.5 1.109093e+04 1.108742e+04 1.110058e+04 1.110410e+04
2.5 1.108788e+04 1.109376e+04 1.108923e+04 1.108335e+04
3.5 1.108231e+04 1.109980e+04 1.107748e+04 1.105999e+04
4.5 1.103202e+04 1.106320e+04 1.107074e+04 1.103957e+04
5.5 1.113503e+04 1.108701e+04 1.106832e+04 1.111634e+04
6.5 1.111607e+04 1.108463e+04 1.107143e+04 1.110287e+04
7.5 1.108657e+04 1.108056e+04 1.108362e+04 1.108963e+04
8.5 1.111568e+04 1.113309e+04 1.109646e+04 1.107906e+04
9.5 1.105671e+04 1.111353e+04 1.110412e+04 1.104730e+04
10.5 1.114099e+04 1.111971e+04 1.110718e+04 1.112846e+04
11.5 1.106785e+04 1.110397e+04 1.110762e+04 1.107150e+04
12.5 1.114550e+04 1.111466e+04 1.110686e+04 1.113770e+04
13.5 1.112271e+04 1.107631e+04 1.110578e+04 1.115218e+04
14.5 1.112482e+04 1.112118e+04 1.110484e+04 1.110848e+04
15.5 1.109100e+04 1.108522e+04 1.110420e+04 1.110998e+04
16.5 1.110764e+04 1.112083e+04 1.110382e+04 1.109063e+04
17.5 1.107519e+04 1.108909e+04 1.110362e+04 1.108972e+04
18.5 1.110167e+04 1.109687e+04 1.110352e+04 1.110831e+04
19.5 1.106034e+04 1.109282e+04 1.110346e+04 1.107099e+04
20.5 1.112082e+04 1.105952e+04 1.110343e+04 1.116473e+04
21.5 1.103257e+04 1.107486e+04 1.110340e+04 1.106111e+04
22.5 1.113928e+04 1.104966e+04 1.110338e+04 1.119301e+04
0.5 1.106189e+04 1.108434e+04 1.110324e+04 1.108079e+04
1.5 1.108259e+04 1.113012e+04 1.110002e+04 1.105249e+04
2.5 1.109057e+04 1.109482e+04 1.108872e+04 1.108447e+04
3.5 1.114810e+04 1.109683e+04 1.107699e+04 1.112825e+04
4.5 1.108169e+04 1.107762e+04 1.107024e+04 1.107431e+04
5.5 1.106053e+04 1.105211e+04 1.106780e+04 1.107622e+04
6.5 1.113467e+04 1.108736e+04 1.107089e+04 1.111821e+04
7.5 1.102654e+04 1.107360e+04 1.108307e+04 1.103601e+04
8.5 1.109455e+04 1.112125e+04 1.109589e+04 1.106920e+04
9.5 1.115951e+04 1.111226e+04 1.110354e+04 1.115078e+04
10.5 1.115528e+04 1.111676e+04 1.110658e+04 1.114510e+04
11.5 1.111008e+04 1.110994e+04 1.110700e+04 1.110714e+04
12.5 1.107717e+04 1.108252e+04 1.110622e+04 1.110087e+04
13.5 1.107665e+04 1.111659e+04 1.110512e+04 1.106518e+04
14.5 1.104842e+04 1.107660e+04 1.110417e+04 1.107599e+04
15.5 1.103480e+04 1.109077e+04 1.110348e+04 1.104751e+04
16.5 1.103633e+04 1.110865e+04 1.109988e+04 1.102756e+04
17.5 1.109588e+04 1.107241e+04 1.108838e+04 1.111185e+04
18.5 1.111668e+04 1.108695e+04 1.107654e+04 1.110627e+04
19.5 1.107284e+04 1.105386e+04 1.106974e+04 1.108872e+04
20.5 1.107717e+04 1.107001e+04 1.106727e+04 1.107442e+04
21.5 1.108606e+04 1.108554e+04 1.107033e+04 1.107084e+04
22.5 1.106977e+04 1.106250e+04 1.108247e+04 1.108974e+04
0.5 1.103480e+04 1.109077e+04 1.110348e+04 1.104751e+04
1.5 1.103633e+04 1.110865e+04 1.109988e+04 1.102756e+04
2.5 1.109588e+04 1.107241e+04 1.108838e+04 1.111185e+04
3.5 1.111668e+04 1.108695e+04 1.107654e+04 1.110627e+04
4.5 1.107284e+04 1.105386e+04 1.106974e+04 1.108872e+04
5.5 1.107717e+04 1.107001e+04 1.106727e+04 1.107442e+04
6.5 1.108606e+04 1.108554e+04 1.107033e+04 1.107084e+04
7.5 1.106977e+04 1.106250e+04 1.108247e+04 1.108974e+04
8.5 1.113278e+04 1.111592e+04 1.109527e+04 1.111212e+04
9.5 1.104314e+04 1.110619e+04 1.110288e+04 1.103983e+04
10.5 1.110965e+04 1.112008e+04 1.110589e+04 1.109547e+04
11.5 1.117857e+04 1.111847e+04 1.110628e+04 1.116639e+04
12.5 1.112120e+04 1.110660e+04 1.110547e+04 1.112008e+04
13.5 1.117928e+04 1.112686e+04 1.110435e+04 1.115677e+04
14.5 1.107394e+04 1.108217e+04 1.110336e+04 1.109514e+04
15.5 1.116603e+04 1.110481e+04 1.110267e+04 1.116389e+04
16.5 1.114194e+04 1.109022e+04 1.110224e+04 1.115396e+04
17.5 1.108238e+04 1.108793e+04 1.110198e+04 1.109643e+04
18.5 1.106993e+04 1.110942e+04 1.110182e+04 1.106233e+04
19.5 1.106042e+04 1.106854e+04 1.110171e+04 1.109359e+04
20.5 1.107125e+04 1.109375e+04 1.110161e+04 1.107910e+04
21.5 1.109394e+04 1.109360e+04 1.110152e+04 1.110186e+04
22.5 1.106671e+04 1.105714e+04 1.110142e+04 1.111099e+04
0.5 1.112196e+04 1.113087e+04 1.110081e+04 1.109190e+04
1.5 1.110067e+04 1.111224e+04 1.109750e+04 1.108593e+04
2.5 1.115313e+04 1.111680e+04 1.108611e+04 1.112244e+04
3.5 1.101128e+04 1.107637e+04 1.107428e+04 1.100920e+04
4.5 1.112668e+04 1.108986e+04 1.106744e+04 1.110426e+04
5.5 1.103588e+04 1.107806e+04 1.106491e+04 1.102273e+04
6.5 1.110562e+04 1.108351e+04 1.106789e+04 1.109001e+04
7.5 1.109365e+04 1.108548e+04 1.107997e+04 1.108813e+04
8.5 1.114420e+04 1.109206e+04 1.109269e+04 1.114483e+04
9.5 1.113467e+04 1.113627e+04 1.110023e+04 1.109862e+04
10.5 1.110883e+04 1.110669e+04 1.110317e+04 1.110531e+04
11.5 1.117558e+04 1.113191e+04 1.110347e+04 1.114715e+04
12.5 1.108523e+04 1.110106e+04 1.110259e+04 1.108676e+04
13.5 1.110169e+04 1.112065e+04 1.110137e+04 1.108242e+04
14.5 1.117581e+04 1.110282e+04 1.110030e+04 1.117329e+04
15.5 1.112741e+04 1.109661e+04 1.109951e+04 1.113030e+04
16.5 1.110848e+04 1.110435e+04 1.109898e+04 1.110311e+04
17.5 1.105158e+04 1.107583e+04 1.109863e+04 1.107438e+04
18.5 1.109625e+04 1.110943e+04 1.109836e+04 1.108519e+04
19.5 1.109921e+04 1.108035e+04 1.109815e+04 1.111701e+04
20.5 1.102056e+04 1.108212e+04 1.109794e+04 1.103639e+04
21.5 1.104998e+04 1.110394e+04 1.109774e+04 1.104378e+04
22.5 1.104467e+04 1.107080e+04 1.109754e+04 1.107140e+04
