0.9 1.071275e+04 1.069180e+04 1.067758e+04 1.069854e+04
1.9 1.070419e+04 1.068851e+04 1.067760e+04 1.069328e+04
2.9 1.071513e+04 1.069698e+04 1.067747e+04 1.069561e+04
3.9 1.070371e+04 1.068831e+04 1.067739e+04 1.069279e+04
4.9 1.063883e+04 1.067577e+04 1.067741e+04 1.064047e+04
5.9 1.062060e+04 1.065215e+04 1.067745e+04 1.064589e+04
6.9 1.065641e+04 1.065430e+04 1.067747e+04 1.067958e+04
7.9 1.064518e+04 1.066179e+04 1.067748e+04 1.066087e+04
8.9 1.065728e+04 1.065190e+04 1.067749e+04 1.068287e+04
9.9 1.065452e+04 1.065911e+04 1.067750e+04 1.067290e+04
10.9 1.066633e+04 1.066394e+04 1.067750e+04 1.067989e+04
11.9 1.069765e+04 1.066648e+04 1.067750e+04 1.070866e+04
12.9 1.068764e+04 1.067313e+04 1.067750e+04 1.069201e+04
13.9 1.068603e+04 1.067803e+04 1.067750e+04 1.068550e+04
14.9 1.072040e+04 1.069484e+04 1.067763e+04 1.070320e+04
15.9 1.069327e+04 1.070548e+04 1.067894e+04 1.066673e+04
16.9 1.067013e+04 1.069030e+04 1.067936e+04 1.065919e+04
17.9 1.066468e+04 1.068147e+04 1.067737e+04 1.066058e+04
0.9 1.069327e+04 1.070548e+04 1.067894e+04 1.066673e+04
1.9 1.067013e+04 1.069030e+04 1.067936e+04 1.065919e+04
2.9 1.066468e+04 1.068147e+04 1.067737e+04 1.066058e+04
3.9 1.067347e+04 1.067319e+04 1.067606e+04 1.067634e+04
4.9 1.068701e+04 1.067850e+04 1.067630e+04 1.068481e+04
5.9 1.069233e+04 1.068011e+04 1.067685e+04 1.068908e+04
6.9 1.070133e+04 1.068868e+04 1.067724e+04 1.068990e+04
7.9 1.069657e+04 1.068332e+04 1.067747e+04 1.069072e+04
8.9 1.068108e+04 1.068010e+04 1.067759e+04 1.067858e+04
9.9 1.065360e+04 1.066838e+04 1.067762e+04 1.066284e+04
10.9 1.067247e+04 1.066936e+04 1.067761e+04 1.068072e+04
11.9 1.072765e+04 1.067163e+04 1.067758e+04 1.073360e+04
12.9 1.073370e+04 1.069469e+04 1.067756e+04 1.071657e+04
13.9 1.066068e+04 1.067853e+04 1.067754e+04 1.065969e+04
14.9 1.066117e+04 1.068139e+04 1.067754e+04 1.065732e+04
15.9 1.066807e+04 1.069233e+04 1.067754e+04 1.065327e+04
16.9 1.058860e+04 1.068042e+04 1.067753e+04 1.058572e+04
17.9 1.059354e+04 1.067555e+04 1.067753e+04 1.059553e+04
0.2 1.069595e+04 1.067695e+04 1.067748e+04 1.069648e+04
1.2 1.067517e+04 1.067671e+04 1.067758e+04 1.067604e+04
2.2 1.069400e+04 1.069221e+04 1.067757e+04 1.067936e+04
3.2 1.070381e+04 1.069702e+04 1.067743e+04 1.068422e+04
4.2 1.068015e+04 1.069264e+04 1.067738e+04 1.066489e+04
5.2 1.066945e+04 1.067316e+04 1.067741e+04 1.067370e+04
6.2 1.067542e+04 1.068698e+04 1.067745e+04 1.066589e+04
7.2 1.071064e+04 1.069042e+04 1.067747e+04 1.069770e+04
8.2 1.068041e+04 1.067333e+04 1.067749e+04 1.068456e+04
9.2 1.069009e+04 1.067402e+04 1.067749e+04 1.069356e+04
10.2 1.069556e+04 1.067299e+04 1.067749e+04 1.070006e+04
11.2 1.068647e+04 1.068997e+04 1.067749e+04 1.067400e+04
12.2 1.068603e+04 1.068051e+04 1.067749e+04 1.068302e+04
13.2 1.069844e+04 1.068191e+04 1.067749e+04 1.069403e+04
14.2 1.068064e+04 1.068582e+04 1.067749e+04 1.067231e+04
15.2 1.071374e+04 1.069491e+04 1.067749e+04 1.069631e+04
16.2 1.070413e+04 1.069540e+04 1.067749e+04 1.068622e+04
17.2 1.069608e+04 1.068120e+04 1.067750e+04 1.069238e+04
0.6 1.071392e+04 1.069001e+04 1.067756e+04 1.070147e+04
1.6 1.070371e+04 1.070006e+04 1.067762e+04 1.068127e+04
2.6 1.067628e+04 1.068032e+04 1.067754e+04 1.067349e+04
3.6 1.066630e+04 1.067251e+04 1.067742e+04 1.067121e+04
4.6 1.065732e+04 1.067136e+04 1.067741e+04 1.066337e+04
5.6 1.064941e+04 1.067045e+04 1.067745e+04 1.065640e+04
6.6 1.064940e+04 1.066516e+04 1.067748e+04 1.066171e+04
7.6 1.069714e+04 1.067930e+04 1.067749e+04 1.069533e+04
8.6 1.070525e+04 1.068788e+04 1.067750e+04 1.069487e+04
9.6 1.068496e+04 1.067211e+04 1.067750e+04 1.069035e+04
10.6 1.065123e+04 1.066451e+04 1.067750e+04 1.066422e+04
11.6 1.067779e+04 1.067168e+04 1.067750e+04 1.068361e+04
12.6 1.066508e+04 1.067039e+04 1.067750e+04 1.067218e+04
13.6 1.065624e+04 1.067185e+04 1.067750e+04 1.066188e+04
14.6 1.063874e+04 1.067352e+04 1.067750e+04 1.064272e+04
15.6 1.067717e+04 1.068028e+04 1.067750e+04 1.067439e+04
16.6 1.070760e+04 1.068415e+04 1.067750e+04 1.070094e+04
17.6 1.070483e+04 1.066991e+04 1.067749e+04 1.071241e+04
0.5 1.070795e+04 1.069496e+04 1.067837e+04 1.069136e+04
1.5 1.070100e+04 1.069493e+04 1.067947e+04 1.068554e+04
2.5 1.068208e+04 1.067095e+04 1.067825e+04 1.068937e+04
3.5 1.069246e+04 1.067032e+04 1.067631e+04 1.069845e+04
4.5 1.065741e+04 1.066154e+04 1.067611e+04 1.067198e+04
5.5 1.066261e+04 1.066693e+04 1.067665e+04 1.067233e+04
6.5 1.067455e+04 1.066425e+04 1.067711e+04 1.068741e+04
7.5 1.067882e+04 1.067939e+04 1.067739e+04 1.067683e+04
8.5 1.066900e+04 1.067757e+04 1.067755e+04 1.066897e+04
9.5 1.066869e+04 1.067272e+04 1.067760e+04 1.067357e+04
10.5 1.067153e+04 1.068030e+04 1.067760e+04 1.066883e+04
11.5 1.067570e+04 1.067348e+04 1.067758e+04 1.067980e+04
12.5 1.068713e+04 1.068075e+04 1.067755e+04 1.068394e+04
13.5 1.070184e+04 1.069177e+04 1.067754e+04 1.068761e+04
14.5 1.071064e+04 1.067792e+04 1.067753e+04 1.071024e+04
15.5 1.067289e+04 1.068103e+04 1.067752e+04 1.066939e+04
16.5 1.068569e+04 1.068003e+04 1.067752e+04 1.068318e+04
17.5 1.067140e+04 1.066395e+04 1.067752e+04 1.068497e+04
