0.4 1.066451e+04 1.067326e+04 1.066425e+04 1.065550e+04
1.4 1.064307e+04 1.066908e+04 1.066965e+04 1.064364e+04
2.4 1.065114e+04 1.066969e+04 1.067657e+04 1.065802e+04
3.4 1.065045e+04 1.067696e+04 1.068296e+04 1.065645e+04
4.4 1.067203e+04 1.068223e+04 1.068934e+04 1.067914e+04
5.4 1.069053e+04 1.068679e+04 1.069319e+04 1.069692e+04
6.4 1.069764e+04 1.068189e+04 1.069623e+04 1.071197e+04
7.4 1.070779e+04 1.068321e+04 1.069630e+04 1.072088e+04
8.4 1.068931e+04 1.068461e+04 1.068858e+04 1.069328e+04
9.4 1.065065e+04 1.066251e+04 1.068090e+04 1.066904e+04
10.4 1.064419e+04 1.064944e+04 1.067652e+04 1.067127e+04
11.4 1.064849e+04 1.064551e+04 1.067471e+04 1.067770e+04
12.4 1.065183e+04 1.064869e+04 1.067435e+04 1.067750e+04
13.4 1.067546e+04 1.066586e+04 1.067470e+04 1.068429e+04
14.4 1.071841e+04 1.071532e+04 1.067526e+04 1.067836e+04
15.4 1.069991e+04 1.073213e+04 1.067578e+04 1.064356e+04
16.4 1.071131e+04 1.072852e+04 1.067617e+04 1.065896e+04
17.4 1.074856e+04 1.072368e+04 1.067642e+04 1.070130e+04
0.7 1.065114e+04 1.066969e+04 1.067657e+04 1.065802e+04
1.7 1.065045e+04 1.067696e+04 1.068296e+04 1.065645e+04
2.7 1.067203e+04 1.068223e+04 1.068934e+04 1.067914e+04
3.7 1.069053e+04 1.068679e+04 1.069319e+04 1.069692e+04
4.7 1.069764e+04 1.068189e+04 1.069623e+04 1.071197e+04
5.7 1.070779e+04 1.068321e+04 1.069630e+04 1.072088e+04
6.7 1.068931e+04 1.068461e+04 1.068858e+04 1.069328e+04
7.7 1.065065e+04 1.066251e+04 1.068090e+04 1.066904e+04
8.7 1.064419e+04 1.064944e+04 1.067652e+04 1.067127e+04
9.7 1.064849e+04 1.064551e+04 1.067471e+04 1.067770e+04
10.7 1.065183e+04 1.064869e+04 1.067435e+04 1.067750e+04
11.7 1.067546e+04 1.066586e+04 1.067470e+04 1.068429e+04
12.7 1.071841e+04 1.071532e+04 1.067526e+04 1.067836e+04
13.7 1.069991e+04 1.073213e+04 1.067578e+04 1.064356e+04
14.7 1.071131e+04 1.072852e+04 1.067617e+04 1.065896e+04
15.7 1.074856e+04 1.072368e+04 1.067642e+04 1.070130e+04
16.7 1.070128e+04 1.070660e+04 1.067660e+04 1.067127e+04
17.7 1.067590e+04 1.069700e+04 1.067673e+04 1.065562e+04
0.4 1.065045e+04 1.067696e+04 1.068296e+04 1.065645e+04
1.4 1.067203e+04 1.068223e+04 1.068934e+04 1.067914e+04
2.4 1.069053e+04 1.068679e+04 1.069319e+04 1.069692e+04
3.4 1.069764e+04 1.068189e+04 1.069623e+04 1.071197e+04
4.4 1.070779e+04 1.068321e+04 1.069630e+04 1.072088e+04
5.4 1.068931e+04 1.068461e+04 1.068858e+04 1.069328e+04
6.4 1.065065e+04 1.066251e+04 1.068090e+04 1.066904e+04
7.4 1.064419e+04 1.064944e+04 1.067652e+04 1.067127e+04
8.4 1.064849e+04 1.064551e+04 1.067471e+04 1.067770e+04
9.4 1.065183e+04 1.064869e+04 1.067435e+04 1.067750e+04
10.4 1.067546e+04 1.066586e+04 1.067470e+04 1.068429e+04
11.4 1.071841e+04 1.071532e+04 1.067526e+04 1.067836e+04
12.4 1.069991e+04 1.073213e+04 1.067578e+04 1.064356e+04
13.4 1.071131e+04 1.072852e+04 1.067617e+04 1.065896e+04
14.4 1.074856e+04 1.072368e+04 1.067642e+04 1.070130e+04
15.4 1.070128e+04 1.070660e+04 1.067660e+04 1.067127e+04
16.4 1.067590e+04 1.069700e+04 1.067673e+04 1.065562e+04
17.4 1.067715e+04 1.068401e+04 1.067684e+04 1.066998e+04
0.7 1.069053e+04 1.068679e+04 1.069319e+04 1.069692e+04
1.7 1.069764e+04 1.068189e+04 1.069623e+04 1.071197e+04
2.7 1.070779e+04 1.068321e+04 1.069630e+04 1.072088e+04
3.7 1.068931e+04 1.068461e+04 1.068858e+04 1.069328e+04
4.7 1.065065e+04 1.066251e+04 1.068090e+04 1.066904e+04
5.7 1.064419e+04 1.064944e+04 1.067652e+04 1.067127e+04
6.7 1.064849e+04 1.064551e+04 1.067471e+04 1.067770e+04
7.7 1.065183e+04 1.064869e+04 1.067435e+04 1.067750e+04
8.7 1.067546e+04 1.066586e+04 1.067470e+04 1.068429e+04
9.7 1.071841e+04 1.071532e+04 1.067526e+04 1.067836e+04
10.7 1.069991e+04 1.073213e+04 1.067578e+04 1.064356e+04
11.7 1.071131e+04 1.072852e+04 1.067617e+04 1.065896e+04
12.7 1.074856e+04 1.072368e+04 1.067642e+04 1.070130e+04
13.7 1.070128e+04 1.070660e+04 1.067660e+04 1.067127e+04
14.7 1.067590e+04 1.069700e+04 1.067673e+04 1.065562e+04
15.7 1.067715e+04 1.068401e+04 1.067684e+04 1.066998e+04
16.7 1.067681e+04 1.067321e+04 1.067693e+04 1.068054e+04
17.7 1.068763e+04 1.067581e+04 1.067703e+04 1.068885e+04
0.3 1.065334e+04 1.067829e+04 1.066590e+04 1.064096e+04
1.3 1.063151e+04 1.067794e+04 1.066981e+04 1.062338e+04
2.3 1.064762e+04 1.067356e+04 1.067641e+04 1.065048e+04
3.3 1.070321e+04 1.068419e+04 1.068378e+04 1.070280e+04
4.3 1.073773e+04 1.069523e+04 1.069111e+04 1.073360e+04
5.3 1.070573e+04 1.070308e+04 1.069258e+04 1.069522e+04
6.3 1.071620e+04 1.068679e+04 1.068747e+04 1.071688e+04
7.3 1.069662e+04 1.068083e+04 1.068203e+04 1.069783e+04
8.3 1.068978e+04 1.068356e+04 1.067656e+04 1.068278e+04
9.3 1.067395e+04 1.068607e+04 1.067415e+04 1.066203e+04
10.3 1.067431e+04 1.069629e+04 1.067696e+04 1.065498e+04
11.3 1.067051e+04 1.069641e+04 1.068024e+04 1.065434e+04
12.3 1.067863e+04 1.068692e+04 1.068049e+04 1.067220e+04
13.3 1.067821e+04 1.067887e+04 1.067803e+04 1.067737e+04
14.3 1.067471e+04 1.067509e+04 1.066759e+04 1.066721e+04
15.3 1.067683e+04 1.067283e+04 1.065862e+04 1.066261e+04
16.3 1.066041e+04 1.066319e+04 1.065785e+04 1.065507e+04
17.3 1.067437e+04 1.065767e+04 1.066194e+04 1.067863e+04
1.0 1.064762e+04 1.067356e+04 1.067641e+04 1.065048e+04
2.0 1.070321e+04 1.068419e+04 1.068378e+04 1.070280e+04
3.0 1.073773e+04 1.069523e+04 1.069111e+04 1.073360e+04
4.0 1.070573e+04 1.070308e+04 1.069258e+04 1.069522e+04
5.0 1.071620e+04 1.068679e+04 1.068747e+04 1.071688e+04
6.0 1.069662e+04 1.068083e+04 1.068203e+04 1.069783e+04
7.0 1.068978e+04 1.068356e+04 1.067656e+04 1.068278e+04
8.0 1.067395e+04 1.068607e+04 1.067415e+04 1.066203e+04
9.0 1.067431e+04 1.069629e+04 1.067696e+04 1.065498e+04
10.0 1.067051e+04 1.069641e+04 1.068024e+04 1.065434e+04
11.0 1.067863e+04 1.068692e+04 1.068049e+04 1.067220e+04
12.0 1.067821e+04 1.067887e+04 1.067803e+04 1.067737e+04
13.0 1.067471e+04 1.067509e+04 1.066759e+04 1.066721e+04
14.0 1.067683e+04 1.067283e+04 1.065862e+04 1.066261e+04
15.0 1.066041e+04 1.066319e+04 1.065785e+04 1.065507e+04
16.0 1.067437e+04 1.065767e+04 1.066194e+04 1.067863e+04
17.0 1.067036e+04 1.065337e+04 1.067022e+04 1.068721e+04
18.0 1.066391e+04 1.066394e+04 1.067884e+04 1.067881e+04
0.8 1.070321e+04 1.068419e+04 1.068378e+04 1.070280e+04
1.8 1.073773e+04 1.069523e+04 1.069111e+04 1.073360e+04
2.8 1.070573e+04 1.070308e+04 1.069258e+04 1.069522e+04
3.8 1.071620e+04 1.068679e+04 1.068747e+04 1.071688e+04
4.8 1.069662e+04 1.068083e+04 1.068203e+04 1.069783e+04
5.8 1.068978e+04 1.068356e+04 1.067656e+04 1.068278e+04
6.8 1.067395e+04 1.068607e+04 1.067415e+04 1.066203e+04
7.8 1.067431e+04 1.069629e+04 1.067696e+04 1.065498e+04
8.8 1.067051e+04 1.069641e+04 1.068024e+04 1.065434e+04
9.8 1.067863e+04 1.068692e+04 1.068049e+04 1.067220e+04
10.8 1.067821e+04 1.067887e+04 1.067803e+04 1.067737e+04
11.8 1.067471e+04 1.067509e+04 1.066759e+04 1.066721e+04
12.8 1.067683e+04 1.067283e+04 1.065862e+04 1.066261e+04
13.8 1.066041e+04 1.066319e+04 1.065785e+04 1.065507e+04
14.8 1.067437e+04 1.065767e+04 1.066194e+04 1.067863e+04
15.8 1.067036e+04 1.065337e+04 1.067022e+04 1.068721e+04
16.8 1.066391e+04 1.066394e+04 1.067884e+04 1.067881e+04
17.8 1.067153e+04 1.067540e+04 1.068741e+04 1.068355e+04
0.7 1.067395e+04 1.068607e+04 1.067415e+04 1.066203e+04
1.7 1.067431e+04 1.069629e+04 1.067696e+04 1.065498e+04
2.7 1.067051e+04 1.069641e+04 1.068024e+04 1.065434e+04
3.7 1.067863e+04 1.068692e+04 1.068049e+04 1.067220e+04
4.7 1.067821e+04 1.067887e+04 1.067803e+04 1.067737e+04
5.7 1.067471e+04 1.067509e+04 1.066759e+04 1.066721e+04
6.7 1.067683e+04 1.067283e+04 1.065862e+04 1.066261e+04
7.7 1.066041e+04 1.066319e+04 1.065785e+04 1.065507e+04
8.7 1.067437e+04 1.065767e+04 1.066194e+04 1.067863e+04
9.7 1.067036e+04 1.065337e+04 1.067022e+04 1.068721e+04
10.7 1.066391e+04 1.066394e+04 1.067884e+04 1.067881e+04
11.7 1.067153e+04 1.067540e+04 1.068741e+04 1.068355e+04
12.7 1.066319e+04 1.068667e+04 1.069447e+04 1.067099e+04
13.7 1.070134e+04 1.069674e+04 1.069792e+04 1.070252e+04
14.7 1.071275e+04 1.069180e+04 1.069955e+04 1.072050e+04
15.7 1.070419e+04 1.068851e+04 1.069237e+04 1.070805e+04
16.7 1.071513e+04 1.069698e+04 1.068374e+04 1.070188e+04
17.7 1.070371e+04 1.068831e+04 1.067052e+04 1.068592e+04
0.6 1.067437e+04 1.065767e+04 1.066194e+04 1.067863e+04
1.6 1.067036e+04 1.065337e+04 1.067022e+04 1.068721e+04
2.6 1.066391e+04 1.066394e+04 1.067884e+04 1.067881e+04
3.6 1.067153e+04 1.067540e+04 1.068741e+04 1.068355e+04
4.6 1.066319e+04 1.068667e+04 1.069447e+04 1.067099e+04
5.6 1.070134e+04 1.069674e+04 1.069792e+04 1.070252e+04
6.6 1.071275e+04 1.069180e+04 1.069955e+04 1.072050e+04
7.6 1.070419e+04 1.068851e+04 1.069237e+04 1.070805e+04
8.6 1.071513e+04 1.069698e+04 1.068374e+04 1.070188e+04
9.6 1.070371e+04 1.068831e+04 1.067052e+04 1.068592e+04
10.6 1.063883e+04 1.067577e+04 1.065599e+04 1.061904e+04
11.6 1.062060e+04 1.065215e+04 1.064976e+04 1.061820e+04
12.6 1.065641e+04 1.065430e+04 1.065197e+04 1.065408e+04
13.6 1.064518e+04 1.066179e+04 1.065578e+04 1.063917e+04
14.6 1.065728e+04 1.065190e+04 1.066123e+04 1.066661e+04
15.6 1.065452e+04 1.065911e+04 1.066802e+04 1.066343e+04
16.6 1.066633e+04 1.066394e+04 1.067504e+04 1.067743e+04
17.6 1.069765e+04 1.066648e+04 1.068102e+04 1.071219e+04
0.2 1.067036e+04 1.065337e+04 1.067022e+04 1.068721e+04
1.2 1.066391e+04 1.066394e+04 1.067884e+04 1.067881e+04
2.2 1.067153e+04 1.067540e+04 1.068741e+04 1.068355e+04
3.2 1.066319e+04 1.068667e+04 1.069447e+04 1.067099e+04
4.2 1.070134e+04 1.069674e+04 1.069792e+04 1.070252e+04
5.2 1.071275e+04 1.069180e+04 1.069955e+04 1.072050e+04
6.2 1.070419e+04 1.068851e+04 1.069237e+04 1.070805e+04
7.2 1.071513e+04 1.069698e+04 1.068374e+04 1.070188e+04
8.2 1.070371e+04 1.068831e+04 1.067052e+04 1.068592e+04
9.2 1.063883e+04 1.067577e+04 1.065599e+04 1.061904e+04
10.2 1.062060e+04 1.065215e+04 1.064976e+04 1.061820e+04
11.2 1.065641e+04 1.065430e+04 1.065197e+04 1.065408e+04
12.2 1.064518e+04 1.066179e+04 1.065578e+04 1.063917e+04
13.2 1.065728e+04 1.065190e+04 1.066123e+04 1.066661e+04
14.2 1.065452e+04 1.065911e+04 1.066802e+04 1.066343e+04
15.2 1.066633e+04 1.066394e+04 1.067504e+04 1.067743e+04
16.2 1.069765e+04 1.066648e+04 1.068102e+04 1.071219e+04
17.2 1.068764e+04 1.067313e+04 1.068533e+04 1.069984e+04
0.1 1.066391e+04 1.066394e+04 1.067884e+04 1.067881e+04
1.1 1.067153e+04 1.067540e+04 1.068741e+04 1.068355e+04
2.1 1.066319e+04 1.068667e+04 1.069447e+04 1.067099e+04
3.1 1.070134e+04 1.069674e+04 1.069792e+04 1.070252e+04
4.1 1.071275e+04 1.069180e+04 1.069955e+04 1.072050e+04
5.1 1.070419e+04 1.068851e+04 1.069237e+04 1.070805e+04
6.1 1.071513e+04 1.069698e+04 1.068374e+04 1.070188e+04
7.1 1.070371e+04 1.068831e+04 1.067052e+04 1.068592e+04
8.1 1.063883e+04 1.067577e+04 1.065599e+04 1.061904e+04
9.1 1.062060e+04 1.065215e+04 1.064976e+04 1.061820e+04
10.1 1.065641e+04 1.065430e+04 1.065197e+04 1.065408e+04
11.1 1.064518e+04 1.066179e+04 1.065578e+04 1.063917e+04
12.1 1.065728e+04 1.065190e+04 1.066123e+04 1.066661e+04
13.1 1.065452e+04 1.065911e+04 1.066802e+04 1.066343e+04
14.1 1.066633e+04 1.066394e+04 1.067504e+04 1.067743e+04
15.1 1.069765e+04 1.066648e+04 1.068102e+04 1.071219e+04
16.1 1.068764e+04 1.067313e+04 1.068533e+04 1.069984e+04
17.1 1.068603e+04 1.067803e+04 1.069036e+04 1.069835e+04
0.5 1.066319e+04 1.068667e+04 1.069447e+04 1.067099e+04
1.5 1.070134e+04 1.069674e+04 1.069792e+04 1.070252e+04
2.5 1.071275e+04 1.069180e+04 1.069955e+04 1.072050e+04
3.5 1.070419e+04 1.068851e+04 1.069237e+04 1.070805e+04
4.5 1.071513e+04 1.069698e+04 1.068374e+04 1.070188e+04
5.5 1.070371e+04 1.068831e+04 1.067052e+04 1.068592e+04
6.5 1.063883e+04 1.067577e+04 1.065599e+04 1.061904e+04
7.5 1.062060e+04 1.065215e+04 1.064976e+04 1.061820e+04
8.5 1.065641e+04 1.065430e+04 1.065197e+04 1.065408e+04
9.5 1.064518e+04 1.066179e+04 1.065578e+04 1.063917e+04
10.5 1.065728e+04 1.065190e+04 1.066123e+04 1.066661e+04
11.5 1.065452e+04 1.065911e+04 1.066802e+04 1.066343e+04
12.5 1.066633e+04 1.066394e+04 1.067504e+04 1.067743e+04
13.5 1.069765e+04 1.066648e+04 1.068102e+04 1.071219e+04
14.5 1.068764e+04 1.067313e+04 1.068533e+04 1.069984e+04
15.5 1.068603e+04 1.067803e+04 1.069036e+04 1.069835e+04
16.5 1.072040e+04 1.069484e+04 1.069938e+04 1.072494e+04
17.5 1.069327e+04 1.070548e+04 1.070772e+04 1.069551e+04
0.1 1.065728e+04 1.065190e+04 1.066123e+04 1.066661e+04
1.1 1.065452e+04 1.065911e+04 1.066802e+04 1.066343e+04
2.1 1.066633e+04 1.066394e+04 1.067504e+04 1.067743e+04
3.1 1.069765e+04 1.066648e+04 1.068102e+04 1.071219e+04
4.1 1.068764e+04 1.067313e+04 1.068533e+04 1.069984e+04
5.1 1.068603e+04 1.067803e+04 1.069036e+04 1.069835e+04
6.1 1.072040e+04 1.069484e+04 1.069938e+04 1.072494e+04
7.1 1.069327e+04 1.070548e+04 1.070772e+04 1.069551e+04
8.1 1.067013e+04 1.069030e+04 1.070503e+04 1.068486e+04
9.1 1.066468e+04 1.068147e+04 1.069220e+04 1.067541e+04
10.1 1.067347e+04 1.067319e+04 1.068120e+04 1.068148e+04
11.1 1.068701e+04 1.067850e+04 1.067474e+04 1.068326e+04
12.1 1.069233e+04 1.068011e+04 1.067186e+04 1.068408e+04
13.1 1.070133e+04 1.068868e+04 1.067277e+04 1.068542e+04
14.1 1.069657e+04 1.068332e+04 1.067400e+04 1.068725e+04
15.1 1.068108e+04 1.068010e+04 1.067480e+04 1.067579e+04
16.1 1.065360e+04 1.066838e+04 1.067530e+04 1.066052e+04
17.1 1.067247e+04 1.066936e+04 1.067281e+04 1.067592e+04
0.5 1.066633e+04 1.066394e+04 1.067504e+04 1.067743e+04
1.5 1.069765e+04 1.066648e+04 1.068102e+04 1.071219e+04
2.5 1.068764e+04 1.067313e+04 1.068533e+04 1.069984e+04
3.5 1.068603e+04 1.067803e+04 1.069036e+04 1.069835e+04
4.5 1.072040e+04 1.069484e+04 1.069938e+04 1.072494e+04
5.5 1.069327e+04 1.070548e+04 1.070772e+04 1.069551e+04
6.5 1.067013e+04 1.069030e+04 1.070503e+04 1.068486e+04
7.5 1.066468e+04 1.068147e+04 1.069220e+04 1.067541e+04
8.5 1.067347e+04 1.067319e+04 1.068120e+04 1.068148e+04
9.5 1.068701e+04 1.067850e+04 1.067474e+04 1.068326e+04
10.5 1.069233e+04 1.068011e+04 1.067186e+04 1.068408e+04
11.5 1.070133e+04 1.068868e+04 1.067277e+04 1.068542e+04
12.5 1.069657e+04 1.068332e+04 1.067400e+04 1.068725e+04
13.5 1.068108e+04 1.068010e+04 1.067480e+04 1.067579e+04
14.5 1.065360e+04 1.066838e+04 1.067530e+04 1.066052e+04
15.5 1.067247e+04 1.066936e+04 1.067281e+04 1.067592e+04
16.5 1.072765e+04 1.067163e+04 1.066983e+04 1.072585e+04
17.5 1.073370e+04 1.069469e+04 1.067143e+04 1.071044e+04
0.8 1.068764e+04 1.067313e+04 1.068533e+04 1.069984e+04
1.8 1.068603e+04 1.067803e+04 1.069036e+04 1.069835e+04
2.8 1.072040e+04 1.069484e+04 1.069938e+04 1.072494e+04
3.8 1.069327e+04 1.070548e+04 1.070772e+04 1.069551e+04
4.8 1.067013e+04 1.069030e+04 1.070503e+04 1.068486e+04
5.8 1.066468e+04 1.068147e+04 1.069220e+04 1.067541e+04
6.8 1.067347e+04 1.067319e+04 1.068120e+04 1.068148e+04
7.8 1.068701e+04 1.067850e+04 1.067474e+04 1.068326e+04
8.8 1.069233e+04 1.068011e+04 1.067186e+04 1.068408e+04
9.8 1.070133e+04 1.068868e+04 1.067277e+04 1.068542e+04
10.8 1.069657e+04 1.068332e+04 1.067400e+04 1.068725e+04
11.8 1.068108e+04 1.068010e+04 1.067480e+04 1.067579e+04
12.8 1.065360e+04 1.066838e+04 1.067530e+04 1.066052e+04
13.8 1.067247e+04 1.066936e+04 1.067281e+04 1.067592e+04
14.8 1.072765e+04 1.067163e+04 1.066983e+04 1.072585e+04
15.8 1.073370e+04 1.069469e+04 1.067143e+04 1.071044e+04
16.8 1.066068e+04 1.067853e+04 1.067604e+04 1.065819e+04
17.8 1.066117e+04 1.068139e+04 1.068189e+04 1.066166e+04
0.8 1.068603e+04 1.067803e+04 1.069036e+04 1.069835e+04
1.8 1.072040e+04 1.069484e+04 1.069938e+04 1.072494e+04
2.8 1.069327e+04 1.070548e+04 1.070772e+04 1.069551e+04
3.8 1.067013e+04 1.069030e+04 1.070503e+04 1.068486e+04
4.8 1.066468e+04 1.068147e+04 1.069220e+04 1.067541e+04
5.8 1.067347e+04 1.067319e+04 1.068120e+04 1.068148e+04
6.8 1.068701e+04 1.067850e+04 1.067474e+04 1.068326e+04
7.8 1.069233e+04 1.068011e+04 1.067186e+04 1.068408e+04
8.8 1.070133e+04 1.068868e+04 1.067277e+04 1.068542e+04
9.8 1.069657e+04 1.068332e+04 1.067400e+04 1.068725e+04
10.8 1.068108e+04 1.068010e+04 1.067480e+04 1.067579e+04
11.8 1.065360e+04 1.066838e+04 1.067530e+04 1.066052e+04
12.8 1.067247e+04 1.066936e+04 1.067281e+04 1.067592e+04
13.8 1.072765e+04 1.067163e+04 1.066983e+04 1.072585e+04
14.8 1.073370e+04 1.069469e+04 1.067143e+04 1.071044e+04
15.8 1.066068e+04 1.067853e+04 1.067604e+04 1.065819e+04
16.8 1.066117e+04 1.068139e+04 1.068189e+04 1.066166e+04
17.8 1.066807e+04 1.069233e+04 1.068275e+04 1.065849e+04
0.8 1.072040e+04 1.069484e+04 1.069938e+04 1.072494e+04
1.8 1.069327e+04 1.070548e+04 1.070772e+04 1.069551e+04
2.8 1.067013e+04 1.069030e+04 1.070503e+04 1.068486e+04
3.8 1.066468e+04 1.068147e+04 1.069220e+04 1.067541e+04
4.8 1.067347e+04 1.067319e+04 1.068120e+04 1.068148e+04
5.8 1.068701e+04 1.067850e+04 1.067474e+04 1.068326e+04
6.8 1.069233e+04 1.068011e+04 1.067186e+04 1.068408e+04
7.8 1.070133e+04 1.068868e+04 1.067277e+04 1.068542e+04
8.8 1.069657e+04 1.068332e+04 1.067400e+04 1.068725e+04
9.8 1.068108e+04 1.068010e+04 1.067480e+04 1.067579e+04
10.8 1.065360e+04 1.066838e+04 1.067530e+04 1.066052e+04
11.8 1.067247e+04 1.066936e+04 1.067281e+04 1.067592e+04
12.8 1.072765e+04 1.067163e+04 1.066983e+04 1.072585e+04
13.8 1.073370e+04 1.069469e+04 1.067143e+04 1.071044e+04
14.8 1.066068e+04 1.067853e+04 1.067604e+04 1.065819e+04
15.8 1.066117e+04 1.068139e+04 1.068189e+04 1.066166e+04
16.8 1.066807e+04 1.069233e+04 1.068275e+04 1.065849e+04
17.8 1.058860e+04 1.068042e+04 1.068058e+04 1.058877e+04
0.5 1.068701e+04 1.067850e+04 1.067474e+04 1.068326e+04
1.5 1.069233e+04 1.068011e+04 1.067186e+04 1.068408e+04
2.5 1.070133e+04 1.068868e+04 1.067277e+04 1.068542e+04
3.5 1.069657e+04 1.068332e+04 1.067400e+04 1.068725e+04
4.5 1.068108e+04 1.068010e+04 1.067480e+04 1.067579e+04
5.5 1.065360e+04 1.066838e+04 1.067530e+04 1.066052e+04
6.5 1.067247e+04 1.066936e+04 1.067281e+04 1.067592e+04
7.5 1.072765e+04 1.067163e+04 1.066983e+04 1.072585e+04
8.5 1.073370e+04 1.069469e+04 1.067143e+04 1.071044e+04
9.5 1.066068e+04 1.067853e+04 1.067604e+04 1.065819e+04
10.5 1.066117e+04 1.068139e+04 1.068189e+04 1.066166e+04
11.5 1.066807e+04 1.069233e+04 1.068275e+04 1.065849e+04
12.5 1.058860e+04 1.068042e+04 1.068058e+04 1.058877e+04
13.5 1.059354e+04 1.067555e+04 1.067793e+04 1.059592e+04
14.5 1.064327e+04 1.065263e+04 1.067251e+04 1.066316e+04
15.5 1.065053e+04 1.066874e+04 1.066988e+04 1.065167e+04
16.5 1.066662e+04 1.067862e+04 1.067363e+04 1.066164e+04
17.5 1.066642e+04 1.068058e+04 1.068102e+04 1.066687e+04
0.8 1.072765e+04 1.067163e+04 1.066983e+04 1.072585e+04
1.8 1.073370e+04 1.069469e+04 1.067143e+04 1.071044e+04
2.8 1.066068e+04 1.067853e+04 1.067604e+04 1.065819e+04
3.8 1.066117e+04 1.068139e+04 1.068189e+04 1.066166e+04
4.8 1.066807e+04 1.069233e+04 1.068275e+04 1.065849e+04
5.8 1.058860e+04 1.068042e+04 1.068058e+04 1.058877e+04
6.8 1.059354e+04 1.067555e+04 1.067793e+04 1.059592e+04
7.8 1.064327e+04 1.065263e+04 1.067251e+04 1.066316e+04
8.8 1.065053e+04 1.066874e+04 1.066988e+04 1.065167e+04
9.8 1.066662e+04 1.067862e+04 1.067363e+04 1.066164e+04
10.8 1.066642e+04 1.068058e+04 1.068102e+04 1.066687e+04
11.8 1.071150e+04 1.068554e+04 1.068348e+04 1.070944e+04
12.8 1.067789e+04 1.069082e+04 1.068149e+04 1.066856e+04
13.8 1.070783e+04 1.068482e+04 1.067486e+04 1.069787e+04
14.8 1.070895e+04 1.066897e+04 1.067003e+04 1.071001e+04
15.8 1.068637e+04 1.066982e+04 1.066894e+04 1.068549e+04
16.8 1.068138e+04 1.066786e+04 1.067093e+04 1.068446e+04
17.8 1.068745e+04 1.067879e+04 1.067571e+04 1.068437e+04
0.2 1.073370e+04 1.069469e+04 1.067143e+04 1.071044e+04
1.2 1.066068e+04 1.067853e+04 1.067604e+04 1.065819e+04
2.2 1.066117e+04 1.068139e+04 1.068189e+04 1.066166e+04
3.2 1.066807e+04 1.069233e+04 1.068275e+04 1.065849e+04
4.2 1.058860e+04 1.068042e+04 1.068058e+04 1.058877e+04
5.2 1.059354e+04 1.067555e+04 1.067793e+04 1.059592e+04
6.2 1.064327e+04 1.065263e+04 1.067251e+04 1.066316e+04
7.2 1.065053e+04 1.066874e+04 1.066988e+04 1.065167e+04
8.2 1.066662e+04 1.067862e+04 1.067363e+04 1.066164e+04
9.2 1.066642e+04 1.068058e+04 1.068102e+04 1.066687e+04
10.2 1.071150e+04 1.068554e+04 1.068348e+04 1.070944e+04
11.2 1.067789e+04 1.069082e+04 1.068149e+04 1.066856e+04
12.2 1.070783e+04 1.068482e+04 1.067486e+04 1.069787e+04
13.2 1.070895e+04 1.066897e+04 1.067003e+04 1.071001e+04
14.2 1.068637e+04 1.066982e+04 1.066894e+04 1.068549e+04
15.2 1.068138e+04 1.066786e+04 1.067093e+04 1.068446e+04
16.2 1.068745e+04 1.067879e+04 1.067571e+04 1.068437e+04
17.2 1.070305e+04 1.068585e+04 1.068370e+04 1.070090e+04
1.0 1.065053e+04 1.066874e+04 1.066988e+04 1.065167e+04
2.0 1.066662e+04 1.067862e+04 1.067363e+04 1.066164e+04
3.0 1.066642e+04 1.068058e+04 1.068102e+04 1.066687e+04
4.0 1.071150e+04 1.068554e+04 1.068348e+04 1.070944e+04
5.0 1.067789e+04 1.069082e+04 1.068149e+04 1.066856e+04
6.0 1.070783e+04 1.068482e+04 1.067486e+04 1.069787e+04
7.0 1.070895e+04 1.066897e+04 1.067003e+04 1.071001e+04
8.0 1.068637e+04 1.066982e+04 1.066894e+04 1.068549e+04
9.0 1.068138e+04 1.066786e+04 1.067093e+04 1.068446e+04
10.0 1.068745e+04 1.067879e+04 1.067571e+04 1.068437e+04
11.0 1.070305e+04 1.068585e+04 1.068370e+04 1.070090e+04
12.0 1.069167e+04 1.069934e+04 1.068910e+04 1.068143e+04
13.0 1.070218e+04 1.069110e+04 1.068670e+04 1.069777e+04
14.0 1.069274e+04 1.067032e+04 1.068222e+04 1.070464e+04
15.0 1.065954e+04 1.068222e+04 1.067853e+04 1.065586e+04
16.0 1.063624e+04 1.068335e+04 1.066844e+04 1.062132e+04
17.0 1.063755e+04 1.066922e+04 1.065842e+04 1.062675e+04
18.0 1.061404e+04 1.064957e+04 1.065717e+04 1.062164e+04
0.0 1.065053e+04 1.066874e+04 1.066988e+04 1.065167e+04
1.0 1.066662e+04 1.067862e+04 1.067363e+04 1.066164e+04
2.0 1.066642e+04 1.068058e+04 1.068102e+04 1.066687e+04
3.0 1.071150e+04 1.068554e+04 1.068348e+04 1.070944e+04
4.0 1.067789e+04 1.069082e+04 1.068149e+04 1.066856e+04
5.0 1.070783e+04 1.068482e+04 1.067486e+04 1.069787e+04
6.0 1.070895e+04 1.066897e+04 1.067003e+04 1.071001e+04
7.0 1.068637e+04 1.066982e+04 1.066894e+04 1.068549e+04
8.0 1.068138e+04 1.066786e+04 1.067093e+04 1.068446e+04
9.0 1.068745e+04 1.067879e+04 1.067571e+04 1.068437e+04
10.0 1.070305e+04 1.068585e+04 1.068370e+04 1.070090e+04
11.0 1.069167e+04 1.069934e+04 1.068910e+04 1.068143e+04
12.0 1.070218e+04 1.069110e+04 1.068670e+04 1.069777e+04
13.0 1.069274e+04 1.067032e+04 1.068222e+04 1.070464e+04
14.0 1.065954e+04 1.068222e+04 1.067853e+04 1.065586e+04
15.0 1.063624e+04 1.068335e+04 1.066844e+04 1.062132e+04
16.0 1.063755e+04 1.066922e+04 1.065842e+04 1.062675e+04
17.0 1.061404e+04 1.064957e+04 1.065717e+04 1.062164e+04
0.5 1.068138e+04 1.066786e+04 1.067093e+04 1.068446e+04
1.5 1.068745e+04 1.067879e+04 1.067571e+04 1.068437e+04
2.5 1.070305e+04 1.068585e+04 1.068370e+04 1.070090e+04
3.5 1.069167e+04 1.069934e+04 1.068910e+04 1.068143e+04
4.5 1.070218e+04 1.069110e+04 1.068670e+04 1.069777e+04
5.5 1.069274e+04 1.067032e+04 1.068222e+04 1.070464e+04
6.5 1.065954e+04 1.068222e+04 1.067853e+04 1.065586e+04
7.5 1.063624e+04 1.068335e+04 1.066844e+04 1.062132e+04
8.5 1.063755e+04 1.066922e+04 1.065842e+04 1.062675e+04
9.5 1.061404e+04 1.064957e+04 1.065717e+04 1.062164e+04
10.5 1.061409e+04 1.064141e+04 1.066044e+04 1.063313e+04
11.5 1.067098e+04 1.066563e+04 1.066546e+04 1.067081e+04
12.5 1.070228e+04 1.065671e+04 1.067303e+04 1.071860e+04
13.5 1.070841e+04 1.065227e+04 1.068102e+04 1.073716e+04
14.5 1.069151e+04 1.067396e+04 1.068744e+04 1.070499e+04
15.5 1.069595e+04 1.067695e+04 1.069602e+04 1.071502e+04
16.5 1.067517e+04 1.067671e+04 1.070150e+04 1.069996e+04
17.5 1.069400e+04 1.069221e+04 1.069472e+04 1.069650e+04
0.5 1.068745e+04 1.067879e+04 1.067571e+04 1.068437e+04
1.5 1.070305e+04 1.068585e+04 1.068370e+04 1.070090e+04
2.5 1.069167e+04 1.069934e+04 1.068910e+04 1.068143e+04
3.5 1.070218e+04 1.069110e+04 1.068670e+04 1.069777e+04
4.5 1.069274e+04 1.067032e+04 1.068222e+04 1.070464e+04
5.5 1.065954e+04 1.068222e+04 1.067853e+04 1.065586e+04
6.5 1.063624e+04 1.068335e+04 1.066844e+04 1.062132e+04
7.5 1.063755e+04 1.066922e+04 1.065842e+04 1.062675e+04
8.5 1.061404e+04 1.064957e+04 1.065717e+04 1.062164e+04
9.5 1.061409e+04 1.064141e+04 1.066044e+04 1.063313e+04
10.5 1.067098e+04 1.066563e+04 1.066546e+04 1.067081e+04
11.5 1.070228e+04 1.065671e+04 1.067303e+04 1.071860e+04
12.5 1.070841e+04 1.065227e+04 1.068102e+04 1.073716e+04
13.5 1.069151e+04 1.067396e+04 1.068744e+04 1.070499e+04
14.5 1.069595e+04 1.067695e+04 1.069602e+04 1.071502e+04
15.5 1.067517e+04 1.067671e+04 1.070150e+04 1.069996e+04
16.5 1.069400e+04 1.069221e+04 1.069472e+04 1.069650e+04
17.5 1.070381e+04 1.069702e+04 1.068505e+04 1.069184e+04
0.9 1.067098e+04 1.066563e+04 1.066546e+04 1.067081e+04
1.9 1.070228e+04 1.065671e+04 1.067303e+04 1.071860e+04
2.9 1.070841e+04 1.065227e+04 1.068102e+04 1.073716e+04
3.9 1.069151e+04 1.067396e+04 1.068744e+04 1.070499e+04
4.9 1.069595e+04 1.067695e+04 1.069602e+04 1.071502e+04
5.9 1.067517e+04 1.067671e+04 1.070150e+04 1.069996e+04
6.9 1.069400e+04 1.069221e+04 1.069472e+04 1.069650e+04
7.9 1.070381e+04 1.069702e+04 1.068505e+04 1.069184e+04
8.9 1.068015e+04 1.069264e+04 1.067872e+04 1.066623e+04
9.9 1.066945e+04 1.067316e+04 1.067569e+04 1.067198e+04
10.9 1.067542e+04 1.068698e+04 1.067375e+04 1.066219e+04
11.9 1.071064e+04 1.069042e+04 1.067369e+04 1.069392e+04
12.9 1.068041e+04 1.067333e+04 1.067588e+04 1.068295e+04
13.9 1.069009e+04 1.067402e+04 1.067699e+04 1.069305e+04
14.9 1.069556e+04 1.067299e+04 1.067702e+04 1.069959e+04
15.9 1.068647e+04 1.068997e+04 1.067593e+04 1.067243e+04
16.9 1.068603e+04 1.068051e+04 1.067667e+04 1.068220e+04
17.9 1.069844e+04 1.068191e+04 1.067777e+04 1.069431e+04
0.6 1.070228e+04 1.065671e+04 1.067303e+04 1.071860e+04
1.6 1.070841e+04 1.065227e+04 1.068102e+04 1.073716e+04
2.6 1.069151e+04 1.067396e+04 1.068744e+04 1.070499e+04
3.6 1.069595e+04 1.067695e+04 1.069602e+04 1.071502e+04
4.6 1.067517e+04 1.067671e+04 1.070150e+04 1.069996e+04
5.6 1.069400e+04 1.069221e+04 1.069472e+04 1.069650e+04
6.6 1.070381e+04 1.069702e+04 1.068505e+04 1.069184e+04
7.6 1.068015e+04 1.069264e+04 1.067872e+04 1.066623e+04
8.6 1.066945e+04 1.067316e+04 1.067569e+04 1.067198e+04
9.6 1.067542e+04 1.068698e+04 1.067375e+04 1.066219e+04
10.6 1.071064e+04 1.069042e+04 1.067369e+04 1.069392e+04
11.6 1.068041e+04 1.067333e+04 1.067588e+04 1.068295e+04
12.6 1.069009e+04 1.067402e+04 1.067699e+04 1.069305e+04
13.6 1.069556e+04 1.067299e+04 1.067702e+04 1.069959e+04
14.6 1.068647e+04 1.068997e+04 1.067593e+04 1.067243e+04
15.6 1.068603e+04 1.068051e+04 1.067667e+04 1.068220e+04
16.6 1.069844e+04 1.068191e+04 1.067777e+04 1.069431e+04
17.6 1.068064e+04 1.068582e+04 1.067783e+04 1.067265e+04
0.3 1.070841e+04 1.065227e+04 1.068102e+04 1.073716e+04
1.3 1.069151e+04 1.067396e+04 1.068744e+04 1.070499e+04
2.3 1.069595e+04 1.067695e+04 1.069602e+04 1.071502e+04
3.3 1.067517e+04 1.067671e+04 1.070150e+04 1.069996e+04
4.3 1.069400e+04 1.069221e+04 1.069472e+04 1.069650e+04
5.3 1.070381e+04 1.069702e+04 1.068505e+04 1.069184e+04
6.3 1.068015e+04 1.069264e+04 1.067872e+04 1.066623e+04
7.3 1.066945e+04 1.067316e+04 1.067569e+04 1.067198e+04
8.3 1.067542e+04 1.068698e+04 1.067375e+04 1.066219e+04
9.3 1.071064e+04 1.069042e+04 1.067369e+04 1.069392e+04
10.3 1.068041e+04 1.067333e+04 1.067588e+04 1.068295e+04
11.3 1.069009e+04 1.067402e+04 1.067699e+04 1.069305e+04
12.3 1.069556e+04 1.067299e+04 1.067702e+04 1.069959e+04
13.3 1.068647e+04 1.068997e+04 1.067593e+04 1.067243e+04
14.3 1.068603e+04 1.068051e+04 1.067667e+04 1.068220e+04
15.3 1.069844e+04 1.068191e+04 1.067777e+04 1.069431e+04
16.3 1.068064e+04 1.068582e+04 1.067783e+04 1.067265e+04
17.3 1.071374e+04 1.069491e+04 1.067753e+04 1.069635e+04
0.3 1.069151e+04 1.067396e+04 1.068744e+04 1.070499e+04
1.3 1.069595e+04 1.067695e+04 1.069602e+04 1.071502e+04
2.3 1.067517e+04 1.067671e+04 1.070150e+04 1.069996e+04
3.3 1.069400e+04 1.069221e+04 1.069472e+04 1.069650e+04
4.3 1.070381e+04 1.069702e+04 1.068505e+04 1.069184e+04
5.3 1.068015e+04 1.069264e+04 1.067872e+04 1.066623e+04
6.3 1.066945e+04 1.067316e+04 1.067569e+04 1.067198e+04
7.3 1.067542e+04 1.068698e+04 1.067375e+04 1.066219e+04
8.3 1.071064e+04 1.069042e+04 1.067369e+04 1.069392e+04
9.3 1.068041e+04 1.067333e+04 1.067588e+04 1.068295e+04
10.3 1.069009e+04 1.067402e+04 1.067699e+04 1.069305e+04
11.3 1.069556e+04 1.067299e+04 1.067702e+04 1.069959e+04
12.3 1.068647e+04 1.068997e+04 1.067593e+04 1.067243e+04
13.3 1.068603e+04 1.068051e+04 1.067667e+04 1.068220e+04
14.3 1.069844e+04 1.068191e+04 1.067777e+04 1.069431e+04
15.3 1.068064e+04 1.068582e+04 1.067783e+04 1.067265e+04
16.3 1.071374e+04 1.069491e+04 1.067753e+04 1.069635e+04
17.3 1.070413e+04 1.069540e+04 1.067543e+04 1.068416e+04
0.5 1.067542e+04 1.068698e+04 1.067375e+04 1.066219e+04
1.5 1.071064e+04 1.069042e+04 1.067369e+04 1.069392e+04
2.5 1.068041e+04 1.067333e+04 1.067588e+04 1.068295e+04
3.5 1.069009e+04 1.067402e+04 1.067699e+04 1.069305e+04
4.5 1.069556e+04 1.067299e+04 1.067702e+04 1.069959e+04
5.5 1.068647e+04 1.068997e+04 1.067593e+04 1.067243e+04
6.5 1.068603e+04 1.068051e+04 1.067667e+04 1.068220e+04
7.5 1.069844e+04 1.068191e+04 1.067777e+04 1.069431e+04
8.5 1.068064e+04 1.068582e+04 1.067783e+04 1.067265e+04
9.5 1.071374e+04 1.069491e+04 1.067753e+04 1.069635e+04
10.5 1.070413e+04 1.069540e+04 1.067543e+04 1.068416e+04
11.5 1.069608e+04 1.068120e+04 1.067364e+04 1.068853e+04
12.5 1.066414e+04 1.066442e+04 1.067456e+04 1.067428e+04
13.5 1.064933e+04 1.065851e+04 1.067775e+04 1.066856e+04
14.5 1.062889e+04 1.066541e+04 1.068092e+04 1.064439e+04
15.5 1.063496e+04 1.067282e+04 1.068070e+04 1.064284e+04
16.5 1.065285e+04 1.066831e+04 1.067925e+04 1.066379e+04
17.5 1.061962e+04 1.067598e+04 1.067705e+04 1.062069e+04
1.0 1.068647e+04 1.068997e+04 1.067593e+04 1.067243e+04
2.0 1.068603e+04 1.068051e+04 1.067667e+04 1.068220e+04
3.0 1.069844e+04 1.068191e+04 1.067777e+04 1.069431e+04
4.0 1.068064e+04 1.068582e+04 1.067783e+04 1.067265e+04
5.0 1.071374e+04 1.069491e+04 1.067753e+04 1.069635e+04
6.0 1.070413e+04 1.069540e+04 1.067543e+04 1.068416e+04
7.0 1.069608e+04 1.068120e+04 1.067364e+04 1.068853e+04
8.0 1.066414e+04 1.066442e+04 1.067456e+04 1.067428e+04
9.0 1.064933e+04 1.065851e+04 1.067775e+04 1.066856e+04
10.0 1.062889e+04 1.066541e+04 1.068092e+04 1.064439e+04
11.0 1.063496e+04 1.067282e+04 1.068070e+04 1.064284e+04
12.0 1.065285e+04 1.066831e+04 1.067925e+04 1.066379e+04
13.0 1.061962e+04 1.067598e+04 1.067705e+04 1.062069e+04
14.0 1.065416e+04 1.067791e+04 1.066890e+04 1.064515e+04
15.0 1.066777e+04 1.066611e+04 1.066461e+04 1.066627e+04
16.0 1.067880e+04 1.067623e+04 1.066308e+04 1.066565e+04
17.0 1.069756e+04 1.066733e+04 1.066440e+04 1.069463e+04
18.0 1.071738e+04 1.065883e+04 1.066907e+04 1.072762e+04
0.5 1.066414e+04 1.066442e+04 1.067456e+04 1.067428e+04
1.5 1.064933e+04 1.065851e+04 1.067775e+04 1.066856e+04
2.5 1.062889e+04 1.066541e+04 1.068092e+04 1.064439e+04
3.5 1.063496e+04 1.067282e+04 1.068070e+04 1.064284e+04
4.5 1.065285e+04 1.066831e+04 1.067925e+04 1.066379e+04
5.5 1.061962e+04 1.067598e+04 1.067705e+04 1.062069e+04
6.5 1.065416e+04 1.067791e+04 1.066890e+04 1.064515e+04
7.5 1.066777e+04 1.066611e+04 1.066461e+04 1.066627e+04
8.5 1.067880e+04 1.067623e+04 1.066308e+04 1.066565e+04
9.5 1.069756e+04 1.066733e+04 1.066440e+04 1.069463e+04
10.5 1.071738e+04 1.065883e+04 1.066907e+04 1.072762e+04
11.5 1.070462e+04 1.067370e+04 1.067454e+04 1.070545e+04
12.5 1.067802e+04 1.067423e+04 1.068011e+04 1.068390e+04
13.5 1.071151e+04 1.067384e+04 1.068468e+04 1.072234e+04
14.5 1.071582e+04 1.068014e+04 1.068901e+04 1.072469e+04
15.5 1.068877e+04 1.068660e+04 1.069367e+04 1.069585e+04
16.5 1.070251e+04 1.069228e+04 1.069219e+04 1.070243e+04
17.5 1.069929e+04 1.068760e+04 1.068530e+04 1.069698e+04
0.1 1.071738e+04 1.065883e+04 1.066907e+04 1.072762e+04
1.1 1.070462e+04 1.067370e+04 1.067454e+04 1.070545e+04
2.1 1.067802e+04 1.067423e+04 1.068011e+04 1.068390e+04
3.1 1.071151e+04 1.067384e+04 1.068468e+04 1.072234e+04
4.1 1.071582e+04 1.068014e+04 1.068901e+04 1.072469e+04
5.1 1.068877e+04 1.068660e+04 1.069367e+04 1.069585e+04
6.1 1.070251e+04 1.069228e+04 1.069219e+04 1.070243e+04
7.1 1.069929e+04 1.068760e+04 1.068530e+04 1.069698e+04
8.1 1.071305e+04 1.069240e+04 1.067955e+04 1.070020e+04
9.1 1.069583e+04 1.070772e+04 1.067649e+04 1.066460e+04
10.1 1.066384e+04 1.069622e+04 1.067530e+04 1.064293e+04
11.1 1.063258e+04 1.069842e+04 1.067516e+04 1.060932e+04
12.1 1.065255e+04 1.067884e+04 1.067550e+04 1.064921e+04
13.1 1.067220e+04 1.067795e+04 1.067596e+04 1.067021e+04
14.1 1.071685e+04 1.069383e+04 1.067634e+04 1.069936e+04
15.1 1.073866e+04 1.071262e+04 1.067661e+04 1.070265e+04
16.1 1.070965e+04 1.070154e+04 1.067677e+04 1.068488e+04
17.1 1.068201e+04 1.067610e+04 1.067687e+04 1.068279e+04
0.5 1.067802e+04 1.067423e+04 1.068011e+04 1.068390e+04
1.5 1.071151e+04 1.067384e+04 1.068468e+04 1.072234e+04
2.5 1.071582e+04 1.068014e+04 1.068901e+04 1.072469e+04
3.5 1.068877e+04 1.068660e+04 1.069367e+04 1.069585e+04
4.5 1.070251e+04 1.069228e+04 1.069219e+04 1.070243e+04
5.5 1.069929e+04 1.068760e+04 1.068530e+04 1.069698e+04
6.5 1.071305e+04 1.069240e+04 1.067955e+04 1.070020e+04
7.5 1.069583e+04 1.070772e+04 1.067649e+04 1.066460e+04
8.5 1.066384e+04 1.069622e+04 1.067530e+04 1.064293e+04
9.5 1.063258e+04 1.069842e+04 1.067516e+04 1.060932e+04
10.5 1.065255e+04 1.067884e+04 1.067550e+04 1.064921e+04
11.5 1.067220e+04 1.067795e+04 1.067596e+04 1.067021e+04
12.5 1.071685e+04 1.069383e+04 1.067634e+04 1.069936e+04
13.5 1.073866e+04 1.071262e+04 1.067661e+04 1.070265e+04
14.5 1.070965e+04 1.070154e+04 1.067677e+04 1.068488e+04
15.5 1.068201e+04 1.067610e+04 1.067687e+04 1.068279e+04
16.5 1.065304e+04 1.066759e+04 1.067695e+04 1.066241e+04
17.5 1.063085e+04 1.064892e+04 1.067702e+04 1.065895e+04
0.9 1.071582e+04 1.068014e+04 1.068901e+04 1.072469e+04
1.9 1.068877e+04 1.068660e+04 1.069367e+04 1.069585e+04
2.9 1.070251e+04 1.069228e+04 1.069219e+04 1.070243e+04
3.9 1.069929e+04 1.068760e+04 1.068530e+04 1.069698e+04
4.9 1.071305e+04 1.069240e+04 1.067955e+04 1.070020e+04
5.9 1.069583e+04 1.070772e+04 1.067649e+04 1.066460e+04
6.9 1.066384e+04 1.069622e+04 1.067530e+04 1.064293e+04
7.9 1.063258e+04 1.069842e+04 1.067516e+04 1.060932e+04
8.9 1.065255e+04 1.067884e+04 1.067550e+04 1.064921e+04
9.9 1.067220e+04 1.067795e+04 1.067596e+04 1.067021e+04
10.9 1.071685e+04 1.069383e+04 1.067634e+04 1.069936e+04
11.9 1.073866e+04 1.071262e+04 1.067661e+04 1.070265e+04
12.9 1.070965e+04 1.070154e+04 1.067677e+04 1.068488e+04
13.9 1.068201e+04 1.067610e+04 1.067687e+04 1.068279e+04
14.9 1.065304e+04 1.066759e+04 1.067695e+04 1.066241e+04
15.9 1.063085e+04 1.064892e+04 1.067702e+04 1.065895e+04
16.9 1.059877e+04 1.063960e+04 1.067710e+04 1.063627e+04
17.9 1.061618e+04 1.063536e+04 1.067717e+04 1.065799e+04
0.9 1.066234e+04 1.066191e+04 1.066857e+04 1.066900e+04
1.9 1.066528e+04 1.066669e+04 1.067476e+04 1.067335e+04
2.9 1.067138e+04 1.067816e+04 1.068070e+04 1.067392e+04
3.9 1.069230e+04 1.068692e+04 1.068999e+04 1.069537e+04
4.9 1.070367e+04 1.068639e+04 1.069520e+04 1.071248e+04
5.9 1.071392e+04 1.069001e+04 1.069861e+04 1.072252e+04
6.9 1.070371e+04 1.070006e+04 1.069665e+04 1.070030e+04
7.9 1.067628e+04 1.068032e+04 1.068803e+04 1.068398e+04
8.9 1.066630e+04 1.067251e+04 1.067976e+04 1.067355e+04
9.9 1.065732e+04 1.067136e+04 1.067148e+04 1.065743e+04
10.9 1.064941e+04 1.067045e+04 1.066793e+04 1.064688e+04
11.9 1.064940e+04 1.066516e+04 1.067136e+04 1.065560e+04
12.9 1.069714e+04 1.067930e+04 1.067918e+04 1.069701e+04
13.9 1.070525e+04 1.068788e+04 1.068250e+04 1.069986e+04
14.9 1.068496e+04 1.067211e+04 1.068117e+04 1.069402e+04
15.9 1.065123e+04 1.066451e+04 1.067926e+04 1.066598e+04
16.9 1.067779e+04 1.067168e+04 1.067703e+04 1.068313e+04
17.9 1.066508e+04 1.067039e+04 1.067377e+04 1.066845e+04
0.4 1.066528e+04 1.066669e+04 1.067476e+04 1.067335e+04
1.4 1.067138e+04 1.067816e+04 1.068070e+04 1.067392e+04
2.4 1.069230e+04 1.068692e+04 1.068999e+04 1.069537e+04
3.4 1.070367e+04 1.068639e+04 1.069520e+04 1.071248e+04
4.4 1.071392e+04 1.069001e+04 1.069861e+04 1.072252e+04
5.4 1.070371e+04 1.070006e+04 1.069665e+04 1.070030e+04
6.4 1.067628e+04 1.068032e+04 1.068803e+04 1.068398e+04
7.4 1.066630e+04 1.067251e+04 1.067976e+04 1.067355e+04
8.4 1.065732e+04 1.067136e+04 1.067148e+04 1.065743e+04
9.4 1.064941e+04 1.067045e+04 1.066793e+04 1.064688e+04
10.4 1.064940e+04 1.066516e+04 1.067136e+04 1.065560e+04
11.4 1.069714e+04 1.067930e+04 1.067918e+04 1.069701e+04
12.4 1.070525e+04 1.068788e+04 1.068250e+04 1.069986e+04
13.4 1.068496e+04 1.067211e+04 1.068117e+04 1.069402e+04
14.4 1.065123e+04 1.066451e+04 1.067926e+04 1.066598e+04
15.4 1.067779e+04 1.067168e+04 1.067703e+04 1.068313e+04
16.4 1.066508e+04 1.067039e+04 1.067377e+04 1.066845e+04
17.4 1.065624e+04 1.067185e+04 1.067368e+04 1.065807e+04
0.6 1.067138e+04 1.067816e+04 1.068070e+04 1.067392e+04
1.6 1.069230e+04 1.068692e+04 1.068999e+04 1.069537e+04
2.6 1.070367e+04 1.068639e+04 1.069520e+04 1.071248e+04
3.6 1.071392e+04 1.069001e+04 1.069861e+04 1.072252e+04
4.6 1.070371e+04 1.070006e+04 1.069665e+04 1.070030e+04
5.6 1.067628e+04 1.068032e+04 1.068803e+04 1.068398e+04
6.6 1.066630e+04 1.067251e+04 1.067976e+04 1.067355e+04
7.6 1.065732e+04 1.067136e+04 1.067148e+04 1.065743e+04
8.6 1.064941e+04 1.067045e+04 1.066793e+04 1.064688e+04
9.6 1.064940e+04 1.066516e+04 1.067136e+04 1.065560e+04
10.6 1.069714e+04 1.067930e+04 1.067918e+04 1.069701e+04
11.6 1.070525e+04 1.068788e+04 1.068250e+04 1.069986e+04
12.6 1.068496e+04 1.067211e+04 1.068117e+04 1.069402e+04
13.6 1.065123e+04 1.066451e+04 1.067926e+04 1.066598e+04
14.6 1.067779e+04 1.067168e+04 1.067703e+04 1.068313e+04
15.6 1.066508e+04 1.067039e+04 1.067377e+04 1.066845e+04
16.6 1.065624e+04 1.067185e+04 1.067368e+04 1.065807e+04
17.6 1.063874e+04 1.067352e+04 1.067707e+04 1.064229e+04
0.9 1.070367e+04 1.068639e+04 1.069520e+04 1.071248e+04
1.9 1.071392e+04 1.069001e+04 1.069861e+04 1.072252e+04
2.9 1.070371e+04 1.070006e+04 1.069665e+04 1.070030e+04
3.9 1.067628e+04 1.068032e+04 1.068803e+04 1.068398e+04
4.9 1.066630e+04 1.067251e+04 1.067976e+04 1.067355e+04
5.9 1.065732e+04 1.067136e+04 1.067148e+04 1.065743e+04
6.9 1.064941e+04 1.067045e+04 1.066793e+04 1.064688e+04
7.9 1.064940e+04 1.066516e+04 1.067136e+04 1.065560e+04
8.9 1.069714e+04 1.067930e+04 1.067918e+04 1.069701e+04
9.9 1.070525e+04 1.068788e+04 1.068250e+04 1.069986e+04
10.9 1.068496e+04 1.067211e+04 1.068117e+04 1.069402e+04
11.9 1.065123e+04 1.066451e+04 1.067926e+04 1.066598e+04
12.9 1.067779e+04 1.067168e+04 1.067703e+04 1.068313e+04
13.9 1.066508e+04 1.067039e+04 1.067377e+04 1.066845e+04
14.9 1.065624e+04 1.067185e+04 1.067368e+04 1.065807e+04
15.9 1.063874e+04 1.067352e+04 1.067707e+04 1.064229e+04
16.9 1.067717e+04 1.068028e+04 1.068054e+04 1.067743e+04
17.9 1.070760e+04 1.068415e+04 1.068071e+04 1.070416e+04
0.9 1.064941e+04 1.067045e+04 1.066793e+04 1.064688e+04
1.9 1.064940e+04 1.066516e+04 1.067136e+04 1.065560e+04
2.9 1.069714e+04 1.067930e+04 1.067918e+04 1.069701e+04
3.9 1.070525e+04 1.068788e+04 1.068250e+04 1.069986e+04
4.9 1.068496e+04 1.067211e+04 1.068117e+04 1.069402e+04
5.9 1.065123e+04 1.066451e+04 1.067926e+04 1.066598e+04
6.9 1.067779e+04 1.067168e+04 1.067703e+04 1.068313e+04
7.9 1.066508e+04 1.067039e+04 1.067377e+04 1.066845e+04
8.9 1.065624e+04 1.067185e+04 1.067368e+04 1.065807e+04
9.9 1.063874e+04 1.067352e+04 1.067707e+04 1.064229e+04
10.9 1.067717e+04 1.068028e+04 1.068054e+04 1.067743e+04
11.9 1.070760e+04 1.068415e+04 1.068071e+04 1.070416e+04
12.9 1.070483e+04 1.066991e+04 1.067969e+04 1.071460e+04
13.9 1.070577e+04 1.066360e+04 1.067887e+04 1.072104e+04
14.9 1.068724e+04 1.068194e+04 1.067842e+04 1.068371e+04
15.9 1.072158e+04 1.068202e+04 1.067822e+04 1.071779e+04
16.9 1.069297e+04 1.068436e+04 1.067821e+04 1.068682e+04
17.9 1.068461e+04 1.068489e+04 1.067828e+04 1.067800e+04
1.0 1.064940e+04 1.066516e+04 1.067136e+04 1.065560e+04
2.0 1.069714e+04 1.067930e+04 1.067918e+04 1.069701e+04
3.0 1.070525e+04 1.068788e+04 1.068250e+04 1.069986e+04
4.0 1.068496e+04 1.067211e+04 1.068117e+04 1.069402e+04
5.0 1.065123e+04 1.066451e+04 1.067926e+04 1.066598e+04
6.0 1.067779e+04 1.067168e+04 1.067703e+04 1.068313e+04
7.0 1.066508e+04 1.067039e+04 1.067377e+04 1.066845e+04
8.0 1.065624e+04 1.067185e+04 1.067368e+04 1.065807e+04
9.0 1.063874e+04 1.067352e+04 1.067707e+04 1.064229e+04
10.0 1.067717e+04 1.068028e+04 1.068054e+04 1.067743e+04
11.0 1.070760e+04 1.068415e+04 1.068071e+04 1.070416e+04
12.0 1.070483e+04 1.066991e+04 1.067969e+04 1.071460e+04
13.0 1.070577e+04 1.066360e+04 1.067887e+04 1.072104e+04
14.0 1.068724e+04 1.068194e+04 1.067842e+04 1.068371e+04
15.0 1.072158e+04 1.068202e+04 1.067822e+04 1.071779e+04
16.0 1.069297e+04 1.068436e+04 1.067821e+04 1.068682e+04
17.0 1.068461e+04 1.068489e+04 1.067828e+04 1.067800e+04
18.0 1.068376e+04 1.068683e+04 1.067838e+04 1.067531e+04
0.6 1.065624e+04 1.067185e+04 1.067368e+04 1.065807e+04
1.6 1.063874e+04 1.067352e+04 1.067707e+04 1.064229e+04
2.6 1.067717e+04 1.068028e+04 1.068054e+04 1.067743e+04
3.6 1.070760e+04 1.068415e+04 1.068071e+04 1.070416e+04
4.6 1.070483e+04 1.066991e+04 1.067969e+04 1.071460e+04
5.6 1.070577e+04 1.066360e+04 1.067887e+04 1.072104e+04
6.6 1.068724e+04 1.068194e+04 1.067842e+04 1.068371e+04
7.6 1.072158e+04 1.068202e+04 1.067822e+04 1.071779e+04
8.6 1.069297e+04 1.068436e+04 1.067821e+04 1.068682e+04
9.6 1.068461e+04 1.068489e+04 1.067828e+04 1.067800e+04
10.6 1.068376e+04 1.068683e+04 1.067838e+04 1.067531e+04
11.6 1.067168e+04 1.069061e+04 1.067844e+04 1.065951e+04
12.6 1.067840e+04 1.068057e+04 1.067847e+04 1.067630e+04
13.6 1.069410e+04 1.068307e+04 1.067834e+04 1.068937e+04
14.6 1.067699e+04 1.068772e+04 1.067071e+04 1.065998e+04
15.6 1.068453e+04 1.066831e+04 1.065978e+04 1.067600e+04
16.6 1.068907e+04 1.066951e+04 1.065366e+04 1.067322e+04
17.6 1.067008e+04 1.065896e+04 1.065325e+04 1.066437e+04
0.8 1.063763e+04 1.067338e+04 1.067467e+04 1.063892e+04
1.8 1.066983e+04 1.067744e+04 1.067902e+04 1.067141e+04
2.8 1.069325e+04 1.068952e+04 1.068490e+04 1.068862e+04
3.8 1.069357e+04 1.069074e+04 1.069170e+04 1.069452e+04
4.8 1.068367e+04 1.069116e+04 1.069959e+04 1.069209e+04
5.8 1.066008e+04 1.068622e+04 1.070209e+04 1.067595e+04
6.8 1.070795e+04 1.069496e+04 1.070434e+04 1.071733e+04
7.8 1.070100e+04 1.069493e+04 1.069846e+04 1.070453e+04
8.8 1.068208e+04 1.067095e+04 1.068713e+04 1.069825e+04
9.8 1.069246e+04 1.067032e+04 1.067884e+04 1.070097e+04
10.8 1.065741e+04 1.066154e+04 1.067486e+04 1.067073e+04
11.8 1.066261e+04 1.066693e+04 1.067364e+04 1.066931e+04
12.8 1.067455e+04 1.066425e+04 1.067383e+04 1.068413e+04
13.8 1.067882e+04 1.067939e+04 1.067257e+04 1.067200e+04
14.8 1.066900e+04 1.067757e+04 1.066988e+04 1.066131e+04
15.8 1.066869e+04 1.067272e+04 1.067001e+04 1.066597e+04
16.8 1.067153e+04 1.068030e+04 1.067313e+04 1.066436e+04
17.8 1.067570e+04 1.067348e+04 1.067885e+04 1.068107e+04
0.9 1.066983e+04 1.067744e+04 1.067902e+04 1.067141e+04
1.9 1.069325e+04 1.068952e+04 1.068490e+04 1.068862e+04
2.9 1.069357e+04 1.069074e+04 1.069170e+04 1.069452e+04
3.9 1.068367e+04 1.069116e+04 1.069959e+04 1.069209e+04
4.9 1.066008e+04 1.068622e+04 1.070209e+04 1.067595e+04
5.9 1.070795e+04 1.069496e+04 1.070434e+04 1.071733e+04
6.9 1.070100e+04 1.069493e+04 1.069846e+04 1.070453e+04
7.9 1.068208e+04 1.067095e+04 1.068713e+04 1.069825e+04
8.9 1.069246e+04 1.067032e+04 1.067884e+04 1.070097e+04
9.9 1.065741e+04 1.066154e+04 1.067486e+04 1.067073e+04
10.9 1.066261e+04 1.066693e+04 1.067364e+04 1.066931e+04
11.9 1.067455e+04 1.066425e+04 1.067383e+04 1.068413e+04
12.9 1.067882e+04 1.067939e+04 1.067257e+04 1.067200e+04
13.9 1.066900e+04 1.067757e+04 1.066988e+04 1.066131e+04
14.9 1.066869e+04 1.067272e+04 1.067001e+04 1.066597e+04
15.9 1.067153e+04 1.068030e+04 1.067313e+04 1.066436e+04
16.9 1.067570e+04 1.067348e+04 1.067885e+04 1.068107e+04
17.9 1.068713e+04 1.068075e+04 1.068342e+04 1.068980e+04
0.7 1.069325e+04 1.068952e+04 1.068490e+04 1.068862e+04
1.7 1.069357e+04 1.069074e+04 1.069170e+04 1.069452e+04
2.7 1.068367e+04 1.069116e+04 1.069959e+04 1.069209e+04
3.7 1.066008e+04 1.068622e+04 1.070209e+04 1.067595e+04
4.7 1.070795e+04 1.069496e+04 1.070434e+04 1.071733e+04
5.7 1.070100e+04 1.069493e+04 1.069846e+04 1.070453e+04
6.7 1.068208e+04 1.067095e+04 1.068713e+04 1.069825e+04
7.7 1.069246e+04 1.067032e+04 1.067884e+04 1.070097e+04
8.7 1.065741e+04 1.066154e+04 1.067486e+04 1.067073e+04
9.7 1.066261e+04 1.066693e+04 1.067364e+04 1.066931e+04
10.7 1.067455e+04 1.066425e+04 1.067383e+04 1.068413e+04
11.7 1.067882e+04 1.067939e+04 1.067257e+04 1.067200e+04
12.7 1.066900e+04 1.067757e+04 1.066988e+04 1.066131e+04
13.7 1.066869e+04 1.067272e+04 1.067001e+04 1.066597e+04
14.7 1.067153e+04 1.068030e+04 1.067313e+04 1.066436e+04
15.7 1.067570e+04 1.067348e+04 1.067885e+04 1.068107e+04
16.7 1.068713e+04 1.068075e+04 1.068342e+04 1.068980e+04
17.7 1.070184e+04 1.069177e+04 1.068263e+04 1.069271e+04
0.7 1.069357e+04 1.069074e+04 1.069170e+04 1.069452e+04
1.7 1.068367e+04 1.069116e+04 1.069959e+04 1.069209e+04
2.7 1.066008e+04 1.068622e+04 1.070209e+04 1.067595e+04
3.7 1.070795e+04 1.069496e+04 1.070434e+04 1.071733e+04
4.7 1.070100e+04 1.069493e+04 1.069846e+04 1.070453e+04
5.7 1.068208e+04 1.067095e+04 1.068713e+04 1.069825e+04
6.7 1.069246e+04 1.067032e+04 1.067884e+04 1.070097e+04
7.7 1.065741e+04 1.066154e+04 1.067486e+04 1.067073e+04
8.7 1.066261e+04 1.066693e+04 1.067364e+04 1.066931e+04
9.7 1.067455e+04 1.066425e+04 1.067383e+04 1.068413e+04
10.7 1.067882e+04 1.067939e+04 1.067257e+04 1.067200e+04
11.7 1.066900e+04 1.067757e+04 1.066988e+04 1.066131e+04
12.7 1.066869e+04 1.067272e+04 1.067001e+04 1.066597e+04
13.7 1.067153e+04 1.068030e+04 1.067313e+04 1.066436e+04
14.7 1.067570e+04 1.067348e+04 1.067885e+04 1.068107e+04
15.7 1.068713e+04 1.068075e+04 1.068342e+04 1.068980e+04
16.7 1.070184e+04 1.069177e+04 1.068263e+04 1.069271e+04
17.7 1.071064e+04 1.067792e+04 1.068007e+04 1.071279e+04
1.0 1.066008e+04 1.068622e+04 1.070209e+04 1.067595e+04
2.0 1.070795e+04 1.069496e+04 1.070434e+04 1.071733e+04
3.0 1.070100e+04 1.069493e+04 1.069846e+04 1.070453e+04
4.0 1.068208e+04 1.067095e+04 1.068713e+04 1.069825e+04
5.0 1.069246e+04 1.067032e+04 1.067884e+04 1.070097e+04
6.0 1.065741e+04 1.066154e+04 1.067486e+04 1.067073e+04
7.0 1.066261e+04 1.066693e+04 1.067364e+04 1.066931e+04
8.0 1.067455e+04 1.066425e+04 1.067383e+04 1.068413e+04
9.0 1.067882e+04 1.067939e+04 1.067257e+04 1.067200e+04
10.0 1.066900e+04 1.067757e+04 1.066988e+04 1.066131e+04
11.0 1.066869e+04 1.067272e+04 1.067001e+04 1.066597e+04
12.0 1.067153e+04 1.068030e+04 1.067313e+04 1.066436e+04
13.0 1.067570e+04 1.067348e+04 1.067885e+04 1.068107e+04
14.0 1.068713e+04 1.068075e+04 1.068342e+04 1.068980e+04
15.0 1.070184e+04 1.069177e+04 1.068263e+04 1.069271e+04
16.0 1.071064e+04 1.067792e+04 1.068007e+04 1.071279e+04
17.0 1.067289e+04 1.068103e+04 1.067713e+04 1.066900e+04
18.0 1.068569e+04 1.068003e+04 1.066701e+04 1.067266e+04
0.6 1.066869e+04 1.067272e+04 1.067001e+04 1.066597e+04
1.6 1.067153e+04 1.068030e+04 1.067313e+04 1.066436e+04
2.6 1.067570e+04 1.067348e+04 1.067885e+04 1.068107e+04
3.6 1.068713e+04 1.068075e+04 1.068342e+04 1.068980e+04
4.6 1.070184e+04 1.069177e+04 1.068263e+04 1.069271e+04
5.6 1.071064e+04 1.067792e+04 1.068007e+04 1.071279e+04
6.6 1.067289e+04 1.068103e+04 1.067713e+04 1.066900e+04
7.6 1.068569e+04 1.068003e+04 1.066701e+04 1.067266e+04
8.6 1.067140e+04 1.066395e+04 1.065950e+04 1.066695e+04
9.6 1.063946e+04 1.066475e+04 1.065733e+04 1.063204e+04
10.6 1.069387e+04 1.066808e+04 1.065937e+04 1.068516e+04
11.6 1.072399e+04 1.068020e+04 1.066464e+04 1.070843e+04
12.6 1.069066e+04 1.067488e+04 1.067235e+04 1.068813e+04
13.6 1.067485e+04 1.067634e+04 1.067885e+04 1.067736e+04
14.6 1.064155e+04 1.068188e+04 1.068452e+04 1.064420e+04
15.6 1.065471e+04 1.068187e+04 1.068823e+04 1.066107e+04
16.6 1.066784e+04 1.068075e+04 1.069168e+04 1.067878e+04
17.6 1.065922e+04 1.069668e+04 1.069583e+04 1.065836e+04
0.5 1.067153e+04 1.068030e+04 1.067313e+04 1.066436e+04
1.5 1.067570e+04 1.067348e+04 1.067885e+04 1.068107e+04
2.5 1.068713e+04 1.068075e+04 1.068342e+04 1.068980e+04
3.5 1.070184e+04 1.069177e+04 1.068263e+04 1.069271e+04
4.5 1.071064e+04 1.067792e+04 1.068007e+04 1.071279e+04
5.5 1.067289e+04 1.068103e+04 1.067713e+04 1.066900e+04
6.5 1.068569e+04 1.068003e+04 1.066701e+04 1.067266e+04
7.5 1.067140e+04 1.066395e+04 1.065950e+04 1.066695e+04
8.5 1.063946e+04 1.066475e+04 1.065733e+04 1.063204e+04
9.5 1.069387e+04 1.066808e+04 1.065937e+04 1.068516e+04
10.5 1.072399e+04 1.068020e+04 1.066464e+04 1.070843e+04
11.5 1.069066e+04 1.067488e+04 1.067235e+04 1.068813e+04
12.5 1.067485e+04 1.067634e+04 1.067885e+04 1.067736e+04
13.5 1.064155e+04 1.068188e+04 1.068452e+04 1.064420e+04
14.5 1.065471e+04 1.068187e+04 1.068823e+04 1.066107e+04
15.5 1.066784e+04 1.068075e+04 1.069168e+04 1.067878e+04
16.5 1.065922e+04 1.069668e+04 1.069583e+04 1.065836e+04
17.5 1.066025e+04 1.069598e+04 1.069512e+04 1.065938e+04
0.7 1.072399e+04 1.068020e+04 1.066464e+04 1.070843e+04
1.7 1.069066e+04 1.067488e+04 1.067235e+04 1.068813e+04
2.7 1.067485e+04 1.067634e+04 1.067885e+04 1.067736e+04
3.7 1.064155e+04 1.068188e+04 1.068452e+04 1.064420e+04
4.7 1.065471e+04 1.068187e+04 1.068823e+04 1.066107e+04
5.7 1.066784e+04 1.068075e+04 1.069168e+04 1.067878e+04
6.7 1.065922e+04 1.069668e+04 1.069583e+04 1.065836e+04
7.7 1.066025e+04 1.069598e+04 1.069512e+04 1.065938e+04
8.7 1.065496e+04 1.066960e+04 1.068756e+04 1.067291e+04
9.7 1.066574e+04 1.065855e+04 1.068077e+04 1.068797e+04
10.7 1.067507e+04 1.066046e+04 1.067714e+04 1.069175e+04
11.7 1.068307e+04 1.065790e+04 1.067580e+04 1.070096e+04
12.7 1.064085e+04 1.067423e+04 1.067573e+04 1.064234e+04
13.7 1.066807e+04 1.068611e+04 1.067627e+04 1.065823e+04
14.7 1.069557e+04 1.068986e+04 1.067698e+04 1.068269e+04
15.7 1.069970e+04 1.068181e+04 1.067764e+04 1.069553e+04
16.7 1.070263e+04 1.067442e+04 1.067818e+04 1.070640e+04
17.7 1.073336e+04 1.068216e+04 1.067862e+04 1.072982e+04
0.1 1.069066e+04 1.067488e+04 1.067235e+04 1.068813e+04
1.1 1.067485e+04 1.067634e+04 1.067885e+04 1.067736e+04
2.1 1.064155e+04 1.068188e+04 1.068452e+04 1.064420e+04
3.1 1.065471e+04 1.068187e+04 1.068823e+04 1.066107e+04
4.1 1.066784e+04 1.068075e+04 1.069168e+04 1.067878e+04
5.1 1.065922e+04 1.069668e+04 1.069583e+04 1.065836e+04
6.1 1.066025e+04 1.069598e+04 1.069512e+04 1.065938e+04
7.1 1.065496e+04 1.066960e+04 1.068756e+04 1.067291e+04
8.1 1.066574e+04 1.065855e+04 1.068077e+04 1.068797e+04
9.1 1.067507e+04 1.066046e+04 1.067714e+04 1.069175e+04
10.1 1.068307e+04 1.065790e+04 1.067580e+04 1.070096e+04
11.1 1.064085e+04 1.067423e+04 1.067573e+04 1.064234e+04
12.1 1.066807e+04 1.068611e+04 1.067627e+04 1.065823e+04
13.1 1.069557e+04 1.068986e+04 1.067698e+04 1.068269e+04
14.1 1.069970e+04 1.068181e+04 1.067764e+04 1.069553e+04
15.1 1.070263e+04 1.067442e+04 1.067818e+04 1.070640e+04
16.1 1.073336e+04 1.068216e+04 1.067862e+04 1.072982e+04
17.1 1.072578e+04 1.069722e+04 1.067900e+04 1.070755e+04
0.4 1.064155e+04 1.068188e+04 1.068452e+04 1.064420e+04
1.4 1.065471e+04 1.068187e+04 1.068823e+04 1.066107e+04
2.4 1.066784e+04 1.068075e+04 1.069168e+04 1.067878e+04
3.4 1.065922e+04 1.069668e+04 1.069583e+04 1.065836e+04
4.4 1.066025e+04 1.069598e+04 1.069512e+04 1.065938e+04
5.4 1.065496e+04 1.066960e+04 1.068756e+04 1.067291e+04
6.4 1.066574e+04 1.065855e+04 1.068077e+04 1.068797e+04
7.4 1.067507e+04 1.066046e+04 1.067714e+04 1.069175e+04
8.4 1.068307e+04 1.065790e+04 1.067580e+04 1.070096e+04
9.4 1.064085e+04 1.067423e+04 1.067573e+04 1.064234e+04
10.4 1.066807e+04 1.068611e+04 1.067627e+04 1.065823e+04
11.4 1.069557e+04 1.068986e+04 1.067698e+04 1.068269e+04
12.4 1.069970e+04 1.068181e+04 1.067764e+04 1.069553e+04
13.4 1.070263e+04 1.067442e+04 1.067818e+04 1.070640e+04
14.4 1.073336e+04 1.068216e+04 1.067862e+04 1.072982e+04
15.4 1.072578e+04 1.069722e+04 1.067900e+04 1.070755e+04
16.4 1.069299e+04 1.067896e+04 1.067937e+04 1.069340e+04
17.4 1.069037e+04 1.068093e+04 1.067971e+04 1.068915e+04
0.8 1.066784e+04 1.068075e+04 1.069168e+04 1.067878e+04
1.8 1.065922e+04 1.069668e+04 1.069583e+04 1.065836e+04
2.8 1.066025e+04 1.069598e+04 1.069512e+04 1.065938e+04
3.8 1.065496e+04 1.066960e+04 1.068756e+04 1.067291e+04
4.8 1.066574e+04 1.065855e+04 1.068077e+04 1.068797e+04
5.8 1.067507e+04 1.066046e+04 1.067714e+04 1.069175e+04
6.8 1.068307e+04 1.065790e+04 1.067580e+04 1.070096e+04
7.8 1.064085e+04 1.067423e+04 1.067573e+04 1.064234e+04
8.8 1.066807e+04 1.068611e+04 1.067627e+04 1.065823e+04
9.8 1.069557e+04 1.068986e+04 1.067698e+04 1.068269e+04
10.8 1.069970e+04 1.068181e+04 1.067764e+04 1.069553e+04
11.8 1.070263e+04 1.067442e+04 1.067818e+04 1.070640e+04
12.8 1.073336e+04 1.068216e+04 1.067862e+04 1.072982e+04
13.8 1.072578e+04 1.069722e+04 1.067900e+04 1.070755e+04
14.8 1.069299e+04 1.067896e+04 1.067937e+04 1.069340e+04
15.8 1.069037e+04 1.068093e+04 1.067971e+04 1.068915e+04
16.8 1.069969e+04 1.069141e+04 1.067601e+04 1.068429e+04
17.8 1.066875e+04 1.068283e+04 1.066820e+04 1.065412e+04
0.9 1.066023e+04 1.067593e+04 1.067137e+04 1.065567e+04
1.9 1.064964e+04 1.069008e+04 1.067882e+04 1.063837e+04
2.9 1.065783e+04 1.069222e+04 1.068775e+04 1.065337e+04
3.9 1.065402e+04 1.069476e+04 1.069731e+04 1.065657e+04
4.9 1.064603e+04 1.068780e+04 1.069892e+04 1.065715e+04
5.9 1.065847e+04 1.068905e+04 1.069392e+04 1.066334e+04
6.9 1.070060e+04 1.068798e+04 1.068929e+04 1.070191e+04
7.9 1.068254e+04 1.068126e+04 1.068644e+04 1.068771e+04
8.9 1.070907e+04 1.067973e+04 1.067509e+04 1.070443e+04
9.9 1.072204e+04 1.067078e+04 1.066001e+04 1.071128e+04
10.9 1.065183e+04 1.065404e+04 1.065594e+04 1.065374e+04
11.9 1.067236e+04 1.064835e+04 1.066172e+04 1.068573e+04
12.9 1.065426e+04 1.065844e+04 1.067316e+04 1.066898e+04
0.9 1.064964e+04 1.069008e+04 1.067882e+04 1.063837e+04
1.9 1.065783e+04 1.069222e+04 1.068775e+04 1.065337e+04
2.9 1.065402e+04 1.069476e+04 1.069731e+04 1.065657e+04
3.9 1.064603e+04 1.068780e+04 1.069892e+04 1.065715e+04
4.9 1.065847e+04 1.068905e+04 1.069392e+04 1.066334e+04
5.9 1.070060e+04 1.068798e+04 1.068929e+04 1.070191e+04
6.9 1.068254e+04 1.068126e+04 1.068644e+04 1.068771e+04
7.9 1.070907e+04 1.067973e+04 1.067509e+04 1.070443e+04
8.9 1.072204e+04 1.067078e+04 1.066001e+04 1.071128e+04
9.9 1.065183e+04 1.065404e+04 1.065594e+04 1.065374e+04
10.9 1.067236e+04 1.064835e+04 1.066172e+04 1.068573e+04
11.9 1.065426e+04 1.065844e+04 1.067316e+04 1.066898e+04
0.9 1.065783e+04 1.069222e+04 1.068775e+04 1.065337e+04
1.9 1.065402e+04 1.069476e+04 1.069731e+04 1.065657e+04
2.9 1.064603e+04 1.068780e+04 1.069892e+04 1.065715e+04
3.9 1.065847e+04 1.068905e+04 1.069392e+04 1.066334e+04
4.9 1.070060e+04 1.068798e+04 1.068929e+04 1.070191e+04
5.9 1.068254e+04 1.068126e+04 1.068644e+04 1.068771e+04
6.9 1.070907e+04 1.067973e+04 1.067509e+04 1.070443e+04
7.9 1.072204e+04 1.067078e+04 1.066001e+04 1.071128e+04
8.9 1.065183e+04 1.065404e+04 1.065594e+04 1.065374e+04
9.9 1.067236e+04 1.064835e+04 1.066172e+04 1.068573e+04
10.9 1.065426e+04 1.065844e+04 1.067316e+04 1.066898e+04
0.2 1.065426e+04 1.065844e+04 1.067316e+04 1.066898e+04
