0.5 1.024623e+04 1.025546e+04 1.022616e+04 1.021693e+04
1.5 1.023392e+04 1.026624e+04 1.022658e+04 1.019426e+04
2.5 1.018023e+04 1.025739e+04 1.022808e+04 1.015092e+04
3.5 1.023196e+04 1.025775e+04 1.022963e+04 1.020385e+04
4.5 1.030626e+04 1.024372e+04 1.023053e+04 1.029306e+04
5.5 1.031639e+04 1.024882e+04 1.023084e+04 1.029841e+04
6.5 1.024561e+04 1.024962e+04 1.023041e+04 1.022640e+04
7.5 1.023997e+04 1.024101e+04 1.022877e+04 1.022774e+04
8.5 1.030599e+04 1.024546e+04 1.022704e+04 1.028758e+04
9.5 1.029394e+04 1.023461e+04 1.022601e+04 1.028533e+04
10.5 1.018586e+04 1.022701e+04 1.022559e+04 1.018444e+04
11.5 1.017470e+04 1.022581e+04 1.022552e+04 1.017442e+04
12.5 1.018779e+04 1.022136e+04 1.022562e+04 1.019204e+04
13.5 1.025178e+04 1.023128e+04 1.022575e+04 1.024626e+04
14.5 1.028283e+04 1.022920e+04 1.022587e+04 1.027951e+04
15.5 1.018021e+04 1.021833e+04 1.022595e+04 1.018783e+04
16.5 1.015621e+04 1.022800e+04 1.022599e+04 1.015419e+04
17.5 1.019293e+04 1.023934e+04 1.022601e+04 1.017960e+04
18.5 1.022857e+04 1.022017e+04 1.022602e+04 1.023442e+04
19.5 1.025911e+04 1.019988e+04 1.022602e+04 1.028525e+04
20.5 1.022021e+04 1.019293e+04 1.022602e+04 1.025330e+04
21.5 1.018571e+04 1.019022e+04 1.022601e+04 1.022151e+04
22.5 1.021668e+04 1.019213e+04 1.022601e+04 1.025056e+04
0.5 1.029209e+04 1.026126e+04 1.022599e+04 1.025682e+04
1.5 1.029677e+04 1.026024e+04 1.022641e+04 1.026294e+04
2.5 1.025986e+04 1.026196e+04 1.022792e+04 1.022581e+04
3.5 1.025546e+04 1.024580e+04 1.022948e+04 1.023914e+04
4.5 1.028167e+04 1.024892e+04 1.023038e+04 1.026313e+04
5.5 1.027426e+04 1.024409e+04 1.023070e+04 1.026086e+04
6.5 1.026938e+04 1.024520e+04 1.023028e+04 1.025446e+04
7.5 1.022940e+04 1.024413e+04 1.022864e+04 1.021391e+04
8.5 1.024608e+04 1.024140e+04 1.022691e+04 1.023159e+04
9.5 1.023710e+04 1.023490e+04 1.022588e+04 1.022808e+04
10.5 1.019246e+04 1.022069e+04 1.022547e+04 1.019724e+04
11.5 1.017262e+04 1.021428e+04 1.022540e+04 1.018375e+04
12.5 1.021774e+04 1.021342e+04 1.022550e+04 1.022982e+04
13.5 1.021567e+04 1.024368e+04 1.022564e+04 1.019762e+04
14.5 1.018320e+04 1.024546e+04 1.022576e+04 1.016350e+04
15.5 1.020960e+04 1.025439e+04 1.022584e+04 1.018105e+04
16.5 1.027548e+04 1.025467e+04 1.022588e+04 1.024669e+04
17.5 1.029425e+04 1.023310e+04 1.022590e+04 1.028705e+04
18.5 1.025548e+04 1.021417e+04 1.022591e+04 1.026722e+04
19.5 1.021486e+04 1.021144e+04 1.022591e+04 1.022933e+04
20.5 1.024253e+04 1.020013e+04 1.022591e+04 1.026831e+04
21.5 1.029090e+04 1.020640e+04 1.022590e+04 1.031041e+04
22.5 1.028751e+04 1.022207e+04 1.022590e+04 1.029134e+04
0.5 1.030475e+04 1.025185e+04 1.022588e+04 1.027878e+04
1.5 1.032278e+04 1.026461e+04 1.022631e+04 1.028449e+04
2.5 1.026951e+04 1.026931e+04 1.022782e+04 1.022803e+04
3.5 1.021954e+04 1.026288e+04 1.022939e+04 1.018606e+04
4.5 1.023980e+04 1.026223e+04 1.023029e+04 1.020786e+04
5.5 1.024760e+04 1.025710e+04 1.023061e+04 1.022112e+04
6.5 1.021434e+04 1.025633e+04 1.023020e+04 1.018821e+04
7.5 1.024820e+04 1.025321e+04 1.022857e+04 1.022356e+04
8.5 1.023056e+04 1.024220e+04 1.022685e+04 1.021520e+04
9.5 1.025411e+04 1.024109e+04 1.022582e+04 1.023884e+04
10.5 1.021390e+04 1.024438e+04 1.022541e+04 1.019493e+04
11.5 1.023695e+04 1.023482e+04 1.022536e+04 1.022748e+04
12.5 1.026853e+04 1.023631e+04 1.022546e+04 1.025768e+04
13.5 1.029080e+04 1.023550e+04 1.022560e+04 1.028091e+04
14.5 1.027716e+04 1.023298e+04 1.022573e+04 1.026991e+04
15.5 1.024568e+04 1.023885e+04 1.022582e+04 1.023265e+04
16.5 1.028144e+04 1.025015e+04 1.022630e+04 1.025760e+04
17.5 1.028338e+04 1.024861e+04 1.022784e+04 1.026261e+04
18.5 1.026381e+04 1.024400e+04 1.022943e+04 1.024924e+04
19.5 1.022936e+04 1.025312e+04 1.023034e+04 1.020657e+04
20.5 1.021544e+04 1.024912e+04 1.023067e+04 1.019699e+04
21.5 1.021584e+04 1.024092e+04 1.023026e+04 1.020518e+04
22.5 1.015578e+04 1.023177e+04 1.022863e+04 1.015264e+04
0.5 1.024568e+04 1.023885e+04 1.022582e+04 1.023265e+04
1.5 1.028144e+04 1.025015e+04 1.022630e+04 1.025760e+04
2.5 1.028338e+04 1.024861e+04 1.022784e+04 1.026261e+04
3.5 1.026381e+04 1.024400e+04 1.022943e+04 1.024924e+04
4.5 1.022936e+04 1.025312e+04 1.023034e+04 1.020657e+04
5.5 1.021544e+04 1.024912e+04 1.023067e+04 1.019699e+04
6.5 1.021584e+04 1.024092e+04 1.023026e+04 1.020518e+04
7.5 1.015578e+04 1.023177e+04 1.022863e+04 1.015264e+04
8.5 1.020893e+04 1.022290e+04 1.022692e+04 1.021295e+04
9.5 1.024591e+04 1.022534e+04 1.022589e+04 1.024646e+04
10.5 1.027709e+04 1.022809e+04 1.022549e+04 1.027448e+04
11.5 1.024335e+04 1.023440e+04 1.022543e+04 1.023439e+04
12.5 1.020622e+04 1.023563e+04 1.022554e+04 1.019614e+04
13.5 1.021254e+04 1.024631e+04 1.022569e+04 1.019193e+04
14.5 1.020864e+04 1.024828e+04 1.022582e+04 1.018618e+04
15.5 1.017711e+04 1.022808e+04 1.022591e+04 1.017494e+04
16.5 1.015628e+04 1.020711e+04 1.022596e+04 1.017514e+04
17.5 1.017977e+04 1.020071e+04 1.022599e+04 1.020505e+04
18.5 1.020999e+04 1.019889e+04 1.022601e+04 1.023711e+04
19.5 1.019995e+04 1.020047e+04 1.022602e+04 1.022550e+04
20.5 1.014670e+04 1.019440e+04 1.022603e+04 1.017832e+04
21.5 1.016558e+04 1.018918e+04 1.022603e+04 1.020243e+04
22.5 1.018850e+04 1.017307e+04 1.022604e+04 1.024147e+04
0.5 1.026598e+04 1.025126e+04 1.022603e+04 1.024075e+04
1.5 1.030935e+04 1.026642e+04 1.022646e+04 1.026939e+04
2.5 1.028682e+04 1.025938e+04 1.022796e+04 1.025540e+04
3.5 1.027265e+04 1.025015e+04 1.022952e+04 1.025202e+04
4.5 1.021703e+04 1.025932e+04 1.023041e+04 1.018812e+04
5.5 1.024786e+04 1.025111e+04 1.023073e+04 1.022748e+04
6.5 1.029096e+04 1.025004e+04 1.023030e+04 1.027122e+04
7.5 1.031648e+04 1.024472e+04 1.022866e+04 1.030042e+04
8.5 1.023496e+04 1.022481e+04 1.022693e+04 1.023708e+04
9.5 1.020711e+04 1.021588e+04 1.022589e+04 1.021712e+04
10.5 1.024159e+04 1.022076e+04 1.022547e+04 1.024630e+04
11.5 1.022415e+04 1.023105e+04 1.022540e+04 1.021850e+04
12.5 1.021526e+04 1.023242e+04 1.022549e+04 1.020833e+04
13.5 1.021700e+04 1.024038e+04 1.022562e+04 1.020225e+04
14.5 1.022009e+04 1.024441e+04 1.022573e+04 1.020141e+04
15.5 1.024792e+04 1.024768e+04 1.022580e+04 1.022605e+04
16.5 1.024809e+04 1.025081e+04 1.022584e+04 1.022312e+04
17.5 1.024425e+04 1.023175e+04 1.022585e+04 1.023835e+04
18.5 1.018294e+04 1.020461e+04 1.022585e+04 1.020418e+04
19.5 1.018687e+04 1.020272e+04 1.022584e+04 1.020999e+04
20.5 1.019189e+04 1.019823e+04 1.022583e+04 1.021948e+04
21.5 1.013106e+04 1.017536e+04 1.022581e+04 1.018152e+04
22.5 1.014958e+04 1.016465e+04 1.022580e+04 1.021072e+04
0.5 1.028576e+04 1.025231e+04 1.022571e+04 1.025916e+04
1.5 1.026800e+04 1.025887e+04 1.022612e+04 1.023525e+04
2.5 1.023381e+04 1.026446e+04 1.022762e+04 1.019697e+04
3.5 1.020419e+04 1.025554e+04 1.022917e+04 1.017782e+04
4.5 1.024989e+04 1.025519e+04 1.023005e+04 1.022475e+04
5.5 1.025027e+04 1.025023e+04 1.023036e+04 1.023039e+04
6.5 1.022401e+04 1.024409e+04 1.022992e+04 1.020984e+04
7.5 1.024890e+04 1.024709e+04 1.022827e+04 1.023009e+04
8.5 1.029889e+04 1.023223e+04 1.022653e+04 1.029319e+04
9.5 1.027783e+04 1.022217e+04 1.022548e+04 1.028114e+04
10.5 1.024549e+04 1.022505e+04 1.022505e+04 1.024548e+04
11.5 1.020189e+04 1.022850e+04 1.022496e+04 1.019836e+04
