0.1 1.136246e+04 1.136179e+04 1.136855e+04 1.136921e+04
1.1 1.143911e+04 1.135361e+04 1.136926e+04 1.145475e+04
2.1 1.140112e+04 1.137460e+04 1.136848e+04 1.139500e+04
3.1 1.138374e+04 1.136612e+04 1.136881e+04 1.138643e+04
4.1 1.133889e+04 1.135599e+04 1.137035e+04 1.135325e+04
5.1 1.135896e+04 1.136851e+04 1.136786e+04 1.135831e+04
6.1 1.136611e+04 1.135257e+04 1.136949e+04 1.138303e+04
7.1 1.143955e+04 1.131985e+04 1.136879e+04 1.148849e+04
8.1 1.129538e+04 1.132937e+04 1.135276e+04 1.131877e+04
9.1 1.141732e+04 1.134653e+04 1.134087e+04 1.141166e+04
10.1 1.136071e+04 1.134313e+04 1.134471e+04 1.136228e+04
11.1 1.139160e+04 1.137857e+04 1.135263e+04 1.136566e+04
12.1 1.130322e+04 1.137251e+04 1.135818e+04 1.128889e+04
13.1 1.131572e+04 1.136384e+04 1.136119e+04 1.131308e+04
14.1 1.136918e+04 1.138105e+04 1.136251e+04 1.135064e+04
15.1 1.138869e+04 1.136581e+04 1.136277e+04 1.138566e+04
16.1 1.140630e+04 1.135589e+04 1.136251e+04 1.141293e+04
17.1 1.131983e+04 1.137300e+04 1.136214e+04 1.130897e+04
0.3 1.140112e+04 1.137460e+04 1.136848e+04 1.139500e+04
1.3 1.138374e+04 1.136612e+04 1.136881e+04 1.138643e+04
2.3 1.133889e+04 1.135599e+04 1.137035e+04 1.135325e+04
3.3 1.135896e+04 1.136851e+04 1.136786e+04 1.135831e+04
4.3 1.136611e+04 1.135257e+04 1.136949e+04 1.138303e+04
5.3 1.143955e+04 1.131985e+04 1.136879e+04 1.148849e+04
6.3 1.129538e+04 1.132937e+04 1.135276e+04 1.131877e+04
7.3 1.141732e+04 1.134653e+04 1.134087e+04 1.141166e+04
8.3 1.136071e+04 1.134313e+04 1.134471e+04 1.136228e+04
9.3 1.139160e+04 1.137857e+04 1.135263e+04 1.136566e+04
10.3 1.130322e+04 1.137251e+04 1.135818e+04 1.128889e+04
11.3 1.131572e+04 1.136384e+04 1.136119e+04 1.131308e+04
12.3 1.136918e+04 1.138105e+04 1.136251e+04 1.135064e+04
13.3 1.138869e+04 1.136581e+04 1.136277e+04 1.138566e+04
14.3 1.140630e+04 1.135589e+04 1.136251e+04 1.141293e+04
15.3 1.131983e+04 1.137300e+04 1.136214e+04 1.130897e+04
16.3 1.143106e+04 1.136740e+04 1.136185e+04 1.142550e+04
17.3 1.133068e+04 1.135846e+04 1.136167e+04 1.133389e+04
0.2 1.138374e+04 1.136612e+04 1.136881e+04 1.138643e+04
1.2 1.133889e+04 1.135599e+04 1.137035e+04 1.135325e+04
2.2 1.135896e+04 1.136851e+04 1.136786e+04 1.135831e+04
3.2 1.136611e+04 1.135257e+04 1.136949e+04 1.138303e+04
4.2 1.143955e+04 1.131985e+04 1.136879e+04 1.148849e+04
5.2 1.129538e+04 1.132937e+04 1.135276e+04 1.131877e+04
6.2 1.141732e+04 1.134653e+04 1.134087e+04 1.141166e+04
7.2 1.136071e+04 1.134313e+04 1.134471e+04 1.136228e+04
8.2 1.139160e+04 1.137857e+04 1.135263e+04 1.136566e+04
9.2 1.130322e+04 1.137251e+04 1.135818e+04 1.128889e+04
10.2 1.131572e+04 1.136384e+04 1.136119e+04 1.131308e+04
11.2 1.136918e+04 1.138105e+04 1.136251e+04 1.135064e+04
12.2 1.138869e+04 1.136581e+04 1.136277e+04 1.138566e+04
13.2 1.140630e+04 1.135589e+04 1.136251e+04 1.141293e+04
14.2 1.131983e+04 1.137300e+04 1.136214e+04 1.130897e+04
15.2 1.143106e+04 1.136740e+04 1.136185e+04 1.142550e+04
16.2 1.133068e+04 1.135846e+04 1.136167e+04 1.133389e+04
17.2 1.132984e+04 1.138922e+04 1.136159e+04 1.130221e+04
0.6 1.135896e+04 1.136851e+04 1.136786e+04 1.135831e+04
1.6 1.136611e+04 1.135257e+04 1.136949e+04 1.138303e+04
2.6 1.143955e+04 1.131985e+04 1.136879e+04 1.148849e+04
3.6 1.129538e+04 1.132937e+04 1.135276e+04 1.131877e+04
4.6 1.141732e+04 1.134653e+04 1.134087e+04 1.141166e+04
5.6 1.136071e+04 1.134313e+04 1.134471e+04 1.136228e+04
6.6 1.139160e+04 1.137857e+04 1.135263e+04 1.136566e+04
7.6 1.130322e+04 1.137251e+04 1.135818e+04 1.128889e+04
8.6 1.131572e+04 1.136384e+04 1.136119e+04 1.131308e+04
9.6 1.136918e+04 1.138105e+04 1.136251e+04 1.135064e+04
10.6 1.138869e+04 1.136581e+04 1.136277e+04 1.138566e+04
11.6 1.140630e+04 1.135589e+04 1.136251e+04 1.141293e+04
12.6 1.131983e+04 1.137300e+04 1.136214e+04 1.130897e+04
13.6 1.143106e+04 1.136740e+04 1.136185e+04 1.142550e+04
14.6 1.133068e+04 1.135846e+04 1.136167e+04 1.133389e+04
15.6 1.132984e+04 1.138922e+04 1.136159e+04 1.130221e+04
16.6 1.131477e+04 1.135316e+04 1.136156e+04 1.132317e+04
17.6 1.129131e+04 1.133622e+04 1.136154e+04 1.131663e+04
0.5 1.136611e+04 1.135257e+04 1.136949e+04 1.138303e+04
1.5 1.143955e+04 1.131985e+04 1.136879e+04 1.148849e+04
2.5 1.129538e+04 1.132937e+04 1.135276e+04 1.131877e+04
3.5 1.141732e+04 1.134653e+04 1.134087e+04 1.141166e+04
4.5 1.136071e+04 1.134313e+04 1.134471e+04 1.136228e+04
5.5 1.139160e+04 1.137857e+04 1.135263e+04 1.136566e+04
6.5 1.130322e+04 1.137251e+04 1.135818e+04 1.128889e+04
7.5 1.131572e+04 1.136384e+04 1.136119e+04 1.131308e+04
8.5 1.136918e+04 1.138105e+04 1.136251e+04 1.135064e+04
9.5 1.138869e+04 1.136581e+04 1.136277e+04 1.138566e+04
10.5 1.140630e+04 1.135589e+04 1.136251e+04 1.141293e+04
11.5 1.131983e+04 1.137300e+04 1.136214e+04 1.130897e+04
12.5 1.143106e+04 1.136740e+04 1.136185e+04 1.142550e+04
13.5 1.133068e+04 1.135846e+04 1.136167e+04 1.133389e+04
14.5 1.132984e+04 1.138922e+04 1.136159e+04 1.130221e+04
15.5 1.131477e+04 1.135316e+04 1.136156e+04 1.132317e+04
16.5 1.129131e+04 1.133622e+04 1.136154e+04 1.131663e+04
17.5 1.130473e+04 1.133748e+04 1.136153e+04 1.132878e+04
0.9 1.134354e+04 1.137013e+04 1.136741e+04 1.134082e+04
1.9 1.140909e+04 1.137743e+04 1.136501e+04 1.139666e+04
2.9 1.130089e+04 1.136985e+04 1.136356e+04 1.129460e+04
3.9 1.142147e+04 1.137823e+04 1.136331e+04 1.140654e+04
4.9 1.129966e+04 1.137759e+04 1.136046e+04 1.128252e+04
5.9 1.148674e+04 1.139642e+04 1.136193e+04 1.145226e+04
6.9 1.139682e+04 1.136112e+04 1.136475e+04 1.140045e+04
7.9 1.134023e+04 1.134174e+04 1.136638e+04 1.136487e+04
8.9 1.132093e+04 1.137201e+04 1.136906e+04 1.131799e+04
9.9 1.145110e+04 1.133618e+04 1.136893e+04 1.148384e+04
10.9 1.131803e+04 1.133185e+04 1.136940e+04 1.135558e+04
11.9 1.128763e+04 1.131789e+04 1.135955e+04 1.132929e+04
12.9 1.125588e+04 1.129813e+04 1.134391e+04 1.130167e+04
13.9 1.133649e+04 1.133602e+04 1.134219e+04 1.134266e+04
14.9 1.127356e+04 1.133236e+04 1.134966e+04 1.129086e+04
15.9 1.142876e+04 1.137474e+04 1.135636e+04 1.141039e+04
16.9 1.133599e+04 1.137418e+04 1.136027e+04 1.132209e+04
17.9 1.128055e+04 1.134387e+04 1.136214e+04 1.129883e+04
0.6 1.130089e+04 1.136985e+04 1.136356e+04 1.129460e+04
1.6 1.142147e+04 1.137823e+04 1.136331e+04 1.140654e+04
2.6 1.129966e+04 1.137759e+04 1.136046e+04 1.128252e+04
3.6 1.148674e+04 1.139642e+04 1.136193e+04 1.145226e+04
4.6 1.139682e+04 1.136112e+04 1.136475e+04 1.140045e+04
5.6 1.134023e+04 1.134174e+04 1.136638e+04 1.136487e+04
6.6 1.132093e+04 1.137201e+04 1.136906e+04 1.131799e+04
7.6 1.145110e+04 1.133618e+04 1.136893e+04 1.148384e+04
8.6 1.131803e+04 1.133185e+04 1.136940e+04 1.135558e+04
9.6 1.128763e+04 1.131789e+04 1.135955e+04 1.132929e+04
10.6 1.125588e+04 1.129813e+04 1.134391e+04 1.130167e+04
11.6 1.133649e+04 1.133602e+04 1.134219e+04 1.134266e+04
12.6 1.127356e+04 1.133236e+04 1.134966e+04 1.129086e+04
13.6 1.142876e+04 1.137474e+04 1.135636e+04 1.141039e+04
14.6 1.133599e+04 1.137418e+04 1.136027e+04 1.132209e+04
15.6 1.128055e+04 1.134387e+04 1.136214e+04 1.129883e+04
16.6 1.146039e+04 1.134336e+04 1.136272e+04 1.147975e+04
17.6 1.126125e+04 1.132118e+04 1.136259e+04 1.130266e+04
1.0 1.148674e+04 1.139642e+04 1.136193e+04 1.145226e+04
2.0 1.139682e+04 1.136112e+04 1.136475e+04 1.140045e+04
3.0 1.134023e+04 1.134174e+04 1.136638e+04 1.136487e+04
4.0 1.132093e+04 1.137201e+04 1.136906e+04 1.131799e+04
5.0 1.145110e+04 1.133618e+04 1.136893e+04 1.148384e+04
6.0 1.131803e+04 1.133185e+04 1.136940e+04 1.135558e+04
7.0 1.128763e+04 1.131789e+04 1.135955e+04 1.132929e+04
8.0 1.125588e+04 1.129813e+04 1.134391e+04 1.130167e+04
9.0 1.133649e+04 1.133602e+04 1.134219e+04 1.134266e+04
10.0 1.127356e+04 1.133236e+04 1.134966e+04 1.129086e+04
11.0 1.142876e+04 1.137474e+04 1.135636e+04 1.141039e+04
12.0 1.133599e+04 1.137418e+04 1.136027e+04 1.132209e+04
13.0 1.128055e+04 1.134387e+04 1.136214e+04 1.129883e+04
14.0 1.146039e+04 1.134336e+04 1.136272e+04 1.147975e+04
15.0 1.126125e+04 1.132118e+04 1.136259e+04 1.130266e+04
16.0 1.127934e+04 1.131970e+04 1.136220e+04 1.132184e+04
17.0 1.141001e+04 1.136128e+04 1.136184e+04 1.141056e+04
18.0 1.130652e+04 1.133974e+04 1.136160e+04 1.132838e+04
0.1 1.139682e+04 1.136112e+04 1.136475e+04 1.140045e+04
1.1 1.134023e+04 1.134174e+04 1.136638e+04 1.136487e+04
2.1 1.132093e+04 1.137201e+04 1.136906e+04 1.131799e+04
3.1 1.145110e+04 1.133618e+04 1.136893e+04 1.148384e+04
4.1 1.131803e+04 1.133185e+04 1.136940e+04 1.135558e+04
5.1 1.128763e+04 1.131789e+04 1.135955e+04 1.132929e+04
6.1 1.125588e+04 1.129813e+04 1.134391e+04 1.130167e+04
7.1 1.133649e+04 1.133602e+04 1.134219e+04 1.134266e+04
8.1 1.127356e+04 1.133236e+04 1.134966e+04 1.129086e+04
9.1 1.142876e+04 1.137474e+04 1.135636e+04 1.141039e+04
10.1 1.133599e+04 1.137418e+04 1.136027e+04 1.132209e+04
11.1 1.128055e+04 1.134387e+04 1.136214e+04 1.129883e+04
12.1 1.146039e+04 1.134336e+04 1.136272e+04 1.147975e+04
13.1 1.126125e+04 1.132118e+04 1.136259e+04 1.130266e+04
14.1 1.127934e+04 1.131970e+04 1.136220e+04 1.132184e+04
15.1 1.141001e+04 1.136128e+04 1.136184e+04 1.141056e+04
16.1 1.130652e+04 1.133974e+04 1.136160e+04 1.132838e+04
17.1 1.138852e+04 1.135449e+04 1.136146e+04 1.139549e+04
0.6 1.132093e+04 1.137201e+04 1.136906e+04 1.131799e+04
1.6 1.145110e+04 1.133618e+04 1.136893e+04 1.148384e+04
2.6 1.131803e+04 1.133185e+04 1.136940e+04 1.135558e+04
3.6 1.128763e+04 1.131789e+04 1.135955e+04 1.132929e+04
4.6 1.125588e+04 1.129813e+04 1.134391e+04 1.130167e+04
5.6 1.133649e+04 1.133602e+04 1.134219e+04 1.134266e+04
6.6 1.127356e+04 1.133236e+04 1.134966e+04 1.129086e+04
7.6 1.142876e+04 1.137474e+04 1.135636e+04 1.141039e+04
8.6 1.133599e+04 1.137418e+04 1.136027e+04 1.132209e+04
9.6 1.128055e+04 1.134387e+04 1.136214e+04 1.129883e+04
10.6 1.146039e+04 1.134336e+04 1.136272e+04 1.147975e+04
11.6 1.126125e+04 1.132118e+04 1.136259e+04 1.130266e+04
12.6 1.127934e+04 1.131970e+04 1.136220e+04 1.132184e+04
13.6 1.141001e+04 1.136128e+04 1.136184e+04 1.141056e+04
14.6 1.130652e+04 1.133974e+04 1.136160e+04 1.132838e+04
15.6 1.138852e+04 1.135449e+04 1.136146e+04 1.139549e+04
16.6 1.138267e+04 1.137042e+04 1.136140e+04 1.137365e+04
17.6 1.138708e+04 1.135372e+04 1.136137e+04 1.139472e+04
0.1 1.145110e+04 1.133618e+04 1.136893e+04 1.148384e+04
1.1 1.131803e+04 1.133185e+04 1.136940e+04 1.135558e+04
2.1 1.128763e+04 1.131789e+04 1.135955e+04 1.132929e+04
3.1 1.125588e+04 1.129813e+04 1.134391e+04 1.130167e+04
4.1 1.133649e+04 1.133602e+04 1.134219e+04 1.134266e+04
5.1 1.127356e+04 1.133236e+04 1.134966e+04 1.129086e+04
6.1 1.142876e+04 1.137474e+04 1.135636e+04 1.141039e+04
7.1 1.133599e+04 1.137418e+04 1.136027e+04 1.132209e+04
8.1 1.128055e+04 1.134387e+04 1.136214e+04 1.129883e+04
9.1 1.146039e+04 1.134336e+04 1.136272e+04 1.147975e+04
10.1 1.126125e+04 1.132118e+04 1.136259e+04 1.130266e+04
11.1 1.127934e+04 1.131970e+04 1.136220e+04 1.132184e+04
12.1 1.141001e+04 1.136128e+04 1.136184e+04 1.141056e+04
13.1 1.130652e+04 1.133974e+04 1.136160e+04 1.132838e+04
14.1 1.138852e+04 1.135449e+04 1.136146e+04 1.139549e+04
15.1 1.138267e+04 1.137042e+04 1.136140e+04 1.137365e+04
16.1 1.138708e+04 1.135372e+04 1.136137e+04 1.139472e+04
17.1 1.137627e+04 1.137777e+04 1.136135e+04 1.135985e+04
0.1 1.132800e+04 1.138243e+04 1.136316e+04 1.130874e+04
1.1 1.125829e+04 1.135706e+04 1.136916e+04 1.127039e+04
2.1 1.131143e+04 1.135230e+04 1.137162e+04 1.133074e+04
3.1 1.135224e+04 1.135416e+04 1.136863e+04 1.136671e+04
4.1 1.137043e+04 1.133192e+04 1.136079e+04 1.139929e+04
5.1 1.136138e+04 1.135953e+04 1.135568e+04 1.135753e+04
6.1 1.142649e+04 1.138015e+04 1.135621e+04 1.140255e+04
7.1 1.138534e+04 1.136472e+04 1.135826e+04 1.137888e+04
8.1 1.142965e+04 1.135745e+04 1.135986e+04 1.143206e+04
9.1 1.134292e+04 1.134774e+04 1.136084e+04 1.135602e+04
10.1 1.125650e+04 1.133802e+04 1.136134e+04 1.127982e+04
11.1 1.130392e+04 1.133625e+04 1.136149e+04 1.132916e+04
12.1 1.137958e+04 1.132945e+04 1.136145e+04 1.141158e+04
13.1 1.136890e+04 1.133693e+04 1.136135e+04 1.139332e+04
14.1 1.136590e+04 1.136810e+04 1.136126e+04 1.135906e+04
15.1 1.134658e+04 1.135663e+04 1.136121e+04 1.135115e+04
16.1 1.137695e+04 1.136516e+04 1.136117e+04 1.137297e+04
17.1 1.144138e+04 1.137533e+04 1.136105e+04 1.142710e+04
0.7 1.131143e+04 1.135230e+04 1.137162e+04 1.133074e+04
1.7 1.135224e+04 1.135416e+04 1.136863e+04 1.136671e+04
2.7 1.137043e+04 1.133192e+04 1.136079e+04 1.139929e+04
3.7 1.136138e+04 1.135953e+04 1.135568e+04 1.135753e+04
4.7 1.142649e+04 1.138015e+04 1.135621e+04 1.140255e+04
5.7 1.138534e+04 1.136472e+04 1.135826e+04 1.137888e+04
6.7 1.142965e+04 1.135745e+04 1.135986e+04 1.143206e+04
7.7 1.134292e+04 1.134774e+04 1.136084e+04 1.135602e+04
8.7 1.125650e+04 1.133802e+04 1.136134e+04 1.127982e+04
9.7 1.130392e+04 1.133625e+04 1.136149e+04 1.132916e+04
10.7 1.137958e+04 1.132945e+04 1.136145e+04 1.141158e+04
11.7 1.136890e+04 1.133693e+04 1.136135e+04 1.139332e+04
12.7 1.136590e+04 1.136810e+04 1.136126e+04 1.135906e+04
13.7 1.134658e+04 1.135663e+04 1.136121e+04 1.135115e+04
14.7 1.137695e+04 1.136516e+04 1.136117e+04 1.137297e+04
15.7 1.144138e+04 1.137533e+04 1.136105e+04 1.142710e+04
16.7 1.127647e+04 1.134411e+04 1.135581e+04 1.128817e+04
17.7 1.131681e+04 1.136323e+04 1.134764e+04 1.130122e+04
1.0 1.139332e+04 1.139705e+04 1.137102e+04 1.136729e+04
2.0 1.140353e+04 1.137603e+04 1.137216e+04 1.139966e+04
3.0 1.130698e+04 1.136330e+04 1.137080e+04 1.131449e+04
4.0 1.123620e+04 1.138274e+04 1.136751e+04 1.122097e+04
5.0 1.127405e+04 1.136276e+04 1.136629e+04 1.127759e+04
6.0 1.140183e+04 1.134306e+04 1.136228e+04 1.142105e+04
7.0 1.140712e+04 1.134152e+04 1.135306e+04 1.141866e+04
8.0 1.136032e+04 1.133931e+04 1.134958e+04 1.137060e+04
9.0 1.134368e+04 1.135079e+04 1.135314e+04 1.134603e+04
10.0 1.138935e+04 1.135760e+04 1.135374e+04 1.138549e+04
11.0 1.141343e+04 1.134988e+04 1.134704e+04 1.141059e+04
12.0 1.133496e+04 1.138216e+04 1.134917e+04 1.130198e+04
13.0 1.133321e+04 1.136464e+04 1.135468e+04 1.132326e+04
14.0 1.134610e+04 1.138993e+04 1.135752e+04 1.131368e+04
15.0 1.133274e+04 1.140070e+04 1.136796e+04 1.130001e+04
16.0 1.141172e+04 1.139040e+04 1.137203e+04 1.139334e+04
17.0 1.137759e+04 1.138484e+04 1.136904e+04 1.136179e+04
18.0 1.129240e+04 1.135132e+04 1.136819e+04 1.130926e+04
0.1 1.139332e+04 1.139705e+04 1.137102e+04 1.136729e+04
1.1 1.140353e+04 1.137603e+04 1.137216e+04 1.139966e+04
2.1 1.130698e+04 1.136330e+04 1.137080e+04 1.131449e+04
3.1 1.123620e+04 1.138274e+04 1.136751e+04 1.122097e+04
4.1 1.127405e+04 1.136276e+04 1.136629e+04 1.127759e+04
5.1 1.140183e+04 1.134306e+04 1.136228e+04 1.142105e+04
6.1 1.140712e+04 1.134152e+04 1.135306e+04 1.141866e+04
7.1 1.136032e+04 1.133931e+04 1.134958e+04 1.137060e+04
8.1 1.134368e+04 1.135079e+04 1.135314e+04 1.134603e+04
9.1 1.138935e+04 1.135760e+04 1.135374e+04 1.138549e+04
10.1 1.141343e+04 1.134988e+04 1.134704e+04 1.141059e+04
11.1 1.133496e+04 1.138216e+04 1.134917e+04 1.130198e+04
12.1 1.133321e+04 1.136464e+04 1.135468e+04 1.132326e+04
13.1 1.134610e+04 1.138993e+04 1.135752e+04 1.131368e+04
14.1 1.133274e+04 1.140070e+04 1.136796e+04 1.130001e+04
15.1 1.141172e+04 1.139040e+04 1.137203e+04 1.139334e+04
16.1 1.137759e+04 1.138484e+04 1.136904e+04 1.136179e+04
17.1 1.129240e+04 1.135132e+04 1.136819e+04 1.130926e+04
0.6 1.130698e+04 1.136330e+04 1.137080e+04 1.131449e+04
1.6 1.123620e+04 1.138274e+04 1.136751e+04 1.122097e+04
2.6 1.127405e+04 1.136276e+04 1.136629e+04 1.127759e+04
3.6 1.140183e+04 1.134306e+04 1.136228e+04 1.142105e+04
4.6 1.140712e+04 1.134152e+04 1.135306e+04 1.141866e+04
5.6 1.136032e+04 1.133931e+04 1.134958e+04 1.137060e+04
6.6 1.134368e+04 1.135079e+04 1.135314e+04 1.134603e+04
7.6 1.138935e+04 1.135760e+04 1.135374e+04 1.138549e+04
8.6 1.141343e+04 1.134988e+04 1.134704e+04 1.141059e+04
9.6 1.133496e+04 1.138216e+04 1.134917e+04 1.130198e+04
10.6 1.133321e+04 1.136464e+04 1.135468e+04 1.132326e+04
11.6 1.134610e+04 1.138993e+04 1.135752e+04 1.131368e+04
12.6 1.133274e+04 1.140070e+04 1.136796e+04 1.130001e+04
13.6 1.141172e+04 1.139040e+04 1.137203e+04 1.139334e+04
14.6 1.137759e+04 1.138484e+04 1.136904e+04 1.136179e+04
15.6 1.129240e+04 1.135132e+04 1.136819e+04 1.130926e+04
16.6 1.140866e+04 1.137311e+04 1.136784e+04 1.140339e+04
17.6 1.136672e+04 1.137352e+04 1.136600e+04 1.135920e+04
0.9 1.127405e+04 1.136276e+04 1.136629e+04 1.127759e+04
1.9 1.140183e+04 1.134306e+04 1.136228e+04 1.142105e+04
2.9 1.140712e+04 1.134152e+04 1.135306e+04 1.141866e+04
3.9 1.136032e+04 1.133931e+04 1.134958e+04 1.137060e+04
4.9 1.134368e+04 1.135079e+04 1.135314e+04 1.134603e+04
5.9 1.138935e+04 1.135760e+04 1.135374e+04 1.138549e+04
6.9 1.141343e+04 1.134988e+04 1.134704e+04 1.141059e+04
7.9 1.133496e+04 1.138216e+04 1.134917e+04 1.130198e+04
8.9 1.133321e+04 1.136464e+04 1.135468e+04 1.132326e+04
9.9 1.134610e+04 1.138993e+04 1.135752e+04 1.131368e+04
10.9 1.133274e+04 1.140070e+04 1.136796e+04 1.130001e+04
11.9 1.141172e+04 1.139040e+04 1.137203e+04 1.139334e+04
12.9 1.137759e+04 1.138484e+04 1.136904e+04 1.136179e+04
13.9 1.129240e+04 1.135132e+04 1.136819e+04 1.130926e+04
14.9 1.140866e+04 1.137311e+04 1.136784e+04 1.140339e+04
15.9 1.136672e+04 1.137352e+04 1.136600e+04 1.135920e+04
16.9 1.140428e+04 1.136263e+04 1.136523e+04 1.140689e+04
17.9 1.141445e+04 1.137137e+04 1.136520e+04 1.140827e+04
0.3 1.129240e+04 1.135132e+04 1.136819e+04 1.130926e+04
1.3 1.140866e+04 1.137311e+04 1.136784e+04 1.140339e+04
2.3 1.136672e+04 1.137352e+04 1.136600e+04 1.135920e+04
3.3 1.140428e+04 1.136263e+04 1.136523e+04 1.140689e+04
4.3 1.141445e+04 1.137137e+04 1.136520e+04 1.140827e+04
5.3 1.128026e+04 1.134719e+04 1.136521e+04 1.129828e+04
6.3 1.124750e+04 1.131593e+04 1.136642e+04 1.129799e+04
7.3 1.125165e+04 1.133596e+04 1.136924e+04 1.128493e+04
8.3 1.131032e+04 1.131723e+04 1.136786e+04 1.136095e+04
9.3 1.141158e+04 1.134214e+04 1.135493e+04 1.142437e+04
10.3 1.128139e+04 1.134440e+04 1.134499e+04 1.128198e+04
11.3 1.129541e+04 1.134624e+04 1.134775e+04 1.129692e+04
12.3 1.131848e+04 1.138330e+04 1.135404e+04 1.128922e+04
13.3 1.138260e+04 1.134990e+04 1.135852e+04 1.139122e+04
14.3 1.140061e+04 1.137195e+04 1.136093e+04 1.138960e+04
15.3 1.152257e+04 1.136631e+04 1.135896e+04 1.151523e+04
16.3 1.133404e+04 1.136406e+04 1.135460e+04 1.132458e+04
17.3 1.149488e+04 1.138357e+04 1.135571e+04 1.146702e+04
0.2 1.136672e+04 1.137352e+04 1.136600e+04 1.135920e+04
1.2 1.140428e+04 1.136263e+04 1.136523e+04 1.140689e+04
2.2 1.141445e+04 1.137137e+04 1.136520e+04 1.140827e+04
3.2 1.128026e+04 1.134719e+04 1.136521e+04 1.129828e+04
4.2 1.124750e+04 1.131593e+04 1.136642e+04 1.129799e+04
5.2 1.125165e+04 1.133596e+04 1.136924e+04 1.128493e+04
6.2 1.131032e+04 1.131723e+04 1.136786e+04 1.136095e+04
7.2 1.141158e+04 1.134214e+04 1.135493e+04 1.142437e+04
8.2 1.128139e+04 1.134440e+04 1.134499e+04 1.128198e+04
9.2 1.129541e+04 1.134624e+04 1.134775e+04 1.129692e+04
10.2 1.131848e+04 1.138330e+04 1.135404e+04 1.128922e+04
11.2 1.138260e+04 1.134990e+04 1.135852e+04 1.139122e+04
12.2 1.140061e+04 1.137195e+04 1.136093e+04 1.138960e+04
13.2 1.152257e+04 1.136631e+04 1.135896e+04 1.151523e+04
14.2 1.133404e+04 1.136406e+04 1.135460e+04 1.132458e+04
15.2 1.149488e+04 1.138357e+04 1.135571e+04 1.146702e+04
16.2 1.144813e+04 1.138967e+04 1.136212e+04 1.142059e+04
17.2 1.143736e+04 1.139026e+04 1.136633e+04 1.141344e+04
0.4 1.141445e+04 1.137137e+04 1.136520e+04 1.140827e+04
1.4 1.128026e+04 1.134719e+04 1.136521e+04 1.129828e+04
2.4 1.124750e+04 1.131593e+04 1.136642e+04 1.129799e+04
3.4 1.125165e+04 1.133596e+04 1.136924e+04 1.128493e+04
4.4 1.131032e+04 1.131723e+04 1.136786e+04 1.136095e+04
5.4 1.141158e+04 1.134214e+04 1.135493e+04 1.142437e+04
6.4 1.128139e+04 1.134440e+04 1.134499e+04 1.128198e+04
7.4 1.129541e+04 1.134624e+04 1.134775e+04 1.129692e+04
8.4 1.131848e+04 1.138330e+04 1.135404e+04 1.128922e+04
9.4 1.138260e+04 1.134990e+04 1.135852e+04 1.139122e+04
10.4 1.140061e+04 1.137195e+04 1.136093e+04 1.138960e+04
11.4 1.152257e+04 1.136631e+04 1.135896e+04 1.151523e+04
12.4 1.133404e+04 1.136406e+04 1.135460e+04 1.132458e+04
13.4 1.149488e+04 1.138357e+04 1.135571e+04 1.146702e+04
14.4 1.144813e+04 1.138967e+04 1.136212e+04 1.142059e+04
15.4 1.143736e+04 1.139026e+04 1.136633e+04 1.141344e+04
16.4 1.135138e+04 1.136881e+04 1.136708e+04 1.134965e+04
17.4 1.142259e+04 1.134824e+04 1.136694e+04 1.144129e+04
0.7 1.124750e+04 1.131593e+04 1.136642e+04 1.129799e+04
1.7 1.125165e+04 1.133596e+04 1.136924e+04 1.128493e+04
2.7 1.131032e+04 1.131723e+04 1.136786e+04 1.136095e+04
3.7 1.141158e+04 1.134214e+04 1.135493e+04 1.142437e+04
4.7 1.128139e+04 1.134440e+04 1.134499e+04 1.128198e+04
5.7 1.129541e+04 1.134624e+04 1.134775e+04 1.129692e+04
6.7 1.131848e+04 1.138330e+04 1.135404e+04 1.128922e+04
7.7 1.138260e+04 1.134990e+04 1.135852e+04 1.139122e+04
8.7 1.140061e+04 1.137195e+04 1.136093e+04 1.138960e+04
9.7 1.152257e+04 1.136631e+04 1.135896e+04 1.151523e+04
10.7 1.133404e+04 1.136406e+04 1.135460e+04 1.132458e+04
11.7 1.149488e+04 1.138357e+04 1.135571e+04 1.146702e+04
12.7 1.144813e+04 1.138967e+04 1.136212e+04 1.142059e+04
13.7 1.143736e+04 1.139026e+04 1.136633e+04 1.141344e+04
14.7 1.135138e+04 1.136881e+04 1.136708e+04 1.134965e+04
15.7 1.142259e+04 1.134824e+04 1.136694e+04 1.144129e+04
16.7 1.140547e+04 1.137609e+04 1.136727e+04 1.139665e+04
17.7 1.133040e+04 1.134807e+04 1.136955e+04 1.135187e+04
0.5 1.125165e+04 1.133596e+04 1.136924e+04 1.128493e+04
1.5 1.131032e+04 1.131723e+04 1.136786e+04 1.136095e+04
2.5 1.141158e+04 1.134214e+04 1.135493e+04 1.142437e+04
3.5 1.128139e+04 1.134440e+04 1.134499e+04 1.128198e+04
4.5 1.129541e+04 1.134624e+04 1.134775e+04 1.129692e+04
5.5 1.131848e+04 1.138330e+04 1.135404e+04 1.128922e+04
6.5 1.138260e+04 1.134990e+04 1.135852e+04 1.139122e+04
7.5 1.140061e+04 1.137195e+04 1.136093e+04 1.138960e+04
8.5 1.152257e+04 1.136631e+04 1.135896e+04 1.151523e+04
9.5 1.133404e+04 1.136406e+04 1.135460e+04 1.132458e+04
10.5 1.149488e+04 1.138357e+04 1.135571e+04 1.146702e+04
11.5 1.144813e+04 1.138967e+04 1.136212e+04 1.142059e+04
12.5 1.143736e+04 1.139026e+04 1.136633e+04 1.141344e+04
13.5 1.135138e+04 1.136881e+04 1.136708e+04 1.134965e+04
14.5 1.142259e+04 1.134824e+04 1.136694e+04 1.144129e+04
15.5 1.140547e+04 1.137609e+04 1.136727e+04 1.139665e+04
16.5 1.133040e+04 1.134807e+04 1.136955e+04 1.135187e+04
17.5 1.136527e+04 1.134375e+04 1.136806e+04 1.138958e+04
0.7 1.135138e+04 1.136881e+04 1.136708e+04 1.134965e+04
1.7 1.142259e+04 1.134824e+04 1.136694e+04 1.144129e+04
2.7 1.140547e+04 1.137609e+04 1.136727e+04 1.139665e+04
3.7 1.133040e+04 1.134807e+04 1.136955e+04 1.135187e+04
4.7 1.136527e+04 1.134375e+04 1.136806e+04 1.138958e+04
5.7 1.128081e+04 1.135773e+04 1.135923e+04 1.128232e+04
6.7 1.136904e+04 1.133417e+04 1.135289e+04 1.138776e+04
7.7 1.141897e+04 1.134838e+04 1.135407e+04 1.142465e+04
8.7 1.132256e+04 1.136248e+04 1.135725e+04 1.131732e+04
9.7 1.130839e+04 1.136090e+04 1.135957e+04 1.130706e+04
10.7 1.134515e+04 1.136058e+04 1.136091e+04 1.134548e+04
11.7 1.132469e+04 1.133042e+04 1.136154e+04 1.135580e+04
12.7 1.142815e+04 1.136535e+04 1.136170e+04 1.142450e+04
13.7 1.132584e+04 1.134288e+04 1.136161e+04 1.134457e+04
14.7 1.121608e+04 1.134207e+04 1.136146e+04 1.123547e+04
15.7 1.139800e+04 1.136997e+04 1.136133e+04 1.138936e+04
16.7 1.146610e+04 1.136547e+04 1.136125e+04 1.146188e+04
17.7 1.135067e+04 1.136834e+04 1.136120e+04 1.134353e+04
0.9 1.140547e+04 1.137609e+04 1.136727e+04 1.139665e+04
1.9 1.133040e+04 1.134807e+04 1.136955e+04 1.135187e+04
2.9 1.136527e+04 1.134375e+04 1.136806e+04 1.138958e+04
3.9 1.128081e+04 1.135773e+04 1.135923e+04 1.128232e+04
4.9 1.136904e+04 1.133417e+04 1.135289e+04 1.138776e+04
5.9 1.141897e+04 1.134838e+04 1.135407e+04 1.142465e+04
6.9 1.132256e+04 1.136248e+04 1.135725e+04 1.131732e+04
7.9 1.130839e+04 1.136090e+04 1.135957e+04 1.130706e+04
8.9 1.134515e+04 1.136058e+04 1.136091e+04 1.134548e+04
9.9 1.132469e+04 1.133042e+04 1.136154e+04 1.135580e+04
10.9 1.142815e+04 1.136535e+04 1.136170e+04 1.142450e+04
11.9 1.132584e+04 1.134288e+04 1.136161e+04 1.134457e+04
12.9 1.121608e+04 1.134207e+04 1.136146e+04 1.123547e+04
13.9 1.139800e+04 1.136997e+04 1.136133e+04 1.138936e+04
14.9 1.146610e+04 1.136547e+04 1.136125e+04 1.146188e+04
15.9 1.135067e+04 1.136834e+04 1.136120e+04 1.134353e+04
16.9 1.130383e+04 1.137380e+04 1.136118e+04 1.129120e+04
17.9 1.131032e+04 1.135527e+04 1.136117e+04 1.131622e+04
0.7 1.133040e+04 1.134807e+04 1.136955e+04 1.135187e+04
1.7 1.136527e+04 1.134375e+04 1.136806e+04 1.138958e+04
2.7 1.128081e+04 1.135773e+04 1.135923e+04 1.128232e+04
3.7 1.136904e+04 1.133417e+04 1.135289e+04 1.138776e+04
4.7 1.141897e+04 1.134838e+04 1.135407e+04 1.142465e+04
5.7 1.132256e+04 1.136248e+04 1.135725e+04 1.131732e+04
6.7 1.130839e+04 1.136090e+04 1.135957e+04 1.130706e+04
7.7 1.134515e+04 1.136058e+04 1.136091e+04 1.134548e+04
8.7 1.132469e+04 1.133042e+04 1.136154e+04 1.135580e+04
9.7 1.142815e+04 1.136535e+04 1.136170e+04 1.142450e+04
10.7 1.132584e+04 1.134288e+04 1.136161e+04 1.134457e+04
11.7 1.121608e+04 1.134207e+04 1.136146e+04 1.123547e+04
12.7 1.139800e+04 1.136997e+04 1.136133e+04 1.138936e+04
13.7 1.146610e+04 1.136547e+04 1.136125e+04 1.146188e+04
14.7 1.135067e+04 1.136834e+04 1.136120e+04 1.134353e+04
15.7 1.130383e+04 1.137380e+04 1.136118e+04 1.129120e+04
16.7 1.131032e+04 1.135527e+04 1.136117e+04 1.131622e+04
17.7 1.132951e+04 1.134982e+04 1.136116e+04 1.134085e+04
