0.8 1.596852e+03 1.643347e+03 1.658501e+03 1.612006e+03
1.8 1.596760e+03 1.649393e+03 1.658786e+03 1.606153e+03
2.8 1.671655e+03 1.646981e+03 1.658642e+03 1.683316e+03
3.8 1.672385e+03 1.662560e+03 1.658402e+03 1.668227e+03
4.8 1.674086e+03 1.672327e+03 1.658264e+03 1.660023e+03
5.8 1.655238e+03 1.659954e+03 1.658270e+03 1.653554e+03
6.8 1.709803e+03 1.663242e+03 1.658321e+03 1.704882e+03
7.8 1.630330e+03 1.654442e+03 1.658163e+03 1.634051e+03
8.8 1.651537e+03 1.659548e+03 1.658080e+03 1.650069e+03
9.8 1.737634e+03 1.661977e+03 1.658234e+03 1.733891e+03
10.8 1.648831e+03 1.652955e+03 1.658154e+03 1.654030e+03
11.8 1.650642e+03 1.654066e+03 1.658116e+03 1.654692e+03
12.8 1.621966e+03 1.673555e+03 1.658287e+03 1.606698e+03
13.8 1.712837e+03 1.654888e+03 1.658273e+03 1.716222e+03
14.8 1.703281e+03 1.668232e+03 1.658278e+03 1.693327e+03
15.8 1.649473e+03 1.670173e+03 1.658297e+03 1.637597e+03
16.8 1.632770e+03 1.653105e+03 1.657912e+03 1.637577e+03
17.8 1.598918e+03 1.649608e+03 1.657564e+03 1.606874e+03
0.3 1.596760e+03 1.649393e+03 1.658786e+03 1.606153e+03
1.3 1.671655e+03 1.646981e+03 1.658642e+03 1.683316e+03
2.3 1.672385e+03 1.662560e+03 1.658402e+03 1.668227e+03
3.3 1.674086e+03 1.672327e+03 1.658264e+03 1.660023e+03
4.3 1.655238e+03 1.659954e+03 1.658270e+03 1.653554e+03
5.3 1.709803e+03 1.663242e+03 1.658321e+03 1.704882e+03
6.3 1.630330e+03 1.654442e+03 1.658163e+03 1.634051e+03
7.3 1.651537e+03 1.659548e+03 1.658080e+03 1.650069e+03
8.3 1.737634e+03 1.661977e+03 1.658234e+03 1.733891e+03
9.3 1.648831e+03 1.652955e+03 1.658154e+03 1.654030e+03
10.3 1.650642e+03 1.654066e+03 1.658116e+03 1.654692e+03
11.3 1.621966e+03 1.673555e+03 1.658287e+03 1.606698e+03
12.3 1.712837e+03 1.654888e+03 1.658273e+03 1.716222e+03
13.3 1.703281e+03 1.668232e+03 1.658278e+03 1.693327e+03
14.3 1.649473e+03 1.670173e+03 1.658297e+03 1.637597e+03
15.3 1.632770e+03 1.653105e+03 1.657912e+03 1.637577e+03
16.3 1.598918e+03 1.649608e+03 1.657564e+03 1.606874e+03
17.3 1.637183e+03 1.656014e+03 1.657691e+03 1.638860e+03
0.7 1.672385e+03 1.662560e+03 1.658402e+03 1.668227e+03
1.7 1.674086e+03 1.672327e+03 1.658264e+03 1.660023e+03
2.7 1.655238e+03 1.659954e+03 1.658270e+03 1.653554e+03
3.7 1.709803e+03 1.663242e+03 1.658321e+03 1.704882e+03
4.7 1.630330e+03 1.654442e+03 1.658163e+03 1.634051e+03
5.7 1.651537e+03 1.659548e+03 1.658080e+03 1.650069e+03
6.7 1.737634e+03 1.661977e+03 1.658234e+03 1.733891e+03
7.7 1.648831e+03 1.652955e+03 1.658154e+03 1.654030e+03
8.7 1.650642e+03 1.654066e+03 1.658116e+03 1.654692e+03
9.7 1.621966e+03 1.673555e+03 1.658287e+03 1.606698e+03
10.7 1.712837e+03 1.654888e+03 1.658273e+03 1.716222e+03
11.7 1.703281e+03 1.668232e+03 1.658278e+03 1.693327e+03
12.7 1.649473e+03 1.670173e+03 1.658297e+03 1.637597e+03
13.7 1.632770e+03 1.653105e+03 1.657912e+03 1.637577e+03
14.7 1.598918e+03 1.649608e+03 1.657564e+03 1.606874e+03
15.7 1.637183e+03 1.656014e+03 1.657691e+03 1.638860e+03
16.7 1.621140e+03 1.651748e+03 1.657972e+03 1.627364e+03
17.7 1.617692e+03 1.656293e+03 1.658168e+03 1.619567e+03
0.2 1.674086e+03 1.672327e+03 1.658264e+03 1.660023e+03
1.2 1.655238e+03 1.659954e+03 1.658270e+03 1.653554e+03
2.2 1.709803e+03 1.663242e+03 1.658321e+03 1.704882e+03
3.2 1.630330e+03 1.654442e+03 1.658163e+03 1.634051e+03
4.2 1.651537e+03 1.659548e+03 1.658080e+03 1.650069e+03
5.2 1.737634e+03 1.661977e+03 1.658234e+03 1.733891e+03
6.2 1.648831e+03 1.652955e+03 1.658154e+03 1.654030e+03
7.2 1.650642e+03 1.654066e+03 1.658116e+03 1.654692e+03
8.2 1.621966e+03 1.673555e+03 1.658287e+03 1.606698e+03
9.2 1.712837e+03 1.654888e+03 1.658273e+03 1.716222e+03
10.2 1.703281e+03 1.668232e+03 1.658278e+03 1.693327e+03
11.2 1.649473e+03 1.670173e+03 1.658297e+03 1.637597e+03
12.2 1.632770e+03 1.653105e+03 1.657912e+03 1.637577e+03
13.2 1.598918e+03 1.649608e+03 1.657564e+03 1.606874e+03
14.2 1.637183e+03 1.656014e+03 1.657691e+03 1.638860e+03
15.2 1.621140e+03 1.651748e+03 1.657972e+03 1.627364e+03
16.2 1.617692e+03 1.656293e+03 1.658168e+03 1.619567e+03
17.2 1.706059e+03 1.684501e+03 1.658268e+03 1.679825e+03
0.0 1.655238e+03 1.659954e+03 1.658270e+03 1.653554e+03
1.0 1.709803e+03 1.663242e+03 1.658321e+03 1.704882e+03
2.0 1.630330e+03 1.654442e+03 1.658163e+03 1.634051e+03
3.0 1.651537e+03 1.659548e+03 1.658080e+03 1.650069e+03
4.0 1.737634e+03 1.661977e+03 1.658234e+03 1.733891e+03
5.0 1.648831e+03 1.652955e+03 1.658154e+03 1.654030e+03
6.0 1.650642e+03 1.654066e+03 1.658116e+03 1.654692e+03
7.0 1.621966e+03 1.673555e+03 1.658287e+03 1.606698e+03
8.0 1.712837e+03 1.654888e+03 1.658273e+03 1.716222e+03
9.0 1.703281e+03 1.668232e+03 1.658278e+03 1.693327e+03
10.0 1.649473e+03 1.670173e+03 1.658297e+03 1.637597e+03
11.0 1.632770e+03 1.653105e+03 1.657912e+03 1.637577e+03
12.0 1.598918e+03 1.649608e+03 1.657564e+03 1.606874e+03
13.0 1.637183e+03 1.656014e+03 1.657691e+03 1.638860e+03
14.0 1.621140e+03 1.651748e+03 1.657972e+03 1.627364e+03
15.0 1.617692e+03 1.656293e+03 1.658168e+03 1.619567e+03
16.0 1.706059e+03 1.684501e+03 1.658268e+03 1.679825e+03
17.0 1.648519e+03 1.662297e+03 1.658305e+03 1.644528e+03
0.4 1.630330e+03 1.654442e+03 1.658163e+03 1.634051e+03
1.4 1.651537e+03 1.659548e+03 1.658080e+03 1.650069e+03
2.4 1.737634e+03 1.661977e+03 1.658234e+03 1.733891e+03
3.4 1.648831e+03 1.652955e+03 1.658154e+03 1.654030e+03
4.4 1.650642e+03 1.654066e+03 1.658116e+03 1.654692e+03
5.4 1.621966e+03 1.673555e+03 1.658287e+03 1.606698e+03
6.4 1.712837e+03 1.654888e+03 1.658273e+03 1.716222e+03
7.4 1.703281e+03 1.668232e+03 1.658278e+03 1.693327e+03
8.4 1.649473e+03 1.670173e+03 1.658297e+03 1.637597e+03
9.4 1.632770e+03 1.653105e+03 1.657912e+03 1.637577e+03
10.4 1.598918e+03 1.649608e+03 1.657564e+03 1.606874e+03
11.4 1.637183e+03 1.656014e+03 1.657691e+03 1.638860e+03
12.4 1.621140e+03 1.651748e+03 1.657972e+03 1.627364e+03
13.4 1.617692e+03 1.656293e+03 1.658168e+03 1.619567e+03
14.4 1.706059e+03 1.684501e+03 1.658268e+03 1.679825e+03
15.4 1.648519e+03 1.662297e+03 1.658305e+03 1.644528e+03
16.4 1.662092e+03 1.682554e+03 1.658306e+03 1.637844e+03
17.4 1.698838e+03 1.676515e+03 1.658290e+03 1.680613e+03
0.0 1.651537e+03 1.659548e+03 1.658080e+03 1.650069e+03
1.0 1.737634e+03 1.661977e+03 1.658234e+03 1.733891e+03
2.0 1.648831e+03 1.652955e+03 1.658154e+03 1.654030e+03
3.0 1.650642e+03 1.654066e+03 1.658116e+03 1.654692e+03
4.0 1.621966e+03 1.673555e+03 1.658287e+03 1.606698e+03
5.0 1.712837e+03 1.654888e+03 1.658273e+03 1.716222e+03
6.0 1.703281e+03 1.668232e+03 1.658278e+03 1.693327e+03
7.0 1.649473e+03 1.670173e+03 1.658297e+03 1.637597e+03
8.0 1.632770e+03 1.653105e+03 1.657912e+03 1.637577e+03
9.0 1.598918e+03 1.649608e+03 1.657564e+03 1.606874e+03
10.0 1.637183e+03 1.656014e+03 1.657691e+03 1.638860e+03
11.0 1.621140e+03 1.651748e+03 1.657972e+03 1.627364e+03
12.0 1.617692e+03 1.656293e+03 1.658168e+03 1.619567e+03
13.0 1.706059e+03 1.684501e+03 1.658268e+03 1.679825e+03
14.0 1.648519e+03 1.662297e+03 1.658305e+03 1.644528e+03
15.0 1.662092e+03 1.682554e+03 1.658306e+03 1.637844e+03
16.0 1.698838e+03 1.676515e+03 1.658290e+03 1.680613e+03
17.0 1.604929e+03 1.646096e+03 1.658270e+03 1.617103e+03
0.3 1.648831e+03 1.652955e+03 1.658154e+03 1.654030e+03
1.3 1.650642e+03 1.654066e+03 1.658116e+03 1.654692e+03
2.3 1.621966e+03 1.673555e+03 1.658287e+03 1.606698e+03
3.3 1.712837e+03 1.654888e+03 1.658273e+03 1.716222e+03
4.3 1.703281e+03 1.668232e+03 1.658278e+03 1.693327e+03
5.3 1.649473e+03 1.670173e+03 1.658297e+03 1.637597e+03
6.3 1.632770e+03 1.653105e+03 1.657912e+03 1.637577e+03
7.3 1.598918e+03 1.649608e+03 1.657564e+03 1.606874e+03
8.3 1.637183e+03 1.656014e+03 1.657691e+03 1.638860e+03
9.3 1.621140e+03 1.651748e+03 1.657972e+03 1.627364e+03
10.3 1.617692e+03 1.656293e+03 1.658168e+03 1.619567e+03
11.3 1.706059e+03 1.684501e+03 1.658268e+03 1.679825e+03
12.3 1.648519e+03 1.662297e+03 1.658305e+03 1.644528e+03
13.3 1.662092e+03 1.682554e+03 1.658306e+03 1.637844e+03
14.3 1.698838e+03 1.676515e+03 1.658290e+03 1.680613e+03
15.3 1.604929e+03 1.646096e+03 1.658270e+03 1.617103e+03
16.3 1.633905e+03 1.639241e+03 1.658254e+03 1.652917e+03
17.3 1.720673e+03 1.661640e+03 1.658242e+03 1.717275e+03
0.0 1.650642e+03 1.654066e+03 1.658116e+03 1.654692e+03
1.0 1.621966e+03 1.673555e+03 1.658287e+03 1.606698e+03
2.0 1.712837e+03 1.654888e+03 1.658273e+03 1.716222e+03
3.0 1.703281e+03 1.668232e+03 1.658278e+03 1.693327e+03
4.0 1.649473e+03 1.670173e+03 1.658297e+03 1.637597e+03
5.0 1.632770e+03 1.653105e+03 1.657912e+03 1.637577e+03
6.0 1.598918e+03 1.649608e+03 1.657564e+03 1.606874e+03
7.0 1.637183e+03 1.656014e+03 1.657691e+03 1.638860e+03
8.0 1.621140e+03 1.651748e+03 1.657972e+03 1.627364e+03
9.0 1.617692e+03 1.656293e+03 1.658168e+03 1.619567e+03
10.0 1.706059e+03 1.684501e+03 1.658268e+03 1.679825e+03
11.0 1.648519e+03 1.662297e+03 1.658305e+03 1.644528e+03
12.0 1.662092e+03 1.682554e+03 1.658306e+03 1.637844e+03
13.0 1.698838e+03 1.676515e+03 1.658290e+03 1.680613e+03
14.0 1.604929e+03 1.646096e+03 1.658270e+03 1.617103e+03
15.0 1.633905e+03 1.639241e+03 1.658254e+03 1.652917e+03
16.0 1.720673e+03 1.661640e+03 1.658242e+03 1.717275e+03
17.0 1.621959e+03 1.656264e+03 1.658234e+03 1.623930e+03
0.5 1.712837e+03 1.654888e+03 1.658273e+03 1.716222e+03
1.5 1.703281e+03 1.668232e+03 1.658278e+03 1.693327e+03
2.5 1.649473e+03 1.670173e+03 1.658297e+03 1.637597e+03
3.5 1.632770e+03 1.653105e+03 1.657912e+03 1.637577e+03
4.5 1.598918e+03 1.649608e+03 1.657564e+03 1.606874e+03
5.5 1.637183e+03 1.656014e+03 1.657691e+03 1.638860e+03
6.5 1.621140e+03 1.651748e+03 1.657972e+03 1.627364e+03
7.5 1.617692e+03 1.656293e+03 1.658168e+03 1.619567e+03
8.5 1.706059e+03 1.684501e+03 1.658268e+03 1.679825e+03
9.5 1.648519e+03 1.662297e+03 1.658305e+03 1.644528e+03
10.5 1.662092e+03 1.682554e+03 1.658306e+03 1.637844e+03
11.5 1.698838e+03 1.676515e+03 1.658290e+03 1.680613e+03
12.5 1.604929e+03 1.646096e+03 1.658270e+03 1.617103e+03
13.5 1.633905e+03 1.639241e+03 1.658254e+03 1.652917e+03
14.5 1.720673e+03 1.661640e+03 1.658242e+03 1.717275e+03
15.5 1.621959e+03 1.656264e+03 1.658234e+03 1.623930e+03
16.5 1.696043e+03 1.670363e+03 1.658228e+03 1.683908e+03
17.5 1.659000e+03 1.669292e+03 1.658224e+03 1.647932e+03
0.4 1.703281e+03 1.668232e+03 1.658278e+03 1.693327e+03
1.4 1.649473e+03 1.670173e+03 1.658297e+03 1.637597e+03
2.4 1.632770e+03 1.653105e+03 1.657912e+03 1.637577e+03
3.4 1.598918e+03 1.649608e+03 1.657564e+03 1.606874e+03
4.4 1.637183e+03 1.656014e+03 1.657691e+03 1.638860e+03
5.4 1.621140e+03 1.651748e+03 1.657972e+03 1.627364e+03
6.4 1.617692e+03 1.656293e+03 1.658168e+03 1.619567e+03
7.3 1.706059e+03 1.684501e+03 1.658268e+03 1.679825e+03
8.3 1.648519e+03 1.662297e+03 1.658305e+03 1.644528e+03
9.3 1.662092e+03 1.682554e+03 1.658306e+03 1.637844e+03
10.3 1.698838e+03 1.676515e+03 1.658290e+03 1.680613e+03
11.3 1.604929e+03 1.646096e+03 1.658270e+03 1.617103e+03
12.3 1.633905e+03 1.639241e+03 1.658254e+03 1.652917e+03
13.3 1.720673e+03 1.661640e+03 1.658242e+03 1.717275e+03
14.3 1.621959e+03 1.656264e+03 1.658234e+03 1.623930e+03
15.3 1.696043e+03 1.670363e+03 1.658228e+03 1.683908e+03
16.3 1.659000e+03 1.669292e+03 1.658224e+03 1.647932e+03
17.3 1.655815e+03 1.668546e+03 1.658219e+03 1.645488e+03
0.3 1.650817e+03 1.627752e+03 1.658316e+03 1.681380e+03
1.3 1.699110e+03 1.652568e+03 1.658755e+03 1.705297e+03
2.3 1.646770e+03 1.656624e+03 1.658990e+03 1.649137e+03
3.3 1.671715e+03 1.672495e+03 1.658688e+03 1.657909e+03
4.3 1.738948e+03 1.676992e+03 1.658144e+03 1.720100e+03
5.3 1.739005e+03 1.676776e+03 1.657918e+03 1.720147e+03
6.3 1.653762e+03 1.676668e+03 1.658006e+03 1.635101e+03
7.3 1.642262e+03 1.670411e+03 1.658091e+03 1.629942e+03
8.3 1.643303e+03 1.664876e+03 1.658222e+03 1.636649e+03
9.3 1.662231e+03 1.668717e+03 1.658317e+03 1.651832e+03
10.3 1.703099e+03 1.664472e+03 1.658301e+03 1.696928e+03
11.3 1.688786e+03 1.671516e+03 1.658255e+03 1.675524e+03
12.3 1.678094e+03 1.667246e+03 1.658321e+03 1.669169e+03
13.3 1.601029e+03 1.667990e+03 1.658102e+03 1.591142e+03
14.3 1.693463e+03 1.655282e+03 1.657622e+03 1.695804e+03
15.3 1.674852e+03 1.647673e+03 1.657504e+03 1.684682e+03
16.3 1.611552e+03 1.642319e+03 1.657761e+03 1.626994e+03
17.3 1.662053e+03 1.654506e+03 1.658024e+03 1.665572e+03
0.2 1.699110e+03 1.652568e+03 1.658755e+03 1.705297e+03
1.2 1.646770e+03 1.656624e+03 1.658990e+03 1.649137e+03
2.2 1.671715e+03 1.672495e+03 1.658688e+03 1.657909e+03
3.2 1.738948e+03 1.676992e+03 1.658144e+03 1.720100e+03
4.2 1.739005e+03 1.676776e+03 1.657918e+03 1.720147e+03
5.2 1.653762e+03 1.676668e+03 1.658006e+03 1.635101e+03
6.2 1.642262e+03 1.670411e+03 1.658091e+03 1.629942e+03
7.2 1.643303e+03 1.664876e+03 1.658222e+03 1.636649e+03
8.2 1.662231e+03 1.668717e+03 1.658317e+03 1.651832e+03
9.2 1.703099e+03 1.664472e+03 1.658301e+03 1.696928e+03
10.2 1.688786e+03 1.671516e+03 1.658255e+03 1.675524e+03
11.2 1.678094e+03 1.667246e+03 1.658321e+03 1.669169e+03
12.2 1.601029e+03 1.667990e+03 1.658102e+03 1.591142e+03
13.2 1.693463e+03 1.655282e+03 1.657622e+03 1.695804e+03
14.2 1.674852e+03 1.647673e+03 1.657504e+03 1.684682e+03
15.2 1.611552e+03 1.642319e+03 1.657761e+03 1.626994e+03
16.2 1.662053e+03 1.654506e+03 1.658024e+03 1.665572e+03
17.2 1.705368e+03 1.663602e+03 1.658179e+03 1.699945e+03
1.0 1.671715e+03 1.672495e+03 1.658688e+03 1.657909e+03
2.0 1.738948e+03 1.676992e+03 1.658144e+03 1.720100e+03
3.0 1.739005e+03 1.676776e+03 1.657918e+03 1.720147e+03
4.0 1.653762e+03 1.676668e+03 1.658006e+03 1.635101e+03
5.0 1.642262e+03 1.670411e+03 1.658091e+03 1.629942e+03
6.0 1.643303e+03 1.664876e+03 1.658222e+03 1.636649e+03
7.0 1.662231e+03 1.668717e+03 1.658317e+03 1.651832e+03
8.0 1.703099e+03 1.664472e+03 1.658301e+03 1.696928e+03
9.0 1.688786e+03 1.671516e+03 1.658255e+03 1.675524e+03
10.0 1.678094e+03 1.667246e+03 1.658321e+03 1.669169e+03
11.0 1.601029e+03 1.667990e+03 1.658102e+03 1.591142e+03
12.0 1.693463e+03 1.655282e+03 1.657622e+03 1.695804e+03
13.0 1.674852e+03 1.647673e+03 1.657504e+03 1.684682e+03
14.0 1.611552e+03 1.642319e+03 1.657761e+03 1.626994e+03
15.0 1.662053e+03 1.654506e+03 1.658024e+03 1.665572e+03
16.0 1.705368e+03 1.663602e+03 1.658179e+03 1.699945e+03
17.0 1.578841e+03 1.652350e+03 1.658250e+03 1.584741e+03
18.0 1.700414e+03 1.668113e+03 1.658271e+03 1.690572e+03
0.1 1.738948e+03 1.676992e+03 1.658144e+03 1.720100e+03
1.1 1.739005e+03 1.676776e+03 1.657918e+03 1.720147e+03
2.1 1.653762e+03 1.676668e+03 1.658006e+03 1.635101e+03
3.1 1.642262e+03 1.670411e+03 1.658091e+03 1.629942e+03
4.1 1.643303e+03 1.664876e+03 1.658222e+03 1.636649e+03
5.1 1.662231e+03 1.668717e+03 1.658317e+03 1.651832e+03
6.1 1.703099e+03 1.664472e+03 1.658301e+03 1.696928e+03
7.1 1.688786e+03 1.671516e+03 1.658255e+03 1.675524e+03
8.1 1.678094e+03 1.667246e+03 1.658321e+03 1.669169e+03
9.1 1.601029e+03 1.667990e+03 1.658102e+03 1.591142e+03
10.1 1.693463e+03 1.655282e+03 1.657622e+03 1.695804e+03
11.1 1.674852e+03 1.647673e+03 1.657504e+03 1.684682e+03
12.1 1.611552e+03 1.642319e+03 1.657761e+03 1.626994e+03
13.1 1.662053e+03 1.654506e+03 1.658024e+03 1.665572e+03
14.1 1.705368e+03 1.663602e+03 1.658179e+03 1.699945e+03
15.1 1.578841e+03 1.652350e+03 1.658250e+03 1.584741e+03
16.1 1.700414e+03 1.668113e+03 1.658271e+03 1.690572e+03
17.1 1.651200e+03 1.681139e+03 1.658264e+03 1.628324e+03
0.4 1.653762e+03 1.676668e+03 1.658006e+03 1.635101e+03
1.4 1.642262e+03 1.670411e+03 1.658091e+03 1.629942e+03
2.4 1.643303e+03 1.664876e+03 1.658222e+03 1.636649e+03
3.4 1.662231e+03 1.668717e+03 1.658317e+03 1.651832e+03
4.4 1.703099e+03 1.664472e+03 1.658301e+03 1.696928e+03
5.4 1.688786e+03 1.671516e+03 1.658255e+03 1.675524e+03
6.4 1.678094e+03 1.667246e+03 1.658321e+03 1.669169e+03
7.4 1.601029e+03 1.667990e+03 1.658102e+03 1.591142e+03
8.4 1.693463e+03 1.655282e+03 1.657622e+03 1.695804e+03
9.4 1.674852e+03 1.647673e+03 1.657504e+03 1.684682e+03
10.4 1.611552e+03 1.642319e+03 1.657761e+03 1.626994e+03
11.4 1.662053e+03 1.654506e+03 1.658024e+03 1.665572e+03
12.4 1.705368e+03 1.663602e+03 1.658179e+03 1.699945e+03
13.4 1.578841e+03 1.652350e+03 1.658250e+03 1.584741e+03
14.4 1.700414e+03 1.668113e+03 1.658271e+03 1.690572e+03
15.4 1.651200e+03 1.681139e+03 1.658264e+03 1.628324e+03
16.4 1.668271e+03 1.659822e+03 1.658246e+03 1.666695e+03
17.4 1.611161e+03 1.638109e+03 1.658230e+03 1.631282e+03
0.8 1.643303e+03 1.664876e+03 1.658222e+03 1.636649e+03
1.8 1.662231e+03 1.668717e+03 1.658317e+03 1.651832e+03
2.8 1.703099e+03 1.664472e+03 1.658301e+03 1.696928e+03
3.8 1.688786e+03 1.671516e+03 1.658255e+03 1.675524e+03
4.8 1.678094e+03 1.667246e+03 1.658321e+03 1.669169e+03
5.8 1.601029e+03 1.667990e+03 1.658102e+03 1.591142e+03
6.8 1.693463e+03 1.655282e+03 1.657622e+03 1.695804e+03
7.8 1.674852e+03 1.647673e+03 1.657504e+03 1.684682e+03
8.8 1.611552e+03 1.642319e+03 1.657761e+03 1.626994e+03
9.8 1.662053e+03 1.654506e+03 1.658024e+03 1.665572e+03
10.8 1.705368e+03 1.663602e+03 1.658179e+03 1.699945e+03
11.8 1.578841e+03 1.652350e+03 1.658250e+03 1.584741e+03
12.8 1.700414e+03 1.668113e+03 1.658271e+03 1.690572e+03
13.8 1.651200e+03 1.681139e+03 1.658264e+03 1.628324e+03
14.8 1.668271e+03 1.659822e+03 1.658246e+03 1.666695e+03
15.8 1.611161e+03 1.638109e+03 1.658230e+03 1.631282e+03
16.8 1.650048e+03 1.635020e+03 1.658219e+03 1.673248e+03
17.8 1.614536e+03 1.638847e+03 1.658277e+03 1.633965e+03
0.5 1.662231e+03 1.668717e+03 1.658317e+03 1.651832e+03
1.5 1.703099e+03 1.664472e+03 1.658301e+03 1.696928e+03
2.5 1.688786e+03 1.671516e+03 1.658255e+03 1.675524e+03
3.5 1.678094e+03 1.667246e+03 1.658321e+03 1.669169e+03
4.5 1.601029e+03 1.667990e+03 1.658102e+03 1.591142e+03
5.5 1.693463e+03 1.655282e+03 1.657622e+03 1.695804e+03
6.5 1.674852e+03 1.647673e+03 1.657504e+03 1.684682e+03
7.5 1.611552e+03 1.642319e+03 1.657761e+03 1.626994e+03
8.5 1.662053e+03 1.654506e+03 1.658024e+03 1.665572e+03
9.5 1.705368e+03 1.663602e+03 1.658179e+03 1.699945e+03
10.5 1.578841e+03 1.652350e+03 1.658250e+03 1.584741e+03
11.5 1.700414e+03 1.668113e+03 1.658271e+03 1.690572e+03
12.5 1.651200e+03 1.681139e+03 1.658264e+03 1.628324e+03
13.5 1.668271e+03 1.659822e+03 1.658246e+03 1.666695e+03
14.5 1.611161e+03 1.638109e+03 1.658230e+03 1.631282e+03
15.5 1.650048e+03 1.635020e+03 1.658219e+03 1.673248e+03
16.5 1.614536e+03 1.638847e+03 1.658277e+03 1.633965e+03
17.5 1.663402e+03 1.630726e+03 1.658631e+03 1.691307e+03
1.0 1.688786e+03 1.671516e+03 1.658255e+03 1.675524e+03
2.0 1.678094e+03 1.667246e+03 1.658321e+03 1.669169e+03
3.0 1.601029e+03 1.667990e+03 1.658102e+03 1.591142e+03
4.0 1.693463e+03 1.655282e+03 1.657622e+03 1.695804e+03
5.0 1.674852e+03 1.647673e+03 1.657504e+03 1.684682e+03
6.0 1.611552e+03 1.642319e+03 1.657761e+03 1.626994e+03
7.0 1.662053e+03 1.654506e+03 1.658024e+03 1.665572e+03
8.0 1.705368e+03 1.663602e+03 1.658179e+03 1.699945e+03
9.0 1.578841e+03 1.652350e+03 1.658250e+03 1.584741e+03
10.0 1.700414e+03 1.668113e+03 1.658271e+03 1.690572e+03
11.0 1.651200e+03 1.681139e+03 1.658264e+03 1.628324e+03
12.0 1.668271e+03 1.659822e+03 1.658246e+03 1.666695e+03
13.0 1.611161e+03 1.638109e+03 1.658230e+03 1.631282e+03
14.0 1.650048e+03 1.635020e+03 1.658219e+03 1.673248e+03
15.0 1.614536e+03 1.638847e+03 1.658277e+03 1.633965e+03
16.0 1.663402e+03 1.630726e+03 1.658631e+03 1.691307e+03
17.0 1.717691e+03 1.654641e+03 1.658886e+03 1.721936e+03
18.0 1.693571e+03 1.672026e+03 1.658755e+03 1.680300e+03
0.8 1.678094e+03 1.667246e+03 1.658321e+03 1.669169e+03
1.8 1.601029e+03 1.667990e+03 1.658102e+03 1.591142e+03
2.8 1.693463e+03 1.655282e+03 1.657622e+03 1.695804e+03
3.8 1.674852e+03 1.647673e+03 1.657504e+03 1.684682e+03
4.8 1.611552e+03 1.642319e+03 1.657761e+03 1.626994e+03
5.8 1.662053e+03 1.654506e+03 1.658024e+03 1.665572e+03
6.8 1.705368e+03 1.663602e+03 1.658179e+03 1.699945e+03
7.8 1.578841e+03 1.652350e+03 1.658250e+03 1.584741e+03
8.8 1.700414e+03 1.668113e+03 1.658271e+03 1.690572e+03
9.8 1.651200e+03 1.681139e+03 1.658264e+03 1.628324e+03
10.8 1.668271e+03 1.659822e+03 1.658246e+03 1.666695e+03
11.8 1.611161e+03 1.638109e+03 1.658230e+03 1.631282e+03
12.8 1.650048e+03 1.635020e+03 1.658219e+03 1.673248e+03
13.8 1.614536e+03 1.638847e+03 1.658277e+03 1.633965e+03
14.8 1.663402e+03 1.630726e+03 1.658631e+03 1.691307e+03
15.8 1.717691e+03 1.654641e+03 1.658886e+03 1.721936e+03
16.8 1.693571e+03 1.672026e+03 1.658755e+03 1.680300e+03
17.8 1.589781e+03 1.674241e+03 1.658483e+03 1.574023e+03
0.1 1.614536e+03 1.638847e+03 1.658277e+03 1.633965e+03
1.1 1.663402e+03 1.630726e+03 1.658631e+03 1.691307e+03
2.1 1.717691e+03 1.654641e+03 1.658886e+03 1.721936e+03
3.1 1.693571e+03 1.672026e+03 1.658755e+03 1.680300e+03
4.1 1.589781e+03 1.674241e+03 1.658483e+03 1.574023e+03
5.1 1.719905e+03 1.675065e+03 1.658256e+03 1.703095e+03
6.1 1.676008e+03 1.675242e+03 1.658278e+03 1.659044e+03
7.1 1.684285e+03 1.672338e+03 1.658210e+03 1.670157e+03
8.1 1.645279e+03 1.668909e+03 1.658025e+03 1.634395e+03
9.1 1.671322e+03 1.665648e+03 1.657989e+03 1.663663e+03
10.1 1.646870e+03 1.665571e+03 1.658120e+03 1.639418e+03
11.1 1.639876e+03 1.672588e+03 1.658411e+03 1.625700e+03
12.1 1.697344e+03 1.682085e+03 1.658412e+03 1.673672e+03
13.1 1.635629e+03 1.670634e+03 1.657838e+03 1.622833e+03
14.1 1.668272e+03 1.652343e+03 1.657431e+03 1.673360e+03
15.1 1.697445e+03 1.655309e+03 1.657612e+03 1.699749e+03
16.1 1.714697e+03 1.657738e+03 1.658178e+03 1.715137e+03
17.1 1.658400e+03 1.651900e+03 1.658622e+03 1.665121e+03
0.6 1.717691e+03 1.654641e+03 1.658886e+03 1.721936e+03
1.6 1.693571e+03 1.672026e+03 1.658755e+03 1.680300e+03
2.6 1.589781e+03 1.674241e+03 1.658483e+03 1.574023e+03
3.6 1.719905e+03 1.675065e+03 1.658256e+03 1.703095e+03
4.6 1.676008e+03 1.675242e+03 1.658278e+03 1.659044e+03
5.6 1.684285e+03 1.672338e+03 1.658210e+03 1.670157e+03
6.6 1.645279e+03 1.668909e+03 1.658025e+03 1.634395e+03
7.6 1.671322e+03 1.665648e+03 1.657989e+03 1.663663e+03
8.6 1.646870e+03 1.665571e+03 1.658120e+03 1.639418e+03
9.6 1.639876e+03 1.672588e+03 1.658411e+03 1.625700e+03
10.6 1.697344e+03 1.682085e+03 1.658412e+03 1.673672e+03
11.6 1.635629e+03 1.670634e+03 1.657838e+03 1.622833e+03
12.6 1.668272e+03 1.652343e+03 1.657431e+03 1.673360e+03
13.6 1.697445e+03 1.655309e+03 1.657612e+03 1.699749e+03
14.6 1.714697e+03 1.657738e+03 1.658178e+03 1.715137e+03
15.6 1.658400e+03 1.651900e+03 1.658622e+03 1.665121e+03
16.6 1.667729e+03 1.662337e+03 1.658373e+03 1.663765e+03
17.6 1.617445e+03 1.649496e+03 1.657989e+03 1.625938e+03
0.4 1.693571e+03 1.672026e+03 1.658755e+03 1.680300e+03
1.4 1.589781e+03 1.674241e+03 1.658483e+03 1.574023e+03
2.4 1.719905e+03 1.675065e+03 1.658256e+03 1.703095e+03
3.4 1.676008e+03 1.675242e+03 1.658278e+03 1.659044e+03
4.4 1.684285e+03 1.672338e+03 1.658210e+03 1.670157e+03
5.4 1.645279e+03 1.668909e+03 1.658025e+03 1.634395e+03
6.4 1.671322e+03 1.665648e+03 1.657989e+03 1.663663e+03
7.4 1.646870e+03 1.665571e+03 1.658120e+03 1.639418e+03
8.4 1.639876e+03 1.672588e+03 1.658411e+03 1.625700e+03
9.4 1.697344e+03 1.682085e+03 1.658412e+03 1.673672e+03
10.4 1.635629e+03 1.670634e+03 1.657838e+03 1.622833e+03
11.4 1.668272e+03 1.652343e+03 1.657431e+03 1.673360e+03
12.4 1.697445e+03 1.655309e+03 1.657612e+03 1.699749e+03
13.4 1.714697e+03 1.657738e+03 1.658178e+03 1.715137e+03
14.4 1.658400e+03 1.651900e+03 1.658622e+03 1.665121e+03
15.4 1.667729e+03 1.662337e+03 1.658373e+03 1.663765e+03
16.4 1.617445e+03 1.649496e+03 1.657989e+03 1.625938e+03
17.4 1.612554e+03 1.652424e+03 1.657981e+03 1.618111e+03
0.9 1.719905e+03 1.675065e+03 1.658256e+03 1.703095e+03
1.9 1.676008e+03 1.675242e+03 1.658278e+03 1.659044e+03
2.9 1.684285e+03 1.672338e+03 1.658210e+03 1.670157e+03
3.9 1.645279e+03 1.668909e+03 1.658025e+03 1.634395e+03
4.9 1.671322e+03 1.665648e+03 1.657989e+03 1.663663e+03
5.9 1.646870e+03 1.665571e+03 1.658120e+03 1.639418e+03
6.9 1.639876e+03 1.672588e+03 1.658411e+03 1.625700e+03
7.9 1.697344e+03 1.682085e+03 1.658412e+03 1.673672e+03
8.9 1.635629e+03 1.670634e+03 1.657838e+03 1.622833e+03
9.9 1.668272e+03 1.652343e+03 1.657431e+03 1.673360e+03
10.9 1.697445e+03 1.655309e+03 1.657612e+03 1.699749e+03
11.9 1.714697e+03 1.657738e+03 1.658178e+03 1.715137e+03
12.9 1.658400e+03 1.651900e+03 1.658622e+03 1.665121e+03
13.9 1.667729e+03 1.662337e+03 1.658373e+03 1.663765e+03
14.9 1.617445e+03 1.649496e+03 1.657989e+03 1.625938e+03
15.9 1.612554e+03 1.652424e+03 1.657981e+03 1.618111e+03
16.9 1.711001e+03 1.672736e+03 1.658099e+03 1.696364e+03
17.9 1.629791e+03 1.656931e+03 1.658224e+03 1.631083e+03
0.8 1.676008e+03 1.675242e+03 1.658278e+03 1.659044e+03
1.8 1.684285e+03 1.672338e+03 1.658210e+03 1.670157e+03
2.8 1.645279e+03 1.668909e+03 1.658025e+03 1.634395e+03
3.8 1.671322e+03 1.665648e+03 1.657989e+03 1.663663e+03
4.8 1.646870e+03 1.665571e+03 1.658120e+03 1.639418e+03
5.8 1.639876e+03 1.672588e+03 1.658411e+03 1.625700e+03
6.8 1.697344e+03 1.682085e+03 1.658412e+03 1.673672e+03
7.8 1.635629e+03 1.670634e+03 1.657838e+03 1.622833e+03
8.8 1.668272e+03 1.652343e+03 1.657431e+03 1.673360e+03
9.8 1.697445e+03 1.655309e+03 1.657612e+03 1.699749e+03
10.8 1.714697e+03 1.657738e+03 1.658178e+03 1.715137e+03
11.8 1.658400e+03 1.651900e+03 1.658622e+03 1.665121e+03
12.8 1.667729e+03 1.662337e+03 1.658373e+03 1.663765e+03
13.8 1.617445e+03 1.649496e+03 1.657989e+03 1.625938e+03
14.8 1.612554e+03 1.652424e+03 1.657981e+03 1.618111e+03
15.8 1.711001e+03 1.672736e+03 1.658099e+03 1.696364e+03
16.8 1.629791e+03 1.656931e+03 1.658224e+03 1.631083e+03
17.8 1.626287e+03 1.651784e+03 1.658612e+03 1.633114e+03
0.4 1.684285e+03 1.672338e+03 1.658210e+03 1.670157e+03
1.4 1.645279e+03 1.668909e+03 1.658025e+03 1.634395e+03
2.4 1.671322e+03 1.665648e+03 1.657989e+03 1.663663e+03
3.4 1.646870e+03 1.665571e+03 1.658120e+03 1.639418e+03
4.4 1.639876e+03 1.672588e+03 1.658411e+03 1.625700e+03
5.4 1.697344e+03 1.682085e+03 1.658412e+03 1.673672e+03
6.4 1.635629e+03 1.670634e+03 1.657838e+03 1.622833e+03
7.4 1.668272e+03 1.652343e+03 1.657431e+03 1.673360e+03
8.4 1.697445e+03 1.655309e+03 1.657612e+03 1.699749e+03
9.4 1.714697e+03 1.657738e+03 1.658178e+03 1.715137e+03
10.4 1.658400e+03 1.651900e+03 1.658622e+03 1.665121e+03
11.4 1.667729e+03 1.662337e+03 1.658373e+03 1.663765e+03
12.4 1.617445e+03 1.649496e+03 1.657989e+03 1.625938e+03
13.4 1.612554e+03 1.652424e+03 1.657981e+03 1.618111e+03
14.4 1.711001e+03 1.672736e+03 1.658099e+03 1.696364e+03
15.4 1.629791e+03 1.656931e+03 1.658224e+03 1.631083e+03
16.4 1.626287e+03 1.651784e+03 1.658612e+03 1.633114e+03
17.4 1.622401e+03 1.653929e+03 1.658764e+03 1.627235e+03
0.7 1.671322e+03 1.665648e+03 1.657989e+03 1.663663e+03
1.7 1.646870e+03 1.665571e+03 1.658120e+03 1.639418e+03
2.7 1.639876e+03 1.672588e+03 1.658411e+03 1.625700e+03
3.7 1.697344e+03 1.682085e+03 1.658412e+03 1.673672e+03
4.7 1.635629e+03 1.670634e+03 1.657838e+03 1.622833e+03
5.7 1.668272e+03 1.652343e+03 1.657431e+03 1.673360e+03
6.7 1.697445e+03 1.655309e+03 1.657612e+03 1.699749e+03
7.7 1.714697e+03 1.657738e+03 1.658178e+03 1.715137e+03
8.7 1.658400e+03 1.651900e+03 1.658622e+03 1.665121e+03
9.7 1.667729e+03 1.662337e+03 1.658373e+03 1.663765e+03
10.7 1.617445e+03 1.649496e+03 1.657989e+03 1.625938e+03
11.7 1.612554e+03 1.652424e+03 1.657981e+03 1.618111e+03
12.7 1.711001e+03 1.672736e+03 1.658099e+03 1.696364e+03
13.7 1.629791e+03 1.656931e+03 1.658224e+03 1.631083e+03
14.7 1.626287e+03 1.651784e+03 1.658612e+03 1.633114e+03
15.7 1.622401e+03 1.653929e+03 1.658764e+03 1.627235e+03
16.7 1.654147e+03 1.666163e+03 1.658570e+03 1.646555e+03
17.7 1.689761e+03 1.655728e+03 1.658547e+03 1.692580e+03
0.4 1.646870e+03 1.665571e+03 1.658120e+03 1.639418e+03
1.4 1.639876e+03 1.672588e+03 1.658411e+03 1.625700e+03
2.4 1.697344e+03 1.682085e+03 1.658412e+03 1.673672e+03
3.4 1.635629e+03 1.670634e+03 1.657838e+03 1.622833e+03
4.4 1.668272e+03 1.652343e+03 1.657431e+03 1.673360e+03
5.4 1.697445e+03 1.655309e+03 1.657612e+03 1.699749e+03
6.4 1.714697e+03 1.657738e+03 1.658178e+03 1.715137e+03
7.4 1.658400e+03 1.651900e+03 1.658622e+03 1.665121e+03
8.4 1.667729e+03 1.662337e+03 1.658373e+03 1.663765e+03
9.4 1.617445e+03 1.649496e+03 1.657989e+03 1.625938e+03
10.4 1.612554e+03 1.652424e+03 1.657981e+03 1.618111e+03
11.4 1.711001e+03 1.672736e+03 1.658099e+03 1.696364e+03
12.4 1.629791e+03 1.656931e+03 1.658224e+03 1.631083e+03
13.4 1.626287e+03 1.651784e+03 1.658612e+03 1.633114e+03
14.4 1.622401e+03 1.653929e+03 1.658764e+03 1.627235e+03
15.4 1.654147e+03 1.666163e+03 1.658570e+03 1.646555e+03
16.4 1.689761e+03 1.655728e+03 1.658547e+03 1.692580e+03
17.4 1.629527e+03 1.663637e+03 1.658414e+03 1.624304e+03
0.5 1.639876e+03 1.672588e+03 1.658411e+03 1.625700e+03
1.5 1.697344e+03 1.682085e+03 1.658412e+03 1.673672e+03
2.5 1.635629e+03 1.670634e+03 1.657838e+03 1.622833e+03
3.5 1.668272e+03 1.652343e+03 1.657431e+03 1.673360e+03
4.5 1.697445e+03 1.655309e+03 1.657612e+03 1.699749e+03
5.5 1.714697e+03 1.657738e+03 1.658178e+03 1.715137e+03
6.5 1.658400e+03 1.651900e+03 1.658622e+03 1.665121e+03
7.5 1.667729e+03 1.662337e+03 1.658373e+03 1.663765e+03
8.5 1.617445e+03 1.649496e+03 1.657989e+03 1.625938e+03
9.5 1.612554e+03 1.652424e+03 1.657981e+03 1.618111e+03
10.5 1.711001e+03 1.672736e+03 1.658099e+03 1.696364e+03
11.5 1.629791e+03 1.656931e+03 1.658224e+03 1.631083e+03
12.5 1.626287e+03 1.651784e+03 1.658612e+03 1.633114e+03
13.5 1.622401e+03 1.653929e+03 1.658764e+03 1.627235e+03
14.5 1.654147e+03 1.666163e+03 1.658570e+03 1.646555e+03
15.5 1.689761e+03 1.655728e+03 1.658547e+03 1.692580e+03
16.5 1.629527e+03 1.663637e+03 1.658414e+03 1.624304e+03
17.5 1.676016e+03 1.649417e+03 1.657938e+03 1.684538e+03
0.6 1.714697e+03 1.657738e+03 1.658178e+03 1.715137e+03
1.6 1.658400e+03 1.651900e+03 1.658622e+03 1.665121e+03
2.6 1.667729e+03 1.662337e+03 1.658373e+03 1.663765e+03
3.6 1.617445e+03 1.649496e+03 1.657989e+03 1.625938e+03
4.6 1.612554e+03 1.652424e+03 1.657981e+03 1.618111e+03
5.6 1.711001e+03 1.672736e+03 1.658099e+03 1.696364e+03
6.6 1.629791e+03 1.656931e+03 1.658224e+03 1.631083e+03
7.6 1.626287e+03 1.651784e+03 1.658612e+03 1.633114e+03
8.6 1.622401e+03 1.653929e+03 1.658764e+03 1.627235e+03
9.6 1.654147e+03 1.666163e+03 1.658570e+03 1.646555e+03
10.6 1.689761e+03 1.655728e+03 1.658547e+03 1.692580e+03
11.6 1.629527e+03 1.663637e+03 1.658414e+03 1.624304e+03
12.6 1.676016e+03 1.649417e+03 1.657938e+03 1.684538e+03
13.6 1.664361e+03 1.641275e+03 1.657584e+03 1.680670e+03
14.6 1.656995e+03 1.658421e+03 1.657708e+03 1.656282e+03
15.6 1.656752e+03 1.664422e+03 1.657964e+03 1.650294e+03
16.6 1.660027e+03 1.668661e+03 1.658142e+03 1.649508e+03
17.6 1.594597e+03 1.633413e+03 1.658236e+03 1.619420e+03
1.0 1.626287e+03 1.651784e+03 1.658612e+03 1.633114e+03
2.0 1.622401e+03 1.653929e+03 1.658764e+03 1.627235e+03
3.0 1.654147e+03 1.666163e+03 1.658570e+03 1.646555e+03
4.0 1.689761e+03 1.655728e+03 1.658547e+03 1.692580e+03
5.0 1.629527e+03 1.663637e+03 1.658414e+03 1.624304e+03
6.0 1.676016e+03 1.649417e+03 1.657938e+03 1.684538e+03
7.0 1.664361e+03 1.641275e+03 1.657584e+03 1.680670e+03
8.0 1.656995e+03 1.658421e+03 1.657708e+03 1.656282e+03
9.0 1.656752e+03 1.664422e+03 1.657964e+03 1.650294e+03
10.0 1.660027e+03 1.668661e+03 1.658142e+03 1.649508e+03
11.0 1.594597e+03 1.633413e+03 1.658236e+03 1.619420e+03
12.0 1.601627e+03 1.617829e+03 1.658274e+03 1.642072e+03
13.0 1.628869e+03 1.623660e+03 1.658278e+03 1.663487e+03
14.0 1.639246e+03 1.646539e+03 1.658265e+03 1.650972e+03
15.0 1.670556e+03 1.663683e+03 1.658250e+03 1.665123e+03
16.0 1.689232e+03 1.668431e+03 1.658237e+03 1.679038e+03
17.0 1.685931e+03 1.654978e+03 1.658229e+03 1.689182e+03
18.0 1.591917e+03 1.638071e+03 1.658224e+03 1.612070e+03
0.9 1.654147e+03 1.666163e+03 1.658570e+03 1.646555e+03
1.9 1.689761e+03 1.655728e+03 1.658547e+03 1.692580e+03
2.9 1.629527e+03 1.663637e+03 1.658414e+03 1.624304e+03
3.9 1.676016e+03 1.649417e+03 1.657938e+03 1.684538e+03
4.9 1.664361e+03 1.641275e+03 1.657584e+03 1.680670e+03
5.9 1.656995e+03 1.658421e+03 1.657708e+03 1.656282e+03
6.9 1.656752e+03 1.664422e+03 1.657964e+03 1.650294e+03
7.9 1.660027e+03 1.668661e+03 1.658142e+03 1.649508e+03
8.9 1.594597e+03 1.633413e+03 1.658236e+03 1.619420e+03
9.9 1.601627e+03 1.617829e+03 1.658274e+03 1.642072e+03
10.9 1.628869e+03 1.623660e+03 1.658278e+03 1.663487e+03
11.9 1.639246e+03 1.646539e+03 1.658265e+03 1.650972e+03
12.9 1.670556e+03 1.663683e+03 1.658250e+03 1.665123e+03
13.9 1.689232e+03 1.668431e+03 1.658237e+03 1.679038e+03
14.9 1.685931e+03 1.654978e+03 1.658229e+03 1.689182e+03
15.9 1.591917e+03 1.638071e+03 1.658224e+03 1.612070e+03
16.9 1.745741e+03 1.667087e+03 1.658222e+03 1.736875e+03
17.9 1.657985e+03 1.673141e+03 1.658220e+03 1.643063e+03
0.5 1.689761e+03 1.655728e+03 1.658547e+03 1.692580e+03
1.5 1.629527e+03 1.663637e+03 1.658414e+03 1.624304e+03
2.5 1.676016e+03 1.649417e+03 1.657938e+03 1.684538e+03
3.5 1.664361e+03 1.641275e+03 1.657584e+03 1.680670e+03
4.5 1.656995e+03 1.658421e+03 1.657708e+03 1.656282e+03
5.5 1.656752e+03 1.664422e+03 1.657964e+03 1.650294e+03
6.5 1.660027e+03 1.668661e+03 1.658142e+03 1.649508e+03
7.5 1.594597e+03 1.633413e+03 1.658236e+03 1.619420e+03
8.5 1.601627e+03 1.617829e+03 1.658274e+03 1.642072e+03
9.5 1.628869e+03 1.623660e+03 1.658278e+03 1.663487e+03
10.5 1.639246e+03 1.646539e+03 1.658265e+03 1.650972e+03
11.5 1.670556e+03 1.663683e+03 1.658250e+03 1.665123e+03
12.5 1.689232e+03 1.668431e+03 1.658237e+03 1.679038e+03
13.5 1.685931e+03 1.654978e+03 1.658229e+03 1.689182e+03
14.5 1.591917e+03 1.638071e+03 1.658224e+03 1.612070e+03
15.5 1.745741e+03 1.667087e+03 1.658222e+03 1.736875e+03
16.5 1.657985e+03 1.673141e+03 1.658220e+03 1.643063e+03
17.5 1.727682e+03 1.679328e+03 1.658219e+03 1.706573e+03
0.3 1.634507e+03 1.666286e+03 1.658335e+03 1.626556e+03
1.3 1.631105e+03 1.656764e+03 1.658663e+03 1.633004e+03
2.3 1.633577e+03 1.648124e+03 1.658761e+03 1.644214e+03
3.3 1.637918e+03 1.646913e+03 1.658612e+03 1.649617e+03
4.3 1.700374e+03 1.660538e+03 1.658467e+03 1.698303e+03
5.3 1.703484e+03 1.662222e+03 1.658001e+03 1.699263e+03
6.3 1.640753e+03 1.655547e+03 1.657566e+03 1.642772e+03
7.3 1.685140e+03 1.646556e+03 1.657623e+03 1.696208e+03
8.3 1.703436e+03 1.673489e+03 1.657889e+03 1.687836e+03
9.3 1.622738e+03 1.660362e+03 1.658096e+03 1.620472e+03
10.3 1.592500e+03 1.621031e+03 1.658212e+03 1.629681e+03
11.3 1.609019e+03 1.608269e+03 1.658263e+03 1.659013e+03
12.3 1.642970e+03 1.615788e+03 1.658275e+03 1.685457e+03
13.3 1.640239e+03 1.656389e+03 1.658266e+03 1.642116e+03
14.3 1.685980e+03 1.668459e+03 1.658252e+03 1.675773e+03
15.3 1.694423e+03 1.678307e+03 1.658240e+03 1.674356e+03
16.3 1.589807e+03 1.643591e+03 1.658232e+03 1.604449e+03
17.3 1.650120e+03 1.665070e+03 1.658228e+03 1.643278e+03
0.6 1.633577e+03 1.648124e+03 1.658761e+03 1.644214e+03
1.6 1.637918e+03 1.646913e+03 1.658612e+03 1.649617e+03
2.6 1.700374e+03 1.660538e+03 1.658467e+03 1.698303e+03
3.6 1.703484e+03 1.662222e+03 1.658001e+03 1.699263e+03
4.6 1.640753e+03 1.655547e+03 1.657566e+03 1.642772e+03
5.6 1.685140e+03 1.646556e+03 1.657623e+03 1.696208e+03
6.6 1.703436e+03 1.673489e+03 1.657889e+03 1.687836e+03
7.6 1.622738e+03 1.660362e+03 1.658096e+03 1.620472e+03
8.6 1.592500e+03 1.621031e+03 1.658212e+03 1.629681e+03
9.6 1.609019e+03 1.608269e+03 1.658263e+03 1.659013e+03
10.6 1.642970e+03 1.615788e+03 1.658275e+03 1.685457e+03
11.6 1.640239e+03 1.656389e+03 1.658266e+03 1.642116e+03
12.6 1.685980e+03 1.668459e+03 1.658252e+03 1.675773e+03
13.6 1.694423e+03 1.678307e+03 1.658240e+03 1.674356e+03
14.6 1.589807e+03 1.643591e+03 1.658232e+03 1.604449e+03
15.6 1.650120e+03 1.665070e+03 1.658228e+03 1.643278e+03
16.6 1.686759e+03 1.696343e+03 1.658226e+03 1.648642e+03
17.6 1.684568e+03 1.656842e+03 1.658224e+03 1.685950e+03
0.3 1.637918e+03 1.646913e+03 1.658612e+03 1.649617e+03
1.3 1.700374e+03 1.660538e+03 1.658467e+03 1.698303e+03
2.3 1.703484e+03 1.662222e+03 1.658001e+03 1.699263e+03
3.3 1.640753e+03 1.655547e+03 1.657566e+03 1.642772e+03
4.3 1.685140e+03 1.646556e+03 1.657623e+03 1.696208e+03
5.3 1.703436e+03 1.673489e+03 1.657889e+03 1.687836e+03
6.3 1.622738e+03 1.660362e+03 1.658096e+03 1.620472e+03
7.3 1.592500e+03 1.621031e+03 1.658212e+03 1.629681e+03
8.3 1.609019e+03 1.608269e+03 1.658263e+03 1.659013e+03
9.3 1.642970e+03 1.615788e+03 1.658275e+03 1.685457e+03
10.3 1.640239e+03 1.656389e+03 1.658266e+03 1.642116e+03
11.3 1.685980e+03 1.668459e+03 1.658252e+03 1.675773e+03
12.3 1.694423e+03 1.678307e+03 1.658240e+03 1.674356e+03
13.3 1.589807e+03 1.643591e+03 1.658232e+03 1.604449e+03
14.3 1.650120e+03 1.665070e+03 1.658228e+03 1.643278e+03
15.3 1.686759e+03 1.696343e+03 1.658226e+03 1.648642e+03
16.3 1.684568e+03 1.656842e+03 1.658224e+03 1.685950e+03
17.3 1.666233e+03 1.649153e+03 1.658223e+03 1.675303e+03
0.4 1.653930e+03 1.662306e+03 1.658332e+03 1.649955e+03
1.4 1.682418e+03 1.645249e+03 1.658793e+03 1.695962e+03
2.4 1.656406e+03 1.649527e+03 1.659046e+03 1.665924e+03
3.4 1.619418e+03 1.659835e+03 1.658690e+03 1.618273e+03
4.4 1.655154e+03 1.666934e+03 1.658213e+03 1.646433e+03
5.4 1.683950e+03 1.669212e+03 1.657979e+03 1.672717e+03
6.4 1.670646e+03 1.666044e+03 1.658100e+03 1.662701e+03
7.4 1.603362e+03 1.667805e+03 1.658293e+03 1.593850e+03
8.4 1.709397e+03 1.663357e+03 1.658167e+03 1.704208e+03
9.4 1.578011e+03 1.665291e+03 1.657937e+03 1.570656e+03
10.4 1.661522e+03 1.662213e+03 1.657958e+03 1.657267e+03
11.4 1.669885e+03 1.663830e+03 1.658104e+03 1.664159e+03
12.4 1.680281e+03 1.658922e+03 1.658398e+03 1.679756e+03
13.4 1.700378e+03 1.669524e+03 1.658701e+03 1.689555e+03
14.4 1.672783e+03 1.676583e+03 1.658370e+03 1.654571e+03
15.4 1.649572e+03 1.664243e+03 1.657961e+03 1.643289e+03
16.4 1.634389e+03 1.648106e+03 1.657720e+03 1.644002e+03
17.4 1.666362e+03 1.663237e+03 1.657474e+03 1.660599e+03
0.4 1.682418e+03 1.645249e+03 1.658793e+03 1.695962e+03
1.4 1.656406e+03 1.649527e+03 1.659046e+03 1.665924e+03
2.4 1.619418e+03 1.659835e+03 1.658690e+03 1.618273e+03
3.4 1.655154e+03 1.666934e+03 1.658213e+03 1.646433e+03
4.4 1.683950e+03 1.669212e+03 1.657979e+03 1.672717e+03
5.4 1.670646e+03 1.666044e+03 1.658100e+03 1.662701e+03
6.4 1.603362e+03 1.667805e+03 1.658293e+03 1.593850e+03
7.4 1.709397e+03 1.663357e+03 1.658167e+03 1.704208e+03
8.4 1.578011e+03 1.665291e+03 1.657937e+03 1.570656e+03
9.4 1.661522e+03 1.662213e+03 1.657958e+03 1.657267e+03
10.4 1.669885e+03 1.663830e+03 1.658104e+03 1.664159e+03
11.4 1.680281e+03 1.658922e+03 1.658398e+03 1.679756e+03
12.4 1.700378e+03 1.669524e+03 1.658701e+03 1.689555e+03
13.4 1.672783e+03 1.676583e+03 1.658370e+03 1.654571e+03
14.4 1.649572e+03 1.664243e+03 1.657961e+03 1.643289e+03
15.4 1.634389e+03 1.648106e+03 1.657720e+03 1.644002e+03
16.4 1.666362e+03 1.663237e+03 1.657474e+03 1.660599e+03
17.4 1.677131e+03 1.639069e+03 1.657583e+03 1.695646e+03
0.3 1.656406e+03 1.649527e+03 1.659046e+03 1.665924e+03
1.3 1.619418e+03 1.659835e+03 1.658690e+03 1.618273e+03
2.3 1.655154e+03 1.666934e+03 1.658213e+03 1.646433e+03
3.3 1.683950e+03 1.669212e+03 1.657979e+03 1.672717e+03
4.3 1.670646e+03 1.666044e+03 1.658100e+03 1.662701e+03
5.3 1.603362e+03 1.667805e+03 1.658293e+03 1.593850e+03
6.3 1.709397e+03 1.663357e+03 1.658167e+03 1.704208e+03
7.3 1.578011e+03 1.665291e+03 1.657937e+03 1.570656e+03
8.3 1.661522e+03 1.662213e+03 1.657958e+03 1.657267e+03
9.3 1.669885e+03 1.663830e+03 1.658104e+03 1.664159e+03
10.3 1.680281e+03 1.658922e+03 1.658398e+03 1.679756e+03
11.3 1.700378e+03 1.669524e+03 1.658701e+03 1.689555e+03
12.3 1.672783e+03 1.676583e+03 1.658370e+03 1.654571e+03
13.3 1.649572e+03 1.664243e+03 1.657961e+03 1.643289e+03
14.3 1.634389e+03 1.648106e+03 1.657720e+03 1.644002e+03
15.3 1.666362e+03 1.663237e+03 1.657474e+03 1.660599e+03
16.3 1.677131e+03 1.639069e+03 1.657583e+03 1.695646e+03
17.3 1.712384e+03 1.658780e+03 1.657886e+03 1.711489e+03
0.8 1.655154e+03 1.666934e+03 1.658213e+03 1.646433e+03
1.8 1.683950e+03 1.669212e+03 1.657979e+03 1.672717e+03
2.8 1.670646e+03 1.666044e+03 1.658100e+03 1.662701e+03
3.8 1.603362e+03 1.667805e+03 1.658293e+03 1.593850e+03
4.8 1.709397e+03 1.663357e+03 1.658167e+03 1.704208e+03
5.8 1.578011e+03 1.665291e+03 1.657937e+03 1.570656e+03
6.8 1.661522e+03 1.662213e+03 1.657958e+03 1.657267e+03
7.8 1.669885e+03 1.663830e+03 1.658104e+03 1.664159e+03
8.8 1.680281e+03 1.658922e+03 1.658398e+03 1.679756e+03
9.8 1.700378e+03 1.669524e+03 1.658701e+03 1.689555e+03
10.8 1.672783e+03 1.676583e+03 1.658370e+03 1.654571e+03
11.8 1.649572e+03 1.664243e+03 1.657961e+03 1.643289e+03
12.8 1.634389e+03 1.648106e+03 1.657720e+03 1.644002e+03
13.8 1.666362e+03 1.663237e+03 1.657474e+03 1.660599e+03
14.8 1.677131e+03 1.639069e+03 1.657583e+03 1.695646e+03
15.8 1.712384e+03 1.658780e+03 1.657886e+03 1.711489e+03
16.8 1.665610e+03 1.684334e+03 1.658117e+03 1.639394e+03
17.8 1.666566e+03 1.659992e+03 1.658237e+03 1.664811e+03
0.2 1.683950e+03 1.669212e+03 1.657979e+03 1.672717e+03
1.2 1.670646e+03 1.666044e+03 1.658100e+03 1.662701e+03
2.2 1.603362e+03 1.667805e+03 1.658293e+03 1.593850e+03
3.2 1.709397e+03 1.663357e+03 1.658167e+03 1.704208e+03
4.2 1.578011e+03 1.665291e+03 1.657937e+03 1.570656e+03
5.2 1.661522e+03 1.662213e+03 1.657958e+03 1.657267e+03
6.2 1.669885e+03 1.663830e+03 1.658104e+03 1.664159e+03
7.2 1.680281e+03 1.658922e+03 1.658398e+03 1.679756e+03
8.2 1.700378e+03 1.669524e+03 1.658701e+03 1.689555e+03
9.2 1.672783e+03 1.676583e+03 1.658370e+03 1.654571e+03
10.2 1.649572e+03 1.664243e+03 1.657961e+03 1.643289e+03
11.2 1.634389e+03 1.648106e+03 1.657720e+03 1.644002e+03
12.2 1.666362e+03 1.663237e+03 1.657474e+03 1.660599e+03
13.2 1.677131e+03 1.639069e+03 1.657583e+03 1.695646e+03
14.2 1.712384e+03 1.658780e+03 1.657886e+03 1.711489e+03
15.2 1.665610e+03 1.684334e+03 1.658117e+03 1.639394e+03
16.2 1.666566e+03 1.659992e+03 1.658237e+03 1.664811e+03
17.2 1.659181e+03 1.651804e+03 1.658282e+03 1.665658e+03
0.3 1.670646e+03 1.666044e+03 1.658100e+03 1.662701e+03
1.3 1.603362e+03 1.667805e+03 1.658293e+03 1.593850e+03
2.3 1.709397e+03 1.663357e+03 1.658167e+03 1.704208e+03
3.3 1.578011e+03 1.665291e+03 1.657937e+03 1.570656e+03
4.3 1.661522e+03 1.662213e+03 1.657958e+03 1.657267e+03
5.3 1.669885e+03 1.663830e+03 1.658104e+03 1.664159e+03
6.3 1.680281e+03 1.658922e+03 1.658398e+03 1.679756e+03
7.3 1.700378e+03 1.669524e+03 1.658701e+03 1.689555e+03
8.3 1.672783e+03 1.676583e+03 1.658370e+03 1.654571e+03
9.3 1.649572e+03 1.664243e+03 1.657961e+03 1.643289e+03
10.3 1.634389e+03 1.648106e+03 1.657720e+03 1.644002e+03
11.3 1.666362e+03 1.663237e+03 1.657474e+03 1.660599e+03
12.3 1.677131e+03 1.639069e+03 1.657583e+03 1.695646e+03
13.3 1.712384e+03 1.658780e+03 1.657886e+03 1.711489e+03
14.3 1.665610e+03 1.684334e+03 1.658117e+03 1.639394e+03
15.3 1.666566e+03 1.659992e+03 1.658237e+03 1.664811e+03
16.3 1.659181e+03 1.651804e+03 1.658282e+03 1.665658e+03
17.3 1.697484e+03 1.646411e+03 1.658285e+03 1.709358e+03
0.8 1.709397e+03 1.663357e+03 1.658167e+03 1.704208e+03
1.8 1.578011e+03 1.665291e+03 1.657937e+03 1.570656e+03
2.8 1.661522e+03 1.662213e+03 1.657958e+03 1.657267e+03
3.8 1.669885e+03 1.663830e+03 1.658104e+03 1.664159e+03
4.8 1.680281e+03 1.658922e+03 1.658398e+03 1.679756e+03
5.8 1.700378e+03 1.669524e+03 1.658701e+03 1.689555e+03
6.8 1.672783e+03 1.676583e+03 1.658370e+03 1.654571e+03
7.8 1.649572e+03 1.664243e+03 1.657961e+03 1.643289e+03
8.8 1.634389e+03 1.648106e+03 1.657720e+03 1.644002e+03
9.8 1.666362e+03 1.663237e+03 1.657474e+03 1.660599e+03
10.8 1.677131e+03 1.639069e+03 1.657583e+03 1.695646e+03
11.8 1.712384e+03 1.658780e+03 1.657886e+03 1.711489e+03
12.8 1.665610e+03 1.684334e+03 1.658117e+03 1.639394e+03
13.8 1.666566e+03 1.659992e+03 1.658237e+03 1.664811e+03
14.8 1.659181e+03 1.651804e+03 1.658282e+03 1.665658e+03
15.8 1.697484e+03 1.646411e+03 1.658285e+03 1.709358e+03
16.8 1.653465e+03 1.649383e+03 1.658269e+03 1.662351e+03
17.8 1.529871e+03 1.619561e+03 1.658257e+03 1.568567e+03
0.1 1.578011e+03 1.665291e+03 1.657937e+03 1.570656e+03
1.1 1.661522e+03 1.662213e+03 1.657958e+03 1.657267e+03
2.1 1.669885e+03 1.663830e+03 1.658104e+03 1.664159e+03
3.1 1.680281e+03 1.658922e+03 1.658398e+03 1.679756e+03
4.1 1.700378e+03 1.669524e+03 1.658701e+03 1.689555e+03
5.1 1.672783e+03 1.676583e+03 1.658370e+03 1.654571e+03
6.1 1.649572e+03 1.664243e+03 1.657961e+03 1.643289e+03
7.1 1.634389e+03 1.648106e+03 1.657720e+03 1.644002e+03
8.1 1.666362e+03 1.663237e+03 1.657474e+03 1.660599e+03
9.1 1.677131e+03 1.639069e+03 1.657583e+03 1.695646e+03
10.1 1.712384e+03 1.658780e+03 1.657886e+03 1.711489e+03
11.1 1.665610e+03 1.684334e+03 1.658117e+03 1.639394e+03
12.1 1.666566e+03 1.659992e+03 1.658237e+03 1.664811e+03
13.1 1.659181e+03 1.651804e+03 1.658282e+03 1.665658e+03
14.1 1.697484e+03 1.646411e+03 1.658285e+03 1.709358e+03
15.1 1.653465e+03 1.649383e+03 1.658269e+03 1.662351e+03
16.1 1.529871e+03 1.619561e+03 1.658257e+03 1.568567e+03
17.1 1.653835e+03 1.629664e+03 1.658499e+03 1.682670e+03
0.5 1.669885e+03 1.663830e+03 1.658104e+03 1.664159e+03
1.5 1.680281e+03 1.658922e+03 1.658398e+03 1.679756e+03
2.5 1.700378e+03 1.669524e+03 1.658701e+03 1.689555e+03
3.5 1.672783e+03 1.676583e+03 1.658370e+03 1.654571e+03
4.5 1.649572e+03 1.664243e+03 1.657961e+03 1.643289e+03
5.5 1.634389e+03 1.648106e+03 1.657720e+03 1.644002e+03
6.5 1.666362e+03 1.663237e+03 1.657474e+03 1.660599e+03
7.5 1.677131e+03 1.639069e+03 1.657583e+03 1.695646e+03
8.5 1.712384e+03 1.658780e+03 1.657886e+03 1.711489e+03
9.5 1.665610e+03 1.684334e+03 1.658117e+03 1.639394e+03
10.5 1.666566e+03 1.659992e+03 1.658237e+03 1.664811e+03
11.5 1.659181e+03 1.651804e+03 1.658282e+03 1.665658e+03
12.5 1.697484e+03 1.646411e+03 1.658285e+03 1.709358e+03
13.5 1.653465e+03 1.649383e+03 1.658269e+03 1.662351e+03
14.5 1.529871e+03 1.619561e+03 1.658257e+03 1.568567e+03
15.5 1.653835e+03 1.629664e+03 1.658499e+03 1.682670e+03
16.5 1.628324e+03 1.620427e+03 1.659000e+03 1.666897e+03
17.5 1.637785e+03 1.660045e+03 1.659014e+03 1.636754e+03
0.6 1.680281e+03 1.658922e+03 1.658398e+03 1.679756e+03
1.6 1.700378e+03 1.669524e+03 1.658701e+03 1.689555e+03
2.6 1.672783e+03 1.676583e+03 1.658370e+03 1.654571e+03
3.6 1.649572e+03 1.664243e+03 1.657961e+03 1.643289e+03
4.6 1.634389e+03 1.648106e+03 1.657720e+03 1.644002e+03
5.6 1.666362e+03 1.663237e+03 1.657474e+03 1.660599e+03
6.6 1.677131e+03 1.639069e+03 1.657583e+03 1.695646e+03
7.6 1.712384e+03 1.658780e+03 1.657886e+03 1.711489e+03
8.6 1.665610e+03 1.684334e+03 1.658117e+03 1.639394e+03
9.6 1.666566e+03 1.659992e+03 1.658237e+03 1.664811e+03
10.6 1.659181e+03 1.651804e+03 1.658282e+03 1.665658e+03
11.6 1.697484e+03 1.646411e+03 1.658285e+03 1.709358e+03
12.6 1.653465e+03 1.649383e+03 1.658269e+03 1.662351e+03
13.6 1.529871e+03 1.619561e+03 1.658257e+03 1.568567e+03
14.6 1.653835e+03 1.629664e+03 1.658499e+03 1.682670e+03
15.6 1.628324e+03 1.620427e+03 1.659000e+03 1.666897e+03
16.6 1.637785e+03 1.660045e+03 1.659014e+03 1.636754e+03
17.6 1.656078e+03 1.672430e+03 1.658646e+03 1.642294e+03
0.7 1.700378e+03 1.669524e+03 1.658701e+03 1.689555e+03
1.7 1.672783e+03 1.676583e+03 1.658370e+03 1.654571e+03
2.7 1.649572e+03 1.664243e+03 1.657961e+03 1.643289e+03
3.7 1.634389e+03 1.648106e+03 1.657720e+03 1.644002e+03
4.7 1.666362e+03 1.663237e+03 1.657474e+03 1.660599e+03
5.7 1.677131e+03 1.639069e+03 1.657583e+03 1.695646e+03
6.7 1.712384e+03 1.658780e+03 1.657886e+03 1.711489e+03
7.7 1.665610e+03 1.684334e+03 1.658117e+03 1.639394e+03
8.7 1.666566e+03 1.659992e+03 1.658237e+03 1.664811e+03
9.7 1.659181e+03 1.651804e+03 1.658282e+03 1.665658e+03
10.7 1.697484e+03 1.646411e+03 1.658285e+03 1.709358e+03
11.7 1.653465e+03 1.649383e+03 1.658269e+03 1.662351e+03
12.7 1.529871e+03 1.619561e+03 1.658257e+03 1.568567e+03
13.7 1.653835e+03 1.629664e+03 1.658499e+03 1.682670e+03
14.7 1.628324e+03 1.620427e+03 1.659000e+03 1.666897e+03
15.7 1.637785e+03 1.660045e+03 1.659014e+03 1.636754e+03
16.7 1.656078e+03 1.672430e+03 1.658646e+03 1.642294e+03
17.7 1.678223e+03 1.684669e+03 1.658325e+03 1.651879e+03
0.2 1.672783e+03 1.676583e+03 1.658370e+03 1.654571e+03
1.2 1.649572e+03 1.664243e+03 1.657961e+03 1.643289e+03
2.2 1.634389e+03 1.648106e+03 1.657720e+03 1.644002e+03
3.2 1.666362e+03 1.663237e+03 1.657474e+03 1.660599e+03
4.2 1.677131e+03 1.639069e+03 1.657583e+03 1.695646e+03
5.2 1.712384e+03 1.658780e+03 1.657886e+03 1.711489e+03
6.2 1.665610e+03 1.684334e+03 1.658117e+03 1.639394e+03
7.2 1.666566e+03 1.659992e+03 1.658237e+03 1.664811e+03
8.2 1.659181e+03 1.651804e+03 1.658282e+03 1.665658e+03
9.2 1.697484e+03 1.646411e+03 1.658285e+03 1.709358e+03
10.2 1.653465e+03 1.649383e+03 1.658269e+03 1.662351e+03
11.2 1.529871e+03 1.619561e+03 1.658257e+03 1.568567e+03
12.2 1.653835e+03 1.629664e+03 1.658499e+03 1.682670e+03
13.2 1.628324e+03 1.620427e+03 1.659000e+03 1.666897e+03
14.2 1.637785e+03 1.660045e+03 1.659014e+03 1.636754e+03
15.2 1.656078e+03 1.672430e+03 1.658646e+03 1.642294e+03
16.2 1.678223e+03 1.684669e+03 1.658325e+03 1.651879e+03
17.2 1.696773e+03 1.692956e+03 1.657928e+03 1.661746e+03
0.7 1.653835e+03 1.629664e+03 1.658499e+03 1.682670e+03
1.7 1.628324e+03 1.620427e+03 1.659000e+03 1.666897e+03
2.7 1.637785e+03 1.660045e+03 1.659014e+03 1.636754e+03
3.7 1.656078e+03 1.672430e+03 1.658646e+03 1.642294e+03
4.7 1.678223e+03 1.684669e+03 1.658325e+03 1.651879e+03
5.7 1.696773e+03 1.692956e+03 1.657928e+03 1.661746e+03
6.7 1.603654e+03 1.669320e+03 1.657926e+03 1.592260e+03
7.7 1.706030e+03 1.665716e+03 1.658259e+03 1.698574e+03
8.7 1.678060e+03 1.687168e+03 1.658328e+03 1.649220e+03
9.7 1.627856e+03 1.682224e+03 1.658141e+03 1.603773e+03
10.7 1.744651e+03 1.667394e+03 1.658181e+03 1.735438e+03
11.7 1.666919e+03 1.661107e+03 1.658261e+03 1.664072e+03
12.7 1.627230e+03 1.662147e+03 1.658076e+03 1.623159e+03
13.7 1.738200e+03 1.670175e+03 1.658181e+03 1.726206e+03
14.7 1.637719e+03 1.654315e+03 1.658358e+03 1.641763e+03
15.7 1.600159e+03 1.656666e+03 1.657985e+03 1.601478e+03
16.7 1.680855e+03 1.654176e+03 1.657607e+03 1.684286e+03
17.7 1.614542e+03 1.645093e+03 1.657725e+03 1.627173e+03
0.7 1.628324e+03 1.620427e+03 1.659000e+03 1.666897e+03
1.7 1.637785e+03 1.660045e+03 1.659014e+03 1.636754e+03
2.7 1.656078e+03 1.672430e+03 1.658646e+03 1.642294e+03
3.7 1.678223e+03 1.684669e+03 1.658325e+03 1.651879e+03
4.7 1.696773e+03 1.692956e+03 1.657928e+03 1.661746e+03
5.7 1.603654e+03 1.669320e+03 1.657926e+03 1.592260e+03
6.7 1.706030e+03 1.665716e+03 1.658259e+03 1.698574e+03
7.7 1.678060e+03 1.687168e+03 1.658328e+03 1.649220e+03
8.7 1.627856e+03 1.682224e+03 1.658141e+03 1.603773e+03
9.7 1.744651e+03 1.667394e+03 1.658181e+03 1.735438e+03
10.7 1.666919e+03 1.661107e+03 1.658261e+03 1.664072e+03
11.7 1.627230e+03 1.662147e+03 1.658076e+03 1.623159e+03
12.7 1.738200e+03 1.670175e+03 1.658181e+03 1.726206e+03
13.7 1.637719e+03 1.654315e+03 1.658358e+03 1.641763e+03
14.7 1.600159e+03 1.656666e+03 1.657985e+03 1.601478e+03
15.7 1.680855e+03 1.654176e+03 1.657607e+03 1.684286e+03
16.7 1.614542e+03 1.645093e+03 1.657725e+03 1.627173e+03
17.7 1.598332e+03 1.651717e+03 1.658003e+03 1.604618e+03
0.4 1.637785e+03 1.660045e+03 1.659014e+03 1.636754e+03
1.4 1.656078e+03 1.672430e+03 1.658646e+03 1.642294e+03
2.4 1.678223e+03 1.684669e+03 1.658325e+03 1.651879e+03
3.4 1.696773e+03 1.692956e+03 1.657928e+03 1.661746e+03
4.4 1.603654e+03 1.669320e+03 1.657926e+03 1.592260e+03
5.4 1.706030e+03 1.665716e+03 1.658259e+03 1.698574e+03
6.4 1.678060e+03 1.687168e+03 1.658328e+03 1.649220e+03
7.4 1.627856e+03 1.682224e+03 1.658141e+03 1.603773e+03
8.4 1.744651e+03 1.667394e+03 1.658181e+03 1.735438e+03
9.4 1.666919e+03 1.661107e+03 1.658261e+03 1.664072e+03
10.4 1.627230e+03 1.662147e+03 1.658076e+03 1.623159e+03
11.4 1.738200e+03 1.670175e+03 1.658181e+03 1.726206e+03
12.4 1.637719e+03 1.654315e+03 1.658358e+03 1.641763e+03
13.4 1.600159e+03 1.656666e+03 1.657985e+03 1.601478e+03
14.4 1.680855e+03 1.654176e+03 1.657607e+03 1.684286e+03
15.4 1.614542e+03 1.645093e+03 1.657725e+03 1.627173e+03
16.4 1.598332e+03 1.651717e+03 1.658003e+03 1.604618e+03
17.4 1.669811e+03 1.654969e+03 1.658198e+03 1.673039e+03
0.4 1.656078e+03 1.672430e+03 1.658646e+03 1.642294e+03
1.4 1.678223e+03 1.684669e+03 1.658325e+03 1.651879e+03
2.4 1.696773e+03 1.692956e+03 1.657928e+03 1.661746e+03
3.4 1.603654e+03 1.669320e+03 1.657926e+03 1.592260e+03
4.4 1.706030e+03 1.665716e+03 1.658259e+03 1.698574e+03
5.4 1.678060e+03 1.687168e+03 1.658328e+03 1.649220e+03
6.4 1.627856e+03 1.682224e+03 1.658141e+03 1.603773e+03
7.4 1.744651e+03 1.667394e+03 1.658181e+03 1.735438e+03
8.4 1.666919e+03 1.661107e+03 1.658261e+03 1.664072e+03
9.4 1.627230e+03 1.662147e+03 1.658076e+03 1.623159e+03
10.4 1.738200e+03 1.670175e+03 1.658181e+03 1.726206e+03
11.4 1.637719e+03 1.654315e+03 1.658358e+03 1.641763e+03
12.4 1.600159e+03 1.656666e+03 1.657985e+03 1.601478e+03
13.4 1.680855e+03 1.654176e+03 1.657607e+03 1.684286e+03
14.4 1.614542e+03 1.645093e+03 1.657725e+03 1.627173e+03
15.4 1.598332e+03 1.651717e+03 1.658003e+03 1.604618e+03
16.4 1.669811e+03 1.654969e+03 1.658198e+03 1.673039e+03
17.4 1.642953e+03 1.659448e+03 1.658299e+03 1.641804e+03
0.5 1.696773e+03 1.692956e+03 1.657928e+03 1.661746e+03
1.5 1.603654e+03 1.669320e+03 1.657926e+03 1.592260e+03
2.5 1.706030e+03 1.665716e+03 1.658259e+03 1.698574e+03
3.5 1.678060e+03 1.687168e+03 1.658328e+03 1.649220e+03
4.5 1.627856e+03 1.682224e+03 1.658141e+03 1.603773e+03
5.5 1.744651e+03 1.667394e+03 1.658181e+03 1.735438e+03
6.5 1.666919e+03 1.661107e+03 1.658261e+03 1.664072e+03
7.5 1.627230e+03 1.662147e+03 1.658076e+03 1.623159e+03
8.5 1.738200e+03 1.670175e+03 1.658181e+03 1.726206e+03
9.5 1.637719e+03 1.654315e+03 1.658358e+03 1.641763e+03
10.5 1.600159e+03 1.656666e+03 1.657985e+03 1.601478e+03
11.5 1.680855e+03 1.654176e+03 1.657607e+03 1.684286e+03
12.5 1.614542e+03 1.645093e+03 1.657725e+03 1.627173e+03
13.5 1.598332e+03 1.651717e+03 1.658003e+03 1.604618e+03
14.5 1.669811e+03 1.654969e+03 1.658198e+03 1.673039e+03
15.5 1.642953e+03 1.659448e+03 1.658299e+03 1.641804e+03
16.5 1.670302e+03 1.653138e+03 1.658341e+03 1.675504e+03
17.5 1.671825e+03 1.646827e+03 1.658348e+03 1.683347e+03
0.3 1.603654e+03 1.669320e+03 1.657926e+03 1.592260e+03
1.3 1.706030e+03 1.665716e+03 1.658259e+03 1.698574e+03
2.3 1.678060e+03 1.687168e+03 1.658328e+03 1.649220e+03
3.3 1.627856e+03 1.682224e+03 1.658141e+03 1.603773e+03
4.3 1.744651e+03 1.667394e+03 1.658181e+03 1.735438e+03
5.3 1.666919e+03 1.661107e+03 1.658261e+03 1.664072e+03
6.3 1.627230e+03 1.662147e+03 1.658076e+03 1.623159e+03
7.3 1.738200e+03 1.670175e+03 1.658181e+03 1.726206e+03
8.3 1.637719e+03 1.654315e+03 1.658358e+03 1.641763e+03
9.3 1.600159e+03 1.656666e+03 1.657985e+03 1.601478e+03
10.3 1.680855e+03 1.654176e+03 1.657607e+03 1.684286e+03
11.3 1.614542e+03 1.645093e+03 1.657725e+03 1.627173e+03
12.3 1.598332e+03 1.651717e+03 1.658003e+03 1.604618e+03
13.3 1.669811e+03 1.654969e+03 1.658198e+03 1.673039e+03
14.3 1.642953e+03 1.659448e+03 1.658299e+03 1.641804e+03
15.3 1.670302e+03 1.653138e+03 1.658341e+03 1.675504e+03
16.3 1.671825e+03 1.646827e+03 1.658348e+03 1.683347e+03
17.3 1.647580e+03 1.637680e+03 1.658338e+03 1.668238e+03
0.2 1.706030e+03 1.665716e+03 1.658259e+03 1.698574e+03
1.2 1.678060e+03 1.687168e+03 1.658328e+03 1.649220e+03
2.2 1.627856e+03 1.682224e+03 1.658141e+03 1.603773e+03
3.2 1.744651e+03 1.667394e+03 1.658181e+03 1.735438e+03
4.2 1.666919e+03 1.661107e+03 1.658261e+03 1.664072e+03
5.2 1.627230e+03 1.662147e+03 1.658076e+03 1.623159e+03
6.2 1.738200e+03 1.670175e+03 1.658181e+03 1.726206e+03
7.2 1.637719e+03 1.654315e+03 1.658358e+03 1.641763e+03
8.2 1.600159e+03 1.656666e+03 1.657985e+03 1.601478e+03
9.2 1.680855e+03 1.654176e+03 1.657607e+03 1.684286e+03
10.2 1.614542e+03 1.645093e+03 1.657725e+03 1.627173e+03
11.2 1.598332e+03 1.651717e+03 1.658003e+03 1.604618e+03
12.2 1.669811e+03 1.654969e+03 1.658198e+03 1.673039e+03
13.2 1.642953e+03 1.659448e+03 1.658299e+03 1.641804e+03
14.2 1.670302e+03 1.653138e+03 1.658341e+03 1.675504e+03
15.2 1.671825e+03 1.646827e+03 1.658348e+03 1.683347e+03
16.2 1.647580e+03 1.637680e+03 1.658338e+03 1.668238e+03
17.2 1.639410e+03 1.668678e+03 1.658323e+03 1.629056e+03
0.6 1.627856e+03 1.682224e+03 1.658141e+03 1.603773e+03
1.6 1.744651e+03 1.667394e+03 1.658181e+03 1.735438e+03
2.6 1.666919e+03 1.661107e+03 1.658261e+03 1.664072e+03
3.6 1.627230e+03 1.662147e+03 1.658076e+03 1.623159e+03
4.6 1.738200e+03 1.670175e+03 1.658181e+03 1.726206e+03
5.6 1.637719e+03 1.654315e+03 1.658358e+03 1.641763e+03
6.6 1.600159e+03 1.656666e+03 1.657985e+03 1.601478e+03
7.6 1.680855e+03 1.654176e+03 1.657607e+03 1.684286e+03
8.6 1.614542e+03 1.645093e+03 1.657725e+03 1.627173e+03
9.6 1.598332e+03 1.651717e+03 1.658003e+03 1.604618e+03
10.6 1.669811e+03 1.654969e+03 1.658198e+03 1.673039e+03
11.6 1.642953e+03 1.659448e+03 1.658299e+03 1.641804e+03
12.6 1.670302e+03 1.653138e+03 1.658341e+03 1.675504e+03
13.6 1.671825e+03 1.646827e+03 1.658348e+03 1.683347e+03
14.6 1.647580e+03 1.637680e+03 1.658338e+03 1.668238e+03
15.6 1.639410e+03 1.668678e+03 1.658323e+03 1.629056e+03
16.6 1.665618e+03 1.664424e+03 1.658312e+03 1.659505e+03
17.6 1.690752e+03 1.655766e+03 1.658305e+03 1.693291e+03
0.4 1.744651e+03 1.667394e+03 1.658181e+03 1.735438e+03
1.4 1.666919e+03 1.661107e+03 1.658261e+03 1.664072e+03
2.4 1.627230e+03 1.662147e+03 1.658076e+03 1.623159e+03
3.4 1.738200e+03 1.670175e+03 1.658181e+03 1.726206e+03
4.4 1.637719e+03 1.654315e+03 1.658358e+03 1.641763e+03
5.4 1.600159e+03 1.656666e+03 1.657985e+03 1.601478e+03
6.4 1.680855e+03 1.654176e+03 1.657607e+03 1.684286e+03
7.4 1.614542e+03 1.645093e+03 1.657725e+03 1.627173e+03
8.4 1.598332e+03 1.651717e+03 1.658003e+03 1.604618e+03
9.4 1.669811e+03 1.654969e+03 1.658198e+03 1.673039e+03
10.4 1.642953e+03 1.659448e+03 1.658299e+03 1.641804e+03
11.4 1.670302e+03 1.653138e+03 1.658341e+03 1.675504e+03
12.4 1.671825e+03 1.646827e+03 1.658348e+03 1.683347e+03
13.4 1.647580e+03 1.637680e+03 1.658338e+03 1.668238e+03
14.4 1.639410e+03 1.668678e+03 1.658323e+03 1.629056e+03
15.4 1.665618e+03 1.664424e+03 1.658312e+03 1.659505e+03
16.4 1.690752e+03 1.655766e+03 1.658305e+03 1.693291e+03
17.4 1.647913e+03 1.653600e+03 1.658302e+03 1.652614e+03
0.6 1.627230e+03 1.662147e+03 1.658076e+03 1.623159e+03
1.6 1.738200e+03 1.670175e+03 1.658181e+03 1.726206e+03
2.6 1.637719e+03 1.654315e+03 1.658358e+03 1.641763e+03
3.6 1.600159e+03 1.656666e+03 1.657985e+03 1.601478e+03
4.6 1.680855e+03 1.654176e+03 1.657607e+03 1.684286e+03
5.6 1.614542e+03 1.645093e+03 1.657725e+03 1.627173e+03
6.6 1.598332e+03 1.651717e+03 1.658003e+03 1.604618e+03
7.6 1.669811e+03 1.654969e+03 1.658198e+03 1.673039e+03
8.6 1.642953e+03 1.659448e+03 1.658299e+03 1.641804e+03
9.6 1.670302e+03 1.653138e+03 1.658341e+03 1.675504e+03
10.6 1.671825e+03 1.646827e+03 1.658348e+03 1.683347e+03
11.6 1.647580e+03 1.637680e+03 1.658338e+03 1.668238e+03
12.6 1.639410e+03 1.668678e+03 1.658323e+03 1.629056e+03
13.6 1.665618e+03 1.664424e+03 1.658312e+03 1.659505e+03
14.6 1.690752e+03 1.655766e+03 1.658305e+03 1.693291e+03
15.6 1.647913e+03 1.653600e+03 1.658302e+03 1.652614e+03
16.6 1.684994e+03 1.658119e+03 1.658301e+03 1.685176e+03
0.4 1.738200e+03 1.670175e+03 1.658181e+03 1.726206e+03
1.4 1.637719e+03 1.654315e+03 1.658358e+03 1.641763e+03
2.4 1.600159e+03 1.656666e+03 1.657985e+03 1.601478e+03
3.4 1.680855e+03 1.654176e+03 1.657607e+03 1.684286e+03
4.4 1.614542e+03 1.645093e+03 1.657725e+03 1.627173e+03
5.4 1.598332e+03 1.651717e+03 1.658003e+03 1.604618e+03
6.4 1.669811e+03 1.654969e+03 1.658198e+03 1.673039e+03
7.4 1.642953e+03 1.659448e+03 1.658299e+03 1.641804e+03
8.4 1.670302e+03 1.653138e+03 1.658341e+03 1.675504e+03
9.4 1.671825e+03 1.646827e+03 1.658348e+03 1.683347e+03
10.4 1.647580e+03 1.637680e+03 1.658338e+03 1.668238e+03
11.4 1.639410e+03 1.668678e+03 1.658323e+03 1.629056e+03
12.4 1.665618e+03 1.664424e+03 1.658312e+03 1.659505e+03
13.4 1.690752e+03 1.655766e+03 1.658305e+03 1.693291e+03
14.4 1.647913e+03 1.653600e+03 1.658302e+03 1.652614e+03
15.4 1.684994e+03 1.658119e+03 1.658301e+03 1.685176e+03
