0.7 1.696965e+03 1.679129e+03 1.659145e+03 1.676981e+03
1.7 1.685043e+03 1.675812e+03 1.651187e+03 1.660419e+03
2.7 1.668964e+03 1.634782e+03 1.644394e+03 1.678576e+03
3.7 1.535341e+03 1.621610e+03 1.648236e+03 1.561967e+03
4.7 1.675055e+03 1.639334e+03 1.654260e+03 1.689981e+03
5.7 1.588544e+03 1.651982e+03 1.658131e+03 1.594692e+03
6.7 1.644170e+03 1.649511e+03 1.660010e+03 1.654669e+03
7.7 1.674873e+03 1.634649e+03 1.660663e+03 1.700887e+03
8.7 1.741006e+03 1.639721e+03 1.660613e+03 1.761899e+03
9.7 1.590307e+03 1.636833e+03 1.660257e+03 1.613731e+03
10.7 1.605330e+03 1.643845e+03 1.659867e+03 1.621352e+03
11.7 1.629423e+03 1.658326e+03 1.659568e+03 1.630664e+03
12.7 1.695821e+03 1.642888e+03 1.659376e+03 1.712308e+03
13.7 1.558095e+03 1.632594e+03 1.659264e+03 1.584765e+03
14.7 1.650817e+03 1.627752e+03 1.659200e+03 1.682264e+03
15.7 1.699110e+03 1.652568e+03 1.659161e+03 1.705702e+03
16.7 1.646770e+03 1.656624e+03 1.659135e+03 1.649282e+03
17.7 1.671715e+03 1.672495e+03 1.659118e+03 1.658338e+03
0.5 1.700414e+03 1.668113e+03 1.659279e+03 1.691580e+03
1.5 1.651200e+03 1.681139e+03 1.653128e+03 1.623189e+03
2.5 1.668271e+03 1.659822e+03 1.645425e+03 1.653873e+03
3.5 1.611161e+03 1.638109e+03 1.648050e+03 1.621102e+03
4.5 1.650048e+03 1.635020e+03 1.653806e+03 1.668834e+03
5.5 1.614536e+03 1.638847e+03 1.657731e+03 1.633419e+03
6.5 1.663402e+03 1.630726e+03 1.659686e+03 1.692362e+03
7.5 1.717691e+03 1.654641e+03 1.660411e+03 1.723462e+03
8.5 1.693571e+03 1.672026e+03 1.660423e+03 1.681969e+03
9.5 1.589781e+03 1.674241e+03 1.660102e+03 1.575642e+03
10.5 1.719905e+03 1.675065e+03 1.659720e+03 1.704559e+03
11.5 1.676008e+03 1.675242e+03 1.659412e+03 1.660178e+03
12.5 1.684285e+03 1.672338e+03 1.659204e+03 1.671151e+03
13.5 1.645279e+03 1.668909e+03 1.659074e+03 1.635444e+03
14.5 1.671322e+03 1.665648e+03 1.658990e+03 1.664665e+03
15.5 1.646870e+03 1.665571e+03 1.658935e+03 1.640234e+03
16.5 1.639876e+03 1.672588e+03 1.658896e+03 1.626185e+03
17.5 1.697344e+03 1.682085e+03 1.658865e+03 1.674125e+03
1.0 1.689232e+03 1.668431e+03 1.659205e+03 1.680006e+03
2.0 1.685931e+03 1.654978e+03 1.649444e+03 1.680398e+03
3.0 1.591917e+03 1.638071e+03 1.645675e+03 1.599521e+03
4.0 1.745741e+03 1.667087e+03 1.650954e+03 1.729608e+03
5.0 1.657985e+03 1.673141e+03 1.656646e+03 1.641490e+03
6.0 1.727682e+03 1.679328e+03 1.660007e+03 1.708361e+03
7.0 1.582507e+03 1.666468e+03 1.661580e+03 1.577618e+03
8.0 1.668399e+03 1.663686e+03 1.662071e+03 1.666785e+03
9.0 1.681711e+03 1.656527e+03 1.661462e+03 1.686647e+03
10.0 1.695014e+03 1.682448e+03 1.652711e+03 1.665278e+03
11.0 1.634507e+03 1.666286e+03 1.647209e+03 1.615430e+03
12.0 1.631105e+03 1.656764e+03 1.651239e+03 1.625580e+03
13.0 1.633577e+03 1.648124e+03 1.656616e+03 1.642069e+03
14.0 1.637918e+03 1.646913e+03 1.659944e+03 1.650948e+03
15.0 1.700374e+03 1.660538e+03 1.661530e+03 1.701366e+03
16.0 1.703484e+03 1.662222e+03 1.662051e+03 1.703312e+03
17.0 1.640753e+03 1.655547e+03 1.661968e+03 1.647174e+03
18.0 1.685140e+03 1.646556e+03 1.661639e+03 1.700223e+03
0.8 1.681711e+03 1.656527e+03 1.661462e+03 1.686647e+03
1.8 1.695014e+03 1.682448e+03 1.652711e+03 1.665278e+03
2.8 1.634507e+03 1.666286e+03 1.647209e+03 1.615430e+03
3.8 1.631105e+03 1.656764e+03 1.651239e+03 1.625580e+03
4.8 1.633577e+03 1.648124e+03 1.656616e+03 1.642069e+03
5.8 1.637918e+03 1.646913e+03 1.659944e+03 1.650948e+03
6.8 1.700374e+03 1.660538e+03 1.661530e+03 1.701366e+03
7.8 1.703484e+03 1.662222e+03 1.662051e+03 1.703312e+03
8.8 1.640753e+03 1.655547e+03 1.661968e+03 1.647174e+03
9.8 1.685140e+03 1.646556e+03 1.661639e+03 1.700223e+03
10.8 1.703436e+03 1.673489e+03 1.661300e+03 1.691247e+03
11.8 1.622738e+03 1.660362e+03 1.661054e+03 1.623430e+03
12.8 1.592500e+03 1.621031e+03 1.660909e+03 1.632378e+03
13.8 1.609019e+03 1.608269e+03 1.660835e+03 1.661585e+03
14.8 1.642970e+03 1.615788e+03 1.660804e+03 1.687986e+03
15.8 1.640239e+03 1.656389e+03 1.660794e+03 1.644643e+03
16.8 1.685980e+03 1.668459e+03 1.660794e+03 1.678315e+03
17.8 1.694423e+03 1.678307e+03 1.659098e+03 1.675215e+03
0.0 1.685980e+03 1.668459e+03 1.660794e+03 1.678315e+03
1.0 1.694423e+03 1.678307e+03 1.659098e+03 1.675215e+03
2.0 1.589807e+03 1.643591e+03 1.648903e+03 1.595120e+03
3.0 1.650120e+03 1.665070e+03 1.646298e+03 1.631348e+03
4.0 1.686759e+03 1.696343e+03 1.651894e+03 1.642310e+03
5.0 1.684568e+03 1.656842e+03 1.657341e+03 1.685067e+03
6.0 1.666233e+03 1.649153e+03 1.660455e+03 1.677534e+03
7.0 1.683695e+03 1.649408e+03 1.661871e+03 1.696158e+03
8.0 1.609818e+03 1.654102e+03 1.662271e+03 1.617986e+03
9.0 1.669015e+03 1.651257e+03 1.662120e+03 1.679878e+03
10.0 1.635024e+03 1.656576e+03 1.661777e+03 1.640225e+03
11.0 1.696905e+03 1.659514e+03 1.661460e+03 1.698850e+03
12.0 1.651985e+03 1.668473e+03 1.661247e+03 1.644759e+03
13.0 1.669217e+03 1.662567e+03 1.661131e+03 1.667781e+03
14.0 1.675056e+03 1.684376e+03 1.660103e+03 1.650783e+03
15.0 1.701774e+03 1.695657e+03 1.650899e+03 1.657016e+03
16.0 1.612134e+03 1.620293e+03 1.647147e+03 1.638987e+03
17.0 1.667726e+03 1.634013e+03 1.651991e+03 1.685705e+03
0.9 1.675056e+03 1.684376e+03 1.660103e+03 1.650783e+03
1.9 1.701774e+03 1.695657e+03 1.650899e+03 1.657016e+03
2.9 1.612134e+03 1.620293e+03 1.647147e+03 1.638987e+03
3.9 1.667726e+03 1.634013e+03 1.651991e+03 1.685705e+03
4.9 1.621487e+03 1.646657e+03 1.657298e+03 1.632128e+03
5.9 1.712576e+03 1.657683e+03 1.660426e+03 1.715319e+03
6.9 1.663848e+03 1.653634e+03 1.661875e+03 1.672089e+03
7.9 1.659151e+03 1.648209e+03 1.662308e+03 1.673250e+03
8.9 1.571378e+03 1.667249e+03 1.662183e+03 1.566313e+03
9.9 1.612871e+03 1.680550e+03 1.661843e+03 1.594164e+03
10.9 1.754431e+03 1.680533e+03 1.658432e+03 1.732331e+03
11.9 1.593651e+03 1.662338e+03 1.647971e+03 1.579283e+03
12.9 1.721963e+03 1.658281e+03 1.647276e+03 1.710958e+03
13.9 1.600278e+03 1.663520e+03 1.653195e+03 1.589953e+03
14.9 1.696268e+03 1.659384e+03 1.658186e+03 1.695070e+03
15.9 1.703262e+03 1.644943e+03 1.660899e+03 1.719218e+03
16.9 1.605017e+03 1.627766e+03 1.662063e+03 1.639315e+03
17.9 1.650033e+03 1.633533e+03 1.662306e+03 1.678807e+03
0.2 1.612871e+03 1.680550e+03 1.661843e+03 1.594164e+03
1.2 1.754431e+03 1.680533e+03 1.658432e+03 1.732331e+03
2.2 1.593651e+03 1.662338e+03 1.647971e+03 1.579283e+03
3.2 1.721963e+03 1.658281e+03 1.647276e+03 1.710958e+03
4.2 1.600278e+03 1.663520e+03 1.653195e+03 1.589953e+03
5.2 1.696268e+03 1.659384e+03 1.658186e+03 1.695070e+03
6.2 1.703262e+03 1.644943e+03 1.660899e+03 1.719218e+03
7.2 1.605017e+03 1.627766e+03 1.662063e+03 1.639315e+03
8.2 1.650033e+03 1.633533e+03 1.662306e+03 1.678807e+03
9.2 1.662183e+03 1.668098e+03 1.662074e+03 1.656159e+03
10.2 1.671840e+03 1.675256e+03 1.661702e+03 1.658287e+03
11.2 1.623483e+03 1.661158e+03 1.661383e+03 1.623707e+03
12.2 1.643733e+03 1.668425e+03 1.661175e+03 1.636482e+03
13.2 1.679033e+03 1.636139e+03 1.661065e+03 1.703959e+03
14.2 1.597563e+03 1.650800e+03 1.661018e+03 1.607781e+03
15.2 1.689881e+03 1.646393e+03 1.661005e+03 1.704493e+03
16.2 1.728164e+03 1.671469e+03 1.660699e+03 1.717395e+03
17.2 1.670324e+03 1.670532e+03 1.652896e+03 1.652689e+03
0.7 1.728164e+03 1.671469e+03 1.660699e+03 1.717395e+03
1.7 1.670324e+03 1.670532e+03 1.652896e+03 1.652689e+03
2.7 1.558085e+03 1.624633e+03 1.646926e+03 1.580377e+03
3.7 1.657382e+03 1.636813e+03 1.650791e+03 1.671360e+03
4.7 1.658669e+03 1.663401e+03 1.656429e+03 1.651696e+03
5.7 1.688275e+03 1.663671e+03 1.660010e+03 1.684614e+03
6.7 1.659714e+03 1.663146e+03 1.661757e+03 1.658324e+03
7.7 1.631995e+03 1.653635e+03 1.662377e+03 1.640737e+03
8.7 1.659456e+03 1.644509e+03 1.662358e+03 1.677304e+03
9.7 1.700607e+03 1.650671e+03 1.662067e+03 1.712002e+03
10.7 1.645103e+03 1.662277e+03 1.661749e+03 1.644575e+03
11.7 1.676156e+03 1.680713e+03 1.661514e+03 1.656957e+03
12.7 1.635310e+03 1.693288e+03 1.661064e+03 1.603086e+03
13.7 1.694710e+03 1.662331e+03 1.653177e+03 1.685556e+03
14.7 1.734128e+03 1.667010e+03 1.647149e+03 1.714268e+03
15.7 1.664052e+03 1.679197e+03 1.650970e+03 1.635826e+03
16.7 1.656911e+03 1.656855e+03 1.656573e+03 1.656629e+03
17.7 1.645121e+03 1.654753e+03 1.660122e+03 1.650490e+03
0.7 1.635310e+03 1.693288e+03 1.661064e+03 1.603086e+03
1.7 1.694710e+03 1.662331e+03 1.653177e+03 1.685556e+03
2.7 1.734128e+03 1.667010e+03 1.647149e+03 1.714268e+03
3.7 1.664052e+03 1.679197e+03 1.650970e+03 1.635826e+03
4.7 1.656911e+03 1.656855e+03 1.656573e+03 1.656629e+03
5.7 1.645121e+03 1.654753e+03 1.660122e+03 1.650490e+03
6.7 1.675170e+03 1.650656e+03 1.661836e+03 1.686350e+03
7.7 1.673914e+03 1.682596e+03 1.660055e+03 1.651373e+03
8.7 1.698682e+03 1.677382e+03 1.650317e+03 1.671618e+03
9.7 1.655480e+03 1.641368e+03 1.648800e+03 1.662912e+03
10.7 1.692323e+03 1.653166e+03 1.653964e+03 1.693121e+03
11.7 1.635653e+03 1.660536e+03 1.658553e+03 1.633670e+03
12.7 1.620406e+03 1.670546e+03 1.661069e+03 1.610928e+03
13.7 1.607634e+03 1.644032e+03 1.662154e+03 1.625756e+03
14.7 1.669250e+03 1.639309e+03 1.662390e+03 1.692331e+03
15.7 1.598612e+03 1.633064e+03 1.662180e+03 1.627728e+03
16.7 1.555757e+03 1.629582e+03 1.661835e+03 1.588010e+03
17.7 1.650048e+03 1.645722e+03 1.661538e+03 1.665864e+03
0.1 1.675170e+03 1.650656e+03 1.661836e+03 1.686350e+03
1.1 1.673914e+03 1.682596e+03 1.660055e+03 1.651373e+03
2.1 1.698682e+03 1.677382e+03 1.650317e+03 1.671618e+03
3.1 1.655480e+03 1.641368e+03 1.648800e+03 1.662912e+03
4.1 1.692323e+03 1.653166e+03 1.653964e+03 1.693121e+03
5.1 1.635653e+03 1.660536e+03 1.658553e+03 1.633670e+03
6.1 1.620406e+03 1.670546e+03 1.661069e+03 1.610928e+03
7.1 1.607634e+03 1.644032e+03 1.662154e+03 1.625756e+03
8.1 1.669250e+03 1.639309e+03 1.662390e+03 1.692331e+03
9.1 1.598612e+03 1.633064e+03 1.662180e+03 1.627728e+03
10.1 1.555757e+03 1.629582e+03 1.661835e+03 1.588010e+03
11.1 1.650048e+03 1.645722e+03 1.661538e+03 1.665864e+03
12.1 1.698480e+03 1.672603e+03 1.661348e+03 1.687225e+03
13.1 1.663849e+03 1.684446e+03 1.661254e+03 1.640658e+03
14.1 1.734393e+03 1.665133e+03 1.661223e+03 1.730483e+03
15.1 1.628024e+03 1.672511e+03 1.661226e+03 1.616739e+03
16.1 1.659052e+03 1.664838e+03 1.661247e+03 1.655461e+03
17.1 1.634459e+03 1.660719e+03 1.661275e+03 1.635015e+03
0.5 1.673084e+03 1.664770e+03 1.661268e+03 1.669582e+03
1.5 1.694406e+03 1.665100e+03 1.654873e+03 1.684179e+03
2.5 1.630769e+03 1.635674e+03 1.646584e+03 1.641679e+03
3.5 1.601030e+03 1.624254e+03 1.649302e+03 1.626078e+03
4.5 1.684319e+03 1.635430e+03 1.655477e+03 1.704365e+03
5.5 1.653073e+03 1.652028e+03 1.659732e+03 1.660776e+03
6.5 1.629776e+03 1.636160e+03 1.661877e+03 1.655493e+03
7.5 1.671186e+03 1.669271e+03 1.662668e+03 1.664583e+03
8.5 1.713267e+03 1.687873e+03 1.657572e+03 1.682965e+03
9.5 1.679762e+03 1.664877e+03 1.648749e+03 1.663634e+03
10.5 1.657621e+03 1.654249e+03 1.650151e+03 1.653522e+03
11.5 1.704618e+03 1.660459e+03 1.655614e+03 1.699772e+03
12.5 1.597072e+03 1.676356e+03 1.659552e+03 1.580268e+03
13.5 1.696441e+03 1.672280e+03 1.661533e+03 1.685694e+03
14.5 1.689260e+03 1.688506e+03 1.662185e+03 1.662938e+03
15.5 1.664744e+03 1.694693e+03 1.656015e+03 1.626066e+03
16.5 1.673805e+03 1.655819e+03 1.647940e+03 1.665925e+03
17.5 1.633480e+03 1.633500e+03 1.650119e+03 1.650098e+03
0.5 1.671186e+03 1.669271e+03 1.662668e+03 1.664583e+03
1.5 1.713267e+03 1.687873e+03 1.657572e+03 1.682965e+03
2.5 1.679762e+03 1.664877e+03 1.648749e+03 1.663634e+03
3.5 1.657621e+03 1.654249e+03 1.650151e+03 1.653522e+03
4.5 1.704618e+03 1.660459e+03 1.655614e+03 1.699772e+03
5.5 1.597072e+03 1.676356e+03 1.659552e+03 1.580268e+03
6.5 1.696441e+03 1.672280e+03 1.661533e+03 1.685694e+03
7.5 1.689260e+03 1.688506e+03 1.662185e+03 1.662938e+03
8.5 1.664744e+03 1.694693e+03 1.656015e+03 1.626066e+03
9.5 1.673805e+03 1.655819e+03 1.647940e+03 1.665925e+03
10.5 1.633480e+03 1.633500e+03 1.650119e+03 1.650098e+03
11.5 1.741342e+03 1.637634e+03 1.655499e+03 1.759207e+03
12.5 1.641716e+03 1.635677e+03 1.659156e+03 1.665195e+03
13.5 1.627546e+03 1.642613e+03 1.660928e+03 1.645860e+03
14.5 1.670208e+03 1.658466e+03 1.661513e+03 1.673254e+03
15.5 1.705361e+03 1.668337e+03 1.661409e+03 1.698433e+03
16.5 1.655571e+03 1.690277e+03 1.660992e+03 1.626286e+03
17.5 1.667911e+03 1.668655e+03 1.660526e+03 1.659782e+03
0.5 1.689260e+03 1.688506e+03 1.662185e+03 1.662938e+03
1.5 1.664744e+03 1.694693e+03 1.656015e+03 1.626066e+03
2.5 1.673805e+03 1.655819e+03 1.647940e+03 1.665925e+03
3.5 1.633480e+03 1.633500e+03 1.650119e+03 1.650098e+03
4.5 1.741342e+03 1.637634e+03 1.655499e+03 1.759207e+03
5.5 1.641716e+03 1.635677e+03 1.659156e+03 1.665195e+03
6.5 1.627546e+03 1.642613e+03 1.660928e+03 1.645860e+03
7.5 1.670208e+03 1.658466e+03 1.661513e+03 1.673254e+03
8.5 1.705361e+03 1.668337e+03 1.661409e+03 1.698433e+03
9.5 1.655571e+03 1.690277e+03 1.660992e+03 1.626286e+03
10.5 1.667911e+03 1.668655e+03 1.660526e+03 1.659782e+03
11.5 1.654595e+03 1.653256e+03 1.660144e+03 1.661483e+03
12.5 1.664622e+03 1.644681e+03 1.659872e+03 1.679813e+03
13.5 1.653930e+03 1.662306e+03 1.659684e+03 1.651307e+03
14.5 1.682418e+03 1.645249e+03 1.659551e+03 1.696719e+03
15.5 1.656406e+03 1.649527e+03 1.659449e+03 1.666328e+03
16.5 1.619418e+03 1.659835e+03 1.659367e+03 1.618950e+03
17.5 1.655154e+03 1.666934e+03 1.659298e+03 1.647518e+03
0.6 1.697484e+03 1.646411e+03 1.659195e+03 1.710269e+03
1.6 1.653465e+03 1.649383e+03 1.652303e+03 1.656385e+03
2.6 1.529871e+03 1.619561e+03 1.645294e+03 1.555604e+03
3.6 1.653835e+03 1.629664e+03 1.648475e+03 1.672646e+03
4.6 1.628324e+03 1.620427e+03 1.654175e+03 1.662071e+03
5.6 1.637785e+03 1.660045e+03 1.657931e+03 1.635671e+03
6.6 1.656078e+03 1.672430e+03 1.659772e+03 1.643421e+03
7.6 1.678223e+03 1.684669e+03 1.660425e+03 1.653979e+03
8.6 1.696773e+03 1.692956e+03 1.660389e+03 1.664207e+03
9.6 1.603654e+03 1.669320e+03 1.660043e+03 1.594377e+03
10.6 1.706030e+03 1.665716e+03 1.659649e+03 1.699964e+03
11.6 1.678060e+03 1.687168e+03 1.659332e+03 1.650225e+03
12.6 1.627856e+03 1.682224e+03 1.659113e+03 1.604745e+03
13.6 1.744651e+03 1.667394e+03 1.658965e+03 1.736222e+03
14.6 1.666919e+03 1.661107e+03 1.658859e+03 1.664671e+03
15.6 1.627230e+03 1.662147e+03 1.658774e+03 1.623856e+03
16.6 1.738200e+03 1.670175e+03 1.658697e+03 1.726722e+03
17.6 1.637719e+03 1.654315e+03 1.658624e+03 1.642029e+03
