0.8 1.596852e+03 1.643347e+03 1.654542e+03 1.608047e+03
1.8 1.596760e+03 1.649393e+03 1.657405e+03 1.604772e+03
2.8 1.671655e+03 1.646981e+03 1.660134e+03 1.684808e+03
3.8 1.672385e+03 1.662560e+03 1.661590e+03 1.671414e+03
4.8 1.674086e+03 1.672327e+03 1.661980e+03 1.663738e+03
5.8 1.655238e+03 1.659954e+03 1.662089e+03 1.657373e+03
6.8 1.709803e+03 1.663242e+03 1.662534e+03 1.709095e+03
7.8 1.630330e+03 1.654442e+03 1.663143e+03 1.639031e+03
8.8 1.651537e+03 1.659548e+03 1.662053e+03 1.654042e+03
9.8 1.737634e+03 1.661977e+03 1.661844e+03 1.737501e+03
10.8 1.648831e+03 1.652955e+03 1.662260e+03 1.658137e+03
11.8 1.650642e+03 1.654066e+03 1.661270e+03 1.657846e+03
12.8 1.621966e+03 1.673555e+03 1.661311e+03 1.609723e+03
13.8 1.712837e+03 1.654888e+03 1.661988e+03 1.719937e+03
14.8 1.703281e+03 1.668232e+03 1.661903e+03 1.696952e+03
15.8 1.649473e+03 1.670173e+03 1.662623e+03 1.641923e+03
16.8 1.632770e+03 1.653105e+03 1.662725e+03 1.642390e+03
17.8 1.598918e+03 1.649608e+03 1.659686e+03 1.608997e+03
0.3 1.596760e+03 1.649393e+03 1.657405e+03 1.604772e+03
1.3 1.671655e+03 1.646981e+03 1.660134e+03 1.684808e+03
2.3 1.672385e+03 1.662560e+03 1.661590e+03 1.671414e+03
3.3 1.674086e+03 1.672327e+03 1.661980e+03 1.663738e+03
4.3 1.655238e+03 1.659954e+03 1.662089e+03 1.657373e+03
5.3 1.709803e+03 1.663242e+03 1.662534e+03 1.709095e+03
6.3 1.630330e+03 1.654442e+03 1.663143e+03 1.639031e+03
7.3 1.651537e+03 1.659548e+03 1.662053e+03 1.654042e+03
8.3 1.737634e+03 1.661977e+03 1.661844e+03 1.737501e+03
9.3 1.648831e+03 1.652955e+03 1.662260e+03 1.658137e+03
10.3 1.650642e+03 1.654066e+03 1.661270e+03 1.657846e+03
11.3 1.621966e+03 1.673555e+03 1.661311e+03 1.609723e+03
12.3 1.712837e+03 1.654888e+03 1.661988e+03 1.719937e+03
13.3 1.703281e+03 1.668232e+03 1.661903e+03 1.696952e+03
14.3 1.649473e+03 1.670173e+03 1.662623e+03 1.641923e+03
15.3 1.632770e+03 1.653105e+03 1.662725e+03 1.642390e+03
16.3 1.598918e+03 1.649608e+03 1.659686e+03 1.608997e+03
17.3 1.637183e+03 1.656014e+03 1.656392e+03 1.637560e+03
0.7 1.672385e+03 1.662560e+03 1.661590e+03 1.671414e+03
1.7 1.674086e+03 1.672327e+03 1.661980e+03 1.663738e+03
2.7 1.655238e+03 1.659954e+03 1.662089e+03 1.657373e+03
3.7 1.709803e+03 1.663242e+03 1.662534e+03 1.709095e+03
4.7 1.630330e+03 1.654442e+03 1.663143e+03 1.639031e+03
5.7 1.651537e+03 1.659548e+03 1.662053e+03 1.654042e+03
6.7 1.737634e+03 1.661977e+03 1.661844e+03 1.737501e+03
7.7 1.648831e+03 1.652955e+03 1.662260e+03 1.658137e+03
8.7 1.650642e+03 1.654066e+03 1.661270e+03 1.657846e+03
9.7 1.621966e+03 1.673555e+03 1.661311e+03 1.609723e+03
10.7 1.712837e+03 1.654888e+03 1.661988e+03 1.719937e+03
11.7 1.703281e+03 1.668232e+03 1.661903e+03 1.696952e+03
12.7 1.649473e+03 1.670173e+03 1.662623e+03 1.641923e+03
13.7 1.632770e+03 1.653105e+03 1.662725e+03 1.642390e+03
14.7 1.598918e+03 1.649608e+03 1.659686e+03 1.608997e+03
15.7 1.637183e+03 1.656014e+03 1.656392e+03 1.637560e+03
16.7 1.621140e+03 1.651748e+03 1.654594e+03 1.623986e+03
17.7 1.617692e+03 1.656293e+03 1.654037e+03 1.615436e+03
0.2 1.674086e+03 1.672327e+03 1.661980e+03 1.663738e+03
1.2 1.655238e+03 1.659954e+03 1.662089e+03 1.657373e+03
2.2 1.709803e+03 1.663242e+03 1.662534e+03 1.709095e+03
3.2 1.630330e+03 1.654442e+03 1.663143e+03 1.639031e+03
4.2 1.651537e+03 1.659548e+03 1.662053e+03 1.654042e+03
5.2 1.737634e+03 1.661977e+03 1.661844e+03 1.737501e+03
6.2 1.648831e+03 1.652955e+03 1.662260e+03 1.658137e+03
7.2 1.650642e+03 1.654066e+03 1.661270e+03 1.657846e+03
8.2 1.621966e+03 1.673555e+03 1.661311e+03 1.609723e+03
9.2 1.712837e+03 1.654888e+03 1.661988e+03 1.719937e+03
10.2 1.703281e+03 1.668232e+03 1.661903e+03 1.696952e+03
11.2 1.649473e+03 1.670173e+03 1.662623e+03 1.641923e+03
12.2 1.632770e+03 1.653105e+03 1.662725e+03 1.642390e+03
13.2 1.598918e+03 1.649608e+03 1.659686e+03 1.608997e+03
14.2 1.637183e+03 1.656014e+03 1.656392e+03 1.637560e+03
15.2 1.621140e+03 1.651748e+03 1.654594e+03 1.623986e+03
16.2 1.617692e+03 1.656293e+03 1.654037e+03 1.615436e+03
17.2 1.706059e+03 1.684501e+03 1.654157e+03 1.675714e+03
0.0 1.655238e+03 1.659954e+03 1.662089e+03 1.657373e+03
1.0 1.709803e+03 1.663242e+03 1.662534e+03 1.709095e+03
2.0 1.630330e+03 1.654442e+03 1.663143e+03 1.639031e+03
3.0 1.651537e+03 1.659548e+03 1.662053e+03 1.654042e+03
4.0 1.737634e+03 1.661977e+03 1.661844e+03 1.737501e+03
5.0 1.648831e+03 1.652955e+03 1.662260e+03 1.658137e+03
6.0 1.650642e+03 1.654066e+03 1.661270e+03 1.657846e+03
7.0 1.621966e+03 1.673555e+03 1.661311e+03 1.609723e+03
8.0 1.712837e+03 1.654888e+03 1.661988e+03 1.719937e+03
9.0 1.703281e+03 1.668232e+03 1.661903e+03 1.696952e+03
10.0 1.649473e+03 1.670173e+03 1.662623e+03 1.641923e+03
11.0 1.632770e+03 1.653105e+03 1.662725e+03 1.642390e+03
12.0 1.598918e+03 1.649608e+03 1.659686e+03 1.608997e+03
13.0 1.637183e+03 1.656014e+03 1.656392e+03 1.637560e+03
14.0 1.621140e+03 1.651748e+03 1.654594e+03 1.623986e+03
15.0 1.617692e+03 1.656293e+03 1.654037e+03 1.615436e+03
16.0 1.706059e+03 1.684501e+03 1.654157e+03 1.675714e+03
17.0 1.648519e+03 1.662297e+03 1.654573e+03 1.640796e+03
0.4 1.630330e+03 1.654442e+03 1.663143e+03 1.639031e+03
1.4 1.651537e+03 1.659548e+03 1.662053e+03 1.654042e+03
2.4 1.737634e+03 1.661977e+03 1.661844e+03 1.737501e+03
3.4 1.648831e+03 1.652955e+03 1.662260e+03 1.658137e+03
4.4 1.650642e+03 1.654066e+03 1.661270e+03 1.657846e+03
5.4 1.621966e+03 1.673555e+03 1.661311e+03 1.609723e+03
6.4 1.712837e+03 1.654888e+03 1.661988e+03 1.719937e+03
7.4 1.703281e+03 1.668232e+03 1.661903e+03 1.696952e+03
8.4 1.649473e+03 1.670173e+03 1.662623e+03 1.641923e+03
9.4 1.632770e+03 1.653105e+03 1.662725e+03 1.642390e+03
10.4 1.598918e+03 1.649608e+03 1.659686e+03 1.608997e+03
11.4 1.637183e+03 1.656014e+03 1.656392e+03 1.637560e+03
12.4 1.621140e+03 1.651748e+03 1.654594e+03 1.623986e+03
13.4 1.617692e+03 1.656293e+03 1.654037e+03 1.615436e+03
14.4 1.706059e+03 1.684501e+03 1.654157e+03 1.675714e+03
15.4 1.648519e+03 1.662297e+03 1.654573e+03 1.640796e+03
16.4 1.662092e+03 1.682554e+03 1.655056e+03 1.634594e+03
17.4 1.698838e+03 1.676515e+03 1.655480e+03 1.677803e+03
0.0 1.651537e+03 1.659548e+03 1.662053e+03 1.654042e+03
1.0 1.737634e+03 1.661977e+03 1.661844e+03 1.737501e+03
2.0 1.648831e+03 1.652955e+03 1.662260e+03 1.658137e+03
3.0 1.650642e+03 1.654066e+03 1.661270e+03 1.657846e+03
4.0 1.621966e+03 1.673555e+03 1.661311e+03 1.609723e+03
5.0 1.712837e+03 1.654888e+03 1.661988e+03 1.719937e+03
6.0 1.703281e+03 1.668232e+03 1.661903e+03 1.696952e+03
7.0 1.649473e+03 1.670173e+03 1.662623e+03 1.641923e+03
8.0 1.632770e+03 1.653105e+03 1.662725e+03 1.642390e+03
9.0 1.598918e+03 1.649608e+03 1.659686e+03 1.608997e+03
10.0 1.637183e+03 1.656014e+03 1.656392e+03 1.637560e+03
11.0 1.621140e+03 1.651748e+03 1.654594e+03 1.623986e+03
12.0 1.617692e+03 1.656293e+03 1.654037e+03 1.615436e+03
13.0 1.706059e+03 1.684501e+03 1.654157e+03 1.675714e+03
14.0 1.648519e+03 1.662297e+03 1.654573e+03 1.640796e+03
15.0 1.662092e+03 1.682554e+03 1.655056e+03 1.634594e+03
16.0 1.698838e+03 1.676515e+03 1.655480e+03 1.677803e+03
17.0 1.604929e+03 1.646096e+03 1.655804e+03 1.614638e+03
0.3 1.648831e+03 1.652955e+03 1.662260e+03 1.658137e+03
1.3 1.650642e+03 1.654066e+03 1.661270e+03 1.657846e+03
2.3 1.621966e+03 1.673555e+03 1.661311e+03 1.609723e+03
3.3 1.712837e+03 1.654888e+03 1.661988e+03 1.719937e+03
4.3 1.703281e+03 1.668232e+03 1.661903e+03 1.696952e+03
5.3 1.649473e+03 1.670173e+03 1.662623e+03 1.641923e+03
6.3 1.632770e+03 1.653105e+03 1.662725e+03 1.642390e+03
7.3 1.598918e+03 1.649608e+03 1.659686e+03 1.608997e+03
8.3 1.637183e+03 1.656014e+03 1.656392e+03 1.637560e+03
9.3 1.621140e+03 1.651748e+03 1.654594e+03 1.623986e+03
10.3 1.617692e+03 1.656293e+03 1.654037e+03 1.615436e+03
11.3 1.706059e+03 1.684501e+03 1.654157e+03 1.675714e+03
12.3 1.648519e+03 1.662297e+03 1.654573e+03 1.640796e+03
13.3 1.662092e+03 1.682554e+03 1.655056e+03 1.634594e+03
14.3 1.698838e+03 1.676515e+03 1.655480e+03 1.677803e+03
15.3 1.604929e+03 1.646096e+03 1.655804e+03 1.614638e+03
16.3 1.633905e+03 1.639241e+03 1.656037e+03 1.650700e+03
17.3 1.720673e+03 1.661640e+03 1.656202e+03 1.715235e+03
0.0 1.650642e+03 1.654066e+03 1.661270e+03 1.657846e+03
1.0 1.621966e+03 1.673555e+03 1.661311e+03 1.609723e+03
2.0 1.712837e+03 1.654888e+03 1.661988e+03 1.719937e+03
3.0 1.703281e+03 1.668232e+03 1.661903e+03 1.696952e+03
4.0 1.649473e+03 1.670173e+03 1.662623e+03 1.641923e+03
5.0 1.632770e+03 1.653105e+03 1.662725e+03 1.642390e+03
6.0 1.598918e+03 1.649608e+03 1.659686e+03 1.608997e+03
7.0 1.637183e+03 1.656014e+03 1.656392e+03 1.637560e+03
8.0 1.621140e+03 1.651748e+03 1.654594e+03 1.623986e+03
9.0 1.617692e+03 1.656293e+03 1.654037e+03 1.615436e+03
10.0 1.706059e+03 1.684501e+03 1.654157e+03 1.675714e+03
11.0 1.648519e+03 1.662297e+03 1.654573e+03 1.640796e+03
12.0 1.662092e+03 1.682554e+03 1.655056e+03 1.634594e+03
13.0 1.698838e+03 1.676515e+03 1.655480e+03 1.677803e+03
14.0 1.604929e+03 1.646096e+03 1.655804e+03 1.614638e+03
15.0 1.633905e+03 1.639241e+03 1.656037e+03 1.650700e+03
16.0 1.720673e+03 1.661640e+03 1.656202e+03 1.715235e+03
17.0 1.621959e+03 1.656264e+03 1.656321e+03 1.622017e+03
0.5 1.712837e+03 1.654888e+03 1.661988e+03 1.719937e+03
1.5 1.703281e+03 1.668232e+03 1.661903e+03 1.696952e+03
2.5 1.649473e+03 1.670173e+03 1.662623e+03 1.641923e+03
3.5 1.632770e+03 1.653105e+03 1.662725e+03 1.642390e+03
4.5 1.598918e+03 1.649608e+03 1.659686e+03 1.608997e+03
5.5 1.637183e+03 1.656014e+03 1.656392e+03 1.637560e+03
6.5 1.621140e+03 1.651748e+03 1.654594e+03 1.623986e+03
7.5 1.617692e+03 1.656293e+03 1.654037e+03 1.615436e+03
8.5 1.706059e+03 1.684501e+03 1.654157e+03 1.675714e+03
9.5 1.648519e+03 1.662297e+03 1.654573e+03 1.640796e+03
10.5 1.662092e+03 1.682554e+03 1.655056e+03 1.634594e+03
11.5 1.698838e+03 1.676515e+03 1.655480e+03 1.677803e+03
12.5 1.604929e+03 1.646096e+03 1.655804e+03 1.614638e+03
13.5 1.633905e+03 1.639241e+03 1.656037e+03 1.650700e+03
14.5 1.720673e+03 1.661640e+03 1.656202e+03 1.715235e+03
15.5 1.621959e+03 1.656264e+03 1.656321e+03 1.622017e+03
16.5 1.696043e+03 1.670363e+03 1.656409e+03 1.682089e+03
17.5 1.659000e+03 1.669292e+03 1.656472e+03 1.646180e+03
0.4 1.703281e+03 1.668232e+03 1.661903e+03 1.696952e+03
1.4 1.649473e+03 1.670173e+03 1.662623e+03 1.641923e+03
2.4 1.632770e+03 1.653105e+03 1.662725e+03 1.642390e+03
3.4 1.598918e+03 1.649608e+03 1.659686e+03 1.608997e+03
4.4 1.637183e+03 1.656014e+03 1.656392e+03 1.637560e+03
5.4 1.621140e+03 1.651748e+03 1.654594e+03 1.623986e+03
6.4 1.617692e+03 1.656293e+03 1.654037e+03 1.615436e+03
7.3 1.706059e+03 1.684501e+03 1.654157e+03 1.675714e+03
8.3 1.648519e+03 1.662297e+03 1.654573e+03 1.640796e+03
9.3 1.662092e+03 1.682554e+03 1.655056e+03 1.634594e+03
10.3 1.698838e+03 1.676515e+03 1.655480e+03 1.677803e+03
11.3 1.604929e+03 1.646096e+03 1.655804e+03 1.614638e+03
12.3 1.633905e+03 1.639241e+03 1.656037e+03 1.650700e+03
13.3 1.720673e+03 1.661640e+03 1.656202e+03 1.715235e+03
14.3 1.621959e+03 1.656264e+03 1.656321e+03 1.622017e+03
15.3 1.696043e+03 1.670363e+03 1.656409e+03 1.682089e+03
16.3 1.659000e+03 1.669292e+03 1.656472e+03 1.646180e+03
17.3 1.655815e+03 1.668546e+03 1.656513e+03 1.643782e+03
0.3 1.650817e+03 1.627752e+03 1.655291e+03 1.678356e+03
1.3 1.699110e+03 1.652568e+03 1.656427e+03 1.702969e+03
2.3 1.646770e+03 1.656624e+03 1.660583e+03 1.650729e+03
3.3 1.671715e+03 1.672495e+03 1.664010e+03 1.663230e+03
4.3 1.738948e+03 1.676992e+03 1.665221e+03 1.727176e+03
5.3 1.739005e+03 1.676776e+03 1.663339e+03 1.725568e+03
6.3 1.653762e+03 1.676668e+03 1.662342e+03 1.639436e+03
7.3 1.642262e+03 1.670411e+03 1.661326e+03 1.633177e+03
8.3 1.643303e+03 1.664876e+03 1.661155e+03 1.639582e+03
9.3 1.662231e+03 1.668717e+03 1.661417e+03 1.654931e+03
10.3 1.703099e+03 1.664472e+03 1.662173e+03 1.700800e+03
11.3 1.688786e+03 1.671516e+03 1.662273e+03 1.679542e+03
12.3 1.678094e+03 1.667246e+03 1.662584e+03 1.673432e+03
13.3 1.601029e+03 1.667990e+03 1.663330e+03 1.596369e+03
14.3 1.693463e+03 1.655282e+03 1.661506e+03 1.699687e+03
15.3 1.674852e+03 1.647673e+03 1.657567e+03 1.684745e+03
16.3 1.611552e+03 1.642319e+03 1.654586e+03 1.623818e+03
17.3 1.662053e+03 1.654506e+03 1.653161e+03 1.660709e+03
0.2 1.699110e+03 1.652568e+03 1.656427e+03 1.702969e+03
1.2 1.646770e+03 1.656624e+03 1.660583e+03 1.650729e+03
2.2 1.671715e+03 1.672495e+03 1.664010e+03 1.663230e+03
3.2 1.738948e+03 1.676992e+03 1.665221e+03 1.727176e+03
4.2 1.739005e+03 1.676776e+03 1.663339e+03 1.725568e+03
5.2 1.653762e+03 1.676668e+03 1.662342e+03 1.639436e+03
6.2 1.642262e+03 1.670411e+03 1.661326e+03 1.633177e+03
7.2 1.643303e+03 1.664876e+03 1.661155e+03 1.639582e+03
8.2 1.662231e+03 1.668717e+03 1.661417e+03 1.654931e+03
9.2 1.703099e+03 1.664472e+03 1.662173e+03 1.700800e+03
10.2 1.688786e+03 1.671516e+03 1.662273e+03 1.679542e+03
11.2 1.678094e+03 1.667246e+03 1.662584e+03 1.673432e+03
12.2 1.601029e+03 1.667990e+03 1.663330e+03 1.596369e+03
13.2 1.693463e+03 1.655282e+03 1.661506e+03 1.699687e+03
14.2 1.674852e+03 1.647673e+03 1.657567e+03 1.684745e+03
15.2 1.611552e+03 1.642319e+03 1.654586e+03 1.623818e+03
16.2 1.662053e+03 1.654506e+03 1.653161e+03 1.660709e+03
17.2 1.705368e+03 1.663602e+03 1.652742e+03 1.694509e+03
1.0 1.671715e+03 1.672495e+03 1.664010e+03 1.663230e+03
2.0 1.738948e+03 1.676992e+03 1.665221e+03 1.727176e+03
3.0 1.739005e+03 1.676776e+03 1.663339e+03 1.725568e+03
4.0 1.653762e+03 1.676668e+03 1.662342e+03 1.639436e+03
5.0 1.642262e+03 1.670411e+03 1.661326e+03 1.633177e+03
6.0 1.643303e+03 1.664876e+03 1.661155e+03 1.639582e+03
7.0 1.662231e+03 1.668717e+03 1.661417e+03 1.654931e+03
8.0 1.703099e+03 1.664472e+03 1.662173e+03 1.700800e+03
9.0 1.688786e+03 1.671516e+03 1.662273e+03 1.679542e+03
10.0 1.678094e+03 1.667246e+03 1.662584e+03 1.673432e+03
11.0 1.601029e+03 1.667990e+03 1.663330e+03 1.596369e+03
12.0 1.693463e+03 1.655282e+03 1.661506e+03 1.699687e+03
13.0 1.674852e+03 1.647673e+03 1.657567e+03 1.684745e+03
14.0 1.611552e+03 1.642319e+03 1.654586e+03 1.623818e+03
15.0 1.662053e+03 1.654506e+03 1.653161e+03 1.660709e+03
16.0 1.705368e+03 1.663602e+03 1.652742e+03 1.694509e+03
17.0 1.578841e+03 1.652350e+03 1.652828e+03 1.579319e+03
18.0 1.700414e+03 1.668113e+03 1.653106e+03 1.685407e+03
0.1 1.738948e+03 1.676992e+03 1.665221e+03 1.727176e+03
1.1 1.739005e+03 1.676776e+03 1.663339e+03 1.725568e+03
2.1 1.653762e+03 1.676668e+03 1.662342e+03 1.639436e+03
3.1 1.642262e+03 1.670411e+03 1.661326e+03 1.633177e+03
4.1 1.643303e+03 1.664876e+03 1.661155e+03 1.639582e+03
5.1 1.662231e+03 1.668717e+03 1.661417e+03 1.654931e+03
6.1 1.703099e+03 1.664472e+03 1.662173e+03 1.700800e+03
7.1 1.688786e+03 1.671516e+03 1.662273e+03 1.679542e+03
8.1 1.678094e+03 1.667246e+03 1.662584e+03 1.673432e+03
9.1 1.601029e+03 1.667990e+03 1.663330e+03 1.596369e+03
10.1 1.693463e+03 1.655282e+03 1.661506e+03 1.699687e+03
11.1 1.674852e+03 1.647673e+03 1.657567e+03 1.684745e+03
12.1 1.611552e+03 1.642319e+03 1.654586e+03 1.623818e+03
13.1 1.662053e+03 1.654506e+03 1.653161e+03 1.660709e+03
14.1 1.705368e+03 1.663602e+03 1.652742e+03 1.694509e+03
15.1 1.578841e+03 1.652350e+03 1.652828e+03 1.579319e+03
16.1 1.700414e+03 1.668113e+03 1.653106e+03 1.685407e+03
17.1 1.651200e+03 1.681139e+03 1.653391e+03 1.623452e+03
0.4 1.653762e+03 1.676668e+03 1.662342e+03 1.639436e+03
1.4 1.642262e+03 1.670411e+03 1.661326e+03 1.633177e+03
2.4 1.643303e+03 1.664876e+03 1.661155e+03 1.639582e+03
3.4 1.662231e+03 1.668717e+03 1.661417e+03 1.654931e+03
4.4 1.703099e+03 1.664472e+03 1.662173e+03 1.700800e+03
5.4 1.688786e+03 1.671516e+03 1.662273e+03 1.679542e+03
6.4 1.678094e+03 1.667246e+03 1.662584e+03 1.673432e+03
7.4 1.601029e+03 1.667990e+03 1.663330e+03 1.596369e+03
8.4 1.693463e+03 1.655282e+03 1.661506e+03 1.699687e+03
9.4 1.674852e+03 1.647673e+03 1.657567e+03 1.684745e+03
10.4 1.611552e+03 1.642319e+03 1.654586e+03 1.623818e+03
11.4 1.662053e+03 1.654506e+03 1.653161e+03 1.660709e+03
12.4 1.705368e+03 1.663602e+03 1.652742e+03 1.694509e+03
13.4 1.578841e+03 1.652350e+03 1.652828e+03 1.579319e+03
14.4 1.700414e+03 1.668113e+03 1.653106e+03 1.685407e+03
15.4 1.651200e+03 1.681139e+03 1.653391e+03 1.623452e+03
16.4 1.668271e+03 1.659822e+03 1.653598e+03 1.662046e+03
17.4 1.611161e+03 1.638109e+03 1.653715e+03 1.626767e+03
0.8 1.643303e+03 1.664876e+03 1.661155e+03 1.639582e+03
1.8 1.662231e+03 1.668717e+03 1.661417e+03 1.654931e+03
2.8 1.703099e+03 1.664472e+03 1.662173e+03 1.700800e+03
3.8 1.688786e+03 1.671516e+03 1.662273e+03 1.679542e+03
4.8 1.678094e+03 1.667246e+03 1.662584e+03 1.673432e+03
5.8 1.601029e+03 1.667990e+03 1.663330e+03 1.596369e+03
6.8 1.693463e+03 1.655282e+03 1.661506e+03 1.699687e+03
7.8 1.674852e+03 1.647673e+03 1.657567e+03 1.684745e+03
8.8 1.611552e+03 1.642319e+03 1.654586e+03 1.623818e+03
9.8 1.662053e+03 1.654506e+03 1.653161e+03 1.660709e+03
10.8 1.705368e+03 1.663602e+03 1.652742e+03 1.694509e+03
11.8 1.578841e+03 1.652350e+03 1.652828e+03 1.579319e+03
12.8 1.700414e+03 1.668113e+03 1.653106e+03 1.685407e+03
13.8 1.651200e+03 1.681139e+03 1.653391e+03 1.623452e+03
14.8 1.668271e+03 1.659822e+03 1.653598e+03 1.662046e+03
15.8 1.611161e+03 1.638109e+03 1.653715e+03 1.626767e+03
16.8 1.650048e+03 1.635020e+03 1.653764e+03 1.668793e+03
17.8 1.614536e+03 1.638847e+03 1.653773e+03 1.629461e+03
0.5 1.662231e+03 1.668717e+03 1.661417e+03 1.654931e+03
1.5 1.703099e+03 1.664472e+03 1.662173e+03 1.700800e+03
2.5 1.688786e+03 1.671516e+03 1.662273e+03 1.679542e+03
3.5 1.678094e+03 1.667246e+03 1.662584e+03 1.673432e+03
4.5 1.601029e+03 1.667990e+03 1.663330e+03 1.596369e+03
5.5 1.693463e+03 1.655282e+03 1.661506e+03 1.699687e+03
6.5 1.674852e+03 1.647673e+03 1.657567e+03 1.684745e+03
7.5 1.611552e+03 1.642319e+03 1.654586e+03 1.623818e+03
8.5 1.662053e+03 1.654506e+03 1.653161e+03 1.660709e+03
9.5 1.705368e+03 1.663602e+03 1.652742e+03 1.694509e+03
10.5 1.578841e+03 1.652350e+03 1.652828e+03 1.579319e+03
11.5 1.700414e+03 1.668113e+03 1.653106e+03 1.685407e+03
12.5 1.651200e+03 1.681139e+03 1.653391e+03 1.623452e+03
13.5 1.668271e+03 1.659822e+03 1.653598e+03 1.662046e+03
14.5 1.611161e+03 1.638109e+03 1.653715e+03 1.626767e+03
15.5 1.650048e+03 1.635020e+03 1.653764e+03 1.668793e+03
16.5 1.614536e+03 1.638847e+03 1.653773e+03 1.629461e+03
17.5 1.663402e+03 1.630726e+03 1.654390e+03 1.687066e+03
1.0 1.688786e+03 1.671516e+03 1.662273e+03 1.679542e+03
2.0 1.678094e+03 1.667246e+03 1.662584e+03 1.673432e+03
3.0 1.601029e+03 1.667990e+03 1.663330e+03 1.596369e+03
4.0 1.693463e+03 1.655282e+03 1.661506e+03 1.699687e+03
5.0 1.674852e+03 1.647673e+03 1.657567e+03 1.684745e+03
6.0 1.611552e+03 1.642319e+03 1.654586e+03 1.623818e+03
7.0 1.662053e+03 1.654506e+03 1.653161e+03 1.660709e+03
8.0 1.705368e+03 1.663602e+03 1.652742e+03 1.694509e+03
9.0 1.578841e+03 1.652350e+03 1.652828e+03 1.579319e+03
10.0 1.700414e+03 1.668113e+03 1.653106e+03 1.685407e+03
11.0 1.651200e+03 1.681139e+03 1.653391e+03 1.623452e+03
12.0 1.668271e+03 1.659822e+03 1.653598e+03 1.662046e+03
13.0 1.611161e+03 1.638109e+03 1.653715e+03 1.626767e+03
14.0 1.650048e+03 1.635020e+03 1.653764e+03 1.668793e+03
15.0 1.614536e+03 1.638847e+03 1.653773e+03 1.629461e+03
16.0 1.663402e+03 1.630726e+03 1.654390e+03 1.687066e+03
17.0 1.717691e+03 1.654641e+03 1.657853e+03 1.720904e+03
18.0 1.693571e+03 1.672026e+03 1.660951e+03 1.682496e+03
0.8 1.678094e+03 1.667246e+03 1.662584e+03 1.673432e+03
1.8 1.601029e+03 1.667990e+03 1.663330e+03 1.596369e+03
2.8 1.693463e+03 1.655282e+03 1.661506e+03 1.699687e+03
3.8 1.674852e+03 1.647673e+03 1.657567e+03 1.684745e+03
4.8 1.611552e+03 1.642319e+03 1.654586e+03 1.623818e+03
5.8 1.662053e+03 1.654506e+03 1.653161e+03 1.660709e+03
6.8 1.705368e+03 1.663602e+03 1.652742e+03 1.694509e+03
7.8 1.578841e+03 1.652350e+03 1.652828e+03 1.579319e+03
8.8 1.700414e+03 1.668113e+03 1.653106e+03 1.685407e+03
9.8 1.651200e+03 1.681139e+03 1.653391e+03 1.623452e+03
10.8 1.668271e+03 1.659822e+03 1.653598e+03 1.662046e+03
11.8 1.611161e+03 1.638109e+03 1.653715e+03 1.626767e+03
12.8 1.650048e+03 1.635020e+03 1.653764e+03 1.668793e+03
13.8 1.614536e+03 1.638847e+03 1.653773e+03 1.629461e+03
14.8 1.663402e+03 1.630726e+03 1.654390e+03 1.687066e+03
15.8 1.717691e+03 1.654641e+03 1.657853e+03 1.720904e+03
16.8 1.693571e+03 1.672026e+03 1.660951e+03 1.682496e+03
17.8 1.589781e+03 1.674241e+03 1.663139e+03 1.578679e+03
0.1 1.614536e+03 1.638847e+03 1.653773e+03 1.629461e+03
1.1 1.663402e+03 1.630726e+03 1.654390e+03 1.687066e+03
2.1 1.717691e+03 1.654641e+03 1.657853e+03 1.720904e+03
3.1 1.693571e+03 1.672026e+03 1.660951e+03 1.682496e+03
4.1 1.589781e+03 1.674241e+03 1.663139e+03 1.578679e+03
5.1 1.719905e+03 1.675065e+03 1.663587e+03 1.708426e+03
6.1 1.676008e+03 1.675242e+03 1.663561e+03 1.664327e+03
7.1 1.684285e+03 1.672338e+03 1.664222e+03 1.676169e+03
8.1 1.645279e+03 1.668909e+03 1.663536e+03 1.639906e+03
9.1 1.671322e+03 1.665648e+03 1.662387e+03 1.668062e+03
10.1 1.646870e+03 1.665571e+03 1.661350e+03 1.642648e+03
11.1 1.639876e+03 1.672588e+03 1.661481e+03 1.628769e+03
12.1 1.697344e+03 1.682085e+03 1.663288e+03 1.678547e+03
13.1 1.635629e+03 1.670634e+03 1.663423e+03 1.628418e+03
14.1 1.668272e+03 1.652343e+03 1.659629e+03 1.675557e+03
15.1 1.697445e+03 1.655309e+03 1.655794e+03 1.697931e+03
16.1 1.714697e+03 1.657738e+03 1.653768e+03 1.710727e+03
17.1 1.658400e+03 1.651900e+03 1.655449e+03 1.661948e+03
0.6 1.717691e+03 1.654641e+03 1.657853e+03 1.720904e+03
1.6 1.693571e+03 1.672026e+03 1.660951e+03 1.682496e+03
2.6 1.589781e+03 1.674241e+03 1.663139e+03 1.578679e+03
3.6 1.719905e+03 1.675065e+03 1.663587e+03 1.708426e+03
4.6 1.676008e+03 1.675242e+03 1.663561e+03 1.664327e+03
5.6 1.684285e+03 1.672338e+03 1.664222e+03 1.676169e+03
6.6 1.645279e+03 1.668909e+03 1.663536e+03 1.639906e+03
7.6 1.671322e+03 1.665648e+03 1.662387e+03 1.668062e+03
8.6 1.646870e+03 1.665571e+03 1.661350e+03 1.642648e+03
9.6 1.639876e+03 1.672588e+03 1.661481e+03 1.628769e+03
10.6 1.697344e+03 1.682085e+03 1.663288e+03 1.678547e+03
11.6 1.635629e+03 1.670634e+03 1.663423e+03 1.628418e+03
12.6 1.668272e+03 1.652343e+03 1.659629e+03 1.675557e+03
13.6 1.697445e+03 1.655309e+03 1.655794e+03 1.697931e+03
14.6 1.714697e+03 1.657738e+03 1.653768e+03 1.710727e+03
15.6 1.658400e+03 1.651900e+03 1.655449e+03 1.661948e+03
16.6 1.667729e+03 1.662337e+03 1.657758e+03 1.663149e+03
17.6 1.617445e+03 1.649496e+03 1.657014e+03 1.624962e+03
0.4 1.693571e+03 1.672026e+03 1.660951e+03 1.682496e+03
1.4 1.589781e+03 1.674241e+03 1.663139e+03 1.578679e+03
2.4 1.719905e+03 1.675065e+03 1.663587e+03 1.708426e+03
3.4 1.676008e+03 1.675242e+03 1.663561e+03 1.664327e+03
4.4 1.684285e+03 1.672338e+03 1.664222e+03 1.676169e+03
5.4 1.645279e+03 1.668909e+03 1.663536e+03 1.639906e+03
6.4 1.671322e+03 1.665648e+03 1.662387e+03 1.668062e+03
7.4 1.646870e+03 1.665571e+03 1.661350e+03 1.642648e+03
8.4 1.639876e+03 1.672588e+03 1.661481e+03 1.628769e+03
9.4 1.697344e+03 1.682085e+03 1.663288e+03 1.678547e+03
10.4 1.635629e+03 1.670634e+03 1.663423e+03 1.628418e+03
11.4 1.668272e+03 1.652343e+03 1.659629e+03 1.675557e+03
12.4 1.697445e+03 1.655309e+03 1.655794e+03 1.697931e+03
13.4 1.714697e+03 1.657738e+03 1.653768e+03 1.710727e+03
14.4 1.658400e+03 1.651900e+03 1.655449e+03 1.661948e+03
15.4 1.667729e+03 1.662337e+03 1.657758e+03 1.663149e+03
16.4 1.617445e+03 1.649496e+03 1.657014e+03 1.624962e+03
17.4 1.612554e+03 1.652424e+03 1.655576e+03 1.615706e+03
0.9 1.719905e+03 1.675065e+03 1.663587e+03 1.708426e+03
1.9 1.676008e+03 1.675242e+03 1.663561e+03 1.664327e+03
2.9 1.684285e+03 1.672338e+03 1.664222e+03 1.676169e+03
3.9 1.645279e+03 1.668909e+03 1.663536e+03 1.639906e+03
4.9 1.671322e+03 1.665648e+03 1.662387e+03 1.668062e+03
5.9 1.646870e+03 1.665571e+03 1.661350e+03 1.642648e+03
6.9 1.639876e+03 1.672588e+03 1.661481e+03 1.628769e+03
7.9 1.697344e+03 1.682085e+03 1.663288e+03 1.678547e+03
8.9 1.635629e+03 1.670634e+03 1.663423e+03 1.628418e+03
9.9 1.668272e+03 1.652343e+03 1.659629e+03 1.675557e+03
10.9 1.697445e+03 1.655309e+03 1.655794e+03 1.697931e+03
11.9 1.714697e+03 1.657738e+03 1.653768e+03 1.710727e+03
12.9 1.658400e+03 1.651900e+03 1.655449e+03 1.661948e+03
13.9 1.667729e+03 1.662337e+03 1.657758e+03 1.663149e+03
14.9 1.617445e+03 1.649496e+03 1.657014e+03 1.624962e+03
15.9 1.612554e+03 1.652424e+03 1.655576e+03 1.615706e+03
16.9 1.711001e+03 1.672736e+03 1.654750e+03 1.693015e+03
17.9 1.629791e+03 1.656931e+03 1.654463e+03 1.627322e+03
0.8 1.676008e+03 1.675242e+03 1.663561e+03 1.664327e+03
1.8 1.684285e+03 1.672338e+03 1.664222e+03 1.676169e+03
2.8 1.645279e+03 1.668909e+03 1.663536e+03 1.639906e+03
3.8 1.671322e+03 1.665648e+03 1.662387e+03 1.668062e+03
4.8 1.646870e+03 1.665571e+03 1.661350e+03 1.642648e+03
5.8 1.639876e+03 1.672588e+03 1.661481e+03 1.628769e+03
6.8 1.697344e+03 1.682085e+03 1.663288e+03 1.678547e+03
7.8 1.635629e+03 1.670634e+03 1.663423e+03 1.628418e+03
8.8 1.668272e+03 1.652343e+03 1.659629e+03 1.675557e+03
9.8 1.697445e+03 1.655309e+03 1.655794e+03 1.697931e+03
10.8 1.714697e+03 1.657738e+03 1.653768e+03 1.710727e+03
11.8 1.658400e+03 1.651900e+03 1.655449e+03 1.661948e+03
12.8 1.667729e+03 1.662337e+03 1.657758e+03 1.663149e+03
13.8 1.617445e+03 1.649496e+03 1.657014e+03 1.624962e+03
14.8 1.612554e+03 1.652424e+03 1.655576e+03 1.615706e+03
15.8 1.711001e+03 1.672736e+03 1.654750e+03 1.693015e+03
16.8 1.629791e+03 1.656931e+03 1.654463e+03 1.627322e+03
17.8 1.626287e+03 1.651784e+03 1.654859e+03 1.629362e+03
0.4 1.684285e+03 1.672338e+03 1.664222e+03 1.676169e+03
1.4 1.645279e+03 1.668909e+03 1.663536e+03 1.639906e+03
2.4 1.671322e+03 1.665648e+03 1.662387e+03 1.668062e+03
3.4 1.646870e+03 1.665571e+03 1.661350e+03 1.642648e+03
4.4 1.639876e+03 1.672588e+03 1.661481e+03 1.628769e+03
5.4 1.697344e+03 1.682085e+03 1.663288e+03 1.678547e+03
6.4 1.635629e+03 1.670634e+03 1.663423e+03 1.628418e+03
7.4 1.668272e+03 1.652343e+03 1.659629e+03 1.675557e+03
8.4 1.697445e+03 1.655309e+03 1.655794e+03 1.697931e+03
9.4 1.714697e+03 1.657738e+03 1.653768e+03 1.710727e+03
10.4 1.658400e+03 1.651900e+03 1.655449e+03 1.661948e+03
11.4 1.667729e+03 1.662337e+03 1.657758e+03 1.663149e+03
12.4 1.617445e+03 1.649496e+03 1.657014e+03 1.624962e+03
13.4 1.612554e+03 1.652424e+03 1.655576e+03 1.615706e+03
14.4 1.711001e+03 1.672736e+03 1.654750e+03 1.693015e+03
15.4 1.629791e+03 1.656931e+03 1.654463e+03 1.627322e+03
16.4 1.626287e+03 1.651784e+03 1.654859e+03 1.629362e+03
17.4 1.622401e+03 1.653929e+03 1.658354e+03 1.626826e+03
0.7 1.671322e+03 1.665648e+03 1.662387e+03 1.668062e+03
1.7 1.646870e+03 1.665571e+03 1.661350e+03 1.642648e+03
2.7 1.639876e+03 1.672588e+03 1.661481e+03 1.628769e+03
3.7 1.697344e+03 1.682085e+03 1.663288e+03 1.678547e+03
4.7 1.635629e+03 1.670634e+03 1.663423e+03 1.628418e+03
5.7 1.668272e+03 1.652343e+03 1.659629e+03 1.675557e+03
6.7 1.697445e+03 1.655309e+03 1.655794e+03 1.697931e+03
7.7 1.714697e+03 1.657738e+03 1.653768e+03 1.710727e+03
8.7 1.658400e+03 1.651900e+03 1.655449e+03 1.661948e+03
9.7 1.667729e+03 1.662337e+03 1.657758e+03 1.663149e+03
10.7 1.617445e+03 1.649496e+03 1.657014e+03 1.624962e+03
11.7 1.612554e+03 1.652424e+03 1.655576e+03 1.615706e+03
12.7 1.711001e+03 1.672736e+03 1.654750e+03 1.693015e+03
13.7 1.629791e+03 1.656931e+03 1.654463e+03 1.627322e+03
14.7 1.626287e+03 1.651784e+03 1.654859e+03 1.629362e+03
15.7 1.622401e+03 1.653929e+03 1.658354e+03 1.626826e+03
16.7 1.654147e+03 1.666163e+03 1.660233e+03 1.648217e+03
17.7 1.689761e+03 1.655728e+03 1.661842e+03 1.695875e+03
0.4 1.646870e+03 1.665571e+03 1.661350e+03 1.642648e+03
1.4 1.639876e+03 1.672588e+03 1.661481e+03 1.628769e+03
2.4 1.697344e+03 1.682085e+03 1.663288e+03 1.678547e+03
3.4 1.635629e+03 1.670634e+03 1.663423e+03 1.628418e+03
4.4 1.668272e+03 1.652343e+03 1.659629e+03 1.675557e+03
5.4 1.697445e+03 1.655309e+03 1.655794e+03 1.697931e+03
6.4 1.714697e+03 1.657738e+03 1.653768e+03 1.710727e+03
7.4 1.658400e+03 1.651900e+03 1.655449e+03 1.661948e+03
8.4 1.667729e+03 1.662337e+03 1.657758e+03 1.663149e+03
9.4 1.617445e+03 1.649496e+03 1.657014e+03 1.624962e+03
10.4 1.612554e+03 1.652424e+03 1.655576e+03 1.615706e+03
11.4 1.711001e+03 1.672736e+03 1.654750e+03 1.693015e+03
12.4 1.629791e+03 1.656931e+03 1.654463e+03 1.627322e+03
13.4 1.626287e+03 1.651784e+03 1.654859e+03 1.629362e+03
14.4 1.622401e+03 1.653929e+03 1.658354e+03 1.626826e+03
15.4 1.654147e+03 1.666163e+03 1.660233e+03 1.648217e+03
16.4 1.689761e+03 1.655728e+03 1.661842e+03 1.695875e+03
17.4 1.629527e+03 1.663637e+03 1.663496e+03 1.629386e+03
0.5 1.639876e+03 1.672588e+03 1.661481e+03 1.628769e+03
1.5 1.697344e+03 1.682085e+03 1.663288e+03 1.678547e+03
2.5 1.635629e+03 1.670634e+03 1.663423e+03 1.628418e+03
3.5 1.668272e+03 1.652343e+03 1.659629e+03 1.675557e+03
4.5 1.697445e+03 1.655309e+03 1.655794e+03 1.697931e+03
5.5 1.714697e+03 1.657738e+03 1.653768e+03 1.710727e+03
6.5 1.658400e+03 1.651900e+03 1.655449e+03 1.661948e+03
7.5 1.667729e+03 1.662337e+03 1.657758e+03 1.663149e+03
8.5 1.617445e+03 1.649496e+03 1.657014e+03 1.624962e+03
9.5 1.612554e+03 1.652424e+03 1.655576e+03 1.615706e+03
10.5 1.711001e+03 1.672736e+03 1.654750e+03 1.693015e+03
11.5 1.629791e+03 1.656931e+03 1.654463e+03 1.627322e+03
12.5 1.626287e+03 1.651784e+03 1.654859e+03 1.629362e+03
13.5 1.622401e+03 1.653929e+03 1.658354e+03 1.626826e+03
14.5 1.654147e+03 1.666163e+03 1.660233e+03 1.648217e+03
15.5 1.689761e+03 1.655728e+03 1.661842e+03 1.695875e+03
16.5 1.629527e+03 1.663637e+03 1.663496e+03 1.629386e+03
17.5 1.676016e+03 1.649417e+03 1.663802e+03 1.690402e+03
0.6 1.714697e+03 1.657738e+03 1.653768e+03 1.710727e+03
1.6 1.658400e+03 1.651900e+03 1.655449e+03 1.661948e+03
2.6 1.667729e+03 1.662337e+03 1.657758e+03 1.663149e+03
3.6 1.617445e+03 1.649496e+03 1.657014e+03 1.624962e+03
4.6 1.612554e+03 1.652424e+03 1.655576e+03 1.615706e+03
5.6 1.711001e+03 1.672736e+03 1.654750e+03 1.693015e+03
6.6 1.629791e+03 1.656931e+03 1.654463e+03 1.627322e+03
7.6 1.626287e+03 1.651784e+03 1.654859e+03 1.629362e+03
8.6 1.622401e+03 1.653929e+03 1.658354e+03 1.626826e+03
9.6 1.654147e+03 1.666163e+03 1.660233e+03 1.648217e+03
10.6 1.689761e+03 1.655728e+03 1.661842e+03 1.695875e+03
11.6 1.629527e+03 1.663637e+03 1.663496e+03 1.629386e+03
12.6 1.676016e+03 1.649417e+03 1.663802e+03 1.690402e+03
13.6 1.664361e+03 1.641275e+03 1.660820e+03 1.683905e+03
14.6 1.656995e+03 1.658421e+03 1.657670e+03 1.656244e+03
15.6 1.656752e+03 1.664422e+03 1.655895e+03 1.648225e+03
16.6 1.660027e+03 1.668661e+03 1.655237e+03 1.646603e+03
17.6 1.594597e+03 1.633413e+03 1.655204e+03 1.616388e+03
1.0 1.626287e+03 1.651784e+03 1.654859e+03 1.629362e+03
2.0 1.622401e+03 1.653929e+03 1.658354e+03 1.626826e+03
3.0 1.654147e+03 1.666163e+03 1.660233e+03 1.648217e+03
4.0 1.689761e+03 1.655728e+03 1.661842e+03 1.695875e+03
5.0 1.629527e+03 1.663637e+03 1.663496e+03 1.629386e+03
6.0 1.676016e+03 1.649417e+03 1.663802e+03 1.690402e+03
7.0 1.664361e+03 1.641275e+03 1.660820e+03 1.683905e+03
8.0 1.656995e+03 1.658421e+03 1.657670e+03 1.656244e+03
9.0 1.656752e+03 1.664422e+03 1.655895e+03 1.648225e+03
10.0 1.660027e+03 1.668661e+03 1.655237e+03 1.646603e+03
11.0 1.594597e+03 1.633413e+03 1.655204e+03 1.616388e+03
12.0 1.601627e+03 1.617829e+03 1.655462e+03 1.639261e+03
13.0 1.628869e+03 1.623660e+03 1.655797e+03 1.661006e+03
14.0 1.639246e+03 1.646539e+03 1.656092e+03 1.648798e+03
15.0 1.670556e+03 1.663683e+03 1.656307e+03 1.663180e+03
16.0 1.689232e+03 1.668431e+03 1.656450e+03 1.677251e+03
17.0 1.685931e+03 1.654978e+03 1.656543e+03 1.687496e+03
18.0 1.591917e+03 1.638071e+03 1.656606e+03 1.610453e+03
0.9 1.654147e+03 1.666163e+03 1.660233e+03 1.648217e+03
1.9 1.689761e+03 1.655728e+03 1.661842e+03 1.695875e+03
2.9 1.629527e+03 1.663637e+03 1.663496e+03 1.629386e+03
3.9 1.676016e+03 1.649417e+03 1.663802e+03 1.690402e+03
4.9 1.664361e+03 1.641275e+03 1.660820e+03 1.683905e+03
5.9 1.656995e+03 1.658421e+03 1.657670e+03 1.656244e+03
6.9 1.656752e+03 1.664422e+03 1.655895e+03 1.648225e+03
7.9 1.660027e+03 1.668661e+03 1.655237e+03 1.646603e+03
8.9 1.594597e+03 1.633413e+03 1.655204e+03 1.616388e+03
9.9 1.601627e+03 1.617829e+03 1.655462e+03 1.639261e+03
10.9 1.628869e+03 1.623660e+03 1.655797e+03 1.661006e+03
11.9 1.639246e+03 1.646539e+03 1.656092e+03 1.648798e+03
12.9 1.670556e+03 1.663683e+03 1.656307e+03 1.663180e+03
13.9 1.689232e+03 1.668431e+03 1.656450e+03 1.677251e+03
14.9 1.685931e+03 1.654978e+03 1.656543e+03 1.687496e+03
15.9 1.591917e+03 1.638071e+03 1.656606e+03 1.610453e+03
16.9 1.745741e+03 1.667087e+03 1.656653e+03 1.735307e+03
17.9 1.657985e+03 1.673141e+03 1.656690e+03 1.641533e+03
0.5 1.689761e+03 1.655728e+03 1.661842e+03 1.695875e+03
1.5 1.629527e+03 1.663637e+03 1.663496e+03 1.629386e+03
2.5 1.676016e+03 1.649417e+03 1.663802e+03 1.690402e+03
3.5 1.664361e+03 1.641275e+03 1.660820e+03 1.683905e+03
4.5 1.656995e+03 1.658421e+03 1.657670e+03 1.656244e+03
5.5 1.656752e+03 1.664422e+03 1.655895e+03 1.648225e+03
6.5 1.660027e+03 1.668661e+03 1.655237e+03 1.646603e+03
7.5 1.594597e+03 1.633413e+03 1.655204e+03 1.616388e+03
8.5 1.601627e+03 1.617829e+03 1.655462e+03 1.639261e+03
9.5 1.628869e+03 1.623660e+03 1.655797e+03 1.661006e+03
10.5 1.639246e+03 1.646539e+03 1.656092e+03 1.648798e+03
11.5 1.670556e+03 1.663683e+03 1.656307e+03 1.663180e+03
12.5 1.689232e+03 1.668431e+03 1.656450e+03 1.677251e+03
13.5 1.685931e+03 1.654978e+03 1.656543e+03 1.687496e+03
14.5 1.591917e+03 1.638071e+03 1.656606e+03 1.610453e+03
15.5 1.745741e+03 1.667087e+03 1.656653e+03 1.735307e+03
16.5 1.657985e+03 1.673141e+03 1.656690e+03 1.641533e+03
17.5 1.727682e+03 1.679328e+03 1.656720e+03 1.705074e+03
0.3 1.634507e+03 1.666286e+03 1.656824e+03 1.625045e+03
1.3 1.631105e+03 1.656764e+03 1.657993e+03 1.632335e+03
2.3 1.633577e+03 1.648124e+03 1.661212e+03 1.646665e+03
3.3 1.637918e+03 1.646913e+03 1.663340e+03 1.654344e+03
4.3 1.700374e+03 1.660538e+03 1.665109e+03 1.704945e+03
5.3 1.703484e+03 1.662222e+03 1.665818e+03 1.707079e+03
6.3 1.640753e+03 1.655547e+03 1.663046e+03 1.648252e+03
7.3 1.685140e+03 1.646556e+03 1.659511e+03 1.698095e+03
8.3 1.703436e+03 1.673489e+03 1.657294e+03 1.687242e+03
9.3 1.622738e+03 1.660362e+03 1.656347e+03 1.618723e+03
10.3 1.592500e+03 1.621031e+03 1.656153e+03 1.627622e+03
11.3 1.609019e+03 1.608269e+03 1.656333e+03 1.657083e+03
12.3 1.642970e+03 1.615788e+03 1.656641e+03 1.683824e+03
13.3 1.640239e+03 1.656389e+03 1.656936e+03 1.640785e+03
14.3 1.685980e+03 1.668459e+03 1.657163e+03 1.674683e+03
15.3 1.694423e+03 1.678307e+03 1.657320e+03 1.673436e+03
16.3 1.589807e+03 1.643591e+03 1.657429e+03 1.603646e+03
17.3 1.650120e+03 1.665070e+03 1.657511e+03 1.642560e+03
0.6 1.633577e+03 1.648124e+03 1.661212e+03 1.646665e+03
1.6 1.637918e+03 1.646913e+03 1.663340e+03 1.654344e+03
2.6 1.700374e+03 1.660538e+03 1.665109e+03 1.704945e+03
3.6 1.703484e+03 1.662222e+03 1.665818e+03 1.707079e+03
4.6 1.640753e+03 1.655547e+03 1.663046e+03 1.648252e+03
5.6 1.685140e+03 1.646556e+03 1.659511e+03 1.698095e+03
6.6 1.703436e+03 1.673489e+03 1.657294e+03 1.687242e+03
7.6 1.622738e+03 1.660362e+03 1.656347e+03 1.618723e+03
8.6 1.592500e+03 1.621031e+03 1.656153e+03 1.627622e+03
9.6 1.609019e+03 1.608269e+03 1.656333e+03 1.657083e+03
10.6 1.642970e+03 1.615788e+03 1.656641e+03 1.683824e+03
11.6 1.640239e+03 1.656389e+03 1.656936e+03 1.640785e+03
12.6 1.685980e+03 1.668459e+03 1.657163e+03 1.674683e+03
13.6 1.694423e+03 1.678307e+03 1.657320e+03 1.673436e+03
14.6 1.589807e+03 1.643591e+03 1.657429e+03 1.603646e+03
15.6 1.650120e+03 1.665070e+03 1.657511e+03 1.642560e+03
16.6 1.686759e+03 1.696343e+03 1.657577e+03 1.647993e+03
17.6 1.684568e+03 1.656842e+03 1.657634e+03 1.685360e+03
0.3 1.637918e+03 1.646913e+03 1.663340e+03 1.654344e+03
1.3 1.700374e+03 1.660538e+03 1.665109e+03 1.704945e+03
2.3 1.703484e+03 1.662222e+03 1.665818e+03 1.707079e+03
3.3 1.640753e+03 1.655547e+03 1.663046e+03 1.648252e+03
4.3 1.685140e+03 1.646556e+03 1.659511e+03 1.698095e+03
5.3 1.703436e+03 1.673489e+03 1.657294e+03 1.687242e+03
6.3 1.622738e+03 1.660362e+03 1.656347e+03 1.618723e+03
7.3 1.592500e+03 1.621031e+03 1.656153e+03 1.627622e+03
8.3 1.609019e+03 1.608269e+03 1.656333e+03 1.657083e+03
9.3 1.642970e+03 1.615788e+03 1.656641e+03 1.683824e+03
10.3 1.640239e+03 1.656389e+03 1.656936e+03 1.640785e+03
11.3 1.685980e+03 1.668459e+03 1.657163e+03 1.674683e+03
12.3 1.694423e+03 1.678307e+03 1.657320e+03 1.673436e+03
13.3 1.589807e+03 1.643591e+03 1.657429e+03 1.603646e+03
14.3 1.650120e+03 1.665070e+03 1.657511e+03 1.642560e+03
15.3 1.686759e+03 1.696343e+03 1.657577e+03 1.647993e+03
16.3 1.684568e+03 1.656842e+03 1.657634e+03 1.685360e+03
17.3 1.666233e+03 1.649153e+03 1.657686e+03 1.674765e+03
0.4 1.653930e+03 1.662306e+03 1.654636e+03 1.646259e+03
1.4 1.682418e+03 1.645249e+03 1.655995e+03 1.693164e+03
2.4 1.656406e+03 1.649527e+03 1.660294e+03 1.667173e+03
3.4 1.619418e+03 1.659835e+03 1.664117e+03 1.623700e+03
4.4 1.655154e+03 1.666934e+03 1.664947e+03 1.653167e+03
5.4 1.683950e+03 1.669212e+03 1.664123e+03 1.678861e+03
6.4 1.670646e+03 1.666044e+03 1.662670e+03 1.667271e+03
7.4 1.603362e+03 1.667805e+03 1.663018e+03 1.598575e+03
8.4 1.709397e+03 1.663357e+03 1.663454e+03 1.709495e+03
9.4 1.578011e+03 1.665291e+03 1.662572e+03 1.575292e+03
10.4 1.661522e+03 1.662213e+03 1.660762e+03 1.660071e+03
11.4 1.669885e+03 1.663830e+03 1.660088e+03 1.666144e+03
12.4 1.680281e+03 1.658922e+03 1.659696e+03 1.681054e+03
13.4 1.700378e+03 1.669524e+03 1.661891e+03 1.692746e+03
14.4 1.672783e+03 1.676583e+03 1.664455e+03 1.660655e+03
15.4 1.649572e+03 1.664243e+03 1.663427e+03 1.648756e+03
16.4 1.634389e+03 1.648106e+03 1.661997e+03 1.648279e+03
17.4 1.666362e+03 1.663237e+03 1.658619e+03 1.661744e+03
0.4 1.682418e+03 1.645249e+03 1.655995e+03 1.693164e+03
1.4 1.656406e+03 1.649527e+03 1.660294e+03 1.667173e+03
2.4 1.619418e+03 1.659835e+03 1.664117e+03 1.623700e+03
3.4 1.655154e+03 1.666934e+03 1.664947e+03 1.653167e+03
4.4 1.683950e+03 1.669212e+03 1.664123e+03 1.678861e+03
5.4 1.670646e+03 1.666044e+03 1.662670e+03 1.667271e+03
6.4 1.603362e+03 1.667805e+03 1.663018e+03 1.598575e+03
7.4 1.709397e+03 1.663357e+03 1.663454e+03 1.709495e+03
8.4 1.578011e+03 1.665291e+03 1.662572e+03 1.575292e+03
9.4 1.661522e+03 1.662213e+03 1.660762e+03 1.660071e+03
10.4 1.669885e+03 1.663830e+03 1.660088e+03 1.666144e+03
11.4 1.680281e+03 1.658922e+03 1.659696e+03 1.681054e+03
12.4 1.700378e+03 1.669524e+03 1.661891e+03 1.692746e+03
13.4 1.672783e+03 1.676583e+03 1.664455e+03 1.660655e+03
14.4 1.649572e+03 1.664243e+03 1.663427e+03 1.648756e+03
15.4 1.634389e+03 1.648106e+03 1.661997e+03 1.648279e+03
16.4 1.666362e+03 1.663237e+03 1.658619e+03 1.661744e+03
17.4 1.677131e+03 1.639069e+03 1.654790e+03 1.692852e+03
0.3 1.656406e+03 1.649527e+03 1.660294e+03 1.667173e+03
1.3 1.619418e+03 1.659835e+03 1.664117e+03 1.623700e+03
2.3 1.655154e+03 1.666934e+03 1.664947e+03 1.653167e+03
3.3 1.683950e+03 1.669212e+03 1.664123e+03 1.678861e+03
4.3 1.670646e+03 1.666044e+03 1.662670e+03 1.667271e+03
5.3 1.603362e+03 1.667805e+03 1.663018e+03 1.598575e+03
6.3 1.709397e+03 1.663357e+03 1.663454e+03 1.709495e+03
7.3 1.578011e+03 1.665291e+03 1.662572e+03 1.575292e+03
8.3 1.661522e+03 1.662213e+03 1.660762e+03 1.660071e+03
9.3 1.669885e+03 1.663830e+03 1.660088e+03 1.666144e+03
10.3 1.680281e+03 1.658922e+03 1.659696e+03 1.681054e+03
11.3 1.700378e+03 1.669524e+03 1.661891e+03 1.692746e+03
12.3 1.672783e+03 1.676583e+03 1.664455e+03 1.660655e+03
13.3 1.649572e+03 1.664243e+03 1.663427e+03 1.648756e+03
14.3 1.634389e+03 1.648106e+03 1.661997e+03 1.648279e+03
15.3 1.666362e+03 1.663237e+03 1.658619e+03 1.661744e+03
16.3 1.677131e+03 1.639069e+03 1.654790e+03 1.692852e+03
17.3 1.712384e+03 1.658780e+03 1.652473e+03 1.706077e+03
0.8 1.655154e+03 1.666934e+03 1.664947e+03 1.653167e+03
1.8 1.683950e+03 1.669212e+03 1.664123e+03 1.678861e+03
2.8 1.670646e+03 1.666044e+03 1.662670e+03 1.667271e+03
3.8 1.603362e+03 1.667805e+03 1.663018e+03 1.598575e+03
4.8 1.709397e+03 1.663357e+03 1.663454e+03 1.709495e+03
5.8 1.578011e+03 1.665291e+03 1.662572e+03 1.575292e+03
6.8 1.661522e+03 1.662213e+03 1.660762e+03 1.660071e+03
7.8 1.669885e+03 1.663830e+03 1.660088e+03 1.666144e+03
8.8 1.680281e+03 1.658922e+03 1.659696e+03 1.681054e+03
9.8 1.700378e+03 1.669524e+03 1.661891e+03 1.692746e+03
10.8 1.672783e+03 1.676583e+03 1.664455e+03 1.660655e+03
11.8 1.649572e+03 1.664243e+03 1.663427e+03 1.648756e+03
12.8 1.634389e+03 1.648106e+03 1.661997e+03 1.648279e+03
13.8 1.666362e+03 1.663237e+03 1.658619e+03 1.661744e+03
14.8 1.677131e+03 1.639069e+03 1.654790e+03 1.692852e+03
15.8 1.712384e+03 1.658780e+03 1.652473e+03 1.706077e+03
16.8 1.665610e+03 1.684334e+03 1.651600e+03 1.632877e+03
17.8 1.666566e+03 1.659992e+03 1.651540e+03 1.658114e+03
0.2 1.683950e+03 1.669212e+03 1.664123e+03 1.678861e+03
1.2 1.670646e+03 1.666044e+03 1.662670e+03 1.667271e+03
2.2 1.603362e+03 1.667805e+03 1.663018e+03 1.598575e+03
3.2 1.709397e+03 1.663357e+03 1.663454e+03 1.709495e+03
4.2 1.578011e+03 1.665291e+03 1.662572e+03 1.575292e+03
5.2 1.661522e+03 1.662213e+03 1.660762e+03 1.660071e+03
6.2 1.669885e+03 1.663830e+03 1.660088e+03 1.666144e+03
7.2 1.680281e+03 1.658922e+03 1.659696e+03 1.681054e+03
8.2 1.700378e+03 1.669524e+03 1.661891e+03 1.692746e+03
9.2 1.672783e+03 1.676583e+03 1.664455e+03 1.660655e+03
10.2 1.649572e+03 1.664243e+03 1.663427e+03 1.648756e+03
11.2 1.634389e+03 1.648106e+03 1.661997e+03 1.648279e+03
12.2 1.666362e+03 1.663237e+03 1.658619e+03 1.661744e+03
13.2 1.677131e+03 1.639069e+03 1.654790e+03 1.692852e+03
14.2 1.712384e+03 1.658780e+03 1.652473e+03 1.706077e+03
15.2 1.665610e+03 1.684334e+03 1.651600e+03 1.632877e+03
16.2 1.666566e+03 1.659992e+03 1.651540e+03 1.658114e+03
17.2 1.659181e+03 1.651804e+03 1.651832e+03 1.659208e+03
0.3 1.670646e+03 1.666044e+03 1.662670e+03 1.667271e+03
1.3 1.603362e+03 1.667805e+03 1.663018e+03 1.598575e+03
2.3 1.709397e+03 1.663357e+03 1.663454e+03 1.709495e+03
3.3 1.578011e+03 1.665291e+03 1.662572e+03 1.575292e+03
4.3 1.661522e+03 1.662213e+03 1.660762e+03 1.660071e+03
5.3 1.669885e+03 1.663830e+03 1.660088e+03 1.666144e+03
6.3 1.680281e+03 1.658922e+03 1.659696e+03 1.681054e+03
7.3 1.700378e+03 1.669524e+03 1.661891e+03 1.692746e+03
8.3 1.672783e+03 1.676583e+03 1.664455e+03 1.660655e+03
9.3 1.649572e+03 1.664243e+03 1.663427e+03 1.648756e+03
10.3 1.634389e+03 1.648106e+03 1.661997e+03 1.648279e+03
11.3 1.666362e+03 1.663237e+03 1.658619e+03 1.661744e+03
12.3 1.677131e+03 1.639069e+03 1.654790e+03 1.692852e+03
13.3 1.712384e+03 1.658780e+03 1.652473e+03 1.706077e+03
14.3 1.665610e+03 1.684334e+03 1.651600e+03 1.632877e+03
15.3 1.666566e+03 1.659992e+03 1.651540e+03 1.658114e+03
16.3 1.659181e+03 1.651804e+03 1.651832e+03 1.659208e+03
17.3 1.697484e+03 1.646411e+03 1.652207e+03 1.703281e+03
0.8 1.709397e+03 1.663357e+03 1.663454e+03 1.709495e+03
1.8 1.578011e+03 1.665291e+03 1.662572e+03 1.575292e+03
2.8 1.661522e+03 1.662213e+03 1.660762e+03 1.660071e+03
3.8 1.669885e+03 1.663830e+03 1.660088e+03 1.666144e+03
4.8 1.680281e+03 1.658922e+03 1.659696e+03 1.681054e+03
5.8 1.700378e+03 1.669524e+03 1.661891e+03 1.692746e+03
6.8 1.672783e+03 1.676583e+03 1.664455e+03 1.660655e+03
7.8 1.649572e+03 1.664243e+03 1.663427e+03 1.648756e+03
8.8 1.634389e+03 1.648106e+03 1.661997e+03 1.648279e+03
9.8 1.666362e+03 1.663237e+03 1.658619e+03 1.661744e+03
10.8 1.677131e+03 1.639069e+03 1.654790e+03 1.692852e+03
11.8 1.712384e+03 1.658780e+03 1.652473e+03 1.706077e+03
12.8 1.665610e+03 1.684334e+03 1.651600e+03 1.632877e+03
13.8 1.666566e+03 1.659992e+03 1.651540e+03 1.658114e+03
14.8 1.659181e+03 1.651804e+03 1.651832e+03 1.659208e+03
15.8 1.697484e+03 1.646411e+03 1.652207e+03 1.703281e+03
16.8 1.653465e+03 1.649383e+03 1.652529e+03 1.656610e+03
17.8 1.529871e+03 1.619561e+03 1.652754e+03 1.563064e+03
0.1 1.578011e+03 1.665291e+03 1.662572e+03 1.575292e+03
1.1 1.661522e+03 1.662213e+03 1.660762e+03 1.660071e+03
2.1 1.669885e+03 1.663830e+03 1.660088e+03 1.666144e+03
3.1 1.680281e+03 1.658922e+03 1.659696e+03 1.681054e+03
4.1 1.700378e+03 1.669524e+03 1.661891e+03 1.692746e+03
5.1 1.672783e+03 1.676583e+03 1.664455e+03 1.660655e+03
6.1 1.649572e+03 1.664243e+03 1.663427e+03 1.648756e+03
7.1 1.634389e+03 1.648106e+03 1.661997e+03 1.648279e+03
8.1 1.666362e+03 1.663237e+03 1.658619e+03 1.661744e+03
9.1 1.677131e+03 1.639069e+03 1.654790e+03 1.692852e+03
10.1 1.712384e+03 1.658780e+03 1.652473e+03 1.706077e+03
11.1 1.665610e+03 1.684334e+03 1.651600e+03 1.632877e+03
12.1 1.666566e+03 1.659992e+03 1.651540e+03 1.658114e+03
13.1 1.659181e+03 1.651804e+03 1.651832e+03 1.659208e+03
14.1 1.697484e+03 1.646411e+03 1.652207e+03 1.703281e+03
15.1 1.653465e+03 1.649383e+03 1.652529e+03 1.656610e+03
16.1 1.529871e+03 1.619561e+03 1.652754e+03 1.563064e+03
17.1 1.653835e+03 1.629664e+03 1.652955e+03 1.677126e+03
0.5 1.669885e+03 1.663830e+03 1.660088e+03 1.666144e+03
1.5 1.680281e+03 1.658922e+03 1.659696e+03 1.681054e+03
2.5 1.700378e+03 1.669524e+03 1.661891e+03 1.692746e+03
3.5 1.672783e+03 1.676583e+03 1.664455e+03 1.660655e+03
4.5 1.649572e+03 1.664243e+03 1.663427e+03 1.648756e+03
5.5 1.634389e+03 1.648106e+03 1.661997e+03 1.648279e+03
6.5 1.666362e+03 1.663237e+03 1.658619e+03 1.661744e+03
7.5 1.677131e+03 1.639069e+03 1.654790e+03 1.692852e+03
8.5 1.712384e+03 1.658780e+03 1.652473e+03 1.706077e+03
9.5 1.665610e+03 1.684334e+03 1.651600e+03 1.632877e+03
10.5 1.666566e+03 1.659992e+03 1.651540e+03 1.658114e+03
11.5 1.659181e+03 1.651804e+03 1.651832e+03 1.659208e+03
12.5 1.697484e+03 1.646411e+03 1.652207e+03 1.703281e+03
13.5 1.653465e+03 1.649383e+03 1.652529e+03 1.656610e+03
14.5 1.529871e+03 1.619561e+03 1.652754e+03 1.563064e+03
15.5 1.653835e+03 1.629664e+03 1.652955e+03 1.677126e+03
16.5 1.628324e+03 1.620427e+03 1.655543e+03 1.663439e+03
17.5 1.637785e+03 1.660045e+03 1.660632e+03 1.638372e+03
0.6 1.680281e+03 1.658922e+03 1.659696e+03 1.681054e+03
1.6 1.700378e+03 1.669524e+03 1.661891e+03 1.692746e+03
2.6 1.672783e+03 1.676583e+03 1.664455e+03 1.660655e+03
3.6 1.649572e+03 1.664243e+03 1.663427e+03 1.648756e+03
4.6 1.634389e+03 1.648106e+03 1.661997e+03 1.648279e+03
5.6 1.666362e+03 1.663237e+03 1.658619e+03 1.661744e+03
6.6 1.677131e+03 1.639069e+03 1.654790e+03 1.692852e+03
7.6 1.712384e+03 1.658780e+03 1.652473e+03 1.706077e+03
8.6 1.665610e+03 1.684334e+03 1.651600e+03 1.632877e+03
9.6 1.666566e+03 1.659992e+03 1.651540e+03 1.658114e+03
10.6 1.659181e+03 1.651804e+03 1.651832e+03 1.659208e+03
11.6 1.697484e+03 1.646411e+03 1.652207e+03 1.703281e+03
12.6 1.653465e+03 1.649383e+03 1.652529e+03 1.656610e+03
13.6 1.529871e+03 1.619561e+03 1.652754e+03 1.563064e+03
14.6 1.653835e+03 1.629664e+03 1.652955e+03 1.677126e+03
15.6 1.628324e+03 1.620427e+03 1.655543e+03 1.663439e+03
16.6 1.637785e+03 1.660045e+03 1.660632e+03 1.638372e+03
17.6 1.656078e+03 1.672430e+03 1.663359e+03 1.647007e+03
0.7 1.700378e+03 1.669524e+03 1.661891e+03 1.692746e+03
1.7 1.672783e+03 1.676583e+03 1.664455e+03 1.660655e+03
2.7 1.649572e+03 1.664243e+03 1.663427e+03 1.648756e+03
3.7 1.634389e+03 1.648106e+03 1.661997e+03 1.648279e+03
4.7 1.666362e+03 1.663237e+03 1.658619e+03 1.661744e+03
5.7 1.677131e+03 1.639069e+03 1.654790e+03 1.692852e+03
6.7 1.712384e+03 1.658780e+03 1.652473e+03 1.706077e+03
7.7 1.665610e+03 1.684334e+03 1.651600e+03 1.632877e+03
8.7 1.666566e+03 1.659992e+03 1.651540e+03 1.658114e+03
9.7 1.659181e+03 1.651804e+03 1.651832e+03 1.659208e+03
10.7 1.697484e+03 1.646411e+03 1.652207e+03 1.703281e+03
11.7 1.653465e+03 1.649383e+03 1.652529e+03 1.656610e+03
12.7 1.529871e+03 1.619561e+03 1.652754e+03 1.563064e+03
13.7 1.653835e+03 1.629664e+03 1.652955e+03 1.677126e+03
14.7 1.628324e+03 1.620427e+03 1.655543e+03 1.663439e+03
15.7 1.637785e+03 1.660045e+03 1.660632e+03 1.638372e+03
16.7 1.656078e+03 1.672430e+03 1.663359e+03 1.647007e+03
17.7 1.678223e+03 1.684669e+03 1.664858e+03 1.658412e+03
0.2 1.672783e+03 1.676583e+03 1.664455e+03 1.660655e+03
1.2 1.649572e+03 1.664243e+03 1.663427e+03 1.648756e+03
2.2 1.634389e+03 1.648106e+03 1.661997e+03 1.648279e+03
3.2 1.666362e+03 1.663237e+03 1.658619e+03 1.661744e+03
4.2 1.677131e+03 1.639069e+03 1.654790e+03 1.692852e+03
5.2 1.712384e+03 1.658780e+03 1.652473e+03 1.706077e+03
6.2 1.665610e+03 1.684334e+03 1.651600e+03 1.632877e+03
7.2 1.666566e+03 1.659992e+03 1.651540e+03 1.658114e+03
8.2 1.659181e+03 1.651804e+03 1.651832e+03 1.659208e+03
9.2 1.697484e+03 1.646411e+03 1.652207e+03 1.703281e+03
10.2 1.653465e+03 1.649383e+03 1.652529e+03 1.656610e+03
11.2 1.529871e+03 1.619561e+03 1.652754e+03 1.563064e+03
12.2 1.653835e+03 1.629664e+03 1.652955e+03 1.677126e+03
13.2 1.628324e+03 1.620427e+03 1.655543e+03 1.663439e+03
14.2 1.637785e+03 1.660045e+03 1.660632e+03 1.638372e+03
15.2 1.656078e+03 1.672430e+03 1.663359e+03 1.647007e+03
16.2 1.678223e+03 1.684669e+03 1.664858e+03 1.658412e+03
17.2 1.696773e+03 1.692956e+03 1.664451e+03 1.668269e+03
0.7 1.653835e+03 1.629664e+03 1.652955e+03 1.677126e+03
1.7 1.628324e+03 1.620427e+03 1.655543e+03 1.663439e+03
2.7 1.637785e+03 1.660045e+03 1.660632e+03 1.638372e+03
3.7 1.656078e+03 1.672430e+03 1.663359e+03 1.647007e+03
4.7 1.678223e+03 1.684669e+03 1.664858e+03 1.658412e+03
5.7 1.696773e+03 1.692956e+03 1.664451e+03 1.668269e+03
6.7 1.603654e+03 1.669320e+03 1.662083e+03 1.596417e+03
7.7 1.706030e+03 1.665716e+03 1.661650e+03 1.701965e+03
8.7 1.678060e+03 1.687168e+03 1.662536e+03 1.653428e+03
9.7 1.627856e+03 1.682224e+03 1.662775e+03 1.608407e+03
10.7 1.744651e+03 1.667394e+03 1.661832e+03 1.739089e+03
11.7 1.666919e+03 1.661107e+03 1.662466e+03 1.668278e+03
12.7 1.627230e+03 1.662147e+03 1.662297e+03 1.627379e+03
13.7 1.738200e+03 1.670175e+03 1.661131e+03 1.729156e+03
14.7 1.637719e+03 1.654315e+03 1.661984e+03 1.645388e+03
15.7 1.600159e+03 1.656666e+03 1.662552e+03 1.606045e+03
16.7 1.680855e+03 1.654176e+03 1.659761e+03 1.686441e+03
17.7 1.614542e+03 1.645093e+03 1.656641e+03 1.626090e+03
0.7 1.628324e+03 1.620427e+03 1.655543e+03 1.663439e+03
1.7 1.637785e+03 1.660045e+03 1.660632e+03 1.638372e+03
2.7 1.656078e+03 1.672430e+03 1.663359e+03 1.647007e+03
3.7 1.678223e+03 1.684669e+03 1.664858e+03 1.658412e+03
4.7 1.696773e+03 1.692956e+03 1.664451e+03 1.668269e+03
5.7 1.603654e+03 1.669320e+03 1.662083e+03 1.596417e+03
6.7 1.706030e+03 1.665716e+03 1.661650e+03 1.701965e+03
7.7 1.678060e+03 1.687168e+03 1.662536e+03 1.653428e+03
8.7 1.627856e+03 1.682224e+03 1.662775e+03 1.608407e+03
9.7 1.744651e+03 1.667394e+03 1.661832e+03 1.739089e+03
10.7 1.666919e+03 1.661107e+03 1.662466e+03 1.668278e+03
11.7 1.627230e+03 1.662147e+03 1.662297e+03 1.627379e+03
12.7 1.738200e+03 1.670175e+03 1.661131e+03 1.729156e+03
13.7 1.637719e+03 1.654315e+03 1.661984e+03 1.645388e+03
14.7 1.600159e+03 1.656666e+03 1.662552e+03 1.606045e+03
15.7 1.680855e+03 1.654176e+03 1.659761e+03 1.686441e+03
16.7 1.614542e+03 1.645093e+03 1.656641e+03 1.626090e+03
17.7 1.598332e+03 1.651717e+03 1.655001e+03 1.601616e+03
0.4 1.637785e+03 1.660045e+03 1.660632e+03 1.638372e+03
1.4 1.656078e+03 1.672430e+03 1.663359e+03 1.647007e+03
2.4 1.678223e+03 1.684669e+03 1.664858e+03 1.658412e+03
3.4 1.696773e+03 1.692956e+03 1.664451e+03 1.668269e+03
4.4 1.603654e+03 1.669320e+03 1.662083e+03 1.596417e+03
5.4 1.706030e+03 1.665716e+03 1.661650e+03 1.701965e+03
6.4 1.678060e+03 1.687168e+03 1.662536e+03 1.653428e+03
7.4 1.627856e+03 1.682224e+03 1.662775e+03 1.608407e+03
8.4 1.744651e+03 1.667394e+03 1.661832e+03 1.739089e+03
9.4 1.666919e+03 1.661107e+03 1.662466e+03 1.668278e+03
10.4 1.627230e+03 1.662147e+03 1.662297e+03 1.627379e+03
11.4 1.738200e+03 1.670175e+03 1.661131e+03 1.729156e+03
12.4 1.637719e+03 1.654315e+03 1.661984e+03 1.645388e+03
13.4 1.600159e+03 1.656666e+03 1.662552e+03 1.606045e+03
14.4 1.680855e+03 1.654176e+03 1.659761e+03 1.686441e+03
15.4 1.614542e+03 1.645093e+03 1.656641e+03 1.626090e+03
16.4 1.598332e+03 1.651717e+03 1.655001e+03 1.601616e+03
17.4 1.669811e+03 1.654969e+03 1.654588e+03 1.669430e+03
0.4 1.656078e+03 1.672430e+03 1.663359e+03 1.647007e+03
1.4 1.678223e+03 1.684669e+03 1.664858e+03 1.658412e+03
2.4 1.696773e+03 1.692956e+03 1.664451e+03 1.668269e+03
3.4 1.603654e+03 1.669320e+03 1.662083e+03 1.596417e+03
4.4 1.706030e+03 1.665716e+03 1.661650e+03 1.701965e+03
5.4 1.678060e+03 1.687168e+03 1.662536e+03 1.653428e+03
6.4 1.627856e+03 1.682224e+03 1.662775e+03 1.608407e+03
7.4 1.744651e+03 1.667394e+03 1.661832e+03 1.739089e+03
8.4 1.666919e+03 1.661107e+03 1.662466e+03 1.668278e+03
9.4 1.627230e+03 1.662147e+03 1.662297e+03 1.627379e+03
10.4 1.738200e+03 1.670175e+03 1.661131e+03 1.729156e+03
11.4 1.637719e+03 1.654315e+03 1.661984e+03 1.645388e+03
12.4 1.600159e+03 1.656666e+03 1.662552e+03 1.606045e+03
13.4 1.680855e+03 1.654176e+03 1.659761e+03 1.686441e+03
14.4 1.614542e+03 1.645093e+03 1.656641e+03 1.626090e+03
15.4 1.598332e+03 1.651717e+03 1.655001e+03 1.601616e+03
16.4 1.669811e+03 1.654969e+03 1.654588e+03 1.669430e+03
17.4 1.642953e+03 1.659448e+03 1.654851e+03 1.638357e+03
0.5 1.696773e+03 1.692956e+03 1.664451e+03 1.668269e+03
1.5 1.603654e+03 1.669320e+03 1.662083e+03 1.596417e+03
2.5 1.706030e+03 1.665716e+03 1.661650e+03 1.701965e+03
3.5 1.678060e+03 1.687168e+03 1.662536e+03 1.653428e+03
4.5 1.627856e+03 1.682224e+03 1.662775e+03 1.608407e+03
5.5 1.744651e+03 1.667394e+03 1.661832e+03 1.739089e+03
6.5 1.666919e+03 1.661107e+03 1.662466e+03 1.668278e+03
7.5 1.627230e+03 1.662147e+03 1.662297e+03 1.627379e+03
8.5 1.738200e+03 1.670175e+03 1.661131e+03 1.729156e+03
9.5 1.637719e+03 1.654315e+03 1.661984e+03 1.645388e+03
10.5 1.600159e+03 1.656666e+03 1.662552e+03 1.606045e+03
11.5 1.680855e+03 1.654176e+03 1.659761e+03 1.686441e+03
12.5 1.614542e+03 1.645093e+03 1.656641e+03 1.626090e+03
13.5 1.598332e+03 1.651717e+03 1.655001e+03 1.601616e+03
14.5 1.669811e+03 1.654969e+03 1.654588e+03 1.669430e+03
15.5 1.642953e+03 1.659448e+03 1.654851e+03 1.638357e+03
16.5 1.670302e+03 1.653138e+03 1.655430e+03 1.672593e+03
17.5 1.671825e+03 1.646827e+03 1.656103e+03 1.681102e+03
0.3 1.603654e+03 1.669320e+03 1.662083e+03 1.596417e+03
1.3 1.706030e+03 1.665716e+03 1.661650e+03 1.701965e+03
2.3 1.678060e+03 1.687168e+03 1.662536e+03 1.653428e+03
3.3 1.627856e+03 1.682224e+03 1.662775e+03 1.608407e+03
4.3 1.744651e+03 1.667394e+03 1.661832e+03 1.739089e+03
5.3 1.666919e+03 1.661107e+03 1.662466e+03 1.668278e+03
6.3 1.627230e+03 1.662147e+03 1.662297e+03 1.627379e+03
7.3 1.738200e+03 1.670175e+03 1.661131e+03 1.729156e+03
8.3 1.637719e+03 1.654315e+03 1.661984e+03 1.645388e+03
9.3 1.600159e+03 1.656666e+03 1.662552e+03 1.606045e+03
10.3 1.680855e+03 1.654176e+03 1.659761e+03 1.686441e+03
11.3 1.614542e+03 1.645093e+03 1.656641e+03 1.626090e+03
12.3 1.598332e+03 1.651717e+03 1.655001e+03 1.601616e+03
13.3 1.669811e+03 1.654969e+03 1.654588e+03 1.669430e+03
14.3 1.642953e+03 1.659448e+03 1.654851e+03 1.638357e+03
15.3 1.670302e+03 1.653138e+03 1.655430e+03 1.672593e+03
16.3 1.671825e+03 1.646827e+03 1.656103e+03 1.681102e+03
17.3 1.647580e+03 1.637680e+03 1.656747e+03 1.666647e+03
0.2 1.706030e+03 1.665716e+03 1.661650e+03 1.701965e+03
1.2 1.678060e+03 1.687168e+03 1.662536e+03 1.653428e+03
2.2 1.627856e+03 1.682224e+03 1.662775e+03 1.608407e+03
3.2 1.744651e+03 1.667394e+03 1.661832e+03 1.739089e+03
4.2 1.666919e+03 1.661107e+03 1.662466e+03 1.668278e+03
5.2 1.627230e+03 1.662147e+03 1.662297e+03 1.627379e+03
6.2 1.738200e+03 1.670175e+03 1.661131e+03 1.729156e+03
7.2 1.637719e+03 1.654315e+03 1.661984e+03 1.645388e+03
8.2 1.600159e+03 1.656666e+03 1.662552e+03 1.606045e+03
9.2 1.680855e+03 1.654176e+03 1.659761e+03 1.686441e+03
10.2 1.614542e+03 1.645093e+03 1.656641e+03 1.626090e+03
11.2 1.598332e+03 1.651717e+03 1.655001e+03 1.601616e+03
12.2 1.669811e+03 1.654969e+03 1.654588e+03 1.669430e+03
13.2 1.642953e+03 1.659448e+03 1.654851e+03 1.638357e+03
14.2 1.670302e+03 1.653138e+03 1.655430e+03 1.672593e+03
15.2 1.671825e+03 1.646827e+03 1.656103e+03 1.681102e+03
16.2 1.647580e+03 1.637680e+03 1.656747e+03 1.666647e+03
17.2 1.639410e+03 1.668678e+03 1.657320e+03 1.628052e+03
0.6 1.627856e+03 1.682224e+03 1.662775e+03 1.608407e+03
1.6 1.744651e+03 1.667394e+03 1.661832e+03 1.739089e+03
2.6 1.666919e+03 1.661107e+03 1.662466e+03 1.668278e+03
3.6 1.627230e+03 1.662147e+03 1.662297e+03 1.627379e+03
4.6 1.738200e+03 1.670175e+03 1.661131e+03 1.729156e+03
5.6 1.637719e+03 1.654315e+03 1.661984e+03 1.645388e+03
6.6 1.600159e+03 1.656666e+03 1.662552e+03 1.606045e+03
7.6 1.680855e+03 1.654176e+03 1.659761e+03 1.686441e+03
8.6 1.614542e+03 1.645093e+03 1.656641e+03 1.626090e+03
9.6 1.598332e+03 1.651717e+03 1.655001e+03 1.601616e+03
10.6 1.669811e+03 1.654969e+03 1.654588e+03 1.669430e+03
11.6 1.642953e+03 1.659448e+03 1.654851e+03 1.638357e+03
12.6 1.670302e+03 1.653138e+03 1.655430e+03 1.672593e+03
13.6 1.671825e+03 1.646827e+03 1.656103e+03 1.681102e+03
14.6 1.647580e+03 1.637680e+03 1.656747e+03 1.666647e+03
15.6 1.639410e+03 1.668678e+03 1.657320e+03 1.628052e+03
16.6 1.665618e+03 1.664424e+03 1.657824e+03 1.659018e+03
17.6 1.690752e+03 1.655766e+03 1.658283e+03 1.693269e+03
0.4 1.744651e+03 1.667394e+03 1.661832e+03 1.739089e+03
1.4 1.666919e+03 1.661107e+03 1.662466e+03 1.668278e+03
2.4 1.627230e+03 1.662147e+03 1.662297e+03 1.627379e+03
3.4 1.738200e+03 1.670175e+03 1.661131e+03 1.729156e+03
4.4 1.637719e+03 1.654315e+03 1.661984e+03 1.645388e+03
5.4 1.600159e+03 1.656666e+03 1.662552e+03 1.606045e+03
6.4 1.680855e+03 1.654176e+03 1.659761e+03 1.686441e+03
7.4 1.614542e+03 1.645093e+03 1.656641e+03 1.626090e+03
8.4 1.598332e+03 1.651717e+03 1.655001e+03 1.601616e+03
9.4 1.669811e+03 1.654969e+03 1.654588e+03 1.669430e+03
10.4 1.642953e+03 1.659448e+03 1.654851e+03 1.638357e+03
11.4 1.670302e+03 1.653138e+03 1.655430e+03 1.672593e+03
12.4 1.671825e+03 1.646827e+03 1.656103e+03 1.681102e+03
13.4 1.647580e+03 1.637680e+03 1.656747e+03 1.666647e+03
14.4 1.639410e+03 1.668678e+03 1.657320e+03 1.628052e+03
15.4 1.665618e+03 1.664424e+03 1.657824e+03 1.659018e+03
16.4 1.690752e+03 1.655766e+03 1.658283e+03 1.693269e+03
17.4 1.647913e+03 1.653600e+03 1.658721e+03 1.653033e+03
0.6 1.627230e+03 1.662147e+03 1.662297e+03 1.627379e+03
1.6 1.738200e+03 1.670175e+03 1.661131e+03 1.729156e+03
2.6 1.637719e+03 1.654315e+03 1.661984e+03 1.645388e+03
3.6 1.600159e+03 1.656666e+03 1.662552e+03 1.606045e+03
4.6 1.680855e+03 1.654176e+03 1.659761e+03 1.686441e+03
5.6 1.614542e+03 1.645093e+03 1.656641e+03 1.626090e+03
6.6 1.598332e+03 1.651717e+03 1.655001e+03 1.601616e+03
7.6 1.669811e+03 1.654969e+03 1.654588e+03 1.669430e+03
8.6 1.642953e+03 1.659448e+03 1.654851e+03 1.638357e+03
9.6 1.670302e+03 1.653138e+03 1.655430e+03 1.672593e+03
10.6 1.671825e+03 1.646827e+03 1.656103e+03 1.681102e+03
11.6 1.647580e+03 1.637680e+03 1.656747e+03 1.666647e+03
12.6 1.639410e+03 1.668678e+03 1.657320e+03 1.628052e+03
13.6 1.665618e+03 1.664424e+03 1.657824e+03 1.659018e+03
14.6 1.690752e+03 1.655766e+03 1.658283e+03 1.693269e+03
15.6 1.647913e+03 1.653600e+03 1.658721e+03 1.653033e+03
16.6 1.684994e+03 1.658119e+03 1.659150e+03 1.686025e+03
0.4 1.738200e+03 1.670175e+03 1.661131e+03 1.729156e+03
1.4 1.637719e+03 1.654315e+03 1.661984e+03 1.645388e+03
2.4 1.600159e+03 1.656666e+03 1.662552e+03 1.606045e+03
3.4 1.680855e+03 1.654176e+03 1.659761e+03 1.686441e+03
4.4 1.614542e+03 1.645093e+03 1.656641e+03 1.626090e+03
5.4 1.598332e+03 1.651717e+03 1.655001e+03 1.601616e+03
6.4 1.669811e+03 1.654969e+03 1.654588e+03 1.669430e+03
7.4 1.642953e+03 1.659448e+03 1.654851e+03 1.638357e+03
8.4 1.670302e+03 1.653138e+03 1.655430e+03 1.672593e+03
9.4 1.671825e+03 1.646827e+03 1.656103e+03 1.681102e+03
10.4 1.647580e+03 1.637680e+03 1.656747e+03 1.666647e+03
11.4 1.639410e+03 1.668678e+03 1.657320e+03 1.628052e+03
12.4 1.665618e+03 1.664424e+03 1.657824e+03 1.659018e+03
13.4 1.690752e+03 1.655766e+03 1.658283e+03 1.693269e+03
14.4 1.647913e+03 1.653600e+03 1.658721e+03 1.653033e+03
15.4 1.684994e+03 1.658119e+03 1.659150e+03 1.686025e+03
