9.612627e+03 9.589195e+03 9.583341e+03 9.618480e+03
9.643009e+03 9.589127e+03 9.582194e+03 9.649941e+03
9.573501e+03 9.589053e+03 9.595742e+03 9.566811e+03
9.631988e+03 9.588980e+03 9.569623e+03 9.651345e+03
9.608021e+03 9.588911e+03 9.597744e+03 9.599188e+03
9.572371e+03 9.588849e+03 9.572606e+03 9.588614e+03
9.567941e+03 9.588793e+03 9.601072e+03 9.555663e+03
9.573957e+03 9.588743e+03 9.589852e+03 9.572848e+03
9.590752e+03 9.588697e+03 9.594782e+03 9.584667e+03
9.582767e+03 9.588655e+03 9.590760e+03 9.580662e+03
9.588100e+03 9.588618e+03 9.597777e+03 9.578941e+03
9.539812e+03 9.588621e+03 9.602403e+03 9.526030e+03
9.557217e+03 9.592984e+03 9.592680e+03 9.557521e+03
9.582454e+03 9.608426e+03 9.626153e+03 9.564726e+03
9.584823e+03 9.624434e+03 9.626990e+03 9.582267e+03
9.643276e+03 9.629238e+03 9.653686e+03 9.618829e+03
9.640321e+03 9.617091e+03 9.617939e+03 9.639474e+03
9.658581e+03 9.601116e+03 9.612937e+03 9.646760e+03
9.606372e+03 9.590600e+03 9.587125e+03 9.609846e+03
9.615160e+03 9.585662e+03 9.596011e+03 9.604811e+03
9.545727e+03 9.584217e+03 9.582189e+03 9.547755e+03
9.596427e+03 9.584593e+03 9.581284e+03 9.599736e+03
9.620999e+03 9.585642e+03 9.585296e+03 9.621345e+03
9.567922e+03 9.586675e+03 9.572283e+03 9.582313e+03
9.623143e+03 9.587413e+03 9.587851e+03 9.622704e+03
9.594845e+03 9.587843e+03 9.579901e+03 9.602786e+03
9.629680e+03 9.588052e+03 9.593678e+03 9.624054e+03
9.599962e+03 9.588146e+03 9.564296e+03 9.623813e+03
9.557349e+03 9.589566e+03 9.593559e+03 9.553355e+03
9.533689e+03 9.594487e+03 9.572788e+03 9.555389e+03
9.599203e+03 9.599577e+03 9.585405e+03 9.613375e+03
9.604324e+03 9.601091e+03 9.558371e+03 9.647045e+03
9.668991e+03 9.597201e+03 9.592299e+03 9.673893e+03
9.542580e+03 9.592088e+03 9.563894e+03 9.570774e+03
9.601438e+03 9.588715e+03 9.609490e+03 9.580663e+03
9.533756e+03 9.587119e+03 9.584914e+03 9.535960e+03
9.591549e+03 9.586636e+03 9.594893e+03 9.583292e+03
9.574455e+03 9.586732e+03 9.579599e+03 9.581588e+03
9.569270e+03 9.587043e+03 9.590672e+03 9.565640e+03
9.562772e+03 9.587348e+03 9.561102e+03 9.589018e+03
9.603368e+03 9.587569e+03 9.600037e+03 9.590900e+03
9.522781e+03 9.589080e+03 9.565578e+03 9.546283e+03
9.551592e+03 9.594052e+03 9.585121e+03 9.560522e+03
9.532728e+03 9.599165e+03 9.562231e+03 9.569661e+03
9.552938e+03 9.600688e+03 9.576154e+03 9.577472e+03
9.503332e+03 9.596800e+03 9.568072e+03 9.532061e+03
9.528777e+03 9.591689e+03 9.587257e+03 9.533210e+03
9.550072e+03 9.588318e+03 9.589462e+03 9.548928e+03
9.585559e+03 9.586725e+03 9.594197e+03 9.578087e+03
9.596167e+03 9.586247e+03 9.599783e+03 9.582630e+03
9.550457e+03 9.586350e+03 9.588145e+03 9.548662e+03
9.624134e+03 9.586669e+03 9.611530e+03 9.599273e+03
9.659881e+03 9.586984e+03 9.588672e+03 9.658193e+03
9.638019e+03 9.587208e+03 9.611034e+03 9.614192e+03
9.613483e+03 9.587366e+03 9.588712e+03 9.612138e+03
9.632380e+03 9.591811e+03 9.615399e+03 9.608792e+03
9.630293e+03 9.607292e+03 9.591925e+03 9.645660e+03
9.704959e+03 9.623323e+03 9.657552e+03 9.670730e+03
9.665793e+03 9.628147e+03 9.626565e+03 9.667375e+03
9.667637e+03 9.616018e+03 9.646869e+03 9.636786e+03
9.583198e+03 9.600063e+03 9.593447e+03 9.589814e+03
9.637774e+03 9.589568e+03 9.614082e+03 9.613261e+03
9.658759e+03 9.584654e+03 9.576939e+03 9.666474e+03
9.628770e+03 9.583235e+03 9.586339e+03 9.625666e+03
9.524812e+03 9.583639e+03 9.584613e+03 9.523837e+03
9.592325e+03 9.584717e+03 9.591222e+03 9.585820e+03
9.599082e+03 9.585782e+03 9.592710e+03 9.592154e+03
9.626308e+03 9.586552e+03 9.600642e+03 9.612217e+03
9.641090e+03 9.587013e+03 9.601439e+03 9.626664e+03
9.577732e+03 9.587255e+03 9.595998e+03 9.568990e+03
9.617447e+03 9.587410e+03 9.594152e+03 9.610706e+03
9.601854e+03 9.591864e+03 9.610788e+03 9.582931e+03
9.613201e+03 9.607369e+03 9.607405e+03 9.613165e+03
9.645004e+03 9.623433e+03 9.659772e+03 9.608664e+03
9.571673e+03 9.628291e+03 9.629068e+03 9.570895e+03
9.608619e+03 9.616197e+03 9.648338e+03 9.576477e+03
9.561791e+03 9.600273e+03 9.591392e+03 9.570672e+03
9.613649e+03 9.589809e+03 9.614713e+03 9.588745e+03
9.569438e+03 9.584924e+03 9.583359e+03 9.571004e+03
9.605038e+03 9.583533e+03 9.593976e+03 9.594594e+03
9.555145e+03 9.583962e+03 9.581422e+03 9.557685e+03
9.566502e+03 9.585064e+03 9.572426e+03 9.579140e+03
9.599696e+03 9.586147e+03 9.584152e+03 9.601692e+03
9.583597e+03 9.586933e+03 9.571048e+03 9.599482e+03
9.524728e+03 9.587420e+03 9.592380e+03 9.519767e+03
9.562081e+03 9.589077e+03 9.575477e+03 9.575681e+03
9.532440e+03 9.594140e+03 9.576873e+03 9.549707e+03
9.586084e+03 9.599321e+03 9.579303e+03 9.606102e+03
9.596329e+03 9.600905e+03 9.572224e+03 9.625010e+03
9.626008e+03 9.597076e+03 9.573079e+03 9.650004e+03
9.632938e+03 9.592022e+03 9.599387e+03 9.625572e+03
9.650343e+03 9.588704e+03 9.577641e+03 9.661406e+03
9.644380e+03 9.587160e+03 9.605043e+03 9.626496e+03
9.596756e+03 9.586723e+03 9.581930e+03 9.601549e+03
9.625593e+03 9.586861e+03 9.595473e+03 9.616981e+03
9.549541e+03 9.587211e+03 9.575653e+03 9.561100e+03
9.611334e+03 9.587553e+03 9.601874e+03 9.597014e+03
9.581298e+03 9.587810e+03 9.564153e+03 9.604954e+03
9.615348e+03 9.589353e+03 9.599710e+03 9.604991e+03
9.527054e+03 9.594352e+03 9.564922e+03 9.556484e+03
9.604438e+03 9.599489e+03 9.582611e+03 9.621316e+03
9.610501e+03 9.601032e+03 9.553832e+03 9.657700e+03
9.600679e+03 9.597161e+03 9.587949e+03 9.609890e+03
9.526663e+03 9.592063e+03 9.559305e+03 9.559422e+03
9.536723e+03 9.588699e+03 9.604427e+03 9.520995e+03
9.556086e+03 9.587110e+03 9.584378e+03 9.558818e+03
9.556446e+03 9.586631e+03 9.605627e+03 9.537450e+03
9.559505e+03 9.586729e+03 9.577152e+03 9.569082e+03
9.582583e+03 9.587037e+03 9.591768e+03 9.577852e+03
9.527222e+03 9.587335e+03 9.574566e+03 9.539991e+03
9.565157e+03 9.587536e+03 9.590148e+03 9.562546e+03
9.559355e+03 9.587635e+03 9.572324e+03 9.574667e+03
9.567725e+03 9.587673e+03 9.591943e+03 9.563455e+03
9.540767e+03 9.589055e+03 9.578215e+03 9.551607e+03
9.530992e+03 9.593946e+03 9.579794e+03 9.545144e+03
9.570211e+03 9.599006e+03 9.575497e+03 9.593720e+03
9.595953e+03 9.600489e+03 9.575725e+03 9.620717e+03
9.542907e+03 9.596566e+03 9.561995e+03 9.577478e+03
9.570531e+03 9.591421e+03 9.597154e+03 9.564798e+03
9.607804e+03 9.588014e+03 9.579881e+03 9.615937e+03
9.562461e+03 9.586384e+03 9.600284e+03 9.548561e+03
9.570964e+03 9.585864e+03 9.585586e+03 9.571242e+03
9.572982e+03 9.585923e+03 9.595552e+03 9.563354e+03
9.628055e+03 9.586195e+03 9.596820e+03 9.617430e+03
9.594237e+03 9.586462e+03 9.588925e+03 9.591774e+03
9.652741e+03 9.586634e+03 9.609264e+03 9.630112e+03
9.637414e+03 9.586708e+03 9.589146e+03 9.634977e+03
9.613438e+03 9.586748e+03 9.605586e+03 9.594599e+03
9.582051e+03 9.591104e+03 9.584855e+03 9.588300e+03
9.627165e+03 9.606518e+03 9.616327e+03 9.617355e+03
9.702856e+03 9.622490e+03 9.635519e+03 9.689828e+03
9.659525e+03 9.627258e+03 9.641055e+03 9.645729e+03
9.653629e+03 9.615076e+03 9.628511e+03 9.640194e+03
9.615745e+03 9.599068e+03 9.611915e+03 9.602898e+03
9.539856e+03 9.588521e+03 9.589084e+03 9.539293e+03
9.577005e+03 9.583552e+03 9.590811e+03 9.569746e+03
9.650055e+03 9.582076e+03 9.585203e+03 9.646928e+03
9.604874e+03 9.582423e+03 9.586918e+03 9.600378e+03
9.555627e+03 9.583445e+03 9.580319e+03 9.558752e+03
9.595570e+03 9.584455e+03 9.609077e+03 9.570948e+03
9.589915e+03 9.585209e+03 9.577709e+03 9.597415e+03
9.583482e+03 9.590016e+03 9.608209e+03 9.565290e+03
9.559382e+03 9.605684e+03 9.605893e+03 9.559173e+03
9.583252e+03 9.621798e+03 9.646407e+03 9.558643e+03
9.544621e+03 9.626651e+03 9.607440e+03 9.563832e+03
9.627477e+03 9.614529e+03 9.638294e+03 9.603712e+03
9.620046e+03 9.598573e+03 9.579584e+03 9.639035e+03
9.627244e+03 9.588076e+03 9.597838e+03 9.617483e+03
9.625109e+03 9.583162e+03 9.573247e+03 9.635024e+03
9.611458e+03 9.581745e+03 9.587802e+03 9.605400e+03
9.605281e+03 9.582152e+03 9.582374e+03 9.605060e+03
9.623404e+03 9.583238e+03 9.594389e+03 9.612252e+03
9.550615e+03 9.584313e+03 9.591603e+03 9.543325e+03
9.611252e+03 9.585100e+03 9.594074e+03 9.602277e+03
9.567016e+03 9.585585e+03 9.597949e+03 9.554651e+03
9.556753e+03 9.585892e+03 9.597201e+03 9.545444e+03
9.577459e+03 9.590437e+03 9.590364e+03 9.577531e+03
9.637697e+03 9.606001e+03 9.623269e+03 9.620428e+03
9.693868e+03 9.622110e+03 9.625980e+03 9.689999e+03
9.666023e+03 9.627012e+03 9.648217e+03 9.644819e+03
9.635719e+03 9.614963e+03 9.619176e+03 9.631506e+03
9.638481e+03 9.599090e+03 9.609250e+03 9.628321e+03
9.572001e+03 9.588680e+03 9.586689e+03 9.573992e+03
9.580221e+03 9.583852e+03 9.589721e+03 9.574352e+03
9.551592e+03 9.582522e+03 9.579255e+03 9.554858e+03
9.576731e+03 9.583019e+03 9.585576e+03 9.574175e+03
9.590426e+03 9.584196e+03 9.571400e+03 9.603222e+03
9.585506e+03 9.585365e+03 9.585435e+03 9.585436e+03
9.577938e+03 9.586246e+03 9.570494e+03 9.593691e+03
9.616562e+03 9.586825e+03 9.590342e+03 9.613045e+03
9.610937e+03 9.587190e+03 9.562099e+03 9.636027e+03
9.686933e+03 9.587446e+03 9.614247e+03 9.660132e+03
9.577398e+03 9.589033e+03 9.584521e+03 9.581910e+03
9.536863e+03 9.594128e+03 9.581932e+03 9.549060e+03
9.576307e+03 9.599397e+03 9.590540e+03 9.585163e+03
9.524758e+03 9.601090e+03 9.559368e+03 9.566480e+03
9.539341e+03 9.597379e+03 9.600673e+03 9.536047e+03
9.593540e+03 9.592448e+03 9.573291e+03 9.612698e+03
9.590451e+03 9.589266e+03 9.610854e+03 9.568863e+03
