0.5 1.142905e+04 1.143148e+04 1.143531e+04 1.143288e+04
1.5 1.142751e+04 1.144852e+04 1.143241e+04 1.141140e+04
2.5 1.147243e+04 1.142796e+04 1.142232e+04 1.146679e+04
3.5 1.139584e+04 1.142287e+04 1.141186e+04 1.138484e+04
4.5 1.138848e+04 1.141179e+04 1.140867e+04 1.138536e+04
5.5 1.141865e+04 1.142723e+04 1.141647e+04 1.140789e+04
6.5 1.141160e+04 1.142001e+04 1.142675e+04 1.141834e+04
7.5 1.143489e+04 1.144546e+04 1.143350e+04 1.142292e+04
8.5 1.144184e+04 1.142391e+04 1.143662e+04 1.145455e+04
9.5 1.142334e+04 1.144256e+04 1.143749e+04 1.141826e+04
10.5 1.145893e+04 1.143768e+04 1.143717e+04 1.145842e+04
11.5 1.148248e+04 1.146326e+04 1.143642e+04 1.145564e+04
12.5 1.140044e+04 1.145378e+04 1.143568e+04 1.138234e+04
13.5 1.146997e+04 1.145950e+04 1.143513e+04 1.144560e+04
14.5 1.138946e+04 1.144671e+04 1.143478e+04 1.137752e+04
15.5 1.148965e+04 1.145052e+04 1.143458e+04 1.147371e+04
16.5 1.137531e+04 1.143209e+04 1.143446e+04 1.137768e+04
17.5 1.141683e+04 1.143998e+04 1.143438e+04 1.141123e+04
18.5 1.140599e+04 1.143300e+04 1.143432e+04 1.140731e+04
19.5 1.147748e+04 1.145691e+04 1.143427e+04 1.145484e+04
20.5 1.141565e+04 1.145599e+04 1.143423e+04 1.139389e+04
0.5 1.144318e+04 1.141378e+04 1.143465e+04 1.146405e+04
1.5 1.148077e+04 1.143099e+04 1.143185e+04 1.148163e+04
2.5 1.142857e+04 1.139842e+04 1.142186e+04 1.145201e+04
3.5 1.144164e+04 1.140348e+04 1.141150e+04 1.144966e+04
4.5 1.142934e+04 1.140026e+04 1.140841e+04 1.143749e+04
5.5 1.142225e+04 1.142184e+04 1.141630e+04 1.141671e+04
6.5 1.145910e+04 1.141450e+04 1.142668e+04 1.147128e+04
7.5 1.145313e+04 1.142155e+04 1.143352e+04 1.146510e+04
8.5 1.136504e+04 1.142955e+04 1.143674e+04 1.137223e+04
9.5 1.143967e+04 1.143672e+04 1.143769e+04 1.144064e+04
10.5 1.141861e+04 1.145000e+04 1.143746e+04 1.140607e+04
11.5 1.150800e+04 1.144283e+04 1.143680e+04 1.150198e+04
12.5 1.146153e+04 1.144378e+04 1.143615e+04 1.145389e+04
13.5 1.147839e+04 1.144910e+04 1.143569e+04 1.146498e+04
14.5 1.142658e+04 1.143531e+04 1.143543e+04 1.142669e+04
15.5 1.145985e+04 1.143474e+04 1.143531e+04 1.146042e+04
16.5 1.143264e+04 1.143276e+04 1.143527e+04 1.143515e+04
17.5 1.151246e+04 1.144241e+04 1.143527e+04 1.150532e+04
18.5 1.151104e+04 1.144658e+04 1.143528e+04 1.149975e+04
19.5 1.143377e+04 1.145136e+04 1.143530e+04 1.141771e+04
20.5 1.141371e+04 1.144103e+04 1.143533e+04 1.140801e+04
0.5 1.147964e+04 1.144852e+04 1.143552e+04 1.146664e+04
1.5 1.138753e+04 1.143489e+04 1.143270e+04 1.138533e+04
2.5 1.143315e+04 1.143426e+04 1.142269e+04 1.142159e+04
3.5 1.144131e+04 1.141807e+04 1.141232e+04 1.143557e+04
4.5 1.138461e+04 1.141249e+04 1.140922e+04 1.138134e+04
5.5 1.144211e+04 1.142695e+04 1.141711e+04 1.143227e+04
6.5 1.137530e+04 1.143580e+04 1.142748e+04 1.136698e+04
7.5 1.145785e+04 1.144454e+04 1.143431e+04 1.144762e+04
8.5 1.138105e+04 1.143342e+04 1.143753e+04 1.138516e+04
9.5 1.141007e+04 1.144543e+04 1.143848e+04 1.140312e+04
10.5 1.147279e+04 1.145236e+04 1.143825e+04 1.145868e+04
11.5 1.145412e+04 1.147011e+04 1.143759e+04 1.142160e+04
12.5 1.151145e+04 1.144018e+04 1.143694e+04 1.150821e+04
13.5 1.147018e+04 1.148390e+04 1.143648e+04 1.142276e+04
14.5 1.148128e+04 1.146224e+04 1.143622e+04 1.145525e+04
15.5 1.148925e+04 1.144736e+04 1.143610e+04 1.147799e+04
16.5 1.146239e+04 1.146766e+04 1.143607e+04 1.143079e+04
17.5 1.149875e+04 1.146955e+04 1.143607e+04 1.146527e+04
18.5 1.142075e+04 1.145982e+04 1.143610e+04 1.139703e+04
19.5 1.145391e+04 1.145121e+04 1.143613e+04 1.143882e+04
20.5 1.141426e+04 1.141979e+04 1.143617e+04 1.143064e+04
0.5 1.142892e+04 1.140874e+04 1.143654e+04 1.145672e+04
1.5 1.140105e+04 1.143210e+04 1.143373e+04 1.140268e+04
2.5 1.136112e+04 1.140759e+04 1.142374e+04 1.137727e+04
3.5 1.143720e+04 1.141287e+04 1.141338e+04 1.143771e+04
4.5 1.143838e+04 1.139028e+04 1.141028e+04 1.145839e+04
5.5 1.145690e+04 1.141633e+04 1.141818e+04 1.145875e+04
6.5 1.149099e+04 1.140975e+04 1.142856e+04 1.150980e+04
7.5 1.149103e+04 1.143323e+04 1.143539e+04 1.149318e+04
8.5 1.136179e+04 1.142636e+04 1.143861e+04 1.137404e+04
9.5 1.144491e+04 1.143146e+04 1.143956e+04 1.145301e+04
10.5 1.143041e+04 1.143575e+04 1.143933e+04 1.143399e+04
11.5 1.147861e+04 1.142370e+04 1.143866e+04 1.149358e+04
12.5 1.143722e+04 1.143916e+04 1.143800e+04 1.143606e+04
13.5 1.140473e+04 1.142266e+04 1.143753e+04 1.141960e+04
14.5 1.145368e+04 1.143395e+04 1.143726e+04 1.145699e+04
15.5 1.143072e+04 1.140740e+04 1.143710e+04 1.146042e+04
16.5 1.151642e+04 1.142518e+04 1.143419e+04 1.152544e+04
17.5 1.134124e+04 1.139831e+04 1.142414e+04 1.136707e+04
18.5 1.145509e+04 1.141421e+04 1.141374e+04 1.145463e+04
19.5 1.134418e+04 1.142333e+04 1.141060e+04 1.133145e+04
20.5 1.135837e+04 1.142353e+04 1.141846e+04 1.135329e+04
0.5 1.143072e+04 1.140740e+04 1.143710e+04 1.146042e+04
1.5 1.151642e+04 1.142518e+04 1.143419e+04 1.152544e+04
2.5 1.134124e+04 1.139831e+04 1.142414e+04 1.136707e+04
3.5 1.145509e+04 1.141421e+04 1.141374e+04 1.145463e+04
4.5 1.134418e+04 1.142333e+04 1.141060e+04 1.133145e+04
5.5 1.135837e+04 1.142353e+04 1.141846e+04 1.135329e+04
6.5 1.138137e+04 1.140327e+04 1.142879e+04 1.140689e+04
7.5 1.135582e+04 1.141208e+04 1.143558e+04 1.137932e+04
8.5 1.145006e+04 1.140035e+04 1.143875e+04 1.148846e+04
9.5 1.153006e+04 1.146590e+04 1.143965e+04 1.150381e+04
10.5 1.130772e+04 1.141609e+04 1.143937e+04 1.133100e+04
11.5 1.142598e+04 1.144812e+04 1.143864e+04 1.141650e+04
12.5 1.148021e+04 1.143850e+04 1.143792e+04 1.147962e+04
13.5 1.152437e+04 1.145259e+04 1.143736e+04 1.150914e+04
14.5 1.146332e+04 1.144399e+04 1.143417e+04 1.145350e+04
15.5 1.143729e+04 1.144097e+04 1.142393e+04 1.142025e+04
16.5 1.136183e+04 1.140980e+04 1.141340e+04 1.136543e+04
17.5 1.143464e+04 1.141447e+04 1.141017e+04 1.143034e+04
18.5 1.142964e+04 1.140756e+04 1.141794e+04 1.144002e+04
19.5 1.139587e+04 1.142237e+04 1.142819e+04 1.140168e+04
20.5 1.140171e+04 1.142098e+04 1.143490e+04 1.141563e+04
0.5 1.152437e+04 1.145259e+04 1.143736e+04 1.150914e+04
1.5 1.146332e+04 1.144399e+04 1.143417e+04 1.145350e+04
2.5 1.143729e+04 1.144097e+04 1.142393e+04 1.142025e+04
3.5 1.136183e+04 1.140980e+04 1.141340e+04 1.136543e+04
4.5 1.143464e+04 1.141447e+04 1.141017e+04 1.143034e+04
5.5 1.142964e+04 1.140756e+04 1.141794e+04 1.144002e+04
6.5 1.139587e+04 1.142237e+04 1.142819e+04 1.140168e+04
7.5 1.140171e+04 1.142098e+04 1.143490e+04 1.141563e+04
8.5 1.142204e+04 1.143552e+04 1.143799e+04 1.142450e+04
9.5 1.146392e+04 1.143241e+04 1.143880e+04 1.147032e+04
10.5 1.145558e+04 1.144842e+04 1.143843e+04 1.144558e+04
11.5 1.150954e+04 1.145265e+04 1.143761e+04 1.149450e+04
12.5 1.140875e+04 1.145978e+04 1.143680e+04 1.138576e+04
13.5 1.149116e+04 1.144891e+04 1.143616e+04 1.147842e+04
14.5 1.141729e+04 1.145394e+04 1.143572e+04 1.139907e+04
15.5 1.145503e+04 1.143751e+04 1.143542e+04 1.145294e+04
16.5 1.145213e+04 1.146490e+04 1.143518e+04 1.142241e+04
17.5 1.141886e+04 1.143988e+04 1.143498e+04 1.141396e+04
18.5 1.138318e+04 1.144317e+04 1.143479e+04 1.137480e+04
19.5 1.146601e+04 1.141356e+04 1.143459e+04 1.148704e+04
