0.9 7.791176e+03 7.803684e+03 7.776119e+03 7.763611e+03
1.9 7.793753e+03 7.798736e+03 7.778417e+03 7.773434e+03
2.9 7.745375e+03 7.765861e+03 7.783883e+03 7.763397e+03
3.9 7.768715e+03 7.763377e+03 7.784587e+03 7.789925e+03
4.9 7.750139e+03 7.800379e+03 7.783129e+03 7.732890e+03
5.9 7.819511e+03 7.803420e+03 7.772916e+03 7.789007e+03
6.8 7.805610e+03 7.790008e+03 7.764414e+03 7.780016e+03
7.8 7.781269e+03 7.819873e+03 7.768502e+03 7.729898e+03
8.8 7.761021e+03 7.782342e+03 7.780958e+03 7.759637e+03
9.8 7.781103e+03 7.794748e+03 7.795447e+03 7.781802e+03
10.8 7.838244e+03 7.799601e+03 7.795826e+03 7.834470e+03
11.8 7.810359e+03 7.758856e+03 7.789918e+03 7.841421e+03
12.8 7.736268e+03 7.744053e+03 7.784995e+03 7.777211e+03
13.8 7.791903e+03 7.784305e+03 7.782077e+03 7.789676e+03
14.8 7.711607e+03 7.770643e+03 7.780634e+03 7.721599e+03
15.8 7.803199e+03 7.783685e+03 7.780185e+03 7.799700e+03
16.8 7.800459e+03 7.793185e+03 7.780293e+03 7.787567e+03
17.8 7.782830e+03 7.772315e+03 7.780590e+03 7.791106e+03
0.4 7.781269e+03 7.819873e+03 7.768502e+03 7.729898e+03
1.4 7.761021e+03 7.782342e+03 7.780958e+03 7.759637e+03
2.4 7.781103e+03 7.794748e+03 7.795447e+03 7.781802e+03
3.4 7.838244e+03 7.799601e+03 7.795826e+03 7.834470e+03
4.4 7.810359e+03 7.758856e+03 7.789918e+03 7.841421e+03
5.4 7.736268e+03 7.744053e+03 7.784995e+03 7.777211e+03
6.4 7.791903e+03 7.784305e+03 7.782077e+03 7.789676e+03
7.4 7.711607e+03 7.770643e+03 7.780634e+03 7.721599e+03
8.4 7.803199e+03 7.783685e+03 7.780185e+03 7.799700e+03
9.4 7.800459e+03 7.793185e+03 7.780293e+03 7.787567e+03
10.4 7.782830e+03 7.772315e+03 7.780590e+03 7.791106e+03
11.4 7.761863e+03 7.802726e+03 7.780866e+03 7.740003e+03
12.4 7.780443e+03 7.755853e+03 7.781051e+03 7.805641e+03
13.4 7.782051e+03 7.785908e+03 7.781156e+03 7.777299e+03
14.4 7.852330e+03 7.807478e+03 7.781211e+03 7.826063e+03
15.4 7.760461e+03 7.768382e+03 7.781240e+03 7.773319e+03
16.4 7.683546e+03 7.747337e+03 7.781259e+03 7.717467e+03
17.4 7.757629e+03 7.773459e+03 7.781274e+03 7.765444e+03
0.8 7.805857e+03 7.822717e+03 7.765982e+03 7.749122e+03
1.8 7.816482e+03 7.809591e+03 7.781976e+03 7.788867e+03
2.8 7.801509e+03 7.824148e+03 7.794398e+03 7.771759e+03
3.8 7.783356e+03 7.783321e+03 7.792763e+03 7.792799e+03
4.8 7.807090e+03 7.821101e+03 7.787092e+03 7.773081e+03
5.8 7.836376e+03 7.805354e+03 7.778165e+03 7.809188e+03
6.8 7.764491e+03 7.803400e+03 7.777803e+03 7.738893e+03
7.8 7.769291e+03 7.761812e+03 7.784001e+03 7.791481e+03
8.8 7.723875e+03 7.763065e+03 7.785171e+03 7.745981e+03
9.8 7.727896e+03 7.746417e+03 7.783795e+03 7.765274e+03
10.8 7.696319e+03 7.743496e+03 7.782663e+03 7.735486e+03
11.8 7.811309e+03 7.771417e+03 7.782044e+03 7.821936e+03
12.8 7.779459e+03 7.771419e+03 7.781732e+03 7.789773e+03
13.8 7.800153e+03 7.788872e+03 7.781642e+03 7.792923e+03
14.8 7.804521e+03 7.785717e+03 7.781703e+03 7.800508e+03
15.8 7.783389e+03 7.787851e+03 7.781825e+03 7.777364e+03
16.8 7.780817e+03 7.810010e+03 7.781942e+03 7.752749e+03
17.8 7.735987e+03 7.785751e+03 7.782025e+03 7.732261e+03
0.6 7.836376e+03 7.805354e+03 7.778165e+03 7.809188e+03
1.6 7.764491e+03 7.803400e+03 7.777803e+03 7.738893e+03
2.6 7.769291e+03 7.761812e+03 7.784001e+03 7.791481e+03
3.6 7.723875e+03 7.763065e+03 7.785171e+03 7.745981e+03
4.6 7.727896e+03 7.746417e+03 7.783795e+03 7.765274e+03
5.6 7.696319e+03 7.743496e+03 7.782663e+03 7.735486e+03
6.6 7.811309e+03 7.771417e+03 7.782044e+03 7.821936e+03
7.6 7.779459e+03 7.771419e+03 7.781732e+03 7.789773e+03
8.6 7.800153e+03 7.788872e+03 7.781642e+03 7.792923e+03
9.6 7.804521e+03 7.785717e+03 7.781703e+03 7.800508e+03
10.6 7.783389e+03 7.787851e+03 7.781825e+03 7.777364e+03
11.6 7.780817e+03 7.810010e+03 7.781942e+03 7.752749e+03
12.6 7.735987e+03 7.785751e+03 7.782025e+03 7.732261e+03
13.6 7.722456e+03 7.779350e+03 7.782074e+03 7.725180e+03
14.6 7.785545e+03 7.773751e+03 7.782093e+03 7.793888e+03
15.6 7.762590e+03 7.755262e+03 7.782092e+03 7.789420e+03
16.6 7.781545e+03 7.756982e+03 7.782073e+03 7.806636e+03
17.6 7.729211e+03 7.751875e+03 7.782038e+03 7.759375e+03
1.0 7.794091e+03 7.763013e+03 7.773448e+03 7.804526e+03
2.0 7.763238e+03 7.800723e+03 7.798320e+03 7.760835e+03
3.0 7.889663e+03 7.840140e+03 7.829246e+03 7.878769e+03
4.0 7.725728e+03 7.806028e+03 7.829009e+03 7.748709e+03
5.0 7.824996e+03 7.785314e+03 7.808829e+03 7.848510e+03
6.0 7.778297e+03 7.781730e+03 7.791535e+03 7.788102e+03
7.0 7.677341e+03 7.775391e+03 7.778935e+03 7.680885e+03
8.0 7.759244e+03 7.780710e+03 7.769649e+03 7.748183e+03
9.0 7.765599e+03 7.779198e+03 7.773615e+03 7.760016e+03
10.0 7.785428e+03 7.755213e+03 7.781498e+03 7.811713e+03
11.0 7.835047e+03 7.787275e+03 7.783135e+03 7.830908e+03
12.0 7.787441e+03 7.791369e+03 7.782116e+03 7.778188e+03
13.0 7.752881e+03 7.771523e+03 7.781156e+03 7.762514e+03
14.0 7.866655e+03 7.811609e+03 7.780561e+03 7.835608e+03
15.0 7.762618e+03 7.779297e+03 7.780251e+03 7.763572e+03
16.0 7.792689e+03 7.773748e+03 7.780188e+03 7.799128e+03
17.0 7.838494e+03 7.802348e+03 7.780293e+03 7.816439e+03
18.0 7.786792e+03 7.772349e+03 7.780471e+03 7.794914e+03
0.1 7.794091e+03 7.763013e+03 7.773448e+03 7.804526e+03
1.1 7.763238e+03 7.800723e+03 7.798320e+03 7.760835e+03
2.1 7.889663e+03 7.840140e+03 7.829246e+03 7.878769e+03
3.1 7.725728e+03 7.806028e+03 7.829009e+03 7.748709e+03
4.1 7.824996e+03 7.785314e+03 7.808829e+03 7.848510e+03
5.1 7.778297e+03 7.781730e+03 7.791535e+03 7.788102e+03
6.1 7.677341e+03 7.775391e+03 7.778935e+03 7.680885e+03
7.1 7.759244e+03 7.780710e+03 7.769649e+03 7.748183e+03
8.1 7.765599e+03 7.779198e+03 7.773615e+03 7.760016e+03
9.1 7.785428e+03 7.755213e+03 7.781498e+03 7.811713e+03
10.1 7.835047e+03 7.787275e+03 7.783135e+03 7.830908e+03
11.1 7.787441e+03 7.791369e+03 7.782116e+03 7.778188e+03
12.1 7.752881e+03 7.771523e+03 7.781156e+03 7.762514e+03
13.1 7.866655e+03 7.811609e+03 7.780561e+03 7.835608e+03
14.1 7.762618e+03 7.779297e+03 7.780251e+03 7.763572e+03
15.1 7.792689e+03 7.773748e+03 7.780188e+03 7.799128e+03
16.1 7.838494e+03 7.802348e+03 7.780293e+03 7.816439e+03
17.1 7.786792e+03 7.772349e+03 7.780471e+03 7.794914e+03
0.6 7.759244e+03 7.780710e+03 7.769649e+03 7.748183e+03
1.6 7.765599e+03 7.779198e+03 7.773615e+03 7.760016e+03
2.6 7.785428e+03 7.755213e+03 7.781498e+03 7.811713e+03
3.6 7.835047e+03 7.787275e+03 7.783135e+03 7.830908e+03
4.6 7.787441e+03 7.791369e+03 7.782116e+03 7.778188e+03
5.6 7.752881e+03 7.771523e+03 7.781156e+03 7.762514e+03
6.6 7.866655e+03 7.811609e+03 7.780561e+03 7.835608e+03
7.6 7.762618e+03 7.779297e+03 7.780251e+03 7.763572e+03
8.6 7.792689e+03 7.773748e+03 7.780188e+03 7.799128e+03
9.6 7.838494e+03 7.802348e+03 7.780293e+03 7.816439e+03
10.6 7.786792e+03 7.772349e+03 7.780471e+03 7.794914e+03
11.6 7.757487e+03 7.781957e+03 7.780651e+03 7.756181e+03
12.6 7.825380e+03 7.772552e+03 7.780811e+03 7.833639e+03
13.6 7.727406e+03 7.775719e+03 7.780946e+03 7.732633e+03
14.6 7.773564e+03 7.752755e+03 7.781064e+03 7.801873e+03
15.6 7.825253e+03 7.800652e+03 7.781173e+03 7.805775e+03
16.6 7.816227e+03 7.769578e+03 7.781277e+03 7.827926e+03
17.6 7.704518e+03 7.787496e+03 7.781379e+03 7.698400e+03
0.2 7.782653e+03 7.760909e+03 7.757984e+03 7.779728e+03
1.2 7.742342e+03 7.740584e+03 7.764834e+03 7.766592e+03
2.2 7.823066e+03 7.802629e+03 7.780542e+03 7.800980e+03
3.2 7.789889e+03 7.788996e+03 7.804240e+03 7.805133e+03
4.2 7.745739e+03 7.757648e+03 7.813306e+03 7.801397e+03
5.2 7.768376e+03 7.780228e+03 7.803310e+03 7.791458e+03
6.2 7.820682e+03 7.781632e+03 7.791455e+03 7.830505e+03
7.2 7.741424e+03 7.779989e+03 7.778771e+03 7.740206e+03
8.2 7.793227e+03 7.798117e+03 7.758250e+03 7.753359e+03
9.2 7.758914e+03 7.788415e+03 7.752092e+03 7.722591e+03
10.2 7.792481e+03 7.765905e+03 7.760640e+03 7.787216e+03
11.2 7.876031e+03 7.794957e+03 7.777063e+03 7.858137e+03
12.2 7.808430e+03 7.797217e+03 7.796426e+03 7.807639e+03
13.2 7.766629e+03 7.787929e+03 7.811413e+03 7.790114e+03
14.2 7.770308e+03 7.787938e+03 7.805391e+03 7.787761e+03
15.2 7.773328e+03 7.810432e+03 7.792888e+03 7.755785e+03
16.2 7.762695e+03 7.784061e+03 7.779225e+03 7.757860e+03
17.2 7.819882e+03 7.802889e+03 7.775957e+03 7.792949e+03
0.9 7.823066e+03 7.802629e+03 7.780542e+03 7.800980e+03
1.9 7.789889e+03 7.788996e+03 7.804240e+03 7.805133e+03
2.9 7.745739e+03 7.757648e+03 7.813306e+03 7.801397e+03
3.9 7.768376e+03 7.780228e+03 7.803310e+03 7.791458e+03
4.9 7.820682e+03 7.781632e+03 7.791455e+03 7.830505e+03
5.9 7.741424e+03 7.779989e+03 7.778771e+03 7.740206e+03
6.9 7.793227e+03 7.798117e+03 7.758250e+03 7.753359e+03
7.9 7.758914e+03 7.788415e+03 7.752092e+03 7.722591e+03
8.9 7.792481e+03 7.765905e+03 7.760640e+03 7.787216e+03
9.9 7.876031e+03 7.794957e+03 7.777063e+03 7.858137e+03
10.9 7.808430e+03 7.797217e+03 7.796426e+03 7.807639e+03
11.9 7.766629e+03 7.787929e+03 7.811413e+03 7.790114e+03
12.9 7.770308e+03 7.787938e+03 7.805391e+03 7.787761e+03
13.9 7.773328e+03 7.810432e+03 7.792888e+03 7.755785e+03
14.9 7.762695e+03 7.784061e+03 7.779225e+03 7.757860e+03
15.9 7.819882e+03 7.802889e+03 7.775957e+03 7.792949e+03
16.9 7.776008e+03 7.796695e+03 7.781757e+03 7.761070e+03
17.9 7.755271e+03 7.735504e+03 7.783409e+03 7.803176e+03
0.4 7.758914e+03 7.788415e+03 7.752092e+03 7.722591e+03
1.4 7.792481e+03 7.765905e+03 7.760640e+03 7.787216e+03
2.4 7.876031e+03 7.794957e+03 7.777063e+03 7.858137e+03
3.4 7.808430e+03 7.797217e+03 7.796426e+03 7.807639e+03
4.4 7.766629e+03 7.787929e+03 7.811413e+03 7.790114e+03
5.4 7.770308e+03 7.787938e+03 7.805391e+03 7.787761e+03
6.4 7.773328e+03 7.810432e+03 7.792888e+03 7.755785e+03
7.4 7.762695e+03 7.784061e+03 7.779225e+03 7.757860e+03
8.4 7.819882e+03 7.802889e+03 7.775957e+03 7.792949e+03
9.4 7.776008e+03 7.796695e+03 7.781757e+03 7.761070e+03
10.4 7.755271e+03 7.735504e+03 7.783409e+03 7.803176e+03
11.4 7.801663e+03 7.759860e+03 7.782216e+03 7.824019e+03
12.4 7.739797e+03 7.789559e+03 7.776673e+03 7.726911e+03
13.4 7.819218e+03 7.779522e+03 7.774151e+03 7.813847e+03
14.4 7.796574e+03 7.791588e+03 7.782308e+03 7.787294e+03
15.4 7.744678e+03 7.763907e+03 7.787043e+03 7.767814e+03
16.4 7.778229e+03 7.753629e+03 7.785928e+03 7.810528e+03
17.4 7.794856e+03 7.784249e+03 7.783903e+03 7.794511e+03
0.6 7.876031e+03 7.794957e+03 7.777063e+03 7.858137e+03
1.6 7.808430e+03 7.797217e+03 7.796426e+03 7.807639e+03
2.6 7.766629e+03 7.787929e+03 7.811413e+03 7.790114e+03
3.6 7.770308e+03 7.787938e+03 7.805391e+03 7.787761e+03
4.6 7.773328e+03 7.810432e+03 7.792888e+03 7.755785e+03
5.6 7.762695e+03 7.784061e+03 7.779225e+03 7.757860e+03
6.6 7.819882e+03 7.802889e+03 7.775957e+03 7.792949e+03
7.6 7.776008e+03 7.796695e+03 7.781757e+03 7.761070e+03
8.6 7.755271e+03 7.735504e+03 7.783409e+03 7.803176e+03
9.6 7.801663e+03 7.759860e+03 7.782216e+03 7.824019e+03
10.6 7.739797e+03 7.789559e+03 7.776673e+03 7.726911e+03
11.6 7.819218e+03 7.779522e+03 7.774151e+03 7.813847e+03
12.6 7.796574e+03 7.791588e+03 7.782308e+03 7.787294e+03
13.6 7.744678e+03 7.763907e+03 7.787043e+03 7.767814e+03
14.6 7.778229e+03 7.753629e+03 7.785928e+03 7.810528e+03
15.6 7.794856e+03 7.784249e+03 7.783903e+03 7.794511e+03
16.6 7.754498e+03 7.754837e+03 7.782580e+03 7.782241e+03
17.6 7.747406e+03 7.783634e+03 7.781841e+03 7.745613e+03
0.5 7.762695e+03 7.784061e+03 7.779225e+03 7.757860e+03
1.5 7.819882e+03 7.802889e+03 7.775957e+03 7.792949e+03
2.5 7.776008e+03 7.796695e+03 7.781757e+03 7.761070e+03
3.5 7.755271e+03 7.735504e+03 7.783409e+03 7.803176e+03
4.5 7.801663e+03 7.759860e+03 7.782216e+03 7.824019e+03
5.5 7.739797e+03 7.789559e+03 7.776673e+03 7.726911e+03
6.5 7.819218e+03 7.779522e+03 7.774151e+03 7.813847e+03
7.5 7.796574e+03 7.791588e+03 7.782308e+03 7.787294e+03
8.5 7.744678e+03 7.763907e+03 7.787043e+03 7.767814e+03
9.5 7.778229e+03 7.753629e+03 7.785928e+03 7.810528e+03
10.5 7.794856e+03 7.784249e+03 7.783903e+03 7.794511e+03
11.5 7.754498e+03 7.754837e+03 7.782580e+03 7.782241e+03
12.5 7.747406e+03 7.783634e+03 7.781841e+03 7.745613e+03
13.5 7.758218e+03 7.771343e+03 7.781502e+03 7.768377e+03
14.5 7.826904e+03 7.794473e+03 7.781440e+03 7.813871e+03
15.5 7.743241e+03 7.800533e+03 7.781520e+03 7.724228e+03
16.5 7.805029e+03 7.806570e+03 7.781299e+03 7.779758e+03
17.5 7.875947e+03 7.805186e+03 7.764652e+03 7.835413e+03
0.0 7.739797e+03 7.789559e+03 7.776673e+03 7.726911e+03
1.0 7.819218e+03 7.779522e+03 7.774151e+03 7.813847e+03
2.0 7.796574e+03 7.791588e+03 7.782308e+03 7.787294e+03
3.0 7.744678e+03 7.763907e+03 7.787043e+03 7.767814e+03
4.0 7.778229e+03 7.753629e+03 7.785928e+03 7.810528e+03
5.0 7.794856e+03 7.784249e+03 7.783903e+03 7.794511e+03
6.0 7.754498e+03 7.754837e+03 7.782580e+03 7.782241e+03
7.0 7.747406e+03 7.783634e+03 7.781841e+03 7.745613e+03
8.0 7.758218e+03 7.771343e+03 7.781502e+03 7.768377e+03
9.0 7.826904e+03 7.794473e+03 7.781440e+03 7.813871e+03
10.0 7.743241e+03 7.800533e+03 7.781520e+03 7.724228e+03
11.0 7.805029e+03 7.806570e+03 7.781299e+03 7.779758e+03
12.0 7.875947e+03 7.805186e+03 7.764652e+03 7.835413e+03
13.0 7.650198e+03 7.784637e+03 7.746423e+03 7.611984e+03
14.0 7.721993e+03 7.766866e+03 7.744105e+03 7.699233e+03
15.0 7.761307e+03 7.783416e+03 7.752543e+03 7.730433e+03
16.0 7.837015e+03 7.800125e+03 7.767734e+03 7.804624e+03
17.0 7.743947e+03 7.806485e+03 7.790347e+03 7.727809e+03
0.9 7.837015e+03 7.800125e+03 7.767734e+03 7.804624e+03
1.9 7.743947e+03 7.806485e+03 7.790347e+03 7.727809e+03
2.9 7.863100e+03 7.834399e+03 7.821488e+03 7.850189e+03
3.9 7.778007e+03 7.805380e+03 7.828722e+03 7.801349e+03
4.9 7.848793e+03 7.782198e+03 7.811775e+03 7.878370e+03
5.9 7.803067e+03 7.799768e+03 7.794387e+03 7.797686e+03
6.9 7.763099e+03 7.779481e+03 7.783897e+03 7.767515e+03
7.9 7.835669e+03 7.763530e+03 7.778893e+03 7.851032e+03
8.9 7.779811e+03 7.801199e+03 7.776562e+03 7.755173e+03
9.9 7.816055e+03 7.802469e+03 7.762213e+03 7.775798e+03
10.9 7.839019e+03 7.797214e+03 7.748558e+03 7.790363e+03
11.9 7.820030e+03 7.762035e+03 7.757765e+03 7.815760e+03
12.9 7.770324e+03 7.741095e+03 7.776477e+03 7.805706e+03
13.9 7.848160e+03 7.789545e+03 7.799859e+03 7.858474e+03
14.9 7.737112e+03 7.787064e+03 7.809036e+03 7.759085e+03
15.9 7.793461e+03 7.757775e+03 7.800751e+03 7.836437e+03
16.9 7.754198e+03 7.747637e+03 7.790539e+03 7.797100e+03
17.9 7.738909e+03 7.716584e+03 7.783970e+03 7.806294e+03
0.9 7.743947e+03 7.806485e+03 7.790347e+03 7.727809e+03
1.9 7.863100e+03 7.834399e+03 7.821488e+03 7.850189e+03
2.9 7.778007e+03 7.805380e+03 7.828722e+03 7.801349e+03
3.9 7.848793e+03 7.782198e+03 7.811775e+03 7.878370e+03
4.9 7.803067e+03 7.799768e+03 7.794387e+03 7.797686e+03
5.9 7.763099e+03 7.779481e+03 7.783897e+03 7.767515e+03
6.9 7.835669e+03 7.763530e+03 7.778893e+03 7.851032e+03
7.9 7.779811e+03 7.801199e+03 7.776562e+03 7.755173e+03
8.9 7.816055e+03 7.802469e+03 7.762213e+03 7.775798e+03
9.9 7.839019e+03 7.797214e+03 7.748558e+03 7.790363e+03
10.9 7.820030e+03 7.762035e+03 7.757765e+03 7.815760e+03
11.9 7.770324e+03 7.741095e+03 7.776477e+03 7.805706e+03
12.9 7.848160e+03 7.789545e+03 7.799859e+03 7.858474e+03
13.9 7.737112e+03 7.787064e+03 7.809036e+03 7.759085e+03
14.9 7.793461e+03 7.757775e+03 7.800751e+03 7.836437e+03
15.9 7.754198e+03 7.747637e+03 7.790539e+03 7.797100e+03
16.9 7.738909e+03 7.716584e+03 7.783970e+03 7.806294e+03
17.9 7.776631e+03 7.765843e+03 7.780622e+03 7.791410e+03
0.6 7.839019e+03 7.797214e+03 7.748558e+03 7.790363e+03
1.6 7.820030e+03 7.762035e+03 7.757765e+03 7.815760e+03
2.6 7.770324e+03 7.741095e+03 7.776477e+03 7.805706e+03
3.6 7.848160e+03 7.789545e+03 7.799859e+03 7.858474e+03
4.6 7.737112e+03 7.787064e+03 7.809036e+03 7.759085e+03
5.6 7.793461e+03 7.757775e+03 7.800751e+03 7.836437e+03
6.6 7.754198e+03 7.747637e+03 7.790539e+03 7.797100e+03
7.6 7.738909e+03 7.716584e+03 7.783970e+03 7.806294e+03
8.6 7.776631e+03 7.765843e+03 7.780622e+03 7.791410e+03
9.6 7.748559e+03 7.744676e+03 7.779419e+03 7.783302e+03
10.6 7.699834e+03 7.715140e+03 7.779481e+03 7.764176e+03
11.6 7.720371e+03 7.748677e+03 7.780082e+03 7.751776e+03
12.6 7.763529e+03 7.784309e+03 7.780736e+03 7.759956e+03
13.6 7.855711e+03 7.841162e+03 7.781243e+03 7.795792e+03
14.6 7.761073e+03 7.808751e+03 7.781588e+03 7.733910e+03
15.6 7.768468e+03 7.787256e+03 7.781815e+03 7.763026e+03
16.6 7.737825e+03 7.761521e+03 7.781964e+03 7.758268e+03
17.6 7.635464e+03 7.762779e+03 7.782071e+03 7.654756e+03
0.9 7.770324e+03 7.741095e+03 7.776477e+03 7.805706e+03
1.9 7.848160e+03 7.789545e+03 7.799859e+03 7.858474e+03
2.9 7.737112e+03 7.787064e+03 7.809036e+03 7.759085e+03
3.9 7.793461e+03 7.757775e+03 7.800751e+03 7.836437e+03
4.9 7.754198e+03 7.747637e+03 7.790539e+03 7.797100e+03
5.9 7.738909e+03 7.716584e+03 7.783970e+03 7.806294e+03
6.9 7.776631e+03 7.765843e+03 7.780622e+03 7.791410e+03
7.9 7.748559e+03 7.744676e+03 7.779419e+03 7.783302e+03
8.9 7.699834e+03 7.715140e+03 7.779481e+03 7.764176e+03
9.9 7.720371e+03 7.748677e+03 7.780082e+03 7.751776e+03
10.9 7.763529e+03 7.784309e+03 7.780736e+03 7.759956e+03
11.9 7.855711e+03 7.841162e+03 7.781243e+03 7.795792e+03
12.9 7.761073e+03 7.808751e+03 7.781588e+03 7.733910e+03
13.9 7.768468e+03 7.787256e+03 7.781815e+03 7.763026e+03
14.9 7.737825e+03 7.761521e+03 7.781964e+03 7.758268e+03
15.9 7.635464e+03 7.762779e+03 7.782071e+03 7.654756e+03
16.9 7.824519e+03 7.788695e+03 7.782155e+03 7.817979e+03
17.9 7.720076e+03 7.750615e+03 7.782228e+03 7.751689e+03
0.5 7.771017e+03 7.768267e+03 7.749727e+03 7.752477e+03
1.5 7.743596e+03 7.762885e+03 7.773285e+03 7.753996e+03
2.5 7.752087e+03 7.804301e+03 7.802331e+03 7.750117e+03
3.5 7.834784e+03 7.791271e+03 7.829314e+03 7.872827e+03
4.5 7.794997e+03 7.800693e+03 7.825169e+03 7.819472e+03
5.5 7.841506e+03 7.808703e+03 7.806210e+03 7.839013e+03
6.5 7.832789e+03 7.803323e+03 7.785009e+03 7.814475e+03
7.5 7.795519e+03 7.824098e+03 7.766103e+03 7.737524e+03
8.5 7.875079e+03 7.808123e+03 7.766872e+03 7.833828e+03
9.5 7.780729e+03 7.784663e+03 7.784441e+03 7.780508e+03
10.5 7.748918e+03 7.769248e+03 7.792252e+03 7.771922e+03
11.5 7.734458e+03 7.754246e+03 7.789623e+03 7.769835e+03
12.5 7.712166e+03 7.745657e+03 7.785715e+03 7.752223e+03
13.5 7.770013e+03 7.763849e+03 7.783063e+03 7.789227e+03
14.5 7.750815e+03 7.773973e+03 7.780955e+03 7.757797e+03
15.5 7.856077e+03 7.785305e+03 7.758508e+03 7.829280e+03
16.5 7.765317e+03 7.762389e+03 7.730890e+03 7.733819e+03
17.5 7.686140e+03 7.732560e+03 7.722372e+03 7.675953e+03
0.2 7.743596e+03 7.762885e+03 7.773285e+03 7.753996e+03
1.2 7.752087e+03 7.804301e+03 7.802331e+03 7.750117e+03
2.2 7.834784e+03 7.791271e+03 7.829314e+03 7.872827e+03
3.2 7.794997e+03 7.800693e+03 7.825169e+03 7.819472e+03
4.2 7.841506e+03 7.808703e+03 7.806210e+03 7.839013e+03
5.2 7.832789e+03 7.803323e+03 7.785009e+03 7.814475e+03
6.2 7.795519e+03 7.824098e+03 7.766103e+03 7.737524e+03
7.2 7.875079e+03 7.808123e+03 7.766872e+03 7.833828e+03
8.2 7.780729e+03 7.784663e+03 7.784441e+03 7.780508e+03
9.2 7.748918e+03 7.769248e+03 7.792252e+03 7.771922e+03
10.2 7.734458e+03 7.754246e+03 7.789623e+03 7.769835e+03
11.2 7.712166e+03 7.745657e+03 7.785715e+03 7.752223e+03
12.2 7.770013e+03 7.763849e+03 7.783063e+03 7.789227e+03
13.2 7.750815e+03 7.773973e+03 7.780955e+03 7.757797e+03
14.2 7.856077e+03 7.785305e+03 7.758508e+03 7.829280e+03
15.2 7.765317e+03 7.762389e+03 7.730890e+03 7.733819e+03
16.2 7.686140e+03 7.732560e+03 7.722372e+03 7.675953e+03
17.2 7.776967e+03 7.766031e+03 7.734569e+03 7.745505e+03
0.1 7.795519e+03 7.824098e+03 7.766103e+03 7.737524e+03
1.1 7.875079e+03 7.808123e+03 7.766872e+03 7.833828e+03
2.1 7.780729e+03 7.784663e+03 7.784441e+03 7.780508e+03
3.1 7.748918e+03 7.769248e+03 7.792252e+03 7.771922e+03
4.1 7.734458e+03 7.754246e+03 7.789623e+03 7.769835e+03
5.1 7.712166e+03 7.745657e+03 7.785715e+03 7.752223e+03
6.1 7.770013e+03 7.763849e+03 7.783063e+03 7.789227e+03
7.1 7.750815e+03 7.773973e+03 7.780955e+03 7.757797e+03
8.1 7.856077e+03 7.785305e+03 7.758508e+03 7.829280e+03
9.1 7.765317e+03 7.762389e+03 7.730890e+03 7.733819e+03
10.1 7.686140e+03 7.732560e+03 7.722372e+03 7.675953e+03
11.1 7.776967e+03 7.766031e+03 7.734569e+03 7.745505e+03
12.1 7.732996e+03 7.738353e+03 7.759654e+03 7.754297e+03
13.1 7.809429e+03 7.774231e+03 7.790517e+03 7.825715e+03
14.1 7.759435e+03 7.797852e+03 7.820272e+03 7.781855e+03
15.1 7.764057e+03 7.804793e+03 7.845472e+03 7.804736e+03
16.1 7.827577e+03 7.817052e+03 7.837421e+03 7.847947e+03
17.1 7.790981e+03 7.781337e+03 7.811247e+03 7.820891e+03
0.6 7.776967e+03 7.766031e+03 7.734569e+03 7.745505e+03
1.6 7.732996e+03 7.738353e+03 7.759654e+03 7.754297e+03
2.6 7.809429e+03 7.774231e+03 7.790517e+03 7.825715e+03
3.6 7.759435e+03 7.797852e+03 7.820272e+03 7.781855e+03
4.6 7.764057e+03 7.804793e+03 7.845472e+03 7.804736e+03
5.6 7.827577e+03 7.817052e+03 7.837421e+03 7.847947e+03
6.6 7.790981e+03 7.781337e+03 7.811247e+03 7.820891e+03
7.6 7.754221e+03 7.798548e+03 7.790676e+03 7.746349e+03
8.6 7.826131e+03 7.800258e+03 7.775819e+03 7.801692e+03
9.6 7.810539e+03 7.818195e+03 7.759593e+03 7.751937e+03
10.6 7.811469e+03 7.816026e+03 7.758906e+03 7.754350e+03
11.6 7.753505e+03 7.789474e+03 7.776233e+03 7.740264e+03
12.6 7.818661e+03 7.796920e+03 7.791405e+03 7.813145e+03
13.6 7.767633e+03 7.811950e+03 7.791357e+03 7.747041e+03
14.6 7.806188e+03 7.778182e+03 7.786570e+03 7.814575e+03
15.6 7.765750e+03 7.782495e+03 7.782871e+03 7.766127e+03
16.6 7.745680e+03 7.760115e+03 7.780721e+03 7.766286e+03
17.6 7.759224e+03 7.763364e+03 7.779721e+03 7.775582e+03
0.4 7.732996e+03 7.738353e+03 7.759654e+03 7.754297e+03
1.4 7.809429e+03 7.774231e+03 7.790517e+03 7.825715e+03
2.4 7.759435e+03 7.797852e+03 7.820272e+03 7.781855e+03
3.4 7.764057e+03 7.804793e+03 7.845472e+03 7.804736e+03
4.4 7.827577e+03 7.817052e+03 7.837421e+03 7.847947e+03
5.4 7.790981e+03 7.781337e+03 7.811247e+03 7.820891e+03
6.4 7.754221e+03 7.798548e+03 7.790676e+03 7.746349e+03
7.4 7.826131e+03 7.800258e+03 7.775819e+03 7.801692e+03
8.4 7.810539e+03 7.818195e+03 7.759593e+03 7.751937e+03
9.4 7.811469e+03 7.816026e+03 7.758906e+03 7.754350e+03
10.4 7.753505e+03 7.789474e+03 7.776233e+03 7.740264e+03
11.4 7.818661e+03 7.796920e+03 7.791405e+03 7.813145e+03
12.4 7.767633e+03 7.811950e+03 7.791357e+03 7.747041e+03
13.4 7.806188e+03 7.778182e+03 7.786570e+03 7.814575e+03
14.4 7.765750e+03 7.782495e+03 7.782871e+03 7.766127e+03
15.4 7.745680e+03 7.760115e+03 7.780721e+03 7.766286e+03
16.4 7.759224e+03 7.763364e+03 7.779721e+03 7.775582e+03
17.4 7.729788e+03 7.767169e+03 7.779542e+03 7.742160e+03
0.1 7.809429e+03 7.774231e+03 7.790517e+03 7.825715e+03
1.1 7.759435e+03 7.797852e+03 7.820272e+03 7.781855e+03
2.1 7.764057e+03 7.804793e+03 7.845472e+03 7.804736e+03
3.1 7.827577e+03 7.817052e+03 7.837421e+03 7.847947e+03
4.1 7.790981e+03 7.781337e+03 7.811247e+03 7.820891e+03
5.1 7.754221e+03 7.798548e+03 7.790676e+03 7.746349e+03
6.1 7.826131e+03 7.800258e+03 7.775819e+03 7.801692e+03
7.1 7.810539e+03 7.818195e+03 7.759593e+03 7.751937e+03
8.1 7.811469e+03 7.816026e+03 7.758906e+03 7.754350e+03
9.1 7.753505e+03 7.789474e+03 7.776233e+03 7.740264e+03
10.1 7.818661e+03 7.796920e+03 7.791405e+03 7.813145e+03
11.1 7.767633e+03 7.811950e+03 7.791357e+03 7.747041e+03
12.1 7.806188e+03 7.778182e+03 7.786570e+03 7.814575e+03
13.1 7.765750e+03 7.782495e+03 7.782871e+03 7.766127e+03
14.1 7.745680e+03 7.760115e+03 7.780721e+03 7.766286e+03
15.1 7.759224e+03 7.763364e+03 7.779721e+03 7.775582e+03
16.1 7.729788e+03 7.767169e+03 7.779542e+03 7.742160e+03
17.1 7.804313e+03 7.770616e+03 7.779828e+03 7.813525e+03
0.7 7.811469e+03 7.816026e+03 7.758906e+03 7.754350e+03
1.7 7.753505e+03 7.789474e+03 7.776233e+03 7.740264e+03
2.7 7.818661e+03 7.796920e+03 7.791405e+03 7.813145e+03
3.7 7.767633e+03 7.811950e+03 7.791357e+03 7.747041e+03
4.7 7.806188e+03 7.778182e+03 7.786570e+03 7.814575e+03
5.7 7.765750e+03 7.782495e+03 7.782871e+03 7.766127e+03
6.7 7.745680e+03 7.760115e+03 7.780721e+03 7.766286e+03
7.7 7.759224e+03 7.763364e+03 7.779721e+03 7.775582e+03
8.7 7.729788e+03 7.767169e+03 7.779542e+03 7.742160e+03
9.7 7.804313e+03 7.770616e+03 7.779828e+03 7.813525e+03
10.7 7.750245e+03 7.793941e+03 7.780262e+03 7.736565e+03
11.7 7.761536e+03 7.791589e+03 7.780674e+03 7.750621e+03
12.7 7.849604e+03 7.781007e+03 7.781018e+03 7.849615e+03
13.7 7.723704e+03 7.771048e+03 7.781302e+03 7.733958e+03
14.7 7.806270e+03 7.776163e+03 7.781539e+03 7.811646e+03
15.7 7.829774e+03 7.788207e+03 7.781743e+03 7.823311e+03
16.7 7.783584e+03 7.787360e+03 7.781926e+03 7.778149e+03
17.7 7.717749e+03 7.715254e+03 7.782092e+03 7.784587e+03
0.4 7.752793e+03 7.765194e+03 7.759387e+03 7.746986e+03
1.4 7.797147e+03 7.760299e+03 7.778455e+03 7.815303e+03
2.4 7.756959e+03 7.781488e+03 7.800559e+03 7.776031e+03
3.4 7.825757e+03 7.820345e+03 7.825832e+03 7.831244e+03
4.4 7.842201e+03 7.800369e+03 7.826740e+03 7.868571e+03
5.4 7.791787e+03 7.809134e+03 7.808489e+03 7.791142e+03
6.4 7.772448e+03 7.776114e+03 7.792078e+03 7.788412e+03
7.4 7.878214e+03 7.797150e+03 7.782585e+03 7.863649e+03
8.4 7.837922e+03 7.797655e+03 7.777665e+03 7.817932e+03
9.4 7.933442e+03 7.823473e+03 7.754594e+03 7.864563e+03
10.4 7.685646e+03 7.788964e+03 7.723775e+03 7.620457e+03
11.4 7.761266e+03 7.752845e+03 7.716915e+03 7.725336e+03
12.4 7.718333e+03 7.732553e+03 7.733597e+03 7.719377e+03
13.4 7.708364e+03 7.744377e+03 7.761634e+03 7.725622e+03
14.4 7.762589e+03 7.751358e+03 7.788267e+03 7.799498e+03
15.4 7.792385e+03 7.769082e+03 7.810243e+03 7.833545e+03
16.4 7.748249e+03 7.765785e+03 7.816874e+03 7.799338e+03
17.4 7.784106e+03 7.795558e+03 7.831357e+03 7.819904e+03
1.0 7.756959e+03 7.781488e+03 7.800559e+03 7.776031e+03
2.0 7.825757e+03 7.820345e+03 7.825832e+03 7.831244e+03
3.0 7.842201e+03 7.800369e+03 7.826740e+03 7.868571e+03
4.0 7.791787e+03 7.809134e+03 7.808489e+03 7.791142e+03
5.0 7.772448e+03 7.776114e+03 7.792078e+03 7.788412e+03
6.0 7.878214e+03 7.797150e+03 7.782585e+03 7.863649e+03
7.0 7.837922e+03 7.797655e+03 7.777665e+03 7.817932e+03
8.0 7.933442e+03 7.823473e+03 7.754594e+03 7.864563e+03
9.0 7.685646e+03 7.788964e+03 7.723775e+03 7.620457e+03
10.0 7.761266e+03 7.752845e+03 7.716915e+03 7.725336e+03
11.0 7.718333e+03 7.732553e+03 7.733597e+03 7.719377e+03
12.0 7.708364e+03 7.744377e+03 7.761634e+03 7.725622e+03
13.0 7.762589e+03 7.751358e+03 7.788267e+03 7.799498e+03
14.0 7.792385e+03 7.769082e+03 7.810243e+03 7.833545e+03
15.0 7.748249e+03 7.765785e+03 7.816874e+03 7.799338e+03
16.0 7.784106e+03 7.795558e+03 7.831357e+03 7.819904e+03
17.0 7.814820e+03 7.816619e+03 7.820940e+03 7.819141e+03
18.0 7.801128e+03 7.793192e+03 7.797965e+03 7.805902e+03
1.0 7.718333e+03 7.732553e+03 7.733597e+03 7.719377e+03
2.0 7.708364e+03 7.744377e+03 7.761634e+03 7.725622e+03
3.0 7.762589e+03 7.751358e+03 7.788267e+03 7.799498e+03
4.0 7.792385e+03 7.769082e+03 7.810243e+03 7.833545e+03
5.0 7.748249e+03 7.765785e+03 7.816874e+03 7.799338e+03
6.0 7.784106e+03 7.795558e+03 7.831357e+03 7.819904e+03
7.0 7.814820e+03 7.816619e+03 7.820940e+03 7.819141e+03
8.0 7.801128e+03 7.793192e+03 7.797965e+03 7.805902e+03
9.0 7.784181e+03 7.804859e+03 7.781171e+03 7.760493e+03
10.0 7.738639e+03 7.760915e+03 7.772598e+03 7.750322e+03
11.0 7.702897e+03 7.770012e+03 7.769243e+03 7.702129e+03
12.0 7.817348e+03 7.752031e+03 7.768701e+03 7.834017e+03
13.0 7.858625e+03 7.787118e+03 7.769391e+03 7.840899e+03
0.4 7.708364e+03 7.744377e+03 7.761634e+03 7.725622e+03
1.4 7.762589e+03 7.751358e+03 7.788267e+03 7.799498e+03
2.4 7.792385e+03 7.769082e+03 7.810243e+03 7.833545e+03
3.4 7.748249e+03 7.765785e+03 7.816874e+03 7.799338e+03
4.4 7.784106e+03 7.795558e+03 7.831357e+03 7.819904e+03
5.4 7.814820e+03 7.816619e+03 7.820940e+03 7.819141e+03
6.4 7.801128e+03 7.793192e+03 7.797965e+03 7.805902e+03
7.4 7.784181e+03 7.804859e+03 7.781171e+03 7.760493e+03
8.4 7.738639e+03 7.760915e+03 7.772598e+03 7.750322e+03
9.4 7.702897e+03 7.770012e+03 7.769243e+03 7.702129e+03
10.4 7.817348e+03 7.752031e+03 7.768701e+03 7.834017e+03
11.4 7.858625e+03 7.787118e+03 7.769391e+03 7.840899e+03
0.2 7.792385e+03 7.769082e+03 7.810243e+03 7.833545e+03
1.2 7.748249e+03 7.765785e+03 7.816874e+03 7.799338e+03
2.2 7.784106e+03 7.795558e+03 7.831357e+03 7.819904e+03
3.2 7.814820e+03 7.816619e+03 7.820940e+03 7.819141e+03
4.2 7.801128e+03 7.793192e+03 7.797965e+03 7.805902e+03
5.2 7.784181e+03 7.804859e+03 7.781171e+03 7.760493e+03
6.2 7.738639e+03 7.760915e+03 7.772598e+03 7.750322e+03
7.2 7.702897e+03 7.770012e+03 7.769243e+03 7.702129e+03
8.2 7.817348e+03 7.752031e+03 7.768701e+03 7.834017e+03
9.2 7.858625e+03 7.787118e+03 7.769391e+03 7.840899e+03
