0.9 7.761809e+03 7.788597e+03 7.771526e+03 7.744737e+03
1.9 7.848257e+03 7.806679e+03 7.776208e+03 7.817786e+03
2.9 7.827962e+03 7.781607e+03 7.776530e+03 7.822885e+03
3.9 7.785955e+03 7.776137e+03 7.778531e+03 7.788350e+03
4.9 7.676000e+03 7.784627e+03 7.780928e+03 7.672302e+03
5.9 7.755423e+03 7.783041e+03 7.780980e+03 7.753361e+03
6.9 7.784481e+03 7.765851e+03 7.781962e+03 7.800592e+03
7.9 7.845084e+03 7.778749e+03 7.784037e+03 7.850372e+03
8.9 7.788073e+03 7.765925e+03 7.781781e+03 7.803930e+03
9.9 7.725004e+03 7.761864e+03 7.777364e+03 7.740504e+03
10.9 7.822425e+03 7.779414e+03 7.784193e+03 7.827204e+03
11.9 7.788510e+03 7.770771e+03 7.793363e+03 7.811102e+03
12.9 7.700598e+03 7.777134e+03 7.792093e+03 7.715556e+03
13.9 7.782005e+03 7.787826e+03 7.786359e+03 7.780538e+03
14.9 7.837280e+03 7.779876e+03 7.782101e+03 7.839505e+03
15.9 7.784971e+03 7.801148e+03 7.779916e+03 7.763739e+03
16.9 7.823594e+03 7.773756e+03 7.779086e+03 7.828924e+03
17.9 7.680333e+03 7.724050e+03 7.779061e+03 7.735344e+03
0.7 7.848257e+03 7.806679e+03 7.776208e+03 7.817786e+03
1.7 7.827962e+03 7.781607e+03 7.776530e+03 7.822885e+03
2.7 7.785955e+03 7.776137e+03 7.778531e+03 7.788350e+03
3.7 7.676000e+03 7.784627e+03 7.780928e+03 7.672302e+03
4.7 7.755423e+03 7.783041e+03 7.780980e+03 7.753361e+03
5.7 7.784481e+03 7.765851e+03 7.781962e+03 7.800592e+03
6.7 7.845084e+03 7.778749e+03 7.784037e+03 7.850372e+03
7.7 7.788073e+03 7.765925e+03 7.781781e+03 7.803930e+03
8.7 7.725004e+03 7.761864e+03 7.777364e+03 7.740504e+03
9.7 7.822425e+03 7.779414e+03 7.784193e+03 7.827204e+03
10.7 7.788510e+03 7.770771e+03 7.793363e+03 7.811102e+03
11.7 7.700598e+03 7.777134e+03 7.792093e+03 7.715556e+03
12.7 7.782005e+03 7.787826e+03 7.786359e+03 7.780538e+03
13.7 7.837280e+03 7.779876e+03 7.782101e+03 7.839505e+03
14.7 7.784971e+03 7.801148e+03 7.779916e+03 7.763739e+03
15.7 7.823594e+03 7.773756e+03 7.779086e+03 7.828924e+03
16.7 7.680333e+03 7.724050e+03 7.779061e+03 7.735344e+03
17.7 7.725464e+03 7.751891e+03 7.779436e+03 7.753008e+03
0.7 7.827962e+03 7.781607e+03 7.776530e+03 7.822885e+03
1.7 7.785955e+03 7.776137e+03 7.778531e+03 7.788350e+03
2.7 7.676000e+03 7.784627e+03 7.780928e+03 7.672302e+03
3.7 7.755423e+03 7.783041e+03 7.780980e+03 7.753361e+03
4.7 7.784481e+03 7.765851e+03 7.781962e+03 7.800592e+03
5.7 7.845084e+03 7.778749e+03 7.784037e+03 7.850372e+03
6.7 7.788073e+03 7.765925e+03 7.781781e+03 7.803930e+03
7.7 7.725004e+03 7.761864e+03 7.777364e+03 7.740504e+03
8.7 7.822425e+03 7.779414e+03 7.784193e+03 7.827204e+03
9.7 7.788510e+03 7.770771e+03 7.793363e+03 7.811102e+03
10.7 7.700598e+03 7.777134e+03 7.792093e+03 7.715556e+03
11.7 7.782005e+03 7.787826e+03 7.786359e+03 7.780538e+03
12.7 7.837280e+03 7.779876e+03 7.782101e+03 7.839505e+03
13.7 7.784971e+03 7.801148e+03 7.779916e+03 7.763739e+03
14.7 7.823594e+03 7.773756e+03 7.779086e+03 7.828924e+03
15.7 7.680333e+03 7.724050e+03 7.779061e+03 7.735344e+03
16.7 7.725464e+03 7.751891e+03 7.779436e+03 7.753008e+03
17.7 7.834275e+03 7.802917e+03 7.779909e+03 7.811267e+03
0.4 7.785955e+03 7.776137e+03 7.778531e+03 7.788350e+03
1.4 7.676000e+03 7.784627e+03 7.780928e+03 7.672302e+03
2.4 7.755423e+03 7.783041e+03 7.780980e+03 7.753361e+03
3.4 7.784481e+03 7.765851e+03 7.781962e+03 7.800592e+03
4.4 7.845084e+03 7.778749e+03 7.784037e+03 7.850372e+03
5.4 7.788073e+03 7.765925e+03 7.781781e+03 7.803930e+03
6.4 7.725004e+03 7.761864e+03 7.777364e+03 7.740504e+03
7.4 7.822425e+03 7.779414e+03 7.784193e+03 7.827204e+03
8.4 7.788510e+03 7.770771e+03 7.793363e+03 7.811102e+03
9.4 7.700598e+03 7.777134e+03 7.792093e+03 7.715556e+03
10.4 7.782005e+03 7.787826e+03 7.786359e+03 7.780538e+03
11.4 7.837280e+03 7.779876e+03 7.782101e+03 7.839505e+03
12.4 7.784971e+03 7.801148e+03 7.779916e+03 7.763739e+03
13.4 7.823594e+03 7.773756e+03 7.779086e+03 7.828924e+03
14.4 7.680333e+03 7.724050e+03 7.779061e+03 7.735344e+03
15.4 7.725464e+03 7.751891e+03 7.779436e+03 7.753008e+03
16.4 7.834275e+03 7.802917e+03 7.779909e+03 7.811267e+03
17.4 7.775936e+03 7.787382e+03 7.780320e+03 7.768875e+03
0.3 7.676000e+03 7.784627e+03 7.780928e+03 7.672302e+03
1.3 7.755423e+03 7.783041e+03 7.780980e+03 7.753361e+03
2.3 7.784481e+03 7.765851e+03 7.781962e+03 7.800592e+03
3.3 7.845084e+03 7.778749e+03 7.784037e+03 7.850372e+03
4.3 7.788073e+03 7.765925e+03 7.781781e+03 7.803930e+03
5.3 7.725004e+03 7.761864e+03 7.777364e+03 7.740504e+03
6.3 7.822425e+03 7.779414e+03 7.784193e+03 7.827204e+03
7.3 7.788510e+03 7.770771e+03 7.793363e+03 7.811102e+03
8.3 7.700598e+03 7.777134e+03 7.792093e+03 7.715556e+03
9.3 7.782005e+03 7.787826e+03 7.786359e+03 7.780538e+03
10.3 7.837280e+03 7.779876e+03 7.782101e+03 7.839505e+03
11.3 7.784971e+03 7.801148e+03 7.779916e+03 7.763739e+03
12.3 7.823594e+03 7.773756e+03 7.779086e+03 7.828924e+03
13.3 7.680333e+03 7.724050e+03 7.779061e+03 7.735344e+03
14.3 7.725464e+03 7.751891e+03 7.779436e+03 7.753008e+03
15.3 7.834275e+03 7.802917e+03 7.779909e+03 7.811267e+03
16.3 7.775936e+03 7.787382e+03 7.780320e+03 7.768875e+03
17.3 7.794151e+03 7.776099e+03 7.780629e+03 7.798681e+03
0.9 7.784481e+03 7.765851e+03 7.781962e+03 7.800592e+03
1.9 7.845084e+03 7.778749e+03 7.784037e+03 7.850372e+03
2.9 7.788073e+03 7.765925e+03 7.781781e+03 7.803930e+03
3.9 7.725004e+03 7.761864e+03 7.777364e+03 7.740504e+03
4.9 7.822425e+03 7.779414e+03 7.784193e+03 7.827204e+03
5.9 7.788510e+03 7.770771e+03 7.793363e+03 7.811102e+03
6.9 7.700598e+03 7.777134e+03 7.792093e+03 7.715556e+03
7.9 7.782005e+03 7.787826e+03 7.786359e+03 7.780538e+03
8.9 7.837280e+03 7.779876e+03 7.782101e+03 7.839505e+03
9.9 7.784971e+03 7.801148e+03 7.779916e+03 7.763739e+03
10.9 7.823594e+03 7.773756e+03 7.779086e+03 7.828924e+03
11.9 7.680333e+03 7.724050e+03 7.779061e+03 7.735344e+03
12.9 7.725464e+03 7.751891e+03 7.779436e+03 7.753008e+03
13.9 7.834275e+03 7.802917e+03 7.779909e+03 7.811267e+03
14.9 7.775936e+03 7.787382e+03 7.780320e+03 7.768875e+03
15.9 7.794151e+03 7.776099e+03 7.780629e+03 7.798681e+03
16.9 7.777346e+03 7.746131e+03 7.780852e+03 7.812067e+03
17.9 7.741092e+03 7.773648e+03 7.781021e+03 7.748465e+03
0.3 7.845084e+03 7.778749e+03 7.784037e+03 7.850372e+03
1.3 7.788073e+03 7.765925e+03 7.781781e+03 7.803930e+03
2.3 7.725004e+03 7.761864e+03 7.777364e+03 7.740504e+03
3.3 7.822425e+03 7.779414e+03 7.784193e+03 7.827204e+03
4.3 7.788510e+03 7.770771e+03 7.793363e+03 7.811102e+03
5.3 7.700598e+03 7.777134e+03 7.792093e+03 7.715556e+03
6.3 7.782005e+03 7.787826e+03 7.786359e+03 7.780538e+03
7.3 7.837280e+03 7.779876e+03 7.782101e+03 7.839505e+03
8.3 7.784971e+03 7.801148e+03 7.779916e+03 7.763739e+03
9.3 7.823594e+03 7.773756e+03 7.779086e+03 7.828924e+03
10.3 7.680333e+03 7.724050e+03 7.779061e+03 7.735344e+03
11.3 7.725464e+03 7.751891e+03 7.779436e+03 7.753008e+03
12.3 7.834275e+03 7.802917e+03 7.779909e+03 7.811267e+03
13.3 7.775936e+03 7.787382e+03 7.780320e+03 7.768875e+03
14.3 7.794151e+03 7.776099e+03 7.780629e+03 7.798681e+03
15.3 7.777346e+03 7.746131e+03 7.780852e+03 7.812067e+03
16.3 7.741092e+03 7.773648e+03 7.781021e+03 7.748465e+03
17.3 7.799396e+03 7.782619e+03 7.781162e+03 7.797939e+03
0.2 7.788073e+03 7.765925e+03 7.781781e+03 7.803930e+03
1.2 7.725004e+03 7.761864e+03 7.777364e+03 7.740504e+03
2.2 7.822425e+03 7.779414e+03 7.784193e+03 7.827204e+03
3.2 7.788510e+03 7.770771e+03 7.793363e+03 7.811102e+03
4.2 7.700598e+03 7.777134e+03 7.792093e+03 7.715556e+03
5.2 7.782005e+03 7.787826e+03 7.786359e+03 7.780538e+03
6.2 7.837280e+03 7.779876e+03 7.782101e+03 7.839505e+03
7.2 7.784971e+03 7.801148e+03 7.779916e+03 7.763739e+03
8.2 7.823594e+03 7.773756e+03 7.779086e+03 7.828924e+03
9.2 7.680333e+03 7.724050e+03 7.779061e+03 7.735344e+03
10.2 7.725464e+03 7.751891e+03 7.779436e+03 7.753008e+03
11.2 7.834275e+03 7.802917e+03 7.779909e+03 7.811267e+03
12.2 7.775936e+03 7.787382e+03 7.780320e+03 7.768875e+03
13.2 7.794151e+03 7.776099e+03 7.780629e+03 7.798681e+03
14.2 7.777346e+03 7.746131e+03 7.780852e+03 7.812067e+03
15.2 7.741092e+03 7.773648e+03 7.781021e+03 7.748465e+03
16.2 7.799396e+03 7.782619e+03 7.781162e+03 7.797939e+03
17.2 7.825455e+03 7.804036e+03 7.781289e+03 7.802708e+03
0.3 7.810359e+03 7.758856e+03 7.779390e+03 7.830893e+03
1.3 7.736268e+03 7.744053e+03 7.772685e+03 7.764900e+03
2.3 7.791903e+03 7.784305e+03 7.769756e+03 7.777354e+03
3.3 7.711607e+03 7.770643e+03 7.771158e+03 7.712122e+03
4.3 7.803199e+03 7.783685e+03 7.771225e+03 7.790739e+03
5.3 7.800459e+03 7.793185e+03 7.776077e+03 7.783351e+03
6.3 7.782830e+03 7.772315e+03 7.782173e+03 7.792688e+03
7.3 7.761863e+03 7.802726e+03 7.783562e+03 7.742699e+03
8.3 7.780443e+03 7.755853e+03 7.785816e+03 7.810406e+03
9.3 7.782051e+03 7.785908e+03 7.786848e+03 7.782991e+03
10.3 7.852330e+03 7.807478e+03 7.783960e+03 7.828812e+03
11.3 7.760461e+03 7.768382e+03 7.781168e+03 7.773247e+03
12.3 7.683546e+03 7.747337e+03 7.782913e+03 7.719122e+03
13.3 7.757629e+03 7.773459e+03 7.785725e+03 7.769896e+03
14.3 7.779273e+03 7.764266e+03 7.790864e+03 7.805872e+03
15.3 7.819484e+03 7.771669e+03 7.795052e+03 7.842868e+03
16.3 7.820980e+03 7.760038e+03 7.788892e+03 7.849834e+03
17.3 7.658153e+03 7.743020e+03 7.776749e+03 7.691882e+03
0.8 7.791903e+03 7.784305e+03 7.769756e+03 7.777354e+03
1.8 7.711607e+03 7.770643e+03 7.771158e+03 7.712122e+03
2.8 7.803199e+03 7.783685e+03 7.771225e+03 7.790739e+03
3.8 7.800459e+03 7.793185e+03 7.776077e+03 7.783351e+03
4.8 7.782830e+03 7.772315e+03 7.782173e+03 7.792688e+03
5.8 7.761863e+03 7.802726e+03 7.783562e+03 7.742699e+03
6.8 7.780443e+03 7.755853e+03 7.785816e+03 7.810406e+03
7.8 7.782051e+03 7.785908e+03 7.786848e+03 7.782991e+03
8.8 7.852330e+03 7.807478e+03 7.783960e+03 7.828812e+03
9.8 7.760461e+03 7.768382e+03 7.781168e+03 7.773247e+03
10.8 7.683546e+03 7.747337e+03 7.782913e+03 7.719122e+03
11.8 7.757629e+03 7.773459e+03 7.785725e+03 7.769896e+03
12.8 7.779273e+03 7.764266e+03 7.790864e+03 7.805872e+03
13.8 7.819484e+03 7.771669e+03 7.795052e+03 7.842868e+03
14.8 7.820980e+03 7.760038e+03 7.788892e+03 7.849834e+03
15.8 7.658153e+03 7.743020e+03 7.776749e+03 7.691882e+03
16.8 7.815903e+03 7.788559e+03 7.771234e+03 7.798578e+03
17.8 7.799864e+03 7.777116e+03 7.774307e+03 7.797055e+03
0.6 7.711607e+03 7.770643e+03 7.771158e+03 7.712122e+03
1.6 7.803199e+03 7.783685e+03 7.771225e+03 7.790739e+03
2.6 7.800459e+03 7.793185e+03 7.776077e+03 7.783351e+03
3.6 7.782830e+03 7.772315e+03 7.782173e+03 7.792688e+03
4.6 7.761863e+03 7.802726e+03 7.783562e+03 7.742699e+03
5.6 7.780443e+03 7.755853e+03 7.785816e+03 7.810406e+03
6.6 7.782051e+03 7.785908e+03 7.786848e+03 7.782991e+03
7.6 7.852330e+03 7.807478e+03 7.783960e+03 7.828812e+03
8.6 7.760461e+03 7.768382e+03 7.781168e+03 7.773247e+03
9.6 7.683546e+03 7.747337e+03 7.782913e+03 7.719122e+03
10.6 7.757629e+03 7.773459e+03 7.785725e+03 7.769896e+03
11.6 7.779273e+03 7.764266e+03 7.790864e+03 7.805872e+03
12.6 7.819484e+03 7.771669e+03 7.795052e+03 7.842868e+03
13.6 7.820980e+03 7.760038e+03 7.788892e+03 7.849834e+03
14.6 7.658153e+03 7.743020e+03 7.776749e+03 7.691882e+03
15.6 7.815903e+03 7.788559e+03 7.771234e+03 7.798578e+03
16.6 7.799864e+03 7.777116e+03 7.774307e+03 7.797055e+03
17.6 7.773001e+03 7.769583e+03 7.776579e+03 7.779998e+03
0.9 7.803199e+03 7.783685e+03 7.771225e+03 7.790739e+03
1.9 7.800459e+03 7.793185e+03 7.776077e+03 7.783351e+03
2.9 7.782830e+03 7.772315e+03 7.782173e+03 7.792688e+03
3.9 7.761863e+03 7.802726e+03 7.783562e+03 7.742699e+03
4.9 7.780443e+03 7.755853e+03 7.785816e+03 7.810406e+03
5.9 7.782051e+03 7.785908e+03 7.786848e+03 7.782991e+03
6.9 7.852330e+03 7.807478e+03 7.783960e+03 7.828812e+03
7.9 7.760461e+03 7.768382e+03 7.781168e+03 7.773247e+03
8.9 7.683546e+03 7.747337e+03 7.782913e+03 7.719122e+03
9.9 7.757629e+03 7.773459e+03 7.785725e+03 7.769896e+03
10.9 7.779273e+03 7.764266e+03 7.790864e+03 7.805872e+03
11.9 7.819484e+03 7.771669e+03 7.795052e+03 7.842868e+03
12.9 7.820980e+03 7.760038e+03 7.788892e+03 7.849834e+03
13.9 7.658153e+03 7.743020e+03 7.776749e+03 7.691882e+03
14.9 7.815903e+03 7.788559e+03 7.771234e+03 7.798578e+03
15.9 7.799864e+03 7.777116e+03 7.774307e+03 7.797055e+03
16.9 7.773001e+03 7.769583e+03 7.776579e+03 7.779998e+03
17.9 7.805906e+03 7.789935e+03 7.776576e+03 7.792547e+03
0.6 7.800459e+03 7.793185e+03 7.776077e+03 7.783351e+03
1.6 7.782830e+03 7.772315e+03 7.782173e+03 7.792688e+03
2.6 7.761863e+03 7.802726e+03 7.783562e+03 7.742699e+03
3.6 7.780443e+03 7.755853e+03 7.785816e+03 7.810406e+03
4.6 7.782051e+03 7.785908e+03 7.786848e+03 7.782991e+03
5.6 7.852330e+03 7.807478e+03 7.783960e+03 7.828812e+03
6.6 7.760461e+03 7.768382e+03 7.781168e+03 7.773247e+03
7.6 7.683546e+03 7.747337e+03 7.782913e+03 7.719122e+03
8.6 7.757629e+03 7.773459e+03 7.785725e+03 7.769896e+03
9.6 7.779273e+03 7.764266e+03 7.790864e+03 7.805872e+03
10.6 7.819484e+03 7.771669e+03 7.795052e+03 7.842868e+03
11.6 7.820980e+03 7.760038e+03 7.788892e+03 7.849834e+03
12.6 7.658153e+03 7.743020e+03 7.776749e+03 7.691882e+03
13.6 7.815903e+03 7.788559e+03 7.771234e+03 7.798578e+03
14.6 7.799864e+03 7.777116e+03 7.774307e+03 7.797055e+03
15.6 7.773001e+03 7.769583e+03 7.776579e+03 7.779998e+03
16.6 7.805906e+03 7.789935e+03 7.776576e+03 7.792547e+03
17.6 7.841227e+03 7.772638e+03 7.778272e+03 7.846861e+03
0.7 7.782830e+03 7.772315e+03 7.782173e+03 7.792688e+03
1.7 7.761863e+03 7.802726e+03 7.783562e+03 7.742699e+03
2.7 7.780443e+03 7.755853e+03 7.785816e+03 7.810406e+03
3.7 7.782051e+03 7.785908e+03 7.786848e+03 7.782991e+03
4.7 7.852330e+03 7.807478e+03 7.783960e+03 7.828812e+03
5.7 7.760461e+03 7.768382e+03 7.781168e+03 7.773247e+03
6.7 7.683546e+03 7.747337e+03 7.782913e+03 7.719122e+03
7.7 7.757629e+03 7.773459e+03 7.785725e+03 7.769896e+03
8.7 7.779273e+03 7.764266e+03 7.790864e+03 7.805872e+03
9.7 7.819484e+03 7.771669e+03 7.795052e+03 7.842868e+03
10.7 7.820980e+03 7.760038e+03 7.788892e+03 7.849834e+03
11.7 7.658153e+03 7.743020e+03 7.776749e+03 7.691882e+03
12.7 7.815903e+03 7.788559e+03 7.771234e+03 7.798578e+03
13.7 7.799864e+03 7.777116e+03 7.774307e+03 7.797055e+03
14.7 7.773001e+03 7.769583e+03 7.776579e+03 7.779998e+03
15.7 7.805906e+03 7.789935e+03 7.776576e+03 7.792547e+03
16.7 7.841227e+03 7.772638e+03 7.778272e+03 7.846861e+03
17.7 7.720079e+03 7.769256e+03 7.778723e+03 7.729546e+03
0.6 7.761863e+03 7.802726e+03 7.783562e+03 7.742699e+03
1.6 7.780443e+03 7.755853e+03 7.785816e+03 7.810406e+03
2.6 7.782051e+03 7.785908e+03 7.786848e+03 7.782991e+03
3.6 7.852330e+03 7.807478e+03 7.783960e+03 7.828812e+03
4.6 7.760461e+03 7.768382e+03 7.781168e+03 7.773247e+03
5.6 7.683546e+03 7.747337e+03 7.782913e+03 7.719122e+03
6.6 7.757629e+03 7.773459e+03 7.785725e+03 7.769896e+03
7.6 7.779273e+03 7.764266e+03 7.790864e+03 7.805872e+03
8.6 7.819484e+03 7.771669e+03 7.795052e+03 7.842868e+03
9.6 7.820980e+03 7.760038e+03 7.788892e+03 7.849834e+03
10.6 7.658153e+03 7.743020e+03 7.776749e+03 7.691882e+03
11.6 7.815903e+03 7.788559e+03 7.771234e+03 7.798578e+03
12.6 7.799864e+03 7.777116e+03 7.774307e+03 7.797055e+03
13.6 7.773001e+03 7.769583e+03 7.776579e+03 7.779998e+03
14.6 7.805906e+03 7.789935e+03 7.776576e+03 7.792547e+03
15.6 7.841227e+03 7.772638e+03 7.778272e+03 7.846861e+03
16.6 7.720079e+03 7.769256e+03 7.778723e+03 7.729546e+03
17.6 7.844830e+03 7.796282e+03 7.777099e+03 7.825647e+03
0.3 7.780443e+03 7.755853e+03 7.785816e+03 7.810406e+03
1.3 7.782051e+03 7.785908e+03 7.786848e+03 7.782991e+03
2.3 7.852330e+03 7.807478e+03 7.783960e+03 7.828812e+03
3.3 7.760461e+03 7.768382e+03 7.781168e+03 7.773247e+03
4.3 7.683546e+03 7.747337e+03 7.782913e+03 7.719122e+03
5.3 7.757629e+03 7.773459e+03 7.785725e+03 7.769896e+03
6.3 7.779273e+03 7.764266e+03 7.790864e+03 7.805872e+03
7.3 7.819484e+03 7.771669e+03 7.795052e+03 7.842868e+03
8.3 7.820980e+03 7.760038e+03 7.788892e+03 7.849834e+03
9.3 7.658153e+03 7.743020e+03 7.776749e+03 7.691882e+03
10.3 7.815903e+03 7.788559e+03 7.771234e+03 7.798578e+03
11.3 7.799864e+03 7.777116e+03 7.774307e+03 7.797055e+03
12.3 7.773001e+03 7.769583e+03 7.776579e+03 7.779998e+03
13.3 7.805906e+03 7.789935e+03 7.776576e+03 7.792547e+03
14.3 7.841227e+03 7.772638e+03 7.778272e+03 7.846861e+03
15.3 7.720079e+03 7.769256e+03 7.778723e+03 7.729546e+03
16.3 7.844830e+03 7.796282e+03 7.777099e+03 7.825647e+03
17.3 7.726500e+03 7.766300e+03 7.785802e+03 7.746002e+03
0.0 7.782051e+03 7.785908e+03 7.786848e+03 7.782991e+03
1.0 7.852330e+03 7.807478e+03 7.783960e+03 7.828812e+03
2.0 7.760461e+03 7.768382e+03 7.781168e+03 7.773247e+03
3.0 7.683546e+03 7.747337e+03 7.782913e+03 7.719122e+03
4.0 7.757629e+03 7.773459e+03 7.785725e+03 7.769896e+03
5.0 7.779273e+03 7.764266e+03 7.790864e+03 7.805872e+03
6.0 7.819484e+03 7.771669e+03 7.795052e+03 7.842868e+03
7.0 7.820980e+03 7.760038e+03 7.788892e+03 7.849834e+03
8.0 7.658153e+03 7.743020e+03 7.776749e+03 7.691882e+03
9.0 7.815903e+03 7.788559e+03 7.771234e+03 7.798578e+03
10.0 7.799864e+03 7.777116e+03 7.774307e+03 7.797055e+03
11.0 7.773001e+03 7.769583e+03 7.776579e+03 7.779998e+03
12.0 7.805906e+03 7.789935e+03 7.776576e+03 7.792547e+03
13.0 7.841227e+03 7.772638e+03 7.778272e+03 7.846861e+03
14.0 7.720079e+03 7.769256e+03 7.778723e+03 7.729546e+03
15.0 7.844830e+03 7.796282e+03 7.777099e+03 7.825647e+03
16.0 7.726500e+03 7.766300e+03 7.785802e+03 7.746002e+03
17.0 7.757197e+03 7.789771e+03 7.796972e+03 7.764399e+03
0.9 7.760461e+03 7.768382e+03 7.781168e+03 7.773247e+03
1.9 7.683546e+03 7.747337e+03 7.782913e+03 7.719122e+03
2.9 7.757629e+03 7.773459e+03 7.785725e+03 7.769896e+03
3.9 7.779273e+03 7.764266e+03 7.790864e+03 7.805872e+03
4.9 7.819484e+03 7.771669e+03 7.795052e+03 7.842868e+03
5.9 7.820980e+03 7.760038e+03 7.788892e+03 7.849834e+03
6.9 7.658153e+03 7.743020e+03 7.776749e+03 7.691882e+03
7.9 7.815903e+03 7.788559e+03 7.771234e+03 7.798578e+03
8.9 7.799864e+03 7.777116e+03 7.774307e+03 7.797055e+03
9.9 7.773001e+03 7.769583e+03 7.776579e+03 7.779998e+03
10.9 7.805906e+03 7.789935e+03 7.776576e+03 7.792547e+03
11.9 7.841227e+03 7.772638e+03 7.778272e+03 7.846861e+03
12.9 7.720079e+03 7.769256e+03 7.778723e+03 7.729546e+03
13.9 7.844830e+03 7.796282e+03 7.777099e+03 7.825647e+03
14.9 7.726500e+03 7.766300e+03 7.785802e+03 7.746002e+03
15.9 7.757197e+03 7.789771e+03 7.796972e+03 7.764399e+03
16.9 7.814951e+03 7.783746e+03 7.795781e+03 7.826986e+03
17.9 7.756161e+03 7.777332e+03 7.789130e+03 7.767958e+03
0.5 7.683546e+03 7.747337e+03 7.782913e+03 7.719122e+03
1.5 7.757629e+03 7.773459e+03 7.785725e+03 7.769896e+03
2.5 7.779273e+03 7.764266e+03 7.790864e+03 7.805872e+03
3.5 7.819484e+03 7.771669e+03 7.795052e+03 7.842868e+03
4.5 7.820980e+03 7.760038e+03 7.788892e+03 7.849834e+03
5.5 7.658153e+03 7.743020e+03 7.776749e+03 7.691882e+03
6.5 7.815903e+03 7.788559e+03 7.771234e+03 7.798578e+03
7.5 7.799864e+03 7.777116e+03 7.774307e+03 7.797055e+03
8.5 7.773001e+03 7.769583e+03 7.776579e+03 7.779998e+03
9.5 7.805906e+03 7.789935e+03 7.776576e+03 7.792547e+03
10.5 7.841227e+03 7.772638e+03 7.778272e+03 7.846861e+03
11.5 7.720079e+03 7.769256e+03 7.778723e+03 7.729546e+03
12.5 7.844830e+03 7.796282e+03 7.777099e+03 7.825647e+03
13.5 7.726500e+03 7.766300e+03 7.785802e+03 7.746002e+03
14.5 7.757197e+03 7.789771e+03 7.796972e+03 7.764399e+03
15.5 7.814951e+03 7.783746e+03 7.795781e+03 7.826986e+03
16.5 7.756161e+03 7.777332e+03 7.789130e+03 7.767958e+03
17.5 7.781201e+03 7.803434e+03 7.784016e+03 7.761783e+03
0.3 7.820980e+03 7.760038e+03 7.788892e+03 7.849834e+03
1.3 7.658153e+03 7.743020e+03 7.776749e+03 7.691882e+03
2.3 7.815903e+03 7.788559e+03 7.771234e+03 7.798578e+03
3.3 7.799864e+03 7.777116e+03 7.774307e+03 7.797055e+03
4.3 7.773001e+03 7.769583e+03 7.776579e+03 7.779998e+03
5.3 7.805906e+03 7.789935e+03 7.776576e+03 7.792547e+03
6.3 7.841227e+03 7.772638e+03 7.778272e+03 7.846861e+03
7.3 7.720079e+03 7.769256e+03 7.778723e+03 7.729546e+03
8.3 7.844830e+03 7.796282e+03 7.777099e+03 7.825647e+03
9.3 7.726500e+03 7.766300e+03 7.785802e+03 7.746002e+03
10.3 7.757197e+03 7.789771e+03 7.796972e+03 7.764399e+03
11.3 7.814951e+03 7.783746e+03 7.795781e+03 7.826986e+03
12.3 7.756161e+03 7.777332e+03 7.789130e+03 7.767958e+03
13.3 7.781201e+03 7.803434e+03 7.784016e+03 7.761783e+03
14.3 7.833454e+03 7.829163e+03 7.781264e+03 7.785555e+03
15.3 7.805857e+03 7.822717e+03 7.780102e+03 7.763242e+03
16.3 7.816482e+03 7.809591e+03 7.779906e+03 7.786797e+03
17.3 7.801509e+03 7.824148e+03 7.780198e+03 7.757559e+03
0.6 7.815903e+03 7.788559e+03 7.771234e+03 7.798578e+03
1.6 7.799864e+03 7.777116e+03 7.774307e+03 7.797055e+03
2.6 7.773001e+03 7.769583e+03 7.776579e+03 7.779998e+03
3.6 7.805906e+03 7.789935e+03 7.776576e+03 7.792547e+03
4.6 7.841227e+03 7.772638e+03 7.778272e+03 7.846861e+03
5.6 7.720079e+03 7.769256e+03 7.778723e+03 7.729546e+03
6.6 7.844830e+03 7.796282e+03 7.777099e+03 7.825647e+03
7.6 7.726500e+03 7.766300e+03 7.785802e+03 7.746002e+03
8.6 7.757197e+03 7.789771e+03 7.796972e+03 7.764399e+03
9.6 7.814951e+03 7.783746e+03 7.795781e+03 7.826986e+03
10.6 7.756161e+03 7.777332e+03 7.789130e+03 7.767958e+03
11.6 7.781201e+03 7.803434e+03 7.784016e+03 7.761783e+03
12.6 7.833454e+03 7.829163e+03 7.781264e+03 7.785555e+03
13.6 7.805857e+03 7.822717e+03 7.780102e+03 7.763242e+03
14.6 7.816482e+03 7.809591e+03 7.779906e+03 7.786797e+03
15.6 7.801509e+03 7.824148e+03 7.780198e+03 7.757559e+03
16.6 7.783356e+03 7.783321e+03 7.780621e+03 7.780656e+03
17.6 7.807090e+03 7.821101e+03 7.780977e+03 7.766966e+03
0.9 7.773001e+03 7.769583e+03 7.776579e+03 7.779998e+03
1.9 7.805906e+03 7.789935e+03 7.776576e+03 7.792547e+03
2.9 7.841227e+03 7.772638e+03 7.778272e+03 7.846861e+03
3.9 7.720079e+03 7.769256e+03 7.778723e+03 7.729546e+03
4.9 7.844830e+03 7.796282e+03 7.777099e+03 7.825647e+03
5.9 7.726500e+03 7.766300e+03 7.785802e+03 7.746002e+03
6.9 7.757197e+03 7.789771e+03 7.796972e+03 7.764399e+03
7.9 7.814951e+03 7.783746e+03 7.795781e+03 7.826986e+03
8.9 7.756161e+03 7.777332e+03 7.789130e+03 7.767958e+03
9.9 7.781201e+03 7.803434e+03 7.784016e+03 7.761783e+03
10.9 7.833454e+03 7.829163e+03 7.781264e+03 7.785555e+03
11.9 7.805857e+03 7.822717e+03 7.780102e+03 7.763242e+03
12.9 7.816482e+03 7.809591e+03 7.779906e+03 7.786797e+03
13.9 7.801509e+03 7.824148e+03 7.780198e+03 7.757559e+03
14.9 7.783356e+03 7.783321e+03 7.780621e+03 7.780656e+03
15.9 7.807090e+03 7.821101e+03 7.780977e+03 7.766966e+03
16.9 7.836376e+03 7.805354e+03 7.781215e+03 7.812238e+03
17.9 7.764491e+03 7.803400e+03 7.781354e+03 7.742444e+03
0.5 7.805906e+03 7.789935e+03 7.776576e+03 7.792547e+03
1.5 7.841227e+03 7.772638e+03 7.778272e+03 7.846861e+03
2.5 7.720079e+03 7.769256e+03 7.778723e+03 7.729546e+03
3.5 7.844830e+03 7.796282e+03 7.777099e+03 7.825647e+03
4.5 7.726500e+03 7.766300e+03 7.785802e+03 7.746002e+03
5.5 7.757197e+03 7.789771e+03 7.796972e+03 7.764399e+03
6.5 7.814951e+03 7.783746e+03 7.795781e+03 7.826986e+03
7.5 7.756161e+03 7.777332e+03 7.789130e+03 7.767958e+03
8.5 7.781201e+03 7.803434e+03 7.784016e+03 7.761783e+03
9.5 7.833454e+03 7.829163e+03 7.781264e+03 7.785555e+03
10.5 7.805857e+03 7.822717e+03 7.780102e+03 7.763242e+03
11.5 7.816482e+03 7.809591e+03 7.779906e+03 7.786797e+03
12.5 7.801509e+03 7.824148e+03 7.780198e+03 7.757559e+03
13.5 7.783356e+03 7.783321e+03 7.780621e+03 7.780656e+03
14.5 7.807090e+03 7.821101e+03 7.780977e+03 7.766966e+03
15.5 7.836376e+03 7.805354e+03 7.781215e+03 7.812238e+03
16.5 7.764491e+03 7.803400e+03 7.781354e+03 7.742444e+03
17.5 7.769291e+03 7.761812e+03 7.781412e+03 7.788892e+03
1.0 7.720079e+03 7.769256e+03 7.778723e+03 7.729546e+03
2.0 7.844830e+03 7.796282e+03 7.777099e+03 7.825647e+03
3.0 7.726500e+03 7.766300e+03 7.785802e+03 7.746002e+03
4.0 7.757197e+03 7.789771e+03 7.796972e+03 7.764399e+03
5.0 7.814951e+03 7.783746e+03 7.795781e+03 7.826986e+03
6.0 7.756161e+03 7.777332e+03 7.789130e+03 7.767958e+03
7.0 7.781201e+03 7.803434e+03 7.784016e+03 7.761783e+03
8.0 7.833454e+03 7.829163e+03 7.781264e+03 7.785555e+03
9.0 7.805857e+03 7.822717e+03 7.780102e+03 7.763242e+03
10.0 7.816482e+03 7.809591e+03 7.779906e+03 7.786797e+03
11.0 7.801509e+03 7.824148e+03 7.780198e+03 7.757559e+03
12.0 7.783356e+03 7.783321e+03 7.780621e+03 7.780656e+03
13.0 7.807090e+03 7.821101e+03 7.780977e+03 7.766966e+03
14.0 7.836376e+03 7.805354e+03 7.781215e+03 7.812238e+03
15.0 7.764491e+03 7.803400e+03 7.781354e+03 7.742444e+03
16.0 7.769291e+03 7.761812e+03 7.781412e+03 7.788892e+03
17.0 7.723875e+03 7.763065e+03 7.778054e+03 7.738864e+03
18.0 7.727896e+03 7.746417e+03 7.768359e+03 7.749837e+03
0.2 7.720079e+03 7.769256e+03 7.778723e+03 7.729546e+03
1.2 7.844830e+03 7.796282e+03 7.777099e+03 7.825647e+03
2.2 7.726500e+03 7.766300e+03 7.785802e+03 7.746002e+03
3.2 7.757197e+03 7.789771e+03 7.796972e+03 7.764399e+03
4.2 7.814951e+03 7.783746e+03 7.795781e+03 7.826986e+03
5.2 7.756161e+03 7.777332e+03 7.789130e+03 7.767958e+03
6.2 7.781201e+03 7.803434e+03 7.784016e+03 7.761783e+03
7.2 7.833454e+03 7.829163e+03 7.781264e+03 7.785555e+03
8.2 7.805857e+03 7.822717e+03 7.780102e+03 7.763242e+03
9.2 7.816482e+03 7.809591e+03 7.779906e+03 7.786797e+03
10.2 7.801509e+03 7.824148e+03 7.780198e+03 7.757559e+03
11.2 7.783356e+03 7.783321e+03 7.780621e+03 7.780656e+03
12.2 7.807090e+03 7.821101e+03 7.780977e+03 7.766966e+03
13.2 7.836376e+03 7.805354e+03 7.781215e+03 7.812238e+03
14.2 7.764491e+03 7.803400e+03 7.781354e+03 7.742444e+03
15.2 7.769291e+03 7.761812e+03 7.781412e+03 7.788892e+03
16.2 7.723875e+03 7.763065e+03 7.778054e+03 7.738864e+03
17.2 7.727896e+03 7.746417e+03 7.768359e+03 7.749837e+03
0.4 7.723875e+03 7.763065e+03 7.778054e+03 7.738864e+03
1.4 7.727896e+03 7.746417e+03 7.768359e+03 7.749837e+03
2.4 7.696319e+03 7.743496e+03 7.763706e+03 7.716529e+03
3.4 7.811309e+03 7.771417e+03 7.771015e+03 7.810907e+03
4.4 7.779459e+03 7.771419e+03 7.778051e+03 7.786091e+03
5.4 7.800153e+03 7.788872e+03 7.780775e+03 7.792056e+03
6.4 7.804521e+03 7.785717e+03 7.784330e+03 7.803135e+03
7.4 7.783389e+03 7.787851e+03 7.787908e+03 7.783446e+03
8.4 7.780817e+03 7.810010e+03 7.787093e+03 7.757900e+03
9.4 7.735987e+03 7.785751e+03 7.783077e+03 7.733313e+03
10.4 7.722456e+03 7.779350e+03 7.782121e+03 7.725227e+03
11.4 7.785545e+03 7.773751e+03 7.782177e+03 7.793971e+03
12.4 7.762590e+03 7.755262e+03 7.782786e+03 7.790115e+03
13.4 7.781545e+03 7.756982e+03 7.782167e+03 7.806730e+03
14.4 7.729211e+03 7.751875e+03 7.779605e+03 7.756941e+03
15.4 7.807201e+03 7.749015e+03 7.781173e+03 7.839360e+03
16.4 7.833081e+03 7.776914e+03 7.788083e+03 7.844250e+03
17.4 7.701631e+03 7.757584e+03 7.792357e+03 7.736404e+03
0.5 7.727896e+03 7.746417e+03 7.768359e+03 7.749837e+03
1.5 7.696319e+03 7.743496e+03 7.763706e+03 7.716529e+03
2.5 7.811309e+03 7.771417e+03 7.771015e+03 7.810907e+03
3.5 7.779459e+03 7.771419e+03 7.778051e+03 7.786091e+03
4.5 7.800153e+03 7.788872e+03 7.780775e+03 7.792056e+03
5.5 7.804521e+03 7.785717e+03 7.784330e+03 7.803135e+03
6.5 7.783389e+03 7.787851e+03 7.787908e+03 7.783446e+03
7.5 7.780817e+03 7.810010e+03 7.787093e+03 7.757900e+03
8.5 7.735987e+03 7.785751e+03 7.783077e+03 7.733313e+03
9.5 7.722456e+03 7.779350e+03 7.782121e+03 7.725227e+03
10.5 7.785545e+03 7.773751e+03 7.782177e+03 7.793971e+03
11.5 7.762590e+03 7.755262e+03 7.782786e+03 7.790115e+03
12.5 7.781545e+03 7.756982e+03 7.782167e+03 7.806730e+03
13.5 7.729211e+03 7.751875e+03 7.779605e+03 7.756941e+03
14.5 7.807201e+03 7.749015e+03 7.781173e+03 7.839360e+03
15.5 7.833081e+03 7.776914e+03 7.788083e+03 7.844250e+03
16.5 7.701631e+03 7.757584e+03 7.792357e+03 7.736404e+03
17.5 7.816994e+03 7.799478e+03 7.789172e+03 7.806688e+03
0.4 7.696319e+03 7.743496e+03 7.763706e+03 7.716529e+03
1.4 7.811309e+03 7.771417e+03 7.771015e+03 7.810907e+03
2.4 7.779459e+03 7.771419e+03 7.778051e+03 7.786091e+03
3.4 7.800153e+03 7.788872e+03 7.780775e+03 7.792056e+03
4.4 7.804521e+03 7.785717e+03 7.784330e+03 7.803135e+03
5.4 7.783389e+03 7.787851e+03 7.787908e+03 7.783446e+03
6.4 7.780817e+03 7.810010e+03 7.787093e+03 7.757900e+03
7.4 7.735987e+03 7.785751e+03 7.783077e+03 7.733313e+03
8.4 7.722456e+03 7.779350e+03 7.782121e+03 7.725227e+03
9.4 7.785545e+03 7.773751e+03 7.782177e+03 7.793971e+03
10.4 7.762590e+03 7.755262e+03 7.782786e+03 7.790115e+03
11.4 7.781545e+03 7.756982e+03 7.782167e+03 7.806730e+03
12.4 7.729211e+03 7.751875e+03 7.779605e+03 7.756941e+03
13.4 7.807201e+03 7.749015e+03 7.781173e+03 7.839360e+03
14.4 7.833081e+03 7.776914e+03 7.788083e+03 7.844250e+03
15.4 7.701631e+03 7.757584e+03 7.792357e+03 7.736404e+03
16.4 7.816994e+03 7.799478e+03 7.789172e+03 7.806688e+03
17.4 7.737267e+03 7.802927e+03 7.784722e+03 7.719062e+03
0.2 7.811309e+03 7.771417e+03 7.771015e+03 7.810907e+03
1.2 7.779459e+03 7.771419e+03 7.778051e+03 7.786091e+03
2.2 7.800153e+03 7.788872e+03 7.780775e+03 7.792056e+03
3.2 7.804521e+03 7.785717e+03 7.784330e+03 7.803135e+03
4.2 7.783389e+03 7.787851e+03 7.787908e+03 7.783446e+03
5.2 7.780817e+03 7.810010e+03 7.787093e+03 7.757900e+03
6.2 7.735987e+03 7.785751e+03 7.783077e+03 7.733313e+03
7.2 7.722456e+03 7.779350e+03 7.782121e+03 7.725227e+03
8.2 7.785545e+03 7.773751e+03 7.782177e+03 7.793971e+03
9.2 7.762590e+03 7.755262e+03 7.782786e+03 7.790115e+03
10.2 7.781545e+03 7.756982e+03 7.782167e+03 7.806730e+03
11.2 7.729211e+03 7.751875e+03 7.779605e+03 7.756941e+03
12.2 7.807201e+03 7.749015e+03 7.781173e+03 7.839360e+03
13.2 7.833081e+03 7.776914e+03 7.788083e+03 7.844250e+03
14.2 7.701631e+03 7.757584e+03 7.792357e+03 7.736404e+03
15.2 7.816994e+03 7.799478e+03 7.789172e+03 7.806688e+03
16.2 7.737267e+03 7.802927e+03 7.784722e+03 7.719062e+03
17.2 7.771121e+03 7.767665e+03 7.781917e+03 7.785373e+03
0.3 7.779459e+03 7.771419e+03 7.778051e+03 7.786091e+03
1.3 7.800153e+03 7.788872e+03 7.780775e+03 7.792056e+03
2.3 7.804521e+03 7.785717e+03 7.784330e+03 7.803135e+03
3.3 7.783389e+03 7.787851e+03 7.787908e+03 7.783446e+03
4.3 7.780817e+03 7.810010e+03 7.787093e+03 7.757900e+03
5.3 7.735987e+03 7.785751e+03 7.783077e+03 7.733313e+03
6.3 7.722456e+03 7.779350e+03 7.782121e+03 7.725227e+03
7.3 7.785545e+03 7.773751e+03 7.782177e+03 7.793971e+03
8.3 7.762590e+03 7.755262e+03 7.782786e+03 7.790115e+03
9.3 7.781545e+03 7.756982e+03 7.782167e+03 7.806730e+03
10.3 7.729211e+03 7.751875e+03 7.779605e+03 7.756941e+03
11.3 7.807201e+03 7.749015e+03 7.781173e+03 7.839360e+03
12.3 7.833081e+03 7.776914e+03 7.788083e+03 7.844250e+03
13.3 7.701631e+03 7.757584e+03 7.792357e+03 7.736404e+03
14.3 7.816994e+03 7.799478e+03 7.789172e+03 7.806688e+03
15.3 7.737267e+03 7.802927e+03 7.784722e+03 7.719062e+03
16.3 7.771121e+03 7.767665e+03 7.781917e+03 7.785373e+03
17.3 7.888285e+03 7.767821e+03 7.780581e+03 7.901045e+03
0.8 7.804521e+03 7.785717e+03 7.784330e+03 7.803135e+03
1.8 7.783389e+03 7.787851e+03 7.787908e+03 7.783446e+03
2.8 7.780817e+03 7.810010e+03 7.787093e+03 7.757900e+03
3.8 7.735987e+03 7.785751e+03 7.783077e+03 7.733313e+03
4.8 7.722456e+03 7.779350e+03 7.782121e+03 7.725227e+03
5.8 7.785545e+03 7.773751e+03 7.782177e+03 7.793971e+03
6.8 7.762590e+03 7.755262e+03 7.782786e+03 7.790115e+03
7.8 7.781545e+03 7.756982e+03 7.782167e+03 7.806730e+03
8.8 7.729211e+03 7.751875e+03 7.779605e+03 7.756941e+03
9.8 7.807201e+03 7.749015e+03 7.781173e+03 7.839360e+03
10.8 7.833081e+03 7.776914e+03 7.788083e+03 7.844250e+03
11.8 7.701631e+03 7.757584e+03 7.792357e+03 7.736404e+03
12.8 7.816994e+03 7.799478e+03 7.789172e+03 7.806688e+03
13.8 7.737267e+03 7.802927e+03 7.784722e+03 7.719062e+03
14.8 7.771121e+03 7.767665e+03 7.781917e+03 7.785373e+03
15.8 7.888285e+03 7.767821e+03 7.780581e+03 7.901045e+03
16.8 7.726096e+03 7.761602e+03 7.780157e+03 7.744651e+03
17.8 7.794091e+03 7.763013e+03 7.780255e+03 7.811333e+03
0.1 7.783389e+03 7.787851e+03 7.787908e+03 7.783446e+03
1.1 7.780817e+03 7.810010e+03 7.787093e+03 7.757900e+03
2.1 7.735987e+03 7.785751e+03 7.783077e+03 7.733313e+03
3.1 7.722456e+03 7.779350e+03 7.782121e+03 7.725227e+03
4.1 7.785545e+03 7.773751e+03 7.782177e+03 7.793971e+03
5.1 7.762590e+03 7.755262e+03 7.782786e+03 7.790115e+03
6.1 7.781545e+03 7.756982e+03 7.782167e+03 7.806730e+03
7.1 7.729211e+03 7.751875e+03 7.779605e+03 7.756941e+03
8.1 7.807201e+03 7.749015e+03 7.781173e+03 7.839360e+03
9.1 7.833081e+03 7.776914e+03 7.788083e+03 7.844250e+03
10.1 7.701631e+03 7.757584e+03 7.792357e+03 7.736404e+03
11.1 7.816994e+03 7.799478e+03 7.789172e+03 7.806688e+03
12.1 7.737267e+03 7.802927e+03 7.784722e+03 7.719062e+03
13.1 7.771121e+03 7.767665e+03 7.781917e+03 7.785373e+03
14.1 7.888285e+03 7.767821e+03 7.780581e+03 7.901045e+03
15.1 7.726096e+03 7.761602e+03 7.780157e+03 7.744651e+03
16.1 7.794091e+03 7.763013e+03 7.780255e+03 7.811333e+03
17.1 7.763238e+03 7.800723e+03 7.780579e+03 7.743094e+03
0.7 7.735987e+03 7.785751e+03 7.783077e+03 7.733313e+03
1.7 7.722456e+03 7.779350e+03 7.782121e+03 7.725227e+03
2.7 7.785545e+03 7.773751e+03 7.782177e+03 7.793971e+03
3.7 7.762590e+03 7.755262e+03 7.782786e+03 7.790115e+03
4.7 7.781545e+03 7.756982e+03 7.782167e+03 7.806730e+03
5.7 7.729211e+03 7.751875e+03 7.779605e+03 7.756941e+03
6.7 7.807201e+03 7.749015e+03 7.781173e+03 7.839360e+03
7.7 7.833081e+03 7.776914e+03 7.788083e+03 7.844250e+03
8.7 7.701631e+03 7.757584e+03 7.792357e+03 7.736404e+03
9.7 7.816994e+03 7.799478e+03 7.789172e+03 7.806688e+03
10.7 7.737267e+03 7.802927e+03 7.784722e+03 7.719062e+03
11.7 7.771121e+03 7.767665e+03 7.781917e+03 7.785373e+03
12.7 7.888285e+03 7.767821e+03 7.780581e+03 7.901045e+03
13.7 7.726096e+03 7.761602e+03 7.780157e+03 7.744651e+03
14.7 7.794091e+03 7.763013e+03 7.780255e+03 7.811333e+03
15.7 7.763238e+03 7.800723e+03 7.780579e+03 7.743094e+03
16.7 7.889663e+03 7.840140e+03 7.780927e+03 7.830451e+03
17.7 7.725728e+03 7.806028e+03 7.781204e+03 7.700904e+03
1.0 7.785545e+03 7.773751e+03 7.782177e+03 7.793971e+03
2.0 7.762590e+03 7.755262e+03 7.782786e+03 7.790115e+03
3.0 7.781545e+03 7.756982e+03 7.782167e+03 7.806730e+03
4.0 7.729211e+03 7.751875e+03 7.779605e+03 7.756941e+03
5.0 7.807201e+03 7.749015e+03 7.781173e+03 7.839360e+03
6.0 7.833081e+03 7.776914e+03 7.788083e+03 7.844250e+03
7.0 7.701631e+03 7.757584e+03 7.792357e+03 7.736404e+03
8.0 7.816994e+03 7.799478e+03 7.789172e+03 7.806688e+03
9.0 7.737267e+03 7.802927e+03 7.784722e+03 7.719062e+03
10.0 7.771121e+03 7.767665e+03 7.781917e+03 7.785373e+03
11.0 7.888285e+03 7.767821e+03 7.780581e+03 7.901045e+03
12.0 7.726096e+03 7.761602e+03 7.780157e+03 7.744651e+03
13.0 7.794091e+03 7.763013e+03 7.780255e+03 7.811333e+03
14.0 7.763238e+03 7.800723e+03 7.780579e+03 7.743094e+03
15.0 7.889663e+03 7.840140e+03 7.780927e+03 7.830451e+03
16.0 7.725728e+03 7.806028e+03 7.781204e+03 7.700904e+03
17.0 7.824996e+03 7.785314e+03 7.781400e+03 7.821081e+03
18.0 7.778297e+03 7.781730e+03 7.781534e+03 7.778101e+03
0.2 7.762590e+03 7.755262e+03 7.782786e+03 7.790115e+03
1.2 7.781545e+03 7.756982e+03 7.782167e+03 7.806730e+03
2.2 7.729211e+03 7.751875e+03 7.779605e+03 7.756941e+03
3.2 7.807201e+03 7.749015e+03 7.781173e+03 7.839360e+03
4.2 7.833081e+03 7.776914e+03 7.788083e+03 7.844250e+03
5.2 7.701631e+03 7.757584e+03 7.792357e+03 7.736404e+03
6.2 7.816994e+03 7.799478e+03 7.789172e+03 7.806688e+03
7.2 7.737267e+03 7.802927e+03 7.784722e+03 7.719062e+03
8.2 7.771121e+03 7.767665e+03 7.781917e+03 7.785373e+03
9.2 7.888285e+03 7.767821e+03 7.780581e+03 7.901045e+03
10.2 7.726096e+03 7.761602e+03 7.780157e+03 7.744651e+03
11.2 7.794091e+03 7.763013e+03 7.780255e+03 7.811333e+03
12.2 7.763238e+03 7.800723e+03 7.780579e+03 7.743094e+03
13.2 7.889663e+03 7.840140e+03 7.780927e+03 7.830451e+03
14.2 7.725728e+03 7.806028e+03 7.781204e+03 7.700904e+03
15.2 7.824996e+03 7.785314e+03 7.781400e+03 7.821081e+03
16.2 7.778297e+03 7.781730e+03 7.781534e+03 7.778101e+03
17.2 7.677341e+03 7.775391e+03 7.781633e+03 7.683583e+03
0.6 7.729211e+03 7.751875e+03 7.779605e+03 7.756941e+03
1.6 7.807201e+03 7.749015e+03 7.781173e+03 7.839360e+03
2.6 7.833081e+03 7.776914e+03 7.788083e+03 7.844250e+03
3.6 7.701631e+03 7.757584e+03 7.792357e+03 7.736404e+03
4.6 7.816994e+03 7.799478e+03 7.789172e+03 7.806688e+03
5.6 7.737267e+03 7.802927e+03 7.784722e+03 7.719062e+03
6.6 7.771121e+03 7.767665e+03 7.781917e+03 7.785373e+03
7.6 7.888285e+03 7.767821e+03 7.780581e+03 7.901045e+03
8.6 7.726096e+03 7.761602e+03 7.780157e+03 7.744651e+03
9.6 7.794091e+03 7.763013e+03 7.780255e+03 7.811333e+03
10.6 7.763238e+03 7.800723e+03 7.780579e+03 7.743094e+03
11.6 7.889663e+03 7.840140e+03 7.780927e+03 7.830451e+03
12.6 7.725728e+03 7.806028e+03 7.781204e+03 7.700904e+03
13.6 7.824996e+03 7.785314e+03 7.781400e+03 7.821081e+03
14.6 7.778297e+03 7.781730e+03 7.781534e+03 7.778101e+03
15.6 7.677341e+03 7.775391e+03 7.781633e+03 7.683583e+03
16.6 7.759244e+03 7.780710e+03 7.781713e+03 7.760247e+03
17.6 7.765599e+03 7.779198e+03 7.781781e+03 7.768182e+03
0.8 7.787441e+03 7.791369e+03 7.775473e+03 7.771545e+03
1.8 7.752881e+03 7.771523e+03 7.769251e+03 7.750609e+03
2.8 7.866655e+03 7.811609e+03 7.771904e+03 7.826951e+03
3.8 7.762618e+03 7.779297e+03 7.777502e+03 7.760824e+03
4.8 7.792689e+03 7.773748e+03 7.781797e+03 7.800738e+03
5.8 7.838494e+03 7.802348e+03 7.782772e+03 7.818917e+03
6.8 7.786792e+03 7.772349e+03 7.785869e+03 7.800312e+03
7.8 7.757487e+03 7.781957e+03 7.792880e+03 7.768410e+03
8.8 7.825380e+03 7.772552e+03 7.793819e+03 7.846647e+03
9.8 7.727406e+03 7.775719e+03 7.784202e+03 7.735889e+03
10.8 7.773564e+03 7.752755e+03 7.771062e+03 7.791871e+03
11.8 7.825253e+03 7.800652e+03 7.767706e+03 7.792307e+03
12.8 7.816227e+03 7.769578e+03 7.773142e+03 7.819791e+03
13.8 7.704518e+03 7.787496e+03 7.778072e+03 7.695093e+03
14.8 7.758731e+03 7.813512e+03 7.779688e+03 7.724907e+03
15.8 7.780155e+03 7.780563e+03 7.779349e+03 7.778941e+03
16.8 7.792170e+03 7.775073e+03 7.782401e+03 7.799498e+03
17.8 7.780271e+03 7.784307e+03 7.786414e+03 7.782378e+03
0.3 7.752881e+03 7.771523e+03 7.769251e+03 7.750609e+03
1.3 7.866655e+03 7.811609e+03 7.771904e+03 7.826951e+03
2.3 7.762618e+03 7.779297e+03 7.777502e+03 7.760824e+03
3.3 7.792689e+03 7.773748e+03 7.781797e+03 7.800738e+03
4.3 7.838494e+03 7.802348e+03 7.782772e+03 7.818917e+03
5.3 7.786792e+03 7.772349e+03 7.785869e+03 7.800312e+03
6.3 7.757487e+03 7.781957e+03 7.792880e+03 7.768410e+03
7.3 7.825380e+03 7.772552e+03 7.793819e+03 7.846647e+03
8.3 7.727406e+03 7.775719e+03 7.784202e+03 7.735889e+03
9.3 7.773564e+03 7.752755e+03 7.771062e+03 7.791871e+03
10.3 7.825253e+03 7.800652e+03 7.767706e+03 7.792307e+03
11.3 7.816227e+03 7.769578e+03 7.773142e+03 7.819791e+03
12.3 7.704518e+03 7.787496e+03 7.778072e+03 7.695093e+03
13.3 7.758731e+03 7.813512e+03 7.779688e+03 7.724907e+03
14.3 7.780155e+03 7.780563e+03 7.779349e+03 7.778941e+03
15.3 7.792170e+03 7.775073e+03 7.782401e+03 7.799498e+03
16.3 7.780271e+03 7.784307e+03 7.786414e+03 7.782378e+03
17.3 7.796326e+03 7.762599e+03 7.787121e+03 7.820848e+03
0.7 7.762618e+03 7.779297e+03 7.777502e+03 7.760824e+03
1.7 7.792689e+03 7.773748e+03 7.781797e+03 7.800738e+03
2.7 7.838494e+03 7.802348e+03 7.782772e+03 7.818917e+03
3.7 7.786792e+03 7.772349e+03 7.785869e+03 7.800312e+03
4.7 7.757487e+03 7.781957e+03 7.792880e+03 7.768410e+03
5.7 7.825380e+03 7.772552e+03 7.793819e+03 7.846647e+03
6.7 7.727406e+03 7.775719e+03 7.784202e+03 7.735889e+03
7.7 7.773564e+03 7.752755e+03 7.771062e+03 7.791871e+03
8.7 7.825253e+03 7.800652e+03 7.767706e+03 7.792307e+03
9.7 7.816227e+03 7.769578e+03 7.773142e+03 7.819791e+03
10.7 7.704518e+03 7.787496e+03 7.778072e+03 7.695093e+03
11.7 7.758731e+03 7.813512e+03 7.779688e+03 7.724907e+03
12.7 7.780155e+03 7.780563e+03 7.779349e+03 7.778941e+03
13.7 7.792170e+03 7.775073e+03 7.782401e+03 7.799498e+03
14.7 7.780271e+03 7.784307e+03 7.786414e+03 7.782378e+03
15.7 7.796326e+03 7.762599e+03 7.787121e+03 7.820848e+03
16.7 7.749334e+03 7.774633e+03 7.783465e+03 7.758166e+03
17.7 7.845230e+03 7.791055e+03 7.777058e+03 7.831234e+03
1.0 7.838494e+03 7.802348e+03 7.782772e+03 7.818917e+03
2.0 7.786792e+03 7.772349e+03 7.785869e+03 7.800312e+03
3.0 7.757487e+03 7.781957e+03 7.792880e+03 7.768410e+03
4.0 7.825380e+03 7.772552e+03 7.793819e+03 7.846647e+03
5.0 7.727406e+03 7.775719e+03 7.784202e+03 7.735889e+03
6.0 7.773564e+03 7.752755e+03 7.771062e+03 7.791871e+03
7.0 7.825253e+03 7.800652e+03 7.767706e+03 7.792307e+03
8.0 7.816227e+03 7.769578e+03 7.773142e+03 7.819791e+03
9.0 7.704518e+03 7.787496e+03 7.778072e+03 7.695093e+03
10.0 7.758731e+03 7.813512e+03 7.779688e+03 7.724907e+03
11.0 7.780155e+03 7.780563e+03 7.779349e+03 7.778941e+03
12.0 7.792170e+03 7.775073e+03 7.782401e+03 7.799498e+03
13.0 7.780271e+03 7.784307e+03 7.786414e+03 7.782378e+03
14.0 7.796326e+03 7.762599e+03 7.787121e+03 7.820848e+03
15.0 7.749334e+03 7.774633e+03 7.783465e+03 7.758166e+03
16.0 7.845230e+03 7.791055e+03 7.777058e+03 7.831234e+03
17.0 7.869501e+03 7.765899e+03 7.772758e+03 7.876359e+03
18.0 7.761278e+03 7.792257e+03 7.771846e+03 7.740868e+03
0.6 7.727406e+03 7.775719e+03 7.784202e+03 7.735889e+03
1.6 7.773564e+03 7.752755e+03 7.771062e+03 7.791871e+03
2.6 7.825253e+03 7.800652e+03 7.767706e+03 7.792307e+03
3.6 7.816227e+03 7.769578e+03 7.773142e+03 7.819791e+03
4.6 7.704518e+03 7.787496e+03 7.778072e+03 7.695093e+03
5.6 7.758731e+03 7.813512e+03 7.779688e+03 7.724907e+03
6.6 7.780155e+03 7.780563e+03 7.779349e+03 7.778941e+03
7.6 7.792170e+03 7.775073e+03 7.782401e+03 7.799498e+03
8.6 7.780271e+03 7.784307e+03 7.786414e+03 7.782378e+03
9.6 7.796326e+03 7.762599e+03 7.787121e+03 7.820848e+03
10.6 7.749334e+03 7.774633e+03 7.783465e+03 7.758166e+03
11.6 7.845230e+03 7.791055e+03 7.777058e+03 7.831234e+03
12.6 7.869501e+03 7.765899e+03 7.772758e+03 7.876359e+03
13.6 7.761278e+03 7.792257e+03 7.771846e+03 7.740868e+03
14.6 7.772413e+03 7.790957e+03 7.777966e+03 7.759422e+03
15.6 7.713399e+03 7.762501e+03 7.792270e+03 7.743168e+03
16.6 7.750783e+03 7.786140e+03 7.801042e+03 7.765685e+03
17.6 7.755005e+03 7.810919e+03 7.796626e+03 7.740712e+03
0.4 7.773564e+03 7.752755e+03 7.771062e+03 7.791871e+03
1.4 7.825253e+03 7.800652e+03 7.767706e+03 7.792307e+03
2.4 7.816227e+03 7.769578e+03 7.773142e+03 7.819791e+03
3.4 7.704518e+03 7.787496e+03 7.778072e+03 7.695093e+03
4.4 7.758731e+03 7.813512e+03 7.779688e+03 7.724907e+03
5.4 7.780155e+03 7.780563e+03 7.779349e+03 7.778941e+03
6.4 7.792170e+03 7.775073e+03 7.782401e+03 7.799498e+03
7.4 7.780271e+03 7.784307e+03 7.786414e+03 7.782378e+03
8.4 7.796326e+03 7.762599e+03 7.787121e+03 7.820848e+03
9.4 7.749334e+03 7.774633e+03 7.783465e+03 7.758166e+03
10.4 7.845230e+03 7.791055e+03 7.777058e+03 7.831234e+03
11.4 7.869501e+03 7.765899e+03 7.772758e+03 7.876359e+03
12.4 7.761278e+03 7.792257e+03 7.771846e+03 7.740868e+03
13.4 7.772413e+03 7.790957e+03 7.777966e+03 7.759422e+03
14.4 7.713399e+03 7.762501e+03 7.792270e+03 7.743168e+03
15.4 7.750783e+03 7.786140e+03 7.801042e+03 7.765685e+03
16.4 7.755005e+03 7.810919e+03 7.796626e+03 7.740712e+03
17.4 7.775590e+03 7.794841e+03 7.788565e+03 7.769313e+03
0.0 7.825253e+03 7.800652e+03 7.767706e+03 7.792307e+03
1.0 7.816227e+03 7.769578e+03 7.773142e+03 7.819791e+03
2.0 7.704518e+03 7.787496e+03 7.778072e+03 7.695093e+03
3.0 7.758731e+03 7.813512e+03 7.779688e+03 7.724907e+03
4.0 7.780155e+03 7.780563e+03 7.779349e+03 7.778941e+03
5.0 7.792170e+03 7.775073e+03 7.782401e+03 7.799498e+03
6.0 7.780271e+03 7.784307e+03 7.786414e+03 7.782378e+03
7.0 7.796326e+03 7.762599e+03 7.787121e+03 7.820848e+03
8.0 7.749334e+03 7.774633e+03 7.783465e+03 7.758166e+03
9.0 7.845230e+03 7.791055e+03 7.777058e+03 7.831234e+03
10.0 7.869501e+03 7.765899e+03 7.772758e+03 7.876359e+03
11.0 7.761278e+03 7.792257e+03 7.771846e+03 7.740868e+03
12.0 7.772413e+03 7.790957e+03 7.777966e+03 7.759422e+03
13.0 7.713399e+03 7.762501e+03 7.792270e+03 7.743168e+03
14.0 7.750783e+03 7.786140e+03 7.801042e+03 7.765685e+03
15.0 7.755005e+03 7.810919e+03 7.796626e+03 7.740712e+03
16.0 7.775590e+03 7.794841e+03 7.788565e+03 7.769313e+03
17.0 7.783228e+03 7.764986e+03 7.782928e+03 7.801170e+03
0.7 7.704518e+03 7.787496e+03 7.778072e+03 7.695093e+03
1.7 7.758731e+03 7.813512e+03 7.779688e+03 7.724907e+03
2.7 7.780155e+03 7.780563e+03 7.779349e+03 7.778941e+03
3.7 7.792170e+03 7.775073e+03 7.782401e+03 7.799498e+03
4.7 7.780271e+03 7.784307e+03 7.786414e+03 7.782378e+03
5.7 7.796326e+03 7.762599e+03 7.787121e+03 7.820848e+03
6.7 7.749334e+03 7.774633e+03 7.783465e+03 7.758166e+03
7.7 7.845230e+03 7.791055e+03 7.777058e+03 7.831234e+03
8.7 7.869501e+03 7.765899e+03 7.772758e+03 7.876359e+03
9.7 7.761278e+03 7.792257e+03 7.771846e+03 7.740868e+03
10.7 7.772413e+03 7.790957e+03 7.777966e+03 7.759422e+03
11.7 7.713399e+03 7.762501e+03 7.792270e+03 7.743168e+03
12.7 7.750783e+03 7.786140e+03 7.801042e+03 7.765685e+03
13.7 7.755005e+03 7.810919e+03 7.796626e+03 7.740712e+03
14.7 7.775590e+03 7.794841e+03 7.788565e+03 7.769313e+03
15.7 7.783228e+03 7.764986e+03 7.782928e+03 7.801170e+03
16.7 7.782653e+03 7.760909e+03 7.779999e+03 7.801743e+03
17.7 7.742342e+03 7.740584e+03 7.778873e+03 7.780631e+03
0.5 7.758731e+03 7.813512e+03 7.779688e+03 7.724907e+03
1.5 7.780155e+03 7.780563e+03 7.779349e+03 7.778941e+03
2.5 7.792170e+03 7.775073e+03 7.782401e+03 7.799498e+03
3.5 7.780271e+03 7.784307e+03 7.786414e+03 7.782378e+03
4.5 7.796326e+03 7.762599e+03 7.787121e+03 7.820848e+03
5.5 7.749334e+03 7.774633e+03 7.783465e+03 7.758166e+03
6.5 7.845230e+03 7.791055e+03 7.777058e+03 7.831234e+03
7.5 7.869501e+03 7.765899e+03 7.772758e+03 7.876359e+03
8.5 7.761278e+03 7.792257e+03 7.771846e+03 7.740868e+03
9.5 7.772413e+03 7.790957e+03 7.777966e+03 7.759422e+03
10.5 7.713399e+03 7.762501e+03 7.792270e+03 7.743168e+03
11.5 7.750783e+03 7.786140e+03 7.801042e+03 7.765685e+03
12.5 7.755005e+03 7.810919e+03 7.796626e+03 7.740712e+03
13.5 7.775590e+03 7.794841e+03 7.788565e+03 7.769313e+03
14.5 7.783228e+03 7.764986e+03 7.782928e+03 7.801170e+03
15.5 7.782653e+03 7.760909e+03 7.779999e+03 7.801743e+03
16.5 7.742342e+03 7.740584e+03 7.778873e+03 7.780631e+03
17.5 7.823066e+03 7.802629e+03 7.778809e+03 7.799247e+03
0.5 7.780155e+03 7.780563e+03 7.779349e+03 7.778941e+03
1.5 7.792170e+03 7.775073e+03 7.782401e+03 7.799498e+03
2.5 7.780271e+03 7.784307e+03 7.786414e+03 7.782378e+03
3.5 7.796326e+03 7.762599e+03 7.787121e+03 7.820848e+03
4.5 7.749334e+03 7.774633e+03 7.783465e+03 7.758166e+03
5.5 7.845230e+03 7.791055e+03 7.777058e+03 7.831234e+03
6.5 7.869501e+03 7.765899e+03 7.772758e+03 7.876359e+03
7.5 7.761278e+03 7.792257e+03 7.771846e+03 7.740868e+03
8.5 7.772413e+03 7.790957e+03 7.777966e+03 7.759422e+03
9.5 7.713399e+03 7.762501e+03 7.792270e+03 7.743168e+03
10.5 7.750783e+03 7.786140e+03 7.801042e+03 7.765685e+03
11.5 7.755005e+03 7.810919e+03 7.796626e+03 7.740712e+03
12.5 7.775590e+03 7.794841e+03 7.788565e+03 7.769313e+03
13.5 7.783228e+03 7.764986e+03 7.782928e+03 7.801170e+03
14.5 7.782653e+03 7.760909e+03 7.779999e+03 7.801743e+03
15.5 7.742342e+03 7.740584e+03 7.778873e+03 7.780631e+03
16.5 7.823066e+03 7.802629e+03 7.778809e+03 7.799247e+03
17.5 7.789889e+03 7.788996e+03 7.779230e+03 7.780123e+03
0.8 7.780271e+03 7.784307e+03 7.786414e+03 7.782378e+03
1.8 7.796326e+03 7.762599e+03 7.787121e+03 7.820848e+03
2.8 7.749334e+03 7.774633e+03 7.783465e+03 7.758166e+03
3.8 7.845230e+03 7.791055e+03 7.777058e+03 7.831234e+03
4.8 7.869501e+03 7.765899e+03 7.772758e+03 7.876359e+03
5.8 7.761278e+03 7.792257e+03 7.771846e+03 7.740868e+03
6.8 7.772413e+03 7.790957e+03 7.777966e+03 7.759422e+03
7.8 7.713399e+03 7.762501e+03 7.792270e+03 7.743168e+03
8.8 7.750783e+03 7.786140e+03 7.801042e+03 7.765685e+03
9.8 7.755005e+03 7.810919e+03 7.796626e+03 7.740712e+03
10.8 7.775590e+03 7.794841e+03 7.788565e+03 7.769313e+03
11.8 7.783228e+03 7.764986e+03 7.782928e+03 7.801170e+03
12.8 7.782653e+03 7.760909e+03 7.779999e+03 7.801743e+03
13.8 7.742342e+03 7.740584e+03 7.778873e+03 7.780631e+03
14.8 7.823066e+03 7.802629e+03 7.778809e+03 7.799247e+03
15.8 7.789889e+03 7.788996e+03 7.779230e+03 7.780123e+03
16.8 7.745739e+03 7.757648e+03 7.779736e+03 7.767827e+03
17.8 7.768376e+03 7.780228e+03 7.780139e+03 7.768287e+03
0.1 7.796326e+03 7.762599e+03 7.787121e+03 7.820848e+03
1.1 7.749334e+03 7.774633e+03 7.783465e+03 7.758166e+03
2.1 7.845230e+03 7.791055e+03 7.777058e+03 7.831234e+03
3.1 7.869501e+03 7.765899e+03 7.772758e+03 7.876359e+03
4.1 7.761278e+03 7.792257e+03 7.771846e+03 7.740868e+03
5.1 7.772413e+03 7.790957e+03 7.777966e+03 7.759422e+03
6.1 7.713399e+03 7.762501e+03 7.792270e+03 7.743168e+03
7.1 7.750783e+03 7.786140e+03 7.801042e+03 7.765685e+03
8.1 7.755005e+03 7.810919e+03 7.796626e+03 7.740712e+03
9.1 7.775590e+03 7.794841e+03 7.788565e+03 7.769313e+03
10.1 7.783228e+03 7.764986e+03 7.782928e+03 7.801170e+03
11.1 7.782653e+03 7.760909e+03 7.779999e+03 7.801743e+03
12.1 7.742342e+03 7.740584e+03 7.778873e+03 7.780631e+03
13.1 7.823066e+03 7.802629e+03 7.778809e+03 7.799247e+03
14.1 7.789889e+03 7.788996e+03 7.779230e+03 7.780123e+03
15.1 7.745739e+03 7.757648e+03 7.779736e+03 7.767827e+03
16.1 7.768376e+03 7.780228e+03 7.780139e+03 7.768287e+03
17.1 7.820682e+03 7.781632e+03 7.780406e+03 7.819455e+03
0.9 7.845230e+03 7.791055e+03 7.777058e+03 7.831234e+03
1.9 7.869501e+03 7.765899e+03 7.772758e+03 7.876359e+03
2.9 7.761278e+03 7.792257e+03 7.771846e+03 7.740868e+03
3.9 7.772413e+03 7.790957e+03 7.777966e+03 7.759422e+03
4.9 7.713399e+03 7.762501e+03 7.792270e+03 7.743168e+03
5.9 7.750783e+03 7.786140e+03 7.801042e+03 7.765685e+03
6.9 7.755005e+03 7.810919e+03 7.796626e+03 7.740712e+03
7.9 7.775590e+03 7.794841e+03 7.788565e+03 7.769313e+03
8.9 7.783228e+03 7.764986e+03 7.782928e+03 7.801170e+03
9.9 7.782653e+03 7.760909e+03 7.779999e+03 7.801743e+03
10.9 7.742342e+03 7.740584e+03 7.778873e+03 7.780631e+03
11.9 7.823066e+03 7.802629e+03 7.778809e+03 7.799247e+03
12.9 7.789889e+03 7.788996e+03 7.779230e+03 7.780123e+03
13.9 7.745739e+03 7.757648e+03 7.779736e+03 7.767827e+03
14.9 7.768376e+03 7.780228e+03 7.780139e+03 7.768287e+03
15.9 7.820682e+03 7.781632e+03 7.780406e+03 7.819455e+03
16.9 7.741424e+03 7.779989e+03 7.780570e+03 7.742005e+03
17.9 7.793227e+03 7.798117e+03 7.780675e+03 7.775785e+03
1.0 7.869501e+03 7.765899e+03 7.772758e+03 7.876359e+03
2.0 7.761278e+03 7.792257e+03 7.771846e+03 7.740868e+03
3.0 7.772413e+03 7.790957e+03 7.777966e+03 7.759422e+03
4.0 7.713399e+03 7.762501e+03 7.792270e+03 7.743168e+03
5.0 7.750783e+03 7.786140e+03 7.801042e+03 7.765685e+03
6.0 7.755005e+03 7.810919e+03 7.796626e+03 7.740712e+03
7.0 7.775590e+03 7.794841e+03 7.788565e+03 7.769313e+03
8.0 7.783228e+03 7.764986e+03 7.782928e+03 7.801170e+03
9.0 7.782653e+03 7.760909e+03 7.779999e+03 7.801743e+03
10.0 7.742342e+03 7.740584e+03 7.778873e+03 7.780631e+03
11.0 7.823066e+03 7.802629e+03 7.778809e+03 7.799247e+03
12.0 7.789889e+03 7.788996e+03 7.779230e+03 7.780123e+03
13.0 7.745739e+03 7.757648e+03 7.779736e+03 7.767827e+03
14.0 7.768376e+03 7.780228e+03 7.780139e+03 7.768287e+03
15.0 7.820682e+03 7.781632e+03 7.780406e+03 7.819455e+03
16.0 7.741424e+03 7.779989e+03 7.780570e+03 7.742005e+03
17.0 7.793227e+03 7.798117e+03 7.780675e+03 7.775785e+03
18.0 7.758914e+03 7.788415e+03 7.780749e+03 7.751247e+03
0.1 7.869501e+03 7.765899e+03 7.772758e+03 7.876359e+03
1.1 7.761278e+03 7.792257e+03 7.771846e+03 7.740868e+03
2.1 7.772413e+03 7.790957e+03 7.777966e+03 7.759422e+03
3.1 7.713399e+03 7.762501e+03 7.792270e+03 7.743168e+03
4.1 7.750783e+03 7.786140e+03 7.801042e+03 7.765685e+03
5.1 7.755005e+03 7.810919e+03 7.796626e+03 7.740712e+03
6.1 7.775590e+03 7.794841e+03 7.788565e+03 7.769313e+03
7.1 7.783228e+03 7.764986e+03 7.782928e+03 7.801170e+03
8.1 7.782653e+03 7.760909e+03 7.779999e+03 7.801743e+03
9.1 7.742342e+03 7.740584e+03 7.778873e+03 7.780631e+03
10.1 7.823066e+03 7.802629e+03 7.778809e+03 7.799247e+03
11.1 7.789889e+03 7.788996e+03 7.779230e+03 7.780123e+03
12.1 7.745739e+03 7.757648e+03 7.779736e+03 7.767827e+03
13.1 7.768376e+03 7.780228e+03 7.780139e+03 7.768287e+03
14.1 7.820682e+03 7.781632e+03 7.780406e+03 7.819455e+03
15.1 7.741424e+03 7.779989e+03 7.780570e+03 7.742005e+03
16.1 7.793227e+03 7.798117e+03 7.780675e+03 7.775785e+03
17.1 7.758914e+03 7.788415e+03 7.780749e+03 7.751247e+03
0.3 7.761278e+03 7.792257e+03 7.771846e+03 7.740868e+03
1.3 7.772413e+03 7.790957e+03 7.777966e+03 7.759422e+03
2.3 7.713399e+03 7.762501e+03 7.792270e+03 7.743168e+03
3.3 7.750783e+03 7.786140e+03 7.801042e+03 7.765685e+03
4.3 7.755005e+03 7.810919e+03 7.796626e+03 7.740712e+03
5.3 7.775590e+03 7.794841e+03 7.788565e+03 7.769313e+03
6.3 7.783228e+03 7.764986e+03 7.782928e+03 7.801170e+03
7.3 7.782653e+03 7.760909e+03 7.779999e+03 7.801743e+03
8.3 7.742342e+03 7.740584e+03 7.778873e+03 7.780631e+03
9.3 7.823066e+03 7.802629e+03 7.778809e+03 7.799247e+03
10.3 7.789889e+03 7.788996e+03 7.779230e+03 7.780123e+03
11.3 7.745739e+03 7.757648e+03 7.779736e+03 7.767827e+03
12.3 7.768376e+03 7.780228e+03 7.780139e+03 7.768287e+03
13.3 7.820682e+03 7.781632e+03 7.780406e+03 7.819455e+03
14.3 7.741424e+03 7.779989e+03 7.780570e+03 7.742005e+03
15.3 7.793227e+03 7.798117e+03 7.780675e+03 7.775785e+03
16.3 7.758914e+03 7.788415e+03 7.780749e+03 7.751247e+03
17.3 7.792481e+03 7.765905e+03 7.780808e+03 7.807385e+03
0.1 7.754498e+03 7.754837e+03 7.780028e+03 7.779689e+03
1.1 7.747406e+03 7.783634e+03 7.772942e+03 7.736714e+03
2.1 7.758218e+03 7.771343e+03 7.772954e+03 7.759829e+03
3.1 7.826904e+03 7.794473e+03 7.784002e+03 7.816433e+03
4.1 7.743241e+03 7.800533e+03 7.789081e+03 7.731789e+03
5.1 7.805029e+03 7.806570e+03 7.787223e+03 7.785682e+03
6.1 7.875947e+03 7.805186e+03 7.784505e+03 7.855266e+03
7.1 7.650198e+03 7.784637e+03 7.782710e+03 7.648271e+03
8.1 7.721993e+03 7.766866e+03 7.781690e+03 7.736817e+03
9.1 7.761307e+03 7.783416e+03 7.781227e+03 7.759118e+03
10.1 7.837015e+03 7.800125e+03 7.781152e+03 7.818042e+03
11.1 7.743947e+03 7.806485e+03 7.781274e+03 7.718736e+03
12.1 7.863100e+03 7.834399e+03 7.781442e+03 7.810143e+03
13.1 7.778007e+03 7.805380e+03 7.781581e+03 7.754208e+03
14.1 7.848793e+03 7.782198e+03 7.781677e+03 7.848272e+03
15.1 7.803067e+03 7.799768e+03 7.781739e+03 7.785038e+03
16.1 7.763099e+03 7.779481e+03 7.781781e+03 7.765398e+03
17.1 7.835669e+03 7.763530e+03 7.781811e+03 7.853951e+03
0.5 7.754198e+03 7.747637e+03 7.777868e+03 7.784429e+03
1.5 7.738909e+03 7.716584e+03 7.771905e+03 7.794230e+03
2.5 7.776631e+03 7.765843e+03 7.770948e+03 7.781736e+03
3.5 7.748559e+03 7.744676e+03 7.771106e+03 7.774990e+03
4.5 7.699834e+03 7.715140e+03 7.778580e+03 7.763275e+03
5.5 7.720371e+03 7.748677e+03 7.790753e+03 7.762446e+03
6.5 7.763529e+03 7.784309e+03 7.787897e+03 7.767118e+03
7.5 7.855711e+03 7.841162e+03 7.780546e+03 7.795096e+03
8.5 7.761073e+03 7.808751e+03 7.776694e+03 7.729016e+03
9.5 7.768468e+03 7.787256e+03 7.774044e+03 7.755256e+03
10.5 7.737825e+03 7.761521e+03 7.774273e+03 7.750577e+03
11.5 7.635464e+03 7.762779e+03 7.777640e+03 7.650326e+03
12.5 7.824519e+03 7.788695e+03 7.789782e+03 7.825606e+03
13.5 7.720076e+03 7.750615e+03 7.798812e+03 7.768274e+03
14.5 7.878534e+03 7.778446e+03 7.795396e+03 7.895484e+03
15.5 7.807359e+03 7.804938e+03 7.788290e+03 7.790710e+03
16.5 7.841862e+03 7.804533e+03 7.783259e+03 7.820588e+03
17.5 7.841317e+03 7.789156e+03 7.780610e+03 7.832772e+03
0.8 7.776631e+03 7.765843e+03 7.770948e+03 7.781736e+03
1.8 7.748559e+03 7.744676e+03 7.771106e+03 7.774990e+03
2.8 7.699834e+03 7.715140e+03 7.778580e+03 7.763275e+03
3.8 7.720371e+03 7.748677e+03 7.790753e+03 7.762446e+03
4.8 7.763529e+03 7.784309e+03 7.787897e+03 7.767118e+03
5.8 7.855711e+03 7.841162e+03 7.780546e+03 7.795096e+03
6.8 7.761073e+03 7.808751e+03 7.776694e+03 7.729016e+03
7.8 7.768468e+03 7.787256e+03 7.774044e+03 7.755256e+03
8.8 7.737825e+03 7.761521e+03 7.774273e+03 7.750577e+03
9.8 7.635464e+03 7.762779e+03 7.777640e+03 7.650326e+03
10.8 7.824519e+03 7.788695e+03 7.789782e+03 7.825606e+03
11.8 7.720076e+03 7.750615e+03 7.798812e+03 7.768274e+03
12.8 7.878534e+03 7.778446e+03 7.795396e+03 7.895484e+03
13.8 7.807359e+03 7.804938e+03 7.788290e+03 7.790710e+03
14.8 7.841862e+03 7.804533e+03 7.783259e+03 7.820588e+03
15.8 7.841317e+03 7.789156e+03 7.780610e+03 7.832772e+03
16.8 7.771017e+03 7.768267e+03 7.779544e+03 7.782293e+03
17.8 7.743596e+03 7.762885e+03 7.779422e+03 7.760134e+03
0.9 7.748559e+03 7.744676e+03 7.771106e+03 7.774990e+03
1.9 7.699834e+03 7.715140e+03 7.778580e+03 7.763275e+03
2.9 7.720371e+03 7.748677e+03 7.790753e+03 7.762446e+03
3.9 7.763529e+03 7.784309e+03 7.787897e+03 7.767118e+03
4.9 7.855711e+03 7.841162e+03 7.780546e+03 7.795096e+03
5.9 7.761073e+03 7.808751e+03 7.776694e+03 7.729016e+03
6.9 7.768468e+03 7.787256e+03 7.774044e+03 7.755256e+03
7.9 7.737825e+03 7.761521e+03 7.774273e+03 7.750577e+03
8.9 7.635464e+03 7.762779e+03 7.777640e+03 7.650326e+03
9.9 7.824519e+03 7.788695e+03 7.789782e+03 7.825606e+03
10.9 7.720076e+03 7.750615e+03 7.798812e+03 7.768274e+03
11.9 7.878534e+03 7.778446e+03 7.795396e+03 7.895484e+03
12.9 7.807359e+03 7.804938e+03 7.788290e+03 7.790710e+03
13.9 7.841862e+03 7.804533e+03 7.783259e+03 7.820588e+03
14.9 7.841317e+03 7.789156e+03 7.780610e+03 7.832772e+03
15.9 7.771017e+03 7.768267e+03 7.779544e+03 7.782293e+03
16.9 7.743596e+03 7.762885e+03 7.779422e+03 7.760134e+03
17.9 7.752087e+03 7.804301e+03 7.779746e+03 7.727532e+03
0.2 7.720371e+03 7.748677e+03 7.790753e+03 7.762446e+03
1.2 7.763529e+03 7.784309e+03 7.787897e+03 7.767118e+03
2.2 7.855711e+03 7.841162e+03 7.780546e+03 7.795096e+03
3.2 7.761073e+03 7.808751e+03 7.776694e+03 7.729016e+03
4.2 7.768468e+03 7.787256e+03 7.774044e+03 7.755256e+03
5.2 7.737825e+03 7.761521e+03 7.774273e+03 7.750577e+03
6.2 7.635464e+03 7.762779e+03 7.777640e+03 7.650326e+03
7.2 7.824519e+03 7.788695e+03 7.789782e+03 7.825606e+03
8.2 7.720076e+03 7.750615e+03 7.798812e+03 7.768274e+03
9.2 7.878534e+03 7.778446e+03 7.795396e+03 7.895484e+03
10.2 7.807359e+03 7.804938e+03 7.788290e+03 7.790710e+03
11.2 7.841862e+03 7.804533e+03 7.783259e+03 7.820588e+03
12.2 7.841317e+03 7.789156e+03 7.780610e+03 7.832772e+03
13.2 7.771017e+03 7.768267e+03 7.779544e+03 7.782293e+03
14.2 7.743596e+03 7.762885e+03 7.779422e+03 7.760134e+03
15.2 7.752087e+03 7.804301e+03 7.779746e+03 7.727532e+03
16.2 7.834784e+03 7.791271e+03 7.780161e+03 7.823675e+03
17.2 7.794997e+03 7.800693e+03 7.780495e+03 7.774799e+03
0.5 7.855711e+03 7.841162e+03 7.780546e+03 7.795096e+03
1.5 7.761073e+03 7.808751e+03 7.776694e+03 7.729016e+03
2.5 7.768468e+03 7.787256e+03 7.774044e+03 7.755256e+03
3.5 7.737825e+03 7.761521e+03 7.774273e+03 7.750577e+03
4.5 7.635464e+03 7.762779e+03 7.777640e+03 7.650326e+03
5.5 7.824519e+03 7.788695e+03 7.789782e+03 7.825606e+03
6.5 7.720076e+03 7.750615e+03 7.798812e+03 7.768274e+03
7.5 7.878534e+03 7.778446e+03 7.795396e+03 7.895484e+03
8.5 7.807359e+03 7.804938e+03 7.788290e+03 7.790710e+03
9.5 7.841862e+03 7.804533e+03 7.783259e+03 7.820588e+03
10.5 7.841317e+03 7.789156e+03 7.780610e+03 7.832772e+03
11.5 7.771017e+03 7.768267e+03 7.779544e+03 7.782293e+03
12.5 7.743596e+03 7.762885e+03 7.779422e+03 7.760134e+03
13.5 7.752087e+03 7.804301e+03 7.779746e+03 7.727532e+03
14.5 7.834784e+03 7.791271e+03 7.780161e+03 7.823675e+03
15.5 7.794997e+03 7.800693e+03 7.780495e+03 7.774799e+03
16.5 7.841506e+03 7.808703e+03 7.780713e+03 7.813516e+03
17.5 7.832789e+03 7.803323e+03 7.780844e+03 7.810310e+03
0.4 7.761073e+03 7.808751e+03 7.776694e+03 7.729016e+03
1.4 7.768468e+03 7.787256e+03 7.774044e+03 7.755256e+03
2.4 7.737825e+03 7.761521e+03 7.774273e+03 7.750577e+03
3.4 7.635464e+03 7.762779e+03 7.777640e+03 7.650326e+03
4.4 7.824519e+03 7.788695e+03 7.789782e+03 7.825606e+03
5.4 7.720076e+03 7.750615e+03 7.798812e+03 7.768274e+03
6.4 7.878534e+03 7.778446e+03 7.795396e+03 7.895484e+03
7.4 7.807359e+03 7.804938e+03 7.788290e+03 7.790710e+03
8.4 7.841862e+03 7.804533e+03 7.783259e+03 7.820588e+03
9.4 7.841317e+03 7.789156e+03 7.780610e+03 7.832772e+03
10.4 7.771017e+03 7.768267e+03 7.779544e+03 7.782293e+03
11.4 7.743596e+03 7.762885e+03 7.779422e+03 7.760134e+03
12.4 7.752087e+03 7.804301e+03 7.779746e+03 7.727532e+03
13.4 7.834784e+03 7.791271e+03 7.780161e+03 7.823675e+03
14.4 7.794997e+03 7.800693e+03 7.780495e+03 7.774799e+03
15.4 7.841506e+03 7.808703e+03 7.780713e+03 7.813516e+03
16.4 7.832789e+03 7.803323e+03 7.780844e+03 7.810310e+03
17.4 7.795519e+03 7.824098e+03 7.780925e+03 7.752347e+03
0.2 7.768468e+03 7.787256e+03 7.774044e+03 7.755256e+03
1.2 7.737825e+03 7.761521e+03 7.774273e+03 7.750577e+03
2.2 7.635464e+03 7.762779e+03 7.777640e+03 7.650326e+03
3.2 7.824519e+03 7.788695e+03 7.789782e+03 7.825606e+03
4.2 7.720076e+03 7.750615e+03 7.798812e+03 7.768274e+03
5.2 7.878534e+03 7.778446e+03 7.795396e+03 7.895484e+03
6.2 7.807359e+03 7.804938e+03 7.788290e+03 7.790710e+03
7.2 7.841862e+03 7.804533e+03 7.783259e+03 7.820588e+03
8.2 7.841317e+03 7.789156e+03 7.780610e+03 7.832772e+03
9.2 7.771017e+03 7.768267e+03 7.779544e+03 7.782293e+03
10.2 7.743596e+03 7.762885e+03 7.779422e+03 7.760134e+03
11.2 7.752087e+03 7.804301e+03 7.779746e+03 7.727532e+03
12.2 7.834784e+03 7.791271e+03 7.780161e+03 7.823675e+03
13.2 7.794997e+03 7.800693e+03 7.780495e+03 7.774799e+03
14.2 7.841506e+03 7.808703e+03 7.780713e+03 7.813516e+03
15.2 7.832789e+03 7.803323e+03 7.780844e+03 7.810310e+03
16.2 7.795519e+03 7.824098e+03 7.780925e+03 7.752347e+03
17.2 7.875079e+03 7.808123e+03 7.780987e+03 7.847943e+03
0.3 7.737825e+03 7.761521e+03 7.774273e+03 7.750577e+03
1.3 7.635464e+03 7.762779e+03 7.777640e+03 7.650326e+03
2.3 7.824519e+03 7.788695e+03 7.789782e+03 7.825606e+03
3.3 7.720076e+03 7.750615e+03 7.798812e+03 7.768274e+03
4.3 7.878534e+03 7.778446e+03 7.795396e+03 7.895484e+03
5.3 7.807359e+03 7.804938e+03 7.788290e+03 7.790710e+03
6.3 7.841862e+03 7.804533e+03 7.783259e+03 7.820588e+03
7.3 7.841317e+03 7.789156e+03 7.780610e+03 7.832772e+03
8.3 7.771017e+03 7.768267e+03 7.779544e+03 7.782293e+03
9.3 7.743596e+03 7.762885e+03 7.779422e+03 7.760134e+03
10.3 7.752087e+03 7.804301e+03 7.779746e+03 7.727532e+03
11.3 7.834784e+03 7.791271e+03 7.780161e+03 7.823675e+03
12.3 7.794997e+03 7.800693e+03 7.780495e+03 7.774799e+03
13.3 7.841506e+03 7.808703e+03 7.780713e+03 7.813516e+03
14.3 7.832789e+03 7.803323e+03 7.780844e+03 7.810310e+03
15.3 7.795519e+03 7.824098e+03 7.780925e+03 7.752347e+03
16.3 7.875079e+03 7.808123e+03 7.780987e+03 7.847943e+03
17.3 7.780729e+03 7.784663e+03 7.781041e+03 7.777108e+03
0.8 7.759224e+03 7.763364e+03 7.775734e+03 7.771594e+03
1.8 7.729788e+03 7.767169e+03 7.769763e+03 7.732382e+03
2.8 7.804313e+03 7.770616e+03 7.770653e+03 7.804351e+03
3.8 7.750245e+03 7.793941e+03 7.773755e+03 7.730058e+03
4.8 7.761536e+03 7.791589e+03 7.777754e+03 7.747701e+03
5.8 7.849604e+03 7.781007e+03 7.780848e+03 7.849445e+03
6.8 7.723704e+03 7.771048e+03 7.783849e+03 7.736505e+03
7.8 7.806270e+03 7.776163e+03 7.786212e+03 7.816320e+03
8.8 7.829774e+03 7.788207e+03 7.786722e+03 7.828290e+03
9.8 7.783584e+03 7.787360e+03 7.783750e+03 7.779974e+03
10.8 7.717749e+03 7.715254e+03 7.776802e+03 7.779296e+03
11.8 7.760745e+03 7.772963e+03 7.777363e+03 7.765145e+03
12.8 7.774175e+03 7.744813e+03 7.782115e+03 7.811476e+03
13.8 7.871028e+03 7.797689e+03 7.787765e+03 7.861103e+03
14.8 7.838938e+03 7.796911e+03 7.793832e+03 7.835859e+03
15.8 7.787846e+03 7.804763e+03 7.791972e+03 7.775055e+03
16.8 7.748896e+03 7.772492e+03 7.786597e+03 7.763002e+03
17.8 7.801779e+03 7.783424e+03 7.782584e+03 7.800939e+03
0.3 7.729788e+03 7.767169e+03 7.769763e+03 7.732382e+03
1.3 7.804313e+03 7.770616e+03 7.770653e+03 7.804351e+03
2.3 7.750245e+03 7.793941e+03 7.773755e+03 7.730058e+03
3.3 7.761536e+03 7.791589e+03 7.777754e+03 7.747701e+03
4.3 7.849604e+03 7.781007e+03 7.780848e+03 7.849445e+03
5.3 7.723704e+03 7.771048e+03 7.783849e+03 7.736505e+03
6.3 7.806270e+03 7.776163e+03 7.786212e+03 7.816320e+03
7.3 7.829774e+03 7.788207e+03 7.786722e+03 7.828290e+03
8.3 7.783584e+03 7.787360e+03 7.783750e+03 7.779974e+03
9.3 7.717749e+03 7.715254e+03 7.776802e+03 7.779296e+03
10.3 7.760745e+03 7.772963e+03 7.777363e+03 7.765145e+03
11.3 7.774175e+03 7.744813e+03 7.782115e+03 7.811476e+03
12.3 7.871028e+03 7.797689e+03 7.787765e+03 7.861103e+03
13.3 7.838938e+03 7.796911e+03 7.793832e+03 7.835859e+03
14.3 7.787846e+03 7.804763e+03 7.791972e+03 7.775055e+03
15.3 7.748896e+03 7.772492e+03 7.786597e+03 7.763002e+03
16.3 7.801779e+03 7.783424e+03 7.782584e+03 7.800939e+03
17.3 7.751436e+03 7.765050e+03 7.780486e+03 7.766872e+03
0.1 7.804313e+03 7.770616e+03 7.770653e+03 7.804351e+03
1.1 7.750245e+03 7.793941e+03 7.773755e+03 7.730058e+03
2.1 7.761536e+03 7.791589e+03 7.777754e+03 7.747701e+03
3.1 7.849604e+03 7.781007e+03 7.780848e+03 7.849445e+03
4.1 7.723704e+03 7.771048e+03 7.783849e+03 7.736505e+03
5.1 7.806270e+03 7.776163e+03 7.786212e+03 7.816320e+03
6.1 7.829774e+03 7.788207e+03 7.786722e+03 7.828290e+03
7.1 7.783584e+03 7.787360e+03 7.783750e+03 7.779974e+03
8.1 7.717749e+03 7.715254e+03 7.776802e+03 7.779296e+03
9.1 7.760745e+03 7.772963e+03 7.777363e+03 7.765145e+03
10.1 7.774175e+03 7.744813e+03 7.782115e+03 7.811476e+03
11.1 7.871028e+03 7.797689e+03 7.787765e+03 7.861103e+03
12.1 7.838938e+03 7.796911e+03 7.793832e+03 7.835859e+03
13.1 7.787846e+03 7.804763e+03 7.791972e+03 7.775055e+03
14.1 7.748896e+03 7.772492e+03 7.786597e+03 7.763002e+03
15.1 7.801779e+03 7.783424e+03 7.782584e+03 7.800939e+03
16.1 7.751436e+03 7.765050e+03 7.780486e+03 7.766872e+03
17.1 7.745096e+03 7.816318e+03 7.779666e+03 7.708444e+03
0.7 7.761536e+03 7.791589e+03 7.777754e+03 7.747701e+03
1.7 7.849604e+03 7.781007e+03 7.780848e+03 7.849445e+03
2.7 7.723704e+03 7.771048e+03 7.783849e+03 7.736505e+03
3.7 7.806270e+03 7.776163e+03 7.786212e+03 7.816320e+03
4.7 7.829774e+03 7.788207e+03 7.786722e+03 7.828290e+03
5.7 7.783584e+03 7.787360e+03 7.783750e+03 7.779974e+03
6.7 7.717749e+03 7.715254e+03 7.776802e+03 7.779296e+03
7.7 7.760745e+03 7.772963e+03 7.777363e+03 7.765145e+03
8.7 7.774175e+03 7.744813e+03 7.782115e+03 7.811476e+03
9.7 7.871028e+03 7.797689e+03 7.787765e+03 7.861103e+03
10.7 7.838938e+03 7.796911e+03 7.793832e+03 7.835859e+03
11.7 7.787846e+03 7.804763e+03 7.791972e+03 7.775055e+03
12.7 7.748896e+03 7.772492e+03 7.786597e+03 7.763002e+03
13.7 7.801779e+03 7.783424e+03 7.782584e+03 7.800939e+03
14.7 7.751436e+03 7.765050e+03 7.780486e+03 7.766872e+03
15.7 7.745096e+03 7.816318e+03 7.779666e+03 7.708444e+03
16.7 7.709710e+03 7.783149e+03 7.779587e+03 7.706148e+03
17.7 7.793021e+03 7.768708e+03 7.779854e+03 7.804167e+03
0.5 7.849604e+03 7.781007e+03 7.780848e+03 7.849445e+03
1.5 7.723704e+03 7.771048e+03 7.783849e+03 7.736505e+03
2.5 7.806270e+03 7.776163e+03 7.786212e+03 7.816320e+03
3.5 7.829774e+03 7.788207e+03 7.786722e+03 7.828290e+03
4.5 7.783584e+03 7.787360e+03 7.783750e+03 7.779974e+03
5.5 7.717749e+03 7.715254e+03 7.776802e+03 7.779296e+03
6.5 7.760745e+03 7.772963e+03 7.777363e+03 7.765145e+03
7.5 7.774175e+03 7.744813e+03 7.782115e+03 7.811476e+03
8.5 7.871028e+03 7.797689e+03 7.787765e+03 7.861103e+03
9.5 7.838938e+03 7.796911e+03 7.793832e+03 7.835859e+03
10.5 7.787846e+03 7.804763e+03 7.791972e+03 7.775055e+03
11.5 7.748896e+03 7.772492e+03 7.786597e+03 7.763002e+03
12.5 7.801779e+03 7.783424e+03 7.782584e+03 7.800939e+03
13.5 7.751436e+03 7.765050e+03 7.780486e+03 7.766872e+03
14.5 7.745096e+03 7.816318e+03 7.779666e+03 7.708444e+03
15.5 7.709710e+03 7.783149e+03 7.779587e+03 7.706148e+03
16.5 7.793021e+03 7.768708e+03 7.779854e+03 7.804167e+03
17.5 7.746422e+03 7.779378e+03 7.780196e+03 7.747241e+03
0.7 7.806270e+03 7.776163e+03 7.786212e+03 7.816320e+03
1.7 7.829774e+03 7.788207e+03 7.786722e+03 7.828290e+03
2.7 7.783584e+03 7.787360e+03 7.783750e+03 7.779974e+03
3.7 7.717749e+03 7.715254e+03 7.776802e+03 7.779296e+03
4.7 7.760745e+03 7.772963e+03 7.777363e+03 7.765145e+03
5.7 7.774175e+03 7.744813e+03 7.782115e+03 7.811476e+03
6.7 7.871028e+03 7.797689e+03 7.787765e+03 7.861103e+03
7.7 7.838938e+03 7.796911e+03 7.793832e+03 7.835859e+03
8.7 7.787846e+03 7.804763e+03 7.791972e+03 7.775055e+03
9.7 7.748896e+03 7.772492e+03 7.786597e+03 7.763002e+03
10.7 7.801779e+03 7.783424e+03 7.782584e+03 7.800939e+03
11.7 7.751436e+03 7.765050e+03 7.780486e+03 7.766872e+03
12.7 7.745096e+03 7.816318e+03 7.779666e+03 7.708444e+03
13.7 7.709710e+03 7.783149e+03 7.779587e+03 7.706148e+03
14.7 7.793021e+03 7.768708e+03 7.779854e+03 7.804167e+03
15.7 7.746422e+03 7.779378e+03 7.780196e+03 7.747241e+03
16.7 7.752793e+03 7.765194e+03 7.780478e+03 7.768077e+03
17.7 7.797147e+03 7.760299e+03 7.780670e+03 7.817518e+03
0.9 7.783584e+03 7.787360e+03 7.783750e+03 7.779974e+03
1.9 7.717749e+03 7.715254e+03 7.776802e+03 7.779296e+03
2.9 7.760745e+03 7.772963e+03 7.777363e+03 7.765145e+03
3.9 7.774175e+03 7.744813e+03 7.782115e+03 7.811476e+03
4.9 7.871028e+03 7.797689e+03 7.787765e+03 7.861103e+03
5.9 7.838938e+03 7.796911e+03 7.793832e+03 7.835859e+03
6.9 7.787846e+03 7.804763e+03 7.791972e+03 7.775055e+03
7.9 7.748896e+03 7.772492e+03 7.786597e+03 7.763002e+03
8.9 7.801779e+03 7.783424e+03 7.782584e+03 7.800939e+03
9.9 7.751436e+03 7.765050e+03 7.780486e+03 7.766872e+03
10.9 7.745096e+03 7.816318e+03 7.779666e+03 7.708444e+03
11.9 7.709710e+03 7.783149e+03 7.779587e+03 7.706148e+03
12.9 7.793021e+03 7.768708e+03 7.779854e+03 7.804167e+03
13.9 7.746422e+03 7.779378e+03 7.780196e+03 7.747241e+03
14.9 7.752793e+03 7.765194e+03 7.780478e+03 7.768077e+03
15.9 7.797147e+03 7.760299e+03 7.780670e+03 7.817518e+03
16.9 7.756959e+03 7.781488e+03 7.780791e+03 7.756263e+03
17.9 7.825757e+03 7.820345e+03 7.780873e+03 7.786285e+03
0.9 7.717749e+03 7.715254e+03 7.776802e+03 7.779296e+03
1.9 7.760745e+03 7.772963e+03 7.777363e+03 7.765145e+03
2.9 7.774175e+03 7.744813e+03 7.782115e+03 7.811476e+03
3.9 7.871028e+03 7.797689e+03 7.787765e+03 7.861103e+03
4.9 7.838938e+03 7.796911e+03 7.793832e+03 7.835859e+03
5.9 7.787846e+03 7.804763e+03 7.791972e+03 7.775055e+03
6.9 7.748896e+03 7.772492e+03 7.786597e+03 7.763002e+03
7.9 7.801779e+03 7.783424e+03 7.782584e+03 7.800939e+03
8.9 7.751436e+03 7.765050e+03 7.780486e+03 7.766872e+03
9.9 7.745096e+03 7.816318e+03 7.779666e+03 7.708444e+03
10.9 7.709710e+03 7.783149e+03 7.779587e+03 7.706148e+03
11.9 7.793021e+03 7.768708e+03 7.779854e+03 7.804167e+03
12.9 7.746422e+03 7.779378e+03 7.780196e+03 7.747241e+03
13.9 7.752793e+03 7.765194e+03 7.780478e+03 7.768077e+03
14.9 7.797147e+03 7.760299e+03 7.780670e+03 7.817518e+03
15.9 7.756959e+03 7.781488e+03 7.780791e+03 7.756263e+03
16.9 7.825757e+03 7.820345e+03 7.780873e+03 7.786285e+03
17.9 7.842201e+03 7.800369e+03 7.780937e+03 7.822769e+03
0.3 7.760745e+03 7.772963e+03 7.777363e+03 7.765145e+03
1.3 7.774175e+03 7.744813e+03 7.782115e+03 7.811476e+03
2.3 7.871028e+03 7.797689e+03 7.787765e+03 7.861103e+03
3.3 7.838938e+03 7.796911e+03 7.793832e+03 7.835859e+03
4.3 7.787846e+03 7.804763e+03 7.791972e+03 7.775055e+03
5.3 7.748896e+03 7.772492e+03 7.786597e+03 7.763002e+03
6.3 7.801779e+03 7.783424e+03 7.782584e+03 7.800939e+03
7.3 7.751436e+03 7.765050e+03 7.780486e+03 7.766872e+03
8.3 7.745096e+03 7.816318e+03 7.779666e+03 7.708444e+03
9.3 7.709710e+03 7.783149e+03 7.779587e+03 7.706148e+03
10.3 7.793021e+03 7.768708e+03 7.779854e+03 7.804167e+03
11.3 7.746422e+03 7.779378e+03 7.780196e+03 7.747241e+03
12.3 7.752793e+03 7.765194e+03 7.780478e+03 7.768077e+03
13.3 7.797147e+03 7.760299e+03 7.780670e+03 7.817518e+03
14.3 7.756959e+03 7.781488e+03 7.780791e+03 7.756263e+03
15.3 7.825757e+03 7.820345e+03 7.780873e+03 7.786285e+03
16.3 7.842201e+03 7.800369e+03 7.780937e+03 7.822769e+03
17.3 7.791787e+03 7.809134e+03 7.780995e+03 7.763649e+03
0.1 7.738639e+03 7.760915e+03 7.780956e+03 7.758680e+03
1.1 7.702897e+03 7.770012e+03 7.774381e+03 7.707266e+03
2.1 7.817348e+03 7.752031e+03 7.771460e+03 7.836777e+03
3.1 7.858625e+03 7.787118e+03 7.775485e+03 7.846993e+03
0.4 7.817348e+03 7.752031e+03 7.771460e+03 7.836777e+03
1.4 7.858625e+03 7.787118e+03 7.775485e+03 7.846993e+03
