0.5 1.126942e+04 1.125482e+04 1.126258e+04 1.127717e+04
1.5 1.130638e+04 1.127055e+04 1.126822e+04 1.130405e+04
2.5 1.133554e+04 1.128238e+04 1.128878e+04 1.134193e+04
3.5 1.128980e+04 1.131710e+04 1.131016e+04 1.128287e+04
4.5 1.128014e+04 1.131497e+04 1.132235e+04 1.128752e+04
5.5 1.128998e+04 1.134150e+04 1.132659e+04 1.127508e+04
6.5 1.129622e+04 1.130895e+04 1.132064e+04 1.130791e+04
7.5 1.131704e+04 1.131582e+04 1.129793e+04 1.129915e+04
8.5 1.127512e+04 1.126580e+04 1.127401e+04 1.128333e+04
9.5 1.125270e+04 1.128502e+04 1.125968e+04 1.122737e+04
10.5 1.124348e+04 1.126400e+04 1.125386e+04 1.123334e+04
11.5 1.133153e+04 1.133391e+04 1.125289e+04 1.125051e+04
12.5 1.128343e+04 1.131080e+04 1.125414e+04 1.122677e+04
13.5 1.135558e+04 1.133025e+04 1.125598e+04 1.128131e+04
14.5 1.120667e+04 1.125158e+04 1.125757e+04 1.121266e+04
15.5 1.124348e+04 1.126176e+04 1.125862e+04 1.124034e+04
16.5 1.112913e+04 1.121417e+04 1.125924e+04 1.117420e+04
17.5 1.114329e+04 1.124269e+04 1.126540e+04 1.116600e+04
18.5 1.113550e+04 1.123474e+04 1.128630e+04 1.118706e+04
19.5 1.125218e+04 1.127989e+04 1.130792e+04 1.128021e+04
20.5 1.124855e+04 1.126961e+04 1.132030e+04 1.129924e+04
21.5 1.136853e+04 1.130427e+04 1.132471e+04 1.138898e+04
22.5 1.131038e+04 1.129096e+04 1.131892e+04 1.133835e+04
0.5 1.112913e+04 1.121417e+04 1.125924e+04 1.117420e+04
1.5 1.114329e+04 1.124269e+04 1.126540e+04 1.116600e+04
2.5 1.113550e+04 1.123474e+04 1.128630e+04 1.118706e+04
3.5 1.125218e+04 1.127989e+04 1.130792e+04 1.128021e+04
4.5 1.124855e+04 1.126961e+04 1.132030e+04 1.129924e+04
5.5 1.136853e+04 1.130427e+04 1.132471e+04 1.138898e+04
6.5 1.131038e+04 1.129096e+04 1.131892e+04 1.133835e+04
7.5 1.141678e+04 1.133070e+04 1.129635e+04 1.138244e+04
8.5 1.131935e+04 1.132257e+04 1.127258e+04 1.126936e+04
9.5 1.137157e+04 1.134392e+04 1.125839e+04 1.128604e+04
10.5 1.130106e+04 1.129729e+04 1.125269e+04 1.125646e+04
11.5 1.131310e+04 1.126692e+04 1.125184e+04 1.129801e+04
12.5 1.125320e+04 1.122210e+04 1.125320e+04 1.128429e+04
13.5 1.126246e+04 1.123918e+04 1.125515e+04 1.127842e+04
14.5 1.125923e+04 1.120231e+04 1.125683e+04 1.131375e+04
15.5 1.124573e+04 1.124529e+04 1.125797e+04 1.125841e+04
16.5 1.118210e+04 1.120355e+04 1.125863e+04 1.123718e+04
17.5 1.122781e+04 1.125802e+04 1.125897e+04 1.122876e+04
18.5 1.116307e+04 1.120795e+04 1.125913e+04 1.121425e+04
19.5 1.129251e+04 1.125488e+04 1.125921e+04 1.129684e+04
20.5 1.124007e+04 1.123821e+04 1.125925e+04 1.126111e+04
21.5 1.116087e+04 1.123151e+04 1.125928e+04 1.118865e+04
22.5 1.124720e+04 1.124209e+04 1.125931e+04 1.126442e+04
0.5 1.123417e+04 1.123260e+04 1.125955e+04 1.126112e+04
1.5 1.127270e+04 1.127251e+04 1.126550e+04 1.126569e+04
2.5 1.128877e+04 1.126150e+04 1.128636e+04 1.131363e+04
3.5 1.128181e+04 1.129851e+04 1.130803e+04 1.129133e+04
4.5 1.131997e+04 1.131248e+04 1.132049e+04 1.132798e+04
5.5 1.129455e+04 1.131000e+04 1.132500e+04 1.130955e+04
6.5 1.127013e+04 1.129954e+04 1.131931e+04 1.128989e+04
7.5 1.126808e+04 1.129777e+04 1.129684e+04 1.126715e+04
8.5 1.129530e+04 1.125939e+04 1.127317e+04 1.130908e+04
9.5 1.122593e+04 1.126191e+04 1.125908e+04 1.122309e+04
10.5 1.129760e+04 1.129440e+04 1.125348e+04 1.125668e+04
11.5 1.129536e+04 1.132047e+04 1.125272e+04 1.122762e+04
12.5 1.128971e+04 1.134013e+04 1.125418e+04 1.120375e+04
13.5 1.128417e+04 1.129684e+04 1.125622e+04 1.124355e+04
14.5 1.124013e+04 1.128956e+04 1.125800e+04 1.120856e+04
15.5 1.120171e+04 1.123037e+04 1.125923e+04 1.123056e+04
16.5 1.121574e+04 1.125643e+04 1.126003e+04 1.121933e+04
17.5 1.122063e+04 1.121727e+04 1.126636e+04 1.126972e+04
18.5 1.123789e+04 1.126683e+04 1.128741e+04 1.125847e+04
19.5 1.122863e+04 1.127502e+04 1.130919e+04 1.126281e+04
20.5 1.132144e+04 1.130639e+04 1.132172e+04 1.133677e+04
21.5 1.134272e+04 1.127410e+04 1.132627e+04 1.139490e+04
22.5 1.136561e+04 1.131324e+04 1.132061e+04 1.137298e+04
0.5 1.121574e+04 1.125643e+04 1.126003e+04 1.121933e+04
1.5 1.122063e+04 1.121727e+04 1.126636e+04 1.126972e+04
2.5 1.123789e+04 1.126683e+04 1.128741e+04 1.125847e+04
3.5 1.122863e+04 1.127502e+04 1.130919e+04 1.126281e+04
4.5 1.132144e+04 1.130639e+04 1.132172e+04 1.133677e+04
5.5 1.134272e+04 1.127410e+04 1.132627e+04 1.139490e+04
6.5 1.136561e+04 1.131324e+04 1.132061e+04 1.137298e+04
7.5 1.129626e+04 1.127139e+04 1.129817e+04 1.132303e+04
8.5 1.133289e+04 1.131581e+04 1.127451e+04 1.129159e+04
9.5 1.134666e+04 1.129888e+04 1.126043e+04 1.130820e+04
10.5 1.136821e+04 1.134723e+04 1.125483e+04 1.127582e+04
11.5 1.127716e+04 1.127626e+04 1.125409e+04 1.125499e+04
12.5 1.129421e+04 1.127976e+04 1.125554e+04 1.126999e+04
13.5 1.133524e+04 1.126428e+04 1.125757e+04 1.132853e+04
14.5 1.117458e+04 1.123816e+04 1.125934e+04 1.119576e+04
15.5 1.123446e+04 1.125305e+04 1.126056e+04 1.124196e+04
16.5 1.125872e+04 1.123589e+04 1.126128e+04 1.128412e+04
17.5 1.126527e+04 1.125756e+04 1.126168e+04 1.126939e+04
18.5 1.124637e+04 1.123432e+04 1.126189e+04 1.127393e+04
19.5 1.124665e+04 1.126004e+04 1.126200e+04 1.124861e+04
20.5 1.123899e+04 1.125605e+04 1.126208e+04 1.124502e+04
21.5 1.120093e+04 1.125984e+04 1.126214e+04 1.120323e+04
22.5 1.124129e+04 1.124260e+04 1.126218e+04 1.126088e+04
0.5 1.121991e+04 1.124108e+04 1.126214e+04 1.124097e+04
1.5 1.129314e+04 1.129455e+04 1.126803e+04 1.126662e+04
2.5 1.132305e+04 1.125868e+04 1.128883e+04 1.135320e+04
3.5 1.129241e+04 1.128546e+04 1.131045e+04 1.131740e+04
4.5 1.129188e+04 1.131445e+04 1.132286e+04 1.130029e+04
5.5 1.123564e+04 1.131194e+04 1.132732e+04 1.125102e+04
6.5 1.131377e+04 1.132391e+04 1.132157e+04 1.131144e+04
7.5 1.133374e+04 1.126336e+04 1.129906e+04 1.136944e+04
8.5 1.132969e+04 1.130384e+04 1.127535e+04 1.130119e+04
9.5 1.133917e+04 1.128566e+04 1.126121e+04 1.131472e+04
10.5 1.134924e+04 1.135867e+04 1.125558e+04 1.124615e+04
11.5 1.131086e+04 1.133803e+04 1.125480e+04 1.122762e+04
12.5 1.128840e+04 1.132163e+04 1.125623e+04 1.122299e+04
13.5 1.135481e+04 1.130054e+04 1.125826e+04 1.131253e+04
14.5 1.131161e+04 1.124962e+04 1.126004e+04 1.132204e+04
15.5 1.138124e+04 1.129049e+04 1.126133e+04 1.135208e+04
16.5 1.124986e+04 1.123375e+04 1.126801e+04 1.128412e+04
17.5 1.124073e+04 1.131226e+04 1.128928e+04 1.121775e+04
18.5 1.127379e+04 1.130085e+04 1.131119e+04 1.128413e+04
19.5 1.131572e+04 1.132410e+04 1.132381e+04 1.131543e+04
20.5 1.137355e+04 1.135840e+04 1.132844e+04 1.134360e+04
21.5 1.138106e+04 1.133441e+04 1.132287e+04 1.136952e+04
22.5 1.136029e+04 1.138115e+04 1.130053e+04 1.127967e+04
0.5 1.138124e+04 1.129049e+04 1.126133e+04 1.135208e+04
1.5 1.124986e+04 1.123375e+04 1.126801e+04 1.128412e+04
2.5 1.124073e+04 1.131226e+04 1.128928e+04 1.121775e+04
3.5 1.127379e+04 1.130085e+04 1.131119e+04 1.128413e+04
4.5 1.131572e+04 1.132410e+04 1.132381e+04 1.131543e+04
5.5 1.137355e+04 1.135840e+04 1.132844e+04 1.134360e+04
6.5 1.138106e+04 1.133441e+04 1.132287e+04 1.136952e+04
7.5 1.136029e+04 1.138115e+04 1.130053e+04 1.127967e+04
8.5 1.128180e+04 1.137150e+04 1.127698e+04 1.118728e+04
9.5 1.132543e+04 1.134835e+04 1.126302e+04 1.124009e+04
10.5 1.125145e+04 1.128140e+04 1.125756e+04 1.122760e+04
11.5 1.128955e+04 1.127047e+04 1.125696e+04 1.127604e+04
12.5 1.122505e+04 1.124310e+04 1.125857e+04 1.124052e+04
13.5 1.116522e+04 1.121763e+04 1.126079e+04 1.120837e+04
14.5 1.118953e+04 1.125273e+04 1.126275e+04 1.119955e+04
15.5 1.117223e+04 1.120964e+04 1.126418e+04 1.122677e+04
16.5 1.118204e+04 1.126246e+04 1.126513e+04 1.118471e+04
17.5 1.120530e+04 1.122153e+04 1.126577e+04 1.124954e+04
18.5 1.126906e+04 1.125632e+04 1.126623e+04 1.127898e+04
19.5 1.129536e+04 1.123711e+04 1.126662e+04 1.132487e+04
20.5 1.128122e+04 1.125693e+04 1.126697e+04 1.129127e+04
21.5 1.121566e+04 1.123419e+04 1.126732e+04 1.124880e+04
22.5 1.118435e+04 1.126648e+04 1.126767e+04 1.118553e+04
