0.2 9.717235e+03 9.754535e+03 9.720070e+03 9.682770e+03
1.2 9.728095e+03 9.743886e+03 9.726554e+03 9.710764e+03
2.2 9.745159e+03 9.750623e+03 9.751223e+03 9.745759e+03
3.2 9.723043e+03 9.750467e+03 9.753524e+03 9.726100e+03
4.2 9.692590e+03 9.749804e+03 9.739257e+03 9.682043e+03
5.2 9.684417e+03 9.735687e+03 9.726959e+03 9.675689e+03
6.2 9.720879e+03 9.715736e+03 9.720214e+03 9.725357e+03
7.2 9.718327e+03 9.696108e+03 9.717285e+03 9.739504e+03
8.2 9.693472e+03 9.668299e+03 9.716627e+03 9.741799e+03
9.2 9.663829e+03 9.658131e+03 9.717157e+03 9.722856e+03
10.2 9.667418e+03 9.673383e+03 9.718058e+03 9.712093e+03
11.2 9.677195e+03 9.688418e+03 9.718853e+03 9.707630e+03
12.2 9.692653e+03 9.699478e+03 9.719391e+03 9.712566e+03
13.2 9.715240e+03 9.712741e+03 9.719700e+03 9.722199e+03
14.2 9.730763e+03 9.737406e+03 9.719865e+03 9.713223e+03
15.2 9.734963e+03 9.716788e+03 9.719955e+03 9.738130e+03
16.2 9.739965e+03 9.725704e+03 9.720011e+03 9.734273e+03
17.2 9.755722e+03 9.732481e+03 9.720056e+03 9.743297e+03
0.5 9.756344e+03 9.739182e+03 9.720397e+03 9.737558e+03
1.5 9.760933e+03 9.740503e+03 9.734905e+03 9.755335e+03
2.5 9.774442e+03 9.773933e+03 9.755747e+03 9.756256e+03
3.5 9.769284e+03 9.768956e+03 9.750110e+03 9.750439e+03
4.5 9.745664e+03 9.743754e+03 9.735371e+03 9.737282e+03
5.5 9.738629e+03 9.728311e+03 9.725061e+03 9.735379e+03
6.5 9.748861e+03 9.715927e+03 9.719865e+03 9.752799e+03
7.5 9.748900e+03 9.728908e+03 9.717903e+03 9.737895e+03
8.5 9.734992e+03 9.702976e+03 9.717825e+03 9.749841e+03
9.5 9.724706e+03 9.760598e+03 9.718634e+03 9.682742e+03
10.5 9.702074e+03 9.769529e+03 9.719614e+03 9.652158e+03
11.5 9.749397e+03 9.742402e+03 9.720402e+03 9.727397e+03
12.5 9.837193e+03 9.757468e+03 9.720922e+03 9.800646e+03
13.5 9.765044e+03 9.753722e+03 9.721231e+03 9.732552e+03
14.5 9.695804e+03 9.724328e+03 9.721408e+03 9.692885e+03
15.5 9.683110e+03 9.702507e+03 9.721514e+03 9.702116e+03
16.5 9.668425e+03 9.669715e+03 9.721581e+03 9.720290e+03
17.5 9.675968e+03 9.701444e+03 9.721625e+03 9.696149e+03
0.8 9.754395e+03 9.723676e+03 9.722380e+03 9.753098e+03
1.8 9.724851e+03 9.734394e+03 9.744343e+03 9.734800e+03
2.8 9.690815e+03 9.713909e+03 9.756843e+03 9.733749e+03
3.8 9.829927e+03 9.761750e+03 9.745596e+03 9.813774e+03
4.8 9.893484e+03 9.747016e+03 9.731595e+03 9.878062e+03
5.8 9.797414e+03 9.727766e+03 9.723063e+03 9.792711e+03
6.8 9.717380e+03 9.717896e+03 9.719027e+03 9.718510e+03
7.8 9.695220e+03 9.710096e+03 9.717719e+03 9.702843e+03
8.8 9.685030e+03 9.700099e+03 9.717943e+03 9.702874e+03
9.8 9.692210e+03 9.724290e+03 9.718786e+03 9.686705e+03
10.8 9.685354e+03 9.739727e+03 9.719644e+03 9.665271e+03
11.8 9.748142e+03 9.735145e+03 9.720264e+03 9.733260e+03
12.8 9.755764e+03 9.743507e+03 9.720627e+03 9.732883e+03
13.8 9.722949e+03 9.701679e+03 9.720805e+03 9.742075e+03
14.8 9.691604e+03 9.691456e+03 9.720875e+03 9.721023e+03
15.8 9.687568e+03 9.693356e+03 9.720885e+03 9.715097e+03
16.8 9.706585e+03 9.687417e+03 9.720861e+03 9.740028e+03
17.8 9.722044e+03 9.698535e+03 9.720814e+03 9.744324e+03
0.3 9.720590e+03 9.728351e+03 9.719344e+03 9.711584e+03
1.3 9.731501e+03 9.722840e+03 9.729771e+03 9.738432e+03
2.3 9.750777e+03 9.734326e+03 9.752937e+03 9.769388e+03
3.3 9.747775e+03 9.733834e+03 9.750542e+03 9.764483e+03
4.3 9.734037e+03 9.715603e+03 9.735661e+03 9.754094e+03
5.3 9.707524e+03 9.693547e+03 9.724288e+03 9.738265e+03
6.3 9.688911e+03 9.687355e+03 9.718279e+03 9.719835e+03
7.3 9.689499e+03 9.703571e+03 9.715776e+03 9.701703e+03
8.3 9.701731e+03 9.705937e+03 9.715343e+03 9.711137e+03
9.3 9.708013e+03 9.719764e+03 9.715948e+03 9.704198e+03
10.3 9.722583e+03 9.715218e+03 9.716835e+03 9.724200e+03
11.3 9.737571e+03 9.740329e+03 9.717585e+03 9.714827e+03
12.3 9.757489e+03 9.748632e+03 9.718081e+03 9.726938e+03
13.3 9.757819e+03 9.728207e+03 9.724101e+03 9.753712e+03
14.3 9.749274e+03 9.743332e+03 9.750653e+03 9.756595e+03
15.3 9.762941e+03 9.757088e+03 9.755155e+03 9.761008e+03
16.3 9.759821e+03 9.738511e+03 9.740426e+03 9.761736e+03
17.3 9.739910e+03 9.732321e+03 9.727044e+03 9.734632e+03
0.1 9.757489e+03 9.748632e+03 9.718081e+03 9.726938e+03
1.1 9.757819e+03 9.728207e+03 9.724101e+03 9.753712e+03
2.1 9.749274e+03 9.743332e+03 9.750653e+03 9.756595e+03
3.1 9.762941e+03 9.757088e+03 9.755155e+03 9.761008e+03
4.1 9.759821e+03 9.738511e+03 9.740426e+03 9.761736e+03
5.1 9.739910e+03 9.732321e+03 9.727044e+03 9.734632e+03
6.1 9.722543e+03 9.720508e+03 9.719613e+03 9.721648e+03
7.1 9.718920e+03 9.718309e+03 9.716372e+03 9.716982e+03
8.1 9.747540e+03 9.740108e+03 9.715632e+03 9.723064e+03
9.1 9.782377e+03 9.714166e+03 9.716221e+03 9.784431e+03
10.1 9.747453e+03 9.728873e+03 9.717243e+03 9.735824e+03
11.1 9.714535e+03 9.735374e+03 9.718169e+03 9.697330e+03
12.1 9.717972e+03 9.732709e+03 9.718816e+03 9.704079e+03
13.1 9.719487e+03 9.703727e+03 9.719209e+03 9.734968e+03
14.1 9.722198e+03 9.700323e+03 9.719426e+03 9.741301e+03
15.1 9.710091e+03 9.715888e+03 9.719545e+03 9.713748e+03
16.1 9.713319e+03 9.720565e+03 9.719621e+03 9.712375e+03
17.1 9.715860e+03 9.719408e+03 9.719678e+03 9.716131e+03
0.5 9.703475e+03 9.711528e+03 9.720052e+03 9.711999e+03
1.5 9.708013e+03 9.716246e+03 9.735157e+03 9.726924e+03
2.5 9.704728e+03 9.732609e+03 9.757589e+03 9.729709e+03
3.5 9.692214e+03 9.733150e+03 9.751845e+03 9.710909e+03
4.5 9.696362e+03 9.729807e+03 9.736089e+03 9.702644e+03
5.5 9.727259e+03 9.728046e+03 9.724977e+03 9.724189e+03
6.5 9.726730e+03 9.731972e+03 9.719338e+03 9.714096e+03
7.5 9.696572e+03 9.726046e+03 9.717163e+03 9.687689e+03
8.5 9.695896e+03 9.709782e+03 9.717006e+03 9.703120e+03
9.5 9.703493e+03 9.748062e+03 9.717804e+03 9.673236e+03
10.5 9.743436e+03 9.747091e+03 9.718791e+03 9.715136e+03
11.5 9.750507e+03 9.732786e+03 9.719578e+03 9.737299e+03
12.5 9.731770e+03 9.715955e+03 9.720070e+03 9.735885e+03
13.5 9.714147e+03 9.695237e+03 9.720332e+03 9.739242e+03
14.5 9.708124e+03 9.700295e+03 9.720459e+03 9.728289e+03
15.5 9.709063e+03 9.707946e+03 9.720516e+03 9.721632e+03
16.5 9.708333e+03 9.737160e+03 9.720539e+03 9.691712e+03
17.5 9.702700e+03 9.710883e+03 9.720550e+03 9.712367e+03
0.9 9.704751e+03 9.683659e+03 9.721873e+03 9.742965e+03
1.9 9.724332e+03 9.709456e+03 9.744243e+03 9.759119e+03
2.9 9.747625e+03 9.723894e+03 9.755990e+03 9.779722e+03
3.9 9.749829e+03 9.729264e+03 9.744396e+03 9.764961e+03
4.9 9.731782e+03 9.729564e+03 9.730454e+03 9.732672e+03
5.9 9.726342e+03 9.711073e+03 9.722009e+03 9.737278e+03
6.9 9.756732e+03 9.733491e+03 9.718012e+03 9.741253e+03
7.9 9.779977e+03 9.772497e+03 9.716705e+03 9.724184e+03
8.9 9.762184e+03 9.756924e+03 9.716901e+03 9.722162e+03
9.9 9.735254e+03 9.737863e+03 9.717701e+03 9.715092e+03
10.9 9.728009e+03 9.735930e+03 9.718514e+03 9.710593e+03
11.9 9.718403e+03 9.718917e+03 9.719092e+03 9.718578e+03
12.9 9.642608e+03 9.684945e+03 9.719429e+03 9.677092e+03
13.9 9.655244e+03 9.693257e+03 9.719600e+03 9.681587e+03
14.9 9.754819e+03 9.691045e+03 9.719671e+03 9.783445e+03
15.9 9.709920e+03 9.692136e+03 9.719683e+03 9.737467e+03
16.9 9.760671e+03 9.725052e+03 9.719664e+03 9.755283e+03
17.9 9.747607e+03 9.762169e+03 9.719639e+03 9.705077e+03
0.9 9.724652e+03 9.726395e+03 9.721803e+03 9.720059e+03
1.9 9.727135e+03 9.704940e+03 9.746272e+03 9.768467e+03
2.9 9.710470e+03 9.724367e+03 9.757661e+03 9.743763e+03
3.9 9.708052e+03 9.718522e+03 9.744874e+03 9.734404e+03
4.9 9.696286e+03 9.705073e+03 9.730198e+03 9.721411e+03
5.9 9.688052e+03 9.717623e+03 9.721416e+03 9.691846e+03
6.9 9.687119e+03 9.710207e+03 9.717291e+03 9.694204e+03
7.9 9.697813e+03 9.709849e+03 9.715980e+03 9.703944e+03
8.9 9.721825e+03 9.720513e+03 9.716229e+03 9.717541e+03
9.9 9.726876e+03 9.709373e+03 9.717080e+03 9.734582e+03
10.9 9.737556e+03 9.733775e+03 9.717915e+03 9.721695e+03
11.9 9.727279e+03 9.706108e+03 9.718484e+03 9.739654e+03
12.9 9.732317e+03 9.721236e+03 9.718782e+03 9.729862e+03
13.9 9.735414e+03 9.745912e+03 9.718890e+03 9.708392e+03
14.9 9.762832e+03 9.746792e+03 9.718892e+03 9.734932e+03
15.9 9.710420e+03 9.726597e+03 9.718840e+03 9.702663e+03
16.9 9.695449e+03 9.703029e+03 9.718764e+03 9.711183e+03
17.9 9.772288e+03 9.736309e+03 9.718673e+03 9.754652e+03
0.8 9.748729e+03 9.710090e+03 9.719506e+03 9.758145e+03
1.8 9.724844e+03 9.687914e+03 9.740970e+03 9.777899e+03
2.8 9.705114e+03 9.701753e+03 9.754147e+03 9.757508e+03
3.8 9.694729e+03 9.720247e+03 9.743187e+03 9.717670e+03
4.8 9.700315e+03 9.715900e+03 9.729044e+03 9.713459e+03
5.8 9.709672e+03 9.722594e+03 9.720334e+03 9.707412e+03
6.8 9.707305e+03 9.718170e+03 9.716187e+03 9.705321e+03
7.8 9.704695e+03 9.716276e+03 9.714824e+03 9.703244e+03
8.8 9.700143e+03 9.715749e+03 9.716319e+03 9.700713e+03
9.8 9.723694e+03 9.727514e+03 9.738716e+03 9.734896e+03
10.8 9.731678e+03 9.733720e+03 9.752850e+03 9.750808e+03
11.8 9.723551e+03 9.742337e+03 9.742615e+03 9.723828e+03
12.8 9.703669e+03 9.692112e+03 9.728943e+03 9.740500e+03
13.8 9.714175e+03 9.714341e+03 9.720515e+03 9.720349e+03
14.8 9.727727e+03 9.712602e+03 9.716529e+03 9.731654e+03
15.8 9.743664e+03 9.721930e+03 9.715259e+03 9.736993e+03
16.8 9.741418e+03 9.730731e+03 9.715521e+03 9.726208e+03
17.8 9.734299e+03 9.722509e+03 9.716413e+03 9.728203e+03
0.8 9.700143e+03 9.715749e+03 9.716319e+03 9.700713e+03
1.8 9.723694e+03 9.727514e+03 9.738716e+03 9.734896e+03
2.8 9.731678e+03 9.733720e+03 9.752850e+03 9.750808e+03
3.8 9.723551e+03 9.742337e+03 9.742615e+03 9.723828e+03
4.8 9.703669e+03 9.692112e+03 9.728943e+03 9.740500e+03
5.8 9.714175e+03 9.714341e+03 9.720515e+03 9.720349e+03
6.8 9.727727e+03 9.712602e+03 9.716529e+03 9.731654e+03
7.8 9.743664e+03 9.721930e+03 9.715259e+03 9.736993e+03
8.8 9.741418e+03 9.730731e+03 9.715521e+03 9.726208e+03
9.8 9.734299e+03 9.722509e+03 9.716413e+03 9.728203e+03
10.8 9.729495e+03 9.716661e+03 9.717321e+03 9.730155e+03
11.8 9.704325e+03 9.715261e+03 9.717975e+03 9.707039e+03
12.8 9.645907e+03 9.703488e+03 9.718358e+03 9.660778e+03
13.8 9.775371e+03 9.738420e+03 9.718546e+03 9.755497e+03
14.8 9.807738e+03 9.738761e+03 9.718618e+03 9.787596e+03
15.8 9.750125e+03 9.742575e+03 9.718620e+03 9.726171e+03
16.8 9.710725e+03 9.723993e+03 9.718580e+03 9.705312e+03
17.8 9.697100e+03 9.720603e+03 9.718519e+03 9.695016e+03
0.5 9.719585e+03 9.711799e+03 9.718042e+03 9.725828e+03
1.5 9.738580e+03 9.724057e+03 9.731081e+03 9.745604e+03
2.5 9.752725e+03 9.730820e+03 9.752722e+03 9.774627e+03
3.5 9.732592e+03 9.719638e+03 9.748012e+03 9.760966e+03
4.5 9.708444e+03 9.711256e+03 9.733096e+03 9.730283e+03
5.5 9.716191e+03 9.704275e+03 9.722339e+03 9.734255e+03
6.5 9.737539e+03 9.710585e+03 9.716789e+03 9.743743e+03
7.5 9.738678e+03 9.718244e+03 9.714566e+03 9.735000e+03
8.5 9.724528e+03 9.716736e+03 9.714442e+03 9.722234e+03
9.5 9.721690e+03 9.709612e+03 9.730874e+03 9.742953e+03
10.5 9.737107e+03 9.729088e+03 9.753602e+03 9.761620e+03
11.5 9.735279e+03 9.729378e+03 9.747951e+03 9.753853e+03
12.5 9.715585e+03 9.717260e+03 9.732607e+03 9.730931e+03
13.5 9.711335e+03 9.714841e+03 9.721832e+03 9.718325e+03
14.5 9.716020e+03 9.720349e+03 9.716363e+03 9.712034e+03
15.5 9.717172e+03 9.731798e+03 9.714258e+03 9.699631e+03
16.5 9.735825e+03 9.734305e+03 9.714123e+03 9.715643e+03
17.5 9.647654e+03 9.739642e+03 9.714912e+03 9.622924e+03
0.5 9.724528e+03 9.716736e+03 9.714442e+03 9.722234e+03
1.5 9.721690e+03 9.709612e+03 9.730874e+03 9.742953e+03
2.5 9.737107e+03 9.729088e+03 9.753602e+03 9.761620e+03
3.5 9.735279e+03 9.729378e+03 9.747951e+03 9.753853e+03
4.5 9.715585e+03 9.717260e+03 9.732607e+03 9.730931e+03
5.5 9.711335e+03 9.714841e+03 9.721832e+03 9.718325e+03
6.5 9.716020e+03 9.720349e+03 9.716363e+03 9.712034e+03
7.5 9.717172e+03 9.731798e+03 9.714258e+03 9.699631e+03
8.5 9.735825e+03 9.734305e+03 9.714123e+03 9.715643e+03
9.5 9.647654e+03 9.739642e+03 9.714912e+03 9.622924e+03
10.5 9.678240e+03 9.741687e+03 9.715866e+03 9.652420e+03
11.5 9.844909e+03 9.750968e+03 9.716604e+03 9.810545e+03
12.5 9.833897e+03 9.755960e+03 9.717056e+03 9.794993e+03
13.5 9.740860e+03 9.731877e+03 9.717287e+03 9.726270e+03
14.5 9.704839e+03 9.709490e+03 9.717386e+03 9.712735e+03
15.5 9.703668e+03 9.728556e+03 9.717418e+03 9.692531e+03
16.5 9.729407e+03 9.752874e+03 9.717421e+03 9.693955e+03
17.5 9.733392e+03 9.725524e+03 9.717415e+03 9.725283e+03
0.6 9.714309e+03 9.725377e+03 9.717651e+03 9.706583e+03
1.6 9.679806e+03 9.718814e+03 9.734063e+03 9.695055e+03
2.6 9.654695e+03 9.720865e+03 9.753233e+03 9.687062e+03
3.6 9.791667e+03 9.757824e+03 9.746048e+03 9.779892e+03
4.6 9.852493e+03 9.732292e+03 9.731381e+03 9.851583e+03
5.6 9.770391e+03 9.724360e+03 9.721506e+03 9.767537e+03
6.6 9.701265e+03 9.705207e+03 9.716634e+03 9.712693e+03
7.6 9.693017e+03 9.705273e+03 9.723351e+03 9.711095e+03
8.6 9.690301e+03 9.713624e+03 9.749436e+03 9.726113e+03
9.6 9.682859e+03 9.704591e+03 9.751055e+03 9.729323e+03
10.6 9.665503e+03 9.712650e+03 9.736695e+03 9.689548e+03
11.6 9.649347e+03 9.714203e+03 9.724881e+03 9.660024e+03
12.6 9.666206e+03 9.708068e+03 9.718681e+03 9.676820e+03
13.6 9.678604e+03 9.711104e+03 9.716237e+03 9.683737e+03
14.6 9.710871e+03 9.745197e+03 9.716023e+03 9.681697e+03
15.6 9.729633e+03 9.737770e+03 9.716962e+03 9.708826e+03
16.6 9.717772e+03 9.702675e+03 9.718235e+03 9.733332e+03
17.6 9.715806e+03 9.717110e+03 9.719373e+03 9.718069e+03
0.2 9.701265e+03 9.705207e+03 9.716634e+03 9.712693e+03
1.2 9.693017e+03 9.705273e+03 9.723351e+03 9.711095e+03
2.2 9.690301e+03 9.713624e+03 9.749436e+03 9.726113e+03
3.2 9.682859e+03 9.704591e+03 9.751055e+03 9.729323e+03
4.2 9.665503e+03 9.712650e+03 9.736695e+03 9.689548e+03
5.2 9.649347e+03 9.714203e+03 9.724881e+03 9.660024e+03
6.2 9.666206e+03 9.708068e+03 9.718681e+03 9.676820e+03
7.2 9.678604e+03 9.711104e+03 9.716237e+03 9.683737e+03
8.2 9.710871e+03 9.745197e+03 9.716023e+03 9.681697e+03
9.2 9.729633e+03 9.737770e+03 9.716962e+03 9.708826e+03
10.2 9.717772e+03 9.702675e+03 9.718235e+03 9.733332e+03
11.2 9.715806e+03 9.717110e+03 9.719373e+03 9.718069e+03
12.2 9.720095e+03 9.740510e+03 9.720235e+03 9.699820e+03
13.2 9.741698e+03 9.744358e+03 9.720861e+03 9.718200e+03
14.2 9.746676e+03 9.734773e+03 9.721337e+03 9.733240e+03
15.2 9.751375e+03 9.733294e+03 9.721727e+03 9.739809e+03
16.2 9.750280e+03 9.731960e+03 9.722070e+03 9.740391e+03
17.2 9.738578e+03 9.751123e+03 9.722388e+03 9.709842e+03
