0.2 1.058234e+04 1.057196e+04 1.051569e+04 1.052607e+04
1.2 1.049550e+04 1.052576e+04 1.051953e+04 1.048927e+04
2.2 1.056835e+04 1.053002e+04 1.052860e+04 1.056693e+04
3.2 1.056517e+04 1.053350e+04 1.052768e+04 1.055936e+04
4.2 1.052381e+04 1.052975e+04 1.052216e+04 1.051622e+04
5.2 1.054950e+04 1.054786e+04 1.051474e+04 1.051638e+04
6.2 1.054895e+04 1.051717e+04 1.051001e+04 1.054179e+04
7.2 1.056446e+04 1.053873e+04 1.050840e+04 1.053413e+04
8.2 1.040137e+04 1.057868e+04 1.050426e+04 1.032695e+04
9.2 1.067864e+04 1.056830e+04 1.050242e+04 1.061277e+04
10.2 1.064760e+04 1.057495e+04 1.051145e+04 1.058411e+04
11.2 1.052231e+04 1.056960e+04 1.051753e+04 1.047025e+04
12.2 1.041212e+04 1.056093e+04 1.052803e+04 1.037922e+04
13.1 1.062428e+04 1.058270e+04 1.055861e+04 1.060019e+04
14.1 1.050501e+04 1.048303e+04 1.056695e+04 1.058893e+04
15.1 1.044255e+04 1.047215e+04 1.054788e+04 1.051828e+04
16.1 1.041204e+04 1.047330e+04 1.052792e+04 1.046666e+04
17.1 1.050489e+04 1.050295e+04 1.051621e+04 1.051815e+04
0.9 1.056835e+04 1.053002e+04 1.052860e+04 1.056693e+04
1.9 1.056517e+04 1.053350e+04 1.052768e+04 1.055936e+04
2.9 1.052381e+04 1.052975e+04 1.052216e+04 1.051622e+04
3.9 1.054950e+04 1.054786e+04 1.051474e+04 1.051638e+04
4.9 1.054895e+04 1.051717e+04 1.051001e+04 1.054179e+04
5.9 1.056446e+04 1.053873e+04 1.050840e+04 1.053413e+04
6.9 1.040137e+04 1.057868e+04 1.050426e+04 1.032695e+04
7.9 1.067864e+04 1.056830e+04 1.050242e+04 1.061277e+04
8.9 1.064760e+04 1.057495e+04 1.051145e+04 1.058411e+04
9.9 1.052231e+04 1.056960e+04 1.051753e+04 1.047025e+04
10.9 1.041212e+04 1.056093e+04 1.052803e+04 1.037922e+04
11.9 1.062428e+04 1.058270e+04 1.055861e+04 1.060019e+04
12.9 1.050501e+04 1.048303e+04 1.056695e+04 1.058893e+04
13.9 1.044255e+04 1.047215e+04 1.054788e+04 1.051828e+04
14.9 1.041204e+04 1.047330e+04 1.052792e+04 1.046666e+04
15.9 1.050489e+04 1.050295e+04 1.051621e+04 1.051815e+04
16.9 1.056540e+04 1.049187e+04 1.051100e+04 1.058454e+04
17.9 1.052052e+04 1.048218e+04 1.050970e+04 1.054804e+04
0.7 1.056517e+04 1.053350e+04 1.052768e+04 1.055936e+04
1.7 1.052381e+04 1.052975e+04 1.052216e+04 1.051622e+04
2.7 1.054950e+04 1.054786e+04 1.051474e+04 1.051638e+04
3.7 1.054895e+04 1.051717e+04 1.051001e+04 1.054179e+04
4.7 1.056446e+04 1.053873e+04 1.050840e+04 1.053413e+04
5.7 1.040137e+04 1.057868e+04 1.050426e+04 1.032695e+04
6.7 1.067864e+04 1.056830e+04 1.050242e+04 1.061277e+04
7.7 1.064760e+04 1.057495e+04 1.051145e+04 1.058411e+04
8.7 1.052231e+04 1.056960e+04 1.051753e+04 1.047025e+04
9.7 1.041212e+04 1.056093e+04 1.052803e+04 1.037922e+04
10.7 1.062428e+04 1.058270e+04 1.055861e+04 1.060019e+04
11.7 1.050501e+04 1.048303e+04 1.056695e+04 1.058893e+04
12.7 1.044255e+04 1.047215e+04 1.054788e+04 1.051828e+04
13.7 1.041204e+04 1.047330e+04 1.052792e+04 1.046666e+04
14.7 1.050489e+04 1.050295e+04 1.051621e+04 1.051815e+04
15.7 1.056540e+04 1.049187e+04 1.051100e+04 1.058454e+04
16.7 1.052052e+04 1.048218e+04 1.050970e+04 1.054804e+04
17.7 1.042557e+04 1.050441e+04 1.051047e+04 1.043163e+04
0.8 1.052381e+04 1.052975e+04 1.052216e+04 1.051622e+04
1.8 1.054950e+04 1.054786e+04 1.051474e+04 1.051638e+04
2.8 1.054895e+04 1.051717e+04 1.051001e+04 1.054179e+04
3.8 1.056446e+04 1.053873e+04 1.050840e+04 1.053413e+04
4.8 1.040137e+04 1.057868e+04 1.050426e+04 1.032695e+04
5.8 1.067864e+04 1.056830e+04 1.050242e+04 1.061277e+04
6.8 1.064760e+04 1.057495e+04 1.051145e+04 1.058411e+04
7.8 1.052231e+04 1.056960e+04 1.051753e+04 1.047025e+04
8.8 1.041212e+04 1.056093e+04 1.052803e+04 1.037922e+04
9.8 1.062428e+04 1.058270e+04 1.055861e+04 1.060019e+04
10.8 1.050501e+04 1.048303e+04 1.056695e+04 1.058893e+04
11.8 1.044255e+04 1.047215e+04 1.054788e+04 1.051828e+04
12.8 1.041204e+04 1.047330e+04 1.052792e+04 1.046666e+04
13.8 1.050489e+04 1.050295e+04 1.051621e+04 1.051815e+04
14.8 1.056540e+04 1.049187e+04 1.051100e+04 1.058454e+04
15.8 1.052052e+04 1.048218e+04 1.050970e+04 1.054804e+04
16.8 1.042557e+04 1.050441e+04 1.051047e+04 1.043163e+04
17.8 1.048443e+04 1.050045e+04 1.051198e+04 1.049596e+04
0.3 1.054950e+04 1.054786e+04 1.051474e+04 1.051638e+04
1.3 1.054895e+04 1.051717e+04 1.051001e+04 1.054179e+04
2.3 1.056446e+04 1.053873e+04 1.050840e+04 1.053413e+04
3.3 1.040137e+04 1.057868e+04 1.050426e+04 1.032695e+04
4.3 1.067864e+04 1.056830e+04 1.050242e+04 1.061277e+04
5.3 1.064760e+04 1.057495e+04 1.051145e+04 1.058411e+04
6.3 1.052231e+04 1.056960e+04 1.051753e+04 1.047025e+04
7.3 1.041212e+04 1.056093e+04 1.052803e+04 1.037922e+04
8.3 1.062428e+04 1.058270e+04 1.055861e+04 1.060019e+04
9.3 1.050501e+04 1.048303e+04 1.056695e+04 1.058893e+04
10.3 1.044255e+04 1.047215e+04 1.054788e+04 1.051828e+04
11.3 1.041204e+04 1.047330e+04 1.052792e+04 1.046666e+04
12.3 1.050489e+04 1.050295e+04 1.051621e+04 1.051815e+04
13.3 1.056540e+04 1.049187e+04 1.051100e+04 1.058454e+04
14.3 1.052052e+04 1.048218e+04 1.050970e+04 1.054804e+04
15.3 1.042557e+04 1.050441e+04 1.051047e+04 1.043163e+04
16.3 1.048443e+04 1.050045e+04 1.051198e+04 1.049596e+04
17.3 1.049355e+04 1.049427e+04 1.051342e+04 1.051270e+04
0.8 1.056446e+04 1.053873e+04 1.050840e+04 1.053413e+04
1.8 1.040137e+04 1.057868e+04 1.050426e+04 1.032695e+04
2.8 1.067864e+04 1.056830e+04 1.050242e+04 1.061277e+04
3.8 1.064760e+04 1.057495e+04 1.051145e+04 1.058411e+04
4.8 1.052231e+04 1.056960e+04 1.051753e+04 1.047025e+04
5.8 1.041212e+04 1.056093e+04 1.052803e+04 1.037922e+04
6.8 1.062428e+04 1.058270e+04 1.055861e+04 1.060019e+04
7.8 1.050501e+04 1.048303e+04 1.056695e+04 1.058893e+04
8.8 1.044255e+04 1.047215e+04 1.054788e+04 1.051828e+04
9.8 1.041204e+04 1.047330e+04 1.052792e+04 1.046666e+04
10.8 1.050489e+04 1.050295e+04 1.051621e+04 1.051815e+04
11.8 1.056540e+04 1.049187e+04 1.051100e+04 1.058454e+04
12.8 1.052052e+04 1.048218e+04 1.050970e+04 1.054804e+04
13.8 1.042557e+04 1.050441e+04 1.051047e+04 1.043163e+04
14.8 1.048443e+04 1.050045e+04 1.051198e+04 1.049596e+04
15.8 1.049355e+04 1.049427e+04 1.051342e+04 1.051270e+04
16.8 1.040657e+04 1.049020e+04 1.051448e+04 1.043085e+04
17.8 1.045175e+04 1.047317e+04 1.051519e+04 1.049377e+04
0.8 1.040137e+04 1.057868e+04 1.050426e+04 1.032695e+04
1.8 1.067864e+04 1.056830e+04 1.050242e+04 1.061277e+04
2.8 1.064760e+04 1.057495e+04 1.051145e+04 1.058411e+04
3.8 1.052231e+04 1.056960e+04 1.051753e+04 1.047025e+04
4.8 1.041212e+04 1.056093e+04 1.052803e+04 1.037922e+04
5.8 1.062428e+04 1.058270e+04 1.055861e+04 1.060019e+04
6.8 1.050501e+04 1.048303e+04 1.056695e+04 1.058893e+04
7.8 1.044255e+04 1.047215e+04 1.054788e+04 1.051828e+04
8.8 1.041204e+04 1.047330e+04 1.052792e+04 1.046666e+04
9.8 1.050489e+04 1.050295e+04 1.051621e+04 1.051815e+04
10.8 1.056540e+04 1.049187e+04 1.051100e+04 1.058454e+04
11.8 1.052052e+04 1.048218e+04 1.050970e+04 1.054804e+04
12.8 1.042557e+04 1.050441e+04 1.051047e+04 1.043163e+04
13.8 1.048443e+04 1.050045e+04 1.051198e+04 1.049596e+04
14.8 1.049355e+04 1.049427e+04 1.051342e+04 1.051270e+04
15.8 1.040657e+04 1.049020e+04 1.051448e+04 1.043085e+04
16.8 1.045175e+04 1.047317e+04 1.051519e+04 1.049377e+04
17.8 1.047982e+04 1.050154e+04 1.051565e+04 1.049393e+04
1.0 1.067864e+04 1.056830e+04 1.050242e+04 1.061277e+04
2.0 1.064760e+04 1.057495e+04 1.051145e+04 1.058411e+04
3.0 1.052231e+04 1.056960e+04 1.051753e+04 1.047025e+04
4.0 1.041212e+04 1.056093e+04 1.052803e+04 1.037922e+04
5.0 1.062428e+04 1.058270e+04 1.055861e+04 1.060019e+04
6.0 1.050501e+04 1.048303e+04 1.056695e+04 1.058893e+04
7.0 1.044255e+04 1.047215e+04 1.054788e+04 1.051828e+04
8.0 1.041204e+04 1.047330e+04 1.052792e+04 1.046666e+04
9.0 1.050489e+04 1.050295e+04 1.051621e+04 1.051815e+04
10.0 1.056540e+04 1.049187e+04 1.051100e+04 1.058454e+04
11.0 1.052052e+04 1.048218e+04 1.050970e+04 1.054804e+04
12.0 1.042557e+04 1.050441e+04 1.051047e+04 1.043163e+04
13.0 1.048443e+04 1.050045e+04 1.051198e+04 1.049596e+04
14.0 1.049355e+04 1.049427e+04 1.051342e+04 1.051270e+04
15.0 1.040657e+04 1.049020e+04 1.051448e+04 1.043085e+04
16.0 1.045175e+04 1.047317e+04 1.051519e+04 1.049377e+04
17.0 1.047982e+04 1.050154e+04 1.051565e+04 1.049393e+04
18.0 1.054282e+04 1.048655e+04 1.051598e+04 1.057225e+04
0.4 1.064760e+04 1.057495e+04 1.051145e+04 1.058411e+04
1.4 1.052231e+04 1.056960e+04 1.051753e+04 1.047025e+04
2.4 1.041212e+04 1.056093e+04 1.052803e+04 1.037922e+04
3.4 1.062428e+04 1.058270e+04 1.055861e+04 1.060019e+04
4.4 1.050501e+04 1.048303e+04 1.056695e+04 1.058893e+04
5.4 1.044255e+04 1.047215e+04 1.054788e+04 1.051828e+04
6.4 1.041204e+04 1.047330e+04 1.052792e+04 1.046666e+04
7.4 1.050489e+04 1.050295e+04 1.051621e+04 1.051815e+04
8.4 1.056540e+04 1.049187e+04 1.051100e+04 1.058454e+04
9.4 1.052052e+04 1.048218e+04 1.050970e+04 1.054804e+04
10.4 1.042557e+04 1.050441e+04 1.051047e+04 1.043163e+04
11.4 1.048443e+04 1.050045e+04 1.051198e+04 1.049596e+04
12.4 1.049355e+04 1.049427e+04 1.051342e+04 1.051270e+04
13.4 1.040657e+04 1.049020e+04 1.051448e+04 1.043085e+04
14.4 1.045175e+04 1.047317e+04 1.051519e+04 1.049377e+04
15.4 1.047982e+04 1.050154e+04 1.051565e+04 1.049393e+04
16.4 1.054282e+04 1.048655e+04 1.051598e+04 1.057225e+04
17.4 1.034485e+04 1.050138e+04 1.051624e+04 1.035971e+04
0.4 1.052231e+04 1.056960e+04 1.051753e+04 1.047025e+04
1.4 1.041212e+04 1.056093e+04 1.052803e+04 1.037922e+04
2.4 1.062428e+04 1.058270e+04 1.055861e+04 1.060019e+04
3.4 1.050501e+04 1.048303e+04 1.056695e+04 1.058893e+04
4.4 1.044255e+04 1.047215e+04 1.054788e+04 1.051828e+04
5.4 1.041204e+04 1.047330e+04 1.052792e+04 1.046666e+04
6.4 1.050489e+04 1.050295e+04 1.051621e+04 1.051815e+04
7.4 1.056540e+04 1.049187e+04 1.051100e+04 1.058454e+04
8.4 1.052052e+04 1.048218e+04 1.050970e+04 1.054804e+04
9.4 1.042557e+04 1.050441e+04 1.051047e+04 1.043163e+04
10.4 1.048443e+04 1.050045e+04 1.051198e+04 1.049596e+04
11.4 1.049355e+04 1.049427e+04 1.051342e+04 1.051270e+04
12.4 1.040657e+04 1.049020e+04 1.051448e+04 1.043085e+04
13.4 1.045175e+04 1.047317e+04 1.051519e+04 1.049377e+04
14.4 1.047982e+04 1.050154e+04 1.051565e+04 1.049393e+04
15.4 1.054282e+04 1.048655e+04 1.051598e+04 1.057225e+04
16.4 1.034485e+04 1.050138e+04 1.051624e+04 1.035971e+04
17.4 1.044608e+04 1.050028e+04 1.051646e+04 1.046226e+04
0.4 1.041212e+04 1.056093e+04 1.052803e+04 1.037922e+04
1.4 1.062428e+04 1.058270e+04 1.055861e+04 1.060019e+04
2.4 1.050501e+04 1.048303e+04 1.056695e+04 1.058893e+04
3.4 1.044255e+04 1.047215e+04 1.054788e+04 1.051828e+04
4.4 1.041204e+04 1.047330e+04 1.052792e+04 1.046666e+04
5.4 1.050489e+04 1.050295e+04 1.051621e+04 1.051815e+04
6.4 1.056540e+04 1.049187e+04 1.051100e+04 1.058454e+04
7.4 1.052052e+04 1.048218e+04 1.050970e+04 1.054804e+04
8.4 1.042557e+04 1.050441e+04 1.051047e+04 1.043163e+04
9.4 1.048443e+04 1.050045e+04 1.051198e+04 1.049596e+04
10.4 1.049355e+04 1.049427e+04 1.051342e+04 1.051270e+04
11.4 1.040657e+04 1.049020e+04 1.051448e+04 1.043085e+04
12.4 1.045175e+04 1.047317e+04 1.051519e+04 1.049377e+04
13.4 1.047982e+04 1.050154e+04 1.051565e+04 1.049393e+04
14.4 1.054282e+04 1.048655e+04 1.051598e+04 1.057225e+04
15.4 1.034485e+04 1.050138e+04 1.051624e+04 1.035971e+04
16.4 1.044608e+04 1.050028e+04 1.051646e+04 1.046226e+04
17.4 1.046538e+04 1.051161e+04 1.051668e+04 1.047044e+04
0.7 1.058345e+04 1.051191e+04 1.052008e+04 1.059163e+04
1.7 1.052965e+04 1.055414e+04 1.053037e+04 1.050588e+04
2.7 1.053744e+04 1.054079e+04 1.053465e+04 1.053130e+04
3.7 1.063279e+04 1.057311e+04 1.052535e+04 1.058503e+04
4.7 1.065853e+04 1.061249e+04 1.051850e+04 1.056454e+04
5.7 1.059888e+04 1.060397e+04 1.051784e+04 1.051276e+04
6.7 1.056577e+04 1.056618e+04 1.051463e+04 1.051422e+04
7.7 1.052874e+04 1.054796e+04 1.051101e+04 1.049179e+04
8.7 1.052295e+04 1.053287e+04 1.051016e+04 1.050024e+04
9.7 1.035963e+04 1.048085e+04 1.051194e+04 1.039073e+04
10.7 1.050905e+04 1.049221e+04 1.051488e+04 1.053172e+04
11.7 1.048109e+04 1.045378e+04 1.051272e+04 1.054003e+04
12.7 1.048150e+04 1.043633e+04 1.051091e+04 1.055607e+04
13.7 1.057807e+04 1.048853e+04 1.050982e+04 1.059937e+04
14.7 1.049934e+04 1.054084e+04 1.051243e+04 1.047093e+04
15.7 1.051984e+04 1.058150e+04 1.051673e+04 1.045507e+04
16.7 1.050589e+04 1.053788e+04 1.051966e+04 1.048768e+04
17.7 1.050916e+04 1.053413e+04 1.052098e+04 1.049601e+04
0.9 1.052965e+04 1.055414e+04 1.053037e+04 1.050588e+04
1.9 1.053744e+04 1.054079e+04 1.053465e+04 1.053130e+04
2.9 1.063279e+04 1.057311e+04 1.052535e+04 1.058503e+04
3.9 1.065853e+04 1.061249e+04 1.051850e+04 1.056454e+04
4.9 1.059888e+04 1.060397e+04 1.051784e+04 1.051276e+04
5.9 1.056577e+04 1.056618e+04 1.051463e+04 1.051422e+04
6.9 1.052874e+04 1.054796e+04 1.051101e+04 1.049179e+04
7.9 1.052295e+04 1.053287e+04 1.051016e+04 1.050024e+04
8.9 1.035963e+04 1.048085e+04 1.051194e+04 1.039073e+04
9.9 1.050905e+04 1.049221e+04 1.051488e+04 1.053172e+04
10.9 1.048109e+04 1.045378e+04 1.051272e+04 1.054003e+04
11.9 1.048150e+04 1.043633e+04 1.051091e+04 1.055607e+04
12.9 1.057807e+04 1.048853e+04 1.050982e+04 1.059937e+04
13.9 1.049934e+04 1.054084e+04 1.051243e+04 1.047093e+04
14.9 1.051984e+04 1.058150e+04 1.051673e+04 1.045507e+04
15.9 1.050589e+04 1.053788e+04 1.051966e+04 1.048768e+04
16.9 1.050916e+04 1.053413e+04 1.052098e+04 1.049601e+04
17.9 1.049617e+04 1.052022e+04 1.052129e+04 1.049724e+04
0.6 1.053744e+04 1.054079e+04 1.053465e+04 1.053130e+04
1.6 1.063279e+04 1.057311e+04 1.052535e+04 1.058503e+04
2.6 1.065853e+04 1.061249e+04 1.051850e+04 1.056454e+04
3.6 1.059888e+04 1.060397e+04 1.051784e+04 1.051276e+04
4.6 1.056577e+04 1.056618e+04 1.051463e+04 1.051422e+04
5.6 1.052874e+04 1.054796e+04 1.051101e+04 1.049179e+04
6.6 1.052295e+04 1.053287e+04 1.051016e+04 1.050024e+04
7.6 1.035963e+04 1.048085e+04 1.051194e+04 1.039073e+04
8.6 1.050905e+04 1.049221e+04 1.051488e+04 1.053172e+04
9.6 1.048109e+04 1.045378e+04 1.051272e+04 1.054003e+04
10.6 1.048150e+04 1.043633e+04 1.051091e+04 1.055607e+04
11.6 1.057807e+04 1.048853e+04 1.050982e+04 1.059937e+04
12.6 1.049934e+04 1.054084e+04 1.051243e+04 1.047093e+04
13.6 1.051984e+04 1.058150e+04 1.051673e+04 1.045507e+04
14.6 1.050589e+04 1.053788e+04 1.051966e+04 1.048768e+04
15.6 1.050916e+04 1.053413e+04 1.052098e+04 1.049601e+04
16.6 1.049617e+04 1.052022e+04 1.052129e+04 1.049724e+04
17.6 1.047318e+04 1.048217e+04 1.052110e+04 1.051211e+04
0.6 1.063279e+04 1.057311e+04 1.052535e+04 1.058503e+04
1.6 1.065853e+04 1.061249e+04 1.051850e+04 1.056454e+04
2.6 1.059888e+04 1.060397e+04 1.051784e+04 1.051276e+04
3.6 1.056577e+04 1.056618e+04 1.051463e+04 1.051422e+04
4.6 1.052874e+04 1.054796e+04 1.051101e+04 1.049179e+04
5.6 1.052295e+04 1.053287e+04 1.051016e+04 1.050024e+04
6.6 1.035963e+04 1.048085e+04 1.051194e+04 1.039073e+04
7.6 1.050905e+04 1.049221e+04 1.051488e+04 1.053172e+04
8.6 1.048109e+04 1.045378e+04 1.051272e+04 1.054003e+04
9.6 1.048150e+04 1.043633e+04 1.051091e+04 1.055607e+04
10.6 1.057807e+04 1.048853e+04 1.050982e+04 1.059937e+04
11.6 1.049934e+04 1.054084e+04 1.051243e+04 1.047093e+04
12.6 1.051984e+04 1.058150e+04 1.051673e+04 1.045507e+04
13.6 1.050589e+04 1.053788e+04 1.051966e+04 1.048768e+04
14.6 1.050916e+04 1.053413e+04 1.052098e+04 1.049601e+04
15.6 1.049617e+04 1.052022e+04 1.052129e+04 1.049724e+04
16.6 1.047318e+04 1.048217e+04 1.052110e+04 1.051211e+04
17.6 1.045455e+04 1.048837e+04 1.052071e+04 1.048689e+04
0.5 1.065853e+04 1.061249e+04 1.051850e+04 1.056454e+04
1.5 1.059888e+04 1.060397e+04 1.051784e+04 1.051276e+04
2.5 1.056577e+04 1.056618e+04 1.051463e+04 1.051422e+04
3.5 1.052874e+04 1.054796e+04 1.051101e+04 1.049179e+04
4.5 1.052295e+04 1.053287e+04 1.051016e+04 1.050024e+04
5.5 1.035963e+04 1.048085e+04 1.051194e+04 1.039073e+04
6.5 1.050905e+04 1.049221e+04 1.051488e+04 1.053172e+04
7.5 1.048109e+04 1.045378e+04 1.051272e+04 1.054003e+04
8.5 1.048150e+04 1.043633e+04 1.051091e+04 1.055607e+04
9.5 1.057807e+04 1.048853e+04 1.050982e+04 1.059937e+04
10.5 1.049934e+04 1.054084e+04 1.051243e+04 1.047093e+04
11.5 1.051984e+04 1.058150e+04 1.051673e+04 1.045507e+04
12.5 1.050589e+04 1.053788e+04 1.051966e+04 1.048768e+04
13.5 1.050916e+04 1.053413e+04 1.052098e+04 1.049601e+04
14.5 1.049617e+04 1.052022e+04 1.052129e+04 1.049724e+04
15.5 1.047318e+04 1.048217e+04 1.052110e+04 1.051211e+04
16.5 1.045455e+04 1.048837e+04 1.052071e+04 1.048689e+04
17.5 1.051117e+04 1.050221e+04 1.052033e+04 1.052929e+04
0.3 1.059888e+04 1.060397e+04 1.051784e+04 1.051276e+04
1.3 1.056577e+04 1.056618e+04 1.051463e+04 1.051422e+04
2.3 1.052874e+04 1.054796e+04 1.051101e+04 1.049179e+04
3.3 1.052295e+04 1.053287e+04 1.051016e+04 1.050024e+04
4.3 1.035963e+04 1.048085e+04 1.051194e+04 1.039073e+04
5.3 1.050905e+04 1.049221e+04 1.051488e+04 1.053172e+04
6.3 1.048109e+04 1.045378e+04 1.051272e+04 1.054003e+04
7.3 1.048150e+04 1.043633e+04 1.051091e+04 1.055607e+04
8.3 1.057807e+04 1.048853e+04 1.050982e+04 1.059937e+04
9.3 1.049934e+04 1.054084e+04 1.051243e+04 1.047093e+04
10.3 1.051984e+04 1.058150e+04 1.051673e+04 1.045507e+04
11.3 1.050589e+04 1.053788e+04 1.051966e+04 1.048768e+04
12.3 1.050916e+04 1.053413e+04 1.052098e+04 1.049601e+04
13.3 1.049617e+04 1.052022e+04 1.052129e+04 1.049724e+04
14.3 1.047318e+04 1.048217e+04 1.052110e+04 1.051211e+04
15.3 1.045455e+04 1.048837e+04 1.052071e+04 1.048689e+04
16.3 1.051117e+04 1.050221e+04 1.052033e+04 1.052929e+04
17.3 1.049841e+04 1.051306e+04 1.052002e+04 1.050537e+04
0.9 1.052874e+04 1.054796e+04 1.051101e+04 1.049179e+04
1.9 1.052295e+04 1.053287e+04 1.051016e+04 1.050024e+04
2.9 1.035963e+04 1.048085e+04 1.051194e+04 1.039073e+04
3.9 1.050905e+04 1.049221e+04 1.051488e+04 1.053172e+04
4.9 1.048109e+04 1.045378e+04 1.051272e+04 1.054003e+04
5.9 1.048150e+04 1.043633e+04 1.051091e+04 1.055607e+04
6.9 1.057807e+04 1.048853e+04 1.050982e+04 1.059937e+04
7.9 1.049934e+04 1.054084e+04 1.051243e+04 1.047093e+04
8.9 1.051984e+04 1.058150e+04 1.051673e+04 1.045507e+04
9.9 1.050589e+04 1.053788e+04 1.051966e+04 1.048768e+04
10.9 1.050916e+04 1.053413e+04 1.052098e+04 1.049601e+04
11.9 1.049617e+04 1.052022e+04 1.052129e+04 1.049724e+04
12.9 1.047318e+04 1.048217e+04 1.052110e+04 1.051211e+04
13.9 1.045455e+04 1.048837e+04 1.052071e+04 1.048689e+04
14.9 1.051117e+04 1.050221e+04 1.052033e+04 1.052929e+04
15.9 1.049841e+04 1.051306e+04 1.052002e+04 1.050537e+04
16.9 1.045067e+04 1.052337e+04 1.051980e+04 1.044710e+04
17.9 1.056575e+04 1.052561e+04 1.051965e+04 1.055979e+04
1.0 1.052295e+04 1.053287e+04 1.051016e+04 1.050024e+04
2.0 1.035963e+04 1.048085e+04 1.051194e+04 1.039073e+04
3.0 1.050905e+04 1.049221e+04 1.051488e+04 1.053172e+04
4.0 1.048109e+04 1.045378e+04 1.051272e+04 1.054003e+04
5.0 1.048150e+04 1.043633e+04 1.051091e+04 1.055607e+04
6.0 1.057807e+04 1.048853e+04 1.050982e+04 1.059937e+04
7.0 1.049934e+04 1.054084e+04 1.051243e+04 1.047093e+04
8.0 1.051984e+04 1.058150e+04 1.051673e+04 1.045507e+04
9.0 1.050589e+04 1.053788e+04 1.051966e+04 1.048768e+04
10.0 1.050916e+04 1.053413e+04 1.052098e+04 1.049601e+04
11.0 1.049617e+04 1.052022e+04 1.052129e+04 1.049724e+04
12.0 1.047318e+04 1.048217e+04 1.052110e+04 1.051211e+04
13.0 1.045455e+04 1.048837e+04 1.052071e+04 1.048689e+04
14.0 1.051117e+04 1.050221e+04 1.052033e+04 1.052929e+04
15.0 1.049841e+04 1.051306e+04 1.052002e+04 1.050537e+04
16.0 1.045067e+04 1.052337e+04 1.051980e+04 1.044710e+04
17.0 1.056575e+04 1.052561e+04 1.051965e+04 1.055979e+04
18.0 1.053776e+04 1.051891e+04 1.051954e+04 1.053838e+04
0.1 1.052295e+04 1.053287e+04 1.051016e+04 1.050024e+04
1.1 1.035963e+04 1.048085e+04 1.051194e+04 1.039073e+04
2.1 1.050905e+04 1.049221e+04 1.051488e+04 1.053172e+04
3.1 1.048109e+04 1.045378e+04 1.051272e+04 1.054003e+04
4.1 1.048150e+04 1.043633e+04 1.051091e+04 1.055607e+04
5.1 1.057807e+04 1.048853e+04 1.050982e+04 1.059937e+04
6.1 1.049934e+04 1.054084e+04 1.051243e+04 1.047093e+04
7.1 1.051984e+04 1.058150e+04 1.051673e+04 1.045507e+04
8.1 1.050589e+04 1.053788e+04 1.051966e+04 1.048768e+04
9.1 1.050916e+04 1.053413e+04 1.052098e+04 1.049601e+04
10.1 1.049617e+04 1.052022e+04 1.052129e+04 1.049724e+04
11.1 1.047318e+04 1.048217e+04 1.052110e+04 1.051211e+04
12.1 1.045455e+04 1.048837e+04 1.052071e+04 1.048689e+04
13.1 1.051117e+04 1.050221e+04 1.052033e+04 1.052929e+04
14.1 1.049841e+04 1.051306e+04 1.052002e+04 1.050537e+04
15.1 1.045067e+04 1.052337e+04 1.051980e+04 1.044710e+04
16.1 1.056575e+04 1.052561e+04 1.051965e+04 1.055979e+04
17.1 1.053776e+04 1.051891e+04 1.051954e+04 1.053838e+04
0.1 1.035963e+04 1.048085e+04 1.051194e+04 1.039073e+04
1.1 1.050905e+04 1.049221e+04 1.051488e+04 1.053172e+04
2.1 1.048109e+04 1.045378e+04 1.051272e+04 1.054003e+04
3.1 1.048150e+04 1.043633e+04 1.051091e+04 1.055607e+04
4.1 1.057807e+04 1.048853e+04 1.050982e+04 1.059937e+04
5.1 1.049934e+04 1.054084e+04 1.051243e+04 1.047093e+04
6.1 1.051984e+04 1.058150e+04 1.051673e+04 1.045507e+04
7.1 1.050589e+04 1.053788e+04 1.051966e+04 1.048768e+04
8.1 1.050916e+04 1.053413e+04 1.052098e+04 1.049601e+04
9.1 1.049617e+04 1.052022e+04 1.052129e+04 1.049724e+04
10.1 1.047318e+04 1.048217e+04 1.052110e+04 1.051211e+04
11.1 1.045455e+04 1.048837e+04 1.052071e+04 1.048689e+04
12.1 1.051117e+04 1.050221e+04 1.052033e+04 1.052929e+04
13.1 1.049841e+04 1.051306e+04 1.052002e+04 1.050537e+04
14.1 1.045067e+04 1.052337e+04 1.051980e+04 1.044710e+04
15.1 1.056575e+04 1.052561e+04 1.051965e+04 1.055979e+04
16.1 1.053776e+04 1.051891e+04 1.051954e+04 1.053838e+04
17.1 1.059891e+04 1.053055e+04 1.051944e+04 1.058780e+04
0.2 1.050905e+04 1.049221e+04 1.051488e+04 1.053172e+04
1.2 1.048109e+04 1.045378e+04 1.051272e+04 1.054003e+04
2.2 1.048150e+04 1.043633e+04 1.051091e+04 1.055607e+04
3.2 1.057807e+04 1.048853e+04 1.050982e+04 1.059937e+04
4.2 1.049934e+04 1.054084e+04 1.051243e+04 1.047093e+04
5.2 1.051984e+04 1.058150e+04 1.051673e+04 1.045507e+04
6.2 1.050589e+04 1.053788e+04 1.051966e+04 1.048768e+04
7.2 1.050916e+04 1.053413e+04 1.052098e+04 1.049601e+04
8.2 1.049617e+04 1.052022e+04 1.052129e+04 1.049724e+04
9.2 1.047318e+04 1.048217e+04 1.052110e+04 1.051211e+04
10.2 1.045455e+04 1.048837e+04 1.052071e+04 1.048689e+04
11.2 1.051117e+04 1.050221e+04 1.052033e+04 1.052929e+04
12.2 1.049841e+04 1.051306e+04 1.052002e+04 1.050537e+04
13.2 1.045067e+04 1.052337e+04 1.051980e+04 1.044710e+04
14.2 1.056575e+04 1.052561e+04 1.051965e+04 1.055979e+04
15.2 1.053776e+04 1.051891e+04 1.051954e+04 1.053838e+04
16.2 1.059891e+04 1.053055e+04 1.051944e+04 1.058780e+04
17.2 1.055537e+04 1.051022e+04 1.051936e+04 1.056451e+04
0.4 1.048109e+04 1.045378e+04 1.051272e+04 1.054003e+04
1.4 1.048150e+04 1.043633e+04 1.051091e+04 1.055607e+04
2.4 1.057807e+04 1.048853e+04 1.050982e+04 1.059937e+04
3.4 1.049934e+04 1.054084e+04 1.051243e+04 1.047093e+04
4.4 1.051984e+04 1.058150e+04 1.051673e+04 1.045507e+04
5.4 1.050589e+04 1.053788e+04 1.051966e+04 1.048768e+04
6.4 1.050916e+04 1.053413e+04 1.052098e+04 1.049601e+04
7.4 1.049617e+04 1.052022e+04 1.052129e+04 1.049724e+04
8.4 1.047318e+04 1.048217e+04 1.052110e+04 1.051211e+04
9.4 1.045455e+04 1.048837e+04 1.052071e+04 1.048689e+04
10.4 1.051117e+04 1.050221e+04 1.052033e+04 1.052929e+04
11.4 1.049841e+04 1.051306e+04 1.052002e+04 1.050537e+04
12.4 1.045067e+04 1.052337e+04 1.051980e+04 1.044710e+04
13.4 1.056575e+04 1.052561e+04 1.051965e+04 1.055979e+04
14.4 1.053776e+04 1.051891e+04 1.051954e+04 1.053838e+04
15.4 1.059891e+04 1.053055e+04 1.051944e+04 1.058780e+04
16.4 1.055537e+04 1.051022e+04 1.051936e+04 1.056451e+04
17.4 1.058583e+04 1.054254e+04 1.051928e+04 1.056257e+04
0.2 1.042580e+04 1.048238e+04 1.051820e+04 1.046161e+04
1.2 1.045026e+04 1.048615e+04 1.052073e+04 1.048484e+04
2.2 1.042058e+04 1.050590e+04 1.052129e+04 1.043597e+04
3.2 1.043324e+04 1.052118e+04 1.051803e+04 1.043009e+04
4.2 1.052953e+04 1.054051e+04 1.051634e+04 1.050535e+04
5.2 1.051649e+04 1.052674e+04 1.051729e+04 1.050704e+04
6.2 1.047258e+04 1.055370e+04 1.051663e+04 1.043551e+04
7.2 1.053266e+04 1.054130e+04 1.051198e+04 1.050334e+04
8.2 1.058062e+04 1.049702e+04 1.051119e+04 1.059479e+04
9.2 1.048202e+04 1.049627e+04 1.051537e+04 1.050113e+04
10.2 1.057238e+04 1.052495e+04 1.051698e+04 1.056441e+04
11.2 1.054846e+04 1.054678e+04 1.051754e+04 1.051921e+04
12.2 1.059247e+04 1.053681e+04 1.051811e+04 1.057377e+04
13.2 1.060085e+04 1.055016e+04 1.052302e+04 1.057371e+04
14.2 1.054437e+04 1.057511e+04 1.053098e+04 1.050024e+04
15.2 1.060630e+04 1.060926e+04 1.052976e+04 1.052680e+04
16.2 1.061637e+04 1.063265e+04 1.052734e+04 1.051106e+04
17.2 1.062432e+04 1.063413e+04 1.053324e+04 1.052343e+04
0.9 1.042058e+04 1.050590e+04 1.052129e+04 1.043597e+04
1.9 1.043324e+04 1.052118e+04 1.051803e+04 1.043009e+04
2.9 1.052953e+04 1.054051e+04 1.051634e+04 1.050535e+04
3.9 1.051649e+04 1.052674e+04 1.051729e+04 1.050704e+04
4.9 1.047258e+04 1.055370e+04 1.051663e+04 1.043551e+04
5.9 1.053266e+04 1.054130e+04 1.051198e+04 1.050334e+04
6.9 1.058062e+04 1.049702e+04 1.051119e+04 1.059479e+04
7.9 1.048202e+04 1.049627e+04 1.051537e+04 1.050113e+04
8.9 1.057238e+04 1.052495e+04 1.051698e+04 1.056441e+04
9.9 1.054846e+04 1.054678e+04 1.051754e+04 1.051921e+04
10.9 1.059247e+04 1.053681e+04 1.051811e+04 1.057377e+04
11.9 1.060085e+04 1.055016e+04 1.052302e+04 1.057371e+04
12.9 1.054437e+04 1.057511e+04 1.053098e+04 1.050024e+04
13.9 1.060630e+04 1.060926e+04 1.052976e+04 1.052680e+04
14.9 1.061637e+04 1.063265e+04 1.052734e+04 1.051106e+04
15.9 1.062432e+04 1.063413e+04 1.053324e+04 1.052343e+04
16.9 1.058735e+04 1.059805e+04 1.053245e+04 1.052176e+04
17.9 1.059533e+04 1.056070e+04 1.052953e+04 1.056416e+04
0.7 1.043324e+04 1.052118e+04 1.051803e+04 1.043009e+04
1.7 1.052953e+04 1.054051e+04 1.051634e+04 1.050535e+04
2.7 1.051649e+04 1.052674e+04 1.051729e+04 1.050704e+04
3.7 1.047258e+04 1.055370e+04 1.051663e+04 1.043551e+04
4.7 1.053266e+04 1.054130e+04 1.051198e+04 1.050334e+04
5.7 1.058062e+04 1.049702e+04 1.051119e+04 1.059479e+04
6.7 1.048202e+04 1.049627e+04 1.051537e+04 1.050113e+04
7.7 1.057238e+04 1.052495e+04 1.051698e+04 1.056441e+04
8.7 1.054846e+04 1.054678e+04 1.051754e+04 1.051921e+04
9.7 1.059247e+04 1.053681e+04 1.051811e+04 1.057377e+04
10.7 1.060085e+04 1.055016e+04 1.052302e+04 1.057371e+04
11.7 1.054437e+04 1.057511e+04 1.053098e+04 1.050024e+04
12.7 1.060630e+04 1.060926e+04 1.052976e+04 1.052680e+04
13.7 1.061637e+04 1.063265e+04 1.052734e+04 1.051106e+04
14.7 1.062432e+04 1.063413e+04 1.053324e+04 1.052343e+04
15.7 1.058735e+04 1.059805e+04 1.053245e+04 1.052176e+04
16.7 1.059533e+04 1.056070e+04 1.052953e+04 1.056416e+04
17.7 1.049058e+04 1.052974e+04 1.052533e+04 1.048616e+04
0.7 1.052953e+04 1.054051e+04 1.051634e+04 1.050535e+04
1.7 1.051649e+04 1.052674e+04 1.051729e+04 1.050704e+04
2.7 1.047258e+04 1.055370e+04 1.051663e+04 1.043551e+04
3.7 1.053266e+04 1.054130e+04 1.051198e+04 1.050334e+04
4.7 1.058062e+04 1.049702e+04 1.051119e+04 1.059479e+04
5.7 1.048202e+04 1.049627e+04 1.051537e+04 1.050113e+04
6.7 1.057238e+04 1.052495e+04 1.051698e+04 1.056441e+04
7.7 1.054846e+04 1.054678e+04 1.051754e+04 1.051921e+04
8.7 1.059247e+04 1.053681e+04 1.051811e+04 1.057377e+04
9.7 1.060085e+04 1.055016e+04 1.052302e+04 1.057371e+04
10.7 1.054437e+04 1.057511e+04 1.053098e+04 1.050024e+04
11.7 1.060630e+04 1.060926e+04 1.052976e+04 1.052680e+04
12.7 1.061637e+04 1.063265e+04 1.052734e+04 1.051106e+04
13.7 1.062432e+04 1.063413e+04 1.053324e+04 1.052343e+04
14.7 1.058735e+04 1.059805e+04 1.053245e+04 1.052176e+04
15.7 1.059533e+04 1.056070e+04 1.052953e+04 1.056416e+04
16.7 1.049058e+04 1.052974e+04 1.052533e+04 1.048616e+04
17.7 1.042598e+04 1.045083e+04 1.051200e+04 1.048714e+04
0.2 1.051649e+04 1.052674e+04 1.051729e+04 1.050704e+04
1.2 1.047258e+04 1.055370e+04 1.051663e+04 1.043551e+04
2.2 1.053266e+04 1.054130e+04 1.051198e+04 1.050334e+04
3.2 1.058062e+04 1.049702e+04 1.051119e+04 1.059479e+04
4.2 1.048202e+04 1.049627e+04 1.051537e+04 1.050113e+04
5.2 1.057238e+04 1.052495e+04 1.051698e+04 1.056441e+04
6.2 1.054846e+04 1.054678e+04 1.051754e+04 1.051921e+04
7.2 1.059247e+04 1.053681e+04 1.051811e+04 1.057377e+04
8.2 1.060085e+04 1.055016e+04 1.052302e+04 1.057371e+04
9.2 1.054437e+04 1.057511e+04 1.053098e+04 1.050024e+04
10.2 1.060630e+04 1.060926e+04 1.052976e+04 1.052680e+04
11.2 1.061637e+04 1.063265e+04 1.052734e+04 1.051106e+04
12.2 1.062432e+04 1.063413e+04 1.053324e+04 1.052343e+04
13.2 1.058735e+04 1.059805e+04 1.053245e+04 1.052176e+04
14.2 1.059533e+04 1.056070e+04 1.052953e+04 1.056416e+04
15.2 1.049058e+04 1.052974e+04 1.052533e+04 1.048616e+04
16.2 1.042598e+04 1.045083e+04 1.051200e+04 1.048714e+04
17.2 1.038043e+04 1.038925e+04 1.050361e+04 1.049480e+04
0.6 1.053266e+04 1.054130e+04 1.051198e+04 1.050334e+04
1.6 1.058062e+04 1.049702e+04 1.051119e+04 1.059479e+04
2.6 1.048202e+04 1.049627e+04 1.051537e+04 1.050113e+04
3.6 1.057238e+04 1.052495e+04 1.051698e+04 1.056441e+04
4.6 1.054846e+04 1.054678e+04 1.051754e+04 1.051921e+04
5.6 1.059247e+04 1.053681e+04 1.051811e+04 1.057377e+04
6.6 1.060085e+04 1.055016e+04 1.052302e+04 1.057371e+04
7.6 1.054437e+04 1.057511e+04 1.053098e+04 1.050024e+04
8.6 1.060630e+04 1.060926e+04 1.052976e+04 1.052680e+04
9.6 1.061637e+04 1.063265e+04 1.052734e+04 1.051106e+04
10.6 1.062432e+04 1.063413e+04 1.053324e+04 1.052343e+04
11.6 1.058735e+04 1.059805e+04 1.053245e+04 1.052176e+04
12.6 1.059533e+04 1.056070e+04 1.052953e+04 1.056416e+04
13.6 1.049058e+04 1.052974e+04 1.052533e+04 1.048616e+04
14.6 1.042598e+04 1.045083e+04 1.051200e+04 1.048714e+04
15.6 1.038043e+04 1.038925e+04 1.050361e+04 1.049480e+04
16.6 1.043706e+04 1.045485e+04 1.050447e+04 1.048668e+04
17.6 1.062306e+04 1.052349e+04 1.050583e+04 1.060540e+04
0.8 1.058062e+04 1.049702e+04 1.051119e+04 1.059479e+04
1.8 1.048202e+04 1.049627e+04 1.051537e+04 1.050113e+04
2.8 1.057238e+04 1.052495e+04 1.051698e+04 1.056441e+04
3.8 1.054846e+04 1.054678e+04 1.051754e+04 1.051921e+04
4.8 1.059247e+04 1.053681e+04 1.051811e+04 1.057377e+04
5.8 1.060085e+04 1.055016e+04 1.052302e+04 1.057371e+04
6.8 1.054437e+04 1.057511e+04 1.053098e+04 1.050024e+04
7.8 1.060630e+04 1.060926e+04 1.052976e+04 1.052680e+04
8.8 1.061637e+04 1.063265e+04 1.052734e+04 1.051106e+04
9.8 1.062432e+04 1.063413e+04 1.053324e+04 1.052343e+04
10.8 1.058735e+04 1.059805e+04 1.053245e+04 1.052176e+04
11.8 1.059533e+04 1.056070e+04 1.052953e+04 1.056416e+04
12.8 1.049058e+04 1.052974e+04 1.052533e+04 1.048616e+04
13.8 1.042598e+04 1.045083e+04 1.051200e+04 1.048714e+04
14.8 1.038043e+04 1.038925e+04 1.050361e+04 1.049480e+04
15.8 1.043706e+04 1.045485e+04 1.050447e+04 1.048668e+04
16.8 1.062306e+04 1.052349e+04 1.050583e+04 1.060540e+04
17.8 1.035152e+04 1.056154e+04 1.050951e+04 1.029948e+04
0.2 1.059247e+04 1.053681e+04 1.051811e+04 1.057377e+04
1.2 1.060085e+04 1.055016e+04 1.052302e+04 1.057371e+04
2.2 1.054437e+04 1.057511e+04 1.053098e+04 1.050024e+04
3.2 1.060630e+04 1.060926e+04 1.052976e+04 1.052680e+04
4.2 1.061637e+04 1.063265e+04 1.052734e+04 1.051106e+04
5.2 1.062432e+04 1.063413e+04 1.053324e+04 1.052343e+04
6.2 1.058735e+04 1.059805e+04 1.053245e+04 1.052176e+04
7.2 1.059533e+04 1.056070e+04 1.052953e+04 1.056416e+04
8.2 1.049058e+04 1.052974e+04 1.052533e+04 1.048616e+04
9.2 1.042598e+04 1.045083e+04 1.051200e+04 1.048714e+04
10.2 1.038043e+04 1.038925e+04 1.050361e+04 1.049480e+04
11.2 1.043706e+04 1.045485e+04 1.050447e+04 1.048668e+04
12.2 1.062306e+04 1.052349e+04 1.050583e+04 1.060540e+04
13.2 1.035152e+04 1.056154e+04 1.050951e+04 1.029948e+04
14.2 1.063532e+04 1.054982e+04 1.051553e+04 1.060103e+04
15.2 1.062685e+04 1.051239e+04 1.052005e+04 1.063451e+04
16.2 1.052973e+04 1.051050e+04 1.052239e+04 1.054163e+04
17.2 1.046017e+04 1.052705e+04 1.052336e+04 1.045647e+04
0.1 1.060085e+04 1.055016e+04 1.052302e+04 1.057371e+04
1.1 1.054437e+04 1.057511e+04 1.053098e+04 1.050024e+04
2.1 1.060630e+04 1.060926e+04 1.052976e+04 1.052680e+04
3.1 1.061637e+04 1.063265e+04 1.052734e+04 1.051106e+04
4.1 1.062432e+04 1.063413e+04 1.053324e+04 1.052343e+04
5.1 1.058735e+04 1.059805e+04 1.053245e+04 1.052176e+04
6.1 1.059533e+04 1.056070e+04 1.052953e+04 1.056416e+04
7.1 1.049058e+04 1.052974e+04 1.052533e+04 1.048616e+04
8.1 1.042598e+04 1.045083e+04 1.051200e+04 1.048714e+04
9.1 1.038043e+04 1.038925e+04 1.050361e+04 1.049480e+04
10.1 1.043706e+04 1.045485e+04 1.050447e+04 1.048668e+04
11.1 1.062306e+04 1.052349e+04 1.050583e+04 1.060540e+04
12.1 1.035152e+04 1.056154e+04 1.050951e+04 1.029948e+04
13.1 1.063532e+04 1.054982e+04 1.051553e+04 1.060103e+04
14.1 1.062685e+04 1.051239e+04 1.052005e+04 1.063451e+04
15.1 1.052973e+04 1.051050e+04 1.052239e+04 1.054163e+04
16.1 1.046017e+04 1.052705e+04 1.052336e+04 1.045647e+04
0.2 1.054437e+04 1.057511e+04 1.053098e+04 1.050024e+04
1.2 1.060630e+04 1.060926e+04 1.052976e+04 1.052680e+04
2.2 1.061637e+04 1.063265e+04 1.052734e+04 1.051106e+04
3.2 1.062432e+04 1.063413e+04 1.053324e+04 1.052343e+04
4.2 1.058735e+04 1.059805e+04 1.053245e+04 1.052176e+04
5.2 1.059533e+04 1.056070e+04 1.052953e+04 1.056416e+04
6.2 1.049058e+04 1.052974e+04 1.052533e+04 1.048616e+04
7.2 1.042598e+04 1.045083e+04 1.051200e+04 1.048714e+04
8.2 1.038043e+04 1.038925e+04 1.050361e+04 1.049480e+04
9.2 1.043706e+04 1.045485e+04 1.050447e+04 1.048668e+04
10.2 1.062306e+04 1.052349e+04 1.050583e+04 1.060540e+04
11.2 1.035152e+04 1.056154e+04 1.050951e+04 1.029948e+04
12.2 1.063532e+04 1.054982e+04 1.051553e+04 1.060103e+04
13.2 1.062685e+04 1.051239e+04 1.052005e+04 1.063451e+04
14.2 1.052973e+04 1.051050e+04 1.052239e+04 1.054163e+04
15.2 1.046017e+04 1.052705e+04 1.052336e+04 1.045647e+04
0.3 1.060630e+04 1.060926e+04 1.052976e+04 1.052680e+04
1.3 1.061637e+04 1.063265e+04 1.052734e+04 1.051106e+04
2.3 1.062432e+04 1.063413e+04 1.053324e+04 1.052343e+04
3.3 1.058735e+04 1.059805e+04 1.053245e+04 1.052176e+04
4.3 1.059533e+04 1.056070e+04 1.052953e+04 1.056416e+04
5.3 1.049058e+04 1.052974e+04 1.052533e+04 1.048616e+04
6.3 1.042598e+04 1.045083e+04 1.051200e+04 1.048714e+04
7.3 1.038043e+04 1.038925e+04 1.050361e+04 1.049480e+04
8.3 1.043706e+04 1.045485e+04 1.050447e+04 1.048668e+04
9.3 1.062306e+04 1.052349e+04 1.050583e+04 1.060540e+04
10.3 1.035152e+04 1.056154e+04 1.050951e+04 1.029948e+04
11.3 1.063532e+04 1.054982e+04 1.051553e+04 1.060103e+04
12.3 1.062685e+04 1.051239e+04 1.052005e+04 1.063451e+04
13.3 1.052973e+04 1.051050e+04 1.052239e+04 1.054163e+04
14.3 1.046017e+04 1.052705e+04 1.052336e+04 1.045647e+04
0.9 1.062432e+04 1.063413e+04 1.053324e+04 1.052343e+04
1.9 1.058735e+04 1.059805e+04 1.053245e+04 1.052176e+04
2.9 1.059533e+04 1.056070e+04 1.052953e+04 1.056416e+04
3.9 1.049058e+04 1.052974e+04 1.052533e+04 1.048616e+04
4.9 1.042598e+04 1.045083e+04 1.051200e+04 1.048714e+04
5.9 1.038043e+04 1.038925e+04 1.050361e+04 1.049480e+04
6.9 1.043706e+04 1.045485e+04 1.050447e+04 1.048668e+04
7.9 1.062306e+04 1.052349e+04 1.050583e+04 1.060540e+04
8.9 1.035152e+04 1.056154e+04 1.050951e+04 1.029948e+04
9.9 1.063532e+04 1.054982e+04 1.051553e+04 1.060103e+04
10.9 1.062685e+04 1.051239e+04 1.052005e+04 1.063451e+04
11.9 1.052973e+04 1.051050e+04 1.052239e+04 1.054163e+04
12.9 1.046017e+04 1.052705e+04 1.052336e+04 1.045647e+04
0.5 1.058735e+04 1.059805e+04 1.053245e+04 1.052176e+04
1.5 1.059533e+04 1.056070e+04 1.052953e+04 1.056416e+04
2.5 1.049058e+04 1.052974e+04 1.052533e+04 1.048616e+04
3.5 1.042598e+04 1.045083e+04 1.051200e+04 1.048714e+04
4.5 1.038043e+04 1.038925e+04 1.050361e+04 1.049480e+04
5.5 1.043706e+04 1.045485e+04 1.050447e+04 1.048668e+04
6.5 1.062306e+04 1.052349e+04 1.050583e+04 1.060540e+04
7.5 1.035152e+04 1.056154e+04 1.050951e+04 1.029948e+04
8.5 1.063532e+04 1.054982e+04 1.051553e+04 1.060103e+04
9.5 1.062685e+04 1.051239e+04 1.052005e+04 1.063451e+04
10.5 1.052973e+04 1.051050e+04 1.052239e+04 1.054163e+04
11.5 1.046017e+04 1.052705e+04 1.052336e+04 1.045647e+04
1.0 1.049058e+04 1.052974e+04 1.052533e+04 1.048616e+04
2.0 1.042598e+04 1.045083e+04 1.051200e+04 1.048714e+04
3.0 1.038043e+04 1.038925e+04 1.050361e+04 1.049480e+04
4.0 1.043706e+04 1.045485e+04 1.050447e+04 1.048668e+04
5.0 1.062306e+04 1.052349e+04 1.050583e+04 1.060540e+04
6.0 1.035152e+04 1.056154e+04 1.050951e+04 1.029948e+04
7.0 1.063532e+04 1.054982e+04 1.051553e+04 1.060103e+04
8.0 1.062685e+04 1.051239e+04 1.052005e+04 1.063451e+04
9.0 1.052973e+04 1.051050e+04 1.052239e+04 1.054163e+04
10.0 1.046017e+04 1.052705e+04 1.052336e+04 1.045647e+04
0.9 1.042598e+04 1.045083e+04 1.051200e+04 1.048714e+04
1.9 1.038043e+04 1.038925e+04 1.050361e+04 1.049480e+04
2.9 1.043706e+04 1.045485e+04 1.050447e+04 1.048668e+04
3.9 1.062306e+04 1.052349e+04 1.050583e+04 1.060540e+04
4.9 1.035152e+04 1.056154e+04 1.050951e+04 1.029948e+04
5.9 1.063532e+04 1.054982e+04 1.051553e+04 1.060103e+04
6.9 1.062685e+04 1.051239e+04 1.052005e+04 1.063451e+04
7.9 1.052973e+04 1.051050e+04 1.052239e+04 1.054163e+04
8.9 1.046017e+04 1.052705e+04 1.052336e+04 1.045647e+04
0.2 1.042598e+04 1.045083e+04 1.051200e+04 1.048714e+04
1.2 1.038043e+04 1.038925e+04 1.050361e+04 1.049480e+04
2.2 1.043706e+04 1.045485e+04 1.050447e+04 1.048668e+04
3.2 1.062306e+04 1.052349e+04 1.050583e+04 1.060540e+04
4.2 1.035152e+04 1.056154e+04 1.050951e+04 1.029948e+04
5.2 1.063532e+04 1.054982e+04 1.051553e+04 1.060103e+04
6.2 1.062685e+04 1.051239e+04 1.052005e+04 1.063451e+04
7.2 1.052973e+04 1.051050e+04 1.052239e+04 1.054163e+04
8.2 1.046017e+04 1.052705e+04 1.052336e+04 1.045647e+04
0.2 1.038043e+04 1.038925e+04 1.050361e+04 1.049480e+04
1.2 1.043706e+04 1.045485e+04 1.050447e+04 1.048668e+04
2.2 1.062306e+04 1.052349e+04 1.050583e+04 1.060540e+04
3.2 1.035152e+04 1.056154e+04 1.050951e+04 1.029948e+04
4.2 1.063532e+04 1.054982e+04 1.051553e+04 1.060103e+04
5.2 1.062685e+04 1.051239e+04 1.052005e+04 1.063451e+04
6.2 1.052973e+04 1.051050e+04 1.052239e+04 1.054163e+04
7.2 1.046017e+04 1.052705e+04 1.052336e+04 1.045647e+04
