0.5 1.254013e+04 1.253644e+04 1.255641e+04 1.256010e+04
1.5 1.258714e+04 1.254758e+04 1.254777e+04 1.258733e+04
2.5 1.255489e+04 1.252953e+04 1.251713e+04 1.254250e+04
3.5 1.250084e+04 1.250554e+04 1.248537e+04 1.248067e+04
4.5 1.249433e+04 1.249047e+04 1.247585e+04 1.247970e+04
5.5 1.248687e+04 1.251291e+04 1.249997e+04 1.247393e+04
6.5 1.250844e+04 1.254611e+04 1.253169e+04 1.249402e+04
7.5 1.260291e+04 1.257745e+04 1.255258e+04 1.257804e+04
8.5 1.263283e+04 1.257119e+04 1.256238e+04 1.262401e+04
9.5 1.254993e+04 1.255991e+04 1.256525e+04 1.255526e+04
10.5 1.257529e+04 1.256479e+04 1.256450e+04 1.257499e+04
11.5 1.251876e+04 1.256102e+04 1.256241e+04 1.252015e+04
12.5 1.252119e+04 1.255795e+04 1.256035e+04 1.252358e+04
13.5 1.250800e+04 1.255717e+04 1.255887e+04 1.250970e+04
14.5 1.251246e+04 1.256173e+04 1.255800e+04 1.250873e+04
15.5 1.252863e+04 1.255309e+04 1.255756e+04 1.253311e+04
16.5 1.255663e+04 1.255674e+04 1.255737e+04 1.255726e+04
17.5 1.258719e+04 1.255655e+04 1.255730e+04 1.258794e+04
18.5 1.253237e+04 1.256400e+04 1.255728e+04 1.252564e+04
19.5 1.258227e+04 1.256690e+04 1.255728e+04 1.257264e+04
20.5 1.261629e+04 1.257127e+04 1.255729e+04 1.260230e+04
0.5 1.247418e+04 1.252455e+04 1.255700e+04 1.250662e+04
1.5 1.248467e+04 1.251474e+04 1.254825e+04 1.251819e+04
2.5 1.250369e+04 1.250003e+04 1.251753e+04 1.252119e+04
3.5 1.252351e+04 1.247276e+04 1.248567e+04 1.253642e+04
4.5 1.253773e+04 1.248128e+04 1.247606e+04 1.253251e+04
5.5 1.258257e+04 1.250015e+04 1.250010e+04 1.258251e+04
6.5 1.252256e+04 1.252975e+04 1.253173e+04 1.252455e+04
7.5 1.260464e+04 1.255054e+04 1.255253e+04 1.260663e+04
8.5 1.259224e+04 1.255034e+04 1.256225e+04 1.260415e+04
9.5 1.251585e+04 1.255033e+04 1.256504e+04 1.253056e+04
10.5 1.258058e+04 1.255919e+04 1.256422e+04 1.258561e+04
11.5 1.257755e+04 1.255343e+04 1.256206e+04 1.258618e+04
12.5 1.260696e+04 1.254946e+04 1.255993e+04 1.261743e+04
13.5 1.247329e+04 1.255309e+04 1.255839e+04 1.247859e+04
14.5 1.250265e+04 1.254861e+04 1.255747e+04 1.251151e+04
15.5 1.253919e+04 1.254967e+04 1.255698e+04 1.254649e+04
16.5 1.260122e+04 1.255238e+04 1.255674e+04 1.260559e+04
17.5 1.251782e+04 1.255456e+04 1.255663e+04 1.251989e+04
18.5 1.248744e+04 1.256544e+04 1.255658e+04 1.247858e+04
19.5 1.252819e+04 1.256174e+04 1.255655e+04 1.252301e+04
20.5 1.258340e+04 1.255966e+04 1.255654e+04 1.258028e+04
0.5 1.255479e+04 1.253862e+04 1.256391e+04 1.258008e+04
1.5 1.253257e+04 1.253779e+04 1.255567e+04 1.255045e+04
2.5 1.255080e+04 1.251737e+04 1.252545e+04 1.255889e+04
3.5 1.245860e+04 1.249056e+04 1.249413e+04 1.246217e+04
4.5 1.248830e+04 1.248649e+04 1.248506e+04 1.248688e+04
5.5 1.252199e+04 1.250889e+04 1.250967e+04 1.252276e+04
6.5 1.251180e+04 1.253561e+04 1.254189e+04 1.251808e+04
7.5 1.246432e+04 1.255862e+04 1.256329e+04 1.246899e+04
8.5 1.252922e+04 1.256648e+04 1.257363e+04 1.253637e+04
9.5 1.252807e+04 1.256914e+04 1.257705e+04 1.253598e+04
10.5 1.266061e+04 1.255554e+04 1.257687e+04 1.268195e+04
11.5 1.261315e+04 1.254343e+04 1.257538e+04 1.264510e+04
12.5 1.251304e+04 1.253924e+04 1.257393e+04 1.254773e+04
13.5 1.254331e+04 1.253443e+04 1.257307e+04 1.258195e+04
14.5 1.257182e+04 1.254939e+04 1.257285e+04 1.259528e+04
15.5 1.261508e+04 1.256881e+04 1.257307e+04 1.261935e+04
16.5 1.261935e+04 1.260024e+04 1.257350e+04 1.259261e+04
17.5 1.262174e+04 1.258569e+04 1.256541e+04 1.260145e+04
18.5 1.257362e+04 1.257087e+04 1.253540e+04 1.253815e+04
19.5 1.250857e+04 1.253358e+04 1.250431e+04 1.247930e+04
20.5 1.241459e+04 1.252558e+04 1.249551e+04 1.238452e+04
0.5 1.261935e+04 1.260024e+04 1.257350e+04 1.259261e+04
1.5 1.262174e+04 1.258569e+04 1.256541e+04 1.260145e+04
2.5 1.257362e+04 1.257087e+04 1.253540e+04 1.253815e+04
3.5 1.250857e+04 1.253358e+04 1.250431e+04 1.247930e+04
4.5 1.241459e+04 1.252558e+04 1.249551e+04 1.238452e+04
5.5 1.258239e+04 1.255021e+04 1.252043e+04 1.255260e+04
6.5 1.257420e+04 1.258502e+04 1.255298e+04 1.254216e+04
