1.094953e+04 1.104242e+04 1.104340e+04 1.094855e+04
1.093918e+04 1.104236e+04 1.102988e+04 1.095166e+04
1.094916e+04 1.104230e+04 1.104015e+04 1.095131e+04
1.095897e+04 1.104223e+04 1.105512e+04 1.094608e+04
1.103624e+04 1.104217e+04 1.104437e+04 1.103404e+04
1.105979e+04 1.104210e+04 1.104365e+04 1.105824e+04
1.104468e+04 1.104203e+04 1.104760e+04 1.103911e+04
1.105573e+04 1.104196e+04 1.103630e+04 1.106140e+04
1.107578e+04 1.104189e+04 1.103206e+04 1.108561e+04
1.110896e+04 1.104182e+04 1.102884e+04 1.112194e+04
1.109340e+04 1.104175e+04 1.102784e+04 1.110731e+04
1.107964e+04 1.104168e+04 1.103262e+04 1.108871e+04
1.107982e+04 1.104214e+04 1.103834e+04 1.108362e+04
1.110065e+04 1.104394e+04 1.104199e+04 1.110260e+04
1.109252e+04 1.104581e+04 1.105202e+04 1.108631e+04
1.108612e+04 1.104632e+04 1.105994e+04 1.107250e+04
1.106714e+04 1.104477e+04 1.105200e+04 1.105991e+04
1.106764e+04 1.104275e+04 1.104665e+04 1.106374e+04
1.103995e+04 1.104139e+04 1.103715e+04 1.104419e+04
1.105587e+04 1.104071e+04 1.103937e+04 1.105721e+04
1.103055e+04 1.104045e+04 1.103926e+04 1.103174e+04
1.103651e+04 1.104042e+04 1.103284e+04 1.104409e+04
1.101760e+04 1.104046e+04 1.103448e+04 1.102357e+04
1.102285e+04 1.104050e+04 1.102932e+04 1.103403e+04
1.103600e+04 1.104051e+04 1.102926e+04 1.104725e+04
1.107238e+04 1.104048e+04 1.104424e+04 1.106863e+04
1.106794e+04 1.104042e+04 1.104781e+04 1.106056e+04
1.106173e+04 1.104035e+04 1.104308e+04 1.105900e+04
1.104448e+04 1.104080e+04 1.104310e+04 1.104219e+04
1.104027e+04 1.104260e+04 1.106485e+04 1.101801e+04
1.105725e+04 1.104446e+04 1.105374e+04 1.104796e+04
1.108158e+04 1.104496e+04 1.104963e+04 1.107690e+04
1.114023e+04 1.104340e+04 1.106749e+04 1.111614e+04
1.111520e+04 1.104137e+04 1.105460e+04 1.110197e+04
1.112534e+04 1.104001e+04 1.105255e+04 1.111281e+04
1.099980e+04 1.103933e+04 1.104231e+04 1.099683e+04
1.099464e+04 1.103908e+04 1.103851e+04 1.099522e+04
1.099743e+04 1.103905e+04 1.103489e+04 1.100158e+04
1.101022e+04 1.103910e+04 1.103173e+04 1.101759e+04
1.102090e+04 1.103915e+04 1.102736e+04 1.103270e+04
1.102238e+04 1.103917e+04 1.103086e+04 1.103069e+04
1.103558e+04 1.103968e+04 1.105083e+04 1.102443e+04
1.106041e+04 1.104151e+04 1.106773e+04 1.103419e+04
1.103110e+04 1.104340e+04 1.106871e+04 1.100579e+04
1.104473e+04 1.104392e+04 1.108078e+04 1.100787e+04
1.104855e+04 1.104239e+04 1.106356e+04 1.102738e+04
1.101525e+04 1.104039e+04 1.105856e+04 1.099707e+04
1.105022e+04 1.103905e+04 1.106182e+04 1.102745e+04
1.107725e+04 1.103839e+04 1.105646e+04 1.105918e+04
1.105421e+04 1.103816e+04 1.104732e+04 1.104505e+04
1.101634e+04 1.103816e+04 1.104231e+04 1.101220e+04
1.100511e+04 1.103824e+04 1.102508e+04 1.101827e+04
1.097124e+04 1.103831e+04 1.101881e+04 1.099075e+04
1.099853e+04 1.103836e+04 1.101673e+04 1.102016e+04
1.102813e+04 1.103841e+04 1.102885e+04 1.103769e+04
1.108461e+04 1.104365e+04 1.104313e+04 1.108512e+04
1.106158e+04 1.106211e+04 1.103274e+04 1.109096e+04
1.100835e+04 1.108124e+04 1.101023e+04 1.107936e+04
1.099367e+04 1.108698e+04 1.099162e+04 1.108903e+04
1.099608e+04 1.107246e+04 1.101048e+04 1.105806e+04
1.101115e+04 1.105336e+04 1.103744e+04 1.102707e+04
1.108508e+04 1.104079e+04 1.106020e+04 1.106567e+04
1.112363e+04 1.103489e+04 1.106078e+04 1.109774e+04
1.106996e+04 1.103316e+04 1.104552e+04 1.105759e+04
1.105550e+04 1.103361e+04 1.104811e+04 1.104101e+04
1.101868e+04 1.103487e+04 1.104459e+04 1.100896e+04
1.097090e+04 1.103612e+04 1.103698e+04 1.097004e+04
1.099409e+04 1.103701e+04 1.104048e+04 1.099062e+04
1.102318e+04 1.103753e+04 1.104763e+04 1.101308e+04
1.103951e+04 1.103780e+04 1.103957e+04 1.103774e+04
1.104582e+04 1.103792e+04 1.104492e+04 1.103881e+04
1.106375e+04 1.103849e+04 1.104987e+04 1.105237e+04
1.104230e+04 1.104038e+04 1.105648e+04 1.102620e+04
1.106758e+04 1.104233e+04 1.105729e+04 1.105262e+04
1.109006e+04 1.104291e+04 1.106342e+04 1.106955e+04
1.111393e+04 1.104144e+04 1.105844e+04 1.109693e+04
1.113048e+04 1.103949e+04 1.106292e+04 1.110705e+04
1.115823e+04 1.103822e+04 1.105203e+04 1.114442e+04
1.111845e+04 1.103762e+04 1.105744e+04 1.109864e+04
1.113613e+04 1.103745e+04 1.105433e+04 1.111925e+04
1.104498e+04 1.103750e+04 1.104998e+04 1.103250e+04
1.107736e+04 1.103763e+04 1.105097e+04 1.106401e+04
1.107119e+04 1.103775e+04 1.104200e+04 1.106694e+04
1.108842e+04 1.103784e+04 1.104667e+04 1.107959e+04
1.111794e+04 1.103790e+04 1.104874e+04 1.110710e+04
1.107442e+04 1.103846e+04 1.105808e+04 1.105479e+04
1.104872e+04 1.104035e+04 1.106133e+04 1.102774e+04
1.105754e+04 1.104231e+04 1.106736e+04 1.103248e+04
1.105910e+04 1.104291e+04 1.106351e+04 1.103850e+04
1.103262e+04 1.104144e+04 1.106183e+04 1.101223e+04
1.101604e+04 1.103952e+04 1.106415e+04 1.099141e+04
1.101091e+04 1.103826e+04 1.105886e+04 1.099030e+04
1.099457e+04 1.103767e+04 1.106330e+04 1.096894e+04
1.098309e+04 1.103751e+04 1.105252e+04 1.096808e+04
1.097463e+04 1.103757e+04 1.102748e+04 1.098473e+04
1.097937e+04 1.103772e+04 1.101858e+04 1.099851e+04
1.097284e+04 1.103786e+04 1.100064e+04 1.101006e+04
1.096087e+04 1.103801e+04 1.100913e+04 1.098976e+04
1.099505e+04 1.104333e+04 1.100423e+04 1.103415e+04
1.099311e+04 1.106186e+04 1.099614e+04 1.105883e+04
1.102035e+04 1.108105e+04 1.097430e+04 1.112710e+04
1.101949e+04 1.108684e+04 1.098227e+04 1.112406e+04
1.105350e+04 1.107237e+04 1.099907e+04 1.112679e+04
1.105797e+04 1.105332e+04 1.102610e+04 1.108518e+04
1.109152e+04 1.104079e+04 1.105003e+04 1.108228e+04
1.106041e+04 1.103494e+04 1.103624e+04 1.105910e+04
1.103088e+04 1.103326e+04 1.103544e+04 1.102869e+04
1.102642e+04 1.103375e+04 1.104617e+04 1.101400e+04
1.104115e+04 1.103505e+04 1.103010e+04 1.104609e+04
1.106035e+04 1.103633e+04 1.102770e+04 1.106898e+04
1.099219e+04 1.103725e+04 1.102933e+04 1.100011e+04
1.100366e+04 1.103781e+04 1.102593e+04 1.101554e+04
1.103851e+04 1.103811e+04 1.103499e+04 1.104163e+04
1.107423e+04 1.103878e+04 1.104112e+04 1.107189e+04
1.101673e+04 1.104072e+04 1.104305e+04 1.101440e+04
1.098980e+04 1.104270e+04 1.105395e+04 1.097856e+04
1.100858e+04 1.104330e+04 1.104656e+04 1.100532e+04
1.105745e+04 1.104184e+04 1.104473e+04 1.105456e+04
1.101346e+04 1.103990e+04 1.104454e+04 1.100882e+04
1.102319e+04 1.103863e+04 1.104195e+04 1.101986e+04
1.106454e+04 1.103803e+04 1.103889e+04 1.106367e+04
1.104342e+04 1.103785e+04 1.103030e+04 1.105097e+04
1.099556e+04 1.103788e+04 1.103369e+04 1.099975e+04
1.096976e+04 1.103800e+04 1.102744e+04 1.098031e+04
1.096867e+04 1.103810e+04 1.102349e+04 1.098329e+04
1.103334e+04 1.103817e+04 1.103571e+04 1.103580e+04
1.105388e+04 1.103820e+04 1.103850e+04 1.105357e+04
1.105938e+04 1.103819e+04 1.104191e+04 1.105566e+04
1.104506e+04 1.103870e+04 1.105217e+04 1.103160e+04
1.103531e+04 1.104054e+04 1.105404e+04 1.102181e+04
1.102318e+04 1.104243e+04 1.105970e+04 1.100591e+04
1.105952e+04 1.104296e+04 1.106139e+04 1.104109e+04
1.106658e+04 1.104143e+04 1.106196e+04 1.104606e+04
1.104379e+04 1.103942e+04 1.106378e+04 1.101943e+04
1.105192e+04 1.103808e+04 1.105466e+04 1.103533e+04
1.107145e+04 1.103739e+04 1.105174e+04 1.105710e+04
1.105722e+04 1.103713e+04 1.104904e+04 1.104531e+04
1.102994e+04 1.103707e+04 1.104015e+04 1.102686e+04
1.102494e+04 1.103709e+04 1.103443e+04 1.102760e+04
1.102805e+04 1.103710e+04 1.104394e+04 1.102121e+04
1.101102e+04 1.103707e+04 1.105057e+04 1.099752e+04
1.101078e+04 1.103753e+04 1.105719e+04 1.099112e+04
1.101005e+04 1.103929e+04 1.106106e+04 1.098828e+04
1.107822e+04 1.104110e+04 1.107466e+04 1.104466e+04
1.108721e+04 1.104154e+04 1.107176e+04 1.105699e+04
1.111151e+04 1.103990e+04 1.107035e+04 1.108107e+04
1.108189e+04 1.103779e+04 1.107062e+04 1.104906e+04
1.109254e+04 1.103633e+04 1.106888e+04 1.105999e+04
1.107159e+04 1.103554e+04 1.106394e+04 1.104319e+04
1.108738e+04 1.103517e+04 1.105431e+04 1.106824e+04
1.103938e+04 1.103501e+04 1.103351e+04 1.104088e+04
1.099323e+04 1.103492e+04 1.101639e+04 1.101176e+04
1.102132e+04 1.103482e+04 1.100719e+04 1.104895e+04
1.105211e+04 1.103468e+04 1.100874e+04 1.107805e+04
1.102533e+04 1.103449e+04 1.101492e+04 1.104490e+04
1.101154e+04 1.103430e+04 1.101860e+04 1.102724e+04
1.103699e+04 1.103930e+04 1.102448e+04 1.105182e+04
1.100698e+04 1.105753e+04 1.100081e+04 1.106369e+04
1.096435e+04 1.107642e+04 1.098622e+04 1.105455e+04
1.096915e+04 1.108190e+04 1.098578e+04 1.106527e+04
1.101582e+04 1.106712e+04 1.100616e+04 1.107678e+04
1.100756e+04 1.104774e+04 1.102740e+04 1.102790e+04
1.096306e+04 1.103488e+04 1.104225e+04 1.095569e+04
1.099830e+04 1.102868e+04 1.105187e+04 1.097511e+04
1.104174e+04 1.102665e+04 1.105150e+04 1.101689e+04
1.109604e+04 1.102678e+04 1.103742e+04 1.108540e+04
1.104972e+04 1.102771e+04 1.101873e+04 1.105870e+04
1.102253e+04 1.102861e+04 1.102015e+04 1.103099e+04
1.102715e+04 1.102915e+04 1.101807e+04 1.103823e+04
1.109283e+04 1.102932e+04 1.102809e+04 1.109405e+04
1.108943e+04 1.102921e+04 1.103658e+04 1.108206e+04
1.113148e+04 1.102899e+04 1.110803e+04 1.105244e+04
1.112555e+04 1.103389e+04 1.109995e+04 1.105949e+04
1.105389e+04 1.105199e+04 1.106232e+04 1.104355e+04
1.100800e+04 1.107074e+04 1.103010e+04 1.104864e+04
1.096836e+04 1.107606e+04 1.102704e+04 1.101738e+04
1.106634e+04 1.106109e+04 1.104772e+04 1.107970e+04
1.107479e+04 1.104152e+04 1.107642e+04 1.103988e+04
1.105728e+04 1.102848e+04 1.108476e+04 1.100100e+04
