0.8 7.488070e+03 7.469231e+03 7.485068e+03 7.503907e+03
1.8 7.420799e+03 7.463803e+03 7.466941e+03 7.423937e+03
2.8 7.545395e+03 7.486836e+03 7.461808e+03 7.520367e+03
3.8 7.458519e+03 7.529960e+03 7.473356e+03 7.401915e+03
4.8 7.657557e+03 7.507352e+03 7.492152e+03 7.642357e+03
5.8 7.498652e+03 7.461476e+03 7.497944e+03 7.535120e+03
6.8 7.514874e+03 7.469792e+03 7.495019e+03 7.540100e+03
7.8 7.478507e+03 7.478382e+03 7.496320e+03 7.496445e+03
8.8 7.443781e+03 7.496624e+03 7.503408e+03 7.450566e+03
9.8 7.539638e+03 7.471541e+03 7.498168e+03 7.566265e+03
10.8 7.537519e+03 7.463422e+03 7.479226e+03 7.553322e+03
11.8 7.477751e+03 7.476633e+03 7.461662e+03 7.462780e+03
12.8 7.460095e+03 7.511949e+03 7.460545e+03 7.408690e+03
13.8 7.636674e+03 7.521539e+03 7.480396e+03 7.595531e+03
14.8 7.419284e+03 7.464812e+03 7.496892e+03 7.451365e+03
15.8 7.513083e+03 7.493270e+03 7.497925e+03 7.517737e+03
16.8 7.488086e+03 7.455081e+03 7.494670e+03 7.527675e+03
17.8 7.530722e+03 7.470802e+03 7.500625e+03 7.560545e+03
0.3 7.420799e+03 7.463803e+03 7.466941e+03 7.423937e+03
1.3 7.545395e+03 7.486836e+03 7.461808e+03 7.520367e+03
2.2 7.458519e+03 7.529960e+03 7.473356e+03 7.401915e+03
3.2 7.657557e+03 7.507352e+03 7.492152e+03 7.642357e+03
4.2 7.498652e+03 7.461476e+03 7.497944e+03 7.535120e+03
5.2 7.514874e+03 7.469792e+03 7.495019e+03 7.540100e+03
6.2 7.478507e+03 7.478382e+03 7.496320e+03 7.496445e+03
7.2 7.443781e+03 7.496624e+03 7.503408e+03 7.450566e+03
8.2 7.539638e+03 7.471541e+03 7.498168e+03 7.566265e+03
9.2 7.537519e+03 7.463422e+03 7.479226e+03 7.553322e+03
10.2 7.477751e+03 7.476633e+03 7.461662e+03 7.462780e+03
11.2 7.460095e+03 7.511949e+03 7.460545e+03 7.408690e+03
12.2 7.636674e+03 7.521539e+03 7.480396e+03 7.595531e+03
13.2 7.419284e+03 7.464812e+03 7.496892e+03 7.451365e+03
14.2 7.513083e+03 7.493270e+03 7.497925e+03 7.517737e+03
15.2 7.488086e+03 7.455081e+03 7.494670e+03 7.527675e+03
16.2 7.530722e+03 7.470802e+03 7.500625e+03 7.560545e+03
17.2 7.424018e+03 7.473562e+03 7.503323e+03 7.453779e+03
0.8 7.537519e+03 7.463422e+03 7.479226e+03 7.553322e+03
1.8 7.477751e+03 7.476633e+03 7.461662e+03 7.462780e+03
2.8 7.460095e+03 7.511949e+03 7.460545e+03 7.408690e+03
3.8 7.636674e+03 7.521539e+03 7.480396e+03 7.595531e+03
4.8 7.419284e+03 7.464812e+03 7.496892e+03 7.451365e+03
5.8 7.513083e+03 7.493270e+03 7.497925e+03 7.517737e+03
6.8 7.488086e+03 7.455081e+03 7.494670e+03 7.527675e+03
7.8 7.530722e+03 7.470802e+03 7.500625e+03 7.560545e+03
8.8 7.424018e+03 7.473562e+03 7.503323e+03 7.453779e+03
9.8 7.443363e+03 7.446398e+03 7.490251e+03 7.487216e+03
10.8 7.544914e+03 7.455697e+03 7.474872e+03 7.564089e+03
11.8 7.451237e+03 7.456699e+03 7.463932e+03 7.458470e+03
12.8 7.526587e+03 7.519525e+03 7.463452e+03 7.470514e+03
13.8 7.440277e+03 7.516184e+03 7.479830e+03 7.403924e+03
14.8 7.457859e+03 7.466138e+03 7.496642e+03 7.488363e+03
15.8 7.537745e+03 7.467307e+03 7.506521e+03 7.576959e+03
16.8 7.535683e+03 7.505030e+03 7.509549e+03 7.540201e+03
17.8 7.433643e+03 7.469911e+03 7.496347e+03 7.460079e+03
0.7 7.477751e+03 7.476633e+03 7.461662e+03 7.462780e+03
1.7 7.460095e+03 7.511949e+03 7.460545e+03 7.408690e+03
2.7 7.636674e+03 7.521539e+03 7.480396e+03 7.595531e+03
3.7 7.419284e+03 7.464812e+03 7.496892e+03 7.451365e+03
4.7 7.513083e+03 7.493270e+03 7.497925e+03 7.517737e+03
5.7 7.488086e+03 7.455081e+03 7.494670e+03 7.527675e+03
6.7 7.530722e+03 7.470802e+03 7.500625e+03 7.560545e+03
7.7 7.424018e+03 7.473562e+03 7.503323e+03 7.453779e+03
8.7 7.443363e+03 7.446398e+03 7.490251e+03 7.487216e+03
9.7 7.544914e+03 7.455697e+03 7.474872e+03 7.564089e+03
10.7 7.451237e+03 7.456699e+03 7.463932e+03 7.458470e+03
11.7 7.526587e+03 7.519525e+03 7.463452e+03 7.470514e+03
12.7 7.440277e+03 7.516184e+03 7.479830e+03 7.403924e+03
13.7 7.457859e+03 7.466138e+03 7.496642e+03 7.488363e+03
14.7 7.537745e+03 7.467307e+03 7.506521e+03 7.576959e+03
15.7 7.535683e+03 7.505030e+03 7.509549e+03 7.540201e+03
16.7 7.433643e+03 7.469911e+03 7.496347e+03 7.460079e+03
17.7 7.525556e+03 7.440842e+03 7.477028e+03 7.561742e+03
0.7 7.544914e+03 7.455697e+03 7.474872e+03 7.564089e+03
1.7 7.451237e+03 7.456699e+03 7.463932e+03 7.458470e+03
2.7 7.526587e+03 7.519525e+03 7.463452e+03 7.470514e+03
3.7 7.440277e+03 7.516184e+03 7.479830e+03 7.403924e+03
4.7 7.457859e+03 7.466138e+03 7.496642e+03 7.488363e+03
5.7 7.537745e+03 7.467307e+03 7.506521e+03 7.576959e+03
6.7 7.535683e+03 7.505030e+03 7.509549e+03 7.540201e+03
7.7 7.433643e+03 7.469911e+03 7.496347e+03 7.460079e+03
8.7 7.525556e+03 7.440842e+03 7.477028e+03 7.561742e+03
9.7 7.401079e+03 7.449133e+03 7.463880e+03 7.415827e+03
10.7 7.459877e+03 7.486466e+03 7.463596e+03 7.437007e+03
11.7 7.484806e+03 7.483497e+03 7.480106e+03 7.481415e+03
12.7 7.479155e+03 7.469867e+03 7.497153e+03 7.506440e+03
13.7 7.504770e+03 7.514021e+03 7.505553e+03 7.496302e+03
14.7 7.554419e+03 7.532937e+03 7.502333e+03 7.523815e+03
15.7 7.535647e+03 7.508821e+03 7.483341e+03 7.510168e+03
16.7 7.382191e+03 7.477251e+03 7.470641e+03 7.375582e+03
17.7 7.448463e+03 7.484262e+03 7.478176e+03 7.442376e+03
0.5 7.451237e+03 7.456699e+03 7.463932e+03 7.458470e+03
1.5 7.526587e+03 7.519525e+03 7.463452e+03 7.470514e+03
2.5 7.440277e+03 7.516184e+03 7.479830e+03 7.403924e+03
3.5 7.457859e+03 7.466138e+03 7.496642e+03 7.488363e+03
4.5 7.537745e+03 7.467307e+03 7.506521e+03 7.576959e+03
5.5 7.535683e+03 7.505030e+03 7.509549e+03 7.540201e+03
6.5 7.433643e+03 7.469911e+03 7.496347e+03 7.460079e+03
7.5 7.525556e+03 7.440842e+03 7.477028e+03 7.561742e+03
8.5 7.401079e+03 7.449133e+03 7.463880e+03 7.415827e+03
9.5 7.459877e+03 7.486466e+03 7.463596e+03 7.437007e+03
10.5 7.484806e+03 7.483497e+03 7.480106e+03 7.481415e+03
11.5 7.479155e+03 7.469867e+03 7.497153e+03 7.506440e+03
12.5 7.504770e+03 7.514021e+03 7.505553e+03 7.496302e+03
13.5 7.554419e+03 7.532937e+03 7.502333e+03 7.523815e+03
14.5 7.535647e+03 7.508821e+03 7.483341e+03 7.510168e+03
15.5 7.382191e+03 7.477251e+03 7.470641e+03 7.375582e+03
16.5 7.448463e+03 7.484262e+03 7.478176e+03 7.442376e+03
17.5 7.438980e+03 7.483485e+03 7.492674e+03 7.448169e+03
0.9 7.525556e+03 7.440842e+03 7.477028e+03 7.561742e+03
1.9 7.401079e+03 7.449133e+03 7.463880e+03 7.415827e+03
2.9 7.459877e+03 7.486466e+03 7.463596e+03 7.437007e+03
3.9 7.484806e+03 7.483497e+03 7.480106e+03 7.481415e+03
4.9 7.479155e+03 7.469867e+03 7.497153e+03 7.506440e+03
5.9 7.504770e+03 7.514021e+03 7.505553e+03 7.496302e+03
6.8 7.554419e+03 7.532937e+03 7.502333e+03 7.523815e+03
7.8 7.535647e+03 7.508821e+03 7.483341e+03 7.510168e+03
8.8 7.382191e+03 7.477251e+03 7.470641e+03 7.375582e+03
9.8 7.448463e+03 7.484262e+03 7.478176e+03 7.442376e+03
10.8 7.438980e+03 7.483485e+03 7.492674e+03 7.448169e+03
11.8 7.563608e+03 7.523268e+03 7.505731e+03 7.546071e+03
12.8 7.445839e+03 7.504817e+03 7.503421e+03 7.444443e+03
13.8 7.372775e+03 7.437735e+03 7.481909e+03 7.416950e+03
14.8 7.527567e+03 7.474022e+03 7.463622e+03 7.517167e+03
15.8 7.541337e+03 7.537721e+03 7.461087e+03 7.464703e+03
16.8 7.575771e+03 7.545912e+03 7.478042e+03 7.507902e+03
17.8 7.444711e+03 7.473777e+03 7.495787e+03 7.466722e+03
0.5 7.401079e+03 7.449133e+03 7.463880e+03 7.415827e+03
1.5 7.459877e+03 7.486466e+03 7.463596e+03 7.437007e+03
2.5 7.484806e+03 7.483497e+03 7.480106e+03 7.481415e+03
3.5 7.479155e+03 7.469867e+03 7.497153e+03 7.506440e+03
4.5 7.504770e+03 7.514021e+03 7.505553e+03 7.496302e+03
5.5 7.554419e+03 7.532937e+03 7.502333e+03 7.523815e+03
6.5 7.535647e+03 7.508821e+03 7.483341e+03 7.510168e+03
7.5 7.382191e+03 7.477251e+03 7.470641e+03 7.375582e+03
8.5 7.448463e+03 7.484262e+03 7.478176e+03 7.442376e+03
9.5 7.438980e+03 7.483485e+03 7.492674e+03 7.448169e+03
10.5 7.563608e+03 7.523268e+03 7.505731e+03 7.546071e+03
11.5 7.445839e+03 7.504817e+03 7.503421e+03 7.444443e+03
12.5 7.372775e+03 7.437735e+03 7.481909e+03 7.416950e+03
13.5 7.527567e+03 7.474022e+03 7.463622e+03 7.517167e+03
14.5 7.541337e+03 7.537721e+03 7.461087e+03 7.464703e+03
15.5 7.575771e+03 7.545912e+03 7.478042e+03 7.507902e+03
16.5 7.444711e+03 7.473777e+03 7.495787e+03 7.466722e+03
17.5 7.441832e+03 7.472669e+03 7.498227e+03 7.467390e+03
0.7 7.535647e+03 7.508821e+03 7.483341e+03 7.510168e+03
1.7 7.382191e+03 7.477251e+03 7.470641e+03 7.375582e+03
2.7 7.448463e+03 7.484262e+03 7.478176e+03 7.442376e+03
3.7 7.438980e+03 7.483485e+03 7.492674e+03 7.448169e+03
4.7 7.563608e+03 7.523268e+03 7.505731e+03 7.546071e+03
5.7 7.445839e+03 7.504817e+03 7.503421e+03 7.444443e+03
6.7 7.372775e+03 7.437735e+03 7.481909e+03 7.416950e+03
7.7 7.527567e+03 7.474022e+03 7.463622e+03 7.517167e+03
8.7 7.541337e+03 7.537721e+03 7.461087e+03 7.464703e+03
9.7 7.575771e+03 7.545912e+03 7.478042e+03 7.507902e+03
10.7 7.444711e+03 7.473777e+03 7.495787e+03 7.466722e+03
11.7 7.441832e+03 7.472669e+03 7.498227e+03 7.467390e+03
12.7 7.552334e+03 7.531098e+03 7.494223e+03 7.515459e+03
13.6 7.513199e+03 7.527695e+03 7.490432e+03 7.475936e+03
14.6 7.496786e+03 7.478921e+03 7.487880e+03 7.505745e+03
15.6 7.530483e+03 7.470153e+03 7.486401e+03 7.546731e+03
16.6 7.421051e+03 7.476309e+03 7.485795e+03 7.430536e+03
17.6 7.498720e+03 7.491215e+03 7.485749e+03 7.493254e+03
0.8 7.372775e+03 7.437735e+03 7.481909e+03 7.416950e+03
1.8 7.527567e+03 7.474022e+03 7.463622e+03 7.517167e+03
2.8 7.541337e+03 7.537721e+03 7.461087e+03 7.464703e+03
3.8 7.575771e+03 7.545912e+03 7.478042e+03 7.507902e+03
4.8 7.444711e+03 7.473777e+03 7.495787e+03 7.466722e+03
5.8 7.441832e+03 7.472669e+03 7.498227e+03 7.467390e+03
6.8 7.552334e+03 7.531098e+03 7.494223e+03 7.515459e+03
7.8 7.513199e+03 7.527695e+03 7.490432e+03 7.475936e+03
8.8 7.496786e+03 7.478921e+03 7.487880e+03 7.505745e+03
9.8 7.530483e+03 7.470153e+03 7.486401e+03 7.546731e+03
10.8 7.421051e+03 7.476309e+03 7.485795e+03 7.430536e+03
11.8 7.498720e+03 7.491215e+03 7.485749e+03 7.493254e+03
12.8 7.427858e+03 7.464612e+03 7.485933e+03 7.449179e+03
13.8 7.478630e+03 7.487580e+03 7.486135e+03 7.477186e+03
14.8 7.532145e+03 7.500690e+03 7.486281e+03 7.517736e+03
15.8 7.562200e+03 7.496431e+03 7.486364e+03 7.552133e+03
16.8 7.455794e+03 7.470531e+03 7.486399e+03 7.471662e+03
17.8 7.450610e+03 7.455506e+03 7.486407e+03 7.481511e+03
0.5 7.527567e+03 7.474022e+03 7.463622e+03 7.517167e+03
1.5 7.541337e+03 7.537721e+03 7.461087e+03 7.464703e+03
2.5 7.575771e+03 7.545912e+03 7.478042e+03 7.507902e+03
3.5 7.444711e+03 7.473777e+03 7.495787e+03 7.466722e+03
4.5 7.441832e+03 7.472669e+03 7.498227e+03 7.467390e+03
5.5 7.552334e+03 7.531098e+03 7.494223e+03 7.515459e+03
6.5 7.513199e+03 7.527695e+03 7.490432e+03 7.475936e+03
7.5 7.496786e+03 7.478921e+03 7.487880e+03 7.505745e+03
8.5 7.530483e+03 7.470153e+03 7.486401e+03 7.546731e+03
9.5 7.421051e+03 7.476309e+03 7.485795e+03 7.430536e+03
10.5 7.498720e+03 7.491215e+03 7.485749e+03 7.493254e+03
11.5 7.427858e+03 7.464612e+03 7.485933e+03 7.449179e+03
12.5 7.478630e+03 7.487580e+03 7.486135e+03 7.477186e+03
13.5 7.532145e+03 7.500690e+03 7.486281e+03 7.517736e+03
14.5 7.562200e+03 7.496431e+03 7.486364e+03 7.552133e+03
15.5 7.455794e+03 7.470531e+03 7.486399e+03 7.471662e+03
16.5 7.450610e+03 7.455506e+03 7.486407e+03 7.481511e+03
17.5 7.456605e+03 7.448336e+03 7.486409e+03 7.494678e+03
0.9 7.568395e+03 7.495036e+03 7.472743e+03 7.546102e+03
1.9 7.572107e+03 7.469082e+03 7.471702e+03 7.574727e+03
2.9 7.514400e+03 7.468710e+03 7.483625e+03 7.529315e+03
3.9 7.443783e+03 7.462933e+03 7.491802e+03 7.472653e+03
4.9 7.534219e+03 7.523426e+03 7.491900e+03 7.502694e+03
5.9 7.488897e+03 7.526015e+03 7.489889e+03 7.452771e+03
6.9 7.494705e+03 7.464718e+03 7.488222e+03 7.518209e+03
7.9 7.475938e+03 7.438272e+03 7.487078e+03 7.524745e+03
8.9 7.461903e+03 7.457241e+03 7.486407e+03 7.491069e+03
9.9 7.494012e+03 7.486938e+03 7.486145e+03 7.493219e+03
10.9 7.425631e+03 7.488707e+03 7.486137e+03 7.423061e+03
11.9 7.476707e+03 7.496639e+03 7.486222e+03 7.466290e+03
12.9 7.434745e+03 7.519513e+03 7.486312e+03 7.401544e+03
13.9 7.570937e+03 7.526913e+03 7.486379e+03 7.530403e+03
14.9 7.394497e+03 7.500245e+03 7.486422e+03 7.380674e+03
15.9 7.457358e+03 7.469658e+03 7.486443e+03 7.474144e+03
16.9 7.414979e+03 7.418123e+03 7.486451e+03 7.483308e+03
17.9 7.434793e+03 7.457919e+03 7.486456e+03 7.463330e+03
0.4 7.414943e+03 7.482056e+03 7.481133e+03 7.414019e+03
1.4 7.507454e+03 7.493303e+03 7.469642e+03 7.483792e+03
2.4 7.579705e+03 7.504749e+03 7.475741e+03 7.550696e+03
3.4 7.421629e+03 7.470976e+03 7.489835e+03 7.440489e+03
4.4 7.475421e+03 7.517536e+03 7.503654e+03 7.461539e+03
5.4 7.437300e+03 7.491549e+03 7.507835e+03 7.453586e+03
6.4 7.445262e+03 7.468444e+03 7.489733e+03 7.466550e+03
7.4 7.485867e+03 7.465154e+03 7.469150e+03 7.489862e+03
8.4 7.427295e+03 7.499709e+03 7.460949e+03 7.388535e+03
9.4 7.470809e+03 7.520118e+03 7.471872e+03 7.422563e+03
10.4 7.477046e+03 7.458544e+03 7.491743e+03 7.510246e+03
11.4 7.430243e+03 7.482826e+03 7.507419e+03 7.454836e+03
12.4 7.596451e+03 7.522494e+03 7.512476e+03 7.586434e+03
13.4 7.460023e+03 7.509226e+03 7.494981e+03 7.445779e+03
14.4 7.402503e+03 7.427370e+03 7.473294e+03 7.448427e+03
15.4 7.495880e+03 7.488380e+03 7.468774e+03 7.476273e+03
16.4 7.492184e+03 7.508275e+03 7.468349e+03 7.452257e+03
17.4 7.674729e+03 7.598616e+03 7.474724e+03 7.550837e+03
0.7 7.445262e+03 7.468444e+03 7.489733e+03 7.466550e+03
1.7 7.485867e+03 7.465154e+03 7.469150e+03 7.489862e+03
2.7 7.427295e+03 7.499709e+03 7.460949e+03 7.388535e+03
3.7 7.470809e+03 7.520118e+03 7.471872e+03 7.422563e+03
4.7 7.477046e+03 7.458544e+03 7.491743e+03 7.510246e+03
5.7 7.430243e+03 7.482826e+03 7.507419e+03 7.454836e+03
6.7 7.596451e+03 7.522494e+03 7.512476e+03 7.586434e+03
7.7 7.460023e+03 7.509226e+03 7.494981e+03 7.445779e+03
8.7 7.402503e+03 7.427370e+03 7.473294e+03 7.448427e+03
9.7 7.495880e+03 7.488380e+03 7.468774e+03 7.476273e+03
10.7 7.492184e+03 7.508275e+03 7.468349e+03 7.452257e+03
11.7 7.674729e+03 7.598616e+03 7.474724e+03 7.550837e+03
12.7 7.549582e+03 7.504259e+03 7.491459e+03 7.536783e+03
13.7 7.492274e+03 7.496560e+03 7.498152e+03 7.493866e+03
14.7 7.479559e+03 7.483763e+03 7.495289e+03 7.491084e+03
15.7 7.415066e+03 7.462807e+03 7.491211e+03 7.443470e+03
16.7 7.422835e+03 7.437067e+03 7.488393e+03 7.474161e+03
17.7 7.335258e+03 7.436990e+03 7.488744e+03 7.387011e+03
0.2 7.485867e+03 7.465154e+03 7.469150e+03 7.489862e+03
1.2 7.427295e+03 7.499709e+03 7.460949e+03 7.388535e+03
2.2 7.470809e+03 7.520118e+03 7.471872e+03 7.422563e+03
3.2 7.477046e+03 7.458544e+03 7.491743e+03 7.510246e+03
4.2 7.430243e+03 7.482826e+03 7.507419e+03 7.454836e+03
5.2 7.596451e+03 7.522494e+03 7.512476e+03 7.586434e+03
6.2 7.460023e+03 7.509226e+03 7.494981e+03 7.445779e+03
7.2 7.402503e+03 7.427370e+03 7.473294e+03 7.448427e+03
8.2 7.495880e+03 7.488380e+03 7.468774e+03 7.476273e+03
9.2 7.492184e+03 7.508275e+03 7.468349e+03 7.452257e+03
10.2 7.674729e+03 7.598616e+03 7.474724e+03 7.550837e+03
11.2 7.549582e+03 7.504259e+03 7.491459e+03 7.536783e+03
12.2 7.492274e+03 7.496560e+03 7.498152e+03 7.493866e+03
13.2 7.479559e+03 7.483763e+03 7.495289e+03 7.491084e+03
14.2 7.415066e+03 7.462807e+03 7.491211e+03 7.443470e+03
15.2 7.422835e+03 7.437067e+03 7.488393e+03 7.474161e+03
16.2 7.335258e+03 7.436990e+03 7.488744e+03 7.387011e+03
17.2 7.437767e+03 7.446072e+03 7.497680e+03 7.489375e+03
0.3 7.460023e+03 7.509226e+03 7.494981e+03 7.445779e+03
1.3 7.402503e+03 7.427370e+03 7.473294e+03 7.448427e+03
2.3 7.495880e+03 7.488380e+03 7.468774e+03 7.476273e+03
3.3 7.492184e+03 7.508275e+03 7.468349e+03 7.452257e+03
4.3 7.674729e+03 7.598616e+03 7.474724e+03 7.550837e+03
5.3 7.549582e+03 7.504259e+03 7.491459e+03 7.536783e+03
6.3 7.492274e+03 7.496560e+03 7.498152e+03 7.493866e+03
7.3 7.479559e+03 7.483763e+03 7.495289e+03 7.491084e+03
8.3 7.415066e+03 7.462807e+03 7.491211e+03 7.443470e+03
9.3 7.422835e+03 7.437067e+03 7.488393e+03 7.474161e+03
10.3 7.335258e+03 7.436990e+03 7.488744e+03 7.387011e+03
11.3 7.437767e+03 7.446072e+03 7.497680e+03 7.489375e+03
12.3 7.418210e+03 7.466137e+03 7.499244e+03 7.451318e+03
13.3 7.539365e+03 7.465396e+03 7.483390e+03 7.557359e+03
14.3 7.594417e+03 7.473783e+03 7.466743e+03 7.587377e+03
15.3 7.631997e+03 7.502088e+03 7.462105e+03 7.592014e+03
16.3 7.482593e+03 7.507654e+03 7.476977e+03 7.451916e+03
17.3 7.520091e+03 7.510432e+03 7.494092e+03 7.503751e+03
0.1 7.495880e+03 7.488380e+03 7.468774e+03 7.476273e+03
1.1 7.492184e+03 7.508275e+03 7.468349e+03 7.452257e+03
2.1 7.674729e+03 7.598616e+03 7.474724e+03 7.550837e+03
3.1 7.549582e+03 7.504259e+03 7.491459e+03 7.536783e+03
4.1 7.492274e+03 7.496560e+03 7.498152e+03 7.493866e+03
5.1 7.479559e+03 7.483763e+03 7.495289e+03 7.491084e+03
6.1 7.415066e+03 7.462807e+03 7.491211e+03 7.443470e+03
7.1 7.422835e+03 7.437067e+03 7.488393e+03 7.474161e+03
8.1 7.335258e+03 7.436990e+03 7.488744e+03 7.387011e+03
9.1 7.437767e+03 7.446072e+03 7.497680e+03 7.489375e+03
10.1 7.418210e+03 7.466137e+03 7.499244e+03 7.451318e+03
11.1 7.539365e+03 7.465396e+03 7.483390e+03 7.557359e+03
12.1 7.594417e+03 7.473783e+03 7.466743e+03 7.587377e+03
13.1 7.631997e+03 7.502088e+03 7.462105e+03 7.592014e+03
14.1 7.482593e+03 7.507654e+03 7.476977e+03 7.451916e+03
15.1 7.520091e+03 7.510432e+03 7.494092e+03 7.503751e+03
16.1 7.521431e+03 7.486500e+03 7.496979e+03 7.531910e+03
17.1 7.539998e+03 7.484116e+03 7.493554e+03 7.549435e+03
0.9 7.539365e+03 7.465396e+03 7.483390e+03 7.557359e+03
1.9 7.594417e+03 7.473783e+03 7.466743e+03 7.587377e+03
2.9 7.631997e+03 7.502088e+03 7.462105e+03 7.592014e+03
3.9 7.482593e+03 7.507654e+03 7.476977e+03 7.451916e+03
4.9 7.520091e+03 7.510432e+03 7.494092e+03 7.503751e+03
5.9 7.521431e+03 7.486500e+03 7.496979e+03 7.531910e+03
6.9 7.539998e+03 7.484116e+03 7.493554e+03 7.549435e+03
7.9 7.402200e+03 7.495334e+03 7.490181e+03 7.397046e+03
8.9 7.516941e+03 7.484605e+03 7.487882e+03 7.520218e+03
9.9 7.374678e+03 7.478716e+03 7.486517e+03 7.382479e+03
10.9 7.370807e+03 7.457247e+03 7.485929e+03 7.399488e+03
11.9 7.453426e+03 7.449637e+03 7.485854e+03 7.489644e+03
12.9 7.465283e+03 7.471399e+03 7.486000e+03 7.479884e+03
13.9 7.532917e+03 7.512295e+03 7.486173e+03 7.506795e+03
14.9 7.533300e+03 7.542303e+03 7.486300e+03 7.477297e+03
15.9 7.408375e+03 7.467288e+03 7.486377e+03 7.427464e+03
16.9 7.465146e+03 7.479637e+03 7.486423e+03 7.471932e+03
17.9 7.535723e+03 7.501850e+03 7.486454e+03 7.520328e+03
0.5 7.594417e+03 7.473783e+03 7.466743e+03 7.587377e+03
1.5 7.631997e+03 7.502088e+03 7.462105e+03 7.592014e+03
2.5 7.482593e+03 7.507654e+03 7.476977e+03 7.451916e+03
3.5 7.520091e+03 7.510432e+03 7.494092e+03 7.503751e+03
4.5 7.521431e+03 7.486500e+03 7.496979e+03 7.531910e+03
5.5 7.539998e+03 7.484116e+03 7.493554e+03 7.549435e+03
6.5 7.402200e+03 7.495334e+03 7.490181e+03 7.397046e+03
7.5 7.516941e+03 7.484605e+03 7.487882e+03 7.520218e+03
8.5 7.374678e+03 7.478716e+03 7.486517e+03 7.382479e+03
9.5 7.370807e+03 7.457247e+03 7.485929e+03 7.399488e+03
10.5 7.453426e+03 7.449637e+03 7.485854e+03 7.489644e+03
11.5 7.465283e+03 7.471399e+03 7.486000e+03 7.479884e+03
12.5 7.532917e+03 7.512295e+03 7.486173e+03 7.506795e+03
13.5 7.533300e+03 7.542303e+03 7.486300e+03 7.477297e+03
14.5 7.408375e+03 7.467288e+03 7.486377e+03 7.427464e+03
15.5 7.465146e+03 7.479637e+03 7.486423e+03 7.471932e+03
16.5 7.535723e+03 7.501850e+03 7.486454e+03 7.520328e+03
17.5 7.505871e+03 7.493551e+03 7.486473e+03 7.498793e+03
0.6 7.398352e+03 7.459475e+03 7.482856e+03 7.421733e+03
1.6 7.524974e+03 7.508080e+03 7.464728e+03 7.481622e+03
2.6 7.575192e+03 7.526859e+03 7.460890e+03 7.509223e+03
3.6 7.517056e+03 7.512208e+03 7.479027e+03 7.483875e+03
4.6 7.515036e+03 7.517496e+03 7.499189e+03 7.496729e+03
5.6 7.495314e+03 7.535895e+03 7.506465e+03 7.465884e+03
6.6 7.550020e+03 7.512722e+03 7.498018e+03 7.535316e+03
7.6 7.499918e+03 7.508803e+03 7.482669e+03 7.473785e+03
8.6 7.540241e+03 7.476257e+03 7.472606e+03 7.536590e+03
9.6 7.530124e+03 7.496105e+03 7.476403e+03 7.510422e+03
10.6 7.461673e+03 7.483974e+03 7.488074e+03 7.465773e+03
11.6 7.585261e+03 7.496048e+03 7.492125e+03 7.581338e+03
12.6 7.488434e+03 7.463027e+03 7.491103e+03 7.516510e+03
13.6 7.550140e+03 7.485532e+03 7.494985e+03 7.559593e+03
14.6 7.458951e+03 7.507761e+03 7.497281e+03 7.448471e+03
15.6 7.440707e+03 7.506330e+03 7.485641e+03 7.420017e+03
16.6 7.499263e+03 7.529151e+03 7.470986e+03 7.441098e+03
17.6 7.438056e+03 7.506913e+03 7.473353e+03 7.404496e+03
0.6 7.524974e+03 7.508080e+03 7.464728e+03 7.481622e+03
1.6 7.575192e+03 7.526859e+03 7.460890e+03 7.509223e+03
2.6 7.517056e+03 7.512208e+03 7.479027e+03 7.483875e+03
3.6 7.515036e+03 7.517496e+03 7.499189e+03 7.496729e+03
4.6 7.495314e+03 7.535895e+03 7.506465e+03 7.465884e+03
5.6 7.550020e+03 7.512722e+03 7.498018e+03 7.535316e+03
6.6 7.499918e+03 7.508803e+03 7.482669e+03 7.473785e+03
7.6 7.540241e+03 7.476257e+03 7.472606e+03 7.536590e+03
8.6 7.530124e+03 7.496105e+03 7.476403e+03 7.510422e+03
9.6 7.461673e+03 7.483974e+03 7.488074e+03 7.465773e+03
10.6 7.585261e+03 7.496048e+03 7.492125e+03 7.581338e+03
11.6 7.488434e+03 7.463027e+03 7.491103e+03 7.516510e+03
12.6 7.550140e+03 7.485532e+03 7.494985e+03 7.559593e+03
13.6 7.458951e+03 7.507761e+03 7.497281e+03 7.448471e+03
14.6 7.440707e+03 7.506330e+03 7.485641e+03 7.420017e+03
15.6 7.499263e+03 7.529151e+03 7.470986e+03 7.441098e+03
16.6 7.438056e+03 7.506913e+03 7.473353e+03 7.404496e+03
17.6 7.482041e+03 7.479331e+03 7.486273e+03 7.488982e+03
0.3 7.499918e+03 7.508803e+03 7.482669e+03 7.473785e+03
1.3 7.540241e+03 7.476257e+03 7.472606e+03 7.536590e+03
2.3 7.530124e+03 7.496105e+03 7.476403e+03 7.510422e+03
3.3 7.461673e+03 7.483974e+03 7.488074e+03 7.465773e+03
4.3 7.585261e+03 7.496048e+03 7.492125e+03 7.581338e+03
5.3 7.488434e+03 7.463027e+03 7.491103e+03 7.516510e+03
6.3 7.550140e+03 7.485532e+03 7.494985e+03 7.559593e+03
7.3 7.458951e+03 7.507761e+03 7.497281e+03 7.448471e+03
8.3 7.440707e+03 7.506330e+03 7.485641e+03 7.420017e+03
9.3 7.499263e+03 7.529151e+03 7.470986e+03 7.441098e+03
10.3 7.438056e+03 7.506913e+03 7.473353e+03 7.404496e+03
11.3 7.482041e+03 7.479331e+03 7.486273e+03 7.488982e+03
12.3 7.446967e+03 7.479785e+03 7.491592e+03 7.458773e+03
13.3 7.388833e+03 7.480960e+03 7.490776e+03 7.398648e+03
14.3 7.446787e+03 7.474651e+03 7.489072e+03 7.461209e+03
15.3 7.501827e+03 7.458798e+03 7.487772e+03 7.530801e+03
16.3 7.415655e+03 7.483635e+03 7.486874e+03 7.418893e+03
17.3 7.556023e+03 7.480478e+03 7.486370e+03 7.561915e+03
0.2 7.440707e+03 7.506330e+03 7.485641e+03 7.420017e+03
1.2 7.499263e+03 7.529151e+03 7.470986e+03 7.441098e+03
2.2 7.438056e+03 7.506913e+03 7.473353e+03 7.404496e+03
3.2 7.482041e+03 7.479331e+03 7.486273e+03 7.488982e+03
4.2 7.446967e+03 7.479785e+03 7.491592e+03 7.458773e+03
5.2 7.388833e+03 7.480960e+03 7.490776e+03 7.398648e+03
6.2 7.446787e+03 7.474651e+03 7.489072e+03 7.461209e+03
7.2 7.501827e+03 7.458798e+03 7.487772e+03 7.530801e+03
8.2 7.415655e+03 7.483635e+03 7.486874e+03 7.418893e+03
9.2 7.556023e+03 7.480478e+03 7.486370e+03 7.561915e+03
10.2 7.454334e+03 7.478689e+03 7.486200e+03 7.461846e+03
11.2 7.465291e+03 7.439930e+03 7.486245e+03 7.511606e+03
12.2 7.436497e+03 7.458205e+03 7.489909e+03 7.468201e+03
13.2 7.544063e+03 7.492628e+03 7.495474e+03 7.546909e+03
14.2 7.407235e+03 7.470387e+03 7.489999e+03 7.426846e+03
15.2 7.529322e+03 7.487829e+03 7.474300e+03 7.515793e+03
16.2 7.521982e+03 7.523934e+03 7.470569e+03 7.468617e+03
17.2 7.465120e+03 7.461152e+03 7.482714e+03 7.486682e+03
0.9 7.529322e+03 7.487829e+03 7.474300e+03 7.515793e+03
1.9 7.521982e+03 7.523934e+03 7.470569e+03 7.468617e+03
2.9 7.465120e+03 7.461152e+03 7.482714e+03 7.486682e+03
3.9 7.606819e+03 7.484742e+03 7.491666e+03 7.613742e+03
4.9 7.559158e+03 7.549053e+03 7.491963e+03 7.502067e+03
5.9 7.465390e+03 7.503222e+03 7.489947e+03 7.452115e+03
6.9 7.458562e+03 7.453694e+03 7.488288e+03 7.493157e+03
7.9 7.464715e+03 7.463306e+03 7.487157e+03 7.488565e+03
8.9 7.467684e+03 7.479320e+03 7.486480e+03 7.474844e+03
9.9 7.619684e+03 7.532341e+03 7.486200e+03 7.573543e+03
10.9 7.556596e+03 7.552711e+03 7.486691e+03 7.490576e+03
11.9 7.674403e+03 7.535064e+03 7.493030e+03 7.632369e+03
12.9 7.491341e+03 7.517353e+03 7.495760e+03 7.469748e+03
13.9 7.505465e+03 7.478724e+03 7.485824e+03 7.512565e+03
14.9 7.344947e+03 7.459296e+03 7.472948e+03 7.358598e+03
15.9 7.404279e+03 7.461337e+03 7.471549e+03 7.414491e+03
16.9 7.357178e+03 7.440215e+03 7.483320e+03 7.400283e+03
17.9 7.349247e+03 7.440133e+03 7.491741e+03 7.400855e+03
0.9 7.344947e+03 7.459296e+03 7.472948e+03 7.358598e+03
1.9 7.404279e+03 7.461337e+03 7.471549e+03 7.414491e+03
2.9 7.357178e+03 7.440215e+03 7.483320e+03 7.400283e+03
3.9 7.349247e+03 7.440133e+03 7.491741e+03 7.400855e+03
4.9 7.402509e+03 7.482193e+03 7.491963e+03 7.412279e+03
5.9 7.400804e+03 7.489928e+03 7.489958e+03 7.400834e+03
6.9 7.459190e+03 7.462211e+03 7.488285e+03 7.485264e+03
7.9 7.501636e+03 7.441373e+03 7.487141e+03 7.547405e+03
8.9 7.424872e+03 7.466989e+03 7.487394e+03 7.445277e+03
9.9 7.471052e+03 7.468531e+03 7.493802e+03 7.496322e+03
10.9 7.409238e+03 7.509843e+03 7.494340e+03 7.393735e+03
11.9 7.583413e+03 7.521753e+03 7.478044e+03 7.539704e+03
12.9 7.433780e+03 7.516276e+03 7.470496e+03 7.388000e+03
13.9 7.532321e+03 7.520592e+03 7.481359e+03 7.493088e+03
14.9 7.526720e+03 7.521172e+03 7.490103e+03 7.495650e+03
15.9 7.469251e+03 7.488854e+03 7.490811e+03 7.471207e+03
16.9 7.473902e+03 7.462027e+03 7.489317e+03 7.501192e+03
17.9 7.398294e+03 7.444082e+03 7.488045e+03 7.442258e+03
0.9 7.583413e+03 7.521753e+03 7.478044e+03 7.539704e+03
1.9 7.433780e+03 7.516276e+03 7.470496e+03 7.388000e+03
2.9 7.532321e+03 7.520592e+03 7.481359e+03 7.493088e+03
3.9 7.526720e+03 7.521172e+03 7.490103e+03 7.495650e+03
4.9 7.469251e+03 7.488854e+03 7.490811e+03 7.471207e+03
5.9 7.473902e+03 7.462027e+03 7.489317e+03 7.501192e+03
6.9 7.398294e+03 7.444082e+03 7.488045e+03 7.442258e+03
7.9 7.489778e+03 7.467850e+03 7.487131e+03 7.509059e+03
8.9 7.589134e+03 7.481440e+03 7.486545e+03 7.594239e+03
9.9 7.540287e+03 7.452242e+03 7.486283e+03 7.574328e+03
10.9 7.507381e+03 7.437695e+03 7.486245e+03 7.555931e+03
11.9 7.376474e+03 7.455983e+03 7.486303e+03 7.406794e+03
12.9 7.464415e+03 7.511601e+03 7.486371e+03 7.439185e+03
13.9 7.638722e+03 7.494459e+03 7.486412e+03 7.630675e+03
14.9 7.569043e+03 7.530621e+03 7.486430e+03 7.524852e+03
15.9 7.441399e+03 7.527033e+03 7.486449e+03 7.400815e+03
16.9 7.400005e+03 7.499418e+03 7.489376e+03 7.389963e+03
17.9 7.514679e+03 7.500048e+03 7.495340e+03 7.509972e+03
0.9 7.543727e+03 7.491550e+03 7.475615e+03 7.527792e+03
1.9 7.417675e+03 7.508420e+03 7.470878e+03 7.380133e+03
2.9 7.656317e+03 7.518103e+03 7.482044e+03 7.620258e+03
3.9 7.445478e+03 7.499614e+03 7.490987e+03 7.436851e+03
4.9 7.510564e+03 7.486078e+03 7.491768e+03 7.516254e+03
5.9 7.503328e+03 7.469426e+03 7.497453e+03 7.531355e+03
6.9 7.505271e+03 7.468425e+03 7.505081e+03 7.541928e+03
7.9 7.485555e+03 7.449572e+03 7.494596e+03 7.530579e+03
8.9 7.502631e+03 7.450378e+03 7.472225e+03 7.524479e+03
9.9 7.464861e+03 7.470293e+03 7.457574e+03 7.452142e+03
10.9 7.574999e+03 7.554440e+03 7.466830e+03 7.487390e+03
11.9 7.540487e+03 7.513049e+03 7.489182e+03 7.516621e+03
12.9 7.418349e+03 7.483654e+03 7.498217e+03 7.432912e+03
13.9 7.450939e+03 7.470396e+03 7.495915e+03 7.476459e+03
14.9 7.640870e+03 7.497456e+03 7.491934e+03 7.635347e+03
15.9 7.520066e+03 7.479080e+03 7.488988e+03 7.529975e+03
16.9 7.445347e+03 7.447807e+03 7.487108e+03 7.484648e+03
17.9 7.478919e+03 7.475420e+03 7.486154e+03 7.489654e+03
0.2 7.485555e+03 7.449572e+03 7.494596e+03 7.530579e+03
1.2 7.502631e+03 7.450378e+03 7.472225e+03 7.524479e+03
2.2 7.464861e+03 7.470293e+03 7.457574e+03 7.452142e+03
3.2 7.574999e+03 7.554440e+03 7.466830e+03 7.487390e+03
4.2 7.540487e+03 7.513049e+03 7.489182e+03 7.516621e+03
5.2 7.418349e+03 7.483654e+03 7.498217e+03 7.432912e+03
6.2 7.450939e+03 7.470396e+03 7.495915e+03 7.476459e+03
7.2 7.640870e+03 7.497456e+03 7.491934e+03 7.635347e+03
8.2 7.520066e+03 7.479080e+03 7.488988e+03 7.529975e+03
9.2 7.445347e+03 7.447807e+03 7.487108e+03 7.484648e+03
10.2 7.478919e+03 7.475420e+03 7.486154e+03 7.489654e+03
11.2 7.423631e+03 7.472623e+03 7.485897e+03 7.436905e+03
12.2 7.509333e+03 7.511580e+03 7.486002e+03 7.483754e+03
13.2 7.445683e+03 7.444499e+03 7.487827e+03 7.489011e+03
14.2 7.520027e+03 7.480660e+03 7.500767e+03 7.540134e+03
15.2 7.479325e+03 7.484844e+03 7.508892e+03 7.503374e+03
16.2 7.423682e+03 7.427926e+03 7.493073e+03 7.488829e+03
17.2 7.414063e+03 7.446807e+03 7.471074e+03 7.438331e+03
0.1 7.502631e+03 7.450378e+03 7.472225e+03 7.524479e+03
1.1 7.464861e+03 7.470293e+03 7.457574e+03 7.452142e+03
2.1 7.574999e+03 7.554440e+03 7.466830e+03 7.487390e+03
3.1 7.540487e+03 7.513049e+03 7.489182e+03 7.516621e+03
4.1 7.418349e+03 7.483654e+03 7.498217e+03 7.432912e+03
5.1 7.450939e+03 7.470396e+03 7.495915e+03 7.476459e+03
6.1 7.640870e+03 7.497456e+03 7.491934e+03 7.635347e+03
7.1 7.520066e+03 7.479080e+03 7.488988e+03 7.529975e+03
8.1 7.445347e+03 7.447807e+03 7.487108e+03 7.484648e+03
9.1 7.478919e+03 7.475420e+03 7.486154e+03 7.489654e+03
10.1 7.423631e+03 7.472623e+03 7.485897e+03 7.436905e+03
11.1 7.509333e+03 7.511580e+03 7.486002e+03 7.483754e+03
12.1 7.445683e+03 7.444499e+03 7.487827e+03 7.489011e+03
13.1 7.520027e+03 7.480660e+03 7.500767e+03 7.540134e+03
14.1 7.479325e+03 7.484844e+03 7.508892e+03 7.503374e+03
15.1 7.423682e+03 7.427926e+03 7.493073e+03 7.488829e+03
16.1 7.414063e+03 7.446807e+03 7.471074e+03 7.438331e+03
17.1 7.476148e+03 7.465555e+03 7.459499e+03 7.470092e+03
0.3 7.414063e+03 7.446807e+03 7.471074e+03 7.438331e+03
1.3 7.476148e+03 7.465555e+03 7.459499e+03 7.470092e+03
2.3 7.404446e+03 7.531653e+03 7.457218e+03 7.330012e+03
3.3 7.569357e+03 7.572335e+03 7.465724e+03 7.462747e+03
4.3 7.479193e+03 7.538306e+03 7.488748e+03 7.429635e+03
5.3 7.470872e+03 7.472148e+03 7.505102e+03 7.503826e+03
6.3 7.435626e+03 7.462357e+03 7.504523e+03 7.477793e+03
7.3 7.576005e+03 7.489725e+03 7.507459e+03 7.593738e+03
8.3 7.565365e+03 7.480784e+03 7.506624e+03 7.591205e+03
9.3 7.385251e+03 7.471619e+03 7.486191e+03 7.399824e+03
10.3 7.484273e+03 7.493021e+03 7.462656e+03 7.453909e+03
11.3 7.438912e+03 7.518048e+03 7.458286e+03 7.379151e+03
12.3 7.578014e+03 7.512826e+03 7.477268e+03 7.542456e+03
13.3 7.424497e+03 7.523322e+03 7.499015e+03 7.400190e+03
14.3 7.502944e+03 7.510361e+03 7.507164e+03 7.499747e+03
15.3 7.590280e+03 7.499191e+03 7.498316e+03 7.589404e+03
16.3 7.438155e+03 7.495894e+03 7.482195e+03 7.424456e+03
17.3 7.488814e+03 7.499572e+03 7.472118e+03 7.461360e+03
0.7 7.404446e+03 7.531653e+03 7.457218e+03 7.330012e+03
1.7 7.569357e+03 7.572335e+03 7.465724e+03 7.462747e+03
2.7 7.479193e+03 7.538306e+03 7.488748e+03 7.429635e+03
3.7 7.470872e+03 7.472148e+03 7.505102e+03 7.503826e+03
4.7 7.435626e+03 7.462357e+03 7.504523e+03 7.477793e+03
5.7 7.576005e+03 7.489725e+03 7.507459e+03 7.593738e+03
6.7 7.565365e+03 7.480784e+03 7.506624e+03 7.591205e+03
7.7 7.385251e+03 7.471619e+03 7.486191e+03 7.399824e+03
8.7 7.484273e+03 7.493021e+03 7.462656e+03 7.453909e+03
9.7 7.438912e+03 7.518048e+03 7.458286e+03 7.379151e+03
10.7 7.578014e+03 7.512826e+03 7.477268e+03 7.542456e+03
11.7 7.424497e+03 7.523322e+03 7.499015e+03 7.400190e+03
12.7 7.502944e+03 7.510361e+03 7.507164e+03 7.499747e+03
13.7 7.590280e+03 7.499191e+03 7.498316e+03 7.589404e+03
14.7 7.438155e+03 7.495894e+03 7.482195e+03 7.424456e+03
15.7 7.488814e+03 7.499572e+03 7.472118e+03 7.461360e+03
16.7 7.473801e+03 7.479598e+03 7.476352e+03 7.470555e+03
17.7 7.464662e+03 7.476831e+03 7.488935e+03 7.476766e+03
0.7 7.385251e+03 7.471619e+03 7.486191e+03 7.399824e+03
1.7 7.484273e+03 7.493021e+03 7.462656e+03 7.453909e+03
2.7 7.438912e+03 7.518048e+03 7.458286e+03 7.379151e+03
3.7 7.578014e+03 7.512826e+03 7.477268e+03 7.542456e+03
4.7 7.424497e+03 7.523322e+03 7.499015e+03 7.400190e+03
5.7 7.502944e+03 7.510361e+03 7.507164e+03 7.499747e+03
6.7 7.590280e+03 7.499191e+03 7.498316e+03 7.589404e+03
7.7 7.438155e+03 7.495894e+03 7.482195e+03 7.424456e+03
8.7 7.488814e+03 7.499572e+03 7.472118e+03 7.461360e+03
9.7 7.473801e+03 7.479598e+03 7.476352e+03 7.470555e+03
10.7 7.464662e+03 7.476831e+03 7.488935e+03 7.476766e+03
11.7 7.576142e+03 7.504804e+03 7.501890e+03 7.573228e+03
12.7 7.510179e+03 7.506492e+03 7.504938e+03 7.508625e+03
13.7 7.528613e+03 7.458492e+03 7.492034e+03 7.562156e+03
14.7 7.428701e+03 7.472457e+03 7.476560e+03 7.432804e+03
15.7 7.508801e+03 7.478826e+03 7.464633e+03 7.494608e+03
16.7 7.493641e+03 7.513943e+03 7.464950e+03 7.444648e+03
17.7 7.435689e+03 7.498830e+03 7.481775e+03 7.418634e+03
0.6 7.484273e+03 7.493021e+03 7.462656e+03 7.453909e+03
1.6 7.438912e+03 7.518048e+03 7.458286e+03 7.379151e+03
2.6 7.578014e+03 7.512826e+03 7.477268e+03 7.542456e+03
3.6 7.424497e+03 7.523322e+03 7.499015e+03 7.400190e+03
4.6 7.502944e+03 7.510361e+03 7.507164e+03 7.499747e+03
5.6 7.590280e+03 7.499191e+03 7.498316e+03 7.589404e+03
6.6 7.438155e+03 7.495894e+03 7.482195e+03 7.424456e+03
7.6 7.488814e+03 7.499572e+03 7.472118e+03 7.461360e+03
8.6 7.473801e+03 7.479598e+03 7.476352e+03 7.470555e+03
9.6 7.464662e+03 7.476831e+03 7.488935e+03 7.476766e+03
10.6 7.576142e+03 7.504804e+03 7.501890e+03 7.573228e+03
11.6 7.510179e+03 7.506492e+03 7.504938e+03 7.508625e+03
12.6 7.528613e+03 7.458492e+03 7.492034e+03 7.562156e+03
13.6 7.428701e+03 7.472457e+03 7.476560e+03 7.432804e+03
14.6 7.508801e+03 7.478826e+03 7.464633e+03 7.494608e+03
15.6 7.493641e+03 7.513943e+03 7.464950e+03 7.444648e+03
16.6 7.435689e+03 7.498830e+03 7.481775e+03 7.418634e+03
17.6 7.433674e+03 7.433100e+03 7.496834e+03 7.497408e+03
0.3 7.438155e+03 7.495894e+03 7.482195e+03 7.424456e+03
1.3 7.488814e+03 7.499572e+03 7.472118e+03 7.461360e+03
2.3 7.473801e+03 7.479598e+03 7.476352e+03 7.470555e+03
3.3 7.464662e+03 7.476831e+03 7.488935e+03 7.476766e+03
4.3 7.576142e+03 7.504804e+03 7.501890e+03 7.573228e+03
5.3 7.510179e+03 7.506492e+03 7.504938e+03 7.508625e+03
6.3 7.528613e+03 7.458492e+03 7.492034e+03 7.562156e+03
7.3 7.428701e+03 7.472457e+03 7.476560e+03 7.432804e+03
8.3 7.508801e+03 7.478826e+03 7.464633e+03 7.494608e+03
9.3 7.493641e+03 7.513943e+03 7.464950e+03 7.444648e+03
10.3 7.435689e+03 7.498830e+03 7.481775e+03 7.418634e+03
11.3 7.433674e+03 7.433100e+03 7.496834e+03 7.497408e+03
12.3 7.407803e+03 7.481082e+03 7.503006e+03 7.429728e+03
13.3 7.455998e+03 7.522849e+03 7.502475e+03 7.435625e+03
14.3 7.467060e+03 7.522064e+03 7.490588e+03 7.435583e+03
15.3 7.601285e+03 7.472246e+03 7.474800e+03 7.603840e+03
16.3 7.449337e+03 7.465556e+03 7.470728e+03 7.454509e+03
17.3 7.466388e+03 7.452213e+03 7.481948e+03 7.496122e+03
1.0 7.428701e+03 7.472457e+03 7.476560e+03 7.432804e+03
2.0 7.508801e+03 7.478826e+03 7.464633e+03 7.494608e+03
3.0 7.493641e+03 7.513943e+03 7.464950e+03 7.444648e+03
4.0 7.435689e+03 7.498830e+03 7.481775e+03 7.418634e+03
5.0 7.433674e+03 7.433100e+03 7.496834e+03 7.497408e+03
6.0 7.407803e+03 7.481082e+03 7.503006e+03 7.429728e+03
7.0 7.455998e+03 7.522849e+03 7.502475e+03 7.435625e+03
8.0 7.467060e+03 7.522064e+03 7.490588e+03 7.435583e+03
9.0 7.601285e+03 7.472246e+03 7.474800e+03 7.603840e+03
10.0 7.449337e+03 7.465556e+03 7.470728e+03 7.454509e+03
11.0 7.466388e+03 7.452213e+03 7.481948e+03 7.496122e+03
12.0 7.466051e+03 7.434792e+03 7.491353e+03 7.522611e+03
13.0 7.531165e+03 7.468426e+03 7.493237e+03 7.555975e+03
14.0 7.518962e+03 7.481886e+03 7.500729e+03 7.537805e+03
15.0 7.482683e+03 7.480305e+03 7.503656e+03 7.506034e+03
16.0 7.416864e+03 7.469909e+03 7.488116e+03 7.435070e+03
17.0 7.366557e+03 7.468016e+03 7.470397e+03 7.368938e+03
18.0 7.606204e+03 7.499898e+03 7.461259e+03 7.567565e+03
0.6 7.508801e+03 7.478826e+03 7.464633e+03 7.494608e+03
1.6 7.493641e+03 7.513943e+03 7.464950e+03 7.444648e+03
2.6 7.435689e+03 7.498830e+03 7.481775e+03 7.418634e+03
3.6 7.433674e+03 7.433100e+03 7.496834e+03 7.497408e+03
4.6 7.407803e+03 7.481082e+03 7.503006e+03 7.429728e+03
5.6 7.455998e+03 7.522849e+03 7.502475e+03 7.435625e+03
6.6 7.467060e+03 7.522064e+03 7.490588e+03 7.435583e+03
7.6 7.601285e+03 7.472246e+03 7.474800e+03 7.603840e+03
8.6 7.449337e+03 7.465556e+03 7.470728e+03 7.454509e+03
9.6 7.466388e+03 7.452213e+03 7.481948e+03 7.496122e+03
10.6 7.466051e+03 7.434792e+03 7.491353e+03 7.522611e+03
11.6 7.531165e+03 7.468426e+03 7.493237e+03 7.555975e+03
12.6 7.518962e+03 7.481886e+03 7.500729e+03 7.537805e+03
13.6 7.482683e+03 7.480305e+03 7.503656e+03 7.506034e+03
14.6 7.416864e+03 7.469909e+03 7.488116e+03 7.435070e+03
15.6 7.366557e+03 7.468016e+03 7.470397e+03 7.368938e+03
16.6 7.606204e+03 7.499898e+03 7.461259e+03 7.567565e+03
17.6 7.536277e+03 7.529713e+03 7.469870e+03 7.476434e+03
0.8 7.601285e+03 7.472246e+03 7.474800e+03 7.603840e+03
1.8 7.449337e+03 7.465556e+03 7.470728e+03 7.454509e+03
2.8 7.466388e+03 7.452213e+03 7.481948e+03 7.496122e+03
3.8 7.466051e+03 7.434792e+03 7.491353e+03 7.522611e+03
4.8 7.531165e+03 7.468426e+03 7.493237e+03 7.555975e+03
5.8 7.518962e+03 7.481886e+03 7.500729e+03 7.537805e+03
6.8 7.482683e+03 7.480305e+03 7.503656e+03 7.506034e+03
7.8 7.416864e+03 7.469909e+03 7.488116e+03 7.435070e+03
8.8 7.366557e+03 7.468016e+03 7.470397e+03 7.368938e+03
9.8 7.606204e+03 7.499898e+03 7.461259e+03 7.567565e+03
10.8 7.536277e+03 7.529713e+03 7.469870e+03 7.476434e+03
11.8 7.501232e+03 7.491323e+03 7.489531e+03 7.499440e+03
12.8 7.406159e+03 7.447558e+03 7.497945e+03 7.456545e+03
13.8 7.398163e+03 7.488220e+03 7.499958e+03 7.409901e+03
14.8 7.629366e+03 7.540702e+03 7.500934e+03 7.589597e+03
15.8 7.435649e+03 7.486693e+03 7.490688e+03 7.439645e+03
16.8 7.521408e+03 7.504266e+03 7.473712e+03 7.490855e+03
17.8 7.473667e+03 7.494690e+03 7.472068e+03 7.451046e+03
0.5 7.416864e+03 7.469909e+03 7.488116e+03 7.435070e+03
1.5 7.366557e+03 7.468016e+03 7.470397e+03 7.368938e+03
2.5 7.606204e+03 7.499898e+03 7.461259e+03 7.567565e+03
3.5 7.536277e+03 7.529713e+03 7.469870e+03 7.476434e+03
4.5 7.501232e+03 7.491323e+03 7.489531e+03 7.499440e+03
5.5 7.406159e+03 7.447558e+03 7.497945e+03 7.456545e+03
6.5 7.398163e+03 7.488220e+03 7.499958e+03 7.409901e+03
7.5 7.629366e+03 7.540702e+03 7.500934e+03 7.589597e+03
8.5 7.435649e+03 7.486693e+03 7.490688e+03 7.439645e+03
9.5 7.521408e+03 7.504266e+03 7.473712e+03 7.490855e+03
10.5 7.473667e+03 7.494690e+03 7.472068e+03 7.451046e+03
0.1 7.366557e+03 7.468016e+03 7.470397e+03 7.368938e+03
1.1 7.606204e+03 7.499898e+03 7.461259e+03 7.567565e+03
2.1 7.536277e+03 7.529713e+03 7.469870e+03 7.476434e+03
3.1 7.501232e+03 7.491323e+03 7.489531e+03 7.499440e+03
4.1 7.406159e+03 7.447558e+03 7.497945e+03 7.456545e+03
5.1 7.398163e+03 7.488220e+03 7.499958e+03 7.409901e+03
6.1 7.629366e+03 7.540702e+03 7.500934e+03 7.589597e+03
7.1 7.435649e+03 7.486693e+03 7.490688e+03 7.439645e+03
8.1 7.521408e+03 7.504266e+03 7.473712e+03 7.490855e+03
9.1 7.473667e+03 7.494690e+03 7.472068e+03 7.451046e+03
0.1 7.435649e+03 7.486693e+03 7.490688e+03 7.439645e+03
1.1 7.521408e+03 7.504266e+03 7.473712e+03 7.490855e+03
2.1 7.473667e+03 7.494690e+03 7.472068e+03 7.451046e+03
