   1.4280026e-14   0.0000000e+00   0.0000000e+00   0.0000000e+00   0.0000000e+00   0.0000000e+00
  -5.2383298e-03   8.3801151e-02   3.7410233e-02  -9.0899173e-04   7.7954724e-05   2.8630479e-05
  -5.6285766e-03   8.4397266e-02   3.7325152e-02  -9.8615332e-04   3.2044335e-04   3.5051565e-04
   4.1774159e-04   4.9993699e-02   7.4943252e-02  -9.1885815e-04   3.0527904e-04   6.1044310e-04
   3.0310911e-03   1.3179187e-01   5.2980694e-02  -1.3858071e-03   4.5392915e-04   3.9412489e-04
   1.0311309e-02   4.1656583e-02   4.9978008e-02  -1.4828389e-03   3.3499618e-04   8.5961718e-04
   2.1404422e-02   1.0253038e-01   1.1239473e-01  -1.4767084e-03   2.5332412e-04   9.7561304e-04
   2.3537421e-02   8.4544492e-02   6.9788422e-02  -8.3079199e-04   2.0331243e-04   7.0681043e-04
   1.4560119e-02   4.8586045e-02   1.1283182e-01  -1.8056430e-03   4.7184532e-05   9.0128254e-04
   1.6915082e-02   6.4926801e-02   1.4166710e-01  -1.6813102e-03   2.6151548e-04   7.8528741e-04
   2.5420849e-02   1.2112018e-01   1.4025480e-01  -2.0105355e-03   4.9858700e-04   8.2392271e-04
   1.4369679e-02   4.0546719e-02   1.4226670e-01  -1.9211389e-03   2.9011746e-04   8.2989660e-04
   1.7028859e-02   9.8869406e-02   1.3146685e-01  -2.1998877e-03   3.4875977e-04   4.7032608e-04
   3.2199078e-02   9.9850685e-02   4.9142264e-02  -1.2219303e-03   2.5418118e-04   6.7212003e-04
   2.0475371e-02   3.4634135e-02   1.0300122e-01  -1.6497818e-03   2.3596628e-04   4.7298185e-04
   4.8673474e-02   1.2684099e-01   8.6600944e-02  -1.8002199e-03   3.0186523e-04   3.7844467e-04
   2.7484578e-02   8.2402729e-02   5.8946753e-02  -2.2872340e-03   1.3775711e-05   1.3137281e-04
   2.2576618e-02   9.6939861e-02   1.0824532e-01  -2.1819826e-03   2.1461503e-04   2.6978287e-04
   6.0959785e-02   1.2490498e-01   2.1940342e-02  -1.5170746e-03   6.7080643e-04   8.6740469e-04
   3.0223835e-02   4.8774394e-02   5.8203315e-02  -2.3815362e-03   5.1881473e-04   5.0769333e-04
   4.4917764e-02   1.4849432e-01   9.4634828e-02  -2.6597346e-03   6.3186719e-04   7.2534440e-04
   3.6347744e-02   7.9400772e-02   6.3507874e-02  -2.3166847e-03   7.1792999e-04   5.0656326e-04
   5.4682798e-02   1.1132076e-01   1.3493687e-01  -3.6181435e-03   7.5923261e-04   4.8706464e-04
   1.2663906e-01   1.3308487e-01   7.3326605e-02  -2.8650183e-03   9.4134154e-04   1.0956285e-03
   5.1886948e-02   7.5754326e-02   7.5528077e-02  -3.3936990e-03   4.6616442e-04  -1.4880426e-04
   6.2097444e-02   1.3477023e-01   6.1584530e-02  -3.8589958e-03   5.6805774e-04   1.1260761e-04
   4.7348834e-02   1.0346113e-01   1.2232691e-01  -4.0105417e-03   5.1499680e-04   2.4920482e-04
   7.0479207e-02   1.2217111e-01   1.2618358e-01  -3.3246820e-03   8.5863478e-04   4.6678029e-04
   4.9519103e-02   4.5670637e-02   1.2089724e-01  -3.2578306e-03   5.5297108e-04   5.0352830e-04
   5.9507249e-02   1.4600841e-01   1.5758029e-01  -3.4759014e-03   6.1917670e-04   4.2681410e-04
   4.8915401e-02   9.2695974e-02   1.0163855e-01  -3.1507825e-03   5.7485748e-04   2.7044021e-04
   3.2894038e-02   8.2018430e-02   1.8822080e-01  -4.9034365e-03   4.7854726e-04  -1.1359438e-04
   5.9648142e-02   1.2911490e-01   1.4436807e-01  -4.3877193e-03   6.7533875e-04   2.4695760e-04
   4.7710191e-02   1.0320711e-01   1.6284725e-01  -4.0975669e-03   8.2377977e-04   4.1346334e-04
   4.6105171e-02   9.6586325e-02   2.1068422e-01  -4.3909483e-03   6.4952381e-04   3.0706075e-04
   7.9688295e-02   1.4155131e-01   1.8066710e-01  -4.7607507e-03   1.0235984e-03   6.1895310e-04
   5.1689598e-02   7.5813868e-02   1.7820040e-01  -4.3376373e-03   8.7226046e-04   3.5621340e-04
   6.6655183e-02   1.5589894e-01   1.9504898e-01  -5.4259252e-03   9.2667179e-04   4.9249470e-04
   6.7880551e-02   1.3428675e-01   1.4044544e-01  -4.6140561e-03   7.5057400e-04   6.1764888e-04
   5.0399853e-02   1.0018576e-01   1.7421004e-01  -4.7782030e-03   5.5203207e-04   6.3158637e-04
   8.8058721e-02   1.8475684e-01   1.2902862e-01  -4.5535579e-03   6.9782539e-04   7.5470370e-04
   7.7780057e-02   9.7056576e-02   1.2014041e-01  -4.3683094e-03   5.0720898e-04   8.2844538e-04
   6.8685998e-02   1.4437298e-01   1.6359639e-01  -4.9519624e-03   5.1631850e-04   8.4956182e-04
   7.4657348e-02   1.4376349e-01   1.3945232e-01  -4.2922372e-03   7.3048116e-04   9.9444213e-04
   7.1095807e-02   9.4640701e-02   1.7946104e-01  -3.9771949e-03   5.5089807e-04   8.6483729e-04
   1.0042633e-01   1.8136697e-01   1.9609055e-01  -4.7105576e-03   6.4018801e-04   9.3566988e-04
   8.2768426e-02   9.5768391e-02   1.3422100e-01  -4.3542008e-03   4.7022365e-04   7.8826008e-04
   7.9528402e-02   1.2103969e-01   1.6451323e-01  -4.6712411e-03   3.0731396e-04   4.8509098e-04
   8.1062406e-02   1.1075663e-01   1.0001478e-01  -3.6385453e-03   6.6299107e-04   6.7883335e-04
   8.4125784e-02   1.5799184e-01   1.3067458e-01  -4.9687084e-03   5.2415040e-04   6.1176360e-04
   9.5980352e-02   1.6932495e-01   1.0990066e-01  -4.2142339e-03   5.4848982e-04   8.2528902e-04
   6.7000921e-02   1.0901828e-01   1.1592749e-01  -3.5002055e-03   3.3412417e-04   5.9423869e-04
   1.0614299e-01   1.8895793e-01   1.1756709e-01  -4.3237756e-03   5.6418503e-04   1.0114330e-03
   7.2469007e-02   1.0663710e-01   8.6802995e-02  -4.3959445e-03   2.7605071e-04   4.8925052e-04
   8.5108992e-02   1.6284485e-01   8.0015205e-02  -4.2737759e-03   4.5453429e-04   5.6346625e-04
   8.7485505e-02   1.2061791e-01   7.2799251e-02  -4.2291842e-03   3.4633449e-04   7.0042307e-04
   8.5646800e-02   1.2691064e-01   1.0151667e-01  -4.5247464e-03   5.1609498e-04   5.7989830e-04
   9.2333859e-02   1.5557474e-01   8.9269862e-02  -4.5916184e-03  -3.1497458e-04   3.7277584e-04
   7.3386993e-02   9.0088286e-02   9.5651420e-02  -4.7577791e-03  -1.0940470e-04   4.3404170e-04
   7.4281917e-02   1.6327029e-01   1.1744485e-01  -4.5658259e-03  -2.6941924e-04   4.8334962e-04
   6.2790362e-02   1.3807358e-01  -1.9377224e-02  -4.4770592e-03  -5.1195857e-05   1.8448210e-04
   6.0105064e-02   3.0065486e-02  -8.4980675e-02  -6.8710063e-03   1.1598597e-03   3.1215515e-05
   1.0606371e-01   3.4675412e-02  -1.1988904e-01  -6.8684488e-03   2.1332665e-05   9.2478682e-04
   1.1169481e-01   5.6153803e-02  -1.8975193e-01  -6.4173242e-03   2.5725617e-04   1.1959487e-03
   1.4532164e-01   5.1405849e-02  -1.4695417e-01  -5.4401742e-03  -2.3561232e-04   1.6053409e-03
   1.2724563e-01   6.9777956e-02  -1.3397782e-01  -6.0935433e-03   1.8503832e-04   1.1667323e-03
   1.2835440e-01   5.1783171e-02  -1.3624655e-01  -4.9573028e-03  -4.6375093e-05   1.2397795e-03
   1.2137750e-01   2.0259379e-02  -1.2340655e-01  -4.9351779e-03   5.8823421e-05   1.3157141e-03
   1.2792630e-01   1.2858238e-01  -1.1330601e-01  -5.2856233e-03   4.4861306e-05   1.2788062e-03
   1.6659027e-01   3.8010622e-02  -1.4482405e-01  -4.1811170e-03   9.7443439e-05   1.8491464e-03
   1.4271078e-01   7.3504206e-02  -9.4765034e-02  -4.8311340e-03  -3.8444892e-04   1.5646782e-03
   1.4983863e-01   8.3851593e-02  -1.9119826e-01  -4.1263721e-03  -2.7868807e-04   1.4601306e-03
   1.5045548e-01   7.5291603e-02  -1.6399955e-01  -3.9962918e-03  -4.9930832e-04   1.5667736e-03
   1.2771906e-01   8.0329440e-02  -1.9572829e-01  -4.4094732e-03  -5.7460763e-04   1.0660760e-03
   1.1131238e-01   3.0668590e-02  -1.8002525e-01  -4.6578174e-03  -9.4360712e-04   8.4963569e-04
   1.2859376e-01   6.0206658e-02  -1.8493151e-01  -4.5897388e-03  -6.3740854e-04   8.7091909e-04
   1.2776388e-01   3.7010777e-02  -1.6851876e-01  -5.0487799e-03  -7.9328546e-04   9.8536644e-04
   1.2308083e-01   3.6450215e-02  -1.9591471e-01  -4.0074682e-03  -7.1826023e-04   8.9060650e-04
   1.0337632e-01   2.7829219e-02  -1.5050980e-01  -4.7053869e-03  -7.7591896e-04   9.1995477e-04
   1.1149114e-01   1.0198217e-01  -1.7169991e-01  -4.5193807e-03  -8.9372671e-04   8.0037116e-04
   6.9630422e-02   4.3881892e-03  -2.2523537e-01  -4.2055191e-03  -1.7423730e-03   4.2657080e-04
   9.2947087e-02   8.4263983e-02  -1.8829022e-01  -4.8155461e-03  -1.5639787e-03   5.7830052e-04
   8.2304632e-02   4.4787395e-02  -2.1606726e-01  -4.2401638e-03  -1.4585610e-03   3.8009338e-04
   7.9345146e-02   5.3056904e-02  -2.1868830e-01  -4.4871081e-03  -1.5511411e-03   1.1593162e-04
   7.6642416e-02   4.2663705e-02  -2.3794939e-01  -4.3123135e-03  -1.8983360e-03   1.3261011e-04
   8.8466215e-02   6.6591589e-02  -1.6993123e-01  -4.8756610e-03  -1.6729701e-03   1.2532681e-04
   1.0388780e-01   7.2476359e-02  -2.4635355e-01  -4.3776930e-03  -1.5803909e-03   2.9483684e-04
   5.1884308e-02   4.2519793e-02  -2.1178296e-01  -4.7198270e-03  -2.1359710e-03  -3.1911100e-04
   5.4095355e-02   1.0173726e-01  -2.4021628e-01  -4.4592183e-03  -2.0729007e-03  -2.9183774e-04
   5.0342776e-02   1.9001492e-02  -2.5548349e-01  -2.8435305e-03  -1.8466171e-03  -1.6663016e-04
   3.4564117e-02   5.5500308e-02  -1.7746918e-01  -3.9276680e-03  -1.9994548e-03  -3.0097683e-04
   3.6567376e-02   9.0597815e-02  -1.7344859e-01  -4.8917175e-03  -1.8729670e-03  -4.9997404e-04
   4.0517391e-02   1.4224887e-02  -2.3343329e-01  -4.0194364e-03  -2.2036506e-03  -4.6002210e-04
   2.2918145e-02   5.2628725e-02  -1.5386036e-01  -4.8180124e-03  -2.2715541e-03  -6.3325016e-04
   4.5536343e-03   1.1565595e-01  -5.3645250e-02  -5.6433927e-03  -2.5748376e-03  -1.2941182e-03
   2.9248734e-03   1.3956868e-02  -6.2167167e-02  -5.8524453e-03  -2.6281960e-03  -1.0701198e-03
   7.6645194e-03  -2.9159566e-02  -1.4611159e-01  -4.9607095e-03  -2.5208269e-03  -1.4049094e-03
  -4.9364311e-02  -1.2639410e-02  -1.3771823e-01  -6.3618503e-03  -2.2477342e-03  -2.7532858e-03
  -4.4838180e-02  -5.7844457e-02  -1.0522502e-01  -6.1468111e-03  -2.1396959e-03  -2.4245889e-03
  -7.5776807e-02  -2.4884024e-02  -9.0748844e-02  -6.7991308e-03  -2.1945244e-03  -2.7640698e-03
  -8.6741587e-02  -6.5184289e-02  -1.2280468e-01  -5.9362701e-03  -2.3174014e-03  -2.7860142e-03
  -9.0247078e-02  -4.6336384e-02  -1.0008053e-01  -6.3786587e-03  -2.2463354e-03  -2.7804734e-03
  -7.8995542e-02  -1.1498689e-02  -1.3648887e-01  -6.1431949e-03  -1.9848964e-03  -2.9802515e-03
  -8.7080537e-02  -2.8600830e-02  -1.4381186e-01  -6.2833007e-03  -1.9281974e-03  -2.8807586e-03
  -1.0490684e-01  -2.4478372e-02  -7.5322414e-02  -6.6560071e-03  -2.0160263e-03  -3.1164391e-03
  -1.0464851e-01  -4.7672856e-02  -7.0245772e-02  -6.9378126e-03  -2.1950566e-03  -2.8507740e-03
  -9.9438195e-02  -2.8621749e-02  -1.2623865e-02  -7.6850520e-03  -2.3061897e-03  -3.1064412e-03
  -1.0889254e-01  -7.1564368e-03  -1.2207149e-02  -7.9245858e-03  -2.0837664e-03  -3.1610137e-03
  -1.0347815e-01  -6.1973360e-02   1.7074527e-02  -7.6713968e-03  -1.9118974e-03  -2.9966323e-03
  -1.1052970e-01   6.0520536e-03   4.6794944e-02  -8.2935093e-03  -1.9392464e-03  -3.1176746e-03
  -1.0239837e-01  -1.7914964e-02  -1.3919570e-02  -7.5945437e-03  -1.6847604e-03  -3.1187013e-03
  -1.1388288e-01  -4.9163456e-02   2.1467101e-02  -7.6871169e-03  -1.8794773e-03  -3.0352152e-03
  -1.0537756e-01   3.1267459e-02   4.2677257e-02  -8.5848932e-03  -1.7175970e-03  -2.9721559e-03
  -1.0993681e-01  -3.7531650e-02  -1.2977588e-02  -7.9545980e-03  -1.8720207e-03  -2.8040389e-03
  -9.6955117e-02  -1.8230334e-02  -4.7501731e-03  -8.0075463e-03  -2.0531042e-03  -3.0492872e-03
  -1.1185425e-01   5.4342237e-02  -2.0641232e-02  -8.7036918e-03  -1.8518322e-03  -3.2123982e-03
  -1.3416775e-01  -4.9350701e-03  -5.4275498e-02  -8.0821111e-03  -1.8685265e-03  -3.0409259e-03
  -1.2775713e-01   4.5213690e-02  -5.1047454e-02  -8.2942532e-03  -2.1773588e-03  -3.3988525e-03
  -1.1095154e-01   3.6323680e-02  -5.1614907e-02  -9.2270706e-03  -1.8011520e-03  -3.3923994e-03
  -1.0859869e-01  -5.3586997e-02  -2.0644933e-02  -9.2664416e-03  -1.9200475e-03  -3.1831837e-03
  -1.0221211e-01   1.7332989e-02   3.7623908e-03  -9.2416694e-03  -2.1809521e-03  -3.1163598e-03
  -8.0748115e-02  -1.5378632e-02  -5.5410253e-02  -8.4234045e-03  -2.5640841e-03  -2.4391828e-03
  -1.0165295e-01  -5.3642486e-02  -9.3866258e-02  -7.5888585e-03  -2.6212085e-03  -2.8958225e-03
  -1.1596232e-01  -3.6939724e-03  -5.1153190e-02  -8.0365698e-03  -2.6258373e-03  -3.2441301e-03
  -9.9560843e-02  -2.3667966e-02  -6.5063532e-02  -7.8083791e-03  -2.4813085e-03  -2.6689636e-03
  -1.0956867e-01   7.5244252e-03  -2.3145060e-02  -8.0639232e-03  -2.5143141e-03  -2.7496108e-03
  -1.0391935e-01  -1.2301211e-02  -1.7815992e-02  -8.1078465e-03  -2.4991341e-03  -2.4800043e-03
  -1.1960359e-01  -2.5932498e-02  -8.0947579e-03  -8.3993496e-03  -2.5179071e-03  -2.5879664e-03
  -9.6062418e-02  -4.4076608e-03  -2.9248395e-02  -8.0671430e-03  -2.3009615e-03  -2.3671678e-03
  -8.9808592e-02  -5.1857952e-02  -5.5598241e-02  -8.0862866e-03  -2.4768247e-03  -1.9632016e-03
  -8.2713133e-02   2.1632833e-02  -3.8874933e-02  -9.4209552e-03  -2.3121041e-03  -2.1286148e-03
  -9.8467780e-02  -4.9641393e-02  -4.6196173e-02  -8.1217189e-03  -2.3552123e-03  -2.1964842e-03
  -8.2736572e-02   1.0661182e-02   1.0743878e-02  -9.0525810e-03  -2.1615491e-03  -2.1383511e-03
  -7.8387824e-02   2.7192695e-03  -2.4534543e-02  -8.7188959e-03  -2.0372260e-03  -1.9993635e-03
  -7.1652298e-02  -5.2194724e-02  -3.6152347e-02  -8.4683409e-03  -2.0669879e-03  -1.7100790e-03
  -6.6807413e-02  -1.5178436e-02  -2.0312699e-02  -8.3622234e-03  -2.1274856e-03  -1.9155925e-03
  -6.2126082e-02   5.2105446e-02  -7.1006039e-02  -8.3922035e-03  -2.0135085e-03  -2.2711487e-03
  -7.1534182e-02  -5.7383662e-02  -1.1871564e-01  -7.5847408e-03  -2.1400733e-03  -1.9891615e-03
  -9.2654000e-02  -2.1346463e-02   6.2380238e-03  -8.6689910e-03  -2.2911246e-03  -2.1438317e-03
  -9.0438786e-02  -2.6833823e-02  -4.8820196e-02  -8.2514685e-03  -1.8954592e-03  -2.0587277e-03
  -8.8284259e-02  -5.5558335e-02   4.0581015e-03  -8.0811634e-03  -2.0450430e-03  -2.2342604e-03
  -8.1105027e-02  -1.0688634e-02  -1.3310578e-02  -8.3473321e-03  -2.1162840e-03  -2.3394592e-03
  -9.5146155e-02  -7.4069948e-02  -2.7150840e-03  -7.9735667e-03  -2.2333034e-03  -2.3788431e-03
  -2.1746928e-02   3.4179210e-02   7.2043793e-03  -8.0721466e-03  -2.3319258e-03  -2.0825876e-03
  -2.6323948e-02  -3.1556447e-02  -8.5579940e-02  -7.5090950e-03  -2.1032012e-03  -1.8283991e-03
  -4.3602785e-02  -7.8490638e-02  -7.9774530e-02  -7.6934221e-03  -2.3751163e-03  -2.2168337e-03
  -5.0509699e-02  -1.6991520e-02  -6.6779799e-02  -8.0694985e-03  -2.3423415e-03  -2.1986524e-03
  -4.0934048e-02  -6.4996577e-03  -1.1650411e-01  -7.1928172e-03  -2.2526744e-03  -2.2060132e-03
  -5.8871531e-02  -6.3990340e-02  -9.4324287e-02  -7.8442731e-03  -2.6972479e-03  -2.1722519e-03
  -5.3408207e-02   7.7396722e-04  -8.6267741e-02  -8.1184340e-03  -2.5644432e-03  -2.4352657e-03
  -3.3655575e-02  -6.8698780e-02  -1.4937579e-01  -7.0289072e-03  -2.2333149e-03  -2.0301563e-03
  -2.8948223e-02  -3.8646679e-02  -5.9542822e-02  -8.0173446e-03  -2.3344131e-03  -2.1428095e-03
  -3.8962166e-02  -4.8900163e-02  -1.1081768e-01  -7.3631262e-03  -2.2867063e-03  -2.0136147e-03
  -4.4634451e-02  -4.2491416e-02  -6.5271350e-02  -7.3359824e-03  -2.3472464e-03  -2.2011105e-03
  -1.0502851e-02  -3.4894964e-02  -1.2031358e-01  -7.2831682e-03  -2.1287856e-03  -1.5061608e-03
  -3.2996251e-02  -1.4067929e-02  -6.7709609e-02  -8.1333302e-03  -2.3077270e-03  -1.9873832e-03
  -3.3724548e-02  -3.9558155e-02  -5.3364095e-02  -7.7992704e-03  -2.0611397e-03  -1.6612557e-03
  -4.8341606e-03  -3.8867016e-02  -3.3454534e-02  -8.0377210e-03  -2.2427177e-03  -1.4318630e-03
  -3.5827117e-02   2.9482385e-02  -6.1325938e-02  -8.0697807e-03  -2.2131630e-03  -2.1982594e-03
  -5.3047215e-02  -6.9651377e-02  -4.3403232e-02  -7.7799861e-03  -2.4595123e-03  -1.8602977e-03
  -4.2630337e-02   1.6454121e-02  -2.8675283e-02  -8.4232369e-03  -2.4401665e-03  -1.9786242e-03
  -5.3566721e-02  -2.2230829e-02  -6.6323341e-02  -8.2966350e-03  -2.6014260e-03  -1.7714286e-03
  -4.3341137e-02  -1.5223555e-02  -3.3988519e-02  -8.3641900e-03  -2.7719253e-03  -2.0637522e-03
  -1.9964981e-02  -4.2358230e-02  -8.0289260e-02  -8.0934000e-03  -2.4510381e-03  -1.5941442e-03
  -4.8671038e-02   1.5837799e-03  -5.0740680e-02  -8.6235337e-03  -2.8426144e-03  -1.9989459e-03
  -7.3134211e-02  -5.6701793e-03  -1.1811614e-01  -7.8998765e-03  -2.7325931e-03  -2.3341216e-03
  -9.1441731e-02  -4.6054212e-02  -1.1343872e-01  -8.3143569e-03  -2.9125145e-03  -2.0895919e-03
  -7.5493593e-02   1.8345832e-02  -6.0502016e-02  -8.6101406e-03  -2.9163625e-03  -2.3110302e-03
  -1.1936333e-01  -8.9652177e-03  -1.2213044e-01  -8.2296423e-03  -3.2074493e-03  -2.7116834e-03
  -1.4196213e-01  -3.9594583e-03  -7.3515413e-02  -8.4578223e-03  -3.5040485e-03  -2.9068378e-03
  -1.4252205e-01   6.6326321e-02  -4.6187745e-02  -8.8882845e-03  -3.3951312e-03  -3.1747424e-03
  -1.4752094e-01  -3.3549892e-02  -5.8696484e-02  -8.3593599e-03  -3.2456844e-03  -2.9910296e-03
  -1.6314884e-01  -3.7907232e-02  -2.4163834e-02  -8.2749225e-03  -3.4734750e-03  -2.9617502e-03
  -1.6565252e-01  -2.7630034e-02  -2.3618704e-02  -8.6696407e-03  -3.3699064e-03  -2.9906118e-03
  -1.6379626e-01   2.6860419e-02  -2.4120495e-02  -8.7132283e-03  -3.2484260e-03  -3.4314812e-03
  -1.7586538e-01  -1.7625471e-02  -6.0699634e-02  -8.8631976e-03  -3.4938376e-03  -3.4658484e-03
  -1.8907712e-01  -6.7485238e-02  -7.0402185e-02  -8.8225994e-03  -3.9792926e-03  -3.8441291e-03
  -2.1372820e-01   1.3265621e-02  -3.0068203e-02  -8.9673183e-03  -4.2089321e-03  -4.0222931e-03
  -1.9201297e-01  -2.1385334e-03  -6.5441158e-02  -8.5474140e-03  -3.9885914e-03  -3.7468152e-03
  -2.1057566e-01  -4.8276864e-02  -7.7552888e-02  -8.7398031e-03  -4.2797354e-03  -3.6931750e-03
  -2.3969143e-01   1.7234224e-02   3.0397803e-04  -9.5917749e-03  -4.3913536e-03  -4.4354847e-03
  -2.2784320e-01  -6.6358816e-02  -7.8526033e-02  -8.9063115e-03  -4.4123674e-03  -4.0498901e-03
  -2.3527027e-01  -3.3324655e-02  -1.0651361e-02  -9.7988048e-03  -4.2664954e-03  -4.1469519e-03
  -2.2488003e-01  -2.7168890e-02  -3.4290701e-02  -9.4204454e-03  -4.1348416e-03  -4.0127698e-03
  -2.0453410e-01  -6.7673946e-02  -2.9440579e-02  -9.1993549e-03  -4.1693974e-03  -3.6742442e-03
  -1.9081708e-01  -2.5145095e-03   2.8985066e-02  -1.0163836e-02  -4.1771564e-03  -3.4412818e-03
  -1.8157431e-01  -4.6917142e-02   4.0443891e-02  -1.0449146e-02  -3.9068532e-03  -3.3188841e-03
  -1.6551488e-01  -4.5945678e-02   6.3671202e-02  -1.0235071e-02  -3.9655468e-03  -3.2711360e-03
  -1.6352691e-01   8.5139844e-03   1.0860626e-02  -1.0255560e-02  -3.7429663e-03  -3.3049588e-03
  -1.5910258e-01  -4.7427672e-02   8.0291538e-03  -1.0501103e-02  -3.7511706e-03  -2.9763274e-03
  -1.5866623e-01  -1.0043883e-02   3.7847639e-02  -1.0816103e-02  -4.1769777e-03  -3.3393543e-03
  -1.6378928e-01  -6.5765458e-02   4.4572270e-02  -1.0605997e-02  -3.9781642e-03  -3.1949248e-03
  -1.8512822e-01  -1.7312952e-02   7.9847276e-02  -1.1276807e-02  -4.1670895e-03  -3.5993036e-03
  -1.7698580e-01  -4.5475529e-02   4.4990249e-02  -1.0932535e-02  -3.8256983e-03  -3.5350136e-03
  -1.7720613e-01  -8.2525122e-02   7.8836319e-02  -1.0750214e-02  -4.0541023e-03  -3.5007492e-03
  -1.7197282e-01   7.7144691e-03   1.0061327e-01  -1.1390335e-02  -3.9984091e-03  -3.5223297e-03
  -1.8649587e-01  -6.6987042e-02   6.8771636e-02  -1.1425213e-02  -4.0139093e-03  -3.4125431e-03
  -1.6910681e-01  -1.8059144e-03   1.0398812e-01  -1.2191764e-02  -4.1548699e-03  -3.5951034e-03
  -1.6143922e-01  -3.3869563e-02   7.5384273e-02  -1.1963468e-02  -3.9802987e-03  -3.4327936e-03
  -1.6015215e-01  -2.9592811e-02   8.5920868e-02  -1.2381394e-02  -3.9881555e-03  -3.4345401e-03
  -1.7447342e-01   2.1882516e-03   6.4153406e-03  -1.1410494e-02  -4.2981179e-03  -3.8089057e-03
  -1.8883994e-01  -4.5276201e-02   3.8273720e-02  -1.2038263e-02  -4.2922567e-03  -3.7841719e-03
  -2.0013878e-01   2.1142524e-02   9.1362659e-02  -1.3184259e-02  -4.2887223e-03  -4.0160371e-03
  -1.9742779e-01  -7.0416521e-02  -1.4321252e-02  -1.1579151e-02  -4.2669813e-03  -3.6036643e-03
  -1.8714162e-01  -4.1431194e-03   5.4628388e-02  -1.2152278e-02  -4.3352676e-03  -3.9077981e-03
  -1.8820426e-01  -1.8829691e-02   7.6589408e-03  -1.1924206e-02  -4.2670507e-03  -3.5778102e-03
  -1.8848352e-01  -1.6886555e-02   4.0123447e-02  -1.2592040e-02  -4.3329207e-03  -3.7541333e-03
  -1.5873401e-01  -2.1109522e-02   4.1691270e-02  -1.2042748e-02  -3.9211960e-03  -3.4865877e-03
  -1.4684193e-01  -5.4844352e-02   4.9308092e-02  -1.2147332e-02  -3.8790730e-03  -3.2907098e-03
  -1.4659600e-01   3.1265207e-02   1.7279330e-02  -1.2053466e-02  -3.8662862e-03  -3.8086374e-03
  -1.6202521e-01  -2.6401601e-02  -3.1932134e-02  -1.1880658e-02  -4.1460663e-03  -3.5813127e-03
  -1.6517558e-01   1.2733326e-02   3.8189762e-02  -1.2990213e-02  -4.0927664e-03  -3.8057345e-03
