   1.4210855e-14   0.0000000e+00   0.0000000e+00  -4.9090935e-91   1.0440487e-53   0.0000000e+00
  -1.4427013e-02  -2.8429753e-03  -1.0815404e-02  -2.1734163e-04   2.5558932e-04   5.1654307e-05
  -1.9635917e-02  -1.0928238e-02  -8.0997832e-03  -4.4426232e-04   3.1983743e-04  -6.5142954e-06
   7.8703804e-03  -8.2151303e-03   1.1452209e-02  -7.5992972e-04   4.7158185e-05   1.0668679e-04
  -1.4788997e-02  -1.2403943e-02  -4.5600332e-02   3.4832421e-04  -4.3137755e-04   2.4010277e-04
  -3.7868046e-02  -1.8221715e-02  -1.4140498e-01   3.0471954e-03   1.8671116e-04   1.9067536e-04
  -5.4738895e-02  -4.2463951e-02  -1.0152031e-01   1.8001057e-03   2.9397899e-04   3.6048923e-04
  -7.3461919e-03  -1.6373712e-02  -1.3787211e-01   1.2836098e-03   1.5820795e-04   6.6828525e-04
  -3.0978830e-03  -1.4955877e-03  -1.5984837e-01   1.6307853e-03   2.4072532e-04   6.7033046e-04
  -2.7428495e-02  -7.8576297e-02  -9.5071187e-02   2.1639156e-03   2.8259004e-04   3.9536902e-04
  -1.1607985e-02  -1.0247378e-02  -8.1009946e-02   1.2979127e-03   2.3975780e-04   2.7316627e-04
  -1.4024112e-02  -6.7174846e-03  -1.2988526e-01   1.5610722e-03   1.8973486e-04   5.5560190e-04
  -2.5761395e-02  -6.1607821e-02  -6.6205146e-02   1.5170865e-03   4.5253095e-04   4.5678888e-04
  -4.7923021e-03  -4.4987547e-03   1.0769559e-03   7.8641747e-04   9.0773787e-04   1.1231890e-03
  -2.4597661e-02  -9.3650664e-02  -1.2135433e-02   9.8961840e-04   8.1191919e-04   1.2823535e-03
  -2.1770314e-02  -9.0743375e-02  -1.1655450e-01   3.0751245e-03   1.0042816e-03   5.5500145e-04
  -2.9078325e-02  -1.0303467e-01  -1.5380784e-01   3.2917223e-03   1.0560719e-03   1.0913680e-03
   7.7400898e-03  -8.7023079e-02  -5.6918336e-02   2.0667766e-03   7.7927391e-04   7.7619042e-04
   8.6009787e-02  -1.1507938e-01  -1.0663759e-01   3.6445991e-03   1.5837313e-04   6.9853736e-04
   5.8682793e-02  -2.3328343e-02  -1.0165156e-01   1.8999584e-03   5.7731582e-04   1.0116620e-03
   2.6426559e-02  -5.3057713e-02  -6.2830795e-02   2.1982879e-03   6.4232849e-04   1.0461882e-03
   1.5804391e-02  -5.5297323e-02  -6.7997624e-02   2.1939231e-03   8.8672274e-04   1.0030064e-03
   1.0552332e-03  -5.6695828e-02   1.6251200e-03   2.4781688e-03   8.8565660e-04   1.0460827e-03
  -1.5455691e-02  -5.7282255e-02  -1.5744916e-03   1.3073841e-03   1.0355638e-03   8.3964955e-04
  -2.2226498e-02  -5.6990397e-02   1.3614747e-02   1.7958154e-03   7.9872706e-04   1.0068293e-03
  -1.3327336e-02  -3.3948756e-02  -4.7709093e-02   1.2023186e-03   5.4157730e-04   7.8951866e-04
  -8.7397790e-03  -3.9024465e-02  -6.8106273e-02   2.2069530e-03   6.6183047e-04   7.4667097e-04
  -3.3230595e-03  -1.2460253e-03   1.8943450e-02   8.9112312e-04   1.0067205e-03   1.0830250e-03
  -1.4912907e-02  -4.6266484e-02  -1.1042631e-02   9.5177095e-04   1.0053970e-03   9.7374967e-04
  -1.8889884e-02  -4.0973770e-02   2.1754555e-02   1.3455783e-03   1.0421245e-03   9.3462245e-04
  -3.0601113e-02  -3.6520922e-02  -2.5627687e-02   1.2413318e-03   9.5391190e-04   7.3488722e-04
  -1.7729519e-02  -8.7327530e-02   3.7509611e-02   1.2575043e-03   6.5503936e-04   9.9378312e-04
   3.5300095e-02  -6.3660728e-02   1.9078803e-01  -8.7102227e-04  -4.2332271e-04   7.7659699e-04
   4.7492142e-02  -4.3309679e-02   5.3268806e-02   1.1003074e-03   3.0833475e-04   1.0869988e-03
   3.8184824e-02  -6.2842208e-02   4.9459893e-02   7.5652511e-04   2.7071809e-04   1.0527505e-03
   2.5001647e-02  -4.4010428e-02   6.8236014e-02   8.2262420e-04   9.3733544e-04   1.0585819e-03
   6.4228615e-03  -4.2053718e-02   5.6997828e-02   1.4233541e-03   6.6634242e-04   7.7802983e-04
  -1.0763220e-02  -5.9839105e-02   5.8218299e-02   1.0295291e-03   5.8694197e-04   7.7915049e-04
  -3.6254514e-03  -3.4721256e-02   8.6986167e-02   1.1472599e-03   5.5031716e-04   7.6330634e-04
  -3.9645540e-02   3.1886755e-03   1.3063049e-01  -9.3638676e-04   8.7462351e-04   8.8679084e-04
  -2.7252505e-02  -5.7396018e-02   7.5864560e-02   4.0581063e-04   9.1228001e-04   7.9150915e-04
  -3.4487005e-02  -7.3892747e-02   9.1484885e-02   1.0095301e-03   6.5435756e-04   7.1204294e-04
  -3.3291393e-02  -3.9439343e-02   4.0533976e-02   1.6719988e-03   7.4945414e-04   6.8647226e-04
  -3.6182909e-02  -4.3151880e-02   6.2838228e-02   8.5024322e-04   6.4919838e-04   7.4761999e-04
  -3.2411442e-02  -6.8264523e-02   6.9095167e-02   3.7012403e-04   5.0663125e-04   9.2855695e-04
  -3.3775665e-02  -4.5906918e-02   4.5483998e-02   1.7177165e-03   7.4438873e-04   8.1462409e-04
  -2.8641323e-02  -1.9196978e-02   6.3238263e-02   7.7503426e-04   8.0578129e-04   8.4596558e-04
  -3.3809593e-02  -1.6046303e-02   4.8510546e-02   6.1603044e-04   7.4961355e-04   7.4244417e-04
  -3.6148621e-02  -4.1068166e-02   6.7060815e-02   6.2489228e-04   7.1855906e-04   7.2845802e-04
  -3.7587948e-02  -4.8680203e-02   5.9734912e-02   7.0193789e-04   1.1448965e-03   5.8970391e-04
  -3.1613811e-02  -1.5423575e-02   7.1241108e-02   1.0377714e-03   1.2097281e-03   7.2081228e-04
  -4.9433435e-02  -3.6886096e-02   2.1260648e-02   1.3557756e-03   1.1464445e-03   6.6440460e-04
  -3.9962362e-02   3.5455501e-03   3.2204456e-02   9.3915088e-04   9.8719913e-04   5.3920305e-04
  -6.9137122e-02  -1.6847727e-02   4.7800997e-02   1.3359646e-03   1.0358296e-03   6.8730800e-04
  -4.7620919e-02  -3.8961828e-02   1.8513602e-02   1.6429836e-03   8.1141907e-04   6.7366514e-04
  -3.5480830e-02  -4.3354602e-02   2.1856726e-02   2.0369709e-03   7.9643085e-04   7.6391582e-04
  -2.0264170e-02  -2.6329710e-02   4.0621092e-02   1.0894215e-03   8.4279609e-04   9.2039763e-04
  -3.9913465e-03  -4.0487316e-02  -2.2072820e-03   1.2714073e-03   6.8610519e-04   8.2068149e-04
  -2.3065872e-02  -2.0767850e-02   3.6848637e-02   1.6310340e-03   1.1775829e-03   9.2013573e-04
  -2.5894122e-02  -2.2318872e-02   4.4727615e-02   1.1735220e-03   1.0203673e-03   8.6601349e-04
  -2.7628479e-02  -5.8843577e-02   2.5487172e-02   1.3048282e-03   9.3290838e-04   9.1670077e-04
  -3.0426002e-02  -4.1550857e-02   3.0300363e-02   1.3911751e-03   1.2157630e-03   8.2891384e-04
  -3.5748034e-02  -3.7441065e-02   1.1288279e-02   1.5684514e-03   7.8528688e-04   7.5458782e-04
  -5.0606196e-02  -4.5952099e-02   9.0222691e-03   2.0103466e-03   9.4274963e-04   5.5464873e-04
  -5.0349425e-02  -2.5383144e-02   4.6703670e-02   1.7117602e-03   1.3406598e-03   9.1747619e-04
  -9.2546160e-02  -3.0297254e-02   2.5144862e-02   4.2572833e-04   1.3996411e-03   6.3847787e-04
  -1.0253811e-01  -9.4155034e-02  -6.1849562e-02   2.3831173e-03   8.6043695e-04   7.2547920e-04
  -6.1547455e-02  -5.5259267e-03  -4.3913013e-02   2.4067659e-03   9.8897567e-04   8.6183868e-04
  -8.0946035e-02  -7.3362563e-02  -2.3470974e-02   1.8195549e-03   1.4287825e-03   5.9714929e-04
  -8.4512187e-02  -5.3700500e-02  -3.3952625e-02   2.9575044e-03   1.0750711e-03   3.8834117e-04
  -4.3948349e-02  -4.2157132e-02   5.6242419e-02   1.6663100e-03   1.8000163e-03   8.5597206e-04
  -4.8247337e-02  -1.1940260e-02   5.7176333e-02   6.6472890e-04   1.6664453e-03   7.8487149e-04
  -7.2357339e-02  -2.8602400e-02   2.8933106e-02   9.9845944e-04   1.5374742e-03   8.7251861e-04
  -6.0011651e-02  -4.8157399e-02   4.9209840e-02   1.1494493e-03   1.7860594e-03   8.0939864e-04
  -6.7828428e-02  -4.5863124e-02   5.9797386e-02   1.1599329e-03   1.6012618e-03   7.1849396e-04
  -6.0615904e-02  -4.4162594e-02   6.3440862e-02   6.0527504e-04   1.3568235e-03   8.1452641e-04
  -8.2374949e-02  -6.4233330e-02   7.2434094e-02  -1.6101214e-04   1.3438025e-03   7.1096170e-04
  -1.0952422e-01  -5.5737797e-02   1.3964446e-02   1.1561540e-03   1.0529106e-03   2.0991430e-04
  -9.6272693e-02  -7.4470540e-02   3.8654916e-02   7.6546485e-04   1.2368360e-03   5.4822374e-04
  -9.3570317e-02  -2.8061732e-02   5.9013666e-02   4.3211922e-04   1.3274950e-03   6.9284303e-04
  -1.0387888e-01  -6.0049176e-02   3.1283991e-02   4.2324764e-04   1.4153284e-03   5.5192890e-04
  -1.0386759e-01  -4.5996824e-02   1.9884538e-02   7.0381208e-04   1.7077221e-03   4.8600017e-04
  -1.1825683e-01  -8.6217798e-02   8.8484714e-03   1.1893403e-03   1.1934960e-03   3.1886456e-04
  -1.2702997e-01  -7.1102218e-02   3.2019656e-02   7.4351416e-04   1.2091555e-03   2.1843383e-05
  -1.2970138e-01  -5.1442357e-02   2.0543422e-02   7.4319009e-04   1.5337104e-03   2.8589015e-04
  -1.2055692e-01  -7.9514859e-02   1.7816543e-02   4.4914813e-04   1.2217391e-03   4.6655963e-04
  -1.1090866e-01  -8.1834233e-02  -1.0295691e-02   1.5667818e-03   1.0591045e-03   4.1946116e-04
  -9.7954399e-02  -2.8488840e-02  -1.8543309e-02   1.6413452e-03   1.0225405e-03   2.8438282e-04
  -1.0711345e-01  -2.3701450e-02  -7.2880787e-02   1.6244349e-03   1.3827681e-03   3.7412397e-04
  -9.8828359e-02  -7.0988401e-02  -1.4884068e-02   1.4832877e-03   1.0639483e-03   3.5401177e-04
  -8.9573849e-02  -5.8777045e-02   2.1655163e-03   1.5923146e-03   1.8367131e-03   7.2646493e-04
  -7.0232299e-02  -5.0224223e-02   3.0504451e-03   1.6243952e-03   1.2529159e-03   5.8002876e-04
  -9.4834638e-02  -6.2264248e-02  -2.7404110e-02   1.5161279e-03   1.1750971e-03   2.8870660e-04
  -9.1487826e-02  -3.8358010e-02   4.3629737e-03   1.8230127e-03   1.0690506e-03   3.0641790e-04
  -1.0522133e-01  -5.1917106e-02  -3.5688060e-02   2.1787404e-03   1.3967698e-03  -1.5470590e-05
  -6.9472563e-02  -6.6517160e-02  -3.9711006e-02   2.5734320e-03   8.1832647e-04   3.1102778e-04
  -8.8040639e-02  -5.1149534e-02  -2.7597480e-02   2.1923401e-03   1.2155694e-03   2.6745637e-04
  -8.2364171e-02  -4.0285781e-02  -5.3584333e-02   2.0870726e-03   1.3438947e-03   4.7631393e-04
  -8.6917950e-02  -4.4920201e-02  -6.0442144e-03   1.5406130e-03   1.2399806e-03   5.2013323e-04
  -8.4220245e-02  -3.2381001e-02  -5.9161359e-02   1.8640472e-03   1.1271565e-03   4.2260319e-04
  -7.7504185e-02   1.9433363e-02  -1.2578150e-01   1.6400086e-03   7.0103025e-04   2.2137434e-04
  -9.9409829e-02  -3.1667315e-02  -7.6275262e-02   2.0835674e-03   1.2167484e-03   2.6772465e-04
  -8.8755760e-02  -5.8832713e-02  -9.6096460e-02   2.2751296e-03   1.1230288e-03   3.0543735e-04
  -1.1916037e-01  -7.2852637e-02  -1.0183972e-01   2.9201621e-03   1.1158587e-03   2.2286603e-04
  -9.2542507e-02  -3.9243603e-02  -1.6250976e-01   4.2757204e-03   9.4852370e-04   4.3145984e-04
  -8.0182579e-02  -3.4716759e-02  -7.9232578e-02   1.9576439e-03   1.0086508e-03   4.1898766e-04
  -1.0192295e-01  -5.8325645e-02  -5.9394344e-02   1.3582218e-03   1.2727395e-03   1.7123461e-04
  -9.9689486e-02  -2.6087771e-02  -2.3643233e-02   1.6552160e-03   1.4880473e-03   3.7970012e-04
  -7.8534559e-02   3.5905891e-03  -1.1455699e-01   1.8588873e-03   8.8344939e-04   6.0009814e-04
  -8.2536097e-02  -7.8135984e-02  -2.0146526e-01   4.7905193e-03   5.6720864e-04   5.9747374e-04
  -5.0364707e-02  -4.5251096e-02  -1.3243556e-01   3.8876186e-03   1.0061321e-03   8.0604497e-04
  -7.5381489e-02  -7.1166333e-02  -1.9236979e-01   4.5388663e-03   1.0700653e-03   5.1755656e-04
  -7.3003744e-02  -4.6566322e-02  -1.0610560e-01   3.8023229e-03   1.0783721e-03   5.0079719e-04
  -8.6150798e-02  -3.4767172e-02  -1.4104320e-01   3.5664109e-03   1.2439073e-03   6.8577910e-04
  -8.3126182e-02  -3.6533639e-02  -1.3167773e-01   3.6752934e-03   1.0754536e-03   8.3332295e-04
  -8.5194793e-02  -3.5090680e-02  -1.7812322e-01   4.3533896e-03   9.9815397e-04   7.8952981e-04
  -1.1163675e-01  -8.9126649e-02  -1.5485214e-01   4.6587280e-03   9.9219965e-04   5.9849129e-04
  -1.2883842e-01  -4.7468840e-02  -1.3189461e-01   4.5442941e-03   1.4000799e-03   6.7323506e-04
  -1.2322308e-01  -4.9769277e-02  -1.8557376e-01   4.8883297e-03   8.0126570e-04   4.6903821e-04
  -1.0097327e-01  -3.4433055e-02  -1.7820820e-01   4.5701581e-03   1.1644690e-03   7.0390723e-04
  -1.0273234e-01  -5.6633126e-02  -1.9797657e-01   4.4029996e-03   1.1905638e-03   5.7326971e-04
  -1.0462780e-01  -6.9234288e-02  -2.1511416e-01   4.8851807e-03   9.2836874e-04   4.2902413e-04
  -1.0238776e-01  -4.7523167e-02  -1.9262745e-01   5.0729096e-03   9.1621313e-04   3.1759695e-04
  -1.2254456e-01  -5.5155964e-02  -1.8992203e-01   4.8173479e-03   9.4100723e-04   7.4120250e-04
  -9.3603642e-02  -7.1909894e-02  -1.8219676e-01   5.0514166e-03   7.4977243e-04   8.2391445e-04
  -7.4160640e-02  -6.9627673e-02  -2.1461101e-01   6.2768051e-03   5.5624624e-04   7.9128973e-04
  -9.0510718e-02  -2.9796109e-02  -1.7169265e-01   4.5139838e-03   1.1942969e-03   7.3402151e-04
  -1.1023448e-01  -4.4591107e-02  -1.8632233e-01   4.7283177e-03   1.3955445e-03   8.8632777e-04
  -1.1110282e-01  -7.6988229e-02  -1.9602237e-01   6.0468678e-03   1.0312890e-03   6.6945706e-04
  -9.4215498e-02  -7.0898784e-02  -1.7496855e-01   5.2194913e-03   9.5025578e-04   7.0427199e-04
  -8.8348846e-02  -6.6822784e-02  -1.7649951e-01   5.2596729e-03   1.0787743e-03   8.5550968e-04
  -4.5854492e-02  -4.7842546e-02  -1.8303706e-01   5.1416259e-03   7.4343437e-04   9.4626978e-04
  -6.9389079e-02  -4.3419780e-02  -2.0503767e-01   5.1678862e-03   1.0411308e-03   8.8726022e-04
  -8.2307376e-02  -5.4450966e-02  -1.9249403e-01   5.1994145e-03   1.0230473e-03   8.8766244e-04
  -9.9250941e-02  -7.5201409e-02  -2.1248932e-01   5.4058410e-03   1.0273702e-03   7.7009006e-04
  -9.0626303e-02  -6.8901434e-02  -1.9085374e-01   5.7579028e-03   9.6567384e-04   6.9826981e-04
  -1.0824254e-01  -6.2656858e-02  -1.7805376e-01   5.1992851e-03   8.4160224e-04   6.8299964e-04
  -1.1720392e-01  -7.2751288e-02  -1.7831754e-01   5.1708333e-03   8.7946599e-04   6.7741431e-04
  -1.0835779e-01  -7.6043508e-02  -1.9673473e-01   5.7235922e-03   1.0527293e-03   7.6093849e-04
  -8.5971464e-02  -6.7630818e-02  -2.3242421e-01   6.0285650e-03   6.8029624e-04   8.2673498e-04
  -1.0274590e-01  -6.3187961e-02  -1.9589451e-01   5.2946533e-03   8.9978429e-04   6.2818907e-04
  -9.4053685e-02  -5.7091524e-02  -1.7753048e-01   5.7187968e-03   9.1036611e-04   6.4943339e-04
  -9.7961902e-02  -8.5552259e-02  -1.7334717e-01   5.4244047e-03   9.7872832e-04   4.1701270e-04
  -9.0976039e-02  -5.7956875e-02  -2.1977055e-01   5.7690998e-03   9.1928105e-04   7.0570628e-04
  -9.3872503e-02  -9.6050442e-02  -1.7643384e-01   5.9790313e-03   1.0397863e-03   3.9253221e-04
  -6.0098336e-02  -4.0102139e-02  -1.6707348e-01   5.7332183e-03   1.1498531e-03   7.6014269e-04
  -8.4570518e-02  -3.3794521e-02  -2.3445221e-01   6.5267693e-03   8.6612067e-04   1.1075147e-03
  -9.7840202e-02  -4.4986086e-02  -2.3793806e-01   6.3311691e-03   8.1044740e-04   8.9996183e-04
  -8.1319518e-02  -3.3322891e-02  -1.9472031e-01   4.9822142e-03   1.1281878e-03   1.0243295e-03
  -7.3494741e-02  -1.8682846e-02  -2.0961752e-01   5.0104695e-03   1.1913386e-03   9.9387159e-04
  -6.4148992e-02  -5.7005923e-02  -2.4789749e-01   6.5086645e-03   9.9171547e-04   1.1341435e-03
  -6.0081639e-02  -8.5225630e-02  -2.1570917e-01   6.0077951e-03   1.0361097e-03   1.2242260e-03
  -5.6427764e-02  -3.0324388e-02  -2.1701390e-01   6.1481403e-03   1.2764067e-03   1.0160955e-03
  -6.4265181e-02  -4.6099669e-02  -2.4010579e-01   6.1553515e-03   1.1393426e-03   9.8764097e-04
  -7.9555994e-02  -6.0137371e-02  -2.7289476e-01   7.4775138e-03   1.0517938e-03   9.9557068e-04
  -7.9011468e-02  -5.8039671e-02  -1.9244983e-01   4.9299308e-03   1.4248179e-03   7.1525033e-04
  -6.9809054e-02  -1.1729164e-01  -1.2345091e-01   2.8438075e-03   1.4146962e-03   7.1047577e-04
  -4.0412828e-02  -1.5243289e-02  -6.1657234e-02   2.5697941e-03   1.0372622e-03   7.8514338e-04
  -9.8207725e-02  -2.7457743e-02  -1.1973996e-01   4.0450753e-03   6.2132980e-04   3.3691884e-04
  -9.0928458e-02  -5.8040749e-02  -1.1798888e-01   3.8058141e-03   8.7133283e-04   4.4551029e-04
  -8.5737270e-02  -1.7270698e-02  -1.2006063e-01   4.5868887e-03   7.9918871e-04   5.9389296e-04
  -7.1977534e-02  -2.9746333e-02  -1.1173063e-01   4.2811892e-03   8.7745953e-04   5.2116083e-04
  -6.6043486e-02  -3.8056764e-02  -1.3102030e-01   3.9200203e-03   6.0661592e-04   6.3004445e-04
  -6.7778396e-02  -4.7297667e-02  -1.3341396e-01   4.2917252e-03   3.0685673e-04   8.4967053e-04
  -1.0571479e-01  -5.1413833e-02  -1.6189644e-01   4.4096639e-03   7.4083092e-04   5.2021094e-04
  -4.7297991e-02  -4.3171688e-02  -8.5752431e-02   3.5075341e-03   6.8043119e-04   7.9125365e-04
   1.4296397e-02  -1.9602813e-02  -1.2755585e-02   3.2017246e-03   8.6618022e-04   7.7388832e-04
  -7.7857990e-02   2.9586109e-02  -1.6966725e-01   3.2899069e-03   8.5781450e-04   1.0478220e-03
  -7.8393800e-02  -2.4429839e-03  -1.2349386e-01   3.4020202e-03   7.7682256e-04   4.6191325e-04
  -1.0221064e-01  -4.7342511e-02  -1.2953297e-01   4.0412115e-03   6.2561300e-04   2.5947147e-04
  -7.3696502e-02  -5.0194992e-03  -8.1647748e-02   3.5917352e-03   1.0199483e-03   4.1198225e-04
  -1.3266026e-01  -5.6153578e-02  -8.8784640e-02   4.1040202e-03   9.4012039e-04   5.2390224e-04
  -9.0490380e-02  -7.0432601e-02  -1.8844345e-01   4.8217991e-03   8.7591954e-04   4.1276076e-04
  -1.0481988e-01  -5.4926613e-02  -1.7878015e-01   5.4036500e-03   1.1727167e-03   6.8588528e-04
  -3.9308898e-02   2.0227267e-02  -1.2467973e-01   4.0672096e-03   3.6965476e-04   9.8191221e-04
  -5.2008267e-02  -4.0525733e-02  -1.7069970e-01   4.5856068e-03   5.8550628e-04   6.8817352e-04
  -9.0230918e-02  -6.6732189e-02  -1.5772054e-01   4.9395266e-03   6.6134901e-04   4.7263690e-04
  -8.0384907e-02  -3.3556784e-02  -1.3741286e-01   4.4071359e-03   6.1920640e-04   4.7492555e-04
  -8.2579589e-02  -7.8616960e-02  -1.6236979e-01   4.6820245e-03   6.1941714e-04   7.0325946e-04
  -8.1576386e-02  -4.1460826e-02  -1.2844249e-01   4.3407400e-03   6.9470549e-04   7.4348300e-04
  -8.4296636e-02  -7.6177241e-02  -1.1883293e-01   3.5560423e-03   8.0560529e-04   5.6571638e-04
  -7.3448249e-02  -3.3564363e-02  -1.3212301e-01   4.1509110e-03   6.9297660e-04   6.8202909e-04
  -8.4412354e-02  -2.2766086e-02  -1.6325796e-01   3.1652374e-03   1.3355696e-04   4.4396784e-04
  -1.0352232e-01  -4.2241804e-02  -1.0673779e-01   3.2827762e-03   3.2081999e-04   3.6434630e-04
  -8.4379406e-02  -6.6035733e-02  -1.6160631e-01   4.7231341e-03   7.2254774e-04   5.5545533e-04
  -8.6065678e-02  -2.0164438e-02  -1.3829692e-01   3.5354296e-03   6.6525798e-04   3.6773081e-04
  -9.8246022e-02  -4.2951852e-02  -1.7930553e-01   4.1445763e-03   5.8807221e-04   5.7424077e-04
  -9.3286730e-02  -3.6269090e-02  -1.0685984e-01   3.8513073e-03   7.0096448e-04   3.9634994e-04
  -8.2966831e-02  -3.1602123e-02  -1.4532051e-01   3.5390042e-03   5.4621151e-04   5.0900689e-04
  -8.8158882e-02  -3.4045669e-02  -1.2973242e-01   3.7221610e-03   5.7152337e-04   5.2408340e-04
  -1.0200603e-01  -6.1496176e-02  -1.4148016e-01   3.3827632e-03   8.4795308e-04   4.9389132e-04
  -8.2369016e-02  -7.5086909e-02  -3.2672271e-02   4.1484166e-03   6.4583566e-04   3.1703797e-04
   2.1124724e-02  -4.0701137e-02  -4.6939204e-02   4.1630573e-03   6.6122585e-04   8.1787901e-04
   2.8941499e-02  -1.0923223e-01  -1.2014203e-01   4.5222692e-03   1.3866763e-04   8.2560945e-04
  -1.0804679e-02  -5.0880107e-02  -1.1737056e-01   4.3598515e-03   2.7859761e-04   7.1613016e-04
  -4.6708412e-02  -8.6245878e-02  -1.4021742e-01   4.6960631e-03   1.6238845e-04   4.4468613e-04
  -7.6270154e-02  -6.4231891e-02  -1.0479061e-01   4.4790103e-03   4.3077571e-04   3.3403022e-04
  -5.2534448e-02  -5.4710660e-02  -4.8441984e-02   4.0736578e-03   2.5512295e-04   2.2523874e-04
  -5.2653135e-02  -3.5183256e-02  -1.0318323e-01   4.0274097e-03   4.3422731e-04   4.1347825e-04
  -6.1004008e-02  -6.6684712e-02  -1.4660042e-01   4.3260372e-03   5.8738252e-04   6.9393643e-04
  -5.3811233e-02  -3.9525952e-02  -1.7838824e-01   4.8122876e-03   7.6842985e-04   7.5393028e-04
  -5.0589778e-02  -4.2547209e-02  -1.8518693e-01   5.0890818e-03   6.0773804e-04   7.3487634e-04
  -5.5095422e-02  -6.2800383e-02  -1.6756972e-01   4.3933188e-03   3.7139596e-04   5.6247369e-04
  -6.5258137e-02  -5.3977161e-02  -1.3791200e-01   4.6372197e-03   4.2472049e-04   1.4090051e-03
  -6.9832341e-02  -4.7207973e-03  -9.9053565e-02   4.4570955e-03   1.2478768e-03   4.2172869e-03
  -4.8870988e-02   1.5597964e-02  -4.1215891e-02   2.6044739e-03   1.7233591e-03   3.0044581e-03
  -7.0370586e-02  -1.2853335e-02  -5.3477323e-02   2.7128933e-03   1.3381462e-03   2.9795225e-03
  -5.0067562e-02  -1.2114443e-02  -5.5060353e-02   3.3220808e-03   1.3985763e-03   2.8930039e-03
  -3.7441144e-02  -2.5129589e-02  -4.7034417e-02   3.1001124e-03   1.5347458e-03   2.8185922e-03
  -2.4423250e-02  -2.1677893e-03  -3.8025351e-02   3.3145689e-03   1.6828419e-03   2.7788515e-03
  -2.9446226e-02  -3.0298294e-02  -7.8955184e-02   3.8094913e-03   1.6019761e-03   2.6638424e-03
  -1.1518727e-02  -5.6754096e-02  -9.4103166e-02   5.1126057e-03   1.4469874e-03   2.6125151e-03
