   0.0000000e+00   0.0000000e+00   7.1054274e-15   0.0000000e+00   0.0000000e+00   0.0000000e+00
  -7.8367402e-03   6.8759959e-03  -7.7856074e-02   3.9539940e-04  -1.3404916e-04  -2.7417700e-04
   1.0692429e-02  -9.4404128e-03  -5.1567013e-02  -1.9809102e-04  -4.2167853e-04   1.0151961e-05
   9.8687265e-03   9.2372449e-03  -9.9192596e-02   9.0372787e-04  -8.0329419e-04  -4.7660723e-05
   1.2247492e-02   1.1150274e-02  -1.1779758e-01   9.1354055e-04  -7.5185307e-04   3.8581279e-05
   2.5418701e-02   1.9922818e-02  -3.8115262e-02   2.8556195e-04  -3.3380444e-04   1.1103789e-04
   1.2310259e-02  -2.2712102e-03  -7.1258811e-02   5.9947439e-04   6.8567852e-05  -1.7947970e-04
   1.2443053e-02   1.0910146e-02   1.5480775e-02   2.7872364e-04  -9.3380614e-05  -1.0077546e-04
   1.1743257e-02  -1.1288961e-02  -9.0229716e-02   4.5803845e-04   1.5368044e-05  -8.9968381e-05
   8.9501995e-03   5.8308320e-03   5.7444697e-02  -8.7314052e-04  -3.0291670e-04   1.6770802e-04
   1.8790525e-02  -7.3714897e-03  -7.6889194e-02  -1.9455027e-04   1.8736443e-04   4.6949997e-05
   2.5220571e-02  -1.1527820e-02   8.2886749e-02  -1.2462760e-03  -2.1334398e-04   2.4563062e-04
   3.1285063e-02  -5.2835666e-03  -4.3227002e-02  -4.5242585e-04   1.3311537e-04   1.5797578e-04
   3.2333972e-02  -2.5977839e-02   4.6268516e-02  -1.0592015e-03   1.0396803e-04   1.5716441e-04
   4.0583573e-02  -4.2785512e-03   6.0319035e-02  -6.3538030e-04   4.1420156e-04   1.2985996e-04
   4.2705107e-02  -3.8061467e-02   7.6382063e-03  -5.4661004e-04   4.9232047e-04   1.4379727e-04
  -4.3931300e-02  -3.1158433e-03   1.3021908e-01  -4.4225046e-04  -2.3672379e-04  -1.4162473e-03
  -4.4033555e-03  -1.0809664e-02  -7.8340187e-02  -7.5892590e-04  -4.2506986e-04  -1.1629368e-03
   2.9271617e-02   7.8550939e-02   3.6144025e-03   9.9926584e-04  -2.9172711e-04  -1.2616078e-04
  -1.9405564e-03   8.0760978e-02  -9.2592169e-02   9.1284727e-04   5.1941416e-04  -6.7956963e-04
   8.3275727e-03   5.5451840e-02   3.9227641e-02  -4.6556776e-04   5.0172716e-04  -2.8284774e-04
   1.8139879e-02   5.9677505e-02  -4.7179757e-02   8.0139003e-04   9.2310416e-04  -7.0880491e-04
   6.3565588e-02   4.0778987e-02   2.9624095e-02   1.9145076e-04   1.3054229e-03   2.5821868e-04
   8.3132738e-02   8.3216479e-02  -4.4525136e-02   2.8458835e-04   1.5077298e-03   3.1531873e-04
   5.2273979e-02   9.1560848e-02  -6.6766945e-02  -2.9375657e-04   1.3362256e-03  -6.0081560e-04
   5.7465143e-02   1.0395677e-01  -3.1541934e-02  -5.1766457e-04   1.1972360e-03  -3.7037471e-04
   8.7987576e-02   9.7116843e-02  -1.2603136e-01  -4.3718045e-04   1.3454070e-03  -3.5920157e-04
   1.0403493e-01   1.1949412e-01  -2.2529035e-02  -1.0089407e-03   1.6356782e-03  -1.2397108e-04
   1.1864834e-01   1.0110407e-01  -1.3147853e-01  -2.9388417e-04   1.9487043e-03   2.0441656e-05
   1.3464548e-01   1.1494222e-01  -2.6531530e-02  -5.1046886e-04   1.9092263e-03   1.8008917e-04
   1.1256703e-01   1.3746460e-01  -1.6154481e-01   9.5600973e-04   7.7953939e-04   1.9025118e-04
   1.0648195e-01   1.5029157e-01  -2.7093449e-02  -1.1705023e-04   3.9396770e-04   2.2116029e-04
   1.2769829e-01   1.0019592e-01  -1.0741499e-01   2.6654368e-04   1.2192806e-03   3.2743907e-04
   1.2726544e-01   1.1136995e-01  -4.6615984e-02  -1.4357928e-04   1.2205032e-03   1.3388927e-04
   1.4031908e-01   1.2386523e-01  -6.1277967e-02  -3.7354593e-05   8.4928242e-04   2.7285564e-04
   1.3555033e-01   9.0033983e-02  -1.0059356e-01  -1.7626482e-04   1.4362265e-03   2.9358394e-04
   1.2430984e-01   1.3063133e-01  -4.1996762e-02  -8.4769787e-04   9.7131753e-04   3.2585343e-05
   1.3316607e-01   1.2467155e-01  -1.2568970e-01   8.5114138e-05   1.0166197e-03   4.0020573e-04
   1.3769776e-01   1.3069405e-01  -5.0717744e-02  -2.7737223e-04   1.3242489e-03   7.9195237e-05
   1.3287354e-01   1.4551029e-01  -1.0211978e-01  -8.4767276e-05   1.4622379e-03   3.1900894e-05
   1.3385101e-01   1.2021691e-01  -8.0447368e-02  -3.0902417e-04   1.7922107e-03   1.5848960e-05
   1.4139042e-01   1.4332312e-01  -2.7805267e-02  -6.1224947e-04   1.4407227e-03   3.3433418e-04
   1.5089148e-01   1.0289100e-01  -1.0330985e-01  -1.4823769e-04   1.8515651e-03   3.1036769e-04
   1.5740257e-01   1.2348322e-01   2.0928899e-02  -8.9492201e-04   1.7189742e-03   3.9428555e-04
   1.5742601e-01   1.0966346e-01  -1.2438847e-01   9.5691241e-05   1.6494411e-03   3.7763592e-04
   1.4285083e-01   1.3084049e-01   2.5311250e-02  -3.2244751e-04   1.6447575e-03   3.4228840e-04
   1.4269977e-01   1.2349012e-01  -1.1473144e-01   9.0237264e-05   1.6842075e-03   2.6136781e-04
   1.2863238e-01   1.2164686e-01   6.3296885e-03  -7.4214468e-04   1.6832446e-03   3.2528181e-04
   1.3472110e-01   1.2552711e-01  -1.2518415e-01  -5.5042240e-05   1.6546177e-03   2.1590433e-04
   1.2171497e-01   1.4124225e-01  -1.9037827e-02  -6.1928947e-04   1.6316515e-03   1.3258618e-04
   1.2732114e-01   1.4883500e-01  -9.1379468e-02   2.6029099e-04   1.4806624e-03  -6.5170967e-05
   1.0956272e-01   1.5298717e-01  -3.7631769e-02   1.0930710e-04   1.5115857e-03  -2.9399861e-04
   1.3556691e-01   1.5329455e-01  -5.5862312e-02  -1.5367089e-04   1.8814905e-03   2.9464709e-05
   1.3357040e-01   1.3261108e-01  -4.6260038e-02  -4.6017062e-04   1.8875373e-03  -2.1951424e-05
   1.3809328e-01   1.3255266e-01  -4.0992478e-02  -1.6955451e-04   1.7011603e-03   1.8259425e-04
   1.3630175e-01   1.0919763e-01  -5.7872641e-02  -2.7731882e-04   1.9301023e-03   1.8730251e-05
   1.3659668e-01   1.3097848e-01  -8.2239949e-03  -5.4001566e-04   1.4667957e-03   3.5494776e-04
   1.1372765e-01   1.2354634e-01  -1.1070605e-01   4.8731618e-04   1.0522933e-03  -4.6184108e-05
   1.4502469e-01   1.3784891e-01  -4.6550801e-02   1.2677189e-04   1.3430711e-03   4.4810405e-04
   1.3159890e-01   1.3533736e-01  -1.0395447e-01   1.3462621e-04   2.1540372e-03  -6.5020130e-05
   1.1072269e-01   9.6618066e-02   2.2526546e-04   6.1426327e-04  -5.0926830e-04   1.4687009e-03
   1.0823035e-01   1.2683258e-01  -1.7317343e-01   1.8771627e-03  -1.7683258e-03   2.3351567e-03
   1.1494275e-01   1.6074780e-01  -4.8260135e-02   1.3094346e-03  -3.8990109e-04   1.4541194e-03
   1.3690629e-01   1.1077547e-01  -1.1065896e-01   8.2824906e-04  -2.9421067e-05   1.5473836e-03
   1.2425145e-01   1.1438066e-01  -1.7255105e-02   4.5325388e-04   1.0778807e-04   1.2700929e-03
   1.5575692e-01   9.3233682e-02  -1.1040446e-01   7.7109581e-04   4.5241321e-04   1.5163438e-03
   1.5362300e-01   9.6406652e-02  -6.5822254e-04  -3.2553161e-05   4.5872970e-04   1.4084808e-03
   1.6487748e-01   1.0354218e-01  -9.6479617e-02   6.6265661e-04   3.5783577e-04   1.4764861e-03
   1.4486396e-01   1.2187172e-01  -5.3237749e-02  -2.7475850e-05   5.3821623e-04   1.0705776e-03
   1.6319408e-01   1.4492765e-01  -5.5836899e-02   6.8114246e-04   3.4335757e-04   1.4268205e-03
   1.1600716e-01   1.1455443e-01  -8.5873515e-02   5.8576171e-04   1.5420109e-04   1.9412390e-04
   8.3381936e-02   1.6099804e-01  -4.1969382e-02   5.5730229e-04  -1.6034798e-04   7.8460801e-05
   1.2883620e-01   1.3306201e-01  -1.3686184e-01  -3.3635723e-04   9.8661467e-05   1.1406889e-03
   1.1071208e-01   1.2716492e-01   7.0192398e-02  -1.5238593e-03  -3.1764288e-04   5.1491068e-04
   9.4747269e-02   1.7271078e-01  -8.8884932e-02   1.0563155e-03  -3.1169761e-04   5.5989161e-04
   8.8971118e-02   1.4857318e-01  -9.7027695e-02   8.0433501e-04  -3.1757691e-05   2.6846455e-04
   9.7875302e-02   1.7430413e-01  -1.1927486e-01   2.1311914e-03  -1.7462427e-04   7.1552648e-04
   4.9094670e-02   1.5261508e-01  -1.0468245e-01   1.2340523e-03  -8.1354352e-04  -9.1140257e-04
   5.7260199e-02   2.0790019e-01  -1.1620811e-01   1.6680374e-03  -1.1379429e-03   4.1042984e-05
   8.5203952e-02   1.3451141e-01  -1.2754309e-01   1.1326621e-03  -1.2801196e-03   9.8421230e-04
   4.2936417e-02   2.1089980e-01  -7.5213619e-02   5.7028633e-04  -9.2512589e-04  -3.9094001e-04
   5.9125549e-02   2.1530191e-01  -1.7202810e-01   1.2058632e-03  -1.5222493e-03   6.5781891e-04
   4.9931033e-02   2.2838545e-01  -9.1683489e-02   1.0672831e-03  -8.5059603e-04   2.0630599e-04
   8.7581135e-02   1.7277998e-01  -1.4644254e-01   8.2526892e-04   4.1884728e-05   2.7124549e-04
   9.6456509e-02   1.8478446e-01  -2.1956905e-02   5.3786173e-04   9.3760781e-04  -6.0190118e-04
   1.1981087e-01   1.5918958e-01  -1.0849350e-01   1.1220699e-03   1.1038195e-03   2.6898859e-04
   1.0251486e-01   1.7129487e-01  -3.7328015e-02   5.4585778e-05   1.0476417e-03  -6.8442948e-05
   1.0561055e-01   1.6753617e-01  -1.2234052e-01   3.6242677e-04   6.4744905e-04   1.9256064e-04
   8.2674908e-02   1.7564681e-01  -8.8019116e-02   1.1772119e-04   5.6013665e-04  -1.1738508e-04
   8.8479495e-02   1.6721062e-01  -1.1419879e-01  -1.1409321e-04   4.5317955e-05   2.5825638e-04
   6.9217957e-02   1.4959975e-01  -2.7592093e-01   1.9366653e-03  -1.0765456e-03  -4.3810554e-06
   5.9962356e-02   2.3925186e-01  -2.4702685e-01   2.3704207e-03  -1.6971372e-03   8.9744689e-04
   4.9476183e-02   2.0509603e-01  -1.9656841e-01   2.2909443e-03  -1.0727636e-03  -8.0451032e-04
   3.0166837e-02   2.6107046e-01  -1.3661501e-01   2.3510566e-03  -1.5309968e-03  -5.1955798e-04
   6.9456952e-02   1.9901327e-01  -1.9872102e-01   1.5361481e-03  -1.2227938e-03   5.5119186e-04
   4.7882526e-02   2.1653879e-01  -1.0201369e-01   1.0503852e-03  -1.0056933e-03  -1.8644897e-04
   7.5318322e-02   1.8720111e-01  -1.8158599e-01   3.5776529e-04  -5.3192799e-04  -2.9020629e-05
   5.3248623e-02   2.2219719e-01  -7.8589668e-02  -4.7429510e-04  -9.5456581e-04  -4.3113994e-04
   5.3000973e-02   2.0161612e-01  -1.2266935e-01   8.3086438e-05  -8.8543307e-04  -3.5398537e-04
   5.4139361e-02   1.9992827e-01  -1.0648110e-01  -5.0264873e-04  -7.0717902e-04  -5.6430239e-04
   5.8036652e-02   2.1410753e-01  -6.8323202e-02  -7.9638247e-04  -9.1539195e-04  -2.2497358e-04
   5.1898501e-02   2.0334946e-01  -1.4627705e-01  -3.2755886e-04  -9.0015182e-04  -5.3507190e-04
   4.4739705e-02   2.3161140e-01  -7.9534755e-02  -1.1650027e-03  -1.1392775e-03  -3.7684614e-04
   1.7220743e-02   2.6310352e-01  -1.3286766e-01  -4.7287100e-05  -1.5248940e-03  -2.2478369e-04
   3.8936394e-02   2.1842019e-01  -9.4396220e-02  -3.1129195e-04  -1.2787232e-03  -4.6902829e-05
   3.1396563e-02   2.2477343e-01  -1.3405265e-03  -1.4240066e-05  -1.2004685e-03  -1.7071214e-04
   2.9172096e-02   1.7864594e-01  -1.0744002e-01  -4.5230965e-04  -9.7156996e-04  -3.1615058e-04
   2.7628729e-02   2.0516558e-01  -8.8315689e-03  -5.4889375e-04  -1.0893484e-03  -2.8740041e-04
   3.6907744e-02   1.8084092e-01  -1.2649483e-01  -3.2451423e-04  -7.5720293e-04  -3.2019247e-04
   2.9835037e-02   1.7360370e-01   6.1170228e-02  -7.5005264e-04  -8.6541714e-04  -1.6407276e-04
   3.9437201e-02   1.5724397e-01  -6.5604971e-02  -4.0828392e-04  -4.7528190e-04  -2.0949430e-04
   3.5029739e-02   1.5994682e-01   2.3064070e-02  -5.3773128e-04  -5.2082443e-04  -2.4921518e-04
   4.2068384e-02   1.5349968e-01  -3.3930755e-02   8.2582014e-05  -4.4970126e-04  -4.0852008e-04
   9.1583368e-03   1.5836889e-01   6.1283457e-02  -7.4425171e-04  -6.0203705e-04  -7.7260899e-04
   2.9624053e-02   1.3791501e-01  -2.6292086e-02   1.9112695e-04  -5.0206754e-04  -3.1834955e-04
   1.9455281e-02   1.5156523e-01  -3.5438701e-02  -7.6763710e-04  -6.9388422e-04  -6.6010727e-04
   3.3030631e-02   1.3664502e-01  -2.2234645e-02  -6.7881025e-04  -5.5276848e-04  -3.9308395e-04
   8.8532864e-03   1.5378813e-01  -8.9313323e-02  -7.4227297e-04  -9.2765681e-04  -7.5559969e-04
   1.4988963e-02   1.7856685e-01  -3.1247644e-03  -1.1431740e-03  -1.0259520e-03  -4.3369991e-04
  -1.9517642e-02   1.7048995e-01  -1.0896047e-01  -5.0875181e-04  -1.1590701e-03  -1.9393786e-03
  -2.3770815e-02   1.5582241e-01   5.7105203e-02  -1.2304732e-03  -8.6450041e-04  -1.8641162e-03
   2.7306607e-02   1.9884981e-01  -2.7669661e-01  -7.9951804e-05  -1.2367148e-03  -5.0116630e-04
   1.5353589e-03   2.4399404e-01  -2.1666799e-01  -1.9118807e-04  -2.7073894e-03  -2.0282755e-05
   2.9041492e-04   1.8369506e-01  -5.6003828e-03  -4.4026491e-04  -2.1982906e-03   4.9752416e-04
   6.3191085e-03   1.8531791e-01  -1.4922019e-01  -2.3359140e-04  -1.9371439e-03   3.0719132e-04
   1.0466486e-02   2.1512568e-01  -4.3156760e-02  -9.1239068e-04  -1.3353111e-03   3.7142818e-04
  -3.1166270e-03   2.0350481e-01  -1.5204352e-01  -8.5746405e-05  -2.0691903e-03  -7.6369544e-04
  -4.3080493e-03   2.1068318e-01  -6.1389521e-02  -1.0360594e-03  -1.4055543e-03  -4.6721475e-04
   3.0533575e-02   1.9035180e-01  -1.0994820e-01  -5.0430834e-04  -1.2204254e-03   2.9882222e-04
   9.3884753e-03   2.0211285e-01  -1.0526760e-01  -1.0584356e-03  -6.1815216e-04   1.3320046e-04
  -3.2696744e-02   1.1238687e-01   5.5392707e-01  -1.2053133e-04  -2.6125426e-04  -2.6321980e-04
   1.2140662e-02  -5.5403900e-03   4.3078727e-01   1.5944926e-03  -8.9866826e-04   3.3326897e-04
   7.3403888e-02   2.4439046e-02  -1.1361289e-02   1.3596457e-03  -6.4884331e-05   2.6552069e-04
   7.1044189e-02   1.0742551e-01   2.5203847e-01  -1.5855048e-04   7.2245027e-05  -1.8625664e-04
   1.1712962e-01   1.6852368e-01   3.5966888e-02   8.1562488e-04   2.8543693e-04   1.7748029e-03
   1.6062108e-01   1.8389249e-01  -5.8931182e-03   6.5150730e-04   2.7024565e-04   2.0351602e-03
   1.2070206e-01   1.7836830e-01   2.7411797e-02   6.4489638e-04   1.6521176e-04   1.4137928e-03
   1.3737318e-01   1.4619295e-01   2.5124759e-02   5.4167819e-04   6.0145636e-04   1.3957198e-03
   1.7826970e-01   1.1967630e-01   1.4263857e-01   1.0033656e-03   3.2287371e-04   9.4090643e-04
   1.5191140e-01   9.9925350e-02   4.0706684e-02   6.2366745e-04   5.2589174e-04   6.1899808e-04
   1.7210174e-01   9.4957645e-02   8.3933674e-02   2.3650013e-04   6.9455326e-05   7.9758417e-04
   1.7154418e-01   1.0559629e-01  -3.7010778e-03   5.5626092e-04   4.0574619e-04   9.3746585e-04
   1.8507729e-01   1.4677409e-01   1.9829505e-03  -1.5883512e-04   3.5306177e-04   1.3215268e-03
   1.4287356e-01   1.4908353e-01  -9.8782173e-02   1.7443255e-04   3.6874332e-04   1.1349595e-03
   1.6693970e-01   1.8893839e-01  -6.3674913e-02   2.2098792e-04   8.3855269e-05   1.4608879e-03
   1.6130208e-01   2.0435721e-01  -7.7696666e-02   6.3006556e-04   1.8221110e-04   6.8806484e-04
   1.5284584e-01   2.1250773e-01  -8.4351803e-02   3.3760157e-04  -8.6220607e-05   9.8187497e-04
   1.8784517e-01   2.0855621e-01  -2.0900584e-01   6.7716032e-04  -7.9628548e-05   1.4400867e-03
   1.6348670e-01   2.0802907e-01  -2.0062886e-01   4.9913994e-04   2.9113583e-04   1.4268883e-03
   1.5378934e-01   2.3948904e-01  -1.5720340e-01   8.2154602e-04  -5.1381010e-05   1.6735899e-03
   1.6653762e-01   2.1090874e-01  -1.5029474e-01   3.0324875e-04   2.2883577e-04   1.5729510e-03
   1.9250734e-01   2.4364348e-01  -1.5412930e-02  -1.1129447e-04   3.9292925e-04   1.3826612e-03
   1.7966086e-01   2.0921897e-01  -1.2695662e-01   6.7568900e-04   8.0454798e-04   1.4486105e-03
   1.7398362e-01   2.2788808e-01  -3.7365725e-02   1.9578602e-04   3.7532435e-04   1.5679854e-03
   1.8020635e-01   2.2148491e-01  -1.0788135e-01   3.0178719e-04   8.5378374e-04   1.6543917e-03
   1.9395062e-01   2.4375322e-01  -8.5749730e-02   3.7686805e-04   4.1209137e-04   1.4711902e-03
   2.0658387e-01   2.4681283e-01  -1.2048811e-01   7.2620903e-04   8.6251391e-04   2.1797753e-03
   2.3049811e-01   2.6375556e-01  -1.0215393e-01   4.2581209e-04   1.0317900e-03   2.4707514e-03
   1.9909173e-01   8.0411316e-02   3.1486965e-01   2.2561735e-03   1.6129013e-03   1.6085971e-03
   2.2544112e-01   4.4505427e-02   3.5109407e-01   1.9414011e-03   1.1839279e-03   2.3294887e-03
   1.9656765e-01   5.5413281e-02   1.0358791e-01   2.4376762e-03   1.3598573e-03   2.3856387e-03
   2.2803557e-01   8.3957370e-02   1.6411011e-01   1.9299134e-03   1.2992467e-03   2.0021941e-03
   2.8299617e-01   9.2690715e-02   7.7948597e-02   2.2425113e-03   1.7180366e-03   3.7005967e-03
   3.1466608e-01   1.0362112e-01   6.6480764e-02   2.5448992e-03   1.9368862e-03   4.4259458e-03
   2.4756901e-01   9.0178153e-02  -6.9656622e-02   2.1157565e-03   7.9559356e-04   3.2607759e-03
   1.6798393e-01   1.2403879e-01  -1.4343183e-01   2.8190705e-03   1.5447088e-04   3.3686146e-03
   2.0726889e-01   2.0219486e-01  -1.0545539e-01   3.2877707e-03   3.5049972e-04   3.0236849e-03
   2.2287578e-01   1.4141565e-01  -1.7098079e-01   3.5967705e-03   1.4807574e-03   3.4574275e-03
   2.3978349e-01   1.9619576e-01  -6.4235352e-02   2.7010201e-03   1.2194759e-03   3.1742996e-03
   2.3382863e-01   1.3303808e-01  -1.2168036e-01   2.6429672e-03   1.2258875e-03   3.5350538e-03
   2.6200003e-01   1.5096170e-01  -6.8249001e-03   2.5192571e-03   1.0858367e-03   3.5288051e-03
   2.2566370e-01   1.3139113e-01  -4.6671673e-02   2.6563543e-03  -2.7759088e-04   3.0763980e-03
   2.1604202e-01   1.4035774e-01  -6.0061864e-02   3.0725835e-03   6.7114915e-05   2.4858670e-03
   2.7152256e-01   1.5025132e-01  -2.9434751e-02   2.3640406e-03   3.1993769e-04   3.3183371e-03
   2.2475788e-01   1.3399077e-01  -1.7691410e-01   3.8787930e-03   4.0136959e-04   2.9383479e-03
   2.8461608e-01   1.7138055e-01  -3.8298680e-02   3.4112672e-03   3.4325995e-04   3.2206666e-03
   1.8205788e-01   1.4421700e-01  -1.8645668e-01   3.8229153e-03  -4.5611709e-04   1.4136603e-03
   1.3174215e-01   1.9591012e-01  -8.5237646e-02   3.1715319e-03  -9.6824997e-04   1.1918558e-03
   1.1131598e-01   1.9442706e-01  -1.1563137e-01   3.7728923e-03  -2.7461102e-04   2.2905171e-03
   1.3250159e-01   2.2704814e-01  -5.9753665e-02   2.7455275e-03  -3.0207038e-04   2.1350435e-03
   1.1882493e-01   2.5436235e-01  -2.8011643e-01   3.9918437e-03  -9.2736025e-05   2.4305112e-03
   1.3396232e-01   2.6327034e-01  -1.4012329e-01   3.2307811e-03  -2.7395300e-04   2.2284863e-03
   1.5994530e-01   2.6221239e-01  -2.3424217e-01   1.1539948e-03  -6.3344697e-04   3.1039810e-03
   2.0816421e-01   2.7653658e-01  -1.0958199e-01   4.2891276e-04  -4.8792066e-04   3.3580561e-03
   1.3268360e-01   2.5754660e-01  -2.7392375e-01  -1.9102592e-04  -9.9668165e-04   3.6310219e-03
   7.1505617e-02   2.8350948e-01  -2.6108485e-01   3.9286703e-04  -1.0721134e-03   2.2940438e-03
   1.2407674e-01   2.8557022e-01  -3.6198901e-01   8.8707985e-04  -4.6230404e-04   2.8701879e-03
   1.5029764e-01   2.6808294e-01  -2.3265917e-01  -2.2732654e-04  -2.7468286e-04   2.7147881e-03
   1.6175062e-01   3.0678479e-01  -3.8419105e-01   2.8647425e-04  -5.2851384e-04   2.9527337e-03
   1.6847597e-01   2.8146651e-01  -2.2647621e-01  -5.7075487e-04  -2.6098871e-04   2.8506156e-03
   1.8952182e-01   2.8291143e-01  -3.0948955e-01  -3.4008326e-04  -1.3589323e-04   3.2486292e-03
   1.8660936e-01   2.7823475e-01  -2.4296512e-01  -8.2476400e-04   6.5925036e-05   2.6868305e-03
   1.9290081e-01   2.8637995e-01  -3.2528234e-01  -3.9797194e-04  -3.3447180e-04   3.1604924e-03
   1.8387591e-01   2.7537630e-01  -2.3596234e-01   6.7906997e-04  -2.6225036e-04   2.7962824e-03
   1.4402789e-01   1.6231125e-01  -3.0116054e-01   1.6908645e-03  -2.1208701e-03   3.0203263e-03
   1.1318134e-01   2.2751197e-01  -3.7657151e-01   1.6879205e-03  -3.0975506e-03   3.1496436e-03
   2.1341918e-01   2.5928894e-01  -1.9890326e-01   1.4094986e-03  -1.6937999e-03   4.2498300e-03
   2.0481523e-01   2.0497099e-01  -2.8744556e-01   1.0374674e-03  -1.4575540e-03   3.5185503e-03
   3.4330533e-01   2.5992477e-01  -2.1209893e-01   7.9370655e-04  -7.5295231e-05   7.0475958e-03
   4.3285579e-01   1.8349864e-01  -2.7226469e-01   3.6788173e-05   2.8314558e-04   7.5296905e-03
   5.3294370e-01   1.4278264e-01   3.9570411e-01  -1.0877598e-03   2.3348333e-03   4.1416079e-03
   5.8258616e-01   2.3964319e-01   2.7352927e-01  -5.2073632e-03   4.1142921e-03   4.0079498e-03
   5.1075542e-01   2.1982518e-01  -1.2213950e-01  -2.5697073e-03   3.8329209e-03   3.2208802e-03
   4.7015498e-01   1.7977446e-01   1.2465930e-02  -1.6257236e-03   3.7287360e-03   4.0299925e-03
   4.3049321e-01   9.1303813e-02   1.1583566e-01  -5.4876536e-03   2.2536008e-03   4.6429815e-03
   4.7392375e-01   1.0708925e-01   1.4115594e-01  -6.1341398e-03   2.5830488e-03   5.5859156e-03
   4.5621144e-01   1.2333940e-01   1.0523621e-01  -7.5785776e-03   2.9331290e-03   5.0772573e-03
   5.4782457e-01   1.6304815e-01   6.8506683e-02  -7.4728506e-03   3.0763604e-03   7.4085805e-03
   5.5737223e-01   1.2436934e-01   3.9083823e-02  -8.0095631e-03   3.2638139e-03   7.8463115e-03
   5.5882657e-01   6.5528796e-02   2.6726362e-01  -9.1410872e-03   3.0050544e-03   8.0598179e-03
   5.2175668e-01   1.4140662e-02   2.1044360e-01  -9.7003876e-03   8.0285584e-04   6.4775302e-03
   5.5927680e-01   8.6471419e-02  -5.4822969e-02  -9.6610026e-03   1.4308239e-03   6.6463990e-03
