0.2 2.408089e+03 2.439662e+03 2.441634e+03 2.410062e+03
1.2 2.503691e+03 2.442190e+03 2.427937e+03 2.489438e+03
2.2 2.447706e+03 2.432467e+03 2.418451e+03 2.433691e+03
3.2 2.464347e+03 2.411762e+03 2.426350e+03 2.478935e+03
4.2 2.444347e+03 2.428351e+03 2.432130e+03 2.448126e+03
5.2 2.319105e+03 2.438471e+03 2.436298e+03 2.316932e+03
6.2 2.446726e+03 2.449595e+03 2.445817e+03 2.442949e+03
7.2 2.446330e+03 2.449441e+03 2.445893e+03 2.442782e+03
8.2 2.508918e+03 2.434419e+03 2.438708e+03 2.513207e+03
9.2 2.391506e+03 2.458961e+03 2.440901e+03 2.373446e+03
10.2 2.502498e+03 2.441300e+03 2.449621e+03 2.510819e+03
11.2 2.375042e+03 2.441921e+03 2.447277e+03 2.380398e+03
12.2 2.441001e+03 2.423537e+03 2.447832e+03 2.465296e+03
13.2 2.403341e+03 2.420886e+03 2.463000e+03 2.445456e+03
14.2 2.437880e+03 2.442922e+03 2.468699e+03 2.463657e+03
15.2 2.448889e+03 2.457365e+03 2.459309e+03 2.450832e+03
16.2 2.450790e+03 2.467690e+03 2.448985e+03 2.432085e+03
17.2 2.389046e+03 2.438849e+03 2.442895e+03 2.393092e+03
0.9 2.447706e+03 2.432467e+03 2.418451e+03 2.433691e+03
1.9 2.464347e+03 2.411762e+03 2.426350e+03 2.478935e+03
2.9 2.444347e+03 2.428351e+03 2.432130e+03 2.448126e+03
3.9 2.319105e+03 2.438471e+03 2.436298e+03 2.316932e+03
4.9 2.446726e+03 2.449595e+03 2.445817e+03 2.442949e+03
5.9 2.446330e+03 2.449441e+03 2.445893e+03 2.442782e+03
6.9 2.508918e+03 2.434419e+03 2.438708e+03 2.513207e+03
7.9 2.391506e+03 2.458961e+03 2.440901e+03 2.373446e+03
8.9 2.502498e+03 2.441300e+03 2.449621e+03 2.510819e+03
9.9 2.375042e+03 2.441921e+03 2.447277e+03 2.380398e+03
10.9 2.441001e+03 2.423537e+03 2.447832e+03 2.465296e+03
11.9 2.403341e+03 2.420886e+03 2.463000e+03 2.445456e+03
12.9 2.437880e+03 2.442922e+03 2.468699e+03 2.463657e+03
13.9 2.448889e+03 2.457365e+03 2.459309e+03 2.450832e+03
14.9 2.450790e+03 2.467690e+03 2.448985e+03 2.432085e+03
15.9 2.389046e+03 2.438849e+03 2.442895e+03 2.393092e+03
16.9 2.435998e+03 2.438062e+03 2.440161e+03 2.438096e+03
17.9 2.397041e+03 2.460614e+03 2.439426e+03 2.375853e+03
0.5 2.464347e+03 2.411762e+03 2.426350e+03 2.478935e+03
1.5 2.444347e+03 2.428351e+03 2.432130e+03 2.448126e+03
2.5 2.319105e+03 2.438471e+03 2.436298e+03 2.316932e+03
3.5 2.446726e+03 2.449595e+03 2.445817e+03 2.442949e+03
4.5 2.446330e+03 2.449441e+03 2.445893e+03 2.442782e+03
5.5 2.508918e+03 2.434419e+03 2.438708e+03 2.513207e+03
6.5 2.391506e+03 2.458961e+03 2.440901e+03 2.373446e+03
7.5 2.502498e+03 2.441300e+03 2.449621e+03 2.510819e+03
8.5 2.375042e+03 2.441921e+03 2.447277e+03 2.380398e+03
9.5 2.441001e+03 2.423537e+03 2.447832e+03 2.465296e+03
10.5 2.403341e+03 2.420886e+03 2.463000e+03 2.445456e+03
11.5 2.437880e+03 2.442922e+03 2.468699e+03 2.463657e+03
12.5 2.448889e+03 2.457365e+03 2.459309e+03 2.450832e+03
13.5 2.450790e+03 2.467690e+03 2.448985e+03 2.432085e+03
14.5 2.389046e+03 2.438849e+03 2.442895e+03 2.393092e+03
15.5 2.435998e+03 2.438062e+03 2.440161e+03 2.438096e+03
16.5 2.397041e+03 2.460614e+03 2.439426e+03 2.375853e+03
17.5 2.448355e+03 2.461698e+03 2.439767e+03 2.426424e+03
0.6 2.444347e+03 2.428351e+03 2.432130e+03 2.448126e+03
1.6 2.319105e+03 2.438471e+03 2.436298e+03 2.316932e+03
2.6 2.446726e+03 2.449595e+03 2.445817e+03 2.442949e+03
3.6 2.446330e+03 2.449441e+03 2.445893e+03 2.442782e+03
4.6 2.508918e+03 2.434419e+03 2.438708e+03 2.513207e+03
5.6 2.391506e+03 2.458961e+03 2.440901e+03 2.373446e+03
6.6 2.502498e+03 2.441300e+03 2.449621e+03 2.510819e+03
7.6 2.375042e+03 2.441921e+03 2.447277e+03 2.380398e+03
8.6 2.441001e+03 2.423537e+03 2.447832e+03 2.465296e+03
9.6 2.403341e+03 2.420886e+03 2.463000e+03 2.445456e+03
10.6 2.437880e+03 2.442922e+03 2.468699e+03 2.463657e+03
11.6 2.448889e+03 2.457365e+03 2.459309e+03 2.450832e+03
12.6 2.450790e+03 2.467690e+03 2.448985e+03 2.432085e+03
13.6 2.389046e+03 2.438849e+03 2.442895e+03 2.393092e+03
14.6 2.435998e+03 2.438062e+03 2.440161e+03 2.438096e+03
15.6 2.397041e+03 2.460614e+03 2.439426e+03 2.375853e+03
16.6 2.448355e+03 2.461698e+03 2.439767e+03 2.426424e+03
17.6 2.515210e+03 2.444562e+03 2.440514e+03 2.511162e+03
0.3 2.319105e+03 2.438471e+03 2.436298e+03 2.316932e+03
1.3 2.446726e+03 2.449595e+03 2.445817e+03 2.442949e+03
2.3 2.446330e+03 2.449441e+03 2.445893e+03 2.442782e+03
3.3 2.508918e+03 2.434419e+03 2.438708e+03 2.513207e+03
4.3 2.391506e+03 2.458961e+03 2.440901e+03 2.373446e+03
5.3 2.502498e+03 2.441300e+03 2.449621e+03 2.510819e+03
6.3 2.375042e+03 2.441921e+03 2.447277e+03 2.380398e+03
7.3 2.441001e+03 2.423537e+03 2.447832e+03 2.465296e+03
8.3 2.403341e+03 2.420886e+03 2.463000e+03 2.445456e+03
9.3 2.437880e+03 2.442922e+03 2.468699e+03 2.463657e+03
10.3 2.448889e+03 2.457365e+03 2.459309e+03 2.450832e+03
11.3 2.450790e+03 2.467690e+03 2.448985e+03 2.432085e+03
12.3 2.389046e+03 2.438849e+03 2.442895e+03 2.393092e+03
13.3 2.435998e+03 2.438062e+03 2.440161e+03 2.438096e+03
14.3 2.397041e+03 2.460614e+03 2.439426e+03 2.375853e+03
15.3 2.448355e+03 2.461698e+03 2.439767e+03 2.426424e+03
16.3 2.515210e+03 2.444562e+03 2.440514e+03 2.511162e+03
17.3 2.408214e+03 2.410720e+03 2.441249e+03 2.438743e+03
1.0 2.446330e+03 2.449441e+03 2.445893e+03 2.442782e+03
2.0 2.508918e+03 2.434419e+03 2.438708e+03 2.513207e+03
3.0 2.391506e+03 2.458961e+03 2.440901e+03 2.373446e+03
4.0 2.502498e+03 2.441300e+03 2.449621e+03 2.510819e+03
5.0 2.375042e+03 2.441921e+03 2.447277e+03 2.380398e+03
6.0 2.441001e+03 2.423537e+03 2.447832e+03 2.465296e+03
7.0 2.403341e+03 2.420886e+03 2.463000e+03 2.445456e+03
8.0 2.437880e+03 2.442922e+03 2.468699e+03 2.463657e+03
9.0 2.448889e+03 2.457365e+03 2.459309e+03 2.450832e+03
10.0 2.450790e+03 2.467690e+03 2.448985e+03 2.432085e+03
11.0 2.389046e+03 2.438849e+03 2.442895e+03 2.393092e+03
12.0 2.435998e+03 2.438062e+03 2.440161e+03 2.438096e+03
13.0 2.397041e+03 2.460614e+03 2.439426e+03 2.375853e+03
14.0 2.448355e+03 2.461698e+03 2.439767e+03 2.426424e+03
15.0 2.515210e+03 2.444562e+03 2.440514e+03 2.511162e+03
16.0 2.408214e+03 2.410720e+03 2.441249e+03 2.438743e+03
17.0 2.412035e+03 2.413818e+03 2.441811e+03 2.440029e+03
18.0 2.474564e+03 2.424369e+03 2.442201e+03 2.492396e+03
0.3 2.446330e+03 2.449441e+03 2.445893e+03 2.442782e+03
1.3 2.508918e+03 2.434419e+03 2.438708e+03 2.513207e+03
2.3 2.391506e+03 2.458961e+03 2.440901e+03 2.373446e+03
3.3 2.502498e+03 2.441300e+03 2.449621e+03 2.510819e+03
4.3 2.375042e+03 2.441921e+03 2.447277e+03 2.380398e+03
5.3 2.441001e+03 2.423537e+03 2.447832e+03 2.465296e+03
6.3 2.403341e+03 2.420886e+03 2.463000e+03 2.445456e+03
7.3 2.437880e+03 2.442922e+03 2.468699e+03 2.463657e+03
8.3 2.448889e+03 2.457365e+03 2.459309e+03 2.450832e+03
9.3 2.450790e+03 2.467690e+03 2.448985e+03 2.432085e+03
10.3 2.389046e+03 2.438849e+03 2.442895e+03 2.393092e+03
11.3 2.435998e+03 2.438062e+03 2.440161e+03 2.438096e+03
12.3 2.397041e+03 2.460614e+03 2.439426e+03 2.375853e+03
13.3 2.448355e+03 2.461698e+03 2.439767e+03 2.426424e+03
14.3 2.515210e+03 2.444562e+03 2.440514e+03 2.511162e+03
15.3 2.408214e+03 2.410720e+03 2.441249e+03 2.438743e+03
16.3 2.412035e+03 2.413818e+03 2.441811e+03 2.440029e+03
17.3 2.474564e+03 2.424369e+03 2.442201e+03 2.492396e+03
0.2 2.508918e+03 2.434419e+03 2.438708e+03 2.513207e+03
1.2 2.391506e+03 2.458961e+03 2.440901e+03 2.373446e+03
2.2 2.502498e+03 2.441300e+03 2.449621e+03 2.510819e+03
3.2 2.375042e+03 2.441921e+03 2.447277e+03 2.380398e+03
4.2 2.441001e+03 2.423537e+03 2.447832e+03 2.465296e+03
5.2 2.403341e+03 2.420886e+03 2.463000e+03 2.445456e+03
6.2 2.437880e+03 2.442922e+03 2.468699e+03 2.463657e+03
7.2 2.448889e+03 2.457365e+03 2.459309e+03 2.450832e+03
8.2 2.450790e+03 2.467690e+03 2.448985e+03 2.432085e+03
9.2 2.389046e+03 2.438849e+03 2.442895e+03 2.393092e+03
10.2 2.435998e+03 2.438062e+03 2.440161e+03 2.438096e+03
11.2 2.397041e+03 2.460614e+03 2.439426e+03 2.375853e+03
12.2 2.448355e+03 2.461698e+03 2.439767e+03 2.426424e+03
13.2 2.515210e+03 2.444562e+03 2.440514e+03 2.511162e+03
14.2 2.408214e+03 2.410720e+03 2.441249e+03 2.438743e+03
15.2 2.412035e+03 2.413818e+03 2.441811e+03 2.440029e+03
16.2 2.474564e+03 2.424369e+03 2.442201e+03 2.492396e+03
17.2 2.380478e+03 2.451590e+03 2.442474e+03 2.371362e+03
0.7 2.502498e+03 2.441300e+03 2.449621e+03 2.510819e+03
1.7 2.375042e+03 2.441921e+03 2.447277e+03 2.380398e+03
2.7 2.441001e+03 2.423537e+03 2.447832e+03 2.465296e+03
3.7 2.403341e+03 2.420886e+03 2.463000e+03 2.445456e+03
4.7 2.437880e+03 2.442922e+03 2.468699e+03 2.463657e+03
5.7 2.448889e+03 2.457365e+03 2.459309e+03 2.450832e+03
6.7 2.450790e+03 2.467690e+03 2.448985e+03 2.432085e+03
7.7 2.389046e+03 2.438849e+03 2.442895e+03 2.393092e+03
8.7 2.435998e+03 2.438062e+03 2.440161e+03 2.438096e+03
9.7 2.397041e+03 2.460614e+03 2.439426e+03 2.375853e+03
10.7 2.448355e+03 2.461698e+03 2.439767e+03 2.426424e+03
11.7 2.515210e+03 2.444562e+03 2.440514e+03 2.511162e+03
12.7 2.408214e+03 2.410720e+03 2.441249e+03 2.438743e+03
13.7 2.412035e+03 2.413818e+03 2.441811e+03 2.440029e+03
14.7 2.474564e+03 2.424369e+03 2.442201e+03 2.492396e+03
15.7 2.380478e+03 2.451590e+03 2.442474e+03 2.371362e+03
16.7 2.506886e+03 2.441185e+03 2.442681e+03 2.508382e+03
17.7 2.481994e+03 2.436862e+03 2.442856e+03 2.487988e+03
0.7 2.375042e+03 2.441921e+03 2.447277e+03 2.380398e+03
1.7 2.441001e+03 2.423537e+03 2.447832e+03 2.465296e+03
2.7 2.403341e+03 2.420886e+03 2.463000e+03 2.445456e+03
3.7 2.437880e+03 2.442922e+03 2.468699e+03 2.463657e+03
4.7 2.448889e+03 2.457365e+03 2.459309e+03 2.450832e+03
5.7 2.450790e+03 2.467690e+03 2.448985e+03 2.432085e+03
6.7 2.389046e+03 2.438849e+03 2.442895e+03 2.393092e+03
7.7 2.435998e+03 2.438062e+03 2.440161e+03 2.438096e+03
8.7 2.397041e+03 2.460614e+03 2.439426e+03 2.375853e+03
9.7 2.448355e+03 2.461698e+03 2.439767e+03 2.426424e+03
10.7 2.515210e+03 2.444562e+03 2.440514e+03 2.511162e+03
11.7 2.408214e+03 2.410720e+03 2.441249e+03 2.438743e+03
12.7 2.412035e+03 2.413818e+03 2.441811e+03 2.440029e+03
13.7 2.474564e+03 2.424369e+03 2.442201e+03 2.492396e+03
14.7 2.380478e+03 2.451590e+03 2.442474e+03 2.371362e+03
15.7 2.506886e+03 2.441185e+03 2.442681e+03 2.508382e+03
16.7 2.481994e+03 2.436862e+03 2.442856e+03 2.487988e+03
17.7 2.416322e+03 2.429542e+03 2.443021e+03 2.429801e+03
0.3 2.435159e+03 2.464538e+03 2.439717e+03 2.410338e+03
1.3 2.436533e+03 2.445340e+03 2.427955e+03 2.419148e+03
2.3 2.484036e+03 2.465910e+03 2.422914e+03 2.441040e+03
3.3 2.489129e+03 2.492417e+03 2.433608e+03 2.430320e+03
4.3 2.491569e+03 2.498221e+03 2.437722e+03 2.431070e+03
5.3 2.392279e+03 2.424665e+03 2.434363e+03 2.401977e+03
6.3 2.418352e+03 2.432043e+03 2.441698e+03 2.428007e+03
7.3 2.462205e+03 2.415250e+03 2.449772e+03 2.496727e+03
8.3 2.389569e+03 2.422602e+03 2.445798e+03 2.412764e+03
9.3 2.381793e+03 2.416178e+03 2.437681e+03 2.403297e+03
10.3 2.414505e+03 2.433097e+03 2.440720e+03 2.422128e+03
11.3 2.485002e+03 2.419761e+03 2.450472e+03 2.515713e+03
12.3 2.487344e+03 2.419488e+03 2.452844e+03 2.520701e+03
13.3 2.450318e+03 2.436185e+03 2.446798e+03 2.460931e+03
14.3 2.443827e+03 2.469617e+03 2.450192e+03 2.424402e+03
15.3 2.466240e+03 2.456790e+03 2.461790e+03 2.471240e+03
16.3 2.416651e+03 2.441281e+03 2.461986e+03 2.437356e+03
17.3 2.367474e+03 2.427642e+03 2.453256e+03 2.393089e+03
0.8 2.484036e+03 2.465910e+03 2.422914e+03 2.441040e+03
1.8 2.489129e+03 2.492417e+03 2.433608e+03 2.430320e+03
2.8 2.491569e+03 2.498221e+03 2.437722e+03 2.431070e+03
3.8 2.392279e+03 2.424665e+03 2.434363e+03 2.401977e+03
4.8 2.418352e+03 2.432043e+03 2.441698e+03 2.428007e+03
5.8 2.462205e+03 2.415250e+03 2.449772e+03 2.496727e+03
6.8 2.389569e+03 2.422602e+03 2.445798e+03 2.412764e+03
7.8 2.381793e+03 2.416178e+03 2.437681e+03 2.403297e+03
8.8 2.414505e+03 2.433097e+03 2.440720e+03 2.422128e+03
9.8 2.485002e+03 2.419761e+03 2.450472e+03 2.515713e+03
10.8 2.487344e+03 2.419488e+03 2.452844e+03 2.520701e+03
11.8 2.450318e+03 2.436185e+03 2.446798e+03 2.460931e+03
12.8 2.443827e+03 2.469617e+03 2.450192e+03 2.424402e+03
13.8 2.466240e+03 2.456790e+03 2.461790e+03 2.471240e+03
14.8 2.416651e+03 2.441281e+03 2.461986e+03 2.437356e+03
15.8 2.367474e+03 2.427642e+03 2.453256e+03 2.393089e+03
16.8 2.426771e+03 2.438713e+03 2.438021e+03 2.426078e+03
17.8 2.442416e+03 2.422551e+03 2.420946e+03 2.440811e+03
0.1 2.489129e+03 2.492417e+03 2.433608e+03 2.430320e+03
1.1 2.491569e+03 2.498221e+03 2.437722e+03 2.431070e+03
2.1 2.392279e+03 2.424665e+03 2.434363e+03 2.401977e+03
3.1 2.418352e+03 2.432043e+03 2.441698e+03 2.428007e+03
4.1 2.462205e+03 2.415250e+03 2.449772e+03 2.496727e+03
5.1 2.389569e+03 2.422602e+03 2.445798e+03 2.412764e+03
6.1 2.381793e+03 2.416178e+03 2.437681e+03 2.403297e+03
7.1 2.414505e+03 2.433097e+03 2.440720e+03 2.422128e+03
8.1 2.485002e+03 2.419761e+03 2.450472e+03 2.515713e+03
9.1 2.487344e+03 2.419488e+03 2.452844e+03 2.520701e+03
10.1 2.450318e+03 2.436185e+03 2.446798e+03 2.460931e+03
11.1 2.443827e+03 2.469617e+03 2.450192e+03 2.424402e+03
12.1 2.466240e+03 2.456790e+03 2.461790e+03 2.471240e+03
13.1 2.416651e+03 2.441281e+03 2.461986e+03 2.437356e+03
14.1 2.367474e+03 2.427642e+03 2.453256e+03 2.393089e+03
15.1 2.426771e+03 2.438713e+03 2.438021e+03 2.426078e+03
16.1 2.442416e+03 2.422551e+03 2.420946e+03 2.440811e+03
17.1 2.327980e+03 2.447047e+03 2.418498e+03 2.299432e+03
0.3 2.491569e+03 2.498221e+03 2.437722e+03 2.431070e+03
1.3 2.392279e+03 2.424665e+03 2.434363e+03 2.401977e+03
2.3 2.418352e+03 2.432043e+03 2.441698e+03 2.428007e+03
3.3 2.462205e+03 2.415250e+03 2.449772e+03 2.496727e+03
4.3 2.389569e+03 2.422602e+03 2.445798e+03 2.412764e+03
5.3 2.381793e+03 2.416178e+03 2.437681e+03 2.403297e+03
6.3 2.414505e+03 2.433097e+03 2.440720e+03 2.422128e+03
7.3 2.485002e+03 2.419761e+03 2.450472e+03 2.515713e+03
8.3 2.487344e+03 2.419488e+03 2.452844e+03 2.520701e+03
9.3 2.450318e+03 2.436185e+03 2.446798e+03 2.460931e+03
10.3 2.443827e+03 2.469617e+03 2.450192e+03 2.424402e+03
11.3 2.466240e+03 2.456790e+03 2.461790e+03 2.471240e+03
12.3 2.416651e+03 2.441281e+03 2.461986e+03 2.437356e+03
13.3 2.367474e+03 2.427642e+03 2.453256e+03 2.393089e+03
14.3 2.426771e+03 2.438713e+03 2.438021e+03 2.426078e+03
15.3 2.442416e+03 2.422551e+03 2.420946e+03 2.440811e+03
16.3 2.327980e+03 2.447047e+03 2.418498e+03 2.299432e+03
17.3 2.496564e+03 2.452094e+03 2.431051e+03 2.475521e+03
0.8 2.418352e+03 2.432043e+03 2.441698e+03 2.428007e+03
1.8 2.462205e+03 2.415250e+03 2.449772e+03 2.496727e+03
2.8 2.389569e+03 2.422602e+03 2.445798e+03 2.412764e+03
3.8 2.381793e+03 2.416178e+03 2.437681e+03 2.403297e+03
4.8 2.414505e+03 2.433097e+03 2.440720e+03 2.422128e+03
5.8 2.485002e+03 2.419761e+03 2.450472e+03 2.515713e+03
6.8 2.487344e+03 2.419488e+03 2.452844e+03 2.520701e+03
7.8 2.450318e+03 2.436185e+03 2.446798e+03 2.460931e+03
8.8 2.443827e+03 2.469617e+03 2.450192e+03 2.424402e+03
9.8 2.466240e+03 2.456790e+03 2.461790e+03 2.471240e+03
10.8 2.416651e+03 2.441281e+03 2.461986e+03 2.437356e+03
11.8 2.367474e+03 2.427642e+03 2.453256e+03 2.393089e+03
12.8 2.426771e+03 2.438713e+03 2.438021e+03 2.426078e+03
13.8 2.442416e+03 2.422551e+03 2.420946e+03 2.440811e+03
14.8 2.327980e+03 2.447047e+03 2.418498e+03 2.299432e+03
15.8 2.496564e+03 2.452094e+03 2.431051e+03 2.475521e+03
16.8 2.492200e+03 2.446421e+03 2.439131e+03 2.484911e+03
17.8 2.392047e+03 2.452740e+03 2.438369e+03 2.377676e+03
0.3 2.462205e+03 2.415250e+03 2.449772e+03 2.496727e+03
1.3 2.389569e+03 2.422602e+03 2.445798e+03 2.412764e+03
2.3 2.381793e+03 2.416178e+03 2.437681e+03 2.403297e+03
3.3 2.414505e+03 2.433097e+03 2.440720e+03 2.422128e+03
4.3 2.485002e+03 2.419761e+03 2.450472e+03 2.515713e+03
5.3 2.487344e+03 2.419488e+03 2.452844e+03 2.520701e+03
6.3 2.450318e+03 2.436185e+03 2.446798e+03 2.460931e+03
7.3 2.443827e+03 2.469617e+03 2.450192e+03 2.424402e+03
8.3 2.466240e+03 2.456790e+03 2.461790e+03 2.471240e+03
9.3 2.416651e+03 2.441281e+03 2.461986e+03 2.437356e+03
10.3 2.367474e+03 2.427642e+03 2.453256e+03 2.393089e+03
11.3 2.426771e+03 2.438713e+03 2.438021e+03 2.426078e+03
12.3 2.442416e+03 2.422551e+03 2.420946e+03 2.440811e+03
13.3 2.327980e+03 2.447047e+03 2.418498e+03 2.299432e+03
14.3 2.496564e+03 2.452094e+03 2.431051e+03 2.475521e+03
15.3 2.492200e+03 2.446421e+03 2.439131e+03 2.484911e+03
16.3 2.392047e+03 2.452740e+03 2.438369e+03 2.377676e+03
17.3 2.458096e+03 2.439650e+03 2.439474e+03 2.457920e+03
0.3 2.389569e+03 2.422602e+03 2.445798e+03 2.412764e+03
1.3 2.381793e+03 2.416178e+03 2.437681e+03 2.403297e+03
2.3 2.414505e+03 2.433097e+03 2.440720e+03 2.422128e+03
3.3 2.485002e+03 2.419761e+03 2.450472e+03 2.515713e+03
4.3 2.487344e+03 2.419488e+03 2.452844e+03 2.520701e+03
5.3 2.450318e+03 2.436185e+03 2.446798e+03 2.460931e+03
6.3 2.443827e+03 2.469617e+03 2.450192e+03 2.424402e+03
7.3 2.466240e+03 2.456790e+03 2.461790e+03 2.471240e+03
8.3 2.416651e+03 2.441281e+03 2.461986e+03 2.437356e+03
9.3 2.367474e+03 2.427642e+03 2.453256e+03 2.393089e+03
10.3 2.426771e+03 2.438713e+03 2.438021e+03 2.426078e+03
11.3 2.442416e+03 2.422551e+03 2.420946e+03 2.440811e+03
12.3 2.327980e+03 2.447047e+03 2.418498e+03 2.299432e+03
13.3 2.496564e+03 2.452094e+03 2.431051e+03 2.475521e+03
14.3 2.492200e+03 2.446421e+03 2.439131e+03 2.484911e+03
15.3 2.392047e+03 2.452740e+03 2.438369e+03 2.377676e+03
16.3 2.458096e+03 2.439650e+03 2.439474e+03 2.457920e+03
17.3 2.488992e+03 2.417198e+03 2.448386e+03 2.520179e+03
0.3 2.381793e+03 2.416178e+03 2.437681e+03 2.403297e+03
1.3 2.414505e+03 2.433097e+03 2.440720e+03 2.422128e+03
2.3 2.485002e+03 2.419761e+03 2.450472e+03 2.515713e+03
3.3 2.487344e+03 2.419488e+03 2.452844e+03 2.520701e+03
4.3 2.450318e+03 2.436185e+03 2.446798e+03 2.460931e+03
5.3 2.443827e+03 2.469617e+03 2.450192e+03 2.424402e+03
6.3 2.466240e+03 2.456790e+03 2.461790e+03 2.471240e+03
7.3 2.416651e+03 2.441281e+03 2.461986e+03 2.437356e+03
8.3 2.367474e+03 2.427642e+03 2.453256e+03 2.393089e+03
9.3 2.426771e+03 2.438713e+03 2.438021e+03 2.426078e+03
10.3 2.442416e+03 2.422551e+03 2.420946e+03 2.440811e+03
11.3 2.327980e+03 2.447047e+03 2.418498e+03 2.299432e+03
12.3 2.496564e+03 2.452094e+03 2.431051e+03 2.475521e+03
13.3 2.492200e+03 2.446421e+03 2.439131e+03 2.484911e+03
14.3 2.392047e+03 2.452740e+03 2.438369e+03 2.377676e+03
15.3 2.458096e+03 2.439650e+03 2.439474e+03 2.457920e+03
16.3 2.488992e+03 2.417198e+03 2.448386e+03 2.520179e+03
17.3 2.383615e+03 2.417090e+03 2.462538e+03 2.429063e+03
0.6 2.485002e+03 2.419761e+03 2.450472e+03 2.515713e+03
1.6 2.487344e+03 2.419488e+03 2.452844e+03 2.520701e+03
2.6 2.450318e+03 2.436185e+03 2.446798e+03 2.460931e+03
3.6 2.443827e+03 2.469617e+03 2.450192e+03 2.424402e+03
4.6 2.466240e+03 2.456790e+03 2.461790e+03 2.471240e+03
5.6 2.416651e+03 2.441281e+03 2.461986e+03 2.437356e+03
6.6 2.367474e+03 2.427642e+03 2.453256e+03 2.393089e+03
7.6 2.426771e+03 2.438713e+03 2.438021e+03 2.426078e+03
8.6 2.442416e+03 2.422551e+03 2.420946e+03 2.440811e+03
9.6 2.327980e+03 2.447047e+03 2.418498e+03 2.299432e+03
10.6 2.496564e+03 2.452094e+03 2.431051e+03 2.475521e+03
11.6 2.492200e+03 2.446421e+03 2.439131e+03 2.484911e+03
12.6 2.392047e+03 2.452740e+03 2.438369e+03 2.377676e+03
13.6 2.458096e+03 2.439650e+03 2.439474e+03 2.457920e+03
14.6 2.488992e+03 2.417198e+03 2.448386e+03 2.520179e+03
15.6 2.383615e+03 2.417090e+03 2.462538e+03 2.429063e+03
16.6 2.505003e+03 2.431985e+03 2.465969e+03 2.538988e+03
17.6 2.466146e+03 2.448271e+03 2.457223e+03 2.475099e+03
0.1 2.487344e+03 2.419488e+03 2.452844e+03 2.520701e+03
1.1 2.450318e+03 2.436185e+03 2.446798e+03 2.460931e+03
2.1 2.443827e+03 2.469617e+03 2.450192e+03 2.424402e+03
3.1 2.466240e+03 2.456790e+03 2.461790e+03 2.471240e+03
4.1 2.416651e+03 2.441281e+03 2.461986e+03 2.437356e+03
5.1 2.367474e+03 2.427642e+03 2.453256e+03 2.393089e+03
6.1 2.426771e+03 2.438713e+03 2.438021e+03 2.426078e+03
7.1 2.442416e+03 2.422551e+03 2.420946e+03 2.440811e+03
8.1 2.327980e+03 2.447047e+03 2.418498e+03 2.299432e+03
9.1 2.496564e+03 2.452094e+03 2.431051e+03 2.475521e+03
10.1 2.492200e+03 2.446421e+03 2.439131e+03 2.484911e+03
11.1 2.392047e+03 2.452740e+03 2.438369e+03 2.377676e+03
12.1 2.458096e+03 2.439650e+03 2.439474e+03 2.457920e+03
13.1 2.488992e+03 2.417198e+03 2.448386e+03 2.520179e+03
14.1 2.383615e+03 2.417090e+03 2.462538e+03 2.429063e+03
15.1 2.505003e+03 2.431985e+03 2.465969e+03 2.538988e+03
16.1 2.466146e+03 2.448271e+03 2.457223e+03 2.475099e+03
17.1 2.495332e+03 2.444871e+03 2.448248e+03 2.498708e+03
0.6 2.426771e+03 2.438713e+03 2.438021e+03 2.426078e+03
1.6 2.442416e+03 2.422551e+03 2.420946e+03 2.440811e+03
2.6 2.327980e+03 2.447047e+03 2.418498e+03 2.299432e+03
3.6 2.496564e+03 2.452094e+03 2.431051e+03 2.475521e+03
4.6 2.492200e+03 2.446421e+03 2.439131e+03 2.484911e+03
5.6 2.392047e+03 2.452740e+03 2.438369e+03 2.377676e+03
6.6 2.458096e+03 2.439650e+03 2.439474e+03 2.457920e+03
7.6 2.488992e+03 2.417198e+03 2.448386e+03 2.520179e+03
8.6 2.383615e+03 2.417090e+03 2.462538e+03 2.429063e+03
9.6 2.505003e+03 2.431985e+03 2.465969e+03 2.538988e+03
10.6 2.466146e+03 2.448271e+03 2.457223e+03 2.475099e+03
11.6 2.495332e+03 2.444871e+03 2.448248e+03 2.498708e+03
12.6 2.514564e+03 2.452788e+03 2.442946e+03 2.504722e+03
13.6 2.463336e+03 2.454736e+03 2.440525e+03 2.449125e+03
14.6 2.450959e+03 2.447237e+03 2.439858e+03 2.443580e+03
15.6 2.410351e+03 2.424448e+03 2.440135e+03 2.426038e+03
16.6 2.464440e+03 2.437792e+03 2.440754e+03 2.467402e+03
17.6 2.417104e+03 2.440994e+03 2.441347e+03 2.417457e+03
0.2 2.442416e+03 2.422551e+03 2.420946e+03 2.440811e+03
1.2 2.327980e+03 2.447047e+03 2.418498e+03 2.299432e+03
2.2 2.496564e+03 2.452094e+03 2.431051e+03 2.475521e+03
3.2 2.492200e+03 2.446421e+03 2.439131e+03 2.484911e+03
4.2 2.392047e+03 2.452740e+03 2.438369e+03 2.377676e+03
5.2 2.458096e+03 2.439650e+03 2.439474e+03 2.457920e+03
6.2 2.488992e+03 2.417198e+03 2.448386e+03 2.520179e+03
7.2 2.383615e+03 2.417090e+03 2.462538e+03 2.429063e+03
8.2 2.505003e+03 2.431985e+03 2.465969e+03 2.538988e+03
9.2 2.466146e+03 2.448271e+03 2.457223e+03 2.475099e+03
10.2 2.495332e+03 2.444871e+03 2.448248e+03 2.498708e+03
11.2 2.514564e+03 2.452788e+03 2.442946e+03 2.504722e+03
12.2 2.463336e+03 2.454736e+03 2.440525e+03 2.449125e+03
13.2 2.450959e+03 2.447237e+03 2.439858e+03 2.443580e+03
14.2 2.410351e+03 2.424448e+03 2.440135e+03 2.426038e+03
15.2 2.464440e+03 2.437792e+03 2.440754e+03 2.467402e+03
16.2 2.417104e+03 2.440994e+03 2.441347e+03 2.417457e+03
17.2 2.417885e+03 2.444803e+03 2.441779e+03 2.414861e+03
0.5 2.496564e+03 2.452094e+03 2.431051e+03 2.475521e+03
1.5 2.492200e+03 2.446421e+03 2.439131e+03 2.484911e+03
2.5 2.392047e+03 2.452740e+03 2.438369e+03 2.377676e+03
3.5 2.458096e+03 2.439650e+03 2.439474e+03 2.457920e+03
4.5 2.488992e+03 2.417198e+03 2.448386e+03 2.520179e+03
5.5 2.383615e+03 2.417090e+03 2.462538e+03 2.429063e+03
6.5 2.505003e+03 2.431985e+03 2.465969e+03 2.538988e+03
7.5 2.466146e+03 2.448271e+03 2.457223e+03 2.475099e+03
8.5 2.495332e+03 2.444871e+03 2.448248e+03 2.498708e+03
9.5 2.514564e+03 2.452788e+03 2.442946e+03 2.504722e+03
10.5 2.463336e+03 2.454736e+03 2.440525e+03 2.449125e+03
11.5 2.450959e+03 2.447237e+03 2.439858e+03 2.443580e+03
12.5 2.410351e+03 2.424448e+03 2.440135e+03 2.426038e+03
13.5 2.464440e+03 2.437792e+03 2.440754e+03 2.467402e+03
14.5 2.417104e+03 2.440994e+03 2.441347e+03 2.417457e+03
15.5 2.417885e+03 2.444803e+03 2.441779e+03 2.414861e+03
16.5 2.349796e+03 2.459722e+03 2.442054e+03 2.332128e+03
17.5 2.503873e+03 2.461252e+03 2.442218e+03 2.484839e+03
0.1 2.492200e+03 2.446421e+03 2.439131e+03 2.484911e+03
1.1 2.392047e+03 2.452740e+03 2.438369e+03 2.377676e+03
2.1 2.458096e+03 2.439650e+03 2.439474e+03 2.457920e+03
3.1 2.488992e+03 2.417198e+03 2.448386e+03 2.520179e+03
4.1 2.383615e+03 2.417090e+03 2.462538e+03 2.429063e+03
5.1 2.505003e+03 2.431985e+03 2.465969e+03 2.538988e+03
6.1 2.466146e+03 2.448271e+03 2.457223e+03 2.475099e+03
7.1 2.495332e+03 2.444871e+03 2.448248e+03 2.498708e+03
8.1 2.514564e+03 2.452788e+03 2.442946e+03 2.504722e+03
9.1 2.463336e+03 2.454736e+03 2.440525e+03 2.449125e+03
10.1 2.450959e+03 2.447237e+03 2.439858e+03 2.443580e+03
11.1 2.410351e+03 2.424448e+03 2.440135e+03 2.426038e+03
12.1 2.464440e+03 2.437792e+03 2.440754e+03 2.467402e+03
13.1 2.417104e+03 2.440994e+03 2.441347e+03 2.417457e+03
14.1 2.417885e+03 2.444803e+03 2.441779e+03 2.414861e+03
15.1 2.349796e+03 2.459722e+03 2.442054e+03 2.332128e+03
16.1 2.503873e+03 2.461252e+03 2.442218e+03 2.484839e+03
17.1 2.449687e+03 2.439976e+03 2.442320e+03 2.452031e+03
0.8 2.458096e+03 2.439650e+03 2.439474e+03 2.457920e+03
1.8 2.488992e+03 2.417198e+03 2.448386e+03 2.520179e+03
2.8 2.383615e+03 2.417090e+03 2.462538e+03 2.429063e+03
3.8 2.505003e+03 2.431985e+03 2.465969e+03 2.538988e+03
4.8 2.466146e+03 2.448271e+03 2.457223e+03 2.475099e+03
5.8 2.495332e+03 2.444871e+03 2.448248e+03 2.498708e+03
6.8 2.514564e+03 2.452788e+03 2.442946e+03 2.504722e+03
7.8 2.463336e+03 2.454736e+03 2.440525e+03 2.449125e+03
8.8 2.450959e+03 2.447237e+03 2.439858e+03 2.443580e+03
9.8 2.410351e+03 2.424448e+03 2.440135e+03 2.426038e+03
10.8 2.464440e+03 2.437792e+03 2.440754e+03 2.467402e+03
11.8 2.417104e+03 2.440994e+03 2.441347e+03 2.417457e+03
12.8 2.417885e+03 2.444803e+03 2.441779e+03 2.414861e+03
13.8 2.349796e+03 2.459722e+03 2.442054e+03 2.332128e+03
14.8 2.503873e+03 2.461252e+03 2.442218e+03 2.484839e+03
15.8 2.449687e+03 2.439976e+03 2.442320e+03 2.452031e+03
16.8 2.420451e+03 2.412153e+03 2.442392e+03 2.450690e+03
17.8 2.448743e+03 2.426297e+03 2.442454e+03 2.464901e+03
0.2 2.479930e+03 2.417784e+03 2.439563e+03 2.501709e+03
1.2 2.337555e+03 2.391774e+03 2.428135e+03 2.373916e+03
2.2 2.340174e+03 2.403797e+03 2.430146e+03 2.366522e+03
3.2 2.439526e+03 2.429660e+03 2.448268e+03 2.458134e+03
4.2 2.436119e+03 2.436523e+03 2.455081e+03 2.454678e+03
5.2 2.458289e+03 2.450806e+03 2.451626e+03 2.459109e+03
6.2 2.475676e+03 2.449151e+03 2.447312e+03 2.473836e+03
7.2 2.450641e+03 2.442256e+03 2.444514e+03 2.452900e+03
8.2 2.443968e+03 2.454366e+03 2.442934e+03 2.432535e+03
9.2 2.440138e+03 2.443827e+03 2.442237e+03 2.438547e+03
10.2 2.526156e+03 2.466242e+03 2.442137e+03 2.502050e+03
11.2 2.482187e+03 2.483672e+03 2.442322e+03 2.440838e+03
12.2 2.542803e+03 2.478998e+03 2.442558e+03 2.506364e+03
13.2 2.496113e+03 2.478641e+03 2.442736e+03 2.460208e+03
14.2 2.407835e+03 2.456215e+03 2.442845e+03 2.394465e+03
15.2 2.455478e+03 2.445723e+03 2.442907e+03 2.452662e+03
16.2 2.474122e+03 2.439997e+03 2.442943e+03 2.477067e+03
17.2 2.374270e+03 2.445022e+03 2.442964e+03 2.372212e+03
0.5 2.492598e+03 2.455865e+03 2.436157e+03 2.472890e+03
1.5 2.436225e+03 2.453925e+03 2.425817e+03 2.408117e+03
2.5 2.467391e+03 2.433133e+03 2.435495e+03 2.469753e+03
3.5 2.477290e+03 2.456021e+03 2.453214e+03 2.474483e+03
4.5 2.434167e+03 2.455472e+03 2.455699e+03 2.434395e+03
5.5 2.496143e+03 2.466314e+03 2.451000e+03 2.480829e+03
6.5 2.476436e+03 2.474829e+03 2.446847e+03 2.448453e+03
7.5 2.479032e+03 2.454942e+03 2.444297e+03 2.468388e+03
8.5 2.438167e+03 2.461361e+03 2.442918e+03 2.419724e+03
9.5 2.487597e+03 2.456667e+03 2.442395e+03 2.473325e+03
10.5 2.388302e+03 2.456277e+03 2.442415e+03 2.374440e+03
11.5 2.445149e+03 2.442974e+03 2.442660e+03 2.444835e+03
12.5 2.375078e+03 2.444433e+03 2.442919e+03 2.373565e+03
13.5 2.458941e+03 2.443216e+03 2.443115e+03 2.458840e+03
14.5 2.473499e+03 2.455067e+03 2.443244e+03 2.461677e+03
15.5 2.477929e+03 2.458906e+03 2.443330e+03 2.462352e+03
16.5 2.472861e+03 2.478490e+03 2.443394e+03 2.437765e+03
17.5 2.458377e+03 2.456579e+03 2.443448e+03 2.445246e+03
1.0 2.447529e+03 2.422051e+03 2.428740e+03 2.454218e+03
2.0 2.411207e+03 2.437941e+03 2.412334e+03 2.385601e+03
3.0 2.394116e+03 2.438962e+03 2.418151e+03 2.373305e+03
4.0 2.498338e+03 2.456139e+03 2.438603e+03 2.480802e+03
5.0 2.384181e+03 2.430740e+03 2.450268e+03 2.403709e+03
6.0 2.475178e+03 2.435432e+03 2.450071e+03 2.489816e+03
7.0 2.405002e+03 2.417557e+03 2.449775e+03 2.437220e+03
8.0 2.444997e+03 2.428062e+03 2.448019e+03 2.464954e+03
9.0 2.395333e+03 2.415922e+03 2.451561e+03 2.430971e+03
10.0 2.369729e+03 2.426588e+03 2.461233e+03 2.404374e+03
11.0 2.471017e+03 2.459308e+03 2.460592e+03 2.472301e+03
12.0 2.313364e+03 2.444557e+03 2.452465e+03 2.321271e+03
13.0 2.572822e+03 2.458792e+03 2.445797e+03 2.559827e+03
14.0 2.484437e+03 2.463205e+03 2.442236e+03 2.463469e+03
15.0 2.483837e+03 2.450823e+03 2.440769e+03 2.473783e+03
16.0 2.452615e+03 2.449400e+03 2.440510e+03 2.443725e+03
17.0 2.434053e+03 2.443028e+03 2.440851e+03 2.431876e+03
18.0 2.503486e+03 2.441554e+03 2.441360e+03 2.503293e+03
0.1 2.447529e+03 2.422051e+03 2.428740e+03 2.454218e+03
1.1 2.411207e+03 2.437941e+03 2.412334e+03 2.385601e+03
2.1 2.394116e+03 2.438962e+03 2.418151e+03 2.373305e+03
3.1 2.498338e+03 2.456139e+03 2.438603e+03 2.480802e+03
4.1 2.384181e+03 2.430740e+03 2.450268e+03 2.403709e+03
5.1 2.475178e+03 2.435432e+03 2.450071e+03 2.489816e+03
6.1 2.405002e+03 2.417557e+03 2.449775e+03 2.437220e+03
7.1 2.444997e+03 2.428062e+03 2.448019e+03 2.464954e+03
8.1 2.395333e+03 2.415922e+03 2.451561e+03 2.430971e+03
9.1 2.369729e+03 2.426588e+03 2.461233e+03 2.404374e+03
10.1 2.471017e+03 2.459308e+03 2.460592e+03 2.472301e+03
11.1 2.313364e+03 2.444557e+03 2.452465e+03 2.321271e+03
12.1 2.572822e+03 2.458792e+03 2.445797e+03 2.559827e+03
13.1 2.484437e+03 2.463205e+03 2.442236e+03 2.463469e+03
14.1 2.483837e+03 2.450823e+03 2.440769e+03 2.473783e+03
15.1 2.452615e+03 2.449400e+03 2.440510e+03 2.443725e+03
16.1 2.434053e+03 2.443028e+03 2.440851e+03 2.431876e+03
17.1 2.503486e+03 2.441554e+03 2.441360e+03 2.503293e+03
1.0 2.394116e+03 2.438962e+03 2.418151e+03 2.373305e+03
2.0 2.498338e+03 2.456139e+03 2.438603e+03 2.480802e+03
3.0 2.384181e+03 2.430740e+03 2.450268e+03 2.403709e+03
4.0 2.475178e+03 2.435432e+03 2.450071e+03 2.489816e+03
5.0 2.405002e+03 2.417557e+03 2.449775e+03 2.437220e+03
6.0 2.444997e+03 2.428062e+03 2.448019e+03 2.464954e+03
7.0 2.395333e+03 2.415922e+03 2.451561e+03 2.430971e+03
8.0 2.369729e+03 2.426588e+03 2.461233e+03 2.404374e+03
9.0 2.471017e+03 2.459308e+03 2.460592e+03 2.472301e+03
10.0 2.313364e+03 2.444557e+03 2.452465e+03 2.321271e+03
11.0 2.572822e+03 2.458792e+03 2.445797e+03 2.559827e+03
12.0 2.484437e+03 2.463205e+03 2.442236e+03 2.463469e+03
13.0 2.483837e+03 2.450823e+03 2.440769e+03 2.473783e+03
14.0 2.452615e+03 2.449400e+03 2.440510e+03 2.443725e+03
15.0 2.434053e+03 2.443028e+03 2.440851e+03 2.431876e+03
16.0 2.503486e+03 2.441554e+03 2.441360e+03 2.503293e+03
17.0 2.395390e+03 2.454122e+03 2.441798e+03 2.383066e+03
18.0 2.384597e+03 2.436705e+03 2.442095e+03 2.389987e+03
0.4 2.498338e+03 2.456139e+03 2.438603e+03 2.480802e+03
1.4 2.384181e+03 2.430740e+03 2.450268e+03 2.403709e+03
2.4 2.475178e+03 2.435432e+03 2.450071e+03 2.489816e+03
3.4 2.405002e+03 2.417557e+03 2.449775e+03 2.437220e+03
4.4 2.444997e+03 2.428062e+03 2.448019e+03 2.464954e+03
5.4 2.395333e+03 2.415922e+03 2.451561e+03 2.430971e+03
6.4 2.369729e+03 2.426588e+03 2.461233e+03 2.404374e+03
7.4 2.471017e+03 2.459308e+03 2.460592e+03 2.472301e+03
8.4 2.313364e+03 2.444557e+03 2.452465e+03 2.321271e+03
9.4 2.572822e+03 2.458792e+03 2.445797e+03 2.559827e+03
10.4 2.484437e+03 2.463205e+03 2.442236e+03 2.463469e+03
11.4 2.483837e+03 2.450823e+03 2.440769e+03 2.473783e+03
12.4 2.452615e+03 2.449400e+03 2.440510e+03 2.443725e+03
13.4 2.434053e+03 2.443028e+03 2.440851e+03 2.431876e+03
14.4 2.503486e+03 2.441554e+03 2.441360e+03 2.503293e+03
15.4 2.395390e+03 2.454122e+03 2.441798e+03 2.383066e+03
16.4 2.384597e+03 2.436705e+03 2.442095e+03 2.389987e+03
17.4 2.398967e+03 2.454836e+03 2.442274e+03 2.386405e+03
0.8 2.475178e+03 2.435432e+03 2.450071e+03 2.489816e+03
1.8 2.405002e+03 2.417557e+03 2.449775e+03 2.437220e+03
2.8 2.444997e+03 2.428062e+03 2.448019e+03 2.464954e+03
3.8 2.395333e+03 2.415922e+03 2.451561e+03 2.430971e+03
4.8 2.369729e+03 2.426588e+03 2.461233e+03 2.404374e+03
5.8 2.471017e+03 2.459308e+03 2.460592e+03 2.472301e+03
6.8 2.313364e+03 2.444557e+03 2.452465e+03 2.321271e+03
7.8 2.572822e+03 2.458792e+03 2.445797e+03 2.559827e+03
8.8 2.484437e+03 2.463205e+03 2.442236e+03 2.463469e+03
9.8 2.483837e+03 2.450823e+03 2.440769e+03 2.473783e+03
10.8 2.452615e+03 2.449400e+03 2.440510e+03 2.443725e+03
11.8 2.434053e+03 2.443028e+03 2.440851e+03 2.431876e+03
12.8 2.503486e+03 2.441554e+03 2.441360e+03 2.503293e+03
13.8 2.395390e+03 2.454122e+03 2.441798e+03 2.383066e+03
14.8 2.384597e+03 2.436705e+03 2.442095e+03 2.389987e+03
15.8 2.398967e+03 2.454836e+03 2.442274e+03 2.386405e+03
16.8 2.422716e+03 2.441206e+03 2.442387e+03 2.423897e+03
17.8 2.476247e+03 2.453264e+03 2.442467e+03 2.465449e+03
0.1 2.405002e+03 2.417557e+03 2.449775e+03 2.437220e+03
1.1 2.444997e+03 2.428062e+03 2.448019e+03 2.464954e+03
2.1 2.395333e+03 2.415922e+03 2.451561e+03 2.430971e+03
3.1 2.369729e+03 2.426588e+03 2.461233e+03 2.404374e+03
4.1 2.471017e+03 2.459308e+03 2.460592e+03 2.472301e+03
5.1 2.313364e+03 2.444557e+03 2.452465e+03 2.321271e+03
6.1 2.572822e+03 2.458792e+03 2.445797e+03 2.559827e+03
7.1 2.484437e+03 2.463205e+03 2.442236e+03 2.463469e+03
8.1 2.483837e+03 2.450823e+03 2.440769e+03 2.473783e+03
9.1 2.452615e+03 2.449400e+03 2.440510e+03 2.443725e+03
10.1 2.434053e+03 2.443028e+03 2.440851e+03 2.431876e+03
11.1 2.503486e+03 2.441554e+03 2.441360e+03 2.503293e+03
12.1 2.395390e+03 2.454122e+03 2.441798e+03 2.383066e+03
13.1 2.384597e+03 2.436705e+03 2.442095e+03 2.389987e+03
14.1 2.398967e+03 2.454836e+03 2.442274e+03 2.386405e+03
15.1 2.422716e+03 2.441206e+03 2.442387e+03 2.423897e+03
16.1 2.476247e+03 2.453264e+03 2.442467e+03 2.465449e+03
17.1 2.445404e+03 2.459768e+03 2.442531e+03 2.428166e+03
0.5 2.527029e+03 2.450300e+03 2.437058e+03 2.513787e+03
1.5 2.453078e+03 2.431466e+03 2.420829e+03 2.442442e+03
2.5 2.487909e+03 2.421186e+03 2.418681e+03 2.485405e+03
3.5 2.420635e+03 2.462682e+03 2.428707e+03 2.386660e+03
4.5 2.488927e+03 2.472488e+03 2.428212e+03 2.444651e+03
5.5 2.509600e+03 2.467426e+03 2.428879e+03 2.471053e+03
6.5 2.420208e+03 2.456734e+03 2.446763e+03 2.410236e+03
7.5 2.514933e+03 2.452464e+03 2.461744e+03 2.524213e+03
8.5 2.399281e+03 2.446153e+03 2.460897e+03 2.414025e+03
9.5 2.442981e+03 2.450811e+03 2.452371e+03 2.444542e+03
10.5 2.469438e+03 2.430088e+03 2.441444e+03 2.480794e+03
11.5 2.375006e+03 2.446050e+03 2.434233e+03 2.363190e+03
12.5 2.456586e+03 2.422698e+03 2.443380e+03 2.477268e+03
13.5 2.432154e+03 2.430755e+03 2.462992e+03 2.464392e+03
14.5 2.408488e+03 2.439729e+03 2.466768e+03 2.435526e+03
15.5 2.443042e+03 2.444423e+03 2.457112e+03 2.455732e+03
16.5 2.407028e+03 2.447698e+03 2.447768e+03 2.407098e+03
17.5 2.424597e+03 2.441444e+03 2.442265e+03 2.425418e+03
0.4 2.453078e+03 2.431466e+03 2.420829e+03 2.442442e+03
1.4 2.487909e+03 2.421186e+03 2.418681e+03 2.485405e+03
2.4 2.420635e+03 2.462682e+03 2.428707e+03 2.386660e+03
3.4 2.488927e+03 2.472488e+03 2.428212e+03 2.444651e+03
4.4 2.509600e+03 2.467426e+03 2.428879e+03 2.471053e+03
5.4 2.420208e+03 2.456734e+03 2.446763e+03 2.410236e+03
6.4 2.514933e+03 2.452464e+03 2.461744e+03 2.524213e+03
7.4 2.399281e+03 2.446153e+03 2.460897e+03 2.414025e+03
8.4 2.442981e+03 2.450811e+03 2.452371e+03 2.444542e+03
9.4 2.469438e+03 2.430088e+03 2.441444e+03 2.480794e+03
10.4 2.375006e+03 2.446050e+03 2.434233e+03 2.363190e+03
11.4 2.456586e+03 2.422698e+03 2.443380e+03 2.477268e+03
12.4 2.432154e+03 2.430755e+03 2.462992e+03 2.464392e+03
13.4 2.408488e+03 2.439729e+03 2.466768e+03 2.435526e+03
14.4 2.443042e+03 2.444423e+03 2.457112e+03 2.455732e+03
15.4 2.407028e+03 2.447698e+03 2.447768e+03 2.407098e+03
16.4 2.424597e+03 2.441444e+03 2.442265e+03 2.425418e+03
17.4 2.481293e+03 2.458771e+03 2.439649e+03 2.462171e+03
1.0 2.420635e+03 2.462682e+03 2.428707e+03 2.386660e+03
2.0 2.488927e+03 2.472488e+03 2.428212e+03 2.444651e+03
3.0 2.509600e+03 2.467426e+03 2.428879e+03 2.471053e+03
4.0 2.420208e+03 2.456734e+03 2.446763e+03 2.410236e+03
5.0 2.514933e+03 2.452464e+03 2.461744e+03 2.524213e+03
6.0 2.399281e+03 2.446153e+03 2.460897e+03 2.414025e+03
7.0 2.442981e+03 2.450811e+03 2.452371e+03 2.444542e+03
8.0 2.469438e+03 2.430088e+03 2.441444e+03 2.480794e+03
9.0 2.375006e+03 2.446050e+03 2.434233e+03 2.363190e+03
10.0 2.456586e+03 2.422698e+03 2.443380e+03 2.477268e+03
11.0 2.432154e+03 2.430755e+03 2.462992e+03 2.464392e+03
12.0 2.408488e+03 2.439729e+03 2.466768e+03 2.435526e+03
13.0 2.443042e+03 2.444423e+03 2.457112e+03 2.455732e+03
14.0 2.407028e+03 2.447698e+03 2.447768e+03 2.407098e+03
15.0 2.424597e+03 2.441444e+03 2.442265e+03 2.425418e+03
16.0 2.481293e+03 2.458771e+03 2.439649e+03 2.462171e+03
17.0 2.421106e+03 2.445790e+03 2.438841e+03 2.414157e+03
18.0 2.443175e+03 2.425811e+03 2.439033e+03 2.456398e+03
0.3 2.420635e+03 2.462682e+03 2.428707e+03 2.386660e+03
1.3 2.488927e+03 2.472488e+03 2.428212e+03 2.444651e+03
2.3 2.509600e+03 2.467426e+03 2.428879e+03 2.471053e+03
3.3 2.420208e+03 2.456734e+03 2.446763e+03 2.410236e+03
4.3 2.514933e+03 2.452464e+03 2.461744e+03 2.524213e+03
5.3 2.399281e+03 2.446153e+03 2.460897e+03 2.414025e+03
6.3 2.442981e+03 2.450811e+03 2.452371e+03 2.444542e+03
7.3 2.469438e+03 2.430088e+03 2.441444e+03 2.480794e+03
8.3 2.375006e+03 2.446050e+03 2.434233e+03 2.363190e+03
9.3 2.456586e+03 2.422698e+03 2.443380e+03 2.477268e+03
10.3 2.432154e+03 2.430755e+03 2.462992e+03 2.464392e+03
11.3 2.408488e+03 2.439729e+03 2.466768e+03 2.435526e+03
12.3 2.443042e+03 2.444423e+03 2.457112e+03 2.455732e+03
13.3 2.407028e+03 2.447698e+03 2.447768e+03 2.407098e+03
14.3 2.424597e+03 2.441444e+03 2.442265e+03 2.425418e+03
15.3 2.481293e+03 2.458771e+03 2.439649e+03 2.462171e+03
16.3 2.421106e+03 2.445790e+03 2.438841e+03 2.414157e+03
17.3 2.443175e+03 2.425811e+03 2.439033e+03 2.456398e+03
0.4 2.488927e+03 2.472488e+03 2.428212e+03 2.444651e+03
1.4 2.509600e+03 2.467426e+03 2.428879e+03 2.471053e+03
2.4 2.420208e+03 2.456734e+03 2.446763e+03 2.410236e+03
3.4 2.514933e+03 2.452464e+03 2.461744e+03 2.524213e+03
4.4 2.399281e+03 2.446153e+03 2.460897e+03 2.414025e+03
5.4 2.442981e+03 2.450811e+03 2.452371e+03 2.444542e+03
6.4 2.469438e+03 2.430088e+03 2.441444e+03 2.480794e+03
7.4 2.375006e+03 2.446050e+03 2.434233e+03 2.363190e+03
8.4 2.456586e+03 2.422698e+03 2.443380e+03 2.477268e+03
9.4 2.432154e+03 2.430755e+03 2.462992e+03 2.464392e+03
10.4 2.408488e+03 2.439729e+03 2.466768e+03 2.435526e+03
11.4 2.443042e+03 2.444423e+03 2.457112e+03 2.455732e+03
12.4 2.407028e+03 2.447698e+03 2.447768e+03 2.407098e+03
13.4 2.424597e+03 2.441444e+03 2.442265e+03 2.425418e+03
14.4 2.481293e+03 2.458771e+03 2.439649e+03 2.462171e+03
15.4 2.421106e+03 2.445790e+03 2.438841e+03 2.414157e+03
16.4 2.443175e+03 2.425811e+03 2.439033e+03 2.456398e+03
17.4 2.431449e+03 2.423982e+03 2.439591e+03 2.447058e+03
0.6 2.509600e+03 2.467426e+03 2.428879e+03 2.471053e+03
1.6 2.420208e+03 2.456734e+03 2.446763e+03 2.410236e+03
2.6 2.514933e+03 2.452464e+03 2.461744e+03 2.524213e+03
3.6 2.399281e+03 2.446153e+03 2.460897e+03 2.414025e+03
4.6 2.442981e+03 2.450811e+03 2.452371e+03 2.444542e+03
5.6 2.469438e+03 2.430088e+03 2.441444e+03 2.480794e+03
6.6 2.375006e+03 2.446050e+03 2.434233e+03 2.363190e+03
7.6 2.456586e+03 2.422698e+03 2.443380e+03 2.477268e+03
8.6 2.432154e+03 2.430755e+03 2.462992e+03 2.464392e+03
9.6 2.408488e+03 2.439729e+03 2.466768e+03 2.435526e+03
10.6 2.443042e+03 2.444423e+03 2.457112e+03 2.455732e+03
11.6 2.407028e+03 2.447698e+03 2.447768e+03 2.407098e+03
12.6 2.424597e+03 2.441444e+03 2.442265e+03 2.425418e+03
13.6 2.481293e+03 2.458771e+03 2.439649e+03 2.462171e+03
14.6 2.421106e+03 2.445790e+03 2.438841e+03 2.414157e+03
15.6 2.443175e+03 2.425811e+03 2.439033e+03 2.456398e+03
16.6 2.431449e+03 2.423982e+03 2.439591e+03 2.447058e+03
17.6 2.453023e+03 2.429545e+03 2.440124e+03 2.463602e+03
1.0 2.514933e+03 2.452464e+03 2.461744e+03 2.524213e+03
2.0 2.399281e+03 2.446153e+03 2.460897e+03 2.414025e+03
3.0 2.442981e+03 2.450811e+03 2.452371e+03 2.444542e+03
4.0 2.469438e+03 2.430088e+03 2.441444e+03 2.480794e+03
5.0 2.375006e+03 2.446050e+03 2.434233e+03 2.363190e+03
6.0 2.456586e+03 2.422698e+03 2.443380e+03 2.477268e+03
7.0 2.432154e+03 2.430755e+03 2.462992e+03 2.464392e+03
8.0 2.408488e+03 2.439729e+03 2.466768e+03 2.435526e+03
9.0 2.443042e+03 2.444423e+03 2.457112e+03 2.455732e+03
10.0 2.407028e+03 2.447698e+03 2.447768e+03 2.407098e+03
11.0 2.424597e+03 2.441444e+03 2.442265e+03 2.425418e+03
12.0 2.481293e+03 2.458771e+03 2.439649e+03 2.462171e+03
13.0 2.421106e+03 2.445790e+03 2.438841e+03 2.414157e+03
14.0 2.443175e+03 2.425811e+03 2.439033e+03 2.456398e+03
15.0 2.431449e+03 2.423982e+03 2.439591e+03 2.447058e+03
16.0 2.453023e+03 2.429545e+03 2.440124e+03 2.463602e+03
17.0 2.460600e+03 2.458209e+03 2.440491e+03 2.442882e+03
18.0 2.491733e+03 2.459686e+03 2.440702e+03 2.472749e+03
0.4 2.399281e+03 2.446153e+03 2.460897e+03 2.414025e+03
1.4 2.442981e+03 2.450811e+03 2.452371e+03 2.444542e+03
2.4 2.469438e+03 2.430088e+03 2.441444e+03 2.480794e+03
3.4 2.375006e+03 2.446050e+03 2.434233e+03 2.363190e+03
4.4 2.456586e+03 2.422698e+03 2.443380e+03 2.477268e+03
5.4 2.432154e+03 2.430755e+03 2.462992e+03 2.464392e+03
6.4 2.408488e+03 2.439729e+03 2.466768e+03 2.435526e+03
7.4 2.443042e+03 2.444423e+03 2.457112e+03 2.455732e+03
8.4 2.407028e+03 2.447698e+03 2.447768e+03 2.407098e+03
9.4 2.424597e+03 2.441444e+03 2.442265e+03 2.425418e+03
10.4 2.481293e+03 2.458771e+03 2.439649e+03 2.462171e+03
11.4 2.421106e+03 2.445790e+03 2.438841e+03 2.414157e+03
12.4 2.443175e+03 2.425811e+03 2.439033e+03 2.456398e+03
13.4 2.431449e+03 2.423982e+03 2.439591e+03 2.447058e+03
14.4 2.453023e+03 2.429545e+03 2.440124e+03 2.463602e+03
15.4 2.460600e+03 2.458209e+03 2.440491e+03 2.442882e+03
16.4 2.491733e+03 2.459686e+03 2.440702e+03 2.472749e+03
17.4 2.282542e+03 2.413659e+03 2.440817e+03 2.309700e+03
0.9 2.469438e+03 2.430088e+03 2.441444e+03 2.480794e+03
1.9 2.375006e+03 2.446050e+03 2.434233e+03 2.363190e+03
2.9 2.456586e+03 2.422698e+03 2.443380e+03 2.477268e+03
3.9 2.432154e+03 2.430755e+03 2.462992e+03 2.464392e+03
4.9 2.408488e+03 2.439729e+03 2.466768e+03 2.435526e+03
5.9 2.443042e+03 2.444423e+03 2.457112e+03 2.455732e+03
6.9 2.407028e+03 2.447698e+03 2.447768e+03 2.407098e+03
7.9 2.424597e+03 2.441444e+03 2.442265e+03 2.425418e+03
8.9 2.481293e+03 2.458771e+03 2.439649e+03 2.462171e+03
9.9 2.421106e+03 2.445790e+03 2.438841e+03 2.414157e+03
10.9 2.443175e+03 2.425811e+03 2.439033e+03 2.456398e+03
11.9 2.431449e+03 2.423982e+03 2.439591e+03 2.447058e+03
12.9 2.453023e+03 2.429545e+03 2.440124e+03 2.463602e+03
13.9 2.460600e+03 2.458209e+03 2.440491e+03 2.442882e+03
14.9 2.491733e+03 2.459686e+03 2.440702e+03 2.472749e+03
15.9 2.282542e+03 2.413659e+03 2.440817e+03 2.309700e+03
16.9 2.475929e+03 2.448768e+03 2.440888e+03 2.468050e+03
17.9 2.467457e+03 2.454088e+03 2.440946e+03 2.454315e+03
0.9 2.375006e+03 2.446050e+03 2.434233e+03 2.363190e+03
1.9 2.456586e+03 2.422698e+03 2.443380e+03 2.477268e+03
2.9 2.432154e+03 2.430755e+03 2.462992e+03 2.464392e+03
3.9 2.408488e+03 2.439729e+03 2.466768e+03 2.435526e+03
4.9 2.443042e+03 2.444423e+03 2.457112e+03 2.455732e+03
5.9 2.407028e+03 2.447698e+03 2.447768e+03 2.407098e+03
6.9 2.424597e+03 2.441444e+03 2.442265e+03 2.425418e+03
7.9 2.481293e+03 2.458771e+03 2.439649e+03 2.462171e+03
8.9 2.421106e+03 2.445790e+03 2.438841e+03 2.414157e+03
9.9 2.443175e+03 2.425811e+03 2.439033e+03 2.456398e+03
10.9 2.431449e+03 2.423982e+03 2.439591e+03 2.447058e+03
11.9 2.453023e+03 2.429545e+03 2.440124e+03 2.463602e+03
12.9 2.460600e+03 2.458209e+03 2.440491e+03 2.442882e+03
13.9 2.491733e+03 2.459686e+03 2.440702e+03 2.472749e+03
14.9 2.282542e+03 2.413659e+03 2.440817e+03 2.309700e+03
15.9 2.475929e+03 2.448768e+03 2.440888e+03 2.468050e+03
16.9 2.467457e+03 2.454088e+03 2.440946e+03 2.454315e+03
17.9 2.408274e+03 2.459739e+03 2.441007e+03 2.389542e+03
