0.5 2.389046e+03 2.438849e+03 2.442284e+03 2.392481e+03
1.5 2.435998e+03 2.438062e+03 2.445141e+03 2.443077e+03
2.5 2.397041e+03 2.460614e+03 2.449717e+03 2.386144e+03
3.5 2.448355e+03 2.461698e+03 2.448645e+03 2.435302e+03
4.5 2.515210e+03 2.444562e+03 2.445443e+03 2.516091e+03
5.5 2.408214e+03 2.410720e+03 2.443148e+03 2.440642e+03
6.5 2.412035e+03 2.413818e+03 2.441966e+03 2.440184e+03
7.5 2.474564e+03 2.424369e+03 2.441495e+03 2.491690e+03
8.5 2.380478e+03 2.451590e+03 2.441439e+03 2.370327e+03
9.5 2.506886e+03 2.441185e+03 2.441585e+03 2.507287e+03
10.5 2.481994e+03 2.436862e+03 2.441776e+03 2.486908e+03
11.5 2.416322e+03 2.429542e+03 2.441932e+03 2.428712e+03
12.5 2.487167e+03 2.474494e+03 2.442035e+03 2.454708e+03
13.5 2.423068e+03 2.462669e+03 2.442097e+03 2.402495e+03
14.5 2.416866e+03 2.433752e+03 2.442135e+03 2.425250e+03
15.5 2.437062e+03 2.436483e+03 2.442162e+03 2.442742e+03
16.5 2.396330e+03 2.430749e+03 2.442195e+03 2.407776e+03
17.5 2.463457e+03 2.417314e+03 2.444731e+03 2.490874e+03
0.4 2.396330e+03 2.430749e+03 2.442195e+03 2.407776e+03
1.4 2.463457e+03 2.417314e+03 2.444731e+03 2.490874e+03
2.4 2.314965e+03 2.410878e+03 2.449216e+03 2.353303e+03
3.4 2.453759e+03 2.458215e+03 2.448429e+03 2.443973e+03
4.4 2.511862e+03 2.482701e+03 2.445477e+03 2.474638e+03
5.4 2.537134e+03 2.481626e+03 2.443330e+03 2.498838e+03
6.4 2.517645e+03 2.468634e+03 2.442238e+03 2.491249e+03
7.4 2.423106e+03 2.460744e+03 2.441823e+03 2.404185e+03
8.4 2.467160e+03 2.466551e+03 2.441804e+03 2.442413e+03
9.4 2.435159e+03 2.464538e+03 2.441977e+03 2.412598e+03
10.4 2.436533e+03 2.445340e+03 2.442194e+03 2.433387e+03
11.4 2.484036e+03 2.465910e+03 2.442376e+03 2.460502e+03
12.4 2.489129e+03 2.492417e+03 2.442505e+03 2.439217e+03
13.4 2.491569e+03 2.498221e+03 2.442591e+03 2.435939e+03
14.4 2.392279e+03 2.424665e+03 2.442650e+03 2.410264e+03
15.4 2.418352e+03 2.432043e+03 2.442695e+03 2.429004e+03
16.4 2.462205e+03 2.415250e+03 2.442733e+03 2.489688e+03
17.4 2.389569e+03 2.422602e+03 2.442767e+03 2.409733e+03
0.1 2.440138e+03 2.443827e+03 2.442045e+03 2.438355e+03
1.1 2.526156e+03 2.466242e+03 2.443138e+03 2.503051e+03
2.1 2.482187e+03 2.483672e+03 2.448100e+03 2.446615e+03
3.1 2.542803e+03 2.478998e+03 2.448837e+03 2.512643e+03
4.1 2.496113e+03 2.478641e+03 2.446016e+03 2.463487e+03
5.1 2.407835e+03 2.456215e+03 2.443487e+03 2.395108e+03
6.1 2.455478e+03 2.445723e+03 2.442095e+03 2.451851e+03
7.1 2.474122e+03 2.439997e+03 2.443996e+03 2.478120e+03
8.1 2.374270e+03 2.445022e+03 2.448316e+03 2.377564e+03
9.1 2.457457e+03 2.470656e+03 2.447615e+03 2.434415e+03
10.1 2.491422e+03 2.471021e+03 2.444834e+03 2.465235e+03
11.1 2.430840e+03 2.472362e+03 2.442843e+03 2.401321e+03
12.1 2.467672e+03 2.454940e+03 2.441858e+03 2.454589e+03
13.1 2.481244e+03 2.445937e+03 2.441504e+03 2.476812e+03
14.1 2.472775e+03 2.451103e+03 2.441519e+03 2.463190e+03
15.1 2.466976e+03 2.455086e+03 2.441710e+03 2.453600e+03
16.1 2.425139e+03 2.434235e+03 2.441938e+03 2.432842e+03
17.1 2.520338e+03 2.441377e+03 2.442128e+03 2.521089e+03
0.4 2.455478e+03 2.445723e+03 2.442095e+03 2.451851e+03
1.4 2.474122e+03 2.439997e+03 2.443996e+03 2.478120e+03
2.4 2.374270e+03 2.445022e+03 2.448316e+03 2.377564e+03
3.4 2.457457e+03 2.470656e+03 2.447615e+03 2.434415e+03
4.4 2.491422e+03 2.471021e+03 2.444834e+03 2.465235e+03
5.4 2.430840e+03 2.472362e+03 2.442843e+03 2.401321e+03
6.4 2.467672e+03 2.454940e+03 2.441858e+03 2.454589e+03
7.4 2.481244e+03 2.445937e+03 2.441504e+03 2.476812e+03
8.4 2.472775e+03 2.451103e+03 2.441519e+03 2.463190e+03
9.4 2.466976e+03 2.455086e+03 2.441710e+03 2.453600e+03
10.4 2.425139e+03 2.434235e+03 2.441938e+03 2.432842e+03
11.4 2.520338e+03 2.441377e+03 2.442128e+03 2.521089e+03
12.4 2.440103e+03 2.441137e+03 2.442263e+03 2.441229e+03
13.4 2.356146e+03 2.468749e+03 2.442354e+03 2.329751e+03
14.4 2.471617e+03 2.461730e+03 2.442417e+03 2.452304e+03
15.4 2.375271e+03 2.453653e+03 2.442464e+03 2.364082e+03
16.4 2.440064e+03 2.414307e+03 2.442502e+03 2.468258e+03
17.4 2.393343e+03 2.396035e+03 2.442533e+03 2.439841e+03
0.3 2.378565e+03 2.460106e+03 2.442415e+03 2.360875e+03
1.3 2.514609e+03 2.418695e+03 2.444349e+03 2.540263e+03
2.3 2.436060e+03 2.423034e+03 2.449480e+03 2.462505e+03
3.3 2.440959e+03 2.465064e+03 2.449329e+03 2.425224e+03
4.3 2.506192e+03 2.478282e+03 2.446186e+03 2.474096e+03
5.3 2.460263e+03 2.455665e+03 2.443686e+03 2.448283e+03
6.3 2.391675e+03 2.420421e+03 2.442350e+03 2.413603e+03
7.3 2.403518e+03 2.428479e+03 2.441788e+03 2.416827e+03
8.3 2.288005e+03 2.434888e+03 2.441684e+03 2.294802e+03
9.3 2.476812e+03 2.448862e+03 2.441813e+03 2.469763e+03
10.3 2.435408e+03 2.418765e+03 2.442006e+03 2.458649e+03
11.3 2.563645e+03 2.451356e+03 2.442169e+03 2.554458e+03
12.3 2.513907e+03 2.452977e+03 2.442277e+03 2.503206e+03
13.3 2.506632e+03 2.470139e+03 2.442336e+03 2.478829e+03
14.3 2.396205e+03 2.435936e+03 2.442367e+03 2.402636e+03
15.3 2.408179e+03 2.434952e+03 2.442381e+03 2.415608e+03
16.3 2.401651e+03 2.426993e+03 2.442387e+03 2.417046e+03
17.3 2.446781e+03 2.443681e+03 2.442391e+03 2.445491e+03
0.3 2.390736e+03 2.444587e+03 2.442413e+03 2.388562e+03
1.3 2.410419e+03 2.446257e+03 2.444302e+03 2.408464e+03
2.3 2.483743e+03 2.433178e+03 2.449116e+03 2.499680e+03
3.3 2.492598e+03 2.455865e+03 2.448925e+03 2.485658e+03
4.3 2.436225e+03 2.453925e+03 2.445989e+03 2.428289e+03
5.3 2.467391e+03 2.433133e+03 2.443679e+03 2.477937e+03
6.3 2.477290e+03 2.456021e+03 2.442461e+03 2.463730e+03
7.3 2.434167e+03 2.455472e+03 2.441964e+03 2.420659e+03
8.3 2.496143e+03 2.466314e+03 2.441893e+03 2.471722e+03
9.3 2.476436e+03 2.474829e+03 2.442039e+03 2.443645e+03
10.3 2.479032e+03 2.454942e+03 2.442244e+03 2.466334e+03
11.3 2.438167e+03 2.461361e+03 2.442421e+03 2.419227e+03
12.3 2.487597e+03 2.456667e+03 2.442547e+03 2.473477e+03
13.3 2.388302e+03 2.456277e+03 2.442629e+03 2.374654e+03
14.3 2.445149e+03 2.442974e+03 2.442686e+03 2.444860e+03
15.3 2.375078e+03 2.444433e+03 2.442727e+03 2.373372e+03
16.3 2.458941e+03 2.443216e+03 2.442760e+03 2.458485e+03
17.3 2.473499e+03 2.455067e+03 2.442789e+03 2.461221e+03
0.9 2.511568e+03 2.444789e+03 2.442943e+03 2.509722e+03
1.9 2.442276e+03 2.456446e+03 2.447600e+03 2.433430e+03
2.9 2.480742e+03 2.454241e+03 2.449677e+03 2.476178e+03
3.9 2.408353e+03 2.468866e+03 2.447243e+03 2.386730e+03
4.9 2.429648e+03 2.452840e+03 2.444499e+03 2.421307e+03
5.9 2.445560e+03 2.452331e+03 2.442873e+03 2.436102e+03
6.9 2.510193e+03 2.445893e+03 2.442125e+03 2.506425e+03
7.9 2.462917e+03 2.447704e+03 2.441907e+03 2.457120e+03
8.9 2.429956e+03 2.436391e+03 2.441984e+03 2.435548e+03
9.9 2.432213e+03 2.422281e+03 2.442176e+03 2.452109e+03
10.9 2.360371e+03 2.431275e+03 2.442368e+03 2.371464e+03
11.9 2.431314e+03 2.419105e+03 2.442512e+03 2.454721e+03
12.9 2.426819e+03 2.418897e+03 2.442607e+03 2.450529e+03
13.9 2.486728e+03 2.440823e+03 2.442669e+03 2.488575e+03
14.9 2.397931e+03 2.429605e+03 2.442712e+03 2.411038e+03
15.9 2.424314e+03 2.446704e+03 2.442746e+03 2.420356e+03
16.9 2.445956e+03 2.450726e+03 2.442776e+03 2.438006e+03
17.9 2.384648e+03 2.449255e+03 2.442803e+03 2.378197e+03
