0.7 2.457877e+03 2.448650e+03 2.444670e+03 2.453896e+03
1.7 2.392367e+03 2.441248e+03 2.443387e+03 2.394506e+03
2.7 2.411154e+03 2.444776e+03 2.442412e+03 2.408791e+03
3.7 2.433275e+03 2.440297e+03 2.441862e+03 2.434839e+03
4.7 2.536198e+03 2.423945e+03 2.441991e+03 2.554244e+03
5.7 2.481568e+03 2.446620e+03 2.442340e+03 2.477288e+03
6.7 2.408089e+03 2.439662e+03 2.442628e+03 2.411055e+03
7.7 2.503691e+03 2.442190e+03 2.442811e+03 2.504312e+03
8.7 2.447706e+03 2.432467e+03 2.442908e+03 2.458148e+03
9.7 2.464347e+03 2.411762e+03 2.442947e+03 2.495532e+03
10.7 2.444347e+03 2.428351e+03 2.442954e+03 2.458951e+03
11.7 2.319105e+03 2.438471e+03 2.442949e+03 2.323583e+03
12.7 2.446726e+03 2.449595e+03 2.442943e+03 2.440074e+03
13.7 2.446330e+03 2.449441e+03 2.442938e+03 2.439827e+03
14.7 2.508918e+03 2.434419e+03 2.442934e+03 2.517433e+03
15.7 2.391506e+03 2.458961e+03 2.442931e+03 2.375476e+03
16.7 2.502498e+03 2.441300e+03 2.442927e+03 2.504125e+03
17.7 2.375042e+03 2.441921e+03 2.442923e+03 2.376044e+03
0.8 2.392367e+03 2.441248e+03 2.443387e+03 2.394506e+03
1.8 2.411154e+03 2.444776e+03 2.442412e+03 2.408791e+03
2.8 2.433275e+03 2.440297e+03 2.441862e+03 2.434839e+03
3.8 2.536198e+03 2.423945e+03 2.441991e+03 2.554244e+03
4.8 2.481568e+03 2.446620e+03 2.442340e+03 2.477288e+03
5.8 2.408089e+03 2.439662e+03 2.442628e+03 2.411055e+03
6.8 2.503691e+03 2.442190e+03 2.442811e+03 2.504312e+03
7.8 2.447706e+03 2.432467e+03 2.442908e+03 2.458148e+03
8.8 2.464347e+03 2.411762e+03 2.442947e+03 2.495532e+03
9.8 2.444347e+03 2.428351e+03 2.442954e+03 2.458951e+03
10.8 2.319105e+03 2.438471e+03 2.442949e+03 2.323583e+03
11.8 2.446726e+03 2.449595e+03 2.442943e+03 2.440074e+03
12.8 2.446330e+03 2.449441e+03 2.442938e+03 2.439827e+03
13.8 2.508918e+03 2.434419e+03 2.442934e+03 2.517433e+03
14.8 2.391506e+03 2.458961e+03 2.442931e+03 2.375476e+03
15.8 2.502498e+03 2.441300e+03 2.442927e+03 2.504125e+03
16.8 2.375042e+03 2.441921e+03 2.442923e+03 2.376044e+03
17.8 2.441001e+03 2.423537e+03 2.442918e+03 2.460382e+03
0.8 2.448889e+03 2.457365e+03 2.443024e+03 2.434547e+03
1.8 2.450790e+03 2.467690e+03 2.444092e+03 2.427192e+03
2.8 2.389046e+03 2.438849e+03 2.444336e+03 2.394532e+03
3.8 2.435998e+03 2.438062e+03 2.442980e+03 2.440916e+03
4.8 2.397041e+03 2.460614e+03 2.442194e+03 2.378622e+03
5.8 2.448355e+03 2.461698e+03 2.442453e+03 2.429110e+03
6.8 2.515210e+03 2.444562e+03 2.442664e+03 2.513312e+03
7.8 2.408214e+03 2.410720e+03 2.442320e+03 2.439813e+03
8.8 2.412035e+03 2.413818e+03 2.442087e+03 2.440304e+03
9.8 2.474564e+03 2.424369e+03 2.441765e+03 2.491960e+03
10.8 2.380478e+03 2.451590e+03 2.442477e+03 2.371365e+03
11.8 2.506886e+03 2.441185e+03 2.445418e+03 2.511120e+03
12.8 2.481994e+03 2.436862e+03 2.445921e+03 2.491052e+03
13.8 2.416322e+03 2.429542e+03 2.444752e+03 2.431532e+03
14.8 2.487167e+03 2.474494e+03 2.444653e+03 2.457326e+03
15.8 2.423068e+03 2.462669e+03 2.444631e+03 2.405030e+03
16.8 2.416866e+03 2.433752e+03 2.443469e+03 2.426584e+03
17.8 2.437062e+03 2.436483e+03 2.442285e+03 2.442864e+03
0.3 2.450790e+03 2.467690e+03 2.444092e+03 2.427192e+03
1.3 2.389046e+03 2.438849e+03 2.444336e+03 2.394532e+03
2.3 2.435998e+03 2.438062e+03 2.442980e+03 2.440916e+03
3.3 2.397041e+03 2.460614e+03 2.442194e+03 2.378622e+03
4.3 2.448355e+03 2.461698e+03 2.442453e+03 2.429110e+03
5.3 2.515210e+03 2.444562e+03 2.442664e+03 2.513312e+03
6.3 2.408214e+03 2.410720e+03 2.442320e+03 2.439813e+03
7.3 2.412035e+03 2.413818e+03 2.442087e+03 2.440304e+03
8.3 2.474564e+03 2.424369e+03 2.441765e+03 2.491960e+03
9.3 2.380478e+03 2.451590e+03 2.442477e+03 2.371365e+03
10.3 2.506886e+03 2.441185e+03 2.445418e+03 2.511120e+03
11.3 2.481994e+03 2.436862e+03 2.445921e+03 2.491052e+03
12.3 2.416322e+03 2.429542e+03 2.444752e+03 2.431532e+03
13.3 2.487167e+03 2.474494e+03 2.444653e+03 2.457326e+03
14.3 2.423068e+03 2.462669e+03 2.444631e+03 2.405030e+03
15.3 2.416866e+03 2.433752e+03 2.443469e+03 2.426584e+03
16.3 2.437062e+03 2.436483e+03 2.442285e+03 2.442864e+03
17.3 2.396330e+03 2.430749e+03 2.441629e+03 2.407210e+03
0.2 2.397041e+03 2.460614e+03 2.442194e+03 2.378622e+03
1.2 2.448355e+03 2.461698e+03 2.442453e+03 2.429110e+03
2.2 2.515210e+03 2.444562e+03 2.442664e+03 2.513312e+03
3.2 2.408214e+03 2.410720e+03 2.442320e+03 2.439813e+03
4.2 2.412035e+03 2.413818e+03 2.442087e+03 2.440304e+03
5.2 2.474564e+03 2.424369e+03 2.441765e+03 2.491960e+03
6.2 2.380478e+03 2.451590e+03 2.442477e+03 2.371365e+03
7.2 2.506886e+03 2.441185e+03 2.445418e+03 2.511120e+03
8.2 2.481994e+03 2.436862e+03 2.445921e+03 2.491052e+03
9.2 2.416322e+03 2.429542e+03 2.444752e+03 2.431532e+03
10.2 2.487167e+03 2.474494e+03 2.444653e+03 2.457326e+03
11.2 2.423068e+03 2.462669e+03 2.444631e+03 2.405030e+03
12.2 2.416866e+03 2.433752e+03 2.443469e+03 2.426584e+03
13.2 2.437062e+03 2.436483e+03 2.442285e+03 2.442864e+03
14.2 2.396330e+03 2.430749e+03 2.441629e+03 2.407210e+03
15.2 2.463457e+03 2.417314e+03 2.441435e+03 2.487578e+03
16.2 2.314965e+03 2.410878e+03 2.441915e+03 2.346001e+03
17.2 2.453759e+03 2.458215e+03 2.442468e+03 2.438012e+03
0.0 2.448355e+03 2.461698e+03 2.442453e+03 2.429110e+03
1.0 2.515210e+03 2.444562e+03 2.442664e+03 2.513312e+03
2.0 2.408214e+03 2.410720e+03 2.442320e+03 2.439813e+03
3.0 2.412035e+03 2.413818e+03 2.442087e+03 2.440304e+03
4.0 2.474564e+03 2.424369e+03 2.441765e+03 2.491960e+03
5.0 2.380478e+03 2.451590e+03 2.442477e+03 2.371365e+03
6.0 2.506886e+03 2.441185e+03 2.445418e+03 2.511120e+03
7.0 2.481994e+03 2.436862e+03 2.445921e+03 2.491052e+03
8.0 2.416322e+03 2.429542e+03 2.444752e+03 2.431532e+03
9.0 2.487167e+03 2.474494e+03 2.444653e+03 2.457326e+03
10.0 2.423068e+03 2.462669e+03 2.444631e+03 2.405030e+03
11.0 2.416866e+03 2.433752e+03 2.443469e+03 2.426584e+03
12.0 2.437062e+03 2.436483e+03 2.442285e+03 2.442864e+03
13.0 2.396330e+03 2.430749e+03 2.441629e+03 2.407210e+03
14.0 2.463457e+03 2.417314e+03 2.441435e+03 2.487578e+03
15.0 2.314965e+03 2.410878e+03 2.441915e+03 2.346001e+03
16.0 2.453759e+03 2.458215e+03 2.442468e+03 2.438012e+03
17.0 2.511862e+03 2.482701e+03 2.442976e+03 2.472137e+03
0.5 2.408214e+03 2.410720e+03 2.442320e+03 2.439813e+03
1.5 2.412035e+03 2.413818e+03 2.442087e+03 2.440304e+03
2.5 2.474564e+03 2.424369e+03 2.441765e+03 2.491960e+03
3.5 2.380478e+03 2.451590e+03 2.442477e+03 2.371365e+03
4.5 2.506886e+03 2.441185e+03 2.445418e+03 2.511120e+03
5.5 2.481994e+03 2.436862e+03 2.445921e+03 2.491052e+03
6.5 2.416322e+03 2.429542e+03 2.444752e+03 2.431532e+03
7.5 2.487167e+03 2.474494e+03 2.444653e+03 2.457326e+03
8.5 2.423068e+03 2.462669e+03 2.444631e+03 2.405030e+03
9.5 2.416866e+03 2.433752e+03 2.443469e+03 2.426584e+03
10.5 2.437062e+03 2.436483e+03 2.442285e+03 2.442864e+03
11.5 2.396330e+03 2.430749e+03 2.441629e+03 2.407210e+03
12.5 2.463457e+03 2.417314e+03 2.441435e+03 2.487578e+03
13.5 2.314965e+03 2.410878e+03 2.441915e+03 2.346001e+03
14.5 2.453759e+03 2.458215e+03 2.442468e+03 2.438012e+03
15.5 2.511862e+03 2.482701e+03 2.442976e+03 2.472137e+03
16.5 2.537134e+03 2.481626e+03 2.442741e+03 2.498248e+03
17.5 2.517645e+03 2.468634e+03 2.442679e+03 2.491690e+03
0.9 2.412035e+03 2.413818e+03 2.442087e+03 2.440304e+03
1.9 2.474564e+03 2.424369e+03 2.441765e+03 2.491960e+03
2.9 2.380478e+03 2.451590e+03 2.442477e+03 2.371365e+03
3.9 2.506886e+03 2.441185e+03 2.445418e+03 2.511120e+03
4.9 2.481994e+03 2.436862e+03 2.445921e+03 2.491052e+03
5.9 2.416322e+03 2.429542e+03 2.444752e+03 2.431532e+03
6.8 2.487167e+03 2.474494e+03 2.444653e+03 2.457326e+03
7.8 2.423068e+03 2.462669e+03 2.444631e+03 2.405030e+03
8.8 2.416866e+03 2.433752e+03 2.443469e+03 2.426584e+03
9.8 2.437062e+03 2.436483e+03 2.442285e+03 2.442864e+03
10.8 2.396330e+03 2.430749e+03 2.441629e+03 2.407210e+03
11.8 2.463457e+03 2.417314e+03 2.441435e+03 2.487578e+03
12.8 2.314965e+03 2.410878e+03 2.441915e+03 2.346001e+03
13.8 2.453759e+03 2.458215e+03 2.442468e+03 2.438012e+03
14.8 2.511862e+03 2.482701e+03 2.442976e+03 2.472137e+03
15.8 2.537134e+03 2.481626e+03 2.442741e+03 2.498248e+03
16.8 2.517645e+03 2.468634e+03 2.442679e+03 2.491690e+03
17.8 2.423106e+03 2.460744e+03 2.443347e+03 2.405709e+03
0.2 2.474564e+03 2.424369e+03 2.441765e+03 2.491960e+03
1.2 2.380478e+03 2.451590e+03 2.442477e+03 2.371365e+03
2.2 2.506886e+03 2.441185e+03 2.445418e+03 2.511120e+03
3.2 2.481994e+03 2.436862e+03 2.445921e+03 2.491052e+03
4.2 2.416322e+03 2.429542e+03 2.444752e+03 2.431532e+03
5.2 2.487167e+03 2.474494e+03 2.444653e+03 2.457326e+03
6.2 2.423068e+03 2.462669e+03 2.444631e+03 2.405030e+03
7.2 2.416866e+03 2.433752e+03 2.443469e+03 2.426584e+03
8.2 2.437062e+03 2.436483e+03 2.442285e+03 2.442864e+03
9.2 2.396330e+03 2.430749e+03 2.441629e+03 2.407210e+03
10.2 2.463457e+03 2.417314e+03 2.441435e+03 2.487578e+03
11.2 2.314965e+03 2.410878e+03 2.441915e+03 2.346001e+03
12.2 2.453759e+03 2.458215e+03 2.442468e+03 2.438012e+03
13.2 2.511862e+03 2.482701e+03 2.442976e+03 2.472137e+03
14.2 2.537134e+03 2.481626e+03 2.442741e+03 2.498248e+03
15.2 2.517645e+03 2.468634e+03 2.442679e+03 2.491690e+03
16.2 2.423106e+03 2.460744e+03 2.443347e+03 2.405709e+03
17.2 2.467160e+03 2.466551e+03 2.443535e+03 2.444144e+03
0.6 2.416322e+03 2.429542e+03 2.444752e+03 2.431532e+03
1.6 2.487167e+03 2.474494e+03 2.444653e+03 2.457326e+03
2.6 2.423068e+03 2.462669e+03 2.444631e+03 2.405030e+03
3.6 2.416866e+03 2.433752e+03 2.443469e+03 2.426584e+03
4.6 2.437062e+03 2.436483e+03 2.442285e+03 2.442864e+03
5.6 2.396330e+03 2.430749e+03 2.441629e+03 2.407210e+03
6.6 2.463457e+03 2.417314e+03 2.441435e+03 2.487578e+03
7.6 2.314965e+03 2.410878e+03 2.441915e+03 2.346001e+03
8.6 2.453759e+03 2.458215e+03 2.442468e+03 2.438012e+03
9.6 2.511862e+03 2.482701e+03 2.442976e+03 2.472137e+03
10.6 2.537134e+03 2.481626e+03 2.442741e+03 2.498248e+03
11.6 2.517645e+03 2.468634e+03 2.442679e+03 2.491690e+03
12.6 2.423106e+03 2.460744e+03 2.443347e+03 2.405709e+03
13.6 2.467160e+03 2.466551e+03 2.443535e+03 2.444144e+03
14.6 2.435159e+03 2.464538e+03 2.443336e+03 2.413956e+03
15.6 2.436533e+03 2.445340e+03 2.443147e+03 2.434340e+03
16.6 2.484036e+03 2.465910e+03 2.443040e+03 2.461166e+03
17.6 2.489129e+03 2.492417e+03 2.442987e+03 2.439699e+03
0.6 2.487167e+03 2.474494e+03 2.444653e+03 2.457326e+03
1.6 2.423068e+03 2.462669e+03 2.444631e+03 2.405030e+03
2.6 2.416866e+03 2.433752e+03 2.443469e+03 2.426584e+03
3.6 2.437062e+03 2.436483e+03 2.442285e+03 2.442864e+03
4.6 2.396330e+03 2.430749e+03 2.441629e+03 2.407210e+03
5.6 2.463457e+03 2.417314e+03 2.441435e+03 2.487578e+03
6.6 2.314965e+03 2.410878e+03 2.441915e+03 2.346001e+03
7.6 2.453759e+03 2.458215e+03 2.442468e+03 2.438012e+03
8.6 2.511862e+03 2.482701e+03 2.442976e+03 2.472137e+03
9.6 2.537134e+03 2.481626e+03 2.442741e+03 2.498248e+03
10.6 2.517645e+03 2.468634e+03 2.442679e+03 2.491690e+03
11.6 2.423106e+03 2.460744e+03 2.443347e+03 2.405709e+03
12.6 2.467160e+03 2.466551e+03 2.443535e+03 2.444144e+03
13.6 2.435159e+03 2.464538e+03 2.443336e+03 2.413956e+03
14.6 2.436533e+03 2.445340e+03 2.443147e+03 2.434340e+03
15.6 2.484036e+03 2.465910e+03 2.443040e+03 2.461166e+03
16.6 2.489129e+03 2.492417e+03 2.442987e+03 2.439699e+03
17.6 2.491569e+03 2.498221e+03 2.442968e+03 2.436317e+03
0.5 2.423068e+03 2.462669e+03 2.444631e+03 2.405030e+03
1.5 2.416866e+03 2.433752e+03 2.443469e+03 2.426584e+03
2.5 2.437062e+03 2.436483e+03 2.442285e+03 2.442864e+03
3.5 2.396330e+03 2.430749e+03 2.441629e+03 2.407210e+03
4.5 2.463457e+03 2.417314e+03 2.441435e+03 2.487578e+03
5.5 2.314965e+03 2.410878e+03 2.441915e+03 2.346001e+03
6.5 2.453759e+03 2.458215e+03 2.442468e+03 2.438012e+03
7.5 2.511862e+03 2.482701e+03 2.442976e+03 2.472137e+03
8.5 2.537134e+03 2.481626e+03 2.442741e+03 2.498248e+03
9.5 2.517645e+03 2.468634e+03 2.442679e+03 2.491690e+03
10.5 2.423106e+03 2.460744e+03 2.443347e+03 2.405709e+03
11.5 2.467160e+03 2.466551e+03 2.443535e+03 2.444144e+03
12.5 2.435159e+03 2.464538e+03 2.443336e+03 2.413956e+03
13.5 2.436533e+03 2.445340e+03 2.443147e+03 2.434340e+03
14.5 2.484036e+03 2.465910e+03 2.443040e+03 2.461166e+03
15.5 2.489129e+03 2.492417e+03 2.442987e+03 2.439699e+03
16.5 2.491569e+03 2.498221e+03 2.442968e+03 2.436317e+03
17.5 2.392279e+03 2.424665e+03 2.442971e+03 2.410585e+03
0.9 2.437062e+03 2.436483e+03 2.442285e+03 2.442864e+03
1.9 2.396330e+03 2.430749e+03 2.441629e+03 2.407210e+03
2.9 2.463457e+03 2.417314e+03 2.441435e+03 2.487578e+03
3.9 2.314965e+03 2.410878e+03 2.441915e+03 2.346001e+03
4.9 2.453759e+03 2.458215e+03 2.442468e+03 2.438012e+03
5.9 2.511862e+03 2.482701e+03 2.442976e+03 2.472137e+03
6.9 2.537134e+03 2.481626e+03 2.442741e+03 2.498248e+03
7.9 2.517645e+03 2.468634e+03 2.442679e+03 2.491690e+03
8.9 2.423106e+03 2.460744e+03 2.443347e+03 2.405709e+03
9.9 2.467160e+03 2.466551e+03 2.443535e+03 2.444144e+03
10.9 2.435159e+03 2.464538e+03 2.443336e+03 2.413956e+03
11.9 2.436533e+03 2.445340e+03 2.443147e+03 2.434340e+03
12.9 2.484036e+03 2.465910e+03 2.443040e+03 2.461166e+03
13.9 2.489129e+03 2.492417e+03 2.442987e+03 2.439699e+03
14.9 2.491569e+03 2.498221e+03 2.442968e+03 2.436317e+03
15.9 2.392279e+03 2.424665e+03 2.442971e+03 2.410585e+03
16.9 2.418352e+03 2.432043e+03 2.442982e+03 2.429292e+03
17.9 2.462205e+03 2.415250e+03 2.442994e+03 2.489949e+03
0.4 2.453759e+03 2.458215e+03 2.442468e+03 2.438012e+03
1.4 2.511862e+03 2.482701e+03 2.442976e+03 2.472137e+03
2.4 2.537134e+03 2.481626e+03 2.442741e+03 2.498248e+03
3.4 2.517645e+03 2.468634e+03 2.442679e+03 2.491690e+03
4.4 2.423106e+03 2.460744e+03 2.443347e+03 2.405709e+03
5.4 2.467160e+03 2.466551e+03 2.443535e+03 2.444144e+03
6.4 2.435159e+03 2.464538e+03 2.443336e+03 2.413956e+03
7.4 2.436533e+03 2.445340e+03 2.443147e+03 2.434340e+03
8.4 2.484036e+03 2.465910e+03 2.443040e+03 2.461166e+03
9.4 2.489129e+03 2.492417e+03 2.442987e+03 2.439699e+03
10.4 2.491569e+03 2.498221e+03 2.442968e+03 2.436317e+03
11.4 2.392279e+03 2.424665e+03 2.442971e+03 2.410585e+03
12.4 2.418352e+03 2.432043e+03 2.442982e+03 2.429292e+03
13.4 2.462205e+03 2.415250e+03 2.442994e+03 2.489949e+03
14.4 2.389569e+03 2.422602e+03 2.443002e+03 2.409968e+03
15.4 2.381793e+03 2.416178e+03 2.443005e+03 2.408621e+03
16.4 2.414505e+03 2.433097e+03 2.443006e+03 2.424414e+03
17.4 2.485002e+03 2.419761e+03 2.443005e+03 2.508245e+03
0.8 2.537134e+03 2.481626e+03 2.442741e+03 2.498248e+03
1.8 2.517645e+03 2.468634e+03 2.442679e+03 2.491690e+03
2.8 2.423106e+03 2.460744e+03 2.443347e+03 2.405709e+03
3.8 2.467160e+03 2.466551e+03 2.443535e+03 2.444144e+03
4.8 2.435159e+03 2.464538e+03 2.443336e+03 2.413956e+03
5.8 2.436533e+03 2.445340e+03 2.443147e+03 2.434340e+03
6.8 2.484036e+03 2.465910e+03 2.443040e+03 2.461166e+03
7.8 2.489129e+03 2.492417e+03 2.442987e+03 2.439699e+03
8.8 2.491569e+03 2.498221e+03 2.442968e+03 2.436317e+03
9.8 2.392279e+03 2.424665e+03 2.442971e+03 2.410585e+03
10.8 2.418352e+03 2.432043e+03 2.442982e+03 2.429292e+03
11.8 2.462205e+03 2.415250e+03 2.442994e+03 2.489949e+03
12.8 2.389569e+03 2.422602e+03 2.443002e+03 2.409968e+03
13.8 2.381793e+03 2.416178e+03 2.443005e+03 2.408621e+03
14.8 2.414505e+03 2.433097e+03 2.443006e+03 2.424414e+03
15.8 2.485002e+03 2.419761e+03 2.443005e+03 2.508245e+03
16.8 2.487344e+03 2.419488e+03 2.443002e+03 2.510858e+03
17.8 2.450318e+03 2.436185e+03 2.442998e+03 2.457131e+03
0.1 2.537134e+03 2.481626e+03 2.442741e+03 2.498248e+03
1.1 2.517645e+03 2.468634e+03 2.442679e+03 2.491690e+03
2.1 2.423106e+03 2.460744e+03 2.443347e+03 2.405709e+03
3.1 2.467160e+03 2.466551e+03 2.443535e+03 2.444144e+03
4.1 2.435159e+03 2.464538e+03 2.443336e+03 2.413956e+03
5.1 2.436533e+03 2.445340e+03 2.443147e+03 2.434340e+03
6.1 2.484036e+03 2.465910e+03 2.443040e+03 2.461166e+03
7.1 2.489129e+03 2.492417e+03 2.442987e+03 2.439699e+03
8.1 2.491569e+03 2.498221e+03 2.442968e+03 2.436317e+03
9.1 2.392279e+03 2.424665e+03 2.442971e+03 2.410585e+03
10.1 2.418352e+03 2.432043e+03 2.442982e+03 2.429292e+03
11.1 2.462205e+03 2.415250e+03 2.442994e+03 2.489949e+03
12.1 2.389569e+03 2.422602e+03 2.443002e+03 2.409968e+03
13.1 2.381793e+03 2.416178e+03 2.443005e+03 2.408621e+03
14.1 2.414505e+03 2.433097e+03 2.443006e+03 2.424414e+03
15.1 2.485002e+03 2.419761e+03 2.443005e+03 2.508245e+03
16.1 2.487344e+03 2.419488e+03 2.443002e+03 2.510858e+03
17.1 2.450318e+03 2.436185e+03 2.442998e+03 2.457131e+03
0.4 2.514564e+03 2.452788e+03 2.442877e+03 2.504653e+03
1.4 2.463336e+03 2.454736e+03 2.443216e+03 2.451817e+03
2.4 2.450959e+03 2.447237e+03 2.443453e+03 2.447175e+03
3.4 2.410351e+03 2.424448e+03 2.443358e+03 2.429260e+03
4.4 2.464440e+03 2.437792e+03 2.443961e+03 2.470609e+03
5.4 2.417104e+03 2.440994e+03 2.445323e+03 2.421433e+03
6.4 2.417885e+03 2.444803e+03 2.444988e+03 2.418070e+03
7.4 2.349796e+03 2.459722e+03 2.444091e+03 2.334166e+03
8.4 2.503873e+03 2.461252e+03 2.443560e+03 2.486181e+03
9.4 2.449687e+03 2.439976e+03 2.442644e+03 2.452355e+03
10.4 2.420451e+03 2.412153e+03 2.441656e+03 2.449954e+03
11.4 2.448743e+03 2.426297e+03 2.441769e+03 2.464215e+03
12.4 2.334729e+03 2.437497e+03 2.442213e+03 2.339445e+03
13.4 2.444483e+03 2.460986e+03 2.442016e+03 2.425514e+03
14.4 2.479930e+03 2.417784e+03 2.442056e+03 2.504202e+03
15.4 2.337555e+03 2.391774e+03 2.442412e+03 2.388192e+03
16.4 2.340174e+03 2.403797e+03 2.442692e+03 2.379068e+03
17.4 2.439526e+03 2.429660e+03 2.442823e+03 2.452689e+03
0.3 2.463336e+03 2.454736e+03 2.443216e+03 2.451817e+03
1.3 2.450959e+03 2.447237e+03 2.443453e+03 2.447175e+03
2.3 2.410351e+03 2.424448e+03 2.443358e+03 2.429260e+03
3.3 2.464440e+03 2.437792e+03 2.443961e+03 2.470609e+03
4.3 2.417104e+03 2.440994e+03 2.445323e+03 2.421433e+03
5.3 2.417885e+03 2.444803e+03 2.444988e+03 2.418070e+03
6.3 2.349796e+03 2.459722e+03 2.444091e+03 2.334166e+03
7.3 2.503873e+03 2.461252e+03 2.443560e+03 2.486181e+03
8.3 2.449687e+03 2.439976e+03 2.442644e+03 2.452355e+03
9.3 2.420451e+03 2.412153e+03 2.441656e+03 2.449954e+03
10.3 2.448743e+03 2.426297e+03 2.441769e+03 2.464215e+03
11.3 2.334729e+03 2.437497e+03 2.442213e+03 2.339445e+03
12.3 2.444483e+03 2.460986e+03 2.442016e+03 2.425514e+03
13.3 2.479930e+03 2.417784e+03 2.442056e+03 2.504202e+03
14.3 2.337555e+03 2.391774e+03 2.442412e+03 2.388192e+03
15.3 2.340174e+03 2.403797e+03 2.442692e+03 2.379068e+03
16.3 2.439526e+03 2.429660e+03 2.442823e+03 2.452689e+03
17.3 2.436119e+03 2.436523e+03 2.442861e+03 2.442457e+03
0.2 2.450959e+03 2.447237e+03 2.443453e+03 2.447175e+03
1.2 2.410351e+03 2.424448e+03 2.443358e+03 2.429260e+03
2.2 2.464440e+03 2.437792e+03 2.443961e+03 2.470609e+03
3.2 2.417104e+03 2.440994e+03 2.445323e+03 2.421433e+03
4.2 2.417885e+03 2.444803e+03 2.444988e+03 2.418070e+03
5.2 2.349796e+03 2.459722e+03 2.444091e+03 2.334166e+03
6.2 2.503873e+03 2.461252e+03 2.443560e+03 2.486181e+03
7.2 2.449687e+03 2.439976e+03 2.442644e+03 2.452355e+03
8.2 2.420451e+03 2.412153e+03 2.441656e+03 2.449954e+03
9.2 2.448743e+03 2.426297e+03 2.441769e+03 2.464215e+03
10.2 2.334729e+03 2.437497e+03 2.442213e+03 2.339445e+03
11.2 2.444483e+03 2.460986e+03 2.442016e+03 2.425514e+03
12.2 2.479930e+03 2.417784e+03 2.442056e+03 2.504202e+03
13.2 2.337555e+03 2.391774e+03 2.442412e+03 2.388192e+03
14.2 2.340174e+03 2.403797e+03 2.442692e+03 2.379068e+03
15.2 2.439526e+03 2.429660e+03 2.442823e+03 2.452689e+03
16.2 2.436119e+03 2.436523e+03 2.442861e+03 2.442457e+03
17.2 2.458289e+03 2.450806e+03 2.442852e+03 2.450334e+03
0.3 2.410351e+03 2.424448e+03 2.443358e+03 2.429260e+03
1.3 2.464440e+03 2.437792e+03 2.443961e+03 2.470609e+03
2.3 2.417104e+03 2.440994e+03 2.445323e+03 2.421433e+03
3.3 2.417885e+03 2.444803e+03 2.444988e+03 2.418070e+03
4.3 2.349796e+03 2.459722e+03 2.444091e+03 2.334166e+03
5.3 2.503873e+03 2.461252e+03 2.443560e+03 2.486181e+03
6.3 2.449687e+03 2.439976e+03 2.442644e+03 2.452355e+03
7.3 2.420451e+03 2.412153e+03 2.441656e+03 2.449954e+03
8.3 2.448743e+03 2.426297e+03 2.441769e+03 2.464215e+03
9.3 2.334729e+03 2.437497e+03 2.442213e+03 2.339445e+03
10.3 2.444483e+03 2.460986e+03 2.442016e+03 2.425514e+03
11.3 2.479930e+03 2.417784e+03 2.442056e+03 2.504202e+03
12.3 2.337555e+03 2.391774e+03 2.442412e+03 2.388192e+03
13.3 2.340174e+03 2.403797e+03 2.442692e+03 2.379068e+03
14.3 2.439526e+03 2.429660e+03 2.442823e+03 2.452689e+03
15.3 2.436119e+03 2.436523e+03 2.442861e+03 2.442457e+03
16.3 2.458289e+03 2.450806e+03 2.442852e+03 2.450334e+03
17.3 2.475676e+03 2.449151e+03 2.442821e+03 2.469346e+03
1.0 2.349796e+03 2.459722e+03 2.444091e+03 2.334166e+03
2.0 2.503873e+03 2.461252e+03 2.443560e+03 2.486181e+03
3.0 2.449687e+03 2.439976e+03 2.442644e+03 2.452355e+03
4.0 2.420451e+03 2.412153e+03 2.441656e+03 2.449954e+03
5.0 2.448743e+03 2.426297e+03 2.441769e+03 2.464215e+03
6.0 2.334729e+03 2.437497e+03 2.442213e+03 2.339445e+03
7.0 2.444483e+03 2.460986e+03 2.442016e+03 2.425514e+03
8.0 2.479930e+03 2.417784e+03 2.442056e+03 2.504202e+03
9.0 2.337555e+03 2.391774e+03 2.442412e+03 2.388192e+03
10.0 2.340174e+03 2.403797e+03 2.442692e+03 2.379068e+03
11.0 2.439526e+03 2.429660e+03 2.442823e+03 2.452689e+03
12.0 2.436119e+03 2.436523e+03 2.442861e+03 2.442457e+03
13.0 2.458289e+03 2.450806e+03 2.442852e+03 2.450334e+03
14.0 2.475676e+03 2.449151e+03 2.442821e+03 2.469346e+03
15.0 2.450641e+03 2.442256e+03 2.442786e+03 2.451171e+03
16.0 2.443968e+03 2.454366e+03 2.442819e+03 2.432420e+03
17.0 2.440138e+03 2.443827e+03 2.443130e+03 2.439441e+03
18.0 2.526156e+03 2.466242e+03 2.442835e+03 2.502748e+03
0.7 2.503873e+03 2.461252e+03 2.443560e+03 2.486181e+03
1.7 2.449687e+03 2.439976e+03 2.442644e+03 2.452355e+03
2.7 2.420451e+03 2.412153e+03 2.441656e+03 2.449954e+03
3.7 2.448743e+03 2.426297e+03 2.441769e+03 2.464215e+03
4.7 2.334729e+03 2.437497e+03 2.442213e+03 2.339445e+03
5.7 2.444483e+03 2.460986e+03 2.442016e+03 2.425514e+03
6.7 2.479930e+03 2.417784e+03 2.442056e+03 2.504202e+03
7.7 2.337555e+03 2.391774e+03 2.442412e+03 2.388192e+03
8.7 2.340174e+03 2.403797e+03 2.442692e+03 2.379068e+03
9.7 2.439526e+03 2.429660e+03 2.442823e+03 2.452689e+03
10.7 2.436119e+03 2.436523e+03 2.442861e+03 2.442457e+03
11.7 2.458289e+03 2.450806e+03 2.442852e+03 2.450334e+03
12.7 2.475676e+03 2.449151e+03 2.442821e+03 2.469346e+03
13.7 2.450641e+03 2.442256e+03 2.442786e+03 2.451171e+03
14.7 2.443968e+03 2.454366e+03 2.442819e+03 2.432420e+03
15.7 2.440138e+03 2.443827e+03 2.443130e+03 2.439441e+03
16.7 2.526156e+03 2.466242e+03 2.442835e+03 2.502748e+03
17.7 2.482187e+03 2.483672e+03 2.442600e+03 2.441115e+03
0.9 2.449687e+03 2.439976e+03 2.442644e+03 2.452355e+03
1.9 2.420451e+03 2.412153e+03 2.441656e+03 2.449954e+03
2.9 2.448743e+03 2.426297e+03 2.441769e+03 2.464215e+03
3.9 2.334729e+03 2.437497e+03 2.442213e+03 2.339445e+03
4.9 2.444483e+03 2.460986e+03 2.442016e+03 2.425514e+03
5.9 2.479930e+03 2.417784e+03 2.442056e+03 2.504202e+03
6.9 2.337555e+03 2.391774e+03 2.442412e+03 2.388192e+03
7.9 2.340174e+03 2.403797e+03 2.442692e+03 2.379068e+03
8.9 2.439526e+03 2.429660e+03 2.442823e+03 2.452689e+03
9.9 2.436119e+03 2.436523e+03 2.442861e+03 2.442457e+03
10.9 2.458289e+03 2.450806e+03 2.442852e+03 2.450334e+03
11.9 2.475676e+03 2.449151e+03 2.442821e+03 2.469346e+03
12.9 2.450641e+03 2.442256e+03 2.442786e+03 2.451171e+03
13.9 2.443968e+03 2.454366e+03 2.442819e+03 2.432420e+03
14.9 2.440138e+03 2.443827e+03 2.443130e+03 2.439441e+03
15.9 2.526156e+03 2.466242e+03 2.442835e+03 2.502748e+03
16.9 2.482187e+03 2.483672e+03 2.442600e+03 2.441115e+03
17.9 2.542803e+03 2.478998e+03 2.442731e+03 2.506536e+03
0.5 2.420451e+03 2.412153e+03 2.441656e+03 2.449954e+03
1.5 2.448743e+03 2.426297e+03 2.441769e+03 2.464215e+03
2.5 2.334729e+03 2.437497e+03 2.442213e+03 2.339445e+03
3.5 2.444483e+03 2.460986e+03 2.442016e+03 2.425514e+03
4.5 2.479930e+03 2.417784e+03 2.442056e+03 2.504202e+03
5.5 2.337555e+03 2.391774e+03 2.442412e+03 2.388192e+03
6.5 2.340174e+03 2.403797e+03 2.442692e+03 2.379068e+03
7.5 2.439526e+03 2.429660e+03 2.442823e+03 2.452689e+03
8.5 2.436119e+03 2.436523e+03 2.442861e+03 2.442457e+03
9.5 2.458289e+03 2.450806e+03 2.442852e+03 2.450334e+03
10.5 2.475676e+03 2.449151e+03 2.442821e+03 2.469346e+03
11.5 2.450641e+03 2.442256e+03 2.442786e+03 2.451171e+03
12.5 2.443968e+03 2.454366e+03 2.442819e+03 2.432420e+03
13.5 2.440138e+03 2.443827e+03 2.443130e+03 2.439441e+03
14.5 2.526156e+03 2.466242e+03 2.442835e+03 2.502748e+03
15.5 2.482187e+03 2.483672e+03 2.442600e+03 2.441115e+03
16.5 2.542803e+03 2.478998e+03 2.442731e+03 2.506536e+03
17.5 2.496113e+03 2.478641e+03 2.443884e+03 2.461355e+03
0.4 2.448743e+03 2.426297e+03 2.441769e+03 2.464215e+03
1.4 2.334729e+03 2.437497e+03 2.442213e+03 2.339445e+03
2.4 2.444483e+03 2.460986e+03 2.442016e+03 2.425514e+03
3.4 2.479930e+03 2.417784e+03 2.442056e+03 2.504202e+03
4.4 2.337555e+03 2.391774e+03 2.442412e+03 2.388192e+03
5.4 2.340174e+03 2.403797e+03 2.442692e+03 2.379068e+03
6.4 2.439526e+03 2.429660e+03 2.442823e+03 2.452689e+03
7.4 2.436119e+03 2.436523e+03 2.442861e+03 2.442457e+03
8.4 2.458289e+03 2.450806e+03 2.442852e+03 2.450334e+03
9.4 2.475676e+03 2.449151e+03 2.442821e+03 2.469346e+03
10.4 2.450641e+03 2.442256e+03 2.442786e+03 2.451171e+03
11.4 2.443968e+03 2.454366e+03 2.442819e+03 2.432420e+03
12.4 2.440138e+03 2.443827e+03 2.443130e+03 2.439441e+03
13.4 2.526156e+03 2.466242e+03 2.442835e+03 2.502748e+03
14.4 2.482187e+03 2.483672e+03 2.442600e+03 2.441115e+03
15.4 2.542803e+03 2.478998e+03 2.442731e+03 2.506536e+03
16.4 2.496113e+03 2.478641e+03 2.443884e+03 2.461355e+03
17.4 2.407835e+03 2.456215e+03 2.445298e+03 2.396918e+03
0.7 2.443968e+03 2.454366e+03 2.442819e+03 2.432420e+03
1.7 2.440138e+03 2.443827e+03 2.443130e+03 2.439441e+03
2.7 2.526156e+03 2.466242e+03 2.442835e+03 2.502748e+03
3.7 2.482187e+03 2.483672e+03 2.442600e+03 2.441115e+03
4.7 2.542803e+03 2.478998e+03 2.442731e+03 2.506536e+03
5.7 2.496113e+03 2.478641e+03 2.443884e+03 2.461355e+03
6.7 2.407835e+03 2.456215e+03 2.445298e+03 2.396918e+03
7.7 2.455478e+03 2.445723e+03 2.445109e+03 2.454864e+03
8.7 2.474122e+03 2.439997e+03 2.443573e+03 2.477697e+03
9.7 2.374270e+03 2.445022e+03 2.442482e+03 2.371730e+03
10.7 2.457457e+03 2.470656e+03 2.442216e+03 2.429016e+03
11.7 2.491422e+03 2.471021e+03 2.442307e+03 2.462708e+03
12.7 2.430840e+03 2.472362e+03 2.442794e+03 2.401272e+03
13.7 2.467672e+03 2.454940e+03 2.442856e+03 2.455587e+03
14.7 2.481244e+03 2.445937e+03 2.442287e+03 2.477595e+03
15.7 2.472775e+03 2.451103e+03 2.443743e+03 2.465414e+03
16.7 2.466976e+03 2.455086e+03 2.446696e+03 2.458586e+03
17.7 2.425139e+03 2.434235e+03 2.446304e+03 2.437207e+03
0.9 2.542803e+03 2.478998e+03 2.442731e+03 2.506536e+03
1.9 2.496113e+03 2.478641e+03 2.443884e+03 2.461355e+03
2.9 2.407835e+03 2.456215e+03 2.445298e+03 2.396918e+03
3.9 2.455478e+03 2.445723e+03 2.445109e+03 2.454864e+03
4.9 2.474122e+03 2.439997e+03 2.443573e+03 2.477697e+03
5.9 2.374270e+03 2.445022e+03 2.442482e+03 2.371730e+03
6.9 2.457457e+03 2.470656e+03 2.442216e+03 2.429016e+03
7.9 2.491422e+03 2.471021e+03 2.442307e+03 2.462708e+03
8.9 2.430840e+03 2.472362e+03 2.442794e+03 2.401272e+03
9.9 2.467672e+03 2.454940e+03 2.442856e+03 2.455587e+03
10.9 2.481244e+03 2.445937e+03 2.442287e+03 2.477595e+03
11.9 2.472775e+03 2.451103e+03 2.443743e+03 2.465414e+03
12.9 2.466976e+03 2.455086e+03 2.446696e+03 2.458586e+03
13.9 2.425139e+03 2.434235e+03 2.446304e+03 2.437207e+03
14.9 2.520338e+03 2.441377e+03 2.444598e+03 2.523560e+03
15.9 2.440103e+03 2.441137e+03 2.443370e+03 2.442336e+03
16.9 2.356146e+03 2.468749e+03 2.442747e+03 2.330144e+03
17.9 2.471617e+03 2.461730e+03 2.442523e+03 2.452411e+03
0.0 2.542803e+03 2.478998e+03 2.442731e+03 2.506536e+03
1.0 2.496113e+03 2.478641e+03 2.443884e+03 2.461355e+03
2.0 2.407835e+03 2.456215e+03 2.445298e+03 2.396918e+03
3.0 2.455478e+03 2.445723e+03 2.445109e+03 2.454864e+03
4.0 2.474122e+03 2.439997e+03 2.443573e+03 2.477697e+03
5.0 2.374270e+03 2.445022e+03 2.442482e+03 2.371730e+03
6.0 2.457457e+03 2.470656e+03 2.442216e+03 2.429016e+03
7.0 2.491422e+03 2.471021e+03 2.442307e+03 2.462708e+03
8.0 2.430840e+03 2.472362e+03 2.442794e+03 2.401272e+03
9.0 2.467672e+03 2.454940e+03 2.442856e+03 2.455587e+03
10.0 2.481244e+03 2.445937e+03 2.442287e+03 2.477595e+03
11.0 2.472775e+03 2.451103e+03 2.443743e+03 2.465414e+03
12.0 2.466976e+03 2.455086e+03 2.446696e+03 2.458586e+03
13.0 2.425139e+03 2.434235e+03 2.446304e+03 2.437207e+03
14.0 2.520338e+03 2.441377e+03 2.444598e+03 2.523560e+03
15.0 2.440103e+03 2.441137e+03 2.443370e+03 2.442336e+03
16.0 2.356146e+03 2.468749e+03 2.442747e+03 2.330144e+03
17.0 2.471617e+03 2.461730e+03 2.442523e+03 2.452411e+03
0.3 2.407835e+03 2.456215e+03 2.445298e+03 2.396918e+03
1.3 2.455478e+03 2.445723e+03 2.445109e+03 2.454864e+03
2.3 2.474122e+03 2.439997e+03 2.443573e+03 2.477697e+03
3.3 2.374270e+03 2.445022e+03 2.442482e+03 2.371730e+03
4.3 2.457457e+03 2.470656e+03 2.442216e+03 2.429016e+03
5.3 2.491422e+03 2.471021e+03 2.442307e+03 2.462708e+03
6.3 2.430840e+03 2.472362e+03 2.442794e+03 2.401272e+03
7.3 2.467672e+03 2.454940e+03 2.442856e+03 2.455587e+03
8.3 2.481244e+03 2.445937e+03 2.442287e+03 2.477595e+03
9.3 2.472775e+03 2.451103e+03 2.443743e+03 2.465414e+03
10.3 2.466976e+03 2.455086e+03 2.446696e+03 2.458586e+03
11.3 2.425139e+03 2.434235e+03 2.446304e+03 2.437207e+03
12.3 2.520338e+03 2.441377e+03 2.444598e+03 2.523560e+03
13.3 2.440103e+03 2.441137e+03 2.443370e+03 2.442336e+03
14.3 2.356146e+03 2.468749e+03 2.442747e+03 2.330144e+03
15.3 2.471617e+03 2.461730e+03 2.442523e+03 2.452411e+03
16.3 2.375271e+03 2.453653e+03 2.442716e+03 2.364334e+03
17.3 2.440064e+03 2.414307e+03 2.442625e+03 2.468382e+03
0.7 2.491422e+03 2.471021e+03 2.442307e+03 2.462708e+03
1.7 2.430840e+03 2.472362e+03 2.442794e+03 2.401272e+03
2.7 2.467672e+03 2.454940e+03 2.442856e+03 2.455587e+03
3.7 2.481244e+03 2.445937e+03 2.442287e+03 2.477595e+03
4.7 2.472775e+03 2.451103e+03 2.443743e+03 2.465414e+03
5.7 2.466976e+03 2.455086e+03 2.446696e+03 2.458586e+03
6.7 2.425139e+03 2.434235e+03 2.446304e+03 2.437207e+03
7.7 2.520338e+03 2.441377e+03 2.444598e+03 2.523560e+03
8.7 2.440103e+03 2.441137e+03 2.443370e+03 2.442336e+03
9.7 2.356146e+03 2.468749e+03 2.442747e+03 2.330144e+03
10.7 2.471617e+03 2.461730e+03 2.442523e+03 2.452411e+03
11.7 2.375271e+03 2.453653e+03 2.442716e+03 2.364334e+03
12.7 2.440064e+03 2.414307e+03 2.442625e+03 2.468382e+03
13.7 2.393343e+03 2.396035e+03 2.442084e+03 2.439391e+03
14.7 2.510375e+03 2.417848e+03 2.441628e+03 2.534155e+03
15.7 2.377604e+03 2.429540e+03 2.441605e+03 2.389668e+03
16.7 2.471392e+03 2.452645e+03 2.442623e+03 2.461370e+03
17.7 2.400159e+03 2.424496e+03 2.443086e+03 2.418749e+03
0.6 2.430840e+03 2.472362e+03 2.442794e+03 2.401272e+03
1.6 2.467672e+03 2.454940e+03 2.442856e+03 2.455587e+03
2.6 2.481244e+03 2.445937e+03 2.442287e+03 2.477595e+03
3.6 2.472775e+03 2.451103e+03 2.443743e+03 2.465414e+03
4.6 2.466976e+03 2.455086e+03 2.446696e+03 2.458586e+03
5.6 2.425139e+03 2.434235e+03 2.446304e+03 2.437207e+03
6.6 2.520338e+03 2.441377e+03 2.444598e+03 2.523560e+03
7.6 2.440103e+03 2.441137e+03 2.443370e+03 2.442336e+03
8.6 2.356146e+03 2.468749e+03 2.442747e+03 2.330144e+03
9.6 2.471617e+03 2.461730e+03 2.442523e+03 2.452411e+03
10.6 2.375271e+03 2.453653e+03 2.442716e+03 2.364334e+03
11.6 2.440064e+03 2.414307e+03 2.442625e+03 2.468382e+03
12.6 2.393343e+03 2.396035e+03 2.442084e+03 2.439391e+03
13.6 2.510375e+03 2.417848e+03 2.441628e+03 2.534155e+03
14.6 2.377604e+03 2.429540e+03 2.441605e+03 2.389668e+03
15.6 2.471392e+03 2.452645e+03 2.442623e+03 2.461370e+03
16.6 2.400159e+03 2.424496e+03 2.443086e+03 2.418749e+03
17.6 2.409125e+03 2.406870e+03 2.443214e+03 2.445470e+03
0.8 2.467672e+03 2.454940e+03 2.442856e+03 2.455587e+03
1.8 2.481244e+03 2.445937e+03 2.442287e+03 2.477595e+03
2.8 2.472775e+03 2.451103e+03 2.443743e+03 2.465414e+03
3.8 2.466976e+03 2.455086e+03 2.446696e+03 2.458586e+03
4.8 2.425139e+03 2.434235e+03 2.446304e+03 2.437207e+03
5.8 2.520338e+03 2.441377e+03 2.444598e+03 2.523560e+03
6.8 2.440103e+03 2.441137e+03 2.443370e+03 2.442336e+03
7.8 2.356146e+03 2.468749e+03 2.442747e+03 2.330144e+03
8.8 2.471617e+03 2.461730e+03 2.442523e+03 2.452411e+03
9.8 2.375271e+03 2.453653e+03 2.442716e+03 2.364334e+03
10.8 2.440064e+03 2.414307e+03 2.442625e+03 2.468382e+03
11.8 2.393343e+03 2.396035e+03 2.442084e+03 2.439391e+03
12.8 2.510375e+03 2.417848e+03 2.441628e+03 2.534155e+03
13.8 2.377604e+03 2.429540e+03 2.441605e+03 2.389668e+03
14.8 2.471392e+03 2.452645e+03 2.442623e+03 2.461370e+03
15.8 2.400159e+03 2.424496e+03 2.443086e+03 2.418749e+03
16.8 2.409125e+03 2.406870e+03 2.443214e+03 2.445470e+03
17.8 2.441738e+03 2.427303e+03 2.443683e+03 2.458117e+03
0.5 2.481244e+03 2.445937e+03 2.442287e+03 2.477595e+03
1.5 2.472775e+03 2.451103e+03 2.443743e+03 2.465414e+03
2.5 2.466976e+03 2.455086e+03 2.446696e+03 2.458586e+03
3.5 2.425139e+03 2.434235e+03 2.446304e+03 2.437207e+03
4.5 2.520338e+03 2.441377e+03 2.444598e+03 2.523560e+03
5.5 2.440103e+03 2.441137e+03 2.443370e+03 2.442336e+03
6.5 2.356146e+03 2.468749e+03 2.442747e+03 2.330144e+03
7.5 2.471617e+03 2.461730e+03 2.442523e+03 2.452411e+03
8.5 2.375271e+03 2.453653e+03 2.442716e+03 2.364334e+03
9.5 2.440064e+03 2.414307e+03 2.442625e+03 2.468382e+03
10.5 2.393343e+03 2.396035e+03 2.442084e+03 2.439391e+03
11.5 2.510375e+03 2.417848e+03 2.441628e+03 2.534155e+03
12.5 2.377604e+03 2.429540e+03 2.441605e+03 2.389668e+03
13.5 2.471392e+03 2.452645e+03 2.442623e+03 2.461370e+03
14.5 2.400159e+03 2.424496e+03 2.443086e+03 2.418749e+03
15.5 2.409125e+03 2.406870e+03 2.443214e+03 2.445470e+03
16.5 2.441738e+03 2.427303e+03 2.443683e+03 2.458117e+03
17.5 2.402056e+03 2.411485e+03 2.443641e+03 2.434212e+03
0.5 2.471617e+03 2.461730e+03 2.442523e+03 2.452411e+03
1.5 2.375271e+03 2.453653e+03 2.442716e+03 2.364334e+03
2.5 2.440064e+03 2.414307e+03 2.442625e+03 2.468382e+03
3.5 2.393343e+03 2.396035e+03 2.442084e+03 2.439391e+03
4.5 2.510375e+03 2.417848e+03 2.441628e+03 2.534155e+03
5.5 2.377604e+03 2.429540e+03 2.441605e+03 2.389668e+03
6.5 2.471392e+03 2.452645e+03 2.442623e+03 2.461370e+03
7.5 2.400159e+03 2.424496e+03 2.443086e+03 2.418749e+03
8.5 2.409125e+03 2.406870e+03 2.443214e+03 2.445470e+03
9.5 2.441738e+03 2.427303e+03 2.443683e+03 2.458117e+03
10.5 2.402056e+03 2.411485e+03 2.443641e+03 2.434212e+03
11.5 2.472936e+03 2.422598e+03 2.442759e+03 2.493098e+03
12.5 2.346885e+03 2.415022e+03 2.442298e+03 2.374161e+03
13.5 2.492272e+03 2.438567e+03 2.442357e+03 2.496062e+03
14.5 2.482767e+03 2.461835e+03 2.442316e+03 2.463248e+03
15.5 2.387203e+03 2.449157e+03 2.441748e+03 2.379794e+03
16.5 2.451949e+03 2.441943e+03 2.441919e+03 2.451925e+03
17.5 2.435481e+03 2.455362e+03 2.442535e+03 2.422655e+03
0.5 2.375271e+03 2.453653e+03 2.442716e+03 2.364334e+03
1.5 2.440064e+03 2.414307e+03 2.442625e+03 2.468382e+03
2.5 2.393343e+03 2.396035e+03 2.442084e+03 2.439391e+03
3.5 2.510375e+03 2.417848e+03 2.441628e+03 2.534155e+03
4.5 2.377604e+03 2.429540e+03 2.441605e+03 2.389668e+03
5.5 2.471392e+03 2.452645e+03 2.442623e+03 2.461370e+03
6.5 2.400159e+03 2.424496e+03 2.443086e+03 2.418749e+03
7.5 2.409125e+03 2.406870e+03 2.443214e+03 2.445470e+03
8.5 2.441738e+03 2.427303e+03 2.443683e+03 2.458117e+03
9.5 2.402056e+03 2.411485e+03 2.443641e+03 2.434212e+03
10.5 2.472936e+03 2.422598e+03 2.442759e+03 2.493098e+03
11.5 2.346885e+03 2.415022e+03 2.442298e+03 2.374161e+03
12.5 2.492272e+03 2.438567e+03 2.442357e+03 2.496062e+03
13.5 2.482767e+03 2.461835e+03 2.442316e+03 2.463248e+03
14.5 2.387203e+03 2.449157e+03 2.441748e+03 2.379794e+03
15.5 2.451949e+03 2.441943e+03 2.441919e+03 2.451925e+03
16.5 2.435481e+03 2.455362e+03 2.442535e+03 2.422655e+03
17.5 2.450839e+03 2.465999e+03 2.443226e+03 2.428066e+03
0.5 2.440064e+03 2.414307e+03 2.442625e+03 2.468382e+03
1.5 2.393343e+03 2.396035e+03 2.442084e+03 2.439391e+03
2.5 2.510375e+03 2.417848e+03 2.441628e+03 2.534155e+03
3.5 2.377604e+03 2.429540e+03 2.441605e+03 2.389668e+03
4.5 2.471392e+03 2.452645e+03 2.442623e+03 2.461370e+03
5.5 2.400159e+03 2.424496e+03 2.443086e+03 2.418749e+03
6.5 2.409125e+03 2.406870e+03 2.443214e+03 2.445470e+03
7.5 2.441738e+03 2.427303e+03 2.443683e+03 2.458117e+03
8.5 2.402056e+03 2.411485e+03 2.443641e+03 2.434212e+03
9.5 2.472936e+03 2.422598e+03 2.442759e+03 2.493098e+03
10.5 2.346885e+03 2.415022e+03 2.442298e+03 2.374161e+03
11.5 2.492272e+03 2.438567e+03 2.442357e+03 2.496062e+03
12.5 2.482767e+03 2.461835e+03 2.442316e+03 2.463248e+03
13.5 2.387203e+03 2.449157e+03 2.441748e+03 2.379794e+03
14.5 2.451949e+03 2.441943e+03 2.441919e+03 2.451925e+03
15.5 2.435481e+03 2.455362e+03 2.442535e+03 2.422655e+03
16.5 2.450839e+03 2.465999e+03 2.443226e+03 2.428066e+03
17.5 2.476058e+03 2.456767e+03 2.443772e+03 2.463063e+03
0.5 2.393343e+03 2.396035e+03 2.442084e+03 2.439391e+03
1.5 2.510375e+03 2.417848e+03 2.441628e+03 2.534155e+03
2.5 2.377604e+03 2.429540e+03 2.441605e+03 2.389668e+03
3.5 2.471392e+03 2.452645e+03 2.442623e+03 2.461370e+03
4.5 2.400159e+03 2.424496e+03 2.443086e+03 2.418749e+03
5.5 2.409125e+03 2.406870e+03 2.443214e+03 2.445470e+03
6.5 2.441738e+03 2.427303e+03 2.443683e+03 2.458117e+03
7.5 2.402056e+03 2.411485e+03 2.443641e+03 2.434212e+03
8.5 2.472936e+03 2.422598e+03 2.442759e+03 2.493098e+03
9.5 2.346885e+03 2.415022e+03 2.442298e+03 2.374161e+03
10.5 2.492272e+03 2.438567e+03 2.442357e+03 2.496062e+03
11.5 2.482767e+03 2.461835e+03 2.442316e+03 2.463248e+03
12.5 2.387203e+03 2.449157e+03 2.441748e+03 2.379794e+03
13.5 2.451949e+03 2.441943e+03 2.441919e+03 2.451925e+03
14.5 2.435481e+03 2.455362e+03 2.442535e+03 2.422655e+03
15.5 2.450839e+03 2.465999e+03 2.443226e+03 2.428066e+03
16.5 2.476058e+03 2.456767e+03 2.443772e+03 2.463063e+03
17.5 2.432514e+03 2.434991e+03 2.443372e+03 2.440895e+03
0.9 2.377604e+03 2.429540e+03 2.441605e+03 2.389668e+03
1.9 2.471392e+03 2.452645e+03 2.442623e+03 2.461370e+03
2.9 2.400159e+03 2.424496e+03 2.443086e+03 2.418749e+03
3.9 2.409125e+03 2.406870e+03 2.443214e+03 2.445470e+03
4.9 2.441738e+03 2.427303e+03 2.443683e+03 2.458117e+03
5.9 2.402056e+03 2.411485e+03 2.443641e+03 2.434212e+03
6.9 2.472936e+03 2.422598e+03 2.442759e+03 2.493098e+03
7.9 2.346885e+03 2.415022e+03 2.442298e+03 2.374161e+03
8.9 2.492272e+03 2.438567e+03 2.442357e+03 2.496062e+03
9.9 2.482767e+03 2.461835e+03 2.442316e+03 2.463248e+03
10.9 2.387203e+03 2.449157e+03 2.441748e+03 2.379794e+03
11.9 2.451949e+03 2.441943e+03 2.441919e+03 2.451925e+03
12.9 2.435481e+03 2.455362e+03 2.442535e+03 2.422655e+03
13.9 2.450839e+03 2.465999e+03 2.443226e+03 2.428066e+03
14.9 2.476058e+03 2.456767e+03 2.443772e+03 2.463063e+03
15.9 2.432514e+03 2.434991e+03 2.443372e+03 2.440895e+03
16.9 2.499430e+03 2.425961e+03 2.442597e+03 2.516066e+03
17.9 2.376399e+03 2.438449e+03 2.441916e+03 2.379867e+03
0.6 2.409125e+03 2.406870e+03 2.443214e+03 2.445470e+03
1.6 2.441738e+03 2.427303e+03 2.443683e+03 2.458117e+03
2.6 2.402056e+03 2.411485e+03 2.443641e+03 2.434212e+03
3.6 2.472936e+03 2.422598e+03 2.442759e+03 2.493098e+03
4.6 2.346885e+03 2.415022e+03 2.442298e+03 2.374161e+03
5.6 2.492272e+03 2.438567e+03 2.442357e+03 2.496062e+03
6.6 2.482767e+03 2.461835e+03 2.442316e+03 2.463248e+03
7.6 2.387203e+03 2.449157e+03 2.441748e+03 2.379794e+03
8.6 2.451949e+03 2.441943e+03 2.441919e+03 2.451925e+03
9.6 2.435481e+03 2.455362e+03 2.442535e+03 2.422655e+03
10.6 2.450839e+03 2.465999e+03 2.443226e+03 2.428066e+03
11.6 2.476058e+03 2.456767e+03 2.443772e+03 2.463063e+03
12.6 2.432514e+03 2.434991e+03 2.443372e+03 2.440895e+03
13.6 2.499430e+03 2.425961e+03 2.442597e+03 2.516066e+03
14.6 2.376399e+03 2.438449e+03 2.441916e+03 2.379867e+03
15.6 2.378565e+03 2.460106e+03 2.442076e+03 2.360535e+03
16.6 2.514609e+03 2.418695e+03 2.443966e+03 2.539881e+03
17.6 2.436060e+03 2.423034e+03 2.444521e+03 2.457547e+03
0.1 2.441738e+03 2.427303e+03 2.443683e+03 2.458117e+03
1.1 2.402056e+03 2.411485e+03 2.443641e+03 2.434212e+03
2.1 2.472936e+03 2.422598e+03 2.442759e+03 2.493098e+03
3.1 2.346885e+03 2.415022e+03 2.442298e+03 2.374161e+03
4.1 2.492272e+03 2.438567e+03 2.442357e+03 2.496062e+03
5.1 2.482767e+03 2.461835e+03 2.442316e+03 2.463248e+03
6.1 2.387203e+03 2.449157e+03 2.441748e+03 2.379794e+03
7.1 2.451949e+03 2.441943e+03 2.441919e+03 2.451925e+03
8.1 2.435481e+03 2.455362e+03 2.442535e+03 2.422655e+03
9.1 2.450839e+03 2.465999e+03 2.443226e+03 2.428066e+03
10.1 2.476058e+03 2.456767e+03 2.443772e+03 2.463063e+03
11.1 2.432514e+03 2.434991e+03 2.443372e+03 2.440895e+03
12.1 2.499430e+03 2.425961e+03 2.442597e+03 2.516066e+03
13.1 2.376399e+03 2.438449e+03 2.441916e+03 2.379867e+03
14.1 2.378565e+03 2.460106e+03 2.442076e+03 2.360535e+03
15.1 2.514609e+03 2.418695e+03 2.443966e+03 2.539881e+03
16.1 2.436060e+03 2.423034e+03 2.444521e+03 2.457547e+03
17.1 2.440959e+03 2.465064e+03 2.444096e+03 2.419991e+03
0.7 2.472936e+03 2.422598e+03 2.442759e+03 2.493098e+03
1.7 2.346885e+03 2.415022e+03 2.442298e+03 2.374161e+03
2.7 2.492272e+03 2.438567e+03 2.442357e+03 2.496062e+03
3.7 2.482767e+03 2.461835e+03 2.442316e+03 2.463248e+03
4.7 2.387203e+03 2.449157e+03 2.441748e+03 2.379794e+03
5.7 2.451949e+03 2.441943e+03 2.441919e+03 2.451925e+03
6.7 2.435481e+03 2.455362e+03 2.442535e+03 2.422655e+03
7.7 2.450839e+03 2.465999e+03 2.443226e+03 2.428066e+03
8.7 2.476058e+03 2.456767e+03 2.443772e+03 2.463063e+03
9.7 2.432514e+03 2.434991e+03 2.443372e+03 2.440895e+03
10.7 2.499430e+03 2.425961e+03 2.442597e+03 2.516066e+03
11.7 2.376399e+03 2.438449e+03 2.441916e+03 2.379867e+03
12.7 2.378565e+03 2.460106e+03 2.442076e+03 2.360535e+03
13.7 2.514609e+03 2.418695e+03 2.443966e+03 2.539881e+03
14.7 2.436060e+03 2.423034e+03 2.444521e+03 2.457547e+03
15.7 2.440959e+03 2.465064e+03 2.444096e+03 2.419991e+03
16.7 2.506192e+03 2.478282e+03 2.443959e+03 2.471869e+03
17.7 2.460263e+03 2.455665e+03 2.443804e+03 2.448402e+03
0.2 2.346885e+03 2.415022e+03 2.442298e+03 2.374161e+03
1.2 2.492272e+03 2.438567e+03 2.442357e+03 2.496062e+03
2.2 2.482767e+03 2.461835e+03 2.442316e+03 2.463248e+03
3.2 2.387203e+03 2.449157e+03 2.441748e+03 2.379794e+03
4.2 2.451949e+03 2.441943e+03 2.441919e+03 2.451925e+03
5.2 2.435481e+03 2.455362e+03 2.442535e+03 2.422655e+03
6.2 2.450839e+03 2.465999e+03 2.443226e+03 2.428066e+03
7.2 2.476058e+03 2.456767e+03 2.443772e+03 2.463063e+03
8.2 2.432514e+03 2.434991e+03 2.443372e+03 2.440895e+03
9.2 2.499430e+03 2.425961e+03 2.442597e+03 2.516066e+03
10.2 2.376399e+03 2.438449e+03 2.441916e+03 2.379867e+03
11.2 2.378565e+03 2.460106e+03 2.442076e+03 2.360535e+03
12.2 2.514609e+03 2.418695e+03 2.443966e+03 2.539881e+03
13.2 2.436060e+03 2.423034e+03 2.444521e+03 2.457547e+03
14.2 2.440959e+03 2.465064e+03 2.444096e+03 2.419991e+03
15.2 2.506192e+03 2.478282e+03 2.443959e+03 2.471869e+03
16.2 2.460263e+03 2.455665e+03 2.443804e+03 2.448402e+03
17.2 2.391675e+03 2.420421e+03 2.443490e+03 2.414743e+03
0.3 2.492272e+03 2.438567e+03 2.442357e+03 2.496062e+03
1.3 2.482767e+03 2.461835e+03 2.442316e+03 2.463248e+03
2.3 2.387203e+03 2.449157e+03 2.441748e+03 2.379794e+03
3.3 2.451949e+03 2.441943e+03 2.441919e+03 2.451925e+03
4.3 2.435481e+03 2.455362e+03 2.442535e+03 2.422655e+03
5.3 2.450839e+03 2.465999e+03 2.443226e+03 2.428066e+03
6.3 2.476058e+03 2.456767e+03 2.443772e+03 2.463063e+03
7.3 2.432514e+03 2.434991e+03 2.443372e+03 2.440895e+03
8.3 2.499430e+03 2.425961e+03 2.442597e+03 2.516066e+03
9.3 2.376399e+03 2.438449e+03 2.441916e+03 2.379867e+03
10.3 2.378565e+03 2.460106e+03 2.442076e+03 2.360535e+03
11.3 2.514609e+03 2.418695e+03 2.443966e+03 2.539881e+03
12.3 2.436060e+03 2.423034e+03 2.444521e+03 2.457547e+03
13.3 2.440959e+03 2.465064e+03 2.444096e+03 2.419991e+03
14.3 2.506192e+03 2.478282e+03 2.443959e+03 2.471869e+03
15.3 2.460263e+03 2.455665e+03 2.443804e+03 2.448402e+03
16.3 2.391675e+03 2.420421e+03 2.443490e+03 2.414743e+03
17.3 2.403518e+03 2.428479e+03 2.443078e+03 2.418118e+03
0.1 2.435481e+03 2.455362e+03 2.442535e+03 2.422655e+03
1.1 2.450839e+03 2.465999e+03 2.443226e+03 2.428066e+03
2.1 2.476058e+03 2.456767e+03 2.443772e+03 2.463063e+03
3.1 2.432514e+03 2.434991e+03 2.443372e+03 2.440895e+03
4.1 2.499430e+03 2.425961e+03 2.442597e+03 2.516066e+03
5.1 2.376399e+03 2.438449e+03 2.441916e+03 2.379867e+03
6.1 2.378565e+03 2.460106e+03 2.442076e+03 2.360535e+03
7.1 2.514609e+03 2.418695e+03 2.443966e+03 2.539881e+03
8.1 2.436060e+03 2.423034e+03 2.444521e+03 2.457547e+03
9.1 2.440959e+03 2.465064e+03 2.444096e+03 2.419991e+03
10.1 2.506192e+03 2.478282e+03 2.443959e+03 2.471869e+03
11.1 2.460263e+03 2.455665e+03 2.443804e+03 2.448402e+03
12.1 2.391675e+03 2.420421e+03 2.443490e+03 2.414743e+03
13.1 2.403518e+03 2.428479e+03 2.443078e+03 2.418118e+03
14.1 2.288005e+03 2.434888e+03 2.442662e+03 2.295779e+03
15.1 2.476812e+03 2.448862e+03 2.442422e+03 2.470372e+03
16.1 2.435408e+03 2.418765e+03 2.442391e+03 2.459034e+03
17.1 2.563645e+03 2.451356e+03 2.442637e+03 2.554926e+03
0.7 2.476058e+03 2.456767e+03 2.443772e+03 2.463063e+03
1.7 2.432514e+03 2.434991e+03 2.443372e+03 2.440895e+03
2.7 2.499430e+03 2.425961e+03 2.442597e+03 2.516066e+03
3.7 2.376399e+03 2.438449e+03 2.441916e+03 2.379867e+03
4.7 2.378565e+03 2.460106e+03 2.442076e+03 2.360535e+03
5.7 2.514609e+03 2.418695e+03 2.443966e+03 2.539881e+03
6.7 2.436060e+03 2.423034e+03 2.444521e+03 2.457547e+03
7.7 2.440959e+03 2.465064e+03 2.444096e+03 2.419991e+03
8.7 2.506192e+03 2.478282e+03 2.443959e+03 2.471869e+03
9.7 2.460263e+03 2.455665e+03 2.443804e+03 2.448402e+03
10.7 2.391675e+03 2.420421e+03 2.443490e+03 2.414743e+03
11.7 2.403518e+03 2.428479e+03 2.443078e+03 2.418118e+03
12.7 2.288005e+03 2.434888e+03 2.442662e+03 2.295779e+03
13.7 2.476812e+03 2.448862e+03 2.442422e+03 2.470372e+03
14.7 2.435408e+03 2.418765e+03 2.442391e+03 2.459034e+03
15.7 2.563645e+03 2.451356e+03 2.442637e+03 2.554926e+03
16.7 2.513907e+03 2.452977e+03 2.442873e+03 2.503803e+03
17.7 2.506632e+03 2.470139e+03 2.443571e+03 2.480064e+03
0.5 2.432514e+03 2.434991e+03 2.443372e+03 2.440895e+03
1.5 2.499430e+03 2.425961e+03 2.442597e+03 2.516066e+03
2.5 2.376399e+03 2.438449e+03 2.441916e+03 2.379867e+03
3.5 2.378565e+03 2.460106e+03 2.442076e+03 2.360535e+03
4.5 2.514609e+03 2.418695e+03 2.443966e+03 2.539881e+03
5.5 2.436060e+03 2.423034e+03 2.444521e+03 2.457547e+03
6.5 2.440959e+03 2.465064e+03 2.444096e+03 2.419991e+03
7.5 2.506192e+03 2.478282e+03 2.443959e+03 2.471869e+03
8.5 2.460263e+03 2.455665e+03 2.443804e+03 2.448402e+03
9.5 2.391675e+03 2.420421e+03 2.443490e+03 2.414743e+03
10.5 2.403518e+03 2.428479e+03 2.443078e+03 2.418118e+03
11.5 2.288005e+03 2.434888e+03 2.442662e+03 2.295779e+03
12.5 2.476812e+03 2.448862e+03 2.442422e+03 2.470372e+03
13.5 2.435408e+03 2.418765e+03 2.442391e+03 2.459034e+03
14.5 2.563645e+03 2.451356e+03 2.442637e+03 2.554926e+03
15.5 2.513907e+03 2.452977e+03 2.442873e+03 2.503803e+03
16.5 2.506632e+03 2.470139e+03 2.443571e+03 2.480064e+03
17.5 2.396205e+03 2.435936e+03 2.444394e+03 2.404663e+03
0.8 2.499430e+03 2.425961e+03 2.442597e+03 2.516066e+03
1.8 2.376399e+03 2.438449e+03 2.441916e+03 2.379867e+03
2.8 2.378565e+03 2.460106e+03 2.442076e+03 2.360535e+03
3.8 2.514609e+03 2.418695e+03 2.443966e+03 2.539881e+03
4.8 2.436060e+03 2.423034e+03 2.444521e+03 2.457547e+03
5.8 2.440959e+03 2.465064e+03 2.444096e+03 2.419991e+03
6.8 2.506192e+03 2.478282e+03 2.443959e+03 2.471869e+03
7.8 2.460263e+03 2.455665e+03 2.443804e+03 2.448402e+03
8.8 2.391675e+03 2.420421e+03 2.443490e+03 2.414743e+03
9.8 2.403518e+03 2.428479e+03 2.443078e+03 2.418118e+03
10.8 2.288005e+03 2.434888e+03 2.442662e+03 2.295779e+03
11.8 2.476812e+03 2.448862e+03 2.442422e+03 2.470372e+03
12.8 2.435408e+03 2.418765e+03 2.442391e+03 2.459034e+03
13.8 2.563645e+03 2.451356e+03 2.442637e+03 2.554926e+03
14.8 2.513907e+03 2.452977e+03 2.442873e+03 2.503803e+03
15.8 2.506632e+03 2.470139e+03 2.443571e+03 2.480064e+03
16.8 2.396205e+03 2.435936e+03 2.444394e+03 2.404663e+03
17.8 2.408179e+03 2.434952e+03 2.443824e+03 2.417051e+03
0.1 2.376399e+03 2.438449e+03 2.441916e+03 2.379867e+03
1.1 2.378565e+03 2.460106e+03 2.442076e+03 2.360535e+03
2.1 2.514609e+03 2.418695e+03 2.443966e+03 2.539881e+03
3.1 2.436060e+03 2.423034e+03 2.444521e+03 2.457547e+03
4.1 2.440959e+03 2.465064e+03 2.444096e+03 2.419991e+03
5.1 2.506192e+03 2.478282e+03 2.443959e+03 2.471869e+03
6.1 2.460263e+03 2.455665e+03 2.443804e+03 2.448402e+03
7.1 2.391675e+03 2.420421e+03 2.443490e+03 2.414743e+03
8.1 2.403518e+03 2.428479e+03 2.443078e+03 2.418118e+03
9.1 2.288005e+03 2.434888e+03 2.442662e+03 2.295779e+03
10.1 2.476812e+03 2.448862e+03 2.442422e+03 2.470372e+03
11.1 2.435408e+03 2.418765e+03 2.442391e+03 2.459034e+03
12.1 2.563645e+03 2.451356e+03 2.442637e+03 2.554926e+03
13.1 2.513907e+03 2.452977e+03 2.442873e+03 2.503803e+03
14.1 2.506632e+03 2.470139e+03 2.443571e+03 2.480064e+03
15.1 2.396205e+03 2.435936e+03 2.444394e+03 2.404663e+03
16.1 2.408179e+03 2.434952e+03 2.443824e+03 2.417051e+03
17.1 2.401651e+03 2.426993e+03 2.442652e+03 2.417310e+03
0.7 2.440959e+03 2.465064e+03 2.444096e+03 2.419991e+03
1.7 2.506192e+03 2.478282e+03 2.443959e+03 2.471869e+03
2.7 2.460263e+03 2.455665e+03 2.443804e+03 2.448402e+03
3.7 2.391675e+03 2.420421e+03 2.443490e+03 2.414743e+03
4.7 2.403518e+03 2.428479e+03 2.443078e+03 2.418118e+03
5.7 2.288005e+03 2.434888e+03 2.442662e+03 2.295779e+03
6.7 2.476812e+03 2.448862e+03 2.442422e+03 2.470372e+03
7.7 2.435408e+03 2.418765e+03 2.442391e+03 2.459034e+03
8.7 2.563645e+03 2.451356e+03 2.442637e+03 2.554926e+03
9.7 2.513907e+03 2.452977e+03 2.442873e+03 2.503803e+03
10.7 2.506632e+03 2.470139e+03 2.443571e+03 2.480064e+03
11.7 2.396205e+03 2.435936e+03 2.444394e+03 2.404663e+03
12.7 2.408179e+03 2.434952e+03 2.443824e+03 2.417051e+03
13.7 2.401651e+03 2.426993e+03 2.442652e+03 2.417310e+03
14.7 2.446781e+03 2.443681e+03 2.442384e+03 2.445485e+03
15.7 2.453941e+03 2.441876e+03 2.442473e+03 2.454538e+03
16.7 2.379549e+03 2.434768e+03 2.442509e+03 2.387290e+03
17.7 2.459891e+03 2.443337e+03 2.442683e+03 2.459237e+03
0.5 2.506192e+03 2.478282e+03 2.443959e+03 2.471869e+03
1.5 2.460263e+03 2.455665e+03 2.443804e+03 2.448402e+03
2.5 2.391675e+03 2.420421e+03 2.443490e+03 2.414743e+03
3.5 2.403518e+03 2.428479e+03 2.443078e+03 2.418118e+03
4.5 2.288005e+03 2.434888e+03 2.442662e+03 2.295779e+03
5.5 2.476812e+03 2.448862e+03 2.442422e+03 2.470372e+03
6.5 2.435408e+03 2.418765e+03 2.442391e+03 2.459034e+03
7.5 2.563645e+03 2.451356e+03 2.442637e+03 2.554926e+03
8.5 2.513907e+03 2.452977e+03 2.442873e+03 2.503803e+03
9.5 2.506632e+03 2.470139e+03 2.443571e+03 2.480064e+03
10.5 2.396205e+03 2.435936e+03 2.444394e+03 2.404663e+03
11.5 2.408179e+03 2.434952e+03 2.443824e+03 2.417051e+03
12.5 2.401651e+03 2.426993e+03 2.442652e+03 2.417310e+03
13.5 2.446781e+03 2.443681e+03 2.442384e+03 2.445485e+03
14.5 2.453941e+03 2.441876e+03 2.442473e+03 2.454538e+03
15.5 2.379549e+03 2.434768e+03 2.442509e+03 2.387290e+03
16.5 2.459891e+03 2.443337e+03 2.442683e+03 2.459237e+03
17.5 2.495771e+03 2.454488e+03 2.442847e+03 2.484130e+03
0.8 2.391675e+03 2.420421e+03 2.443490e+03 2.414743e+03
1.8 2.403518e+03 2.428479e+03 2.443078e+03 2.418118e+03
2.8 2.288005e+03 2.434888e+03 2.442662e+03 2.295779e+03
3.8 2.476812e+03 2.448862e+03 2.442422e+03 2.470372e+03
4.8 2.435408e+03 2.418765e+03 2.442391e+03 2.459034e+03
5.8 2.563645e+03 2.451356e+03 2.442637e+03 2.554926e+03
6.8 2.513907e+03 2.452977e+03 2.442873e+03 2.503803e+03
7.8 2.506632e+03 2.470139e+03 2.443571e+03 2.480064e+03
8.8 2.396205e+03 2.435936e+03 2.444394e+03 2.404663e+03
9.8 2.408179e+03 2.434952e+03 2.443824e+03 2.417051e+03
10.8 2.401651e+03 2.426993e+03 2.442652e+03 2.417310e+03
11.8 2.446781e+03 2.443681e+03 2.442384e+03 2.445485e+03
12.8 2.453941e+03 2.441876e+03 2.442473e+03 2.454538e+03
13.8 2.379549e+03 2.434768e+03 2.442509e+03 2.387290e+03
14.8 2.459891e+03 2.443337e+03 2.442683e+03 2.459237e+03
15.8 2.495771e+03 2.454488e+03 2.442847e+03 2.484130e+03
16.8 2.467910e+03 2.463131e+03 2.443123e+03 2.447902e+03
17.8 2.460923e+03 2.446873e+03 2.442995e+03 2.457045e+03
0.2 2.403518e+03 2.428479e+03 2.443078e+03 2.418118e+03
1.2 2.288005e+03 2.434888e+03 2.442662e+03 2.295779e+03
2.2 2.476812e+03 2.448862e+03 2.442422e+03 2.470372e+03
3.2 2.435408e+03 2.418765e+03 2.442391e+03 2.459034e+03
4.2 2.563645e+03 2.451356e+03 2.442637e+03 2.554926e+03
5.2 2.513907e+03 2.452977e+03 2.442873e+03 2.503803e+03
6.2 2.506632e+03 2.470139e+03 2.443571e+03 2.480064e+03
7.2 2.396205e+03 2.435936e+03 2.444394e+03 2.404663e+03
8.2 2.408179e+03 2.434952e+03 2.443824e+03 2.417051e+03
9.2 2.401651e+03 2.426993e+03 2.442652e+03 2.417310e+03
10.2 2.446781e+03 2.443681e+03 2.442384e+03 2.445485e+03
11.2 2.453941e+03 2.441876e+03 2.442473e+03 2.454538e+03
12.2 2.379549e+03 2.434768e+03 2.442509e+03 2.387290e+03
13.2 2.459891e+03 2.443337e+03 2.442683e+03 2.459237e+03
14.2 2.495771e+03 2.454488e+03 2.442847e+03 2.484130e+03
15.2 2.467910e+03 2.463131e+03 2.443123e+03 2.447902e+03
16.2 2.460923e+03 2.446873e+03 2.442995e+03 2.457045e+03
17.2 2.425150e+03 2.437473e+03 2.442292e+03 2.429969e+03
0.3 2.513907e+03 2.452977e+03 2.442873e+03 2.503803e+03
1.3 2.506632e+03 2.470139e+03 2.443571e+03 2.480064e+03
2.3 2.396205e+03 2.435936e+03 2.444394e+03 2.404663e+03
3.3 2.408179e+03 2.434952e+03 2.443824e+03 2.417051e+03
4.3 2.401651e+03 2.426993e+03 2.442652e+03 2.417310e+03
5.3 2.446781e+03 2.443681e+03 2.442384e+03 2.445485e+03
6.3 2.453941e+03 2.441876e+03 2.442473e+03 2.454538e+03
7.3 2.379549e+03 2.434768e+03 2.442509e+03 2.387290e+03
8.3 2.459891e+03 2.443337e+03 2.442683e+03 2.459237e+03
9.3 2.495771e+03 2.454488e+03 2.442847e+03 2.484130e+03
10.3 2.467910e+03 2.463131e+03 2.443123e+03 2.447902e+03
11.3 2.460923e+03 2.446873e+03 2.442995e+03 2.457045e+03
12.3 2.425150e+03 2.437473e+03 2.442292e+03 2.429969e+03
13.3 2.438544e+03 2.432625e+03 2.441719e+03 2.447638e+03
14.3 2.390736e+03 2.444587e+03 2.442415e+03 2.388563e+03
15.3 2.410419e+03 2.446257e+03 2.443642e+03 2.407804e+03
16.3 2.483743e+03 2.433178e+03 2.443725e+03 2.494289e+03
17.3 2.492598e+03 2.455865e+03 2.443346e+03 2.480079e+03
0.7 2.396205e+03 2.435936e+03 2.444394e+03 2.404663e+03
1.7 2.408179e+03 2.434952e+03 2.443824e+03 2.417051e+03
2.7 2.401651e+03 2.426993e+03 2.442652e+03 2.417310e+03
3.7 2.446781e+03 2.443681e+03 2.442384e+03 2.445485e+03
4.7 2.453941e+03 2.441876e+03 2.442473e+03 2.454538e+03
5.7 2.379549e+03 2.434768e+03 2.442509e+03 2.387290e+03
6.7 2.459891e+03 2.443337e+03 2.442683e+03 2.459237e+03
7.7 2.495771e+03 2.454488e+03 2.442847e+03 2.484130e+03
8.7 2.467910e+03 2.463131e+03 2.443123e+03 2.447902e+03
9.7 2.460923e+03 2.446873e+03 2.442995e+03 2.457045e+03
10.7 2.425150e+03 2.437473e+03 2.442292e+03 2.429969e+03
11.7 2.438544e+03 2.432625e+03 2.441719e+03 2.447638e+03
12.7 2.390736e+03 2.444587e+03 2.442415e+03 2.388563e+03
13.7 2.410419e+03 2.446257e+03 2.443642e+03 2.407804e+03
14.7 2.483743e+03 2.433178e+03 2.443725e+03 2.494289e+03
15.7 2.492598e+03 2.455865e+03 2.443346e+03 2.480079e+03
16.7 2.436225e+03 2.453925e+03 2.443032e+03 2.425333e+03
17.7 2.467391e+03 2.433133e+03 2.442837e+03 2.477094e+03
0.8 2.408179e+03 2.434952e+03 2.443824e+03 2.417051e+03
1.8 2.401651e+03 2.426993e+03 2.442652e+03 2.417310e+03
2.8 2.446781e+03 2.443681e+03 2.442384e+03 2.445485e+03
3.8 2.453941e+03 2.441876e+03 2.442473e+03 2.454538e+03
4.8 2.379549e+03 2.434768e+03 2.442509e+03 2.387290e+03
5.8 2.459891e+03 2.443337e+03 2.442683e+03 2.459237e+03
6.8 2.495771e+03 2.454488e+03 2.442847e+03 2.484130e+03
7.8 2.467910e+03 2.463131e+03 2.443123e+03 2.447902e+03
8.8 2.460923e+03 2.446873e+03 2.442995e+03 2.457045e+03
9.8 2.425150e+03 2.437473e+03 2.442292e+03 2.429969e+03
10.8 2.438544e+03 2.432625e+03 2.441719e+03 2.447638e+03
11.8 2.390736e+03 2.444587e+03 2.442415e+03 2.388563e+03
12.8 2.410419e+03 2.446257e+03 2.443642e+03 2.407804e+03
13.8 2.483743e+03 2.433178e+03 2.443725e+03 2.494289e+03
14.8 2.492598e+03 2.455865e+03 2.443346e+03 2.480079e+03
15.8 2.436225e+03 2.453925e+03 2.443032e+03 2.425333e+03
16.8 2.467391e+03 2.433133e+03 2.442837e+03 2.477094e+03
17.8 2.477290e+03 2.456021e+03 2.442725e+03 2.463994e+03
0.4 2.401651e+03 2.426993e+03 2.442652e+03 2.417310e+03
1.4 2.446781e+03 2.443681e+03 2.442384e+03 2.445485e+03
2.4 2.453941e+03 2.441876e+03 2.442473e+03 2.454538e+03
3.4 2.379549e+03 2.434768e+03 2.442509e+03 2.387290e+03
4.4 2.459891e+03 2.443337e+03 2.442683e+03 2.459237e+03
5.4 2.495771e+03 2.454488e+03 2.442847e+03 2.484130e+03
6.4 2.467910e+03 2.463131e+03 2.443123e+03 2.447902e+03
7.4 2.460923e+03 2.446873e+03 2.442995e+03 2.457045e+03
8.4 2.425150e+03 2.437473e+03 2.442292e+03 2.429969e+03
9.4 2.438544e+03 2.432625e+03 2.441719e+03 2.447638e+03
10.4 2.390736e+03 2.444587e+03 2.442415e+03 2.388563e+03
11.4 2.410419e+03 2.446257e+03 2.443642e+03 2.407804e+03
12.4 2.483743e+03 2.433178e+03 2.443725e+03 2.494289e+03
13.4 2.492598e+03 2.455865e+03 2.443346e+03 2.480079e+03
14.4 2.436225e+03 2.453925e+03 2.443032e+03 2.425333e+03
15.4 2.467391e+03 2.433133e+03 2.442837e+03 2.477094e+03
16.4 2.477290e+03 2.456021e+03 2.442725e+03 2.463994e+03
17.4 2.434167e+03 2.455472e+03 2.442674e+03 2.421369e+03
0.2 2.495771e+03 2.454488e+03 2.442847e+03 2.484130e+03
1.2 2.467910e+03 2.463131e+03 2.443123e+03 2.447902e+03
2.2 2.460923e+03 2.446873e+03 2.442995e+03 2.457045e+03
3.2 2.425150e+03 2.437473e+03 2.442292e+03 2.429969e+03
4.2 2.438544e+03 2.432625e+03 2.441719e+03 2.447638e+03
5.2 2.390736e+03 2.444587e+03 2.442415e+03 2.388563e+03
6.2 2.410419e+03 2.446257e+03 2.443642e+03 2.407804e+03
7.2 2.483743e+03 2.433178e+03 2.443725e+03 2.494289e+03
8.2 2.492598e+03 2.455865e+03 2.443346e+03 2.480079e+03
9.2 2.436225e+03 2.453925e+03 2.443032e+03 2.425333e+03
10.2 2.467391e+03 2.433133e+03 2.442837e+03 2.477094e+03
11.2 2.477290e+03 2.456021e+03 2.442725e+03 2.463994e+03
12.2 2.434167e+03 2.455472e+03 2.442674e+03 2.421369e+03
13.2 2.496143e+03 2.466314e+03 2.442785e+03 2.472613e+03
14.2 2.476436e+03 2.474829e+03 2.443533e+03 2.445139e+03
15.2 2.479032e+03 2.454942e+03 2.443829e+03 2.467919e+03
16.2 2.438167e+03 2.461361e+03 2.443887e+03 2.420693e+03
17.2 2.487597e+03 2.456667e+03 2.445043e+03 2.475973e+03
0.8 2.460923e+03 2.446873e+03 2.442995e+03 2.457045e+03
1.8 2.425150e+03 2.437473e+03 2.442292e+03 2.429969e+03
2.8 2.438544e+03 2.432625e+03 2.441719e+03 2.447638e+03
3.8 2.390736e+03 2.444587e+03 2.442415e+03 2.388563e+03
4.8 2.410419e+03 2.446257e+03 2.443642e+03 2.407804e+03
5.8 2.483743e+03 2.433178e+03 2.443725e+03 2.494289e+03
6.8 2.492598e+03 2.455865e+03 2.443346e+03 2.480079e+03
7.8 2.436225e+03 2.453925e+03 2.443032e+03 2.425333e+03
8.8 2.467391e+03 2.433133e+03 2.442837e+03 2.477094e+03
9.8 2.477290e+03 2.456021e+03 2.442725e+03 2.463994e+03
10.8 2.434167e+03 2.455472e+03 2.442674e+03 2.421369e+03
11.8 2.496143e+03 2.466314e+03 2.442785e+03 2.472613e+03
12.8 2.476436e+03 2.474829e+03 2.443533e+03 2.445139e+03
13.8 2.479032e+03 2.454942e+03 2.443829e+03 2.467919e+03
14.8 2.438167e+03 2.461361e+03 2.443887e+03 2.420693e+03
15.8 2.487597e+03 2.456667e+03 2.445043e+03 2.475973e+03
16.8 2.388302e+03 2.456277e+03 2.444906e+03 2.376931e+03
17.8 2.445149e+03 2.442974e+03 2.443828e+03 2.446003e+03
0.2 2.425150e+03 2.437473e+03 2.442292e+03 2.429969e+03
1.2 2.438544e+03 2.432625e+03 2.441719e+03 2.447638e+03
2.2 2.390736e+03 2.444587e+03 2.442415e+03 2.388563e+03
3.2 2.410419e+03 2.446257e+03 2.443642e+03 2.407804e+03
4.2 2.483743e+03 2.433178e+03 2.443725e+03 2.494289e+03
5.2 2.492598e+03 2.455865e+03 2.443346e+03 2.480079e+03
6.2 2.436225e+03 2.453925e+03 2.443032e+03 2.425333e+03
7.2 2.467391e+03 2.433133e+03 2.442837e+03 2.477094e+03
8.2 2.477290e+03 2.456021e+03 2.442725e+03 2.463994e+03
9.2 2.434167e+03 2.455472e+03 2.442674e+03 2.421369e+03
10.2 2.496143e+03 2.466314e+03 2.442785e+03 2.472613e+03
11.2 2.476436e+03 2.474829e+03 2.443533e+03 2.445139e+03
12.2 2.479032e+03 2.454942e+03 2.443829e+03 2.467919e+03
13.2 2.438167e+03 2.461361e+03 2.443887e+03 2.420693e+03
14.2 2.487597e+03 2.456667e+03 2.445043e+03 2.475973e+03
15.2 2.388302e+03 2.456277e+03 2.444906e+03 2.376931e+03
16.2 2.445149e+03 2.442974e+03 2.443828e+03 2.446003e+03
17.2 2.375078e+03 2.444433e+03 2.442976e+03 2.373621e+03
0.5 2.438544e+03 2.432625e+03 2.441719e+03 2.447638e+03
1.5 2.390736e+03 2.444587e+03 2.442415e+03 2.388563e+03
2.5 2.410419e+03 2.446257e+03 2.443642e+03 2.407804e+03
3.5 2.483743e+03 2.433178e+03 2.443725e+03 2.494289e+03
4.5 2.492598e+03 2.455865e+03 2.443346e+03 2.480079e+03
5.5 2.436225e+03 2.453925e+03 2.443032e+03 2.425333e+03
6.5 2.467391e+03 2.433133e+03 2.442837e+03 2.477094e+03
7.5 2.477290e+03 2.456021e+03 2.442725e+03 2.463994e+03
8.5 2.434167e+03 2.455472e+03 2.442674e+03 2.421369e+03
9.5 2.496143e+03 2.466314e+03 2.442785e+03 2.472613e+03
10.5 2.476436e+03 2.474829e+03 2.443533e+03 2.445139e+03
11.5 2.479032e+03 2.454942e+03 2.443829e+03 2.467919e+03
12.5 2.438167e+03 2.461361e+03 2.443887e+03 2.420693e+03
13.5 2.487597e+03 2.456667e+03 2.445043e+03 2.475973e+03
14.5 2.388302e+03 2.456277e+03 2.444906e+03 2.376931e+03
15.5 2.445149e+03 2.442974e+03 2.443828e+03 2.446003e+03
16.5 2.375078e+03 2.444433e+03 2.442976e+03 2.373621e+03
17.5 2.458941e+03 2.443216e+03 2.442538e+03 2.458263e+03
0.8 2.496143e+03 2.466314e+03 2.442785e+03 2.472613e+03
1.8 2.476436e+03 2.474829e+03 2.443533e+03 2.445139e+03
2.8 2.479032e+03 2.454942e+03 2.443829e+03 2.467919e+03
3.8 2.438167e+03 2.461361e+03 2.443887e+03 2.420693e+03
4.8 2.487597e+03 2.456667e+03 2.445043e+03 2.475973e+03
5.8 2.388302e+03 2.456277e+03 2.444906e+03 2.376931e+03
6.8 2.445149e+03 2.442974e+03 2.443828e+03 2.446003e+03
7.8 2.375078e+03 2.444433e+03 2.442976e+03 2.373621e+03
8.8 2.458941e+03 2.443216e+03 2.442538e+03 2.458263e+03
9.8 2.473499e+03 2.455067e+03 2.442369e+03 2.460801e+03
10.8 2.477929e+03 2.458906e+03 2.442356e+03 2.461378e+03
11.8 2.472861e+03 2.478490e+03 2.442548e+03 2.436920e+03
12.8 2.458377e+03 2.456579e+03 2.442285e+03 2.444083e+03
13.8 2.409450e+03 2.456869e+03 2.442771e+03 2.395352e+03
14.8 2.507889e+03 2.464703e+03 2.443053e+03 2.486239e+03
15.8 2.526222e+03 2.479427e+03 2.442955e+03 2.489750e+03
16.8 2.395903e+03 2.476393e+03 2.442509e+03 2.362018e+03
17.8 2.412583e+03 2.401573e+03 2.442282e+03 2.453293e+03
0.2 2.476436e+03 2.474829e+03 2.443533e+03 2.445139e+03
1.2 2.479032e+03 2.454942e+03 2.443829e+03 2.467919e+03
2.2 2.438167e+03 2.461361e+03 2.443887e+03 2.420693e+03
3.2 2.487597e+03 2.456667e+03 2.445043e+03 2.475973e+03
4.2 2.388302e+03 2.456277e+03 2.444906e+03 2.376931e+03
5.2 2.445149e+03 2.442974e+03 2.443828e+03 2.446003e+03
6.2 2.375078e+03 2.444433e+03 2.442976e+03 2.373621e+03
7.2 2.458941e+03 2.443216e+03 2.442538e+03 2.458263e+03
8.2 2.473499e+03 2.455067e+03 2.442369e+03 2.460801e+03
9.2 2.477929e+03 2.458906e+03 2.442356e+03 2.461378e+03
10.2 2.472861e+03 2.478490e+03 2.442548e+03 2.436920e+03
11.2 2.458377e+03 2.456579e+03 2.442285e+03 2.444083e+03
12.2 2.409450e+03 2.456869e+03 2.442771e+03 2.395352e+03
13.2 2.507889e+03 2.464703e+03 2.443053e+03 2.486239e+03
14.2 2.526222e+03 2.479427e+03 2.442955e+03 2.489750e+03
15.2 2.395903e+03 2.476393e+03 2.442509e+03 2.362018e+03
16.2 2.412583e+03 2.401573e+03 2.442282e+03 2.453293e+03
17.2 2.445422e+03 2.391987e+03 2.442348e+03 2.495783e+03
0.1 2.479032e+03 2.454942e+03 2.443829e+03 2.467919e+03
1.1 2.438167e+03 2.461361e+03 2.443887e+03 2.420693e+03
2.1 2.487597e+03 2.456667e+03 2.445043e+03 2.475973e+03
3.1 2.388302e+03 2.456277e+03 2.444906e+03 2.376931e+03
4.1 2.445149e+03 2.442974e+03 2.443828e+03 2.446003e+03
5.1 2.375078e+03 2.444433e+03 2.442976e+03 2.373621e+03
6.1 2.458941e+03 2.443216e+03 2.442538e+03 2.458263e+03
7.1 2.473499e+03 2.455067e+03 2.442369e+03 2.460801e+03
8.1 2.477929e+03 2.458906e+03 2.442356e+03 2.461378e+03
9.1 2.472861e+03 2.478490e+03 2.442548e+03 2.436920e+03
10.1 2.458377e+03 2.456579e+03 2.442285e+03 2.444083e+03
11.1 2.409450e+03 2.456869e+03 2.442771e+03 2.395352e+03
12.1 2.507889e+03 2.464703e+03 2.443053e+03 2.486239e+03
13.1 2.526222e+03 2.479427e+03 2.442955e+03 2.489750e+03
14.1 2.395903e+03 2.476393e+03 2.442509e+03 2.362018e+03
15.1 2.412583e+03 2.401573e+03 2.442282e+03 2.453293e+03
16.1 2.445422e+03 2.391987e+03 2.442348e+03 2.495783e+03
17.1 2.358584e+03 2.393081e+03 2.442460e+03 2.407963e+03
0.5 2.477929e+03 2.458906e+03 2.442356e+03 2.461378e+03
1.5 2.472861e+03 2.478490e+03 2.442548e+03 2.436920e+03
2.5 2.458377e+03 2.456579e+03 2.442285e+03 2.444083e+03
3.5 2.409450e+03 2.456869e+03 2.442771e+03 2.395352e+03
4.5 2.507889e+03 2.464703e+03 2.443053e+03 2.486239e+03
5.5 2.526222e+03 2.479427e+03 2.442955e+03 2.489750e+03
6.5 2.395903e+03 2.476393e+03 2.442509e+03 2.362018e+03
7.5 2.412583e+03 2.401573e+03 2.442282e+03 2.453293e+03
8.5 2.445422e+03 2.391987e+03 2.442348e+03 2.495783e+03
9.5 2.358584e+03 2.393081e+03 2.442460e+03 2.407963e+03
10.5 2.436303e+03 2.420041e+03 2.442543e+03 2.458805e+03
11.5 2.436314e+03 2.424784e+03 2.442618e+03 2.454149e+03
12.5 2.415577e+03 2.441880e+03 2.443333e+03 2.417030e+03
13.5 2.412025e+03 2.420006e+03 2.445498e+03 2.437517e+03
14.5 2.450263e+03 2.404273e+03 2.446707e+03 2.492697e+03
15.5 2.387110e+03 2.419090e+03 2.445204e+03 2.413224e+03
16.5 2.539674e+03 2.455503e+03 2.444259e+03 2.528429e+03
17.5 2.479059e+03 2.463540e+03 2.443705e+03 2.459224e+03
0.9 2.458377e+03 2.456579e+03 2.442285e+03 2.444083e+03
1.9 2.409450e+03 2.456869e+03 2.442771e+03 2.395352e+03
2.9 2.507889e+03 2.464703e+03 2.443053e+03 2.486239e+03
3.9 2.526222e+03 2.479427e+03 2.442955e+03 2.489750e+03
4.9 2.395903e+03 2.476393e+03 2.442509e+03 2.362018e+03
5.9 2.412583e+03 2.401573e+03 2.442282e+03 2.453293e+03
6.9 2.445422e+03 2.391987e+03 2.442348e+03 2.495783e+03
7.9 2.358584e+03 2.393081e+03 2.442460e+03 2.407963e+03
8.9 2.436303e+03 2.420041e+03 2.442543e+03 2.458805e+03
9.9 2.436314e+03 2.424784e+03 2.442618e+03 2.454149e+03
10.9 2.415577e+03 2.441880e+03 2.443333e+03 2.417030e+03
11.9 2.412025e+03 2.420006e+03 2.445498e+03 2.437517e+03
12.9 2.450263e+03 2.404273e+03 2.446707e+03 2.492697e+03
13.9 2.387110e+03 2.419090e+03 2.445204e+03 2.413224e+03
14.9 2.539674e+03 2.455503e+03 2.444259e+03 2.528429e+03
15.9 2.479059e+03 2.463540e+03 2.443705e+03 2.459224e+03
16.9 2.463431e+03 2.422870e+03 2.443020e+03 2.483581e+03
17.9 2.374601e+03 2.412877e+03 2.442610e+03 2.404334e+03
0.5 2.409450e+03 2.456869e+03 2.442771e+03 2.395352e+03
1.5 2.507889e+03 2.464703e+03 2.443053e+03 2.486239e+03
2.5 2.526222e+03 2.479427e+03 2.442955e+03 2.489750e+03
3.5 2.395903e+03 2.476393e+03 2.442509e+03 2.362018e+03
4.5 2.412583e+03 2.401573e+03 2.442282e+03 2.453293e+03
5.5 2.445422e+03 2.391987e+03 2.442348e+03 2.495783e+03
6.5 2.358584e+03 2.393081e+03 2.442460e+03 2.407963e+03
7.5 2.436303e+03 2.420041e+03 2.442543e+03 2.458805e+03
8.5 2.436314e+03 2.424784e+03 2.442618e+03 2.454149e+03
9.5 2.415577e+03 2.441880e+03 2.443333e+03 2.417030e+03
10.5 2.412025e+03 2.420006e+03 2.445498e+03 2.437517e+03
11.5 2.450263e+03 2.404273e+03 2.446707e+03 2.492697e+03
12.5 2.387110e+03 2.419090e+03 2.445204e+03 2.413224e+03
13.5 2.539674e+03 2.455503e+03 2.444259e+03 2.528429e+03
14.5 2.479059e+03 2.463540e+03 2.443705e+03 2.459224e+03
15.5 2.463431e+03 2.422870e+03 2.443020e+03 2.483581e+03
16.5 2.374601e+03 2.412877e+03 2.442610e+03 2.404334e+03
17.5 2.447529e+03 2.422051e+03 2.442501e+03 2.467979e+03
0.5 2.507889e+03 2.464703e+03 2.443053e+03 2.486239e+03
1.5 2.526222e+03 2.479427e+03 2.442955e+03 2.489750e+03
2.5 2.395903e+03 2.476393e+03 2.442509e+03 2.362018e+03
3.5 2.412583e+03 2.401573e+03 2.442282e+03 2.453293e+03
4.5 2.445422e+03 2.391987e+03 2.442348e+03 2.495783e+03
5.5 2.358584e+03 2.393081e+03 2.442460e+03 2.407963e+03
6.5 2.436303e+03 2.420041e+03 2.442543e+03 2.458805e+03
7.5 2.436314e+03 2.424784e+03 2.442618e+03 2.454149e+03
8.5 2.415577e+03 2.441880e+03 2.443333e+03 2.417030e+03
9.5 2.412025e+03 2.420006e+03 2.445498e+03 2.437517e+03
10.5 2.450263e+03 2.404273e+03 2.446707e+03 2.492697e+03
11.5 2.387110e+03 2.419090e+03 2.445204e+03 2.413224e+03
12.5 2.539674e+03 2.455503e+03 2.444259e+03 2.528429e+03
13.5 2.479059e+03 2.463540e+03 2.443705e+03 2.459224e+03
14.5 2.463431e+03 2.422870e+03 2.443020e+03 2.483581e+03
15.5 2.374601e+03 2.412877e+03 2.442610e+03 2.404334e+03
16.5 2.447529e+03 2.422051e+03 2.442501e+03 2.467979e+03
17.5 2.411207e+03 2.437941e+03 2.442547e+03 2.415814e+03
0.5 2.436314e+03 2.424784e+03 2.442618e+03 2.454149e+03
1.5 2.415577e+03 2.441880e+03 2.443333e+03 2.417030e+03
2.5 2.412025e+03 2.420006e+03 2.445498e+03 2.437517e+03
3.5 2.450263e+03 2.404273e+03 2.446707e+03 2.492697e+03
4.5 2.387110e+03 2.419090e+03 2.445204e+03 2.413224e+03
5.5 2.539674e+03 2.455503e+03 2.444259e+03 2.528429e+03
6.5 2.479059e+03 2.463540e+03 2.443705e+03 2.459224e+03
7.5 2.463431e+03 2.422870e+03 2.443020e+03 2.483581e+03
8.5 2.374601e+03 2.412877e+03 2.442610e+03 2.404334e+03
9.5 2.447529e+03 2.422051e+03 2.442501e+03 2.467979e+03
10.5 2.411207e+03 2.437941e+03 2.442547e+03 2.415814e+03
11.5 2.394116e+03 2.438962e+03 2.442647e+03 2.397802e+03
12.5 2.498338e+03 2.456139e+03 2.442752e+03 2.484950e+03
13.5 2.384181e+03 2.430740e+03 2.442842e+03 2.396283e+03
14.5 2.475178e+03 2.435432e+03 2.442912e+03 2.482658e+03
15.5 2.405002e+03 2.417557e+03 2.442968e+03 2.430412e+03
16.5 2.444997e+03 2.428062e+03 2.443012e+03 2.459946e+03
17.5 2.395333e+03 2.415922e+03 2.443050e+03 2.422460e+03
0.7 2.415577e+03 2.441880e+03 2.443333e+03 2.417030e+03
1.7 2.412025e+03 2.420006e+03 2.445498e+03 2.437517e+03
2.7 2.450263e+03 2.404273e+03 2.446707e+03 2.492697e+03
3.7 2.387110e+03 2.419090e+03 2.445204e+03 2.413224e+03
4.7 2.539674e+03 2.455503e+03 2.444259e+03 2.528429e+03
5.7 2.479059e+03 2.463540e+03 2.443705e+03 2.459224e+03
6.7 2.463431e+03 2.422870e+03 2.443020e+03 2.483581e+03
7.7 2.374601e+03 2.412877e+03 2.442610e+03 2.404334e+03
8.7 2.447529e+03 2.422051e+03 2.442501e+03 2.467979e+03
9.7 2.411207e+03 2.437941e+03 2.442547e+03 2.415814e+03
10.7 2.394116e+03 2.438962e+03 2.442647e+03 2.397802e+03
11.7 2.498338e+03 2.456139e+03 2.442752e+03 2.484950e+03
12.7 2.384181e+03 2.430740e+03 2.442842e+03 2.396283e+03
13.7 2.475178e+03 2.435432e+03 2.442912e+03 2.482658e+03
14.7 2.405002e+03 2.417557e+03 2.442968e+03 2.430412e+03
15.7 2.444997e+03 2.428062e+03 2.443012e+03 2.459946e+03
16.7 2.395333e+03 2.415922e+03 2.443050e+03 2.422460e+03
17.7 2.369729e+03 2.426588e+03 2.443085e+03 2.386226e+03
0.4 2.412025e+03 2.420006e+03 2.445498e+03 2.437517e+03
1.4 2.450263e+03 2.404273e+03 2.446707e+03 2.492697e+03
2.4 2.387110e+03 2.419090e+03 2.445204e+03 2.413224e+03
3.4 2.539674e+03 2.455503e+03 2.444259e+03 2.528429e+03
4.4 2.479059e+03 2.463540e+03 2.443705e+03 2.459224e+03
5.4 2.463431e+03 2.422870e+03 2.443020e+03 2.483581e+03
6.4 2.374601e+03 2.412877e+03 2.442610e+03 2.404334e+03
7.4 2.447529e+03 2.422051e+03 2.442501e+03 2.467979e+03
8.4 2.411207e+03 2.437941e+03 2.442547e+03 2.415814e+03
9.4 2.394116e+03 2.438962e+03 2.442647e+03 2.397802e+03
10.4 2.498338e+03 2.456139e+03 2.442752e+03 2.484950e+03
11.4 2.384181e+03 2.430740e+03 2.442842e+03 2.396283e+03
12.4 2.475178e+03 2.435432e+03 2.442912e+03 2.482658e+03
13.4 2.405002e+03 2.417557e+03 2.442968e+03 2.430412e+03
14.4 2.444997e+03 2.428062e+03 2.443012e+03 2.459946e+03
15.4 2.395333e+03 2.415922e+03 2.443050e+03 2.422460e+03
16.4 2.369729e+03 2.426588e+03 2.443085e+03 2.386226e+03
17.4 2.471017e+03 2.459308e+03 2.443117e+03 2.454826e+03
0.4 2.450263e+03 2.404273e+03 2.446707e+03 2.492697e+03
1.4 2.387110e+03 2.419090e+03 2.445204e+03 2.413224e+03
2.4 2.539674e+03 2.455503e+03 2.444259e+03 2.528429e+03
3.4 2.479059e+03 2.463540e+03 2.443705e+03 2.459224e+03
4.4 2.463431e+03 2.422870e+03 2.443020e+03 2.483581e+03
5.4 2.374601e+03 2.412877e+03 2.442610e+03 2.404334e+03
6.4 2.447529e+03 2.422051e+03 2.442501e+03 2.467979e+03
7.4 2.411207e+03 2.437941e+03 2.442547e+03 2.415814e+03
8.4 2.394116e+03 2.438962e+03 2.442647e+03 2.397802e+03
9.4 2.498338e+03 2.456139e+03 2.442752e+03 2.484950e+03
10.4 2.384181e+03 2.430740e+03 2.442842e+03 2.396283e+03
11.4 2.475178e+03 2.435432e+03 2.442912e+03 2.482658e+03
12.4 2.405002e+03 2.417557e+03 2.442968e+03 2.430412e+03
13.4 2.444997e+03 2.428062e+03 2.443012e+03 2.459946e+03
14.4 2.395333e+03 2.415922e+03 2.443050e+03 2.422460e+03
15.4 2.369729e+03 2.426588e+03 2.443085e+03 2.386226e+03
16.4 2.471017e+03 2.459308e+03 2.443117e+03 2.454826e+03
17.4 2.313364e+03 2.444557e+03 2.443147e+03 2.311954e+03
0.6 2.387110e+03 2.419090e+03 2.445204e+03 2.413224e+03
1.6 2.539674e+03 2.455503e+03 2.444259e+03 2.528429e+03
2.6 2.479059e+03 2.463540e+03 2.443705e+03 2.459224e+03
3.6 2.463431e+03 2.422870e+03 2.443020e+03 2.483581e+03
4.6 2.374601e+03 2.412877e+03 2.442610e+03 2.404334e+03
5.6 2.447529e+03 2.422051e+03 2.442501e+03 2.467979e+03
6.6 2.411207e+03 2.437941e+03 2.442547e+03 2.415814e+03
7.6 2.394116e+03 2.438962e+03 2.442647e+03 2.397802e+03
8.6 2.498338e+03 2.456139e+03 2.442752e+03 2.484950e+03
9.6 2.384181e+03 2.430740e+03 2.442842e+03 2.396283e+03
10.6 2.475178e+03 2.435432e+03 2.442912e+03 2.482658e+03
11.6 2.405002e+03 2.417557e+03 2.442968e+03 2.430412e+03
12.6 2.444997e+03 2.428062e+03 2.443012e+03 2.459946e+03
13.6 2.395333e+03 2.415922e+03 2.443050e+03 2.422460e+03
14.6 2.369729e+03 2.426588e+03 2.443085e+03 2.386226e+03
15.6 2.471017e+03 2.459308e+03 2.443117e+03 2.454826e+03
16.6 2.313364e+03 2.444557e+03 2.443147e+03 2.311954e+03
17.6 2.572822e+03 2.458792e+03 2.443263e+03 2.557293e+03
0.9 2.572822e+03 2.458792e+03 2.443263e+03 2.557293e+03
1.9 2.484437e+03 2.463205e+03 2.443221e+03 2.464454e+03
2.9 2.483837e+03 2.450823e+03 2.442484e+03 2.475498e+03
3.9 2.452615e+03 2.449400e+03 2.441584e+03 2.444799e+03
4.9 2.434053e+03 2.443028e+03 2.441457e+03 2.432482e+03
5.9 2.503486e+03 2.441554e+03 2.442105e+03 2.504037e+03
6.9 2.395390e+03 2.454122e+03 2.442815e+03 2.384082e+03
7.9 2.384597e+03 2.436705e+03 2.443256e+03 2.391148e+03
8.9 2.398967e+03 2.454836e+03 2.443463e+03 2.387595e+03
9.9 2.422716e+03 2.441206e+03 2.443539e+03 2.425049e+03
10.9 2.476247e+03 2.453264e+03 2.443469e+03 2.466451e+03
11.9 2.445404e+03 2.459768e+03 2.442814e+03 2.428449e+03
12.9 2.511568e+03 2.444789e+03 2.442090e+03 2.508869e+03
13.9 2.442276e+03 2.456446e+03 2.442216e+03 2.428046e+03
14.9 2.480742e+03 2.454241e+03 2.442769e+03 2.469270e+03
15.9 2.408353e+03 2.468866e+03 2.443623e+03 2.383110e+03
16.9 2.429648e+03 2.452840e+03 2.444474e+03 2.421283e+03
17.9 2.445560e+03 2.452331e+03 2.443934e+03 2.437163e+03
0.5 2.484437e+03 2.463205e+03 2.443221e+03 2.464454e+03
1.5 2.483837e+03 2.450823e+03 2.442484e+03 2.475498e+03
2.5 2.452615e+03 2.449400e+03 2.441584e+03 2.444799e+03
3.5 2.434053e+03 2.443028e+03 2.441457e+03 2.432482e+03
4.5 2.503486e+03 2.441554e+03 2.442105e+03 2.504037e+03
5.5 2.395390e+03 2.454122e+03 2.442815e+03 2.384082e+03
6.5 2.384597e+03 2.436705e+03 2.443256e+03 2.391148e+03
7.5 2.398967e+03 2.454836e+03 2.443463e+03 2.387595e+03
8.5 2.422716e+03 2.441206e+03 2.443539e+03 2.425049e+03
9.5 2.476247e+03 2.453264e+03 2.443469e+03 2.466451e+03
10.5 2.445404e+03 2.459768e+03 2.442814e+03 2.428449e+03
11.5 2.511568e+03 2.444789e+03 2.442090e+03 2.508869e+03
12.5 2.442276e+03 2.456446e+03 2.442216e+03 2.428046e+03
13.5 2.480742e+03 2.454241e+03 2.442769e+03 2.469270e+03
14.5 2.408353e+03 2.468866e+03 2.443623e+03 2.383110e+03
15.5 2.429648e+03 2.452840e+03 2.444474e+03 2.421283e+03
16.5 2.445560e+03 2.452331e+03 2.443934e+03 2.437163e+03
17.5 2.510193e+03 2.445893e+03 2.442686e+03 2.506986e+03
0.5 2.483837e+03 2.450823e+03 2.442484e+03 2.475498e+03
1.5 2.452615e+03 2.449400e+03 2.441584e+03 2.444799e+03
2.5 2.434053e+03 2.443028e+03 2.441457e+03 2.432482e+03
3.5 2.503486e+03 2.441554e+03 2.442105e+03 2.504037e+03
4.5 2.395390e+03 2.454122e+03 2.442815e+03 2.384082e+03
5.5 2.384597e+03 2.436705e+03 2.443256e+03 2.391148e+03
6.5 2.398967e+03 2.454836e+03 2.443463e+03 2.387595e+03
7.5 2.422716e+03 2.441206e+03 2.443539e+03 2.425049e+03
8.5 2.476247e+03 2.453264e+03 2.443469e+03 2.466451e+03
9.5 2.445404e+03 2.459768e+03 2.442814e+03 2.428449e+03
10.5 2.511568e+03 2.444789e+03 2.442090e+03 2.508869e+03
11.5 2.442276e+03 2.456446e+03 2.442216e+03 2.428046e+03
12.5 2.480742e+03 2.454241e+03 2.442769e+03 2.469270e+03
13.5 2.408353e+03 2.468866e+03 2.443623e+03 2.383110e+03
14.5 2.429648e+03 2.452840e+03 2.444474e+03 2.421283e+03
15.5 2.445560e+03 2.452331e+03 2.443934e+03 2.437163e+03
16.5 2.510193e+03 2.445893e+03 2.442686e+03 2.506986e+03
17.5 2.462917e+03 2.447704e+03 2.441950e+03 2.457163e+03
0.5 2.422716e+03 2.441206e+03 2.443539e+03 2.425049e+03
1.5 2.476247e+03 2.453264e+03 2.443469e+03 2.466451e+03
2.5 2.445404e+03 2.459768e+03 2.442814e+03 2.428449e+03
3.5 2.511568e+03 2.444789e+03 2.442090e+03 2.508869e+03
4.5 2.442276e+03 2.456446e+03 2.442216e+03 2.428046e+03
5.5 2.480742e+03 2.454241e+03 2.442769e+03 2.469270e+03
6.5 2.408353e+03 2.468866e+03 2.443623e+03 2.383110e+03
7.5 2.429648e+03 2.452840e+03 2.444474e+03 2.421283e+03
8.5 2.445560e+03 2.452331e+03 2.443934e+03 2.437163e+03
9.5 2.510193e+03 2.445893e+03 2.442686e+03 2.506986e+03
10.5 2.462917e+03 2.447704e+03 2.441950e+03 2.457163e+03
11.5 2.429956e+03 2.436391e+03 2.442303e+03 2.435868e+03
12.5 2.432213e+03 2.422281e+03 2.443672e+03 2.453604e+03
13.5 2.360371e+03 2.431275e+03 2.444787e+03 2.373883e+03
14.5 2.431314e+03 2.419105e+03 2.444285e+03 2.456494e+03
15.5 2.426819e+03 2.418897e+03 2.443760e+03 2.451682e+03
16.5 2.486728e+03 2.440823e+03 2.443037e+03 2.488942e+03
17.5 2.397931e+03 2.429605e+03 2.442447e+03 2.410772e+03
0.4 2.476247e+03 2.453264e+03 2.443469e+03 2.466451e+03
1.4 2.445404e+03 2.459768e+03 2.442814e+03 2.428449e+03
2.4 2.511568e+03 2.444789e+03 2.442090e+03 2.508869e+03
3.4 2.442276e+03 2.456446e+03 2.442216e+03 2.428046e+03
4.4 2.480742e+03 2.454241e+03 2.442769e+03 2.469270e+03
5.4 2.408353e+03 2.468866e+03 2.443623e+03 2.383110e+03
6.4 2.429648e+03 2.452840e+03 2.444474e+03 2.421283e+03
7.4 2.445560e+03 2.452331e+03 2.443934e+03 2.437163e+03
8.4 2.510193e+03 2.445893e+03 2.442686e+03 2.506986e+03
9.4 2.462917e+03 2.447704e+03 2.441950e+03 2.457163e+03
10.4 2.429956e+03 2.436391e+03 2.442303e+03 2.435868e+03
11.4 2.432213e+03 2.422281e+03 2.443672e+03 2.453604e+03
12.4 2.360371e+03 2.431275e+03 2.444787e+03 2.373883e+03
13.4 2.431314e+03 2.419105e+03 2.444285e+03 2.456494e+03
14.4 2.426819e+03 2.418897e+03 2.443760e+03 2.451682e+03
15.4 2.486728e+03 2.440823e+03 2.443037e+03 2.488942e+03
16.4 2.397931e+03 2.429605e+03 2.442447e+03 2.410772e+03
17.4 2.424314e+03 2.446704e+03 2.442685e+03 2.420295e+03
0.2 2.480742e+03 2.454241e+03 2.442769e+03 2.469270e+03
1.2 2.408353e+03 2.468866e+03 2.443623e+03 2.383110e+03
2.2 2.429648e+03 2.452840e+03 2.444474e+03 2.421283e+03
3.2 2.445560e+03 2.452331e+03 2.443934e+03 2.437163e+03
4.2 2.510193e+03 2.445893e+03 2.442686e+03 2.506986e+03
5.2 2.462917e+03 2.447704e+03 2.441950e+03 2.457163e+03
6.2 2.429956e+03 2.436391e+03 2.442303e+03 2.435868e+03
7.2 2.432213e+03 2.422281e+03 2.443672e+03 2.453604e+03
8.2 2.360371e+03 2.431275e+03 2.444787e+03 2.373883e+03
9.2 2.431314e+03 2.419105e+03 2.444285e+03 2.456494e+03
10.2 2.426819e+03 2.418897e+03 2.443760e+03 2.451682e+03
11.2 2.486728e+03 2.440823e+03 2.443037e+03 2.488942e+03
12.2 2.397931e+03 2.429605e+03 2.442447e+03 2.410772e+03
13.2 2.424314e+03 2.446704e+03 2.442685e+03 2.420295e+03
14.2 2.445956e+03 2.450726e+03 2.442536e+03 2.437766e+03
15.2 2.384648e+03 2.449255e+03 2.442379e+03 2.377773e+03
16.2 2.509736e+03 2.446693e+03 2.441854e+03 2.504897e+03
17.2 2.499502e+03 2.471248e+03 2.441710e+03 2.469964e+03
1.0 2.429648e+03 2.452840e+03 2.444474e+03 2.421283e+03
2.0 2.445560e+03 2.452331e+03 2.443934e+03 2.437163e+03
3.0 2.510193e+03 2.445893e+03 2.442686e+03 2.506986e+03
4.0 2.462917e+03 2.447704e+03 2.441950e+03 2.457163e+03
5.0 2.429956e+03 2.436391e+03 2.442303e+03 2.435868e+03
6.0 2.432213e+03 2.422281e+03 2.443672e+03 2.453604e+03
7.0 2.360371e+03 2.431275e+03 2.444787e+03 2.373883e+03
8.0 2.431314e+03 2.419105e+03 2.444285e+03 2.456494e+03
9.0 2.426819e+03 2.418897e+03 2.443760e+03 2.451682e+03
10.0 2.486728e+03 2.440823e+03 2.443037e+03 2.488942e+03
11.0 2.397931e+03 2.429605e+03 2.442447e+03 2.410772e+03
12.0 2.424314e+03 2.446704e+03 2.442685e+03 2.420295e+03
13.0 2.445956e+03 2.450726e+03 2.442536e+03 2.437766e+03
14.0 2.384648e+03 2.449255e+03 2.442379e+03 2.377773e+03
15.0 2.509736e+03 2.446693e+03 2.441854e+03 2.504897e+03
16.0 2.499502e+03 2.471248e+03 2.441710e+03 2.469964e+03
17.0 2.459817e+03 2.456119e+03 2.442014e+03 2.445712e+03
18.0 2.461416e+03 2.436372e+03 2.442525e+03 2.467569e+03
0.8 2.445560e+03 2.452331e+03 2.443934e+03 2.437163e+03
1.8 2.510193e+03 2.445893e+03 2.442686e+03 2.506986e+03
2.8 2.462917e+03 2.447704e+03 2.441950e+03 2.457163e+03
3.8 2.429956e+03 2.436391e+03 2.442303e+03 2.435868e+03
4.8 2.432213e+03 2.422281e+03 2.443672e+03 2.453604e+03
5.8 2.360371e+03 2.431275e+03 2.444787e+03 2.373883e+03
6.8 2.431314e+03 2.419105e+03 2.444285e+03 2.456494e+03
7.8 2.426819e+03 2.418897e+03 2.443760e+03 2.451682e+03
8.8 2.486728e+03 2.440823e+03 2.443037e+03 2.488942e+03
9.8 2.397931e+03 2.429605e+03 2.442447e+03 2.410772e+03
10.8 2.424314e+03 2.446704e+03 2.442685e+03 2.420295e+03
11.8 2.445956e+03 2.450726e+03 2.442536e+03 2.437766e+03
12.8 2.384648e+03 2.449255e+03 2.442379e+03 2.377773e+03
13.8 2.509736e+03 2.446693e+03 2.441854e+03 2.504897e+03
14.8 2.499502e+03 2.471248e+03 2.441710e+03 2.469964e+03
15.8 2.459817e+03 2.456119e+03 2.442014e+03 2.445712e+03
16.8 2.461416e+03 2.436372e+03 2.442525e+03 2.467569e+03
17.8 2.395799e+03 2.406058e+03 2.443046e+03 2.432786e+03
0.5 2.429956e+03 2.436391e+03 2.442303e+03 2.435868e+03
1.5 2.432213e+03 2.422281e+03 2.443672e+03 2.453604e+03
2.5 2.360371e+03 2.431275e+03 2.444787e+03 2.373883e+03
3.5 2.431314e+03 2.419105e+03 2.444285e+03 2.456494e+03
4.5 2.426819e+03 2.418897e+03 2.443760e+03 2.451682e+03
5.5 2.486728e+03 2.440823e+03 2.443037e+03 2.488942e+03
6.5 2.397931e+03 2.429605e+03 2.442447e+03 2.410772e+03
7.5 2.424314e+03 2.446704e+03 2.442685e+03 2.420295e+03
8.5 2.445956e+03 2.450726e+03 2.442536e+03 2.437766e+03
9.5 2.384648e+03 2.449255e+03 2.442379e+03 2.377773e+03
10.5 2.509736e+03 2.446693e+03 2.441854e+03 2.504897e+03
11.5 2.499502e+03 2.471248e+03 2.441710e+03 2.469964e+03
12.5 2.459817e+03 2.456119e+03 2.442014e+03 2.445712e+03
13.5 2.461416e+03 2.436372e+03 2.442525e+03 2.467569e+03
14.5 2.395799e+03 2.406058e+03 2.443046e+03 2.432786e+03
15.5 2.404727e+03 2.430707e+03 2.443359e+03 2.417379e+03
16.5 2.512742e+03 2.434349e+03 2.443477e+03 2.521871e+03
17.5 2.470504e+03 2.450746e+03 2.443481e+03 2.463239e+03
0.3 2.432213e+03 2.422281e+03 2.443672e+03 2.453604e+03
1.3 2.360371e+03 2.431275e+03 2.444787e+03 2.373883e+03
2.3 2.431314e+03 2.419105e+03 2.444285e+03 2.456494e+03
3.3 2.426819e+03 2.418897e+03 2.443760e+03 2.451682e+03
4.3 2.486728e+03 2.440823e+03 2.443037e+03 2.488942e+03
5.3 2.397931e+03 2.429605e+03 2.442447e+03 2.410772e+03
6.3 2.424314e+03 2.446704e+03 2.442685e+03 2.420295e+03
7.3 2.445956e+03 2.450726e+03 2.442536e+03 2.437766e+03
8.3 2.384648e+03 2.449255e+03 2.442379e+03 2.377773e+03
9.3 2.509736e+03 2.446693e+03 2.441854e+03 2.504897e+03
10.3 2.499502e+03 2.471248e+03 2.441710e+03 2.469964e+03
11.3 2.459817e+03 2.456119e+03 2.442014e+03 2.445712e+03
12.3 2.461416e+03 2.436372e+03 2.442525e+03 2.467569e+03
13.3 2.395799e+03 2.406058e+03 2.443046e+03 2.432786e+03
14.3 2.404727e+03 2.430707e+03 2.443359e+03 2.417379e+03
15.3 2.512742e+03 2.434349e+03 2.443477e+03 2.521871e+03
16.3 2.470504e+03 2.450746e+03 2.443481e+03 2.463239e+03
17.3 2.502837e+03 2.456636e+03 2.443636e+03 2.489838e+03
0.2 2.360371e+03 2.431275e+03 2.444787e+03 2.373883e+03
1.2 2.431314e+03 2.419105e+03 2.444285e+03 2.456494e+03
2.2 2.426819e+03 2.418897e+03 2.443760e+03 2.451682e+03
3.2 2.486728e+03 2.440823e+03 2.443037e+03 2.488942e+03
4.2 2.397931e+03 2.429605e+03 2.442447e+03 2.410772e+03
5.2 2.424314e+03 2.446704e+03 2.442685e+03 2.420295e+03
6.2 2.445956e+03 2.450726e+03 2.442536e+03 2.437766e+03
7.2 2.384648e+03 2.449255e+03 2.442379e+03 2.377773e+03
8.2 2.509736e+03 2.446693e+03 2.441854e+03 2.504897e+03
9.2 2.499502e+03 2.471248e+03 2.441710e+03 2.469964e+03
10.2 2.459817e+03 2.456119e+03 2.442014e+03 2.445712e+03
11.2 2.461416e+03 2.436372e+03 2.442525e+03 2.467569e+03
12.2 2.395799e+03 2.406058e+03 2.443046e+03 2.432786e+03
13.2 2.404727e+03 2.430707e+03 2.443359e+03 2.417379e+03
14.2 2.512742e+03 2.434349e+03 2.443477e+03 2.521871e+03
15.2 2.470504e+03 2.450746e+03 2.443481e+03 2.463239e+03
16.2 2.502837e+03 2.456636e+03 2.443636e+03 2.489838e+03
17.2 2.366455e+03 2.441964e+03 2.443406e+03 2.367897e+03
0.9 2.426819e+03 2.418897e+03 2.443760e+03 2.451682e+03
1.9 2.486728e+03 2.440823e+03 2.443037e+03 2.488942e+03
2.9 2.397931e+03 2.429605e+03 2.442447e+03 2.410772e+03
3.9 2.424314e+03 2.446704e+03 2.442685e+03 2.420295e+03
4.9 2.445956e+03 2.450726e+03 2.442536e+03 2.437766e+03
5.9 2.384648e+03 2.449255e+03 2.442379e+03 2.377773e+03
6.9 2.509736e+03 2.446693e+03 2.441854e+03 2.504897e+03
7.9 2.499502e+03 2.471248e+03 2.441710e+03 2.469964e+03
8.9 2.459817e+03 2.456119e+03 2.442014e+03 2.445712e+03
9.9 2.461416e+03 2.436372e+03 2.442525e+03 2.467569e+03
10.9 2.395799e+03 2.406058e+03 2.443046e+03 2.432786e+03
11.9 2.404727e+03 2.430707e+03 2.443359e+03 2.417379e+03
12.9 2.512742e+03 2.434349e+03 2.443477e+03 2.521871e+03
13.9 2.470504e+03 2.450746e+03 2.443481e+03 2.463239e+03
14.9 2.502837e+03 2.456636e+03 2.443636e+03 2.489838e+03
15.9 2.366455e+03 2.441964e+03 2.443406e+03 2.367897e+03
16.9 2.383290e+03 2.444306e+03 2.443424e+03 2.382408e+03
17.9 2.402116e+03 2.425618e+03 2.443192e+03 2.419690e+03
0.1 2.397931e+03 2.429605e+03 2.442447e+03 2.410772e+03
1.1 2.424314e+03 2.446704e+03 2.442685e+03 2.420295e+03
2.1 2.445956e+03 2.450726e+03 2.442536e+03 2.437766e+03
3.1 2.384648e+03 2.449255e+03 2.442379e+03 2.377773e+03
4.1 2.509736e+03 2.446693e+03 2.441854e+03 2.504897e+03
5.1 2.499502e+03 2.471248e+03 2.441710e+03 2.469964e+03
6.1 2.459817e+03 2.456119e+03 2.442014e+03 2.445712e+03
7.1 2.461416e+03 2.436372e+03 2.442525e+03 2.467569e+03
8.1 2.395799e+03 2.406058e+03 2.443046e+03 2.432786e+03
9.1 2.404727e+03 2.430707e+03 2.443359e+03 2.417379e+03
10.1 2.512742e+03 2.434349e+03 2.443477e+03 2.521871e+03
11.1 2.470504e+03 2.450746e+03 2.443481e+03 2.463239e+03
12.1 2.502837e+03 2.456636e+03 2.443636e+03 2.489838e+03
13.1 2.366455e+03 2.441964e+03 2.443406e+03 2.367897e+03
14.1 2.383290e+03 2.444306e+03 2.443424e+03 2.382408e+03
15.1 2.402116e+03 2.425618e+03 2.443192e+03 2.419690e+03
16.1 2.397288e+03 2.441026e+03 2.442527e+03 2.398789e+03
17.1 2.464304e+03 2.453322e+03 2.443021e+03 2.454003e+03
0.5 2.445956e+03 2.450726e+03 2.442536e+03 2.437766e+03
1.5 2.384648e+03 2.449255e+03 2.442379e+03 2.377773e+03
2.5 2.509736e+03 2.446693e+03 2.441854e+03 2.504897e+03
3.5 2.499502e+03 2.471248e+03 2.441710e+03 2.469964e+03
4.5 2.459817e+03 2.456119e+03 2.442014e+03 2.445712e+03
5.5 2.461416e+03 2.436372e+03 2.442525e+03 2.467569e+03
6.5 2.395799e+03 2.406058e+03 2.443046e+03 2.432786e+03
7.5 2.404727e+03 2.430707e+03 2.443359e+03 2.417379e+03
8.5 2.512742e+03 2.434349e+03 2.443477e+03 2.521871e+03
9.5 2.470504e+03 2.450746e+03 2.443481e+03 2.463239e+03
10.5 2.502837e+03 2.456636e+03 2.443636e+03 2.489838e+03
11.5 2.366455e+03 2.441964e+03 2.443406e+03 2.367897e+03
12.5 2.383290e+03 2.444306e+03 2.443424e+03 2.382408e+03
13.5 2.402116e+03 2.425618e+03 2.443192e+03 2.419690e+03
14.5 2.397288e+03 2.441026e+03 2.442527e+03 2.398789e+03
15.5 2.464304e+03 2.453322e+03 2.443021e+03 2.454003e+03
16.5 2.444472e+03 2.453879e+03 2.443355e+03 2.433948e+03
17.5 2.527029e+03 2.450300e+03 2.443312e+03 2.520041e+03
0.6 2.384648e+03 2.449255e+03 2.442379e+03 2.377773e+03
1.6 2.509736e+03 2.446693e+03 2.441854e+03 2.504897e+03
2.6 2.499502e+03 2.471248e+03 2.441710e+03 2.469964e+03
3.6 2.459817e+03 2.456119e+03 2.442014e+03 2.445712e+03
4.6 2.461416e+03 2.436372e+03 2.442525e+03 2.467569e+03
5.6 2.395799e+03 2.406058e+03 2.443046e+03 2.432786e+03
6.6 2.404727e+03 2.430707e+03 2.443359e+03 2.417379e+03
7.6 2.512742e+03 2.434349e+03 2.443477e+03 2.521871e+03
8.6 2.470504e+03 2.450746e+03 2.443481e+03 2.463239e+03
9.6 2.502837e+03 2.456636e+03 2.443636e+03 2.489838e+03
10.6 2.366455e+03 2.441964e+03 2.443406e+03 2.367897e+03
11.6 2.383290e+03 2.444306e+03 2.443424e+03 2.382408e+03
12.6 2.402116e+03 2.425618e+03 2.443192e+03 2.419690e+03
13.6 2.397288e+03 2.441026e+03 2.442527e+03 2.398789e+03
14.6 2.464304e+03 2.453322e+03 2.443021e+03 2.454003e+03
15.6 2.444472e+03 2.453879e+03 2.443355e+03 2.433948e+03
16.6 2.527029e+03 2.450300e+03 2.443312e+03 2.520041e+03
17.6 2.453078e+03 2.431466e+03 2.443260e+03 2.464872e+03
0.4 2.509736e+03 2.446693e+03 2.441854e+03 2.504897e+03
1.4 2.499502e+03 2.471248e+03 2.441710e+03 2.469964e+03
2.4 2.459817e+03 2.456119e+03 2.442014e+03 2.445712e+03
3.4 2.461416e+03 2.436372e+03 2.442525e+03 2.467569e+03
4.4 2.395799e+03 2.406058e+03 2.443046e+03 2.432786e+03
5.4 2.404727e+03 2.430707e+03 2.443359e+03 2.417379e+03
6.4 2.512742e+03 2.434349e+03 2.443477e+03 2.521871e+03
7.4 2.470504e+03 2.450746e+03 2.443481e+03 2.463239e+03
8.4 2.502837e+03 2.456636e+03 2.443636e+03 2.489838e+03
9.4 2.366455e+03 2.441964e+03 2.443406e+03 2.367897e+03
10.4 2.383290e+03 2.444306e+03 2.443424e+03 2.382408e+03
11.4 2.402116e+03 2.425618e+03 2.443192e+03 2.419690e+03
12.4 2.397288e+03 2.441026e+03 2.442527e+03 2.398789e+03
13.4 2.464304e+03 2.453322e+03 2.443021e+03 2.454003e+03
14.4 2.444472e+03 2.453879e+03 2.443355e+03 2.433948e+03
15.4 2.527029e+03 2.450300e+03 2.443312e+03 2.520041e+03
16.4 2.453078e+03 2.431466e+03 2.443260e+03 2.464872e+03
17.4 2.487909e+03 2.421186e+03 2.443235e+03 2.509958e+03
0.3 2.470504e+03 2.450746e+03 2.443481e+03 2.463239e+03
1.3 2.502837e+03 2.456636e+03 2.443636e+03 2.489838e+03
2.3 2.366455e+03 2.441964e+03 2.443406e+03 2.367897e+03
3.3 2.383290e+03 2.444306e+03 2.443424e+03 2.382408e+03
4.3 2.402116e+03 2.425618e+03 2.443192e+03 2.419690e+03
5.3 2.397288e+03 2.441026e+03 2.442527e+03 2.398789e+03
6.3 2.464304e+03 2.453322e+03 2.443021e+03 2.454003e+03
7.3 2.444472e+03 2.453879e+03 2.443355e+03 2.433948e+03
8.3 2.527029e+03 2.450300e+03 2.443312e+03 2.520041e+03
9.3 2.453078e+03 2.431466e+03 2.443260e+03 2.464872e+03
10.3 2.487909e+03 2.421186e+03 2.443235e+03 2.509958e+03
11.3 2.420635e+03 2.462682e+03 2.443214e+03 2.401167e+03
12.3 2.488927e+03 2.472488e+03 2.443196e+03 2.459635e+03
13.3 2.509600e+03 2.467426e+03 2.443187e+03 2.485361e+03
14.3 2.420208e+03 2.456734e+03 2.443185e+03 2.406659e+03
15.3 2.514933e+03 2.452464e+03 2.443188e+03 2.505657e+03
16.3 2.399281e+03 2.446153e+03 2.443194e+03 2.396321e+03
17.3 2.442981e+03 2.450811e+03 2.443202e+03 2.435372e+03
0.7 2.366455e+03 2.441964e+03 2.443406e+03 2.367897e+03
1.7 2.383290e+03 2.444306e+03 2.443424e+03 2.382408e+03
2.7 2.402116e+03 2.425618e+03 2.443192e+03 2.419690e+03
3.7 2.397288e+03 2.441026e+03 2.442527e+03 2.398789e+03
4.7 2.464304e+03 2.453322e+03 2.443021e+03 2.454003e+03
5.7 2.444472e+03 2.453879e+03 2.443355e+03 2.433948e+03
6.7 2.527029e+03 2.450300e+03 2.443312e+03 2.520041e+03
7.7 2.453078e+03 2.431466e+03 2.443260e+03 2.464872e+03
8.7 2.487909e+03 2.421186e+03 2.443235e+03 2.509958e+03
9.7 2.420635e+03 2.462682e+03 2.443214e+03 2.401167e+03
10.7 2.488927e+03 2.472488e+03 2.443196e+03 2.459635e+03
11.7 2.509600e+03 2.467426e+03 2.443187e+03 2.485361e+03
12.7 2.420208e+03 2.456734e+03 2.443185e+03 2.406659e+03
13.7 2.514933e+03 2.452464e+03 2.443188e+03 2.505657e+03
14.7 2.399281e+03 2.446153e+03 2.443194e+03 2.396321e+03
15.7 2.442981e+03 2.450811e+03 2.443202e+03 2.435372e+03
16.7 2.469438e+03 2.430088e+03 2.443212e+03 2.482562e+03
17.7 2.375006e+03 2.446050e+03 2.443224e+03 2.372181e+03
0.3 2.383290e+03 2.444306e+03 2.443424e+03 2.382408e+03
1.3 2.402116e+03 2.425618e+03 2.443192e+03 2.419690e+03
2.3 2.397288e+03 2.441026e+03 2.442527e+03 2.398789e+03
3.3 2.464304e+03 2.453322e+03 2.443021e+03 2.454003e+03
4.3 2.444472e+03 2.453879e+03 2.443355e+03 2.433948e+03
5.3 2.527029e+03 2.450300e+03 2.443312e+03 2.520041e+03
6.3 2.453078e+03 2.431466e+03 2.443260e+03 2.464872e+03
7.3 2.487909e+03 2.421186e+03 2.443235e+03 2.509958e+03
8.3 2.420635e+03 2.462682e+03 2.443214e+03 2.401167e+03
9.3 2.488927e+03 2.472488e+03 2.443196e+03 2.459635e+03
10.3 2.509600e+03 2.467426e+03 2.443187e+03 2.485361e+03
11.3 2.420208e+03 2.456734e+03 2.443185e+03 2.406659e+03
12.3 2.514933e+03 2.452464e+03 2.443188e+03 2.505657e+03
13.3 2.399281e+03 2.446153e+03 2.443194e+03 2.396321e+03
14.3 2.442981e+03 2.450811e+03 2.443202e+03 2.435372e+03
15.3 2.469438e+03 2.430088e+03 2.443212e+03 2.482562e+03
16.3 2.375006e+03 2.446050e+03 2.443224e+03 2.372181e+03
17.3 2.456586e+03 2.422698e+03 2.443239e+03 2.477127e+03
0.7 2.397288e+03 2.441026e+03 2.442527e+03 2.398789e+03
1.7 2.464304e+03 2.453322e+03 2.443021e+03 2.454003e+03
2.7 2.444472e+03 2.453879e+03 2.443355e+03 2.433948e+03
3.7 2.527029e+03 2.450300e+03 2.443312e+03 2.520041e+03
4.7 2.453078e+03 2.431466e+03 2.443260e+03 2.464872e+03
5.7 2.487909e+03 2.421186e+03 2.443235e+03 2.509958e+03
6.7 2.420635e+03 2.462682e+03 2.443214e+03 2.401167e+03
7.7 2.488927e+03 2.472488e+03 2.443196e+03 2.459635e+03
8.7 2.509600e+03 2.467426e+03 2.443187e+03 2.485361e+03
9.7 2.420208e+03 2.456734e+03 2.443185e+03 2.406659e+03
10.7 2.514933e+03 2.452464e+03 2.443188e+03 2.505657e+03
11.7 2.399281e+03 2.446153e+03 2.443194e+03 2.396321e+03
12.7 2.442981e+03 2.450811e+03 2.443202e+03 2.435372e+03
13.7 2.469438e+03 2.430088e+03 2.443212e+03 2.482562e+03
14.7 2.375006e+03 2.446050e+03 2.443224e+03 2.372181e+03
15.7 2.456586e+03 2.422698e+03 2.443239e+03 2.477127e+03
16.7 2.432154e+03 2.430755e+03 2.443256e+03 2.444656e+03
17.7 2.408488e+03 2.439729e+03 2.443277e+03 2.412036e+03
1.0 2.481293e+03 2.458771e+03 2.443522e+03 2.466044e+03
2.0 2.421106e+03 2.445790e+03 2.443963e+03 2.419280e+03
3.0 2.443175e+03 2.425811e+03 2.444099e+03 2.461463e+03
4.0 2.431449e+03 2.423982e+03 2.443715e+03 2.451182e+03
5.0 2.453023e+03 2.429545e+03 2.443049e+03 2.466527e+03
6.0 2.460600e+03 2.458209e+03 2.442302e+03 2.444693e+03
7.0 2.491733e+03 2.459686e+03 2.441989e+03 2.474035e+03
8.0 2.282542e+03 2.413659e+03 2.442558e+03 2.311441e+03
9.0 2.475929e+03 2.448768e+03 2.443277e+03 2.470438e+03
10.0 2.467457e+03 2.454088e+03 2.443837e+03 2.457206e+03
11.0 2.408274e+03 2.459739e+03 2.443704e+03 2.392239e+03
12.0 2.479675e+03 2.448230e+03 2.443059e+03 2.474504e+03
13.0 2.462668e+03 2.434336e+03 2.442100e+03 2.470432e+03
0.3 2.481293e+03 2.458771e+03 2.443522e+03 2.466044e+03
1.3 2.421106e+03 2.445790e+03 2.443963e+03 2.419280e+03
2.3 2.443175e+03 2.425811e+03 2.444099e+03 2.461463e+03
3.3 2.431449e+03 2.423982e+03 2.443715e+03 2.451182e+03
4.3 2.453023e+03 2.429545e+03 2.443049e+03 2.466527e+03
5.3 2.460600e+03 2.458209e+03 2.442302e+03 2.444693e+03
6.3 2.491733e+03 2.459686e+03 2.441989e+03 2.474035e+03
7.3 2.282542e+03 2.413659e+03 2.442558e+03 2.311441e+03
8.3 2.475929e+03 2.448768e+03 2.443277e+03 2.470438e+03
9.3 2.467457e+03 2.454088e+03 2.443837e+03 2.457206e+03
10.3 2.408274e+03 2.459739e+03 2.443704e+03 2.392239e+03
11.3 2.479675e+03 2.448230e+03 2.443059e+03 2.474504e+03
12.3 2.462668e+03 2.434336e+03 2.442100e+03 2.470432e+03
0.9 2.443175e+03 2.425811e+03 2.444099e+03 2.461463e+03
1.9 2.431449e+03 2.423982e+03 2.443715e+03 2.451182e+03
2.9 2.453023e+03 2.429545e+03 2.443049e+03 2.466527e+03
3.9 2.460600e+03 2.458209e+03 2.442302e+03 2.444693e+03
4.9 2.491733e+03 2.459686e+03 2.441989e+03 2.474035e+03
5.9 2.282542e+03 2.413659e+03 2.442558e+03 2.311441e+03
6.9 2.475929e+03 2.448768e+03 2.443277e+03 2.470438e+03
7.9 2.467457e+03 2.454088e+03 2.443837e+03 2.457206e+03
8.9 2.408274e+03 2.459739e+03 2.443704e+03 2.392239e+03
9.9 2.479675e+03 2.448230e+03 2.443059e+03 2.474504e+03
10.9 2.462668e+03 2.434336e+03 2.442100e+03 2.470432e+03
0.5 2.431449e+03 2.423982e+03 2.443715e+03 2.451182e+03
1.5 2.453023e+03 2.429545e+03 2.443049e+03 2.466527e+03
2.5 2.460600e+03 2.458209e+03 2.442302e+03 2.444693e+03
3.5 2.491733e+03 2.459686e+03 2.441989e+03 2.474035e+03
4.5 2.282542e+03 2.413659e+03 2.442558e+03 2.311441e+03
5.5 2.475929e+03 2.448768e+03 2.443277e+03 2.470438e+03
6.5 2.467457e+03 2.454088e+03 2.443837e+03 2.457206e+03
7.5 2.408274e+03 2.459739e+03 2.443704e+03 2.392239e+03
8.5 2.479675e+03 2.448230e+03 2.443059e+03 2.474504e+03
9.5 2.462668e+03 2.434336e+03 2.442100e+03 2.470432e+03
0.7 2.453023e+03 2.429545e+03 2.443049e+03 2.466527e+03
1.7 2.460600e+03 2.458209e+03 2.442302e+03 2.444693e+03
2.7 2.491733e+03 2.459686e+03 2.441989e+03 2.474035e+03
3.7 2.282542e+03 2.413659e+03 2.442558e+03 2.311441e+03
4.7 2.475929e+03 2.448768e+03 2.443277e+03 2.470438e+03
5.7 2.467457e+03 2.454088e+03 2.443837e+03 2.457206e+03
6.7 2.408274e+03 2.459739e+03 2.443704e+03 2.392239e+03
7.7 2.479675e+03 2.448230e+03 2.443059e+03 2.474504e+03
8.7 2.462668e+03 2.434336e+03 2.442100e+03 2.470432e+03
0.0 2.475929e+03 2.448768e+03 2.443277e+03 2.470438e+03
1.0 2.467457e+03 2.454088e+03 2.443837e+03 2.457206e+03
2.0 2.408274e+03 2.459739e+03 2.443704e+03 2.392239e+03
3.0 2.479675e+03 2.448230e+03 2.443059e+03 2.474504e+03
4.0 2.462668e+03 2.434336e+03 2.442100e+03 2.470432e+03
0.9 2.408274e+03 2.459739e+03 2.443704e+03 2.392239e+03
1.9 2.479675e+03 2.448230e+03 2.443059e+03 2.474504e+03
2.9 2.462668e+03 2.434336e+03 2.442100e+03 2.470432e+03
0.9 2.479675e+03 2.448230e+03 2.443059e+03 2.474504e+03
1.9 2.462668e+03 2.434336e+03 2.442100e+03 2.470432e+03
0.3 2.462668e+03 2.434336e+03 2.442100e+03 2.470432e+03
