0.4 9.571270e+03 9.561978e+03 9.539769e+03 9.549061e+03
1.4 9.574566e+03 9.571482e+03 9.561700e+03 9.564785e+03
2.4 9.558870e+03 9.581413e+03 9.601324e+03 9.578781e+03
3.4 9.642675e+03 9.578726e+03 9.595514e+03 9.659463e+03
4.4 9.549225e+03 9.556351e+03 9.570413e+03 9.563287e+03
5.4 9.507551e+03 9.541479e+03 9.552095e+03 9.518167e+03
6.4 9.525214e+03 9.532471e+03 9.542896e+03 9.535638e+03
7.4 9.572995e+03 9.553559e+03 9.539545e+03 9.558981e+03
8.4 9.533786e+03 9.534048e+03 9.539605e+03 9.539343e+03
9.4 9.550461e+03 9.542526e+03 9.541300e+03 9.549235e+03
10.4 9.510820e+03 9.542520e+03 9.543333e+03 9.511634e+03
11.4 9.496461e+03 9.530493e+03 9.545021e+03 9.510990e+03
12.4 9.578588e+03 9.507856e+03 9.546201e+03 9.616933e+03
13.4 9.574095e+03 9.527272e+03 9.546961e+03 9.593784e+03
14.4 9.495497e+03 9.533786e+03 9.547447e+03 9.509158e+03
15.4 9.453965e+03 9.508303e+03 9.547769e+03 9.493431e+03
16.4 9.490824e+03 9.532220e+03 9.547990e+03 9.506594e+03
17.4 9.536165e+03 9.535433e+03 9.548144e+03 9.548876e+03
0.3 9.621685e+03 9.600619e+03 9.547631e+03 9.568697e+03
1.3 9.510223e+03 9.587037e+03 9.564472e+03 9.487657e+03
2.3 9.560387e+03 9.570735e+03 9.605778e+03 9.595429e+03
3.3 9.614263e+03 9.592178e+03 9.603537e+03 9.625622e+03
4.3 9.579472e+03 9.592828e+03 9.578034e+03 9.564678e+03
5.3 9.646838e+03 9.613020e+03 9.558117e+03 9.591934e+03
6.3 9.529477e+03 9.573274e+03 9.547621e+03 9.503823e+03
7.3 9.491193e+03 9.544019e+03 9.543345e+03 9.490519e+03
8.3 9.571572e+03 9.515288e+03 9.542755e+03 9.599040e+03
9.3 9.585732e+03 9.548969e+03 9.544017e+03 9.580780e+03
10.3 9.535287e+03 9.535244e+03 9.545772e+03 9.545814e+03
11.3 9.611606e+03 9.547045e+03 9.547280e+03 9.611842e+03
12.3 9.509688e+03 9.545709e+03 9.548339e+03 9.512318e+03
13.3 9.614568e+03 9.567904e+03 9.549024e+03 9.595688e+03
14.3 9.555189e+03 9.546448e+03 9.549476e+03 9.558218e+03
15.3 9.645996e+03 9.558916e+03 9.549808e+03 9.636889e+03
16.3 9.485253e+03 9.538199e+03 9.550083e+03 9.497136e+03
17.3 9.531771e+03 9.543736e+03 9.550330e+03 9.538364e+03
0.8 9.648493e+03 9.592682e+03 9.547843e+03 9.603654e+03
1.8 9.594625e+03 9.581114e+03 9.585416e+03 9.598928e+03
2.8 9.644481e+03 9.577161e+03 9.607592e+03 9.674913e+03
3.8 9.456857e+03 9.562668e+03 9.588152e+03 9.482341e+03
4.8 9.616418e+03 9.572421e+03 9.563540e+03 9.607537e+03
5.8 9.502250e+03 9.562670e+03 9.548423e+03 9.488002e+03
6.8 9.619501e+03 9.537657e+03 9.541211e+03 9.623055e+03
7.8 9.510412e+03 9.542975e+03 9.538827e+03 9.506264e+03
8.8 9.517705e+03 9.541499e+03 9.539174e+03 9.515380e+03
9.8 9.567064e+03 9.548116e+03 9.540656e+03 9.559604e+03
10.8 9.581912e+03 9.587237e+03 9.542216e+03 9.536891e+03
11.8 9.488385e+03 9.579889e+03 9.543406e+03 9.451901e+03
12.8 9.598818e+03 9.566982e+03 9.544372e+03 9.576209e+03
13.8 9.460106e+03 9.539739e+03 9.568467e+03 9.488835e+03
14.8 9.642136e+03 9.543801e+03 9.602744e+03 9.701079e+03
15.8 9.500133e+03 9.554264e+03 9.593733e+03 9.539602e+03
16.8 9.597294e+03 9.579530e+03 9.569847e+03 9.587611e+03
17.8 9.556905e+03 9.537637e+03 9.553187e+03 9.572456e+03
0.5 9.598818e+03 9.566982e+03 9.544372e+03 9.576209e+03
1.5 9.460106e+03 9.539739e+03 9.568467e+03 9.488835e+03
2.5 9.642136e+03 9.543801e+03 9.602744e+03 9.701079e+03
3.5 9.500133e+03 9.554264e+03 9.593733e+03 9.539602e+03
4.5 9.597294e+03 9.579530e+03 9.569847e+03 9.587611e+03
5.5 9.556905e+03 9.537637e+03 9.553187e+03 9.572456e+03
6.5 9.487323e+03 9.542776e+03 9.544887e+03 9.489435e+03
7.5 9.576036e+03 9.522738e+03 9.541873e+03 9.595171e+03
8.5 9.559435e+03 9.528640e+03 9.541940e+03 9.572734e+03
9.5 9.538218e+03 9.526406e+03 9.543448e+03 9.555261e+03
10.5 9.560865e+03 9.543861e+03 9.545227e+03 9.562231e+03
11.5 9.471982e+03 9.546012e+03 9.546697e+03 9.472668e+03
12.5 9.610647e+03 9.561623e+03 9.547737e+03 9.596762e+03
13.5 9.520366e+03 9.536930e+03 9.548438e+03 9.531874e+03
14.5 9.551714e+03 9.559594e+03 9.548926e+03 9.541046e+03
15.5 9.531874e+03 9.565162e+03 9.549296e+03 9.516008e+03
16.5 9.526219e+03 9.562520e+03 9.549600e+03 9.513299e+03
17.5 9.570339e+03 9.583207e+03 9.549862e+03 9.536995e+03
0.7 9.556866e+03 9.553283e+03 9.548146e+03 9.551729e+03
1.7 9.580512e+03 9.576004e+03 9.580540e+03 9.585048e+03
2.7 9.581482e+03 9.592088e+03 9.605317e+03 9.594712e+03
3.7 9.475093e+03 9.580227e+03 9.589034e+03 9.483900e+03
4.7 9.598949e+03 9.565186e+03 9.565357e+03 9.599121e+03
5.7 9.609308e+03 9.535678e+03 9.550273e+03 9.623903e+03
6.7 9.596472e+03 9.539886e+03 9.542850e+03 9.599436e+03
7.7 9.447263e+03 9.557503e+03 9.540125e+03 9.429885e+03
8.7 9.571805e+03 9.547789e+03 9.540072e+03 9.564088e+03
9.7 9.463075e+03 9.556612e+03 9.541159e+03 9.447622e+03
10.7 9.538159e+03 9.549070e+03 9.542345e+03 9.531434e+03
11.7 9.612353e+03 9.567303e+03 9.543166e+03 9.588215e+03
12.7 9.503184e+03 9.530337e+03 9.543570e+03 9.516417e+03
13.7 9.518285e+03 9.552839e+03 9.543677e+03 9.509123e+03
14.7 9.614609e+03 9.545601e+03 9.543616e+03 9.612625e+03
15.7 9.452264e+03 9.528852e+03 9.543479e+03 9.466891e+03
16.7 9.542572e+03 9.535125e+03 9.543316e+03 9.550764e+03
17.7 9.466021e+03 9.549638e+03 9.543153e+03 9.459537e+03
0.2 9.553268e+03 9.562182e+03 9.542772e+03 9.533858e+03
1.2 9.526980e+03 9.530767e+03 9.555152e+03 9.551366e+03
2.2 9.532822e+03 9.535138e+03 9.595114e+03 9.592799e+03
3.2 9.536858e+03 9.566790e+03 9.596697e+03 9.566765e+03
4.2 9.587594e+03 9.561222e+03 9.573152e+03 9.599523e+03
5.2 9.612322e+03 9.559262e+03 9.553646e+03 9.606706e+03
6.2 9.550339e+03 9.560950e+03 9.543158e+03 9.532547e+03
7.2 9.637339e+03 9.562798e+03 9.548952e+03 9.623492e+03
8.2 9.577664e+03 9.572462e+03 9.591279e+03 9.596481e+03
9.2 9.496205e+03 9.570722e+03 9.598342e+03 9.523825e+03
10.2 9.610935e+03 9.556385e+03 9.575622e+03 9.630171e+03
11.2 9.494430e+03 9.534319e+03 9.555431e+03 9.515542e+03
12.2 9.522432e+03 9.522227e+03 9.544534e+03 9.544739e+03
13.2 9.557048e+03 9.546294e+03 9.540049e+03 9.550803e+03
14.2 9.485479e+03 9.532721e+03 9.539375e+03 9.492133e+03
15.2 9.520288e+03 9.552138e+03 9.540715e+03 9.508865e+03
16.2 9.544354e+03 9.551034e+03 9.542686e+03 9.536007e+03
17.2 9.437726e+03 9.553820e+03 9.544464e+03 9.428370e+03
0.1 9.550339e+03 9.560950e+03 9.543158e+03 9.532547e+03
1.1 9.637339e+03 9.562798e+03 9.548952e+03 9.623492e+03
2.1 9.577664e+03 9.572462e+03 9.591279e+03 9.596481e+03
3.1 9.496205e+03 9.570722e+03 9.598342e+03 9.523825e+03
4.1 9.610935e+03 9.556385e+03 9.575622e+03 9.630171e+03
5.1 9.494430e+03 9.534319e+03 9.555431e+03 9.515542e+03
6.1 9.522432e+03 9.522227e+03 9.544534e+03 9.544739e+03
7.1 9.557048e+03 9.546294e+03 9.540049e+03 9.550803e+03
8.1 9.485479e+03 9.532721e+03 9.539375e+03 9.492133e+03
9.1 9.520288e+03 9.552138e+03 9.540715e+03 9.508865e+03
10.1 9.544354e+03 9.551034e+03 9.542686e+03 9.536007e+03
11.1 9.437726e+03 9.553820e+03 9.544464e+03 9.428370e+03
12.1 9.602939e+03 9.566218e+03 9.545778e+03 9.582499e+03
13.1 9.494049e+03 9.560497e+03 9.546680e+03 9.480232e+03
14.1 9.603183e+03 9.538724e+03 9.547307e+03 9.611766e+03
15.1 9.526132e+03 9.535915e+03 9.547763e+03 9.537980e+03
16.1 9.593182e+03 9.552286e+03 9.548117e+03 9.589013e+03
17.1 9.454496e+03 9.532181e+03 9.548408e+03 9.470723e+03
0.4 9.589073e+03 9.542378e+03 9.548148e+03 9.594842e+03
1.4 9.587158e+03 9.559346e+03 9.567449e+03 9.595261e+03
2.4 9.574892e+03 9.599757e+03 9.604315e+03 9.579449e+03
3.4 9.559391e+03 9.573169e+03 9.598660e+03 9.584882e+03
4.4 9.571259e+03 9.544101e+03 9.574488e+03 9.601645e+03
5.4 9.490582e+03 9.536586e+03 9.556603e+03 9.510600e+03
6.4 9.548098e+03 9.518006e+03 9.547356e+03 9.577447e+03
7.4 9.646424e+03 9.567405e+03 9.543682e+03 9.622701e+03
8.4 9.518569e+03 9.571798e+03 9.543287e+03 9.490059e+03
9.4 9.588367e+03 9.573285e+03 9.544501e+03 9.559583e+03
10.4 9.581248e+03 9.565678e+03 9.546098e+03 9.561668e+03
11.4 9.588364e+03 9.568531e+03 9.547429e+03 9.567263e+03
12.4 9.564410e+03 9.557858e+03 9.548334e+03 9.554886e+03
13.4 9.594058e+03 9.557517e+03 9.548890e+03 9.585430e+03
14.4 9.506019e+03 9.532807e+03 9.549229e+03 9.522441e+03
15.4 9.584451e+03 9.540948e+03 9.549446e+03 9.592950e+03
16.4 9.613444e+03 9.525790e+03 9.549582e+03 9.637236e+03
17.4 9.545150e+03 9.547947e+03 9.549673e+03 9.546876e+03
0.9 9.497922e+03 9.536674e+03 9.549622e+03 9.510870e+03
1.9 9.620458e+03 9.578813e+03 9.587739e+03 9.629385e+03
2.9 9.540107e+03 9.574092e+03 9.603168e+03 9.569183e+03
3.9 9.588994e+03 9.562370e+03 9.582727e+03 9.609352e+03
4.9 9.565353e+03 9.553933e+03 9.560383e+03 9.571802e+03
5.9 9.602583e+03 9.549576e+03 9.547156e+03 9.600163e+03
6.9 9.553002e+03 9.536714e+03 9.540975e+03 9.557263e+03
7.9 9.546071e+03 9.541339e+03 9.539062e+03 9.543795e+03
8.9 9.570110e+03 9.545411e+03 9.539525e+03 9.564224e+03
9.9 9.576746e+03 9.557254e+03 9.540916e+03 9.560408e+03
10.9 9.501483e+03 9.553720e+03 9.542312e+03 9.490075e+03
11.9 9.524530e+03 9.577377e+03 9.543353e+03 9.490507e+03
12.9 9.607495e+03 9.597968e+03 9.544038e+03 9.553565e+03
13.9 9.616253e+03 9.579644e+03 9.553848e+03 9.590457e+03
14.9 9.573771e+03 9.591826e+03 9.597265e+03 9.579209e+03
15.9 9.566892e+03 9.577530e+03 9.604761e+03 9.594123e+03
16.9 9.587413e+03 9.555447e+03 9.580918e+03 9.612884e+03
17.9 9.538537e+03 9.547623e+03 9.559313e+03 9.550227e+03
0.1 9.607495e+03 9.597968e+03 9.544038e+03 9.553565e+03
1.1 9.616253e+03 9.579644e+03 9.553848e+03 9.590457e+03
2.1 9.573771e+03 9.591826e+03 9.597265e+03 9.579209e+03
3.1 9.566892e+03 9.577530e+03 9.604761e+03 9.594123e+03
4.1 9.587413e+03 9.555447e+03 9.580918e+03 9.612884e+03
5.1 9.538537e+03 9.547623e+03 9.559313e+03 9.550227e+03
6.1 9.551396e+03 9.532044e+03 9.547457e+03 9.566809e+03
7.1 9.614157e+03 9.559917e+03 9.542476e+03 9.596716e+03
8.1 9.507726e+03 9.540186e+03 9.541615e+03 9.509155e+03
9.1 9.566450e+03 9.559753e+03 9.542958e+03 9.549655e+03
10.1 9.466217e+03 9.549583e+03 9.545047e+03 9.461681e+03
11.1 9.552417e+03 9.549485e+03 9.547012e+03 9.549945e+03
12.1 9.542446e+03 9.534736e+03 9.548558e+03 9.556268e+03
13.1 9.552938e+03 9.545067e+03 9.549722e+03 9.557592e+03
14.1 9.499289e+03 9.552038e+03 9.550643e+03 9.497894e+03
15.1 9.517197e+03 9.543273e+03 9.551440e+03 9.525364e+03
16.1 9.542971e+03 9.570118e+03 9.552185e+03 9.525038e+03
17.1 9.548095e+03 9.575098e+03 9.552912e+03 9.525909e+03
