0.2 1.038281e+04 1.038500e+04 1.034438e+04 1.034219e+04
1.2 1.041474e+04 1.039661e+04 1.034508e+04 1.036321e+04
2.2 1.032356e+04 1.035284e+04 1.034793e+04 1.031865e+04
3.2 1.037123e+04 1.034077e+04 1.034821e+04 1.037867e+04
4.2 1.033180e+04 1.034622e+04 1.034653e+04 1.033211e+04
5.2 1.031695e+04 1.032628e+04 1.034505e+04 1.033572e+04
6.2 1.038737e+04 1.035256e+04 1.034423e+04 1.037903e+04
7.2 1.035283e+04 1.033853e+04 1.034385e+04 1.035814e+04
8.2 1.032338e+04 1.030744e+04 1.034374e+04 1.035968e+04
9.2 1.035179e+04 1.030292e+04 1.034377e+04 1.039264e+04
10.2 1.035566e+04 1.030033e+04 1.034385e+04 1.039919e+04
11.2 1.020300e+04 1.031314e+04 1.034392e+04 1.023378e+04
12.2 1.028700e+04 1.032177e+04 1.034396e+04 1.030919e+04
13.2 1.030444e+04 1.032691e+04 1.034398e+04 1.032150e+04
14.2 1.034274e+04 1.035270e+04 1.034398e+04 1.033402e+04
15.2 1.038639e+04 1.036566e+04 1.034398e+04 1.036471e+04
16.2 1.037977e+04 1.036094e+04 1.034398e+04 1.036281e+04
17.2 1.038170e+04 1.035007e+04 1.034398e+04 1.037560e+04
0.3 1.038176e+04 1.038473e+04 1.034398e+04 1.034101e+04
1.3 1.035325e+04 1.037370e+04 1.034656e+04 1.032611e+04
2.3 1.038085e+04 1.036263e+04 1.035387e+04 1.037209e+04
3.3 1.036537e+04 1.036811e+04 1.035388e+04 1.035114e+04
4.3 1.035355e+04 1.035020e+04 1.034952e+04 1.035287e+04
5.3 1.032330e+04 1.033871e+04 1.034600e+04 1.033058e+04
6.3 1.032073e+04 1.032671e+04 1.034412e+04 1.033813e+04
7.3 1.035078e+04 1.031798e+04 1.034335e+04 1.037616e+04
8.3 1.039509e+04 1.033772e+04 1.034324e+04 1.040060e+04
9.3 1.026918e+04 1.032157e+04 1.034346e+04 1.029108e+04
10.3 1.029664e+04 1.033487e+04 1.034378e+04 1.030554e+04
11.3 1.031667e+04 1.034604e+04 1.034406e+04 1.031469e+04
12.3 1.036041e+04 1.032848e+04 1.034426e+04 1.037619e+04
13.3 1.040581e+04 1.034496e+04 1.034439e+04 1.040524e+04
14.3 1.032132e+04 1.035913e+04 1.034448e+04 1.030667e+04
15.3 1.039142e+04 1.036642e+04 1.034455e+04 1.036956e+04
16.3 1.030813e+04 1.036369e+04 1.034461e+04 1.028906e+04
17.3 1.039591e+04 1.039211e+04 1.034466e+04 1.034847e+04
0.1 1.040609e+04 1.037541e+04 1.034517e+04 1.037585e+04
1.1 1.034985e+04 1.034981e+04 1.034547e+04 1.034551e+04
2.1 1.033550e+04 1.034890e+04 1.034686e+04 1.033346e+04
3.1 1.035711e+04 1.033986e+04 1.034716e+04 1.036441e+04
4.1 1.033647e+04 1.034573e+04 1.034644e+04 1.033719e+04
5.1 1.032369e+04 1.037218e+04 1.034578e+04 1.029730e+04
6.1 1.035943e+04 1.033950e+04 1.034543e+04 1.036537e+04
7.1 1.040527e+04 1.035587e+04 1.034530e+04 1.039470e+04
8.1 1.032329e+04 1.035509e+04 1.034531e+04 1.031351e+04
9.1 1.035056e+04 1.036163e+04 1.034485e+04 1.033379e+04
10.1 1.037375e+04 1.033840e+04 1.034339e+04 1.037873e+04
11.1 1.041462e+04 1.034978e+04 1.034346e+04 1.040830e+04
12.1 1.030765e+04 1.034665e+04 1.034448e+04 1.030547e+04
13.1 1.036254e+04 1.033719e+04 1.034530e+04 1.037065e+04
14.1 1.033769e+04 1.033605e+04 1.034577e+04 1.034741e+04
15.1 1.039960e+04 1.034944e+04 1.034599e+04 1.039616e+04
16.1 1.031007e+04 1.035049e+04 1.034607e+04 1.030565e+04
17.1 1.036803e+04 1.035966e+04 1.034607e+04 1.035444e+04
0.8 1.034548e+04 1.037003e+04 1.034515e+04 1.032060e+04
1.8 1.041259e+04 1.036353e+04 1.034622e+04 1.039528e+04
2.8 1.032630e+04 1.033711e+04 1.034687e+04 1.033606e+04
3.8 1.030566e+04 1.036074e+04 1.034628e+04 1.029119e+04
4.8 1.041652e+04 1.033058e+04 1.034553e+04 1.043146e+04
5.8 1.031986e+04 1.030895e+04 1.034506e+04 1.035597e+04
6.8 1.034444e+04 1.030704e+04 1.034482e+04 1.038222e+04
7.8 1.031451e+04 1.031308e+04 1.034474e+04 1.034617e+04
8.8 1.029147e+04 1.034285e+04 1.034474e+04 1.029335e+04
9.8 1.033459e+04 1.034508e+04 1.034477e+04 1.033428e+04
10.8 1.028360e+04 1.034843e+04 1.034481e+04 1.027998e+04
11.8 1.029083e+04 1.034412e+04 1.034483e+04 1.029155e+04
12.8 1.032260e+04 1.033707e+04 1.034485e+04 1.033038e+04
13.8 1.038577e+04 1.034899e+04 1.034486e+04 1.038164e+04
14.8 1.036298e+04 1.033831e+04 1.034486e+04 1.036953e+04
15.8 1.031484e+04 1.034369e+04 1.034487e+04 1.031601e+04
16.8 1.033496e+04 1.033095e+04 1.034487e+04 1.034888e+04
17.8 1.038493e+04 1.034444e+04 1.034487e+04 1.038537e+04
