0.3 1.042250e+04 1.038870e+04 1.034004e+04 1.037385e+04
1.3 1.032308e+04 1.036826e+04 1.032793e+04 1.028276e+04
2.3 1.034766e+04 1.033058e+04 1.033346e+04 1.035054e+04
3.3 1.039593e+04 1.037627e+04 1.035301e+04 1.037267e+04
4.3 1.035412e+04 1.037877e+04 1.035820e+04 1.033355e+04
5.3 1.043960e+04 1.038087e+04 1.035382e+04 1.041255e+04
6.3 1.030957e+04 1.034829e+04 1.034926e+04 1.031054e+04
7.3 1.034432e+04 1.034395e+04 1.034637e+04 1.034675e+04
8.3 1.038134e+04 1.032191e+04 1.034475e+04 1.040417e+04
9.3 1.038111e+04 1.034125e+04 1.034405e+04 1.038392e+04
10.3 1.031870e+04 1.034056e+04 1.034397e+04 1.032210e+04
11.3 1.034950e+04 1.035212e+04 1.034416e+04 1.034154e+04
12.3 1.040809e+04 1.037957e+04 1.034440e+04 1.037292e+04
13.3 1.040543e+04 1.036602e+04 1.034458e+04 1.038399e+04
14.3 1.037256e+04 1.034353e+04 1.034468e+04 1.037371e+04
15.3 1.036898e+04 1.034645e+04 1.034474e+04 1.036727e+04
16.3 1.022829e+04 1.033825e+04 1.034476e+04 1.023480e+04
17.3 1.030744e+04 1.034825e+04 1.034477e+04 1.030396e+04
0.8 1.039142e+04 1.036642e+04 1.033307e+04 1.035808e+04
1.8 1.030813e+04 1.036369e+04 1.032718e+04 1.027162e+04
2.8 1.039591e+04 1.039211e+04 1.034384e+04 1.034764e+04
3.8 1.036549e+04 1.038979e+04 1.035755e+04 1.033325e+04
4.8 1.041091e+04 1.038223e+04 1.035631e+04 1.038500e+04
5.8 1.032136e+04 1.035607e+04 1.035125e+04 1.031653e+04
6.8 1.039068e+04 1.033738e+04 1.034754e+04 1.040083e+04
7.8 1.023918e+04 1.033519e+04 1.034534e+04 1.024934e+04
8.8 1.032258e+04 1.032119e+04 1.034423e+04 1.034561e+04
9.8 1.029205e+04 1.032395e+04 1.034390e+04 1.031200e+04
10.8 1.032195e+04 1.035297e+04 1.034400e+04 1.031298e+04
11.8 1.034073e+04 1.036534e+04 1.034429e+04 1.031968e+04
12.8 1.036692e+04 1.035989e+04 1.034911e+04 1.035614e+04
13.8 1.038150e+04 1.034884e+04 1.035586e+04 1.038851e+04
14.8 1.031962e+04 1.034595e+04 1.034954e+04 1.032321e+04
15.8 1.030309e+04 1.035622e+04 1.033825e+04 1.028512e+04
16.8 1.037134e+04 1.036310e+04 1.033678e+04 1.034501e+04
17.8 1.035927e+04 1.033428e+04 1.033982e+04 1.036481e+04
0.9 1.030754e+04 1.034560e+04 1.034300e+04 1.030494e+04
1.9 1.039915e+04 1.035102e+04 1.034242e+04 1.039055e+04
2.9 1.035030e+04 1.036062e+04 1.034528e+04 1.033495e+04
3.9 1.036656e+04 1.037205e+04 1.034712e+04 1.034164e+04
4.9 1.035554e+04 1.035993e+04 1.034677e+04 1.034239e+04
5.9 1.044397e+04 1.035417e+04 1.034598e+04 1.043578e+04
6.9 1.031741e+04 1.032948e+04 1.034543e+04 1.033336e+04
7.9 1.034132e+04 1.032607e+04 1.034510e+04 1.036035e+04
8.9 1.035670e+04 1.033502e+04 1.034493e+04 1.036661e+04
9.9 1.034762e+04 1.033820e+04 1.034487e+04 1.035430e+04
10.9 1.035498e+04 1.034085e+04 1.034488e+04 1.035900e+04
11.9 1.034143e+04 1.034825e+04 1.034490e+04 1.033809e+04
12.9 1.039075e+04 1.035994e+04 1.034218e+04 1.037298e+04
13.9 1.036366e+04 1.035032e+04 1.032956e+04 1.034291e+04
14.9 1.038591e+04 1.035381e+04 1.033015e+04 1.036225e+04
15.9 1.035140e+04 1.036959e+04 1.034980e+04 1.033161e+04
16.9 1.034961e+04 1.035777e+04 1.035832e+04 1.035017e+04
17.9 1.037279e+04 1.034821e+04 1.035483e+04 1.037941e+04
0.1 1.039075e+04 1.035994e+04 1.034218e+04 1.037298e+04
1.1 1.036366e+04 1.035032e+04 1.032956e+04 1.034291e+04
2.1 1.038591e+04 1.035381e+04 1.033015e+04 1.036225e+04
3.1 1.035140e+04 1.036959e+04 1.034980e+04 1.033161e+04
4.1 1.034961e+04 1.035777e+04 1.035832e+04 1.035017e+04
5.1 1.037279e+04 1.034821e+04 1.035483e+04 1.037941e+04
6.1 1.028568e+04 1.032534e+04 1.034998e+04 1.031032e+04
7.1 1.028863e+04 1.033978e+04 1.034676e+04 1.029561e+04
8.1 1.028983e+04 1.032631e+04 1.034490e+04 1.030842e+04
9.1 1.028020e+04 1.032340e+04 1.034403e+04 1.030083e+04
10.1 1.036133e+04 1.032992e+04 1.034384e+04 1.037525e+04
11.1 1.029672e+04 1.032094e+04 1.034399e+04 1.031977e+04
12.1 1.040012e+04 1.032465e+04 1.034421e+04 1.041968e+04
13.1 1.038261e+04 1.037652e+04 1.034439e+04 1.035047e+04
14.1 1.033638e+04 1.033837e+04 1.034448e+04 1.034250e+04
15.1 1.034445e+04 1.034002e+04 1.034453e+04 1.034895e+04
16.1 1.031451e+04 1.036903e+04 1.034454e+04 1.029002e+04
17.1 1.036791e+04 1.035566e+04 1.034453e+04 1.035679e+04
