-0.00187958  -0.000929168  -6.76565e-05  -0.0179096  -0.255651  -0.367992  
-0.00216071  -0.000890876  4.23517e-22  -0.00807843  -0.258996  -0.389267  
-0.00211074  -0.000724816  -9.50679e-05  -0.00417099  -0.245384  -0.371984  
-0.00207807  -0.000717749  2.11758e-22  -0.00899925  -0.264938  -0.344143  
-0.00202305  -0.000647735  0  0.00302837  -0.251153  -0.319487  
-0.00194195  -0.000719012  0  0.00314849  -0.272567  -0.328654  
-0.00191568  -0.000903168  0  0.00309402  -0.201027  -0.325428  
-0.00162139  -0.000824092  4.23517e-22  0.000425946  -0.268339  -0.323793  
-0.00212346  -0.00095289  4.23517e-22  0.0107946  -0.19338  -0.290402  
-0.00179022  -0.000915167  0  0.000543554  -0.261837  -0.3046  
-0.00222256  -0.00148887  0  0.0140731  -0.220836  -0.292066  
-0.00153703  -0.00191309  0.000184168  0.0204442  -0.221061  -0.276064  
-0.00199516  -0.00191309  0.000264181  0.0288481  -0.220925  -0.286983  
-0.00170815  -0.00165708  0.000457356  0.0344374  -0.125304  -0.249855  
-0.00201109  -0.0011844  0.000335757  0.0123818  -0.197767  -0.302494  
-0.00162178  -0.000982887  0.000361167  0.005979  -0.218965  -0.252861  
-0.00183178  -0.00104983  0.000398885  0.0174581  -0.180091  -0.260466  
-0.00194907  -0.00107772  0.000625564  0.0166827  -0.204909  -0.230135  
-0.00153335  -0.000870528  0.000469714  0.0255576  -0.203495  -0.221286  
-0.00137722  -0.00128001  0.000410466  0.0172518  -0.197279  -0.198268  
-0.00130245  -0.00131365  0.000232059  0.00404311  -0.20913  -0.198194  
-0.00171833  -0.00110599  0.000339853  0.0131254  -0.169372  -0.198272  
-0.00124894  -0.00158147  0.00028255  0.00678384  -0.214433  -0.183086  
-0.00127911  -0.00137449  0.000323737  0.0181286  -0.179611  -0.17484  
-0.00127911  -0.00157081  0.000227495  0.0121575  -0.179605  -0.18281  
-0.00104268  -0.000870528  0.000305599  0.00655281  -0.1957  -0.217307  
-0.00127911  -0.00138203  0.000507918  0.0131599  -0.17962  -0.207855  
-0.00127911  -0.00183708  0.000530879  0.0204361  -0.204312  -0.214821  
-0.00151183  -0.00217247  0.000701712  0.0353557  -0.159847  -0.193084  
-0.00121728  -0.00229961  0.000787526  0.0361816  -0.192858  -0.194857  
-0.00136599  -0.00211644  0.000469645  0.0364061  -0.186203  -0.203222  
-0.00191992  -0.00208656  0.00078141  0.0278806  -0.108166  -0.165017  
-0.00163893  -0.00176282  0.000635108  0.0218144  -0.167804  -0.188346  
-0.00139514  -0.00140017  0.000629859  0.0137748  -0.152892  -0.141862  
-0.00138826  -0.00157081  0.000333155  0.0195196  -0.19045  -0.158641  
-0.00161971  -0.00176282  0.000599596  0.0296157  -0.1741  -0.142529  
-0.000860668  -0.00176282  0.000626985  0.0233131  -0.200024  -0.141572  
-0.00146249  -0.00176282  0.000594911  0.0334283  -0.156691  -0.135876  
-0.00103972  -0.00176282  0.00060346  0.0292219  -0.156754  -0.124366  
-0.00123331  -0.00135904  0.000673623  0.0332563  -0.150726  -0.127784  
-0.00127009  -0.00183685  0.000657765  0.0406457  -0.173564  -0.137804  
-0.00154482  -0.00176282  0.000701715  0.0317829  -0.202044  -0.133503  
-0.00179446  -0.00176282  0.000797039  0.0474325  -0.164798  -0.150204  
-0.00146249  -0.00193283  0.000767873  0.0419034  -0.1866  -0.153121  
-0.00140389  -0.00176282  0.000832926  0.0424069  -0.203057  -0.171997  
-0.00146249  -0.0020194  0.000945617  0.056001  -0.169876  -0.139901  
-0.00117066  -0.00195424  0.000944184  0.0461817  -0.199271  -0.14034  
-0.00106736  -0.00176282  0.001141  0.0584952  -0.149536  -0.144083  
-0.00125582  -0.00181604  0.000956399  0.0539042  -0.17507  -0.146293  
-0.00100029  -0.00176282  0.000951422  0.0597961  -0.151028  -0.164572  
-0.000625958  -0.00193706  0.001141  0.0499079  -0.189883  -0.156952  
-0.000592812  -0.00176282  0.001141  0.0614553  -0.147833  -0.146835  
-0.000799315  -0.00259988  0.0012658  0.0708868  -0.16113  -0.140838  
-0.00035036  -0.00223754  0.001141  0.0739094  -0.165379  -0.119923  
-0.000686371  -0.00226965  0.00134514  0.0824965  -0.113234  -0.103347  
-0.000404367  -0.00231995  0.001141  0.0670259  -0.15748  -0.113307  
-0.00082809  -0.00223589  0.001141  0.0755048  -0.125496  -0.103335  
-0.000226766  -0.00256473  0.001141  0.0731063  -0.132261  -0.122714  
-9.84113e-06  -0.00242749  0.00123976  0.0669762  -0.13959  -0.137282  
-0.000297492  -0.00249741  0.001141  0.0669955  -0.110977  -0.0891453  
0.000210575  -0.00219457  0.001141  0.0644693  -0.145234  -0.113604  
3.47295e-05  -0.00161122  0.001141  0.0670665  -0.109892  -0.114685  
0.00073425  -0.00233583  0.001141  0.0691065  -0.162408  -0.105338  
0.00103589  -0.00186895  0.001141  0.0669589  -0.119493  -0.0897221  
0.000339809  -0.00186678  0.001141  0.0669618  -0.132767  -0.0979453  
0.000699031  -0.00207121  0.001141  0.0557937  -0.136188  -0.0819162  
0.000601494  -0.00169124  0.00091843  0.0481581  -0.0997692  -0.073195  
0.000923035  -0.00184721  0.000948005  0.0451932  -0.110591  -0.04488  
0.00127705  -0.00144124  0.000837343  0.0452403  -0.107409  -0.0584141  
0.000814959  -0.00202745  0.00098761  0.045189  -0.0905577  -0.0392495  
0.00147648  -0.00154872  0.000955022  0.0515164  -0.105255  -0.0571802  
0.000865776  -0.00144124  0.001141  0.0498479  -0.0625123  -0.0391594  
0.00171711  -0.00150131  0.00087863  0.045231  -0.11205  -0.0187573  
0.0013752  -0.0014049  0.000887262  0.0556107  -0.0797242  -0.034422  
0.00158167  -0.00165906  0.001141  0.055848  -0.101721  -0.0344143  
0.00125586  -0.00165906  0.001141  0.0451499  -0.095865  -0.0668137  
0.00129714  -0.00165906  0.00093652  0.0488018  -0.0836615  -0.052793  
0.00136754  -0.00185565  0.00101846  0.0451416  -0.136038  -0.0783094  
0.000981134  -0.00182676  0.0008243  0.0451726  -0.105148  -0.0591132  
0.00158644  -0.00165906  0.000756034  0.04809  -0.136164  -0.0554992  
0.0016039  -0.00165906  0.000727795  0.045208  -0.137281  -0.0693713  
0.0015083  -0.00165906  0.000738795  0.0451891  -0.105176  -0.0667564  
0.00139577  -0.00190906  0.000701518  0.045177  -0.142598  -0.083272  
0.000742431  -0.0013433  0.000701518  0.0534482  -0.0769317  -0.0664786  
0.00168507  -0.00165906  0.00079515  0.052728  -0.106687  -0.0573276  
0.0010063  -0.000923187  0.000701518  0.0452579  -0.0608679  -0.0839808  
0.0016458  -0.00165906  0.000701518  0.045206  -0.139577  -0.0663697  
0.00119201  -0.00165906  0.000701518  0.045206  -0.063936  -0.0664584  
0.00160321  -0.00165906  0.000701518  0.045206  -0.0981783  -0.0343741  
0.0015702  -0.00152021  0.000701518  0.0452104  -0.0981826  -0.0499388  
0.00165085  -0.00126789  0.000701518  0.0452076  -0.0611922  -0.0296362  
0.0021116  -0.00121191  0.000455691  0.0363417  -0.111907  -0.0324941  
0.00204224  -0.00126452  0.000524882  0.0354561  -0.0745506  -0.0294681  
0.00231758  -0.00101124  0.000701518  0.0281179  -0.112802  -0.0293992  
0.00229224  -0.00108517  0.000358188  0.0282456  -0.080852  -0.0294204  
0.00229224  -0.000914884  0.000424507  0.0199464  -0.0980073  -0.00728624  
0.00251051  -0.000914884  0.000297636  0.0110317  -0.125208  -0.0499885  
0.00211444  -0.000914884  0.000208301  0.011024  -0.0748295  -0.0500462  
0.00227433  -0.000914885  0.000190413  0.0110618  -0.143675  -0.0499425  
0.00227433  -0.000850934  0.000190413  0.0132894  -0.108319  -0.0565164  
0.00227433  -0.000971993  0.000190413  0.0110579  -0.110726  -0.0778312  
0.00249371  -0.000914885  0.000190413  0.0110618  -0.121367  -0.10648  
0.00182946  -0.000833114  0.000258964  0.0212287  -0.0691842  -0.103528  
0.00158367  -0.000914885  0.000190413  0.0136411  -0.0970106  -0.100714  
0.00135768  -0.000914885  0.000190413  0.0397641  0.00745464  -0.0132351  
0.00199652  -0.00030381  5.42347e-06  -0.00697001  -0.116173  -0.102299  
0.00230598  -0.000410367  -0.000169924  -0.00697626  -0.0647909  -0.0579527  
0.00230598  -0.000595092  -0.000250698  -0.00695714  -0.0810801  -0.0679581  
0.00214815  -0.000410123  -0.000250698  -0.00697537  -0.0908021  -0.059613  
0.00255598  -0.000480058  -0.000250698  -0.00698409  -0.0928201  -0.0483614  
0.00280849  -0.000323331  -0.000135748  -0.00701458  -0.100427  -0.0347426  
0.00257893  -0.000463134  -0.000250698  -0.00698556  -0.0878285  -0.0272018  
0.0028142  -0.000673754  -0.000250698  -0.00697731  -0.0997068  -0.0365216  
0.0030479  -0.000561973  -0.000250698  -0.023294  -0.127992  -0.0704914  
0.00255367  -0.000745571  -0.000250698  -0.0201522  -0.109697  -0.0882544  
0.00212234  -0.000562103  -0.000659309  -0.0231609  -0.129304  -0.162252  
0.000932707  -0.000383622  -0.00065931  -0.0231134  -0.103705  -0.193946  
0.00092499  -0.000814994  -0.00065931  -0.0232161  -0.129154  -0.192188  
0.00105764  -0.000732952  -0.000278458  -0.0193069  -0.111951  -0.198769  
0.0013251  -0.000804126  -0.000448681  -0.0113856  -0.107513  -0.174047  
0.00145314  -0.000914886  -0.000462722  -0.0232627  -0.117538  -0.194085  
0.0010143  -0.000914886  -0.000228784  -0.00258265  -0.0797542  -0.17408  
0.00147439  -0.000914886  -0.000271633  -0.0163526  -0.132866  -0.218694  
0.000770385  -0.00115931  -0.000236126  -0.00768247  -0.0849507  -0.250823  
-0.00102998  -0.0012712  0.000214006  -0.00107361  -0.0495108  -0.0469183  
-0.000574417  -0.000597119  0.000156417  0.019287  -0.0410469  -0.0307278  
-0.000774384  -0.000914887  0.000214006  0.0121095  -0.00147916  0.0375222  
-0.00109381  -0.000284313  0.000214006  0.0180336  0.0816364  0.12841  
-0.000970815  0.000750461  -0.00013472  -0.00888855  -0.0671428  -0.0151034  
-0.000468921  0.000164753  -0.000190565  -0.0132475  -0.0107937  0.0491998  
-0.000867103  0.000469278  -0.00014737  -0.0128918  0.00588026  0.032597  
-2.945e-05  0.000164753  -7.25773e-05  -0.00498603  -0.00882661  0.0651086  
-0.000109452  0.000164753  1.05351e-05  -0.00570086  0.00415431  0.0724083  
9.2146e-05  0.000164753  -0.000203797  -0.0234879  -0.0323448  0.0845443  
0.00028962  0.000164753  -0.000208174  -0.0234789  -0.023611  0.0801721  
0.00131975  0.000164753  -0.000218833  -0.0234563  -0.0517948  0.0191938  
0.00121089  0.000164753  -0.000218833  -0.0234563  -0.0235454  -0.000575822  
0.00131975  0.000164753  -0.000218833  -0.0234563  -0.0637424  -0.0188433  
0.0012549  0.000243908  -0.000218833  -0.01904  -0.0136143  -0.0204296  
0.00148796  0.000164753  -0.000218833  -0.0234563  -0.0743101  -0.0203743  
0.000953849  0.000535413  -0.000218833  -0.00634909  -0.00517326  -0.0204587  
0.00131975  0.000164753  -0.000218833  -0.00516566  -0.0820903  -0.0204056  
0.00106975  0.000164753  -8.47475e-05  0.00898342  -0.0134135  -0.0104518  
0.0013857  0.000164753  -0.000218832  -0.00679968  -0.0469657  0.00921692  
0.00106975  0.000164753  -0.000218832  -0.00791725  -0.0305401  -0.0227122  
0.000944505  0.000164753  -0.000218833  -0.00102753  -0.0305392  0.00948425  
0.000498458  0.000164753  -0.000218832  0.00399173  -0.0422438  0.00772474  
-0.000494537  0.000164753  0.000295126  0.00450901  0.000258233  0.0091633  
0.000649374  0.000164753  -6.81509e-05  0.00334073  -0.0513879  0.00921021  
-0.000283834  6.52563e-05  -4.4362e-05  -0.00670553  -0.00402542  -0.00130833  
0.000834522  0.000164753  -0.000111941  -0.00612594  -0.0445105  -0.0103394  
0.000355107  0.000683741  -0.000218832  -0.00588787  -0.0126232  0.00926487  
0.000261763  0.000296031  -0.000218832  -0.00832161  -0.0218049  0.00692036  
0.000835211  0.000164753  -0.000218832  -0.0234563  -0.0281564  -0.0128897  
0.000835211  0.000164753  -0.000129884  -0.0126722  0.0112144  -0.0140185  
0.000835211  0.000164753  -0.000120778  -0.0167457  -0.0286019  -0.0234633  
0.000585211  0.000384135  -0.000218832  -0.0118594  -0.00379817  -0.0348974  
0.000519947  0.000164753  -0.000218832  -0.0172575  -0.0448653  -0.0529437  
0.000413361  0.000241264  -0.000218832  -0.0213948  -0.0267928  -0.0774453  
9.33852e-05  0.000111624  -0.000218832  -0.0234605  -0.0174437  -0.0661618  
0.000475522  0.000164753  -0.000218832  -0.0234563  -0.0588963  -0.0631734  
-0.000332053  4.04765e-05  -9.35943e-05  -0.0107592  0.0129188  -0.0408392  
0.000672272  -0.000255004  -0.000218832  -0.00695973  -0.0777995  -0.0113642  
0.000100487  3.71507e-05  -0.000218832  -0.00547769  -0.0475766  -0.0227626  
0.000513362  0.000164753  -7.40745e-05  -0.000548824  -0.0475891  -0.0166375  
0.000126795  0.000309007  -0.000218832  0.00346964  -0.0324819  -0.0226406  
-0.000547663  0.00114286  -0.00012375  0.000261812  0.0154953  -0.00358135  
-6.22725e-05  0.000443682  -4.66568e-05  0.00744949  -0.0158787  0.0259094  
-0.000463318  0.000333121  0.000108198  0.0201983  0.0058393  0.0532314  
-0.000354368  0.000164753  5.05678e-05  0.0182257  -0.0195285  0.0575333  
-0.000354368  0.000164753  0.000145968  0.0199501  -0.0178219  0.0508664  
-0.000285253  0.000164753  0.00024939  0.0273129  0.00776671  0.0670835  
-0.000354368  0.000164753  0.000370356  0.0309424  0.00602057  0.0521098  
-0.000354368  0.000164753  0.000262887  0.034428  0.0109472  0.0796506  
-0.000354368  0.000358705  0.000302365  0.0386398  0.00882653  0.0619785  
-8.18035e-05  0.00029043  0.000284206  0.0369576  -0.0397282  0.0984501  
-0.000354368  0.000229791  0.000357365  0.0444421  0.0104758  0.0766901  
-0.000239408  0.000164753  0.000423035  0.0378204  -0.0374657  0.0778585  
-5.38591e-05  0.000164753  0.00038222  0.0411065  -0.0109496  0.0800889  
-2.08892e-05  -6.45612e-05  0.000464788  0.0450079  -0.0252929  0.11142  
8.38036e-05  0.000111929  0.000398549  0.0440454  -0.0227439  0.0941774  
-0.000210938  9.47171e-05  0.000652022  0.0558625  0.0343646  0.0941569  
-0.00027908  0.000164753  0.000729259  0.0569436  -0.0181258  0.104073  
-0.000354368  0.000164753  0.000809231  0.0618084  0.0550838  0.0772738  
-0.000441872  0.000164753  0.000624694  0.0529832  -0.00336659  0.108476  
-0.00055031  0.000736032  0.000547095  0.0610568  0.10621  0.10383  
-0.000771767  0.000623311  0.0005029  0.0464137  -0.0386102  0.00791572  
-9.47247e-05  0.00102136  0.00035114  0.0464297  -0.0126305  0.000927534  
-0.000696707  0.0011694  0.000360674  0.0464129  0.0232359  0.028101  
-0.000771767  0.00077906  0.000360361  0.046469  0.0327379  0.0544172  
-0.000686424  0.000985533  0.000513473  0.0464705  0.0330291  0.00466199  
-0.000507446  0.000840179  0.000471191  0.0465007  0.0123634  0.0713882  
-0.000512861  0.000773976  0.00056666  0.0615593  0.0222724  0.0830461  
-0.000230209  0.000526096  0.000588247  0.0464576  -0.00538096  0.0798386  
-0.000230209  0.000237263  0.00052394  0.0464814  -0.0141277  0.0714236  
-0.000417943  0.00024328  0.00062099  0.0465436  0.0438635  0.0608789  
-3.00446e-05  0.000526096  0.000540897  0.0308873  -0.0371963  0.0314566  
-1.88005e-05  0.000526096  0.000506361  0.0402372  -0.00140852  0.0577115  
0.000256331  0.000407985  0.000452675  0.0264236  -0.0329543  0.0258912  
0.000220276  0.000526096  0.000352036  0.028534  -0.0168193  -0.00405167  
0.000493946  -0.000135391  0.000497079  0.028455  -0.0315291  -0.0717024  
0.000402433  0.00055831  0.000553064  0.028512  -0.00181351  -0.0433094  
0.000402433  0.000158189  0.000502011  0.0284894  -0.00118537  -0.0583884  
0.000402433  0.00030831  0.000363508  0.0284888  -0.0150227  -0.0561023  
2.86236e-07  0.000150163  0.000574981  0.0264197  0.0220461  -0.049365  
0.00057763  0.00030831  0.000426925  0.0284617  -0.0349925  -0.074667  
-0.000133871  0.00030831  0.00039283  0.0285028  0.0162041  -0.0886812  
0.000228219  0.00030831  0.000334258  0.0229213  -0.00907541  -0.087864  
0.000402433  0.00030831  0.000232296  0.0102959  -0.0200116  -0.122006  
0.000249933  0.000362476  0.0002941  0.0228982  0.0209882  -0.0895705  
0.000402433  0.00030831  0.00036634  0.0103177  -0.0207823  -0.117114  
5.94271e-05  0.00030831  0.000567219  0.0335167  0.0895211  -0.0643454  
-0.000179388  0.00115768  0.000332496  0.0181975  0.0124816  -0.1362  
0.000608295  0.0007846  0.000222792  0.010391  -0.0409921  -0.137144  
-4.64589e-06  0.000973169  0.000154239  0.0104139  0.0259085  -0.0955781  
0.000228926  0.000622584  0.00032457  0.0181105  -0.0241686  -0.134083  
0.000511365  0.000403878  0.000330892  0.0219307  0.00706168  -0.0876593  
0.000187833  0.000506308  0.000371299  0.0165722  -0.0189744  -0.109368  
-3.2517e-05  0.000881125  0.000336256  0.0209824  -0.000980127  -0.0983423  
-3.2517e-05  0.000553541  0.000513214  0.010379  -0.000179594  -0.0945079  
1.75032e-05  0.000973169  0.000568158  0.028307  -0.0104643  -0.0998513  
8.98424e-06  0.00080757  0.000575984  0.0103782  -0.00618053  -0.0839299  
-0.000169353  0.00122317  0.00034696  0.0130019  -0.000266242  -0.0681913  
0.000249436  0.000546641  0.000353513  0.00831475  -0.018441  -0.0684778  
8.42761e-05  0.000550718  0.000502697  0.00748655  0.0213904  -0.067477  
4.67599e-05  0.00038256  0.000329324  0.0103649  0.00875355  -0.0781759  
-0.000341756  0.00031378  0.000892044  0.024795  0.0184168  -0.0928447  
-0.000120696  -0.000226454  0.000734876  0.0394629  0.00872564  -0.078384  
-4.83101e-05  -5.12224e-05  0.000924856  0.038094  -0.00306907  -0.0704896  
-0.000585158  0.00015419  0.000864273  0.0437466  0.0149765  -0.108411  
-0.000166501  -0.000275733  0.000859085  0.0323697  -0.0370779  -0.101124  
-0.000453993  -0.000140257  0.000988411  0.038882  -0.00037129  -0.114453  
3.17203e-07  -0.000379388  0.00108657  0.0322868  -0.049488  -0.127092  
-0.000607246  -0.000379388  0.00113508  0.0490299  -0.0322841  -0.135881  
-0.000438989  -0.000763137  0.00112508  0.0462522  -0.0376363  -0.162457  
-0.000607246  -0.000379388  0.00109824  0.037136  -0.0525102  -0.150063  
-0.000232138  -0.000379388  0.00119438  0.0469554  -0.025117  -0.148775  
-0.000208716  -0.000379388  0.00111446  0.0438918  -0.0540096  -0.149807  
-0.000607246  -0.000379388  0.00119438  0.0581164  -0.0191449  -0.153454  
-0.000320164  -0.00077987  0.00138212  0.0600262  -0.0767517  -0.14605  
-0.000236179  -0.000782594  0.00119438  0.0663989  0.0031696  -0.172251  
-0.000733966  -0.00111594  0.00119438  0.0685504  -0.0355899  -0.166513  
-0.000607246  -0.000709125  0.00119438  0.0645568  -0.0179232  -0.150645  
-0.000451387  -0.000386087  0.00119438  0.0795734  0.0263616  -0.115502  
-0.000692323  -0.000386087  0.00142745  0.0765076  -0.00934767  -0.0975182  
-1.5536e-05  -0.000136087  0.00119438  0.0836866  -0.00939708  -0.0974705  
0.00014133  -0.000386087  0.00136454  0.0804266  -0.0424588  -0.0975041  
-0.000855761  -0.000792435  0.00129676  0.0836257  -0.0105579  -0.117739  
-0.000159546  -0.000896789  0.00145391  0.0857551  -0.0552605  -0.114245  
-0.000398129  -0.000386087  0.0014549  0.0836712  -0.00660603  -0.106947  
-0.00036181  -0.0009197  0.00150749  0.0908395  -0.0440636  -0.11481  
-0.00056837  -0.00095383  0.00141611  0.0835837  -0.0465579  -0.141966  
-0.000643427  -0.000987554  0.00152094  0.0835842  -0.0214617  -0.130012  
-0.000678306  -0.00105138  0.00152299  0.0680561  -0.0261542  -0.124774  
-0.00138553  4.56132e-05  0.00179461  0.110416  0.0984822  0.0159432  
-0.000657224  2.68473e-05  0.00150061  0.0860148  -0.0904931  -0.180961  
-0.000131224  -0.000422543  0.00161963  0.0812537  -0.0473329  -0.190025  
-0.000333516  -0.000324107  0.00174433  0.0936904  -0.0177317  -0.169037  
-0.000268835  -0.000422543  0.00169476  0.0890277  -0.0349044  -0.165793  
-0.000321464  -0.000368905  0.00179962  0.0845943  -0.0212866  -0.171037  
-1.20442e-05  -0.000172939  0.00140662  0.0879579  0.0155393  -0.126939  
-0.000381573  -0.000422543  0.00159694  0.0788091  -0.0299488  -0.153491  
-0.000140166  -0.000422543  0.00168583  0.0853157  -0.011722  -0.144847  
-0.000140166  -0.000842308  0.00149362  0.0735911  -0.0327135  -0.182601  
0.000239146  -0.000422543  0.00152605  0.084148  0.00450241  -0.178949  
-0.000140166  -0.000825019  0.00169276  0.0805209  -0.0228549  -0.202598  
-0.000140166  -0.00103856  0.0019255  0.0919978  -0.00810465  -0.226033  
-0.000558617  -0.00103856  0.00189198  0.0980975  -0.00800857  -0.216729  
-0.000516892  -0.00103856  0.00192304  0.0982374  -0.0441798  -0.243646  
-0.00053922  -0.00122162  0.00215469  0.10443  -0.00802979  -0.243391  
-0.000115925  -0.00122074  0.00194522  0.0979828  -0.0647953  -0.248272  
-0.000342814  -0.00103856  0.00201896  0.0979541  0.00814449  -0.196821  
-0.000113162  -0.00144372  0.00201001  0.0974106  -0.0635403  -0.22179  
-0.00052209  -0.00103856  0.00222328  0.113305  -0.0169537  -0.247263  
-0.000269474  -0.00103856  0.002112  0.113305  -0.0663276  -0.264304  
-9.58312e-05  -0.00131814  0.00212046  0.113248  -0.0583181  -0.280911  
-0.000232358  -0.00103856  0.0022798  0.121946  -0.0243514  -0.248157  
6.38298e-05  -0.00103856  0.00227458  0.113307  -0.0758049  -0.271872  
-7.86188e-05  -0.00103856  0.00216116  0.120963  -0.0471319  -0.237287  
-0.000260907  -0.000788563  0.00211257  0.113368  -0.0506027  -0.225301  
0.00025445  -0.000600579  0.00211257  0.120181  -0.0525711  -0.239714  
0.000125704  -0.00013972  0.00211257  0.113445  0.0443164  -0.183033  
-0.000203637  0.000259734  0.00194228  0.125172  0.166058  0.171259  
-0.000246469  0.00220159  0.00176802  0.129539  0.0690377  0.036562  
0.000829514  0.00122861  0.00152233  0.113516  -0.00926517  -0.039056  
0.00083342  0.0012277  0.0017981  0.113488  0.0758221  -0.028167  
0.00143866  0.00105867  0.00189062  0.125583  0.0602787  -0.0419682  
0.00180938  0.000864103  0.00211257  0.137204  0.0622312  -0.0295637  
0.00184425  0.000437412  0.00211257  0.13398  0.0335591  -0.0525881  
0.00122542  0.00013384  0.00253407  0.154325  0.0460231  -0.109012  
0.00211063  -0.000402514  0.00253407  0.145717  0.0235356  -0.054535  
0.00201835  -0.000199691  0.00253407  0.145923  0.0198191  -0.0764505  
0.00155938  0.000111508  0.00239736  0.132426  0.0049446  -0.109583  
0.00104982  -0.000131919  0.00253407  0.148092  0.0347475  -0.152196  
0.00105112  8.56454e-05  0.00229922  0.145646  0.0761894  -0.183319  
0.00125883  0.000169222  0.00227675  0.134701  -0.0109131  -0.16331  
0.00127483  3.20477e-06  0.00253407  0.141151  0.0457404  -0.181888  
0.00128699  -0.000447572  0.00262  0.158084  -0.000719225  -0.184434  
