0.3 9.583304e+03 9.573739e+03 9.559459e+03 9.569025e+03
1.3 9.579828e+03 9.569286e+03 9.554444e+03 9.564985e+03
2.3 9.594322e+03 9.571146e+03 9.556059e+03 9.579235e+03
3.3 9.574946e+03 9.580377e+03 9.564051e+03 9.558620e+03
4.3 9.550554e+03 9.571807e+03 9.566545e+03 9.545292e+03
5.3 9.567659e+03 9.554276e+03 9.564860e+03 9.578243e+03
6.3 9.575143e+03 9.573765e+03 9.562973e+03 9.564351e+03
7.3 9.598435e+03 9.581257e+03 9.561765e+03 9.578943e+03
8.3 9.615361e+03 9.592016e+03 9.561083e+03 9.584428e+03
9.3 9.627018e+03 9.596253e+03 9.560784e+03 9.591549e+03
10.3 9.607500e+03 9.583761e+03 9.560741e+03 9.584479e+03
11.3 9.580140e+03 9.572134e+03 9.560818e+03 9.568825e+03
12.3 9.554727e+03 9.548225e+03 9.560916e+03 9.567418e+03
13.3 9.543140e+03 9.555615e+03 9.560989e+03 9.548515e+03
14.3 9.535409e+03 9.527231e+03 9.561033e+03 9.569211e+03
15.3 9.541277e+03 9.539386e+03 9.561055e+03 9.562946e+03
16.3 9.606724e+03 9.564051e+03 9.561066e+03 9.603739e+03
17.3 9.603871e+03 9.585080e+03 9.561071e+03 9.579862e+03
0.0 9.578017e+03 9.594953e+03 9.561148e+03 9.544212e+03
1.0 9.547731e+03 9.573491e+03 9.560134e+03 9.534375e+03
2.0 9.546376e+03 9.537604e+03 9.560024e+03 9.568796e+03
3.0 9.567359e+03 9.577222e+03 9.561467e+03 9.551604e+03
4.0 9.592423e+03 9.573084e+03 9.562180e+03 9.581519e+03
5.0 9.569072e+03 9.577029e+03 9.561936e+03 9.553978e+03
6.0 9.550880e+03 9.580135e+03 9.561558e+03 9.532303e+03
7.0 9.559163e+03 9.566314e+03 9.561303e+03 9.554153e+03
8.0 9.581677e+03 9.570272e+03 9.561175e+03 9.572580e+03
9.0 9.548890e+03 9.570357e+03 9.561188e+03 9.539721e+03
10.0 9.533300e+03 9.541243e+03 9.561162e+03 9.553219e+03
11.0 9.519322e+03 9.551909e+03 9.561039e+03 9.528452e+03
12.0 9.511286e+03 9.526441e+03 9.561000e+03 9.545845e+03
13.0 9.529795e+03 9.536020e+03 9.561037e+03 9.554811e+03
14.0 9.542255e+03 9.553957e+03 9.561077e+03 9.549375e+03
15.0 9.567568e+03 9.559781e+03 9.561101e+03 9.568888e+03
16.0 9.562482e+03 9.536363e+03 9.561163e+03 9.587282e+03
17.0 9.528171e+03 9.560609e+03 9.562114e+03 9.529676e+03
0.8 9.563124e+03 9.579318e+03 9.557394e+03 9.541200e+03
1.8 9.568654e+03 9.580773e+03 9.555044e+03 9.542924e+03
2.8 9.592445e+03 9.582134e+03 9.560467e+03 9.570778e+03
3.8 9.588207e+03 9.556842e+03 9.565439e+03 9.596805e+03
4.8 9.580117e+03 9.544402e+03 9.565171e+03 9.600885e+03
5.8 9.535237e+03 9.542337e+03 9.563421e+03 9.556321e+03
6.8 9.565464e+03 9.559311e+03 9.562112e+03 9.568264e+03
7.8 9.562440e+03 9.559523e+03 9.561331e+03 9.564248e+03
8.8 9.571088e+03 9.567086e+03 9.560928e+03 9.564930e+03
9.8 9.557238e+03 9.552690e+03 9.560798e+03 9.565347e+03
10.8 9.558009e+03 9.557799e+03 9.560826e+03 9.561036e+03
11.8 9.526067e+03 9.535080e+03 9.560907e+03 9.551894e+03
12.8 9.512399e+03 9.527911e+03 9.560981e+03 9.545469e+03
13.8 9.541425e+03 9.532563e+03 9.561030e+03 9.569892e+03
14.8 9.564029e+03 9.554772e+03 9.561057e+03 9.570314e+03
15.8 9.549371e+03 9.550950e+03 9.561070e+03 9.559491e+03
16.8 9.555345e+03 9.540782e+03 9.561078e+03 9.575642e+03
17.8 9.543771e+03 9.553467e+03 9.561134e+03 9.551437e+03
0.3 9.551370e+03 9.560635e+03 9.559556e+03 9.550290e+03
1.3 9.577334e+03 9.559016e+03 9.555358e+03 9.573676e+03
2.3 9.578755e+03 9.558307e+03 9.557056e+03 9.577504e+03
3.3 9.564292e+03 9.582081e+03 9.563801e+03 9.546011e+03
4.3 9.566566e+03 9.576547e+03 9.565713e+03 9.555732e+03
5.3 9.524859e+03 9.552442e+03 9.564235e+03 9.536652e+03
6.3 9.532739e+03 9.548112e+03 9.562649e+03 9.547276e+03
7.3 9.560133e+03 9.560530e+03 9.561641e+03 9.561244e+03
8.3 9.588329e+03 9.555381e+03 9.561075e+03 9.594023e+03
9.3 9.564387e+03 9.549447e+03 9.560831e+03 9.575771e+03
10.3 9.549539e+03 9.576881e+03 9.560800e+03 9.533458e+03
11.3 9.583547e+03 9.576818e+03 9.560868e+03 9.567597e+03
12.3 9.589734e+03 9.614381e+03 9.560950e+03 9.536303e+03
13.3 9.569086e+03 9.594074e+03 9.561012e+03 9.536025e+03
14.3 9.568007e+03 9.591840e+03 9.561048e+03 9.537215e+03
15.3 9.614133e+03 9.607084e+03 9.561067e+03 9.568116e+03
16.3 9.636745e+03 9.593844e+03 9.561076e+03 9.603977e+03
17.3 9.607103e+03 9.579659e+03 9.561080e+03 9.588524e+03
