0.3 7.804337e+03 7.799315e+03 7.770230e+03 7.775252e+03
1.3 7.768452e+03 7.772085e+03 7.770989e+03 7.767357e+03
2.3 7.823142e+03 7.773959e+03 7.773253e+03 7.822435e+03
3.3 7.912428e+03 7.825025e+03 7.773281e+03 7.860685e+03
4.3 7.795179e+03 7.802570e+03 7.771931e+03 7.764541e+03
5.3 7.813065e+03 7.783942e+03 7.770832e+03 7.799956e+03
6.3 7.843093e+03 7.795755e+03 7.770244e+03 7.817581e+03
7.3 7.824357e+03 7.780642e+03 7.769998e+03 7.813714e+03
8.3 7.803854e+03 7.779402e+03 7.769956e+03 7.794408e+03
9.3 7.830718e+03 7.787588e+03 7.770018e+03 7.813148e+03
10.3 7.793413e+03 7.788152e+03 7.770110e+03 7.775371e+03
11.3 7.833319e+03 7.781664e+03 7.770190e+03 7.821845e+03
12.3 7.771648e+03 7.736204e+03 7.770247e+03 7.805691e+03
13.3 7.736695e+03 7.770192e+03 7.770283e+03 7.736786e+03
14.3 7.756073e+03 7.749573e+03 7.770307e+03 7.776807e+03
15.3 7.733447e+03 7.759202e+03 7.770323e+03 7.744568e+03
16.3 7.821056e+03 7.781551e+03 7.770336e+03 7.809840e+03
17.3 7.791400e+03 7.794989e+03 7.770346e+03 7.766757e+03
0.3 7.661279e+03 7.767850e+03 7.770137e+03 7.663566e+03
1.3 7.826203e+03 7.769084e+03 7.771081e+03 7.828200e+03
2.3 7.793003e+03 7.777670e+03 7.773419e+03 7.788752e+03
3.3 7.773481e+03 7.748763e+03 7.773274e+03 7.797992e+03
4.3 7.840471e+03 7.770204e+03 7.771801e+03 7.842068e+03
5.3 7.678484e+03 7.750247e+03 7.770646e+03 7.698883e+03
6.3 7.733832e+03 7.747609e+03 7.770025e+03 7.756248e+03
7.3 7.807190e+03 7.758858e+03 7.769758e+03 7.818090e+03
8.3 7.754446e+03 7.779026e+03 7.769698e+03 7.745118e+03
9.3 7.842354e+03 7.773911e+03 7.769744e+03 7.838188e+03
10.3 7.719446e+03 7.784252e+03 7.769818e+03 7.705013e+03
11.3 7.765229e+03 7.811146e+03 7.769878e+03 7.723961e+03
12.3 7.764840e+03 7.812748e+03 7.769911e+03 7.722003e+03
13.3 7.781182e+03 7.791624e+03 7.769923e+03 7.759480e+03
14.3 7.814419e+03 7.796113e+03 7.769921e+03 7.788228e+03
15.3 7.835944e+03 7.791717e+03 7.769913e+03 7.814141e+03
16.3 7.784646e+03 7.793301e+03 7.769902e+03 7.761248e+03
17.3 7.838455e+03 7.765259e+03 7.769889e+03 7.843085e+03
0.6 7.749893e+03 7.747367e+03 7.769864e+03 7.772390e+03
1.6 7.737423e+03 7.739812e+03 7.771380e+03 7.768991e+03
2.6 7.741528e+03 7.783217e+03 7.773153e+03 7.731465e+03
3.6 7.752715e+03 7.798132e+03 7.772477e+03 7.727060e+03
4.6 7.860362e+03 7.781246e+03 7.772202e+03 7.851318e+03
5.6 7.829312e+03 7.784024e+03 7.773370e+03 7.818658e+03
6.6 7.808309e+03 7.769288e+03 7.772580e+03 7.811600e+03
7.6 7.863120e+03 7.759298e+03 7.771023e+03 7.874845e+03
8.6 7.769200e+03 7.771335e+03 7.769993e+03 7.767858e+03
9.6 7.815458e+03 7.769182e+03 7.769531e+03 7.815807e+03
10.6 7.826802e+03 7.759069e+03 7.769398e+03 7.837130e+03
11.6 7.788217e+03 7.741664e+03 7.769433e+03 7.815985e+03
12.6 7.759387e+03 7.736565e+03 7.769533e+03 7.792355e+03
13.6 7.649047e+03 7.751204e+03 7.769636e+03 7.667479e+03
14.6 7.806020e+03 7.780123e+03 7.769712e+03 7.795609e+03
15.6 7.764025e+03 7.777117e+03 7.769759e+03 7.756667e+03
16.6 7.845638e+03 7.778794e+03 7.769783e+03 7.836626e+03
17.6 7.840965e+03 7.804794e+03 7.769793e+03 7.805965e+03
0.4 7.752715e+03 7.798132e+03 7.772477e+03 7.727060e+03
1.4 7.860362e+03 7.781246e+03 7.772202e+03 7.851318e+03
2.4 7.829312e+03 7.784024e+03 7.773370e+03 7.818658e+03
3.4 7.808309e+03 7.769288e+03 7.772580e+03 7.811600e+03
4.4 7.863120e+03 7.759298e+03 7.771023e+03 7.874845e+03
5.4 7.769200e+03 7.771335e+03 7.769993e+03 7.767858e+03
6.4 7.815458e+03 7.769182e+03 7.769531e+03 7.815807e+03
7.4 7.826802e+03 7.759069e+03 7.769398e+03 7.837130e+03
8.4 7.788217e+03 7.741664e+03 7.769433e+03 7.815985e+03
9.4 7.759387e+03 7.736565e+03 7.769533e+03 7.792355e+03
10.4 7.649047e+03 7.751204e+03 7.769636e+03 7.667479e+03
11.4 7.806020e+03 7.780123e+03 7.769712e+03 7.795609e+03
12.4 7.764025e+03 7.777117e+03 7.769759e+03 7.756667e+03
13.4 7.845638e+03 7.778794e+03 7.769783e+03 7.836626e+03
14.4 7.840965e+03 7.804794e+03 7.769793e+03 7.805965e+03
15.4 7.797374e+03 7.778480e+03 7.769796e+03 7.788690e+03
16.4 7.754943e+03 7.804960e+03 7.769796e+03 7.719779e+03
17.4 7.745794e+03 7.775117e+03 7.769804e+03 7.740481e+03
0.5 7.745794e+03 7.775117e+03 7.769804e+03 7.740481e+03
1.5 7.658842e+03 7.751183e+03 7.771144e+03 7.678804e+03
2.5 7.834740e+03 7.770936e+03 7.773071e+03 7.836875e+03
3.5 7.757263e+03 7.764877e+03 7.772532e+03 7.764918e+03
4.5 7.684641e+03 7.766395e+03 7.771146e+03 7.689391e+03
5.5 7.736964e+03 7.779067e+03 7.770170e+03 7.728067e+03
6.5 7.779848e+03 7.768176e+03 7.769669e+03 7.781341e+03
7.5 7.717528e+03 7.753006e+03 7.769469e+03 7.733991e+03
8.5 7.798286e+03 7.756093e+03 7.769444e+03 7.811637e+03
9.5 7.771083e+03 7.764877e+03 7.769501e+03 7.775707e+03
10.5 7.734255e+03 7.773549e+03 7.769575e+03 7.730280e+03
11.5 7.825493e+03 7.798404e+03 7.769632e+03 7.796721e+03
12.5 7.738784e+03 7.763974e+03 7.770061e+03 7.744871e+03
13.5 7.793500e+03 7.747057e+03 7.772364e+03 7.818807e+03
14.5 7.879778e+03 7.797252e+03 7.772918e+03 7.855444e+03
15.5 7.785458e+03 7.783291e+03 7.771662e+03 7.773829e+03
16.5 7.750240e+03 7.788408e+03 7.770455e+03 7.732287e+03
17.5 7.765732e+03 7.783852e+03 7.769770e+03 7.751651e+03
0.0 7.825493e+03 7.798404e+03 7.769632e+03 7.796721e+03
1.0 7.738784e+03 7.763974e+03 7.770061e+03 7.744871e+03
2.0 7.793500e+03 7.747057e+03 7.772364e+03 7.818807e+03
3.0 7.879778e+03 7.797252e+03 7.772918e+03 7.855444e+03
4.0 7.785458e+03 7.783291e+03 7.771662e+03 7.773829e+03
5.0 7.750240e+03 7.788408e+03 7.770455e+03 7.732287e+03
6.0 7.765732e+03 7.783852e+03 7.769770e+03 7.751651e+03
7.0 7.803385e+03 7.757926e+03 7.769463e+03 7.814921e+03
8.0 7.827381e+03 7.767114e+03 7.769384e+03 7.829651e+03
9.0 7.850312e+03 7.762859e+03 7.770008e+03 7.857461e+03
10.0 7.731500e+03 7.742736e+03 7.772551e+03 7.761315e+03
11.0 7.720298e+03 7.769627e+03 7.772972e+03 7.723644e+03
12.0 7.686703e+03 7.753606e+03 7.771641e+03 7.704737e+03
13.0 7.756223e+03 7.758625e+03 7.770442e+03 7.768040e+03
14.0 7.742159e+03 7.769759e+03 7.769782e+03 7.742181e+03
15.0 7.784125e+03 7.761569e+03 7.769498e+03 7.792054e+03
16.0 7.743082e+03 7.737171e+03 7.769442e+03 7.775352e+03
17.0 7.784521e+03 7.754725e+03 7.769609e+03 7.799405e+03
0.1 7.827381e+03 7.767114e+03 7.769384e+03 7.829651e+03
1.1 7.850312e+03 7.762859e+03 7.770008e+03 7.857461e+03
2.1 7.731500e+03 7.742736e+03 7.772551e+03 7.761315e+03
3.1 7.720298e+03 7.769627e+03 7.772972e+03 7.723644e+03
4.1 7.686703e+03 7.753606e+03 7.771641e+03 7.704737e+03
5.1 7.756223e+03 7.758625e+03 7.770442e+03 7.768040e+03
6.1 7.742159e+03 7.769759e+03 7.769782e+03 7.742181e+03
7.1 7.784125e+03 7.761569e+03 7.769498e+03 7.792054e+03
8.1 7.743082e+03 7.737171e+03 7.769442e+03 7.775352e+03
9.1 7.784521e+03 7.754725e+03 7.769609e+03 7.799405e+03
10.1 7.708742e+03 7.734714e+03 7.771671e+03 7.745699e+03
11.1 7.768958e+03 7.775082e+03 7.773063e+03 7.766939e+03
12.1 7.709812e+03 7.757028e+03 7.772149e+03 7.724933e+03
13.1 7.791494e+03 7.767405e+03 7.770875e+03 7.794964e+03
14.1 7.688133e+03 7.763798e+03 7.770085e+03 7.694421e+03
15.1 7.770084e+03 7.758763e+03 7.769714e+03 7.781036e+03
16.1 7.764278e+03 7.779906e+03 7.769600e+03 7.753971e+03
17.1 7.813219e+03 7.801604e+03 7.769630e+03 7.781245e+03
0.8 7.784521e+03 7.754725e+03 7.769609e+03 7.799405e+03
1.8 7.708742e+03 7.734714e+03 7.771671e+03 7.745699e+03
2.8 7.768958e+03 7.775082e+03 7.773063e+03 7.766939e+03
3.8 7.709812e+03 7.757028e+03 7.772149e+03 7.724933e+03
4.8 7.791494e+03 7.767405e+03 7.770875e+03 7.794964e+03
5.8 7.688133e+03 7.763798e+03 7.770085e+03 7.694421e+03
6.8 7.770084e+03 7.758763e+03 7.769714e+03 7.781036e+03
7.8 7.764278e+03 7.779906e+03 7.769600e+03 7.753971e+03
8.8 7.813219e+03 7.801604e+03 7.769630e+03 7.781245e+03
9.8 7.777941e+03 7.827331e+03 7.769719e+03 7.720330e+03
10.8 7.824483e+03 7.805069e+03 7.769811e+03 7.789225e+03
11.8 7.745750e+03 7.762877e+03 7.769880e+03 7.752752e+03
12.8 7.701531e+03 7.751929e+03 7.769924e+03 7.719527e+03
13.8 7.734884e+03 7.754691e+03 7.769949e+03 7.750142e+03
14.8 7.810115e+03 7.770315e+03 7.769963e+03 7.809764e+03
15.8 7.767010e+03 7.770109e+03 7.769970e+03 7.766871e+03
16.8 7.767632e+03 7.795738e+03 7.769972e+03 7.741867e+03
17.8 7.765422e+03 7.789708e+03 7.769973e+03 7.745686e+03
0.3 7.798078e+03 7.784308e+03 7.769969e+03 7.783739e+03
1.3 7.818445e+03 7.794773e+03 7.770837e+03 7.794509e+03
2.3 7.712899e+03 7.761178e+03 7.773057e+03 7.724777e+03
3.3 7.832954e+03 7.793210e+03 7.772961e+03 7.812705e+03
4.3 7.717097e+03 7.762568e+03 7.771593e+03 7.726122e+03
5.3 7.867516e+03 7.767874e+03 7.770513e+03 7.870155e+03
6.3 7.729166e+03 7.740012e+03 7.769938e+03 7.759091e+03
7.3 7.753272e+03 7.746012e+03 7.769695e+03 7.776956e+03
8.3 7.715290e+03 7.762829e+03 7.769649e+03 7.722110e+03
9.3 7.822579e+03 7.758035e+03 7.769704e+03 7.834247e+03
10.3 7.780213e+03 7.785320e+03 7.769786e+03 7.764679e+03
11.3 7.797167e+03 7.794483e+03 7.769856e+03 7.772540e+03
12.3 7.853113e+03 7.789677e+03 7.769903e+03 7.833339e+03
13.3 7.833290e+03 7.793287e+03 7.770033e+03 7.810035e+03
14.3 7.723639e+03 7.785342e+03 7.772107e+03 7.710404e+03
15.3 7.734492e+03 7.819519e+03 7.773532e+03 7.688506e+03
16.3 7.809999e+03 7.785069e+03 7.772509e+03 7.797439e+03
17.3 7.793353e+03 7.782592e+03 7.771102e+03 7.781862e+03
0.8 7.833290e+03 7.793287e+03 7.770033e+03 7.810035e+03
1.8 7.723639e+03 7.785342e+03 7.772107e+03 7.710404e+03
2.8 7.734492e+03 7.819519e+03 7.773532e+03 7.688506e+03
3.8 7.809999e+03 7.785069e+03 7.772509e+03 7.797439e+03
4.8 7.793353e+03 7.782592e+03 7.771102e+03 7.781862e+03
5.8 7.712487e+03 7.736818e+03 7.770224e+03 7.745894e+03
6.8 7.802591e+03 7.766579e+03 7.769807e+03 7.805818e+03
7.8 7.808106e+03 7.758096e+03 7.769669e+03 7.819680e+03
8.8 7.732604e+03 7.763714e+03 7.769691e+03 7.738581e+03
9.8 7.788929e+03 7.762110e+03 7.769779e+03 7.796597e+03
10.8 7.721550e+03 7.784325e+03 7.769871e+03 7.707095e+03
11.8 7.795564e+03 7.756158e+03 7.769941e+03 7.809347e+03
12.8 7.723235e+03 7.754255e+03 7.769986e+03 7.738966e+03
13.8 7.689539e+03 7.720712e+03 7.770014e+03 7.738841e+03
14.8 7.759088e+03 7.740491e+03 7.770032e+03 7.788629e+03
15.8 7.840797e+03 7.748071e+03 7.770046e+03 7.862772e+03
16.8 7.761153e+03 7.759130e+03 7.770058e+03 7.772080e+03
17.8 7.827478e+03 7.762518e+03 7.770070e+03 7.835029e+03
0.7 7.732619e+03 7.751646e+03 7.770132e+03 7.751105e+03
1.7 7.720612e+03 7.741662e+03 7.771984e+03 7.750934e+03
2.7 7.742148e+03 7.784079e+03 7.773680e+03 7.731748e+03
3.7 7.714615e+03 7.772466e+03 7.772819e+03 7.714967e+03
4.7 7.830826e+03 7.764565e+03 7.771389e+03 7.837651e+03
5.7 7.689765e+03 7.735699e+03 7.770464e+03 7.724530e+03
6.7 7.705597e+03 7.729341e+03 7.770017e+03 7.746274e+03
7.7 7.735009e+03 7.753174e+03 7.769865e+03 7.751700e+03
8.7 7.737102e+03 7.756334e+03 7.769882e+03 7.750650e+03
9.7 7.823584e+03 7.773381e+03 7.769974e+03 7.820177e+03
10.7 7.792645e+03 7.780803e+03 7.770074e+03 7.781916e+03
11.7 7.781016e+03 7.786249e+03 7.770151e+03 7.764919e+03
12.7 7.822940e+03 7.792656e+03 7.770202e+03 7.800486e+03
13.7 7.822165e+03 7.806659e+03 7.770232e+03 7.785738e+03
14.7 7.774002e+03 7.779577e+03 7.770251e+03 7.764677e+03
15.7 7.710295e+03 7.810385e+03 7.770263e+03 7.670173e+03
16.7 7.834099e+03 7.775971e+03 7.770271e+03 7.828399e+03
17.7 7.746338e+03 7.772437e+03 7.770277e+03 7.744179e+03
0.3 7.804356e+03 7.782221e+03 7.770207e+03 7.792342e+03
1.3 7.786472e+03 7.762666e+03 7.771106e+03 7.794913e+03
2.3 7.781541e+03 7.761428e+03 7.773485e+03 7.793598e+03
3.3 7.764720e+03 7.795204e+03 7.773420e+03 7.742936e+03
4.3 7.790389e+03 7.785545e+03 7.771972e+03 7.776816e+03
5.3 7.756171e+03 7.758238e+03 7.770823e+03 7.768755e+03
6.3 7.729456e+03 7.766581e+03 7.770213e+03 7.733088e+03
7.3 7.864663e+03 7.767361e+03 7.769962e+03 7.867263e+03
8.3 7.791583e+03 7.758828e+03 7.769923e+03 7.802678e+03
9.3 7.800083e+03 7.766208e+03 7.769992e+03 7.803867e+03
10.3 7.759520e+03 7.800670e+03 7.770091e+03 7.728940e+03
11.3 7.802729e+03 7.783575e+03 7.770177e+03 7.789331e+03
12.3 7.807194e+03 7.814193e+03 7.770238e+03 7.763240e+03
13.3 7.763591e+03 7.745752e+03 7.770278e+03 7.788116e+03
14.3 7.742545e+03 7.753428e+03 7.770304e+03 7.759422e+03
15.3 7.790081e+03 7.805016e+03 7.770323e+03 7.755388e+03
16.3 7.799366e+03 7.798938e+03 7.770339e+03 7.770767e+03
17.3 7.788326e+03 7.801793e+03 7.770353e+03 7.756886e+03
