0.1 7.820446e+03 7.837825e+03 7.768790e+03 7.751410e+03
1.1 7.763898e+03 7.826606e+03 7.760592e+03 7.697885e+03
2.1 7.813693e+03 7.790044e+03 7.761168e+03 7.784817e+03
3.1 7.705489e+03 7.709439e+03 7.773905e+03 7.769956e+03
4.1 7.744602e+03 7.748319e+03 7.779255e+03 7.775538e+03
5.1 7.748015e+03 7.770254e+03 7.776938e+03 7.754699e+03
6.1 7.726612e+03 7.773048e+03 7.773807e+03 7.727371e+03
7.1 7.846030e+03 7.787609e+03 7.771746e+03 7.830167e+03
8.1 7.784215e+03 7.782565e+03 7.770565e+03 7.772215e+03
9.1 7.755758e+03 7.758051e+03 7.770019e+03 7.767726e+03
10.1 7.729667e+03 7.733075e+03 7.769911e+03 7.766504e+03
11.1 7.655875e+03 7.724565e+03 7.770020e+03 7.701331e+03
12.1 7.754375e+03 7.745788e+03 7.770178e+03 7.778765e+03
13.1 7.746110e+03 7.710495e+03 7.770301e+03 7.805917e+03
14.1 7.765245e+03 7.709636e+03 7.770377e+03 7.825986e+03
15.1 7.715099e+03 7.717553e+03 7.770417e+03 7.767963e+03
16.1 7.735169e+03 7.700717e+03 7.770436e+03 7.804889e+03
17.1 7.531569e+03 7.713239e+03 7.770447e+03 7.588777e+03
0.2 7.764840e+03 7.812748e+03 7.768722e+03 7.720813e+03
1.2 7.781182e+03 7.791624e+03 7.762813e+03 7.752370e+03
2.2 7.814419e+03 7.796113e+03 7.764260e+03 7.782566e+03
3.2 7.835944e+03 7.791717e+03 7.773614e+03 7.817841e+03
4.2 7.784646e+03 7.793301e+03 7.776831e+03 7.768177e+03
5.2 7.838455e+03 7.765259e+03 7.774944e+03 7.848140e+03
6.2 7.607322e+03 7.755389e+03 7.772715e+03 7.624647e+03
7.2 7.681935e+03 7.741065e+03 7.771276e+03 7.712145e+03
8.2 7.728175e+03 7.753791e+03 7.770459e+03 7.744844e+03
9.2 7.749893e+03 7.747367e+03 7.770095e+03 7.772621e+03
10.2 7.737423e+03 7.739812e+03 7.770036e+03 7.767647e+03
11.2 7.741528e+03 7.783217e+03 7.770123e+03 7.728435e+03
12.2 7.752715e+03 7.798132e+03 7.770238e+03 7.724821e+03
13.2 7.860362e+03 7.781246e+03 7.770325e+03 7.849441e+03
14.2 7.829312e+03 7.784024e+03 7.770377e+03 7.815665e+03
15.2 7.808309e+03 7.769288e+03 7.770404e+03 7.809425e+03
16.2 7.863120e+03 7.759298e+03 7.770417e+03 7.874239e+03
17.2 7.769200e+03 7.771335e+03 7.770423e+03 7.768288e+03
0.3 7.764025e+03 7.777117e+03 7.770281e+03 7.757189e+03
1.3 7.845638e+03 7.778794e+03 7.769830e+03 7.836674e+03
2.3 7.840965e+03 7.804794e+03 7.770005e+03 7.806177e+03
3.3 7.797374e+03 7.778480e+03 7.770735e+03 7.789628e+03
4.3 7.754943e+03 7.804960e+03 7.770945e+03 7.720928e+03
5.3 7.745794e+03 7.775117e+03 7.770786e+03 7.741463e+03
6.3 7.658842e+03 7.751183e+03 7.770618e+03 7.678277e+03
7.3 7.834740e+03 7.770936e+03 7.770512e+03 7.834316e+03
8.3 7.757263e+03 7.764877e+03 7.770453e+03 7.762839e+03
9.3 7.684641e+03 7.766395e+03 7.770427e+03 7.688673e+03
10.3 7.736964e+03 7.779067e+03 7.770423e+03 7.728320e+03
11.3 7.779848e+03 7.768176e+03 7.770429e+03 7.782100e+03
12.3 7.717528e+03 7.753006e+03 7.770434e+03 7.734956e+03
13.3 7.798286e+03 7.756093e+03 7.770437e+03 7.812630e+03
14.3 7.771083e+03 7.764877e+03 7.770436e+03 7.776642e+03
15.3 7.734255e+03 7.773549e+03 7.770432e+03 7.731138e+03
16.3 7.825493e+03 7.798404e+03 7.770427e+03 7.797517e+03
17.3 7.738784e+03 7.763974e+03 7.770424e+03 7.745235e+03
1.0 7.822165e+03 7.806659e+03 7.764114e+03 7.779620e+03
2.0 7.774002e+03 7.779577e+03 7.763476e+03 7.757902e+03
3.0 7.710295e+03 7.810385e+03 7.771985e+03 7.671895e+03
4.0 7.834099e+03 7.775971e+03 7.776429e+03 7.834557e+03
5.0 7.746338e+03 7.772437e+03 7.775109e+03 7.749010e+03
6.0 7.865199e+03 7.778108e+03 7.772914e+03 7.860004e+03
7.0 7.722552e+03 7.761658e+03 7.771428e+03 7.732322e+03
8.0 7.712823e+03 7.787952e+03 7.770567e+03 7.695438e+03
9.0 7.788679e+03 7.777084e+03 7.770156e+03 7.781750e+03
10.0 7.762754e+03 7.762447e+03 7.770037e+03 7.770345e+03
11.0 7.795749e+03 7.783209e+03 7.769687e+03 7.782227e+03
12.0 7.734533e+03 7.795396e+03 7.769530e+03 7.708667e+03
13.0 7.721935e+03 7.790685e+03 7.770242e+03 7.701492e+03
14.0 7.766862e+03 7.763218e+03 7.770868e+03 7.774512e+03
15.0 7.723747e+03 7.739107e+03 7.770867e+03 7.755507e+03
16.0 7.758704e+03 7.736385e+03 7.770681e+03 7.793000e+03
17.0 7.751423e+03 7.746531e+03 7.770538e+03 7.775430e+03
18.0 7.707790e+03 7.756607e+03 7.770453e+03 7.721635e+03
0.8 7.795749e+03 7.783209e+03 7.769687e+03 7.782227e+03
1.8 7.734533e+03 7.795396e+03 7.769530e+03 7.708667e+03
2.8 7.721935e+03 7.790685e+03 7.770242e+03 7.701492e+03
3.8 7.766862e+03 7.763218e+03 7.770868e+03 7.774512e+03
4.8 7.723747e+03 7.739107e+03 7.770867e+03 7.755507e+03
5.8 7.758704e+03 7.736385e+03 7.770681e+03 7.793000e+03
6.8 7.751423e+03 7.746531e+03 7.770538e+03 7.775430e+03
7.8 7.707790e+03 7.756607e+03 7.770453e+03 7.721635e+03
8.8 7.814340e+03 7.757443e+03 7.770410e+03 7.827308e+03
9.8 7.735845e+03 7.778543e+03 7.770399e+03 7.727701e+03
10.8 7.799475e+03 7.769657e+03 7.770406e+03 7.800224e+03
11.8 7.809869e+03 7.775140e+03 7.770419e+03 7.805148e+03
12.8 7.804356e+03 7.782221e+03 7.770431e+03 7.792566e+03
13.8 7.786472e+03 7.762666e+03 7.770440e+03 7.794247e+03
14.8 7.781541e+03 7.761428e+03 7.770447e+03 7.790560e+03
15.8 7.764720e+03 7.795204e+03 7.770452e+03 7.739967e+03
16.8 7.790389e+03 7.785545e+03 7.770456e+03 7.775300e+03
17.8 7.756171e+03 7.758238e+03 7.770459e+03 7.768392e+03
0.5 7.759520e+03 7.800670e+03 7.770184e+03 7.729033e+03
1.5 7.802729e+03 7.783575e+03 7.769807e+03 7.788961e+03
2.5 7.807194e+03 7.814193e+03 7.770210e+03 7.763212e+03
3.5 7.763591e+03 7.745752e+03 7.770871e+03 7.788709e+03
4.5 7.742545e+03 7.753428e+03 7.770947e+03 7.760064e+03
5.5 7.790081e+03 7.805016e+03 7.770767e+03 7.755831e+03
6.5 7.799366e+03 7.798938e+03 7.770610e+03 7.771038e+03
7.5 7.788326e+03 7.801793e+03 7.770514e+03 7.757046e+03
8.5 7.871718e+03 7.816113e+03 7.770464e+03 7.826069e+03
9.5 7.749720e+03 7.797812e+03 7.770448e+03 7.722356e+03
10.5 7.781293e+03 7.794454e+03 7.770450e+03 7.757290e+03
11.5 7.858585e+03 7.864454e+03 7.770459e+03 7.764591e+03
12.5 7.863933e+03 7.835120e+03 7.770468e+03 7.799281e+03
13.5 7.823046e+03 7.802402e+03 7.770475e+03 7.791119e+03
14.5 7.690278e+03 7.758851e+03 7.770478e+03 7.701905e+03
15.5 7.696605e+03 7.728968e+03 7.770479e+03 7.738116e+03
16.5 7.763672e+03 7.730049e+03 7.770480e+03 7.804103e+03
17.5 7.672491e+03 7.727953e+03 7.770480e+03 7.715018e+03
0.6 7.802539e+03 7.773771e+03 7.770162e+03 7.798931e+03
1.6 7.811245e+03 7.786884e+03 7.769806e+03 7.794166e+03
2.6 7.806487e+03 7.791117e+03 7.770315e+03 7.785685e+03
3.6 7.802484e+03 7.796154e+03 7.770977e+03 7.777307e+03
4.6 7.845415e+03 7.781074e+03 7.771016e+03 7.835357e+03
