0.3 9.575473e+03 9.574992e+03 9.560429e+03 9.560910e+03
1.3 9.573689e+03 9.555898e+03 9.559950e+03 9.577741e+03
2.3 9.601430e+03 9.565743e+03 9.560116e+03 9.595803e+03
3.3 9.598630e+03 9.562754e+03 9.561160e+03 9.597035e+03
4.3 9.553444e+03 9.562806e+03 9.561559e+03 9.552197e+03
5.3 9.557227e+03 9.548956e+03 9.561482e+03 9.569753e+03
6.3 9.546162e+03 9.557111e+03 9.561349e+03 9.550401e+03
7.3 9.522262e+03 9.559628e+03 9.561253e+03 9.523887e+03
8.3 9.540459e+03 9.554478e+03 9.561189e+03 9.547170e+03
9.3 9.528154e+03 9.557820e+03 9.561156e+03 9.531489e+03
10.3 9.565157e+03 9.565804e+03 9.561147e+03 9.560501e+03
11.3 9.566409e+03 9.570710e+03 9.561153e+03 9.556852e+03
12.3 9.567295e+03 9.587542e+03 9.561209e+03 9.540961e+03
13.3 9.565244e+03 9.589385e+03 9.563100e+03 9.538959e+03
14.3 9.534222e+03 9.565183e+03 9.565802e+03 9.534841e+03
15.3 9.550986e+03 9.553410e+03 9.564519e+03 9.562094e+03
16.3 9.554454e+03 9.557793e+03 9.560032e+03 9.556693e+03
17.3 9.555909e+03 9.536214e+03 9.556040e+03 9.575734e+03
0.5 9.554454e+03 9.557793e+03 9.560032e+03 9.556693e+03
1.5 9.555909e+03 9.536214e+03 9.556040e+03 9.575734e+03
2.5 9.546295e+03 9.535051e+03 9.554565e+03 9.565809e+03
3.4 9.542854e+03 9.549095e+03 9.555266e+03 9.549025e+03
4.4 9.520531e+03 9.535415e+03 9.559079e+03 9.544195e+03
5.4 9.531708e+03 9.544343e+03 9.564071e+03 9.551436e+03
6.4 9.559462e+03 9.563744e+03 9.565299e+03 9.561017e+03
7.4 9.578733e+03 9.561415e+03 9.563986e+03 9.581304e+03
8.4 9.577318e+03 9.563982e+03 9.562562e+03 9.575898e+03
9.4 9.572046e+03 9.563371e+03 9.561627e+03 9.570302e+03
10.4 9.582992e+03 9.570567e+03 9.561112e+03 9.573538e+03
11.4 9.558794e+03 9.539989e+03 9.560900e+03 9.579705e+03
12.4 9.552732e+03 9.540057e+03 9.560877e+03 9.573552e+03
13.4 9.556130e+03 9.559768e+03 9.560935e+03 9.557296e+03
14.4 9.557041e+03 9.564789e+03 9.561003e+03 9.553255e+03
15.4 9.579329e+03 9.585978e+03 9.561050e+03 9.554401e+03
16.4 9.599194e+03 9.566987e+03 9.561076e+03 9.593283e+03
17.4 9.594840e+03 9.589984e+03 9.561085e+03 9.565941e+03
0.5 9.555909e+03 9.536214e+03 9.556040e+03 9.575734e+03
1.5 9.546295e+03 9.535051e+03 9.554565e+03 9.565809e+03
2.5 9.542854e+03 9.549095e+03 9.555266e+03 9.549025e+03
3.5 9.520531e+03 9.535415e+03 9.559079e+03 9.544195e+03
4.5 9.531708e+03 9.544343e+03 9.564071e+03 9.551436e+03
5.5 9.559462e+03 9.563744e+03 9.565299e+03 9.561017e+03
6.5 9.578733e+03 9.561415e+03 9.563986e+03 9.581304e+03
7.5 9.577318e+03 9.563982e+03 9.562562e+03 9.575898e+03
8.5 9.572046e+03 9.563371e+03 9.561627e+03 9.570302e+03
9.5 9.582992e+03 9.570567e+03 9.561112e+03 9.573538e+03
10.5 9.558794e+03 9.539989e+03 9.560900e+03 9.579705e+03
11.5 9.552732e+03 9.540057e+03 9.560877e+03 9.573552e+03
12.5 9.556130e+03 9.559768e+03 9.560935e+03 9.557296e+03
13.5 9.557041e+03 9.564789e+03 9.561003e+03 9.553255e+03
14.5 9.579329e+03 9.585978e+03 9.561050e+03 9.554401e+03
15.5 9.599194e+03 9.566987e+03 9.561076e+03 9.593283e+03
16.5 9.594840e+03 9.589984e+03 9.561085e+03 9.565941e+03
17.5 9.583304e+03 9.573739e+03 9.561085e+03 9.570650e+03
0.2 9.546295e+03 9.535051e+03 9.554565e+03 9.565809e+03
1.2 9.542854e+03 9.549095e+03 9.555266e+03 9.549025e+03
2.2 9.520531e+03 9.535415e+03 9.559079e+03 9.544195e+03
3.2 9.531708e+03 9.544343e+03 9.564071e+03 9.551436e+03
4.2 9.559462e+03 9.563744e+03 9.565299e+03 9.561017e+03
5.2 9.578733e+03 9.561415e+03 9.563986e+03 9.581304e+03
6.2 9.577318e+03 9.563982e+03 9.562562e+03 9.575898e+03
7.2 9.572046e+03 9.563371e+03 9.561627e+03 9.570302e+03
8.2 9.582992e+03 9.570567e+03 9.561112e+03 9.573538e+03
9.2 9.558794e+03 9.539989e+03 9.560900e+03 9.579705e+03
10.2 9.552732e+03 9.540057e+03 9.560877e+03 9.573552e+03
11.2 9.556130e+03 9.559768e+03 9.560935e+03 9.557296e+03
12.2 9.557041e+03 9.564789e+03 9.561003e+03 9.553255e+03
13.2 9.579329e+03 9.585978e+03 9.561050e+03 9.554401e+03
14.2 9.599194e+03 9.566987e+03 9.561076e+03 9.593283e+03
15.2 9.594840e+03 9.589984e+03 9.561085e+03 9.565941e+03
16.2 9.583304e+03 9.573739e+03 9.561085e+03 9.570650e+03
17.2 9.579828e+03 9.569286e+03 9.561081e+03 9.571623e+03
0.6 9.452940e+03 9.513336e+03 9.557459e+03 9.497062e+03
1.6 9.450194e+03 9.508244e+03 9.557363e+03 9.499314e+03
2.6 9.489772e+03 9.525888e+03 9.555874e+03 9.519757e+03
3.6 9.508959e+03 9.514755e+03 9.555893e+03 9.550097e+03
4.6 9.572599e+03 9.515622e+03 9.558465e+03 9.615442e+03
5.6 9.571566e+03 9.531727e+03 9.561079e+03 9.600918e+03
6.6 9.536082e+03 9.534158e+03 9.565509e+03 9.567434e+03
7.6 9.542624e+03 9.541852e+03 9.568142e+03 9.568914e+03
8.6 9.538878e+03 9.555056e+03 9.566304e+03 9.550125e+03
9.6 9.555101e+03 9.558982e+03 9.563661e+03 9.559780e+03
10.6 9.597155e+03 9.564822e+03 9.561919e+03 9.594251e+03
11.6 9.580572e+03 9.565703e+03 9.561023e+03 9.575892e+03
12.6 9.581966e+03 9.577527e+03 9.560674e+03 9.565113e+03
13.6 9.597101e+03 9.581345e+03 9.560644e+03 9.576400e+03
14.6 9.583120e+03 9.591638e+03 9.560754e+03 9.552235e+03
15.6 9.534492e+03 9.557452e+03 9.560885e+03 9.537924e+03
16.6 9.513276e+03 9.559288e+03 9.560982e+03 9.514970e+03
17.6 9.542557e+03 9.559777e+03 9.561039e+03 9.543818e+03
0.3 9.450194e+03 9.508244e+03 9.557363e+03 9.499314e+03
1.3 9.489772e+03 9.525888e+03 9.555874e+03 9.519757e+03
2.3 9.508959e+03 9.514755e+03 9.555893e+03 9.550097e+03
3.3 9.572599e+03 9.515622e+03 9.558465e+03 9.615442e+03
4.3 9.571566e+03 9.531727e+03 9.561079e+03 9.600918e+03
5.3 9.536082e+03 9.534158e+03 9.565509e+03 9.567434e+03
6.3 9.542624e+03 9.541852e+03 9.568142e+03 9.568914e+03
7.3 9.538878e+03 9.555056e+03 9.566304e+03 9.550125e+03
8.3 9.555101e+03 9.558982e+03 9.563661e+03 9.559780e+03
9.3 9.597155e+03 9.564822e+03 9.561919e+03 9.594251e+03
10.3 9.580572e+03 9.565703e+03 9.561023e+03 9.575892e+03
11.3 9.581966e+03 9.577527e+03 9.560674e+03 9.565113e+03
12.3 9.597101e+03 9.581345e+03 9.560644e+03 9.576400e+03
13.3 9.583120e+03 9.591638e+03 9.560754e+03 9.552235e+03
14.3 9.534492e+03 9.557452e+03 9.560885e+03 9.537924e+03
15.3 9.513276e+03 9.559288e+03 9.560982e+03 9.514970e+03
16.3 9.542557e+03 9.559777e+03 9.561039e+03 9.543818e+03
17.3 9.575174e+03 9.560652e+03 9.561065e+03 9.575587e+03
0.5 9.489772e+03 9.525888e+03 9.555874e+03 9.519757e+03
1.5 9.508959e+03 9.514755e+03 9.555893e+03 9.550097e+03
2.5 9.572599e+03 9.515622e+03 9.558465e+03 9.615442e+03
3.5 9.571566e+03 9.531727e+03 9.561079e+03 9.600918e+03
4.5 9.536082e+03 9.534158e+03 9.565509e+03 9.567434e+03
5.5 9.542624e+03 9.541852e+03 9.568142e+03 9.568914e+03
6.5 9.538878e+03 9.555056e+03 9.566304e+03 9.550125e+03
7.5 9.555101e+03 9.558982e+03 9.563661e+03 9.559780e+03
8.5 9.597155e+03 9.564822e+03 9.561919e+03 9.594251e+03
9.5 9.580572e+03 9.565703e+03 9.561023e+03 9.575892e+03
10.5 9.581966e+03 9.577527e+03 9.560674e+03 9.565113e+03
11.5 9.597101e+03 9.581345e+03 9.560644e+03 9.576400e+03
12.5 9.583120e+03 9.591638e+03 9.560754e+03 9.552235e+03
13.5 9.534492e+03 9.557452e+03 9.560885e+03 9.537924e+03
14.5 9.513276e+03 9.559288e+03 9.560982e+03 9.514970e+03
15.5 9.542557e+03 9.559777e+03 9.561039e+03 9.543818e+03
16.5 9.575174e+03 9.560652e+03 9.561065e+03 9.575587e+03
17.5 9.565981e+03 9.573765e+03 9.561076e+03 9.553292e+03
0.7 9.572599e+03 9.515622e+03 9.558465e+03 9.615442e+03
1.7 9.571566e+03 9.531727e+03 9.561079e+03 9.600918e+03
2.7 9.536082e+03 9.534158e+03 9.565509e+03 9.567434e+03
3.7 9.542624e+03 9.541852e+03 9.568142e+03 9.568914e+03
4.7 9.538878e+03 9.555056e+03 9.566304e+03 9.550125e+03
5.7 9.555101e+03 9.558982e+03 9.563661e+03 9.559780e+03
6.7 9.597155e+03 9.564822e+03 9.561919e+03 9.594251e+03
7.7 9.580572e+03 9.565703e+03 9.561023e+03 9.575892e+03
8.7 9.581966e+03 9.577527e+03 9.560674e+03 9.565113e+03
9.7 9.597101e+03 9.581345e+03 9.560644e+03 9.576400e+03
10.7 9.583120e+03 9.591638e+03 9.560754e+03 9.552235e+03
11.7 9.534492e+03 9.557452e+03 9.560885e+03 9.537924e+03
12.7 9.513276e+03 9.559288e+03 9.560982e+03 9.514970e+03
13.7 9.542557e+03 9.559777e+03 9.561039e+03 9.543818e+03
14.7 9.575174e+03 9.560652e+03 9.561065e+03 9.575587e+03
15.7 9.565981e+03 9.573765e+03 9.561076e+03 9.553292e+03
16.7 9.534698e+03 9.541238e+03 9.561079e+03 9.554540e+03
17.7 9.514744e+03 9.550285e+03 9.561080e+03 9.525539e+03
0.6 9.557238e+03 9.552690e+03 9.555901e+03 9.560450e+03
1.6 9.558009e+03 9.557799e+03 9.554897e+03 9.555107e+03
2.6 9.526067e+03 9.535080e+03 9.554551e+03 9.545539e+03
3.6 9.512399e+03 9.527911e+03 9.556447e+03 9.540934e+03
4.6 9.541425e+03 9.532563e+03 9.561969e+03 9.570831e+03
5.6 9.564029e+03 9.554772e+03 9.566637e+03 9.575895e+03
6.6 9.549371e+03 9.550950e+03 9.566313e+03 9.564734e+03
7.6 9.555345e+03 9.540782e+03 9.564150e+03 9.578713e+03
8.6 9.543771e+03 9.553467e+03 9.562432e+03 9.552735e+03
9.6 9.520865e+03 9.535602e+03 9.561421e+03 9.546684e+03
10.6 9.520968e+03 9.544689e+03 9.560929e+03 9.537209e+03
11.6 9.554498e+03 9.563883e+03 9.560782e+03 9.551397e+03
12.6 9.576707e+03 9.561492e+03 9.560822e+03 9.576037e+03
13.6 9.551296e+03 9.559725e+03 9.560921e+03 9.552492e+03
14.6 9.527274e+03 9.539400e+03 9.561008e+03 9.548882e+03
15.6 9.516900e+03 9.520896e+03 9.561065e+03 9.557069e+03
16.6 9.533645e+03 9.543763e+03 9.561094e+03 9.550976e+03
17.6 9.587576e+03 9.549265e+03 9.561107e+03 9.599418e+03
0.6 9.558009e+03 9.557799e+03 9.554897e+03 9.555107e+03
1.6 9.526067e+03 9.535080e+03 9.554551e+03 9.545539e+03
2.6 9.512399e+03 9.527911e+03 9.556447e+03 9.540934e+03
3.6 9.541425e+03 9.532563e+03 9.561969e+03 9.570831e+03
4.6 9.564029e+03 9.554772e+03 9.566637e+03 9.575895e+03
5.6 9.549371e+03 9.550950e+03 9.566313e+03 9.564734e+03
6.6 9.555345e+03 9.540782e+03 9.564150e+03 9.578713e+03
7.6 9.543771e+03 9.553467e+03 9.562432e+03 9.552735e+03
8.6 9.520865e+03 9.535602e+03 9.561421e+03 9.546684e+03
9.6 9.520968e+03 9.544689e+03 9.560929e+03 9.537209e+03
10.6 9.554498e+03 9.563883e+03 9.560782e+03 9.551397e+03
11.6 9.576707e+03 9.561492e+03 9.560822e+03 9.576037e+03
12.6 9.551296e+03 9.559725e+03 9.560921e+03 9.552492e+03
13.6 9.527274e+03 9.539400e+03 9.561008e+03 9.548882e+03
14.6 9.516900e+03 9.520896e+03 9.561065e+03 9.557069e+03
15.6 9.533645e+03 9.543763e+03 9.561094e+03 9.550976e+03
16.6 9.587576e+03 9.549265e+03 9.561107e+03 9.599418e+03
17.6 9.573767e+03 9.551310e+03 9.561111e+03 9.583568e+03
0.5 9.526067e+03 9.535080e+03 9.554551e+03 9.545539e+03
1.5 9.512399e+03 9.527911e+03 9.556447e+03 9.540934e+03
2.5 9.541425e+03 9.532563e+03 9.561969e+03 9.570831e+03
3.5 9.564029e+03 9.554772e+03 9.566637e+03 9.575895e+03
4.5 9.549371e+03 9.550950e+03 9.566313e+03 9.564734e+03
5.5 9.555345e+03 9.540782e+03 9.564150e+03 9.578713e+03
6.5 9.543771e+03 9.553467e+03 9.562432e+03 9.552735e+03
7.5 9.520865e+03 9.535602e+03 9.561421e+03 9.546684e+03
8.5 9.520968e+03 9.544689e+03 9.560929e+03 9.537209e+03
9.5 9.554498e+03 9.563883e+03 9.560782e+03 9.551397e+03
10.5 9.576707e+03 9.561492e+03 9.560822e+03 9.576037e+03
11.5 9.551296e+03 9.559725e+03 9.560921e+03 9.552492e+03
12.5 9.527274e+03 9.539400e+03 9.561008e+03 9.548882e+03
13.5 9.516900e+03 9.520896e+03 9.561065e+03 9.557069e+03
14.5 9.533645e+03 9.543763e+03 9.561094e+03 9.550976e+03
15.5 9.587576e+03 9.549265e+03 9.561107e+03 9.599418e+03
16.5 9.573767e+03 9.551310e+03 9.561111e+03 9.583568e+03
17.5 9.548755e+03 9.557139e+03 9.561110e+03 9.552726e+03
0.4 9.557654e+03 9.592529e+03 9.558188e+03 9.523313e+03
1.4 9.564982e+03 9.563937e+03 9.558351e+03 9.559396e+03
2.4 9.531463e+03 9.545922e+03 9.557946e+03 9.543488e+03
3.4 9.528520e+03 9.540037e+03 9.557834e+03 9.546318e+03
4.4 9.514557e+03 9.528227e+03 9.559061e+03 9.545390e+03
5.4 9.518499e+03 9.522173e+03 9.559122e+03 9.555448e+03
6.4 9.505143e+03 9.512286e+03 9.556249e+03 9.549107e+03
7.4 9.528859e+03 9.503933e+03 9.557897e+03 9.582823e+03
8.4 9.518117e+03 9.549010e+03 9.566282e+03 9.535389e+03
9.4 9.557000e+03 9.556236e+03 9.570946e+03 9.571710e+03
10.4 9.574195e+03 9.576675e+03 9.568509e+03 9.566029e+03
11.4 9.571125e+03 9.557689e+03 9.565641e+03 9.579078e+03
12.4 9.564652e+03 9.556226e+03 9.564866e+03 9.573292e+03
13.4 9.575164e+03 9.571412e+03 9.562837e+03 9.566589e+03
14.4 9.562099e+03 9.565692e+03 9.559063e+03 9.555470e+03
15.4 9.549735e+03 9.571105e+03 9.557107e+03 9.535737e+03
16.4 9.537795e+03 9.548657e+03 9.556872e+03 9.546010e+03
17.4 9.566510e+03 9.556581e+03 9.558841e+03 9.568771e+03
0.2 9.564982e+03 9.563937e+03 9.558351e+03 9.559396e+03
1.2 9.531463e+03 9.545922e+03 9.557946e+03 9.543488e+03
2.2 9.528520e+03 9.540037e+03 9.557834e+03 9.546318e+03
3.2 9.514557e+03 9.528227e+03 9.559061e+03 9.545390e+03
4.2 9.518499e+03 9.522173e+03 9.559122e+03 9.555448e+03
5.2 9.505143e+03 9.512286e+03 9.556249e+03 9.549107e+03
6.2 9.528859e+03 9.503933e+03 9.557897e+03 9.582823e+03
7.2 9.518117e+03 9.549010e+03 9.566282e+03 9.535389e+03
8.2 9.557000e+03 9.556236e+03 9.570946e+03 9.571710e+03
9.2 9.574195e+03 9.576675e+03 9.568509e+03 9.566029e+03
10.2 9.571125e+03 9.557689e+03 9.565641e+03 9.579078e+03
11.2 9.564652e+03 9.556226e+03 9.564866e+03 9.573292e+03
12.2 9.575164e+03 9.571412e+03 9.562837e+03 9.566589e+03
13.2 9.562099e+03 9.565692e+03 9.559063e+03 9.555470e+03
14.2 9.549735e+03 9.571105e+03 9.557107e+03 9.535737e+03
15.2 9.537795e+03 9.548657e+03 9.556872e+03 9.546010e+03
16.2 9.566510e+03 9.556581e+03 9.558841e+03 9.568771e+03
17.2 9.563889e+03 9.564880e+03 9.561958e+03 9.560967e+03
0.7 9.528520e+03 9.540037e+03 9.557834e+03 9.546318e+03
1.7 9.514557e+03 9.528227e+03 9.559061e+03 9.545390e+03
2.7 9.518499e+03 9.522173e+03 9.559122e+03 9.555448e+03
3.7 9.505143e+03 9.512286e+03 9.556249e+03 9.549107e+03
4.7 9.528859e+03 9.503933e+03 9.557897e+03 9.582823e+03
5.7 9.518117e+03 9.549010e+03 9.566282e+03 9.535389e+03
6.7 9.557000e+03 9.556236e+03 9.570946e+03 9.571710e+03
7.7 9.574195e+03 9.576675e+03 9.568509e+03 9.566029e+03
8.7 9.571125e+03 9.557689e+03 9.565641e+03 9.579078e+03
9.7 9.564652e+03 9.556226e+03 9.564866e+03 9.573292e+03
10.7 9.575164e+03 9.571412e+03 9.562837e+03 9.566589e+03
11.7 9.562099e+03 9.565692e+03 9.559063e+03 9.555470e+03
12.7 9.549735e+03 9.571105e+03 9.557107e+03 9.535737e+03
13.7 9.537795e+03 9.548657e+03 9.556872e+03 9.546010e+03
14.7 9.566510e+03 9.556581e+03 9.558841e+03 9.568771e+03
15.7 9.563889e+03 9.564880e+03 9.561958e+03 9.560967e+03
16.7 9.548281e+03 9.565503e+03 9.562965e+03 9.545743e+03
17.7 9.561193e+03 9.563091e+03 9.564115e+03 9.562216e+03
0.9 9.518499e+03 9.522173e+03 9.559122e+03 9.555448e+03
1.9 9.505143e+03 9.512286e+03 9.556249e+03 9.549107e+03
2.9 9.528859e+03 9.503933e+03 9.557897e+03 9.582823e+03
3.9 9.518117e+03 9.549010e+03 9.566282e+03 9.535389e+03
4.9 9.557000e+03 9.556236e+03 9.570946e+03 9.571710e+03
5.9 9.574195e+03 9.576675e+03 9.568509e+03 9.566029e+03
6.9 9.571125e+03 9.557689e+03 9.565641e+03 9.579078e+03
7.9 9.564652e+03 9.556226e+03 9.564866e+03 9.573292e+03
8.9 9.575164e+03 9.571412e+03 9.562837e+03 9.566589e+03
9.9 9.562099e+03 9.565692e+03 9.559063e+03 9.555470e+03
10.9 9.549735e+03 9.571105e+03 9.557107e+03 9.535737e+03
11.9 9.537795e+03 9.548657e+03 9.556872e+03 9.546010e+03
12.9 9.566510e+03 9.556581e+03 9.558841e+03 9.568771e+03
13.9 9.563889e+03 9.564880e+03 9.561958e+03 9.560967e+03
14.9 9.548281e+03 9.565503e+03 9.562965e+03 9.545743e+03
15.9 9.561193e+03 9.563091e+03 9.564115e+03 9.562216e+03
16.9 9.583106e+03 9.548147e+03 9.565637e+03 9.600597e+03
17.9 9.568741e+03 9.568186e+03 9.563279e+03 9.563833e+03
0.7 9.505143e+03 9.512286e+03 9.556249e+03 9.549107e+03
1.7 9.528859e+03 9.503933e+03 9.557897e+03 9.582823e+03
2.7 9.518117e+03 9.549010e+03 9.566282e+03 9.535389e+03
3.7 9.557000e+03 9.556236e+03 9.570946e+03 9.571710e+03
4.7 9.574195e+03 9.576675e+03 9.568509e+03 9.566029e+03
5.7 9.571125e+03 9.557689e+03 9.565641e+03 9.579078e+03
6.7 9.564652e+03 9.556226e+03 9.564866e+03 9.573292e+03
7.7 9.575164e+03 9.571412e+03 9.562837e+03 9.566589e+03
8.7 9.562099e+03 9.565692e+03 9.559063e+03 9.555470e+03
9.7 9.549735e+03 9.571105e+03 9.557107e+03 9.535737e+03
10.7 9.537795e+03 9.548657e+03 9.556872e+03 9.546010e+03
11.7 9.566510e+03 9.556581e+03 9.558841e+03 9.568771e+03
12.7 9.563889e+03 9.564880e+03 9.561958e+03 9.560967e+03
13.7 9.548281e+03 9.565503e+03 9.562965e+03 9.545743e+03
14.7 9.561193e+03 9.563091e+03 9.564115e+03 9.562216e+03
15.7 9.583106e+03 9.548147e+03 9.565637e+03 9.600597e+03
16.7 9.568741e+03 9.568186e+03 9.563279e+03 9.563833e+03
17.7 9.576587e+03 9.573105e+03 9.558845e+03 9.562327e+03
0.9 9.562099e+03 9.565692e+03 9.559063e+03 9.555470e+03
1.9 9.549735e+03 9.571105e+03 9.557107e+03 9.535737e+03
2.9 9.537795e+03 9.548657e+03 9.556872e+03 9.546010e+03
3.9 9.566510e+03 9.556581e+03 9.558841e+03 9.568771e+03
4.9 9.563889e+03 9.564880e+03 9.561958e+03 9.560967e+03
5.9 9.548281e+03 9.565503e+03 9.562965e+03 9.545743e+03
6.9 9.561193e+03 9.563091e+03 9.564115e+03 9.562216e+03
7.9 9.583106e+03 9.548147e+03 9.565637e+03 9.600597e+03
8.9 9.568741e+03 9.568186e+03 9.563279e+03 9.563833e+03
9.9 9.576587e+03 9.573105e+03 9.558845e+03 9.562327e+03
10.9 9.555889e+03 9.560422e+03 9.556026e+03 9.551493e+03
11.9 9.569321e+03 9.542213e+03 9.555196e+03 9.582304e+03
12.9 9.566927e+03 9.575429e+03 9.558400e+03 9.549899e+03
13.9 9.566521e+03 9.574188e+03 9.562833e+03 9.555167e+03
14.9 9.553364e+03 9.564743e+03 9.563971e+03 9.552591e+03
15.9 9.561122e+03 9.542230e+03 9.563114e+03 9.582006e+03
16.9 9.553267e+03 9.555432e+03 9.562141e+03 9.559976e+03
17.9 9.528298e+03 9.539502e+03 9.561477e+03 9.550273e+03
0.3 9.549735e+03 9.571105e+03 9.557107e+03 9.535737e+03
1.3 9.537795e+03 9.548657e+03 9.556872e+03 9.546010e+03
2.3 9.566510e+03 9.556581e+03 9.558841e+03 9.568771e+03
3.3 9.563889e+03 9.564880e+03 9.561958e+03 9.560967e+03
4.3 9.548281e+03 9.565503e+03 9.562965e+03 9.545743e+03
5.3 9.561193e+03 9.563091e+03 9.564115e+03 9.562216e+03
6.3 9.583106e+03 9.548147e+03 9.565637e+03 9.600597e+03
7.3 9.568741e+03 9.568186e+03 9.563279e+03 9.563833e+03
8.3 9.576587e+03 9.573105e+03 9.558845e+03 9.562327e+03
9.3 9.555889e+03 9.560422e+03 9.556026e+03 9.551493e+03
10.3 9.569321e+03 9.542213e+03 9.555196e+03 9.582304e+03
11.3 9.566927e+03 9.575429e+03 9.558400e+03 9.549899e+03
12.3 9.566521e+03 9.574188e+03 9.562833e+03 9.555167e+03
13.3 9.553364e+03 9.564743e+03 9.563971e+03 9.552591e+03
14.3 9.561122e+03 9.542230e+03 9.563114e+03 9.582006e+03
15.3 9.553267e+03 9.555432e+03 9.562141e+03 9.559976e+03
16.3 9.528298e+03 9.539502e+03 9.561477e+03 9.550273e+03
17.3 9.544822e+03 9.550082e+03 9.561090e+03 9.555829e+03
0.2 9.576587e+03 9.573105e+03 9.558845e+03 9.562327e+03
1.2 9.555889e+03 9.560422e+03 9.556026e+03 9.551493e+03
2.2 9.569321e+03 9.542213e+03 9.555196e+03 9.582304e+03
3.2 9.566927e+03 9.575429e+03 9.558400e+03 9.549899e+03
4.2 9.566521e+03 9.574188e+03 9.562833e+03 9.555167e+03
5.2 9.553364e+03 9.564743e+03 9.563971e+03 9.552591e+03
6.2 9.561122e+03 9.542230e+03 9.563114e+03 9.582006e+03
7.2 9.553267e+03 9.555432e+03 9.562141e+03 9.559976e+03
8.2 9.528298e+03 9.539502e+03 9.561477e+03 9.550273e+03
9.2 9.544822e+03 9.550082e+03 9.561090e+03 9.555829e+03
10.2 9.518998e+03 9.548398e+03 9.560922e+03 9.531523e+03
11.2 9.538910e+03 9.550949e+03 9.560901e+03 9.548862e+03
12.2 9.569668e+03 9.564496e+03 9.560946e+03 9.566119e+03
13.2 9.554633e+03 9.545757e+03 9.561003e+03 9.569879e+03
14.2 9.550251e+03 9.549810e+03 9.561046e+03 9.561487e+03
15.2 9.559457e+03 9.570390e+03 9.561074e+03 9.550140e+03
16.2 9.586180e+03 9.584730e+03 9.561091e+03 9.562540e+03
17.2 9.587616e+03 9.585096e+03 9.561104e+03 9.563623e+03
0.2 9.555889e+03 9.560422e+03 9.556026e+03 9.551493e+03
1.2 9.569321e+03 9.542213e+03 9.555196e+03 9.582304e+03
2.2 9.566927e+03 9.575429e+03 9.558400e+03 9.549899e+03
3.2 9.566521e+03 9.574188e+03 9.562833e+03 9.555167e+03
4.2 9.553364e+03 9.564743e+03 9.563971e+03 9.552591e+03
5.2 9.561122e+03 9.542230e+03 9.563114e+03 9.582006e+03
6.2 9.553267e+03 9.555432e+03 9.562141e+03 9.559976e+03
7.2 9.528298e+03 9.539502e+03 9.561477e+03 9.550273e+03
8.2 9.544822e+03 9.550082e+03 9.561090e+03 9.555829e+03
9.2 9.518998e+03 9.548398e+03 9.560922e+03 9.531523e+03
10.2 9.538910e+03 9.550949e+03 9.560901e+03 9.548862e+03
11.2 9.569668e+03 9.564496e+03 9.560946e+03 9.566119e+03
12.2 9.554633e+03 9.545757e+03 9.561003e+03 9.569879e+03
13.2 9.550251e+03 9.549810e+03 9.561046e+03 9.561487e+03
14.2 9.559457e+03 9.570390e+03 9.561074e+03 9.550140e+03
15.2 9.586180e+03 9.584730e+03 9.561091e+03 9.562540e+03
16.2 9.587616e+03 9.585096e+03 9.561104e+03 9.563623e+03
17.2 9.561501e+03 9.572120e+03 9.561115e+03 9.550496e+03
