0.5 1.091895e+04 1.090109e+04 1.088935e+04 1.090722e+04
1.5 1.093516e+04 1.089659e+04 1.089377e+04 1.093234e+04
2.5 1.090935e+04 1.089679e+04 1.090973e+04 1.092228e+04
3.5 1.092504e+04 1.091829e+04 1.092629e+04 1.093303e+04
4.5 1.095567e+04 1.091310e+04 1.093119e+04 1.097376e+04
5.5 1.092753e+04 1.089520e+04 1.091844e+04 1.095077e+04
6.5 1.094587e+04 1.090583e+04 1.090171e+04 1.094174e+04
7.5 1.091245e+04 1.088286e+04 1.089067e+04 1.092026e+04
8.5 1.089356e+04 1.088316e+04 1.088545e+04 1.089585e+04
9.5 1.090016e+04 1.088461e+04 1.088387e+04 1.089943e+04
10.5 1.090617e+04 1.089541e+04 1.088420e+04 1.089497e+04
11.5 1.091448e+04 1.090715e+04 1.088524e+04 1.089256e+04
12.5 1.091584e+04 1.091343e+04 1.088627e+04 1.088868e+04
13.5 1.091447e+04 1.091419e+04 1.088703e+04 1.088731e+04
14.5 1.091940e+04 1.092094e+04 1.089201e+04 1.089048e+04
15.5 1.087762e+04 1.091956e+04 1.090832e+04 1.086638e+04
16.5 1.093679e+04 1.092125e+04 1.092508e+04 1.094062e+04
17.5 1.088407e+04 1.092639e+04 1.093012e+04 1.088780e+04
18.5 1.091772e+04 1.091218e+04 1.091748e+04 1.092302e+04
19.5 1.089981e+04 1.089388e+04 1.090084e+04 1.090678e+04
20.5 1.089597e+04 1.088579e+04 1.088989e+04 1.090007e+04
0.5 1.091447e+04 1.091419e+04 1.088703e+04 1.088731e+04
1.5 1.091940e+04 1.092094e+04 1.089201e+04 1.089048e+04
2.5 1.087762e+04 1.091956e+04 1.090832e+04 1.086638e+04
3.5 1.093679e+04 1.092125e+04 1.092508e+04 1.094062e+04
4.5 1.088407e+04 1.092639e+04 1.093012e+04 1.088780e+04
5.5 1.091772e+04 1.091218e+04 1.091748e+04 1.092302e+04
6.5 1.089981e+04 1.089388e+04 1.090084e+04 1.090678e+04
7.5 1.089597e+04 1.088579e+04 1.088989e+04 1.090007e+04
8.5 1.087810e+04 1.088611e+04 1.088476e+04 1.087675e+04
9.5 1.086499e+04 1.088678e+04 1.088326e+04 1.086147e+04
10.5 1.089400e+04 1.090102e+04 1.088367e+04 1.087665e+04
11.5 1.088728e+04 1.090625e+04 1.088478e+04 1.086581e+04
12.5 1.090426e+04 1.091027e+04 1.088588e+04 1.087987e+04
13.5 1.090631e+04 1.091290e+04 1.088668e+04 1.088009e+04
14.5 1.090111e+04 1.091656e+04 1.088719e+04 1.087174e+04
15.5 1.091272e+04 1.090396e+04 1.089202e+04 1.090078e+04
16.5 1.089210e+04 1.090131e+04 1.090825e+04 1.089903e+04
17.5 1.091342e+04 1.091853e+04 1.092501e+04 1.091990e+04
18.5 1.092482e+04 1.092652e+04 1.093008e+04 1.092838e+04
19.5 1.089271e+04 1.091040e+04 1.091748e+04 1.089978e+04
20.5 1.088733e+04 1.089400e+04 1.090089e+04 1.089422e+04
0.5 1.090111e+04 1.091656e+04 1.088719e+04 1.087174e+04
1.5 1.091272e+04 1.090396e+04 1.089202e+04 1.090078e+04
2.5 1.089210e+04 1.090131e+04 1.090825e+04 1.089903e+04
3.5 1.091342e+04 1.091853e+04 1.092501e+04 1.091990e+04
4.5 1.092482e+04 1.092652e+04 1.093008e+04 1.092838e+04
5.5 1.089271e+04 1.091040e+04 1.091748e+04 1.089978e+04
6.5 1.088733e+04 1.089400e+04 1.090089e+04 1.089422e+04
7.5 1.086042e+04 1.088803e+04 1.088999e+04 1.086238e+04
8.5 1.086495e+04 1.088023e+04 1.088490e+04 1.086962e+04
9.5 1.087887e+04 1.087624e+04 1.088344e+04 1.088607e+04
10.5 1.088867e+04 1.087929e+04 1.088388e+04 1.089326e+04
11.5 1.087140e+04 1.087867e+04 1.088503e+04 1.087776e+04
12.5 1.086920e+04 1.087232e+04 1.088616e+04 1.088304e+04
13.5 1.087637e+04 1.087522e+04 1.088698e+04 1.088813e+04
14.5 1.086116e+04 1.086366e+04 1.088749e+04 1.088499e+04
15.5 1.088616e+04 1.087506e+04 1.088776e+04 1.089886e+04
16.5 1.090811e+04 1.087725e+04 1.088791e+04 1.091877e+04
17.5 1.094905e+04 1.087771e+04 1.088799e+04 1.095933e+04
18.5 1.099381e+04 1.086981e+04 1.088805e+04 1.101204e+04
19.5 1.083871e+04 1.083897e+04 1.088809e+04 1.088783e+04
20.5 1.082353e+04 1.083381e+04 1.088813e+04 1.087785e+04
0.5 1.088652e+04 1.090968e+04 1.088860e+04 1.086544e+04
1.5 1.090561e+04 1.089775e+04 1.089322e+04 1.090108e+04
2.5 1.090817e+04 1.090844e+04 1.090939e+04 1.090911e+04
3.5 1.092574e+04 1.091776e+04 1.092614e+04 1.093412e+04
4.5 1.093774e+04 1.091910e+04 1.093123e+04 1.094987e+04
5.5 1.090842e+04 1.090761e+04 1.091867e+04 1.091948e+04
6.5 1.088269e+04 1.089914e+04 1.090212e+04 1.088566e+04
7.5 1.090454e+04 1.089392e+04 1.089125e+04 1.090187e+04
8.5 1.090037e+04 1.088976e+04 1.088620e+04 1.089682e+04
9.5 1.091218e+04 1.089212e+04 1.088479e+04 1.090486e+04
10.5 1.092068e+04 1.089647e+04 1.088528e+04 1.090949e+04
11.5 1.092983e+04 1.091001e+04 1.088647e+04 1.090630e+04
12.5 1.092409e+04 1.091699e+04 1.088765e+04 1.089475e+04
13.5 1.092037e+04 1.091784e+04 1.088856e+04 1.089109e+04
14.5 1.090970e+04 1.092860e+04 1.089369e+04 1.087479e+04
15.5 1.090984e+04 1.091871e+04 1.091013e+04 1.090125e+04
16.5 1.090999e+04 1.092997e+04 1.092703e+04 1.090706e+04
17.5 1.090192e+04 1.092674e+04 1.093220e+04 1.090738e+04
18.5 1.092908e+04 1.091543e+04 1.091969e+04 1.093334e+04
19.5 1.091160e+04 1.090193e+04 1.090318e+04 1.091284e+04
20.5 1.089170e+04 1.089684e+04 1.089235e+04 1.088721e+04
0.5 1.092037e+04 1.091784e+04 1.088856e+04 1.089109e+04
1.5 1.090970e+04 1.092860e+04 1.089369e+04 1.087479e+04
2.5 1.090984e+04 1.091871e+04 1.091013e+04 1.090125e+04
3.5 1.090999e+04 1.092997e+04 1.092703e+04 1.090706e+04
4.5 1.090192e+04 1.092674e+04 1.093220e+04 1.090738e+04
5.5 1.092908e+04 1.091543e+04 1.091969e+04 1.093334e+04
6.5 1.091160e+04 1.090193e+04 1.090318e+04 1.091284e+04
7.5 1.089170e+04 1.089684e+04 1.089235e+04 1.088721e+04
8.5 1.088348e+04 1.089106e+04 1.088734e+04 1.087977e+04
9.5 1.086646e+04 1.090073e+04 1.088597e+04 1.085170e+04
10.5 1.085233e+04 1.088913e+04 1.088650e+04 1.084970e+04
11.5 1.088115e+04 1.088866e+04 1.088772e+04 1.088021e+04
12.5 1.086802e+04 1.088520e+04 1.088893e+04 1.087175e+04
13.5 1.086844e+04 1.088357e+04 1.088984e+04 1.087470e+04
14.5 1.089874e+04 1.088527e+04 1.089042e+04 1.090389e+04
15.5 1.091480e+04 1.089473e+04 1.089077e+04 1.091084e+04
16.5 1.091011e+04 1.089723e+04 1.089100e+04 1.090387e+04
17.5 1.092177e+04 1.087567e+04 1.089116e+04 1.093726e+04
18.5 1.089000e+04 1.085492e+04 1.089129e+04 1.092637e+04
19.5 1.086751e+04 1.085112e+04 1.089141e+04 1.090780e+04
20.5 1.090820e+04 1.087039e+04 1.089153e+04 1.092934e+04
