0.5 1.074306e+04 1.078369e+04 1.074405e+04 1.070342e+04
1.5 1.071695e+04 1.073318e+04 1.074958e+04 1.073335e+04
2.5 1.064897e+04 1.068626e+04 1.074368e+04 1.070639e+04
3.5 1.070199e+04 1.070062e+04 1.073406e+04 1.073543e+04
4.5 1.066021e+04 1.072196e+04 1.073300e+04 1.067125e+04
5.5 1.075308e+04 1.072302e+04 1.073568e+04 1.076574e+04
6.5 1.072924e+04 1.074909e+04 1.073797e+04 1.071812e+04
7.5 1.076492e+04 1.076504e+04 1.073938e+04 1.073926e+04
8.5 1.083320e+04 1.077671e+04 1.074014e+04 1.079663e+04
9.5 1.076234e+04 1.076270e+04 1.074043e+04 1.074007e+04
10.5 1.076325e+04 1.072603e+04 1.074043e+04 1.077765e+04
11.5 1.076616e+04 1.072720e+04 1.074031e+04 1.077927e+04
12.5 1.077423e+04 1.073363e+04 1.074019e+04 1.078079e+04
13.5 1.068229e+04 1.075683e+04 1.074011e+04 1.066556e+04
14.5 1.074063e+04 1.075848e+04 1.074030e+04 1.072245e+04
15.5 1.074393e+04 1.076700e+04 1.074387e+04 1.072080e+04
16.5 1.080274e+04 1.073597e+04 1.074563e+04 1.081240e+04
17.5 1.077881e+04 1.072202e+04 1.074019e+04 1.079698e+04
0.8 1.074393e+04 1.076700e+04 1.074387e+04 1.072080e+04
1.8 1.080274e+04 1.073597e+04 1.074563e+04 1.081240e+04
2.8 1.077881e+04 1.072202e+04 1.074019e+04 1.079698e+04
3.8 1.077503e+04 1.072716e+04 1.073588e+04 1.078374e+04
4.8 1.068899e+04 1.074324e+04 1.073626e+04 1.068201e+04
5.8 1.069957e+04 1.075045e+04 1.073484e+04 1.068396e+04
6.8 1.075333e+04 1.074359e+04 1.073299e+04 1.074273e+04
7.8 1.078709e+04 1.077747e+04 1.073817e+04 1.074779e+04
8.8 1.072375e+04 1.078732e+04 1.074415e+04 1.068057e+04
9.8 1.076497e+04 1.077581e+04 1.074449e+04 1.073365e+04
10.8 1.082365e+04 1.075614e+04 1.074273e+04 1.081023e+04
11.8 1.069885e+04 1.073727e+04 1.074126e+04 1.070284e+04
12.8 1.067846e+04 1.072189e+04 1.074036e+04 1.069692e+04
13.8 1.079414e+04 1.073491e+04 1.073987e+04 1.079910e+04
14.8 1.069345e+04 1.073429e+04 1.073968e+04 1.069884e+04
15.8 1.077071e+04 1.074141e+04 1.073968e+04 1.076898e+04
16.8 1.073816e+04 1.075308e+04 1.073975e+04 1.072483e+04
17.8 1.070921e+04 1.073054e+04 1.073983e+04 1.071849e+04
0.4 1.083856e+04 1.081027e+04 1.074452e+04 1.077281e+04
1.4 1.076548e+04 1.077777e+04 1.075324e+04 1.074095e+04
2.4 1.070534e+04 1.069906e+04 1.074726e+04 1.075354e+04
3.4 1.067006e+04 1.068239e+04 1.073279e+04 1.072046e+04
4.4 1.063632e+04 1.069299e+04 1.072994e+04 1.067326e+04
5.4 1.075226e+04 1.069147e+04 1.073351e+04 1.079429e+04
6.4 1.070730e+04 1.068153e+04 1.073690e+04 1.076268e+04
7.4 1.077745e+04 1.071274e+04 1.073901e+04 1.080373e+04
8.4 1.083214e+04 1.074941e+04 1.074018e+04 1.082291e+04
9.4 1.080236e+04 1.078266e+04 1.074066e+04 1.076035e+04
10.4 1.075550e+04 1.077337e+04 1.074069e+04 1.072281e+04
11.4 1.078478e+04 1.077019e+04 1.074053e+04 1.075512e+04
12.4 1.069735e+04 1.075430e+04 1.074035e+04 1.068341e+04
13.4 1.071446e+04 1.073833e+04 1.074023e+04 1.071635e+04
14.4 1.068541e+04 1.073732e+04 1.074016e+04 1.068825e+04
15.4 1.070333e+04 1.075416e+04 1.074012e+04 1.068929e+04
16.4 1.077660e+04 1.077855e+04 1.074011e+04 1.073816e+04
17.4 1.073750e+04 1.076807e+04 1.074010e+04 1.070953e+04
0.9 1.075260e+04 1.076674e+04 1.074121e+04 1.072707e+04
1.9 1.076134e+04 1.074783e+04 1.074177e+04 1.075528e+04
2.9 1.076645e+04 1.073661e+04 1.073995e+04 1.076979e+04
3.9 1.071463e+04 1.073038e+04 1.073853e+04 1.072278e+04
4.9 1.074660e+04 1.073075e+04 1.073869e+04 1.075454e+04
5.9 1.074586e+04 1.074482e+04 1.073923e+04 1.074027e+04
6.9 1.074246e+04 1.073790e+04 1.073962e+04 1.074418e+04
7.9 1.069572e+04 1.073594e+04 1.073947e+04 1.069925e+04
8.9 1.079690e+04 1.073437e+04 1.073556e+04 1.079809e+04
9.9 1.068299e+04 1.074083e+04 1.073421e+04 1.067637e+04
10.9 1.067914e+04 1.076495e+04 1.074032e+04 1.065451e+04
11.9 1.075376e+04 1.076110e+04 1.074444e+04 1.073710e+04
12.9 1.075341e+04 1.074761e+04 1.074370e+04 1.074950e+04
13.9 1.072581e+04 1.073654e+04 1.074195e+04 1.073121e+04
14.9 1.075065e+04 1.074230e+04 1.074073e+04 1.074907e+04
15.9 1.081828e+04 1.077593e+04 1.074001e+04 1.078236e+04
16.9 1.084707e+04 1.075011e+04 1.073966e+04 1.083662e+04
17.9 1.071601e+04 1.070609e+04 1.073956e+04 1.074948e+04
0.9 1.082294e+04 1.078931e+04 1.074450e+04 1.077813e+04
1.9 1.068595e+04 1.074759e+04 1.074562e+04 1.068398e+04
2.9 1.076044e+04 1.071821e+04 1.073935e+04 1.078158e+04
3.9 1.070384e+04 1.072001e+04 1.073542e+04 1.071925e+04
4.9 1.076059e+04 1.073891e+04 1.073625e+04 1.075793e+04
5.9 1.074741e+04 1.074294e+04 1.073799e+04 1.074245e+04
6.9 1.077153e+04 1.072916e+04 1.073920e+04 1.078157e+04
7.9 1.070906e+04 1.070568e+04 1.073992e+04 1.074329e+04
8.9 1.064629e+04 1.067731e+04 1.074027e+04 1.070926e+04
9.9 1.067294e+04 1.070860e+04 1.074038e+04 1.070472e+04
10.9 1.073199e+04 1.075889e+04 1.074035e+04 1.071344e+04
11.9 1.078022e+04 1.074794e+04 1.074028e+04 1.077256e+04
12.9 1.074188e+04 1.074467e+04 1.074022e+04 1.073743e+04
13.9 1.069894e+04 1.074322e+04 1.074019e+04 1.069590e+04
14.9 1.063647e+04 1.074672e+04 1.074018e+04 1.062993e+04
15.9 1.069667e+04 1.074316e+04 1.074018e+04 1.069369e+04
16.9 1.079631e+04 1.073681e+04 1.074019e+04 1.079970e+04
17.9 1.077130e+04 1.073195e+04 1.073939e+04 1.077874e+04
