0.7 1.066679e+04 1.066715e+04 1.069264e+04 1.069228e+04
1.7 1.066153e+04 1.067839e+04 1.070217e+04 1.068531e+04
2.7 1.071490e+04 1.068861e+04 1.069976e+04 1.072606e+04
3.7 1.071117e+04 1.069343e+04 1.068396e+04 1.070170e+04
4.7 1.071710e+04 1.070810e+04 1.067123e+04 1.068024e+04
5.7 1.072830e+04 1.071173e+04 1.067211e+04 1.068868e+04
6.7 1.070766e+04 1.070595e+04 1.068049e+04 1.068219e+04
7.7 1.068335e+04 1.068716e+04 1.069685e+04 1.069305e+04
8.7 1.066086e+04 1.067657e+04 1.070620e+04 1.069049e+04
9.7 1.066144e+04 1.067302e+04 1.069641e+04 1.068483e+04
10.7 1.067046e+04 1.066471e+04 1.068674e+04 1.069250e+04
11.7 1.069877e+04 1.068033e+04 1.068621e+04 1.070465e+04
12.7 1.072754e+04 1.070033e+04 1.068060e+04 1.070781e+04
13.7 1.071248e+04 1.071544e+04 1.067089e+04 1.066792e+04
14.7 1.071353e+04 1.071819e+04 1.067094e+04 1.066628e+04
15.7 1.068796e+04 1.070865e+04 1.067834e+04 1.065765e+04
16.7 1.070454e+04 1.069151e+04 1.069234e+04 1.070537e+04
17.7 1.067153e+04 1.067875e+04 1.070510e+04 1.069788e+04
0.4 1.066153e+04 1.067839e+04 1.070217e+04 1.068531e+04
1.4 1.071490e+04 1.068861e+04 1.069976e+04 1.072606e+04
2.4 1.071117e+04 1.069343e+04 1.068396e+04 1.070170e+04
3.4 1.071710e+04 1.070810e+04 1.067123e+04 1.068024e+04
4.4 1.072830e+04 1.071173e+04 1.067211e+04 1.068868e+04
5.4 1.070766e+04 1.070595e+04 1.068049e+04 1.068219e+04
6.4 1.068335e+04 1.068716e+04 1.069685e+04 1.069305e+04
7.4 1.066086e+04 1.067657e+04 1.070620e+04 1.069049e+04
8.4 1.066144e+04 1.067302e+04 1.069641e+04 1.068483e+04
9.4 1.067046e+04 1.066471e+04 1.068674e+04 1.069250e+04
10.4 1.069877e+04 1.068033e+04 1.068621e+04 1.070465e+04
11.4 1.072754e+04 1.070033e+04 1.068060e+04 1.070781e+04
12.4 1.071248e+04 1.071544e+04 1.067089e+04 1.066792e+04
13.4 1.071353e+04 1.071819e+04 1.067094e+04 1.066628e+04
14.4 1.068796e+04 1.070865e+04 1.067834e+04 1.065765e+04
15.4 1.070454e+04 1.069151e+04 1.069234e+04 1.070537e+04
16.4 1.067153e+04 1.067875e+04 1.070510e+04 1.069788e+04
17.4 1.064051e+04 1.066173e+04 1.070296e+04 1.068174e+04
0.2 1.070766e+04 1.070595e+04 1.068049e+04 1.068219e+04
1.2 1.068335e+04 1.068716e+04 1.069685e+04 1.069305e+04
2.2 1.066086e+04 1.067657e+04 1.070620e+04 1.069049e+04
3.2 1.066144e+04 1.067302e+04 1.069641e+04 1.068483e+04
4.2 1.067046e+04 1.066471e+04 1.068674e+04 1.069250e+04
5.2 1.069877e+04 1.068033e+04 1.068621e+04 1.070465e+04
6.2 1.072754e+04 1.070033e+04 1.068060e+04 1.070781e+04
7.2 1.071248e+04 1.071544e+04 1.067089e+04 1.066792e+04
8.2 1.071353e+04 1.071819e+04 1.067094e+04 1.066628e+04
9.2 1.068796e+04 1.070865e+04 1.067834e+04 1.065765e+04
10.2 1.070454e+04 1.069151e+04 1.069234e+04 1.070537e+04
11.2 1.067153e+04 1.067875e+04 1.070510e+04 1.069788e+04
12.2 1.064051e+04 1.066173e+04 1.070296e+04 1.068174e+04
13.2 1.066803e+04 1.064704e+04 1.069318e+04 1.071418e+04
14.2 1.068719e+04 1.066611e+04 1.068456e+04 1.070563e+04
15.2 1.068353e+04 1.068609e+04 1.068277e+04 1.068021e+04
16.2 1.065618e+04 1.068722e+04 1.068659e+04 1.065556e+04
17.2 1.064929e+04 1.070184e+04 1.068603e+04 1.063348e+04
0.2 1.068335e+04 1.068716e+04 1.069685e+04 1.069305e+04
1.2 1.066086e+04 1.067657e+04 1.070620e+04 1.069049e+04
2.2 1.066144e+04 1.067302e+04 1.069641e+04 1.068483e+04
3.2 1.067046e+04 1.066471e+04 1.068674e+04 1.069250e+04
4.2 1.069877e+04 1.068033e+04 1.068621e+04 1.070465e+04
5.2 1.072754e+04 1.070033e+04 1.068060e+04 1.070781e+04
6.2 1.071248e+04 1.071544e+04 1.067089e+04 1.066792e+04
7.2 1.071353e+04 1.071819e+04 1.067094e+04 1.066628e+04
8.2 1.068796e+04 1.070865e+04 1.067834e+04 1.065765e+04
9.2 1.070454e+04 1.069151e+04 1.069234e+04 1.070537e+04
10.2 1.067153e+04 1.067875e+04 1.070510e+04 1.069788e+04
11.2 1.064051e+04 1.066173e+04 1.070296e+04 1.068174e+04
12.2 1.066803e+04 1.064704e+04 1.069318e+04 1.071418e+04
13.2 1.068719e+04 1.066611e+04 1.068456e+04 1.070563e+04
14.2 1.068353e+04 1.068609e+04 1.068277e+04 1.068021e+04
15.2 1.065618e+04 1.068722e+04 1.068659e+04 1.065556e+04
16.2 1.064929e+04 1.070184e+04 1.068603e+04 1.063348e+04
17.2 1.070339e+04 1.070413e+04 1.068542e+04 1.068468e+04
0.6 1.066144e+04 1.067302e+04 1.069641e+04 1.068483e+04
1.6 1.067046e+04 1.066471e+04 1.068674e+04 1.069250e+04
2.6 1.069877e+04 1.068033e+04 1.068621e+04 1.070465e+04
3.6 1.072754e+04 1.070033e+04 1.068060e+04 1.070781e+04
4.6 1.071248e+04 1.071544e+04 1.067089e+04 1.066792e+04
5.6 1.071353e+04 1.071819e+04 1.067094e+04 1.066628e+04
6.6 1.068796e+04 1.070865e+04 1.067834e+04 1.065765e+04
7.6 1.070454e+04 1.069151e+04 1.069234e+04 1.070537e+04
8.6 1.067153e+04 1.067875e+04 1.070510e+04 1.069788e+04
9.6 1.064051e+04 1.066173e+04 1.070296e+04 1.068174e+04
10.6 1.066803e+04 1.064704e+04 1.069318e+04 1.071418e+04
11.6 1.068719e+04 1.066611e+04 1.068456e+04 1.070563e+04
12.6 1.068353e+04 1.068609e+04 1.068277e+04 1.068021e+04
13.6 1.065618e+04 1.068722e+04 1.068659e+04 1.065556e+04
14.6 1.064929e+04 1.070184e+04 1.068603e+04 1.063348e+04
15.6 1.070339e+04 1.070413e+04 1.068542e+04 1.068468e+04
16.6 1.072524e+04 1.072240e+04 1.068062e+04 1.068346e+04
17.6 1.070203e+04 1.071408e+04 1.067275e+04 1.066071e+04
0.1 1.067046e+04 1.066471e+04 1.068674e+04 1.069250e+04
1.1 1.069877e+04 1.068033e+04 1.068621e+04 1.070465e+04
2.1 1.072754e+04 1.070033e+04 1.068060e+04 1.070781e+04
3.1 1.071248e+04 1.071544e+04 1.067089e+04 1.066792e+04
4.1 1.071353e+04 1.071819e+04 1.067094e+04 1.066628e+04
5.1 1.068796e+04 1.070865e+04 1.067834e+04 1.065765e+04
6.1 1.070454e+04 1.069151e+04 1.069234e+04 1.070537e+04
7.1 1.067153e+04 1.067875e+04 1.070510e+04 1.069788e+04
8.1 1.064051e+04 1.066173e+04 1.070296e+04 1.068174e+04
9.1 1.066803e+04 1.064704e+04 1.069318e+04 1.071418e+04
10.1 1.068719e+04 1.066611e+04 1.068456e+04 1.070563e+04
11.1 1.068353e+04 1.068609e+04 1.068277e+04 1.068021e+04
12.1 1.065618e+04 1.068722e+04 1.068659e+04 1.065556e+04
13.1 1.064929e+04 1.070184e+04 1.068603e+04 1.063348e+04
14.1 1.070339e+04 1.070413e+04 1.068542e+04 1.068468e+04
15.1 1.072524e+04 1.072240e+04 1.068062e+04 1.068346e+04
16.1 1.070203e+04 1.071408e+04 1.067275e+04 1.066071e+04
17.1 1.068782e+04 1.071106e+04 1.067439e+04 1.065115e+04
0.9 1.070454e+04 1.069151e+04 1.069234e+04 1.070537e+04
1.9 1.067153e+04 1.067875e+04 1.070510e+04 1.069788e+04
2.9 1.064051e+04 1.066173e+04 1.070296e+04 1.068174e+04
3.9 1.066803e+04 1.064704e+04 1.069318e+04 1.071418e+04
4.9 1.068719e+04 1.066611e+04 1.068456e+04 1.070563e+04
5.9 1.068353e+04 1.068609e+04 1.068277e+04 1.068021e+04
6.9 1.065618e+04 1.068722e+04 1.068659e+04 1.065556e+04
7.9 1.064929e+04 1.070184e+04 1.068603e+04 1.063348e+04
8.9 1.070339e+04 1.070413e+04 1.068542e+04 1.068468e+04
9.9 1.072524e+04 1.072240e+04 1.068062e+04 1.068346e+04
10.9 1.070203e+04 1.071408e+04 1.067275e+04 1.066071e+04
11.9 1.068782e+04 1.071106e+04 1.067439e+04 1.065115e+04
12.9 1.069764e+04 1.070234e+04 1.068045e+04 1.067575e+04
13.9 1.069077e+04 1.069175e+04 1.068498e+04 1.068400e+04
14.9 1.067167e+04 1.068115e+04 1.068735e+04 1.067787e+04
15.9 1.065558e+04 1.068913e+04 1.068829e+04 1.065475e+04
16.9 1.066565e+04 1.067591e+04 1.068861e+04 1.067835e+04
17.9 1.067216e+04 1.067927e+04 1.069517e+04 1.068805e+04
0.7 1.067153e+04 1.067875e+04 1.070510e+04 1.069788e+04
1.7 1.064051e+04 1.066173e+04 1.070296e+04 1.068174e+04
2.7 1.066803e+04 1.064704e+04 1.069318e+04 1.071418e+04
3.7 1.068719e+04 1.066611e+04 1.068456e+04 1.070563e+04
4.7 1.068353e+04 1.068609e+04 1.068277e+04 1.068021e+04
5.7 1.065618e+04 1.068722e+04 1.068659e+04 1.065556e+04
6.7 1.064929e+04 1.070184e+04 1.068603e+04 1.063348e+04
7.7 1.070339e+04 1.070413e+04 1.068542e+04 1.068468e+04
8.7 1.072524e+04 1.072240e+04 1.068062e+04 1.068346e+04
9.7 1.070203e+04 1.071408e+04 1.067275e+04 1.066071e+04
10.7 1.068782e+04 1.071106e+04 1.067439e+04 1.065115e+04
11.7 1.069764e+04 1.070234e+04 1.068045e+04 1.067575e+04
12.7 1.069077e+04 1.069175e+04 1.068498e+04 1.068400e+04
13.6 1.067167e+04 1.068115e+04 1.068735e+04 1.067787e+04
14.6 1.065558e+04 1.068913e+04 1.068829e+04 1.065475e+04
15.6 1.066565e+04 1.067591e+04 1.068861e+04 1.067835e+04
16.6 1.067216e+04 1.067927e+04 1.069517e+04 1.068805e+04
17.6 1.068775e+04 1.068311e+04 1.070794e+04 1.071258e+04
0.3 1.064051e+04 1.066173e+04 1.070296e+04 1.068174e+04
1.3 1.066803e+04 1.064704e+04 1.069318e+04 1.071418e+04
2.3 1.068719e+04 1.066611e+04 1.068456e+04 1.070563e+04
3.3 1.068353e+04 1.068609e+04 1.068277e+04 1.068021e+04
4.3 1.065618e+04 1.068722e+04 1.068659e+04 1.065556e+04
5.3 1.064929e+04 1.070184e+04 1.068603e+04 1.063348e+04
6.3 1.070339e+04 1.070413e+04 1.068542e+04 1.068468e+04
7.3 1.072524e+04 1.072240e+04 1.068062e+04 1.068346e+04
8.3 1.070203e+04 1.071408e+04 1.067275e+04 1.066071e+04
9.3 1.068782e+04 1.071106e+04 1.067439e+04 1.065115e+04
10.3 1.069764e+04 1.070234e+04 1.068045e+04 1.067575e+04
11.3 1.069077e+04 1.069175e+04 1.068498e+04 1.068400e+04
12.3 1.067167e+04 1.068115e+04 1.068735e+04 1.067787e+04
13.3 1.065558e+04 1.068913e+04 1.068829e+04 1.065475e+04
14.3 1.066565e+04 1.067591e+04 1.068861e+04 1.067835e+04
15.3 1.067216e+04 1.067927e+04 1.069517e+04 1.068805e+04
16.3 1.068775e+04 1.068311e+04 1.070794e+04 1.071258e+04
17.3 1.067387e+04 1.066393e+04 1.070446e+04 1.071441e+04
0.5 1.068719e+04 1.066611e+04 1.068456e+04 1.070563e+04
1.5 1.068353e+04 1.068609e+04 1.068277e+04 1.068021e+04
2.5 1.065618e+04 1.068722e+04 1.068659e+04 1.065556e+04
3.5 1.064929e+04 1.070184e+04 1.068603e+04 1.063348e+04
4.5 1.070339e+04 1.070413e+04 1.068542e+04 1.068468e+04
5.5 1.072524e+04 1.072240e+04 1.068062e+04 1.068346e+04
6.5 1.070203e+04 1.071408e+04 1.067275e+04 1.066071e+04
7.5 1.068782e+04 1.071106e+04 1.067439e+04 1.065115e+04
8.5 1.069764e+04 1.070234e+04 1.068045e+04 1.067575e+04
9.5 1.069077e+04 1.069175e+04 1.068498e+04 1.068400e+04
10.5 1.067167e+04 1.068115e+04 1.068735e+04 1.067787e+04
11.5 1.065558e+04 1.068913e+04 1.068829e+04 1.065475e+04
12.5 1.066565e+04 1.067591e+04 1.068861e+04 1.067835e+04
13.5 1.067216e+04 1.067927e+04 1.069517e+04 1.068805e+04
14.5 1.068775e+04 1.068311e+04 1.070794e+04 1.071258e+04
15.5 1.067387e+04 1.066393e+04 1.070446e+04 1.071441e+04
16.5 1.064404e+04 1.065598e+04 1.069189e+04 1.067995e+04
17.5 1.065674e+04 1.066357e+04 1.068994e+04 1.068311e+04
1.0 1.065618e+04 1.068722e+04 1.068659e+04 1.065556e+04
2.0 1.064929e+04 1.070184e+04 1.068603e+04 1.063348e+04
3.0 1.070339e+04 1.070413e+04 1.068542e+04 1.068468e+04
4.0 1.072524e+04 1.072240e+04 1.068062e+04 1.068346e+04
5.0 1.070203e+04 1.071408e+04 1.067275e+04 1.066071e+04
6.0 1.068782e+04 1.071106e+04 1.067439e+04 1.065115e+04
7.0 1.069764e+04 1.070234e+04 1.068045e+04 1.067575e+04
8.0 1.069077e+04 1.069175e+04 1.068498e+04 1.068400e+04
9.0 1.067167e+04 1.068115e+04 1.068735e+04 1.067787e+04
10.0 1.065558e+04 1.068913e+04 1.068829e+04 1.065475e+04
11.0 1.066565e+04 1.067591e+04 1.068861e+04 1.067835e+04
12.0 1.067216e+04 1.067927e+04 1.069517e+04 1.068805e+04
13.0 1.068775e+04 1.068311e+04 1.070794e+04 1.071258e+04
14.0 1.067387e+04 1.066393e+04 1.070446e+04 1.071441e+04
15.0 1.064404e+04 1.065598e+04 1.069189e+04 1.067995e+04
16.0 1.065674e+04 1.066357e+04 1.068994e+04 1.068311e+04
17.0 1.065758e+04 1.068744e+04 1.068466e+04 1.065480e+04
18.0 1.066449e+04 1.068243e+04 1.068026e+04 1.066232e+04
0.3 1.064929e+04 1.070184e+04 1.068603e+04 1.063348e+04
1.3 1.070339e+04 1.070413e+04 1.068542e+04 1.068468e+04
2.3 1.072524e+04 1.072240e+04 1.068062e+04 1.068346e+04
3.3 1.070203e+04 1.071408e+04 1.067275e+04 1.066071e+04
4.3 1.068782e+04 1.071106e+04 1.067439e+04 1.065115e+04
5.3 1.069764e+04 1.070234e+04 1.068045e+04 1.067575e+04
6.3 1.069077e+04 1.069175e+04 1.068498e+04 1.068400e+04
7.3 1.067167e+04 1.068115e+04 1.068735e+04 1.067787e+04
8.3 1.065558e+04 1.068913e+04 1.068829e+04 1.065475e+04
9.3 1.066565e+04 1.067591e+04 1.068861e+04 1.067835e+04
10.3 1.067216e+04 1.067927e+04 1.069517e+04 1.068805e+04
11.3 1.068775e+04 1.068311e+04 1.070794e+04 1.071258e+04
12.3 1.067387e+04 1.066393e+04 1.070446e+04 1.071441e+04
13.3 1.064404e+04 1.065598e+04 1.069189e+04 1.067995e+04
14.3 1.065674e+04 1.066357e+04 1.068994e+04 1.068311e+04
15.3 1.065758e+04 1.068744e+04 1.068466e+04 1.065480e+04
16.3 1.066449e+04 1.068243e+04 1.068026e+04 1.066232e+04
17.3 1.065655e+04 1.069973e+04 1.067862e+04 1.063544e+04
0.7 1.067216e+04 1.067927e+04 1.069517e+04 1.068805e+04
1.7 1.068775e+04 1.068311e+04 1.070794e+04 1.071258e+04
2.7 1.067387e+04 1.066393e+04 1.070446e+04 1.071441e+04
3.7 1.064404e+04 1.065598e+04 1.069189e+04 1.067995e+04
4.7 1.065674e+04 1.066357e+04 1.068994e+04 1.068311e+04
5.7 1.065758e+04 1.068744e+04 1.068466e+04 1.065480e+04
6.7 1.066449e+04 1.068243e+04 1.068026e+04 1.066232e+04
7.7 1.065655e+04 1.069973e+04 1.067862e+04 1.063544e+04
8.7 1.070010e+04 1.070948e+04 1.067323e+04 1.066386e+04
9.7 1.074844e+04 1.071791e+04 1.068091e+04 1.071144e+04
10.7 1.073091e+04 1.070935e+04 1.069404e+04 1.071560e+04
11.7 1.071663e+04 1.070040e+04 1.069748e+04 1.071371e+04
12.7 1.069280e+04 1.068896e+04 1.068975e+04 1.069358e+04
13.7 1.069688e+04 1.068733e+04 1.067723e+04 1.068677e+04
14.7 1.073103e+04 1.071017e+04 1.067433e+04 1.069519e+04
15.7 1.073495e+04 1.070414e+04 1.067906e+04 1.070988e+04
16.7 1.071930e+04 1.068512e+04 1.068378e+04 1.071796e+04
17.7 1.070600e+04 1.067257e+04 1.068660e+04 1.072003e+04
0.8 1.068775e+04 1.068311e+04 1.070794e+04 1.071258e+04
1.8 1.067387e+04 1.066393e+04 1.070446e+04 1.071441e+04
2.8 1.064404e+04 1.065598e+04 1.069189e+04 1.067995e+04
3.8 1.065674e+04 1.066357e+04 1.068994e+04 1.068311e+04
4.8 1.065758e+04 1.068744e+04 1.068466e+04 1.065480e+04
5.8 1.066449e+04 1.068243e+04 1.068026e+04 1.066232e+04
6.8 1.065655e+04 1.069973e+04 1.067862e+04 1.063544e+04
7.8 1.070010e+04 1.070948e+04 1.067323e+04 1.066386e+04
8.8 1.074844e+04 1.071791e+04 1.068091e+04 1.071144e+04
9.8 1.073091e+04 1.070935e+04 1.069404e+04 1.071560e+04
10.8 1.071663e+04 1.070040e+04 1.069748e+04 1.071371e+04
11.8 1.069280e+04 1.068896e+04 1.068975e+04 1.069358e+04
12.8 1.069688e+04 1.068733e+04 1.067723e+04 1.068677e+04
13.8 1.073103e+04 1.071017e+04 1.067433e+04 1.069519e+04
14.8 1.073495e+04 1.070414e+04 1.067906e+04 1.070988e+04
15.8 1.071930e+04 1.068512e+04 1.068378e+04 1.071796e+04
16.8 1.070600e+04 1.067257e+04 1.068660e+04 1.072003e+04
17.8 1.069638e+04 1.068126e+04 1.068797e+04 1.070309e+04
0.1 1.067387e+04 1.066393e+04 1.070446e+04 1.071441e+04
1.1 1.064404e+04 1.065598e+04 1.069189e+04 1.067995e+04
2.1 1.065674e+04 1.066357e+04 1.068994e+04 1.068311e+04
3.1 1.065758e+04 1.068744e+04 1.068466e+04 1.065480e+04
4.1 1.066449e+04 1.068243e+04 1.068026e+04 1.066232e+04
5.1 1.065655e+04 1.069973e+04 1.067862e+04 1.063544e+04
6.1 1.070010e+04 1.070948e+04 1.067323e+04 1.066386e+04
7.1 1.074844e+04 1.071791e+04 1.068091e+04 1.071144e+04
8.1 1.073091e+04 1.070935e+04 1.069404e+04 1.071560e+04
9.1 1.071663e+04 1.070040e+04 1.069748e+04 1.071371e+04
10.1 1.069280e+04 1.068896e+04 1.068975e+04 1.069358e+04
11.1 1.069688e+04 1.068733e+04 1.067723e+04 1.068677e+04
12.1 1.073103e+04 1.071017e+04 1.067433e+04 1.069519e+04
13.1 1.073495e+04 1.070414e+04 1.067906e+04 1.070988e+04
14.1 1.071930e+04 1.068512e+04 1.068378e+04 1.071796e+04
15.1 1.070600e+04 1.067257e+04 1.068660e+04 1.072003e+04
16.1 1.069638e+04 1.068126e+04 1.068797e+04 1.070309e+04
17.1 1.069746e+04 1.069188e+04 1.068838e+04 1.069396e+04
0.9 1.065674e+04 1.066357e+04 1.068994e+04 1.068311e+04
1.9 1.065758e+04 1.068744e+04 1.068466e+04 1.065480e+04
2.9 1.066449e+04 1.068243e+04 1.068026e+04 1.066232e+04
3.9 1.065655e+04 1.069973e+04 1.067862e+04 1.063544e+04
4.9 1.070010e+04 1.070948e+04 1.067323e+04 1.066386e+04
5.9 1.074844e+04 1.071791e+04 1.068091e+04 1.071144e+04
6.9 1.073091e+04 1.070935e+04 1.069404e+04 1.071560e+04
7.9 1.071663e+04 1.070040e+04 1.069748e+04 1.071371e+04
8.9 1.069280e+04 1.068896e+04 1.068975e+04 1.069358e+04
9.9 1.069688e+04 1.068733e+04 1.067723e+04 1.068677e+04
10.9 1.073103e+04 1.071017e+04 1.067433e+04 1.069519e+04
11.9 1.073495e+04 1.070414e+04 1.067906e+04 1.070988e+04
12.9 1.071930e+04 1.068512e+04 1.068378e+04 1.071796e+04
13.9 1.070600e+04 1.067257e+04 1.068660e+04 1.072003e+04
14.9 1.069638e+04 1.068126e+04 1.068797e+04 1.070309e+04
15.9 1.069746e+04 1.069188e+04 1.068838e+04 1.069396e+04
16.9 1.072081e+04 1.069980e+04 1.068824e+04 1.070925e+04
17.9 1.066683e+04 1.069845e+04 1.068789e+04 1.065627e+04
0.0 1.065758e+04 1.068744e+04 1.068466e+04 1.065480e+04
1.0 1.066449e+04 1.068243e+04 1.068026e+04 1.066232e+04
2.0 1.065655e+04 1.069973e+04 1.067862e+04 1.063544e+04
3.0 1.070010e+04 1.070948e+04 1.067323e+04 1.066386e+04
4.0 1.074844e+04 1.071791e+04 1.068091e+04 1.071144e+04
5.0 1.073091e+04 1.070935e+04 1.069404e+04 1.071560e+04
6.0 1.071663e+04 1.070040e+04 1.069748e+04 1.071371e+04
7.0 1.069280e+04 1.068896e+04 1.068975e+04 1.069358e+04
8.0 1.069688e+04 1.068733e+04 1.067723e+04 1.068677e+04
9.0 1.073103e+04 1.071017e+04 1.067433e+04 1.069519e+04
10.0 1.073495e+04 1.070414e+04 1.067906e+04 1.070988e+04
11.0 1.071930e+04 1.068512e+04 1.068378e+04 1.071796e+04
12.0 1.070600e+04 1.067257e+04 1.068660e+04 1.072003e+04
13.0 1.069638e+04 1.068126e+04 1.068797e+04 1.070309e+04
14.0 1.069746e+04 1.069188e+04 1.068838e+04 1.069396e+04
15.0 1.072081e+04 1.069980e+04 1.068824e+04 1.070925e+04
16.0 1.066683e+04 1.069845e+04 1.068789e+04 1.065627e+04
17.0 1.067429e+04 1.069259e+04 1.068756e+04 1.066926e+04
0.7 1.074844e+04 1.071791e+04 1.068091e+04 1.071144e+04
1.7 1.073091e+04 1.070935e+04 1.069404e+04 1.071560e+04
2.7 1.071663e+04 1.070040e+04 1.069748e+04 1.071371e+04
3.7 1.069280e+04 1.068896e+04 1.068975e+04 1.069358e+04
4.7 1.069688e+04 1.068733e+04 1.067723e+04 1.068677e+04
5.7 1.073103e+04 1.071017e+04 1.067433e+04 1.069519e+04
6.7 1.073495e+04 1.070414e+04 1.067906e+04 1.070988e+04
7.7 1.071930e+04 1.068512e+04 1.068378e+04 1.071796e+04
8.7 1.070600e+04 1.067257e+04 1.068660e+04 1.072003e+04
9.7 1.069638e+04 1.068126e+04 1.068797e+04 1.070309e+04
10.7 1.069746e+04 1.069188e+04 1.068838e+04 1.069396e+04
11.7 1.072081e+04 1.069980e+04 1.068824e+04 1.070925e+04
12.7 1.066683e+04 1.069845e+04 1.068789e+04 1.065627e+04
13.7 1.067429e+04 1.069259e+04 1.068756e+04 1.066926e+04
14.7 1.068447e+04 1.069395e+04 1.068732e+04 1.067784e+04
15.7 1.066763e+04 1.069038e+04 1.068717e+04 1.066442e+04
16.7 1.066986e+04 1.067927e+04 1.068707e+04 1.067765e+04
17.7 1.068204e+04 1.067212e+04 1.068700e+04 1.069693e+04
0.1 1.073091e+04 1.070935e+04 1.069404e+04 1.071560e+04
1.1 1.071663e+04 1.070040e+04 1.069748e+04 1.071371e+04
2.1 1.069280e+04 1.068896e+04 1.068975e+04 1.069358e+04
3.1 1.069688e+04 1.068733e+04 1.067723e+04 1.068677e+04
4.1 1.073103e+04 1.071017e+04 1.067433e+04 1.069519e+04
5.1 1.073495e+04 1.070414e+04 1.067906e+04 1.070988e+04
6.1 1.071930e+04 1.068512e+04 1.068378e+04 1.071796e+04
7.1 1.070600e+04 1.067257e+04 1.068660e+04 1.072003e+04
8.1 1.069638e+04 1.068126e+04 1.068797e+04 1.070309e+04
9.1 1.069746e+04 1.069188e+04 1.068838e+04 1.069396e+04
10.1 1.072081e+04 1.069980e+04 1.068824e+04 1.070925e+04
11.1 1.066683e+04 1.069845e+04 1.068789e+04 1.065627e+04
12.1 1.067429e+04 1.069259e+04 1.068756e+04 1.066926e+04
13.1 1.068447e+04 1.069395e+04 1.068732e+04 1.067784e+04
14.1 1.066763e+04 1.069038e+04 1.068717e+04 1.066442e+04
15.1 1.066986e+04 1.067927e+04 1.068707e+04 1.067765e+04
16.1 1.068204e+04 1.067212e+04 1.068700e+04 1.069693e+04
17.1 1.067019e+04 1.066374e+04 1.068695e+04 1.069340e+04
0.3 1.070380e+04 1.069688e+04 1.069002e+04 1.069694e+04
1.3 1.070374e+04 1.069917e+04 1.069869e+04 1.070326e+04
2.3 1.071128e+04 1.069997e+04 1.070031e+04 1.071161e+04
3.3 1.069351e+04 1.070437e+04 1.069827e+04 1.068741e+04
4.3 1.070336e+04 1.071618e+04 1.069387e+04 1.068105e+04
5.3 1.072514e+04 1.071405e+04 1.067782e+04 1.068892e+04
6.3 1.073089e+04 1.071692e+04 1.066787e+04 1.068183e+04
7.3 1.070868e+04 1.070780e+04 1.067183e+04 1.067271e+04
8.3 1.069947e+04 1.069620e+04 1.067904e+04 1.068230e+04
9.3 1.067180e+04 1.068870e+04 1.068403e+04 1.066713e+04
10.3 1.066325e+04 1.067338e+04 1.068671e+04 1.067657e+04
11.3 1.064720e+04 1.067273e+04 1.068782e+04 1.066229e+04
12.3 1.069263e+04 1.068669e+04 1.068797e+04 1.069391e+04
13.3 1.070084e+04 1.068971e+04 1.068767e+04 1.069880e+04
14.3 1.069137e+04 1.068168e+04 1.068728e+04 1.069697e+04
15.3 1.065562e+04 1.067031e+04 1.068697e+04 1.067228e+04
16.3 1.062727e+04 1.067876e+04 1.068679e+04 1.063529e+04
17.3 1.065732e+04 1.068127e+04 1.068669e+04 1.066273e+04
0.5 1.071128e+04 1.069997e+04 1.070031e+04 1.071161e+04
1.5 1.069351e+04 1.070437e+04 1.069827e+04 1.068741e+04
2.5 1.070336e+04 1.071618e+04 1.069387e+04 1.068105e+04
3.5 1.072514e+04 1.071405e+04 1.067782e+04 1.068892e+04
4.5 1.073089e+04 1.071692e+04 1.066787e+04 1.068183e+04
5.5 1.070868e+04 1.070780e+04 1.067183e+04 1.067271e+04
6.5 1.069947e+04 1.069620e+04 1.067904e+04 1.068230e+04
7.5 1.067180e+04 1.068870e+04 1.068403e+04 1.066713e+04
8.5 1.066325e+04 1.067338e+04 1.068671e+04 1.067657e+04
9.5 1.064720e+04 1.067273e+04 1.068782e+04 1.066229e+04
10.5 1.069263e+04 1.068669e+04 1.068797e+04 1.069391e+04
11.5 1.070084e+04 1.068971e+04 1.068767e+04 1.069880e+04
12.5 1.069137e+04 1.068168e+04 1.068728e+04 1.069697e+04
13.5 1.065562e+04 1.067031e+04 1.068697e+04 1.067228e+04
14.5 1.062727e+04 1.067876e+04 1.068679e+04 1.063529e+04
15.5 1.065732e+04 1.068127e+04 1.068669e+04 1.066273e+04
16.5 1.065011e+04 1.068132e+04 1.068664e+04 1.065543e+04
17.5 1.066024e+04 1.067845e+04 1.068662e+04 1.066841e+04
0.5 1.069351e+04 1.070437e+04 1.069827e+04 1.068741e+04
1.5 1.070336e+04 1.071618e+04 1.069387e+04 1.068105e+04
2.5 1.072514e+04 1.071405e+04 1.067782e+04 1.068892e+04
3.5 1.073089e+04 1.071692e+04 1.066787e+04 1.068183e+04
4.5 1.070868e+04 1.070780e+04 1.067183e+04 1.067271e+04
5.5 1.069947e+04 1.069620e+04 1.067904e+04 1.068230e+04
6.5 1.067180e+04 1.068870e+04 1.068403e+04 1.066713e+04
7.5 1.066325e+04 1.067338e+04 1.068671e+04 1.067657e+04
8.5 1.064720e+04 1.067273e+04 1.068782e+04 1.066229e+04
9.5 1.069263e+04 1.068669e+04 1.068797e+04 1.069391e+04
10.5 1.070084e+04 1.068971e+04 1.068767e+04 1.069880e+04
11.5 1.069137e+04 1.068168e+04 1.068728e+04 1.069697e+04
12.5 1.065562e+04 1.067031e+04 1.068697e+04 1.067228e+04
13.5 1.062727e+04 1.067876e+04 1.068679e+04 1.063529e+04
14.5 1.065732e+04 1.068127e+04 1.068669e+04 1.066273e+04
15.5 1.065011e+04 1.068132e+04 1.068664e+04 1.065543e+04
16.5 1.066024e+04 1.067845e+04 1.068662e+04 1.066841e+04
17.5 1.067088e+04 1.068191e+04 1.068662e+04 1.067559e+04
0.2 1.065994e+04 1.068680e+04 1.068910e+04 1.066224e+04
1.2 1.067506e+04 1.068691e+04 1.069947e+04 1.068762e+04
2.2 1.069704e+04 1.070103e+04 1.070845e+04 1.070446e+04
3.2 1.071414e+04 1.070548e+04 1.070716e+04 1.071582e+04
4.2 1.072832e+04 1.070969e+04 1.069562e+04 1.071426e+04
5.2 1.073036e+04 1.071676e+04 1.067394e+04 1.068754e+04
6.2 1.071070e+04 1.070364e+04 1.066108e+04 1.066813e+04
7.2 1.071506e+04 1.068740e+04 1.066609e+04 1.069375e+04
8.2 1.069884e+04 1.067148e+04 1.067589e+04 1.070326e+04
9.2 1.070106e+04 1.067619e+04 1.068292e+04 1.070778e+04
10.2 1.069879e+04 1.069270e+04 1.068675e+04 1.069283e+04
11.2 1.070981e+04 1.070074e+04 1.068836e+04 1.069743e+04
12.2 1.072945e+04 1.069542e+04 1.068861e+04 1.072264e+04
13.2 1.069300e+04 1.067990e+04 1.068821e+04 1.070131e+04
14.2 1.066958e+04 1.067617e+04 1.068768e+04 1.068109e+04
15.2 1.065455e+04 1.067312e+04 1.068726e+04 1.066869e+04
16.2 1.067748e+04 1.068008e+04 1.068699e+04 1.068440e+04
17.2 1.066956e+04 1.068172e+04 1.068782e+04 1.067566e+04
0.0 1.067506e+04 1.068691e+04 1.069947e+04 1.068762e+04
1.0 1.069704e+04 1.070103e+04 1.070845e+04 1.070446e+04
2.0 1.071414e+04 1.070548e+04 1.070716e+04 1.071582e+04
3.0 1.072832e+04 1.070969e+04 1.069562e+04 1.071426e+04
4.0 1.073036e+04 1.071676e+04 1.067394e+04 1.068754e+04
5.0 1.071070e+04 1.070364e+04 1.066108e+04 1.066813e+04
6.0 1.071506e+04 1.068740e+04 1.066609e+04 1.069375e+04
7.0 1.069884e+04 1.067148e+04 1.067589e+04 1.070326e+04
8.0 1.070106e+04 1.067619e+04 1.068292e+04 1.070778e+04
9.0 1.069879e+04 1.069270e+04 1.068675e+04 1.069283e+04
10.0 1.070981e+04 1.070074e+04 1.068836e+04 1.069743e+04
11.0 1.072945e+04 1.069542e+04 1.068861e+04 1.072264e+04
12.0 1.069300e+04 1.067990e+04 1.068821e+04 1.070131e+04
13.0 1.066958e+04 1.067617e+04 1.068768e+04 1.068109e+04
14.0 1.065455e+04 1.067312e+04 1.068726e+04 1.066869e+04
15.0 1.067748e+04 1.068008e+04 1.068699e+04 1.068440e+04
16.0 1.066956e+04 1.068172e+04 1.068782e+04 1.067566e+04
17.0 1.064363e+04 1.068870e+04 1.069685e+04 1.065179e+04
0.1 1.069704e+04 1.070103e+04 1.070845e+04 1.070446e+04
1.1 1.071414e+04 1.070548e+04 1.070716e+04 1.071582e+04
2.1 1.072832e+04 1.070969e+04 1.069562e+04 1.071426e+04
3.1 1.073036e+04 1.071676e+04 1.067394e+04 1.068754e+04
4.1 1.071070e+04 1.070364e+04 1.066108e+04 1.066813e+04
5.1 1.071506e+04 1.068740e+04 1.066609e+04 1.069375e+04
6.1 1.069884e+04 1.067148e+04 1.067589e+04 1.070326e+04
7.1 1.070106e+04 1.067619e+04 1.068292e+04 1.070778e+04
8.1 1.069879e+04 1.069270e+04 1.068675e+04 1.069283e+04
9.1 1.070981e+04 1.070074e+04 1.068836e+04 1.069743e+04
10.1 1.072945e+04 1.069542e+04 1.068861e+04 1.072264e+04
11.1 1.069300e+04 1.067990e+04 1.068821e+04 1.070131e+04
12.1 1.066958e+04 1.067617e+04 1.068768e+04 1.068109e+04
13.1 1.065455e+04 1.067312e+04 1.068726e+04 1.066869e+04
14.1 1.067748e+04 1.068008e+04 1.068699e+04 1.068440e+04
15.1 1.066956e+04 1.068172e+04 1.068782e+04 1.067566e+04
16.1 1.064363e+04 1.068870e+04 1.069685e+04 1.065179e+04
17.1 1.067592e+04 1.069000e+04 1.070677e+04 1.069268e+04
0.3 1.071414e+04 1.070548e+04 1.070716e+04 1.071582e+04
1.3 1.072832e+04 1.070969e+04 1.069562e+04 1.071426e+04
2.3 1.073036e+04 1.071676e+04 1.067394e+04 1.068754e+04
3.3 1.071070e+04 1.070364e+04 1.066108e+04 1.066813e+04
4.3 1.071506e+04 1.068740e+04 1.066609e+04 1.069375e+04
5.3 1.069884e+04 1.067148e+04 1.067589e+04 1.070326e+04
6.3 1.070106e+04 1.067619e+04 1.068292e+04 1.070778e+04
7.3 1.069879e+04 1.069270e+04 1.068675e+04 1.069283e+04
8.3 1.070981e+04 1.070074e+04 1.068836e+04 1.069743e+04
9.3 1.072945e+04 1.069542e+04 1.068861e+04 1.072264e+04
10.3 1.069300e+04 1.067990e+04 1.068821e+04 1.070131e+04
11.3 1.066958e+04 1.067617e+04 1.068768e+04 1.068109e+04
12.3 1.065455e+04 1.067312e+04 1.068726e+04 1.066869e+04
13.3 1.067748e+04 1.068008e+04 1.068699e+04 1.068440e+04
14.3 1.066956e+04 1.068172e+04 1.068782e+04 1.067566e+04
15.3 1.064363e+04 1.068870e+04 1.069685e+04 1.065179e+04
16.3 1.067592e+04 1.069000e+04 1.070677e+04 1.069268e+04
17.3 1.067577e+04 1.068957e+04 1.070029e+04 1.068648e+04
1.0 1.064363e+04 1.068870e+04 1.069685e+04 1.065179e+04
2.0 1.067592e+04 1.069000e+04 1.070677e+04 1.069268e+04
3.0 1.067577e+04 1.068957e+04 1.070029e+04 1.068648e+04
4.0 1.066790e+04 1.067568e+04 1.068878e+04 1.068101e+04
5.0 1.070133e+04 1.069515e+04 1.068417e+04 1.069036e+04
6.0 1.068600e+04 1.069760e+04 1.068165e+04 1.067005e+04
7.0 1.068871e+04 1.070325e+04 1.067515e+04 1.066062e+04
8.0 1.071590e+04 1.070289e+04 1.067084e+04 1.068386e+04
9.0 1.069053e+04 1.070048e+04 1.067547e+04 1.066552e+04
10.0 1.068330e+04 1.068366e+04 1.068158e+04 1.068122e+04
11.0 1.066406e+04 1.067385e+04 1.068539e+04 1.067560e+04
12.0 1.065320e+04 1.067828e+04 1.068717e+04 1.066210e+04
13.0 1.068644e+04 1.068419e+04 1.068773e+04 1.068997e+04
14.0 1.068550e+04 1.068699e+04 1.068762e+04 1.068613e+04
15.0 1.066924e+04 1.068489e+04 1.068725e+04 1.067159e+04
16.0 1.068854e+04 1.067450e+04 1.068686e+04 1.070091e+04
17.0 1.069059e+04 1.067593e+04 1.068658e+04 1.070124e+04
18.0 1.071473e+04 1.067211e+04 1.068640e+04 1.072902e+04
0.8 1.067592e+04 1.069000e+04 1.070677e+04 1.069268e+04
1.8 1.067577e+04 1.068957e+04 1.070029e+04 1.068648e+04
2.8 1.066790e+04 1.067568e+04 1.068878e+04 1.068101e+04
3.8 1.070133e+04 1.069515e+04 1.068417e+04 1.069036e+04
4.8 1.068600e+04 1.069760e+04 1.068165e+04 1.067005e+04
5.8 1.068871e+04 1.070325e+04 1.067515e+04 1.066062e+04
6.8 1.071590e+04 1.070289e+04 1.067084e+04 1.068386e+04
7.8 1.069053e+04 1.070048e+04 1.067547e+04 1.066552e+04
8.8 1.068330e+04 1.068366e+04 1.068158e+04 1.068122e+04
9.8 1.066406e+04 1.067385e+04 1.068539e+04 1.067560e+04
10.8 1.065320e+04 1.067828e+04 1.068717e+04 1.066210e+04
11.8 1.068644e+04 1.068419e+04 1.068773e+04 1.068997e+04
12.8 1.068550e+04 1.068699e+04 1.068762e+04 1.068613e+04
13.8 1.066924e+04 1.068489e+04 1.068725e+04 1.067159e+04
14.8 1.068854e+04 1.067450e+04 1.068686e+04 1.070091e+04
15.8 1.069059e+04 1.067593e+04 1.068658e+04 1.070124e+04
16.8 1.071473e+04 1.067211e+04 1.068640e+04 1.072902e+04
17.8 1.069135e+04 1.066526e+04 1.068630e+04 1.071240e+04
0.3 1.067577e+04 1.068957e+04 1.070029e+04 1.068648e+04
1.3 1.066790e+04 1.067568e+04 1.068878e+04 1.068101e+04
2.3 1.070133e+04 1.069515e+04 1.068417e+04 1.069036e+04
3.3 1.068600e+04 1.069760e+04 1.068165e+04 1.067005e+04
4.3 1.068871e+04 1.070325e+04 1.067515e+04 1.066062e+04
5.3 1.071590e+04 1.070289e+04 1.067084e+04 1.068386e+04
6.3 1.069053e+04 1.070048e+04 1.067547e+04 1.066552e+04
7.3 1.068330e+04 1.068366e+04 1.068158e+04 1.068122e+04
8.3 1.066406e+04 1.067385e+04 1.068539e+04 1.067560e+04
9.3 1.065320e+04 1.067828e+04 1.068717e+04 1.066210e+04
10.3 1.068644e+04 1.068419e+04 1.068773e+04 1.068997e+04
11.3 1.068550e+04 1.068699e+04 1.068762e+04 1.068613e+04
12.3 1.066924e+04 1.068489e+04 1.068725e+04 1.067159e+04
13.3 1.068854e+04 1.067450e+04 1.068686e+04 1.070091e+04
14.3 1.069059e+04 1.067593e+04 1.068658e+04 1.070124e+04
15.3 1.071473e+04 1.067211e+04 1.068640e+04 1.072902e+04
16.3 1.069135e+04 1.066526e+04 1.068630e+04 1.071240e+04
17.3 1.070170e+04 1.068258e+04 1.068626e+04 1.070537e+04
0.6 1.070133e+04 1.069515e+04 1.068417e+04 1.069036e+04
1.6 1.068600e+04 1.069760e+04 1.068165e+04 1.067005e+04
2.6 1.068871e+04 1.070325e+04 1.067515e+04 1.066062e+04
3.6 1.071590e+04 1.070289e+04 1.067084e+04 1.068386e+04
4.6 1.069053e+04 1.070048e+04 1.067547e+04 1.066552e+04
5.6 1.068330e+04 1.068366e+04 1.068158e+04 1.068122e+04
6.6 1.066406e+04 1.067385e+04 1.068539e+04 1.067560e+04
7.6 1.065320e+04 1.067828e+04 1.068717e+04 1.066210e+04
8.6 1.068644e+04 1.068419e+04 1.068773e+04 1.068997e+04
9.6 1.068550e+04 1.068699e+04 1.068762e+04 1.068613e+04
10.6 1.066924e+04 1.068489e+04 1.068725e+04 1.067159e+04
11.6 1.068854e+04 1.067450e+04 1.068686e+04 1.070091e+04
12.6 1.069059e+04 1.067593e+04 1.068658e+04 1.070124e+04
13.6 1.071473e+04 1.067211e+04 1.068640e+04 1.072902e+04
14.6 1.069135e+04 1.066526e+04 1.068630e+04 1.071240e+04
15.6 1.070170e+04 1.068258e+04 1.068626e+04 1.070537e+04
16.6 1.071047e+04 1.068376e+04 1.068719e+04 1.071389e+04
17.6 1.073024e+04 1.068967e+04 1.069591e+04 1.073648e+04
1.0 1.073024e+04 1.068967e+04 1.069591e+04 1.073648e+04
2.0 1.069485e+04 1.069191e+04 1.070648e+04 1.070942e+04
3.0 1.071179e+04 1.069418e+04 1.070506e+04 1.072268e+04
4.0 1.069206e+04 1.069633e+04 1.069646e+04 1.069218e+04
5.0 1.071055e+04 1.070456e+04 1.068578e+04 1.069177e+04
6.0 1.070642e+04 1.069208e+04 1.067922e+04 1.069356e+04
7.0 1.066971e+04 1.070020e+04 1.067332e+04 1.064283e+04
8.0 1.069015e+04 1.069128e+04 1.066706e+04 1.066593e+04
9.0 1.066067e+04 1.068696e+04 1.067441e+04 1.064811e+04
10.0 1.066858e+04 1.068050e+04 1.069137e+04 1.067945e+04
11.0 1.067059e+04 1.066831e+04 1.070171e+04 1.070399e+04
12.0 1.066303e+04 1.066027e+04 1.070154e+04 1.070431e+04
13.0 1.065529e+04 1.066227e+04 1.069554e+04 1.068856e+04
14.0 1.066266e+04 1.066802e+04 1.069294e+04 1.068758e+04
15.0 1.067188e+04 1.068350e+04 1.069116e+04 1.067954e+04
16.0 1.071948e+04 1.070665e+04 1.068031e+04 1.069314e+04
17.0 1.072798e+04 1.069781e+04 1.066757e+04 1.069774e+04
18.0 1.071506e+04 1.070034e+04 1.066505e+04 1.067977e+04
0.9 1.069485e+04 1.069191e+04 1.070648e+04 1.070942e+04
1.9 1.071179e+04 1.069418e+04 1.070506e+04 1.072268e+04
2.9 1.069206e+04 1.069633e+04 1.069646e+04 1.069218e+04
3.9 1.071055e+04 1.070456e+04 1.068578e+04 1.069177e+04
4.9 1.070642e+04 1.069208e+04 1.067922e+04 1.069356e+04
5.9 1.066971e+04 1.070020e+04 1.067332e+04 1.064283e+04
6.9 1.069015e+04 1.069128e+04 1.066706e+04 1.066593e+04
7.9 1.066067e+04 1.068696e+04 1.067441e+04 1.064811e+04
8.9 1.066858e+04 1.068050e+04 1.069137e+04 1.067945e+04
9.9 1.067059e+04 1.066831e+04 1.070171e+04 1.070399e+04
10.9 1.066303e+04 1.066027e+04 1.070154e+04 1.070431e+04
11.9 1.065529e+04 1.066227e+04 1.069554e+04 1.068856e+04
12.9 1.066266e+04 1.066802e+04 1.069294e+04 1.068758e+04
13.9 1.067188e+04 1.068350e+04 1.069116e+04 1.067954e+04
14.9 1.071948e+04 1.070665e+04 1.068031e+04 1.069314e+04
15.9 1.072798e+04 1.069781e+04 1.066757e+04 1.069774e+04
16.9 1.071506e+04 1.070034e+04 1.066505e+04 1.067977e+04
17.9 1.071979e+04 1.069301e+04 1.067300e+04 1.069978e+04
0.8 1.071179e+04 1.069418e+04 1.070506e+04 1.072268e+04
1.8 1.069206e+04 1.069633e+04 1.069646e+04 1.069218e+04
2.8 1.071055e+04 1.070456e+04 1.068578e+04 1.069177e+04
3.8 1.070642e+04 1.069208e+04 1.067922e+04 1.069356e+04
4.8 1.066971e+04 1.070020e+04 1.067332e+04 1.064283e+04
5.8 1.069015e+04 1.069128e+04 1.066706e+04 1.066593e+04
6.8 1.066067e+04 1.068696e+04 1.067441e+04 1.064811e+04
7.8 1.066858e+04 1.068050e+04 1.069137e+04 1.067945e+04
8.8 1.067059e+04 1.066831e+04 1.070171e+04 1.070399e+04
9.8 1.066303e+04 1.066027e+04 1.070154e+04 1.070431e+04
10.8 1.065529e+04 1.066227e+04 1.069554e+04 1.068856e+04
11.8 1.066266e+04 1.066802e+04 1.069294e+04 1.068758e+04
12.8 1.067188e+04 1.068350e+04 1.069116e+04 1.067954e+04
13.8 1.071948e+04 1.070665e+04 1.068031e+04 1.069314e+04
14.8 1.072798e+04 1.069781e+04 1.066757e+04 1.069774e+04
15.8 1.071506e+04 1.070034e+04 1.066505e+04 1.067977e+04
16.8 1.071979e+04 1.069301e+04 1.067300e+04 1.069978e+04
17.8 1.070654e+04 1.068233e+04 1.068124e+04 1.070545e+04
0.7 1.069206e+04 1.069633e+04 1.069646e+04 1.069218e+04
1.7 1.071055e+04 1.070456e+04 1.068578e+04 1.069177e+04
2.7 1.070642e+04 1.069208e+04 1.067922e+04 1.069356e+04
3.7 1.066971e+04 1.070020e+04 1.067332e+04 1.064283e+04
4.7 1.069015e+04 1.069128e+04 1.066706e+04 1.066593e+04
5.7 1.066067e+04 1.068696e+04 1.067441e+04 1.064811e+04
6.7 1.066858e+04 1.068050e+04 1.069137e+04 1.067945e+04
7.7 1.067059e+04 1.066831e+04 1.070171e+04 1.070399e+04
8.7 1.066303e+04 1.066027e+04 1.070154e+04 1.070431e+04
9.7 1.065529e+04 1.066227e+04 1.069554e+04 1.068856e+04
10.7 1.066266e+04 1.066802e+04 1.069294e+04 1.068758e+04
11.7 1.067188e+04 1.068350e+04 1.069116e+04 1.067954e+04
12.7 1.071948e+04 1.070665e+04 1.068031e+04 1.069314e+04
13.7 1.072798e+04 1.069781e+04 1.066757e+04 1.069774e+04
14.7 1.071506e+04 1.070034e+04 1.066505e+04 1.067977e+04
15.7 1.071979e+04 1.069301e+04 1.067300e+04 1.069978e+04
16.7 1.070654e+04 1.068233e+04 1.068124e+04 1.070545e+04
17.7 1.069935e+04 1.067269e+04 1.068620e+04 1.071286e+04
0.2 1.071055e+04 1.070456e+04 1.068578e+04 1.069177e+04
1.2 1.070642e+04 1.069208e+04 1.067922e+04 1.069356e+04
2.2 1.066971e+04 1.070020e+04 1.067332e+04 1.064283e+04
3.2 1.069015e+04 1.069128e+04 1.066706e+04 1.066593e+04
4.2 1.066067e+04 1.068696e+04 1.067441e+04 1.064811e+04
5.2 1.066858e+04 1.068050e+04 1.069137e+04 1.067945e+04
6.2 1.067059e+04 1.066831e+04 1.070171e+04 1.070399e+04
7.2 1.066303e+04 1.066027e+04 1.070154e+04 1.070431e+04
8.2 1.065529e+04 1.066227e+04 1.069554e+04 1.068856e+04
9.2 1.066266e+04 1.066802e+04 1.069294e+04 1.068758e+04
10.2 1.067188e+04 1.068350e+04 1.069116e+04 1.067954e+04
11.2 1.071948e+04 1.070665e+04 1.068031e+04 1.069314e+04
12.2 1.072798e+04 1.069781e+04 1.066757e+04 1.069774e+04
13.2 1.071506e+04 1.070034e+04 1.066505e+04 1.067977e+04
14.2 1.071979e+04 1.069301e+04 1.067300e+04 1.069978e+04
15.2 1.070654e+04 1.068233e+04 1.068124e+04 1.070545e+04
16.2 1.069935e+04 1.067269e+04 1.068620e+04 1.071286e+04
17.2 1.067751e+04 1.065876e+04 1.068849e+04 1.070723e+04
0.4 1.066067e+04 1.068696e+04 1.067441e+04 1.064811e+04
1.4 1.066858e+04 1.068050e+04 1.069137e+04 1.067945e+04
2.4 1.067059e+04 1.066831e+04 1.070171e+04 1.070399e+04
3.4 1.066303e+04 1.066027e+04 1.070154e+04 1.070431e+04
4.4 1.065529e+04 1.066227e+04 1.069554e+04 1.068856e+04
5.4 1.066266e+04 1.066802e+04 1.069294e+04 1.068758e+04
6.4 1.067188e+04 1.068350e+04 1.069116e+04 1.067954e+04
7.4 1.071948e+04 1.070665e+04 1.068031e+04 1.069314e+04
8.4 1.072798e+04 1.069781e+04 1.066757e+04 1.069774e+04
9.4 1.071506e+04 1.070034e+04 1.066505e+04 1.067977e+04
10.4 1.071979e+04 1.069301e+04 1.067300e+04 1.069978e+04
11.4 1.070654e+04 1.068233e+04 1.068124e+04 1.070545e+04
12.4 1.069935e+04 1.067269e+04 1.068620e+04 1.071286e+04
13.4 1.067751e+04 1.065876e+04 1.068849e+04 1.070723e+04
14.4 1.068671e+04 1.066707e+04 1.069192e+04 1.071156e+04
15.4 1.071033e+04 1.068177e+04 1.070090e+04 1.072946e+04
16.4 1.070559e+04 1.068205e+04 1.070843e+04 1.073197e+04
17.4 1.072064e+04 1.069579e+04 1.070815e+04 1.073299e+04
1.0 1.067059e+04 1.066831e+04 1.070171e+04 1.070399e+04
2.0 1.066303e+04 1.066027e+04 1.070154e+04 1.070431e+04
3.0 1.065529e+04 1.066227e+04 1.069554e+04 1.068856e+04
4.0 1.066266e+04 1.066802e+04 1.069294e+04 1.068758e+04
5.0 1.067188e+04 1.068350e+04 1.069116e+04 1.067954e+04
6.0 1.071948e+04 1.070665e+04 1.068031e+04 1.069314e+04
7.0 1.072798e+04 1.069781e+04 1.066757e+04 1.069774e+04
8.0 1.071506e+04 1.070034e+04 1.066505e+04 1.067977e+04
9.0 1.071979e+04 1.069301e+04 1.067300e+04 1.069978e+04
10.0 1.070654e+04 1.068233e+04 1.068124e+04 1.070545e+04
11.0 1.069935e+04 1.067269e+04 1.068620e+04 1.071286e+04
12.0 1.067751e+04 1.065876e+04 1.068849e+04 1.070723e+04
13.0 1.068671e+04 1.066707e+04 1.069192e+04 1.071156e+04
14.0 1.071033e+04 1.068177e+04 1.070090e+04 1.072946e+04
15.0 1.070559e+04 1.068205e+04 1.070843e+04 1.073197e+04
16.0 1.072064e+04 1.069579e+04 1.070815e+04 1.073299e+04
17.0 1.072407e+04 1.070451e+04 1.069806e+04 1.071762e+04
18.0 1.069701e+04 1.070786e+04 1.067702e+04 1.066617e+04
1.0 1.066303e+04 1.066027e+04 1.070154e+04 1.070431e+04
2.0 1.065529e+04 1.066227e+04 1.069554e+04 1.068856e+04
3.0 1.066266e+04 1.066802e+04 1.069294e+04 1.068758e+04
4.0 1.067188e+04 1.068350e+04 1.069116e+04 1.067954e+04
5.0 1.071948e+04 1.070665e+04 1.068031e+04 1.069314e+04
6.0 1.072798e+04 1.069781e+04 1.066757e+04 1.069774e+04
7.0 1.071506e+04 1.070034e+04 1.066505e+04 1.067977e+04
8.0 1.071979e+04 1.069301e+04 1.067300e+04 1.069978e+04
9.0 1.070654e+04 1.068233e+04 1.068124e+04 1.070545e+04
10.0 1.069935e+04 1.067269e+04 1.068620e+04 1.071286e+04
11.0 1.067751e+04 1.065876e+04 1.068849e+04 1.070723e+04
12.0 1.068671e+04 1.066707e+04 1.069192e+04 1.071156e+04
13.0 1.071033e+04 1.068177e+04 1.070090e+04 1.072946e+04
14.0 1.070559e+04 1.068205e+04 1.070843e+04 1.073197e+04
15.0 1.072064e+04 1.069579e+04 1.070815e+04 1.073299e+04
16.0 1.072407e+04 1.070451e+04 1.069806e+04 1.071762e+04
17.0 1.069701e+04 1.070786e+04 1.067702e+04 1.066617e+04
18.0 1.067509e+04 1.069659e+04 1.066264e+04 1.064114e+04
0.6 1.065529e+04 1.066227e+04 1.069554e+04 1.068856e+04
1.6 1.066266e+04 1.066802e+04 1.069294e+04 1.068758e+04
2.6 1.067188e+04 1.068350e+04 1.069116e+04 1.067954e+04
3.6 1.071948e+04 1.070665e+04 1.068031e+04 1.069314e+04
4.6 1.072798e+04 1.069781e+04 1.066757e+04 1.069774e+04
5.6 1.071506e+04 1.070034e+04 1.066505e+04 1.067977e+04
6.6 1.071979e+04 1.069301e+04 1.067300e+04 1.069978e+04
7.6 1.070654e+04 1.068233e+04 1.068124e+04 1.070545e+04
8.6 1.069935e+04 1.067269e+04 1.068620e+04 1.071286e+04
9.6 1.067751e+04 1.065876e+04 1.068849e+04 1.070723e+04
10.6 1.068671e+04 1.066707e+04 1.069192e+04 1.071156e+04
11.6 1.071033e+04 1.068177e+04 1.070090e+04 1.072946e+04
12.6 1.070559e+04 1.068205e+04 1.070843e+04 1.073197e+04
13.6 1.072064e+04 1.069579e+04 1.070815e+04 1.073299e+04
14.6 1.072407e+04 1.070451e+04 1.069806e+04 1.071762e+04
15.6 1.069701e+04 1.070786e+04 1.067702e+04 1.066617e+04
16.6 1.067509e+04 1.069659e+04 1.066264e+04 1.064114e+04
17.6 1.066999e+04 1.068846e+04 1.066581e+04 1.064734e+04
0.8 1.066266e+04 1.066802e+04 1.069294e+04 1.068758e+04
1.8 1.067188e+04 1.068350e+04 1.069116e+04 1.067954e+04
2.8 1.071948e+04 1.070665e+04 1.068031e+04 1.069314e+04
3.8 1.072798e+04 1.069781e+04 1.066757e+04 1.069774e+04
4.8 1.071506e+04 1.070034e+04 1.066505e+04 1.067977e+04
5.8 1.071979e+04 1.069301e+04 1.067300e+04 1.069978e+04
6.8 1.070654e+04 1.068233e+04 1.068124e+04 1.070545e+04
7.8 1.069935e+04 1.067269e+04 1.068620e+04 1.071286e+04
8.8 1.067751e+04 1.065876e+04 1.068849e+04 1.070723e+04
9.8 1.068671e+04 1.066707e+04 1.069192e+04 1.071156e+04
10.8 1.071033e+04 1.068177e+04 1.070090e+04 1.072946e+04
11.8 1.070559e+04 1.068205e+04 1.070843e+04 1.073197e+04
12.8 1.072064e+04 1.069579e+04 1.070815e+04 1.073299e+04
13.8 1.072407e+04 1.070451e+04 1.069806e+04 1.071762e+04
14.8 1.069701e+04 1.070786e+04 1.067702e+04 1.066617e+04
15.8 1.067509e+04 1.069659e+04 1.066264e+04 1.064114e+04
16.8 1.066999e+04 1.068846e+04 1.066581e+04 1.064734e+04
17.8 1.064915e+04 1.067410e+04 1.067533e+04 1.065038e+04
0.6 1.067188e+04 1.068350e+04 1.069116e+04 1.067954e+04
1.6 1.071948e+04 1.070665e+04 1.068031e+04 1.069314e+04
2.6 1.072798e+04 1.069781e+04 1.066757e+04 1.069774e+04
3.6 1.071506e+04 1.070034e+04 1.066505e+04 1.067977e+04
4.6 1.071979e+04 1.069301e+04 1.067300e+04 1.069978e+04
5.6 1.070654e+04 1.068233e+04 1.068124e+04 1.070545e+04
6.6 1.069935e+04 1.067269e+04 1.068620e+04 1.071286e+04
7.6 1.067751e+04 1.065876e+04 1.068849e+04 1.070723e+04
8.6 1.068671e+04 1.066707e+04 1.069192e+04 1.071156e+04
9.6 1.071033e+04 1.068177e+04 1.070090e+04 1.072946e+04
10.6 1.070559e+04 1.068205e+04 1.070843e+04 1.073197e+04
11.6 1.072064e+04 1.069579e+04 1.070815e+04 1.073299e+04
12.6 1.072407e+04 1.070451e+04 1.069806e+04 1.071762e+04
13.6 1.069701e+04 1.070786e+04 1.067702e+04 1.066617e+04
14.6 1.067509e+04 1.069659e+04 1.066264e+04 1.064114e+04
15.6 1.066999e+04 1.068846e+04 1.066581e+04 1.064734e+04
16.6 1.064915e+04 1.067410e+04 1.067533e+04 1.065038e+04
17.6 1.069605e+04 1.068575e+04 1.068261e+04 1.069291e+04
0.2 1.068671e+04 1.066707e+04 1.069192e+04 1.071156e+04
1.2 1.071033e+04 1.068177e+04 1.070090e+04 1.072946e+04
2.2 1.070559e+04 1.068205e+04 1.070843e+04 1.073197e+04
3.2 1.072064e+04 1.069579e+04 1.070815e+04 1.073299e+04
4.2 1.072407e+04 1.070451e+04 1.069806e+04 1.071762e+04
5.2 1.069701e+04 1.070786e+04 1.067702e+04 1.066617e+04
6.2 1.067509e+04 1.069659e+04 1.066264e+04 1.064114e+04
7.2 1.066999e+04 1.068846e+04 1.066581e+04 1.064734e+04
8.2 1.064915e+04 1.067410e+04 1.067533e+04 1.065038e+04
9.2 1.069605e+04 1.068575e+04 1.068261e+04 1.069291e+04
10.2 1.070148e+04 1.069460e+04 1.068665e+04 1.069354e+04
11.2 1.071414e+04 1.068980e+04 1.068840e+04 1.071273e+04
12.2 1.068993e+04 1.067428e+04 1.068871e+04 1.070437e+04
13.2 1.067573e+04 1.068111e+04 1.068833e+04 1.068295e+04
14.2 1.068303e+04 1.068424e+04 1.068777e+04 1.068656e+04
15.2 1.063702e+04 1.066205e+04 1.068731e+04 1.066227e+04
16.2 1.065344e+04 1.066135e+04 1.068701e+04 1.067910e+04
17.2 1.064469e+04 1.066929e+04 1.068685e+04 1.066224e+04
1.0 1.070559e+04 1.068205e+04 1.070843e+04 1.073197e+04
2.0 1.072064e+04 1.069579e+04 1.070815e+04 1.073299e+04
3.0 1.072407e+04 1.070451e+04 1.069806e+04 1.071762e+04
4.0 1.069701e+04 1.070786e+04 1.067702e+04 1.066617e+04
5.0 1.067509e+04 1.069659e+04 1.066264e+04 1.064114e+04
6.0 1.066999e+04 1.068846e+04 1.066581e+04 1.064734e+04
7.0 1.064915e+04 1.067410e+04 1.067533e+04 1.065038e+04
8.0 1.069605e+04 1.068575e+04 1.068261e+04 1.069291e+04
9.0 1.070148e+04 1.069460e+04 1.068665e+04 1.069354e+04
10.0 1.071414e+04 1.068980e+04 1.068840e+04 1.071273e+04
11.0 1.068993e+04 1.067428e+04 1.068871e+04 1.070437e+04
12.0 1.067573e+04 1.068111e+04 1.068833e+04 1.068295e+04
13.0 1.068303e+04 1.068424e+04 1.068777e+04 1.068656e+04
14.0 1.063702e+04 1.066205e+04 1.068731e+04 1.066227e+04
15.0 1.065344e+04 1.066135e+04 1.068701e+04 1.067910e+04
16.0 1.064469e+04 1.066929e+04 1.068685e+04 1.066224e+04
17.0 1.065347e+04 1.068796e+04 1.068752e+04 1.065304e+04
18.0 1.068820e+04 1.069528e+04 1.069576e+04 1.068869e+04
0.2 1.070559e+04 1.068205e+04 1.070843e+04 1.073197e+04
1.2 1.072064e+04 1.069579e+04 1.070815e+04 1.073299e+04
2.2 1.072407e+04 1.070451e+04 1.069806e+04 1.071762e+04
3.2 1.069701e+04 1.070786e+04 1.067702e+04 1.066617e+04
4.2 1.067509e+04 1.069659e+04 1.066264e+04 1.064114e+04
5.2 1.066999e+04 1.068846e+04 1.066581e+04 1.064734e+04
6.2 1.064915e+04 1.067410e+04 1.067533e+04 1.065038e+04
7.2 1.069605e+04 1.068575e+04 1.068261e+04 1.069291e+04
8.2 1.070148e+04 1.069460e+04 1.068665e+04 1.069354e+04
9.2 1.071414e+04 1.068980e+04 1.068840e+04 1.071273e+04
10.2 1.068993e+04 1.067428e+04 1.068871e+04 1.070437e+04
11.2 1.067573e+04 1.068111e+04 1.068833e+04 1.068295e+04
12.2 1.068303e+04 1.068424e+04 1.068777e+04 1.068656e+04
13.2 1.063702e+04 1.066205e+04 1.068731e+04 1.066227e+04
14.2 1.065344e+04 1.066135e+04 1.068701e+04 1.067910e+04
15.2 1.064469e+04 1.066929e+04 1.068685e+04 1.066224e+04
16.2 1.065347e+04 1.068796e+04 1.068752e+04 1.065304e+04
17.2 1.068820e+04 1.069528e+04 1.069576e+04 1.068869e+04
0.2 1.072064e+04 1.069579e+04 1.070815e+04 1.073299e+04
1.2 1.072407e+04 1.070451e+04 1.069806e+04 1.071762e+04
2.2 1.069701e+04 1.070786e+04 1.067702e+04 1.066617e+04
3.2 1.067509e+04 1.069659e+04 1.066264e+04 1.064114e+04
4.2 1.066999e+04 1.068846e+04 1.066581e+04 1.064734e+04
5.2 1.064915e+04 1.067410e+04 1.067533e+04 1.065038e+04
6.2 1.069605e+04 1.068575e+04 1.068261e+04 1.069291e+04
7.2 1.070148e+04 1.069460e+04 1.068665e+04 1.069354e+04
8.2 1.071414e+04 1.068980e+04 1.068840e+04 1.071273e+04
9.2 1.068993e+04 1.067428e+04 1.068871e+04 1.070437e+04
10.2 1.067573e+04 1.068111e+04 1.068833e+04 1.068295e+04
11.2 1.068303e+04 1.068424e+04 1.068777e+04 1.068656e+04
12.2 1.063702e+04 1.066205e+04 1.068731e+04 1.066227e+04
13.2 1.065344e+04 1.066135e+04 1.068701e+04 1.067910e+04
14.2 1.064469e+04 1.066929e+04 1.068685e+04 1.066224e+04
15.2 1.065347e+04 1.068796e+04 1.068752e+04 1.065304e+04
16.2 1.068820e+04 1.069528e+04 1.069576e+04 1.068869e+04
17.2 1.066734e+04 1.067498e+04 1.070254e+04 1.069489e+04
0.9 1.068820e+04 1.069528e+04 1.069576e+04 1.068869e+04
1.9 1.066734e+04 1.067498e+04 1.070254e+04 1.069489e+04
2.9 1.064871e+04 1.066608e+04 1.070083e+04 1.068345e+04
3.9 1.066828e+04 1.066448e+04 1.069954e+04 1.070334e+04
4.9 1.063318e+04 1.066176e+04 1.069632e+04 1.066774e+04
5.9 1.065097e+04 1.066583e+04 1.068776e+04 1.067290e+04
6.9 1.066517e+04 1.068128e+04 1.067692e+04 1.066082e+04
7.9 1.067334e+04 1.068963e+04 1.067563e+04 1.065933e+04
8.9 1.070378e+04 1.072122e+04 1.068273e+04 1.066529e+04
9.9 1.073060e+04 1.074754e+04 1.068109e+04 1.066415e+04
10.9 1.073876e+04 1.072444e+04 1.067293e+04 1.068726e+04
11.9 1.070442e+04 1.070531e+04 1.067240e+04 1.067152e+04
12.9 1.067913e+04 1.069259e+04 1.067854e+04 1.066507e+04
13.9 1.068495e+04 1.068042e+04 1.068385e+04 1.068838e+04
14.9 1.069368e+04 1.066514e+04 1.068670e+04 1.071524e+04
15.9 1.066244e+04 1.065855e+04 1.068788e+04 1.069177e+04
16.9 1.069231e+04 1.066440e+04 1.068811e+04 1.071602e+04
17.9 1.069718e+04 1.067220e+04 1.068784e+04 1.071282e+04
0.4 1.066734e+04 1.067498e+04 1.070254e+04 1.069489e+04
1.4 1.064871e+04 1.066608e+04 1.070083e+04 1.068345e+04
2.4 1.066828e+04 1.066448e+04 1.069954e+04 1.070334e+04
3.4 1.063318e+04 1.066176e+04 1.069632e+04 1.066774e+04
4.4 1.065097e+04 1.066583e+04 1.068776e+04 1.067290e+04
5.4 1.066517e+04 1.068128e+04 1.067692e+04 1.066082e+04
6.4 1.067334e+04 1.068963e+04 1.067563e+04 1.065933e+04
7.4 1.070378e+04 1.072122e+04 1.068273e+04 1.066529e+04
8.4 1.073060e+04 1.074754e+04 1.068109e+04 1.066415e+04
9.4 1.073876e+04 1.072444e+04 1.067293e+04 1.068726e+04
10.4 1.070442e+04 1.070531e+04 1.067240e+04 1.067152e+04
11.4 1.067913e+04 1.069259e+04 1.067854e+04 1.066507e+04
12.4 1.068495e+04 1.068042e+04 1.068385e+04 1.068838e+04
13.4 1.069368e+04 1.066514e+04 1.068670e+04 1.071524e+04
14.4 1.066244e+04 1.065855e+04 1.068788e+04 1.069177e+04
15.4 1.069231e+04 1.066440e+04 1.068811e+04 1.071602e+04
16.4 1.069718e+04 1.067220e+04 1.068784e+04 1.071282e+04
17.4 1.066979e+04 1.067604e+04 1.068743e+04 1.068118e+04
0.2 1.064871e+04 1.066608e+04 1.070083e+04 1.068345e+04
1.2 1.066828e+04 1.066448e+04 1.069954e+04 1.070334e+04
2.2 1.063318e+04 1.066176e+04 1.069632e+04 1.066774e+04
3.2 1.065097e+04 1.066583e+04 1.068776e+04 1.067290e+04
4.2 1.066517e+04 1.068128e+04 1.067692e+04 1.066082e+04
5.2 1.067334e+04 1.068963e+04 1.067563e+04 1.065933e+04
6.2 1.070378e+04 1.072122e+04 1.068273e+04 1.066529e+04
7.2 1.073060e+04 1.074754e+04 1.068109e+04 1.066415e+04
8.2 1.073876e+04 1.072444e+04 1.067293e+04 1.068726e+04
9.2 1.070442e+04 1.070531e+04 1.067240e+04 1.067152e+04
10.2 1.067913e+04 1.069259e+04 1.067854e+04 1.066507e+04
11.2 1.068495e+04 1.068042e+04 1.068385e+04 1.068838e+04
12.2 1.069368e+04 1.066514e+04 1.068670e+04 1.071524e+04
13.2 1.066244e+04 1.065855e+04 1.068788e+04 1.069177e+04
14.2 1.069231e+04 1.066440e+04 1.068811e+04 1.071602e+04
15.2 1.069718e+04 1.067220e+04 1.068784e+04 1.071282e+04
16.2 1.066979e+04 1.067604e+04 1.068743e+04 1.068118e+04
17.2 1.067332e+04 1.067352e+04 1.068794e+04 1.068773e+04
0.3 1.066828e+04 1.066448e+04 1.069954e+04 1.070334e+04
1.3 1.063318e+04 1.066176e+04 1.069632e+04 1.066774e+04
2.3 1.065097e+04 1.066583e+04 1.068776e+04 1.067290e+04
3.3 1.066517e+04 1.068128e+04 1.067692e+04 1.066082e+04
4.3 1.067334e+04 1.068963e+04 1.067563e+04 1.065933e+04
5.3 1.070378e+04 1.072122e+04 1.068273e+04 1.066529e+04
6.3 1.073060e+04 1.074754e+04 1.068109e+04 1.066415e+04
7.3 1.073876e+04 1.072444e+04 1.067293e+04 1.068726e+04
8.3 1.070442e+04 1.070531e+04 1.067240e+04 1.067152e+04
9.3 1.067913e+04 1.069259e+04 1.067854e+04 1.066507e+04
10.3 1.068495e+04 1.068042e+04 1.068385e+04 1.068838e+04
11.3 1.069368e+04 1.066514e+04 1.068670e+04 1.071524e+04
12.3 1.066244e+04 1.065855e+04 1.068788e+04 1.069177e+04
13.3 1.069231e+04 1.066440e+04 1.068811e+04 1.071602e+04
14.3 1.069718e+04 1.067220e+04 1.068784e+04 1.071282e+04
15.3 1.066979e+04 1.067604e+04 1.068743e+04 1.068118e+04
16.3 1.067332e+04 1.067352e+04 1.068794e+04 1.068773e+04
17.3 1.069275e+04 1.067510e+04 1.069620e+04 1.071385e+04
0.2 1.063318e+04 1.066176e+04 1.069632e+04 1.066774e+04
1.2 1.065097e+04 1.066583e+04 1.068776e+04 1.067290e+04
2.2 1.066517e+04 1.068128e+04 1.067692e+04 1.066082e+04
3.2 1.067334e+04 1.068963e+04 1.067563e+04 1.065933e+04
4.2 1.070378e+04 1.072122e+04 1.068273e+04 1.066529e+04
5.2 1.073060e+04 1.074754e+04 1.068109e+04 1.066415e+04
6.2 1.073876e+04 1.072444e+04 1.067293e+04 1.068726e+04
7.2 1.070442e+04 1.070531e+04 1.067240e+04 1.067152e+04
8.2 1.067913e+04 1.069259e+04 1.067854e+04 1.066507e+04
9.2 1.068495e+04 1.068042e+04 1.068385e+04 1.068838e+04
10.2 1.069368e+04 1.066514e+04 1.068670e+04 1.071524e+04
11.2 1.066244e+04 1.065855e+04 1.068788e+04 1.069177e+04
12.2 1.069231e+04 1.066440e+04 1.068811e+04 1.071602e+04
13.2 1.069718e+04 1.067220e+04 1.068784e+04 1.071282e+04
14.2 1.066979e+04 1.067604e+04 1.068743e+04 1.068118e+04
15.2 1.067332e+04 1.067352e+04 1.068794e+04 1.068773e+04
16.2 1.069275e+04 1.067510e+04 1.069620e+04 1.071385e+04
17.2 1.068915e+04 1.068662e+04 1.070456e+04 1.070709e+04
0.4 1.066517e+04 1.068128e+04 1.067692e+04 1.066082e+04
1.4 1.067334e+04 1.068963e+04 1.067563e+04 1.065933e+04
2.4 1.070378e+04 1.072122e+04 1.068273e+04 1.066529e+04
3.4 1.073060e+04 1.074754e+04 1.068109e+04 1.066415e+04
4.4 1.073876e+04 1.072444e+04 1.067293e+04 1.068726e+04
5.4 1.070442e+04 1.070531e+04 1.067240e+04 1.067152e+04
6.4 1.067913e+04 1.069259e+04 1.067854e+04 1.066507e+04
7.4 1.068495e+04 1.068042e+04 1.068385e+04 1.068838e+04
8.4 1.069368e+04 1.066514e+04 1.068670e+04 1.071524e+04
9.4 1.066244e+04 1.065855e+04 1.068788e+04 1.069177e+04
10.4 1.069231e+04 1.066440e+04 1.068811e+04 1.071602e+04
11.4 1.069718e+04 1.067220e+04 1.068784e+04 1.071282e+04
12.4 1.066979e+04 1.067604e+04 1.068743e+04 1.068118e+04
13.4 1.067332e+04 1.067352e+04 1.068794e+04 1.068773e+04
14.4 1.069275e+04 1.067510e+04 1.069620e+04 1.071385e+04
15.4 1.068915e+04 1.068662e+04 1.070456e+04 1.070709e+04
16.4 1.069500e+04 1.068104e+04 1.069930e+04 1.071326e+04
17.4 1.070243e+04 1.066990e+04 1.069137e+04 1.072390e+04
1.0 1.070378e+04 1.072122e+04 1.068273e+04 1.066529e+04
2.0 1.073060e+04 1.074754e+04 1.068109e+04 1.066415e+04
3.0 1.073876e+04 1.072444e+04 1.067293e+04 1.068726e+04
4.0 1.070442e+04 1.070531e+04 1.067240e+04 1.067152e+04
5.0 1.067913e+04 1.069259e+04 1.067854e+04 1.066507e+04
6.0 1.068495e+04 1.068042e+04 1.068385e+04 1.068838e+04
7.0 1.069368e+04 1.066514e+04 1.068670e+04 1.071524e+04
8.0 1.066244e+04 1.065855e+04 1.068788e+04 1.069177e+04
9.0 1.069231e+04 1.066440e+04 1.068811e+04 1.071602e+04
10.0 1.069718e+04 1.067220e+04 1.068784e+04 1.071282e+04
11.0 1.066979e+04 1.067604e+04 1.068743e+04 1.068118e+04
12.0 1.067332e+04 1.067352e+04 1.068794e+04 1.068773e+04
13.0 1.069275e+04 1.067510e+04 1.069620e+04 1.071385e+04
14.0 1.068915e+04 1.068662e+04 1.070456e+04 1.070709e+04
15.0 1.069500e+04 1.068104e+04 1.069930e+04 1.071326e+04
16.0 1.070243e+04 1.066990e+04 1.069137e+04 1.072390e+04
17.0 1.070650e+04 1.069207e+04 1.068858e+04 1.070302e+04
18.0 1.069872e+04 1.069068e+04 1.068345e+04 1.069149e+04
0.9 1.069275e+04 1.067510e+04 1.069620e+04 1.071385e+04
1.9 1.068915e+04 1.068662e+04 1.070456e+04 1.070709e+04
2.9 1.069500e+04 1.068104e+04 1.069930e+04 1.071326e+04
3.9 1.070243e+04 1.066990e+04 1.069137e+04 1.072390e+04
4.9 1.070650e+04 1.069207e+04 1.068858e+04 1.070302e+04
5.9 1.069872e+04 1.069068e+04 1.068345e+04 1.069149e+04
6.9 1.068301e+04 1.070289e+04 1.067321e+04 1.065333e+04
7.9 1.068849e+04 1.069948e+04 1.067008e+04 1.065909e+04
8.9 1.070297e+04 1.068658e+04 1.068453e+04 1.070093e+04
9.9 1.069285e+04 1.069603e+04 1.069847e+04 1.069529e+04
10.9 1.070030e+04 1.069105e+04 1.069788e+04 1.070713e+04
11.9 1.066396e+04 1.068725e+04 1.069214e+04 1.066886e+04
12.9 1.068252e+04 1.068838e+04 1.068118e+04 1.067532e+04
13.9 1.069393e+04 1.069857e+04 1.067098e+04 1.066634e+04
14.9 1.070619e+04 1.069503e+04 1.067224e+04 1.068340e+04
15.9 1.068385e+04 1.068873e+04 1.067929e+04 1.067441e+04
16.9 1.067513e+04 1.068497e+04 1.069243e+04 1.068259e+04
17.9 1.065955e+04 1.068200e+04 1.070287e+04 1.068042e+04
0.6 1.068915e+04 1.068662e+04 1.070456e+04 1.070709e+04
1.6 1.069500e+04 1.068104e+04 1.069930e+04 1.071326e+04
2.6 1.070243e+04 1.066990e+04 1.069137e+04 1.072390e+04
3.6 1.070650e+04 1.069207e+04 1.068858e+04 1.070302e+04
4.6 1.069872e+04 1.069068e+04 1.068345e+04 1.069149e+04
5.6 1.068301e+04 1.070289e+04 1.067321e+04 1.065333e+04
6.6 1.068849e+04 1.069948e+04 1.067008e+04 1.065909e+04
7.6 1.070297e+04 1.068658e+04 1.068453e+04 1.070093e+04
8.6 1.069285e+04 1.069603e+04 1.069847e+04 1.069529e+04
9.6 1.070030e+04 1.069105e+04 1.069788e+04 1.070713e+04
10.6 1.066396e+04 1.068725e+04 1.069214e+04 1.066886e+04
11.6 1.068252e+04 1.068838e+04 1.068118e+04 1.067532e+04
12.6 1.069393e+04 1.069857e+04 1.067098e+04 1.066634e+04
13.6 1.070619e+04 1.069503e+04 1.067224e+04 1.068340e+04
14.6 1.068385e+04 1.068873e+04 1.067929e+04 1.067441e+04
15.6 1.067513e+04 1.068497e+04 1.069243e+04 1.068259e+04
16.6 1.065955e+04 1.068200e+04 1.070287e+04 1.068042e+04
17.6 1.064299e+04 1.066643e+04 1.070201e+04 1.067856e+04
0.0 1.069500e+04 1.068104e+04 1.069930e+04 1.071326e+04
1.0 1.070243e+04 1.066990e+04 1.069137e+04 1.072390e+04
2.0 1.070650e+04 1.069207e+04 1.068858e+04 1.070302e+04
3.0 1.069872e+04 1.069068e+04 1.068345e+04 1.069149e+04
4.0 1.068301e+04 1.070289e+04 1.067321e+04 1.065333e+04
5.0 1.068849e+04 1.069948e+04 1.067008e+04 1.065909e+04
6.0 1.070297e+04 1.068658e+04 1.068453e+04 1.070093e+04
7.0 1.069285e+04 1.069603e+04 1.069847e+04 1.069529e+04
8.0 1.070030e+04 1.069105e+04 1.069788e+04 1.070713e+04
9.0 1.066396e+04 1.068725e+04 1.069214e+04 1.066886e+04
10.0 1.068252e+04 1.068838e+04 1.068118e+04 1.067532e+04
11.0 1.069393e+04 1.069857e+04 1.067098e+04 1.066634e+04
12.0 1.070619e+04 1.069503e+04 1.067224e+04 1.068340e+04
13.0 1.068385e+04 1.068873e+04 1.067929e+04 1.067441e+04
14.0 1.067513e+04 1.068497e+04 1.069243e+04 1.068259e+04
15.0 1.065955e+04 1.068200e+04 1.070287e+04 1.068042e+04
16.0 1.064299e+04 1.066643e+04 1.070201e+04 1.067856e+04
17.0 1.065674e+04 1.067806e+04 1.069869e+04 1.067736e+04
0.6 1.070650e+04 1.069207e+04 1.068858e+04 1.070302e+04
1.6 1.069872e+04 1.069068e+04 1.068345e+04 1.069149e+04
2.6 1.068301e+04 1.070289e+04 1.067321e+04 1.065333e+04
3.6 1.068849e+04 1.069948e+04 1.067008e+04 1.065909e+04
4.6 1.070297e+04 1.068658e+04 1.068453e+04 1.070093e+04
5.6 1.069285e+04 1.069603e+04 1.069847e+04 1.069529e+04
6.6 1.070030e+04 1.069105e+04 1.069788e+04 1.070713e+04
7.6 1.066396e+04 1.068725e+04 1.069214e+04 1.066886e+04
8.6 1.068252e+04 1.068838e+04 1.068118e+04 1.067532e+04
9.6 1.069393e+04 1.069857e+04 1.067098e+04 1.066634e+04
10.6 1.070619e+04 1.069503e+04 1.067224e+04 1.068340e+04
11.6 1.068385e+04 1.068873e+04 1.067929e+04 1.067441e+04
12.6 1.067513e+04 1.068497e+04 1.069243e+04 1.068259e+04
13.6 1.065955e+04 1.068200e+04 1.070287e+04 1.068042e+04
14.6 1.064299e+04 1.066643e+04 1.070201e+04 1.067856e+04
15.6 1.065674e+04 1.067806e+04 1.069869e+04 1.067736e+04
16.6 1.065874e+04 1.068600e+04 1.069368e+04 1.066642e+04
17.6 1.070104e+04 1.070270e+04 1.067952e+04 1.067786e+04
1.0 1.070297e+04 1.068658e+04 1.068453e+04 1.070093e+04
2.0 1.069285e+04 1.069603e+04 1.069847e+04 1.069529e+04
3.0 1.070030e+04 1.069105e+04 1.069788e+04 1.070713e+04
4.0 1.066396e+04 1.068725e+04 1.069214e+04 1.066886e+04
5.0 1.068252e+04 1.068838e+04 1.068118e+04 1.067532e+04
6.0 1.069393e+04 1.069857e+04 1.067098e+04 1.066634e+04
7.0 1.070619e+04 1.069503e+04 1.067224e+04 1.068340e+04
8.0 1.068385e+04 1.068873e+04 1.067929e+04 1.067441e+04
9.0 1.067513e+04 1.068497e+04 1.069243e+04 1.068259e+04
10.0 1.065955e+04 1.068200e+04 1.070287e+04 1.068042e+04
11.0 1.064299e+04 1.066643e+04 1.070201e+04 1.067856e+04
12.0 1.065674e+04 1.067806e+04 1.069869e+04 1.067736e+04
13.0 1.065874e+04 1.068600e+04 1.069368e+04 1.066642e+04
14.0 1.070104e+04 1.070270e+04 1.067952e+04 1.067786e+04
15.0 1.070871e+04 1.071131e+04 1.066832e+04 1.066571e+04
16.0 1.069370e+04 1.070553e+04 1.067860e+04 1.066677e+04
17.0 1.069394e+04 1.069406e+04 1.068702e+04 1.068690e+04
18.0 1.068408e+04 1.068857e+04 1.068098e+04 1.067650e+04
0.6 1.069285e+04 1.069603e+04 1.069847e+04 1.069529e+04
1.6 1.070030e+04 1.069105e+04 1.069788e+04 1.070713e+04
2.6 1.066396e+04 1.068725e+04 1.069214e+04 1.066886e+04
3.6 1.068252e+04 1.068838e+04 1.068118e+04 1.067532e+04
4.6 1.069393e+04 1.069857e+04 1.067098e+04 1.066634e+04
5.6 1.070619e+04 1.069503e+04 1.067224e+04 1.068340e+04
6.6 1.068385e+04 1.068873e+04 1.067929e+04 1.067441e+04
7.6 1.067513e+04 1.068497e+04 1.069243e+04 1.068259e+04
8.6 1.065955e+04 1.068200e+04 1.070287e+04 1.068042e+04
9.6 1.064299e+04 1.066643e+04 1.070201e+04 1.067856e+04
10.6 1.065674e+04 1.067806e+04 1.069869e+04 1.067736e+04
11.6 1.065874e+04 1.068600e+04 1.069368e+04 1.066642e+04
12.6 1.070104e+04 1.070270e+04 1.067952e+04 1.067786e+04
13.6 1.070871e+04 1.071131e+04 1.066832e+04 1.066571e+04
14.6 1.069370e+04 1.070553e+04 1.067860e+04 1.066677e+04
15.6 1.069394e+04 1.069406e+04 1.068702e+04 1.068690e+04
16.6 1.068408e+04 1.068857e+04 1.068098e+04 1.067650e+04
17.6 1.070946e+04 1.072164e+04 1.068608e+04 1.067391e+04
0.2 1.070030e+04 1.069105e+04 1.069788e+04 1.070713e+04
1.2 1.066396e+04 1.068725e+04 1.069214e+04 1.066886e+04
2.2 1.068252e+04 1.068838e+04 1.068118e+04 1.067532e+04
3.2 1.069393e+04 1.069857e+04 1.067098e+04 1.066634e+04
4.2 1.070619e+04 1.069503e+04 1.067224e+04 1.068340e+04
5.2 1.068385e+04 1.068873e+04 1.067929e+04 1.067441e+04
6.2 1.067513e+04 1.068497e+04 1.069243e+04 1.068259e+04
7.2 1.065955e+04 1.068200e+04 1.070287e+04 1.068042e+04
8.2 1.064299e+04 1.066643e+04 1.070201e+04 1.067856e+04
9.2 1.065674e+04 1.067806e+04 1.069869e+04 1.067736e+04
10.2 1.065874e+04 1.068600e+04 1.069368e+04 1.066642e+04
11.2 1.070104e+04 1.070270e+04 1.067952e+04 1.067786e+04
12.2 1.070871e+04 1.071131e+04 1.066832e+04 1.066571e+04
13.2 1.069370e+04 1.070553e+04 1.067860e+04 1.066677e+04
14.2 1.069394e+04 1.069406e+04 1.068702e+04 1.068690e+04
15.2 1.068408e+04 1.068857e+04 1.068098e+04 1.067650e+04
16.2 1.070946e+04 1.072164e+04 1.068608e+04 1.067391e+04
17.2 1.070362e+04 1.071903e+04 1.069992e+04 1.068451e+04
0.9 1.067513e+04 1.068497e+04 1.069243e+04 1.068259e+04
1.9 1.065955e+04 1.068200e+04 1.070287e+04 1.068042e+04
2.9 1.064299e+04 1.066643e+04 1.070201e+04 1.067856e+04
3.9 1.065674e+04 1.067806e+04 1.069869e+04 1.067736e+04
4.9 1.065874e+04 1.068600e+04 1.069368e+04 1.066642e+04
5.9 1.070104e+04 1.070270e+04 1.067952e+04 1.067786e+04
6.9 1.070871e+04 1.071131e+04 1.066832e+04 1.066571e+04
7.9 1.069370e+04 1.070553e+04 1.067860e+04 1.066677e+04
8.9 1.069394e+04 1.069406e+04 1.068702e+04 1.068690e+04
9.9 1.068408e+04 1.068857e+04 1.068098e+04 1.067650e+04
10.9 1.070946e+04 1.072164e+04 1.068608e+04 1.067391e+04
11.9 1.070362e+04 1.071903e+04 1.069992e+04 1.068451e+04
12.9 1.069263e+04 1.068864e+04 1.070055e+04 1.070455e+04
13.9 1.069316e+04 1.067679e+04 1.069297e+04 1.070934e+04
14.9 1.069224e+04 1.067479e+04 1.068767e+04 1.070512e+04
15.9 1.069513e+04 1.068897e+04 1.068386e+04 1.069003e+04
16.9 1.068862e+04 1.069008e+04 1.068405e+04 1.068260e+04
17.9 1.073340e+04 1.070174e+04 1.068166e+04 1.071331e+04
0.4 1.065955e+04 1.068200e+04 1.070287e+04 1.068042e+04
1.4 1.064299e+04 1.066643e+04 1.070201e+04 1.067856e+04
2.4 1.065674e+04 1.067806e+04 1.069869e+04 1.067736e+04
3.4 1.065874e+04 1.068600e+04 1.069368e+04 1.066642e+04
4.4 1.070104e+04 1.070270e+04 1.067952e+04 1.067786e+04
5.4 1.070871e+04 1.071131e+04 1.066832e+04 1.066571e+04
6.4 1.069370e+04 1.070553e+04 1.067860e+04 1.066677e+04
7.4 1.069394e+04 1.069406e+04 1.068702e+04 1.068690e+04
8.4 1.068408e+04 1.068857e+04 1.068098e+04 1.067650e+04
9.4 1.070946e+04 1.072164e+04 1.068608e+04 1.067391e+04
10.4 1.070362e+04 1.071903e+04 1.069992e+04 1.068451e+04
11.4 1.069263e+04 1.068864e+04 1.070055e+04 1.070455e+04
12.4 1.069316e+04 1.067679e+04 1.069297e+04 1.070934e+04
13.4 1.069224e+04 1.067479e+04 1.068767e+04 1.070512e+04
14.4 1.069513e+04 1.068897e+04 1.068386e+04 1.069003e+04
15.4 1.068862e+04 1.069008e+04 1.068405e+04 1.068260e+04
16.4 1.073340e+04 1.070174e+04 1.068166e+04 1.071331e+04
17.4 1.071682e+04 1.069231e+04 1.067422e+04 1.069874e+04
0.2 1.064299e+04 1.066643e+04 1.070201e+04 1.067856e+04
1.2 1.065674e+04 1.067806e+04 1.069869e+04 1.067736e+04
2.2 1.065874e+04 1.068600e+04 1.069368e+04 1.066642e+04
3.2 1.070104e+04 1.070270e+04 1.067952e+04 1.067786e+04
4.2 1.070871e+04 1.071131e+04 1.066832e+04 1.066571e+04
5.2 1.069370e+04 1.070553e+04 1.067860e+04 1.066677e+04
6.2 1.069394e+04 1.069406e+04 1.068702e+04 1.068690e+04
7.2 1.068408e+04 1.068857e+04 1.068098e+04 1.067650e+04
8.2 1.070946e+04 1.072164e+04 1.068608e+04 1.067391e+04
9.2 1.070362e+04 1.071903e+04 1.069992e+04 1.068451e+04
10.2 1.069263e+04 1.068864e+04 1.070055e+04 1.070455e+04
11.2 1.069316e+04 1.067679e+04 1.069297e+04 1.070934e+04
12.2 1.069224e+04 1.067479e+04 1.068767e+04 1.070512e+04
13.2 1.069513e+04 1.068897e+04 1.068386e+04 1.069003e+04
14.2 1.068862e+04 1.069008e+04 1.068405e+04 1.068260e+04
15.2 1.073340e+04 1.070174e+04 1.068166e+04 1.071331e+04
16.2 1.071682e+04 1.069231e+04 1.067422e+04 1.069874e+04
17.2 1.067597e+04 1.068671e+04 1.067330e+04 1.066256e+04
0.2 1.065674e+04 1.067806e+04 1.069869e+04 1.067736e+04
1.2 1.065874e+04 1.068600e+04 1.069368e+04 1.066642e+04
2.2 1.070104e+04 1.070270e+04 1.067952e+04 1.067786e+04
3.2 1.070871e+04 1.071131e+04 1.066832e+04 1.066571e+04
4.2 1.069370e+04 1.070553e+04 1.067860e+04 1.066677e+04
5.2 1.069394e+04 1.069406e+04 1.068702e+04 1.068690e+04
6.2 1.068408e+04 1.068857e+04 1.068098e+04 1.067650e+04
7.2 1.070946e+04 1.072164e+04 1.068608e+04 1.067391e+04
8.2 1.070362e+04 1.071903e+04 1.069992e+04 1.068451e+04
9.2 1.069263e+04 1.068864e+04 1.070055e+04 1.070455e+04
10.2 1.069316e+04 1.067679e+04 1.069297e+04 1.070934e+04
11.2 1.069224e+04 1.067479e+04 1.068767e+04 1.070512e+04
12.2 1.069513e+04 1.068897e+04 1.068386e+04 1.069003e+04
13.2 1.068862e+04 1.069008e+04 1.068405e+04 1.068260e+04
14.2 1.073340e+04 1.070174e+04 1.068166e+04 1.071331e+04
15.2 1.071682e+04 1.069231e+04 1.067422e+04 1.069874e+04
16.2 1.067597e+04 1.068671e+04 1.067330e+04 1.066256e+04
17.2 1.067698e+04 1.067698e+04 1.067896e+04 1.067896e+04
0.1 1.070871e+04 1.071131e+04 1.066832e+04 1.066571e+04
1.1 1.069370e+04 1.070553e+04 1.067860e+04 1.066677e+04
2.1 1.069394e+04 1.069406e+04 1.068702e+04 1.068690e+04
3.1 1.068408e+04 1.068857e+04 1.068098e+04 1.067650e+04
4.1 1.070946e+04 1.072164e+04 1.068608e+04 1.067391e+04
5.1 1.070362e+04 1.071903e+04 1.069992e+04 1.068451e+04
6.1 1.069263e+04 1.068864e+04 1.070055e+04 1.070455e+04
7.1 1.069316e+04 1.067679e+04 1.069297e+04 1.070934e+04
8.1 1.069224e+04 1.067479e+04 1.068767e+04 1.070512e+04
9.1 1.069513e+04 1.068897e+04 1.068386e+04 1.069003e+04
10.1 1.068862e+04 1.069008e+04 1.068405e+04 1.068260e+04
11.1 1.073340e+04 1.070174e+04 1.068166e+04 1.071331e+04
12.1 1.071682e+04 1.069231e+04 1.067422e+04 1.069874e+04
13.1 1.067597e+04 1.068671e+04 1.067330e+04 1.066256e+04
14.1 1.067698e+04 1.067698e+04 1.067896e+04 1.067896e+04
15.1 1.069314e+04 1.068915e+04 1.068410e+04 1.068809e+04
16.1 1.065811e+04 1.067648e+04 1.068692e+04 1.066855e+04
17.1 1.065400e+04 1.066534e+04 1.068810e+04 1.067675e+04
0.8 1.070946e+04 1.072164e+04 1.068608e+04 1.067391e+04
1.8 1.070362e+04 1.071903e+04 1.069992e+04 1.068451e+04
2.8 1.069263e+04 1.068864e+04 1.070055e+04 1.070455e+04
3.8 1.069316e+04 1.067679e+04 1.069297e+04 1.070934e+04
4.8 1.069224e+04 1.067479e+04 1.068767e+04 1.070512e+04
5.8 1.069513e+04 1.068897e+04 1.068386e+04 1.069003e+04
6.8 1.068862e+04 1.069008e+04 1.068405e+04 1.068260e+04
7.8 1.073340e+04 1.070174e+04 1.068166e+04 1.071331e+04
8.8 1.071682e+04 1.069231e+04 1.067422e+04 1.069874e+04
9.8 1.067597e+04 1.068671e+04 1.067330e+04 1.066256e+04
10.8 1.067698e+04 1.067698e+04 1.067896e+04 1.067896e+04
11.8 1.069314e+04 1.068915e+04 1.068410e+04 1.068809e+04
12.8 1.065811e+04 1.067648e+04 1.068692e+04 1.066855e+04
13.8 1.065400e+04 1.066534e+04 1.068810e+04 1.067675e+04
14.8 1.067379e+04 1.067093e+04 1.068832e+04 1.069118e+04
15.8 1.068693e+04 1.067878e+04 1.068805e+04 1.069620e+04
16.8 1.070603e+04 1.067541e+04 1.068764e+04 1.071825e+04
17.8 1.068293e+04 1.068273e+04 1.068726e+04 1.068747e+04
0.7 1.070362e+04 1.071903e+04 1.069992e+04 1.068451e+04
1.7 1.069263e+04 1.068864e+04 1.070055e+04 1.070455e+04
2.7 1.069316e+04 1.067679e+04 1.069297e+04 1.070934e+04
3.7 1.069224e+04 1.067479e+04 1.068767e+04 1.070512e+04
4.7 1.069513e+04 1.068897e+04 1.068386e+04 1.069003e+04
5.7 1.068862e+04 1.069008e+04 1.068405e+04 1.068260e+04
6.7 1.073340e+04 1.070174e+04 1.068166e+04 1.071331e+04
7.7 1.071682e+04 1.069231e+04 1.067422e+04 1.069874e+04
8.7 1.067597e+04 1.068671e+04 1.067330e+04 1.066256e+04
9.7 1.067698e+04 1.067698e+04 1.067896e+04 1.067896e+04
10.7 1.069314e+04 1.068915e+04 1.068410e+04 1.068809e+04
11.7 1.065811e+04 1.067648e+04 1.068692e+04 1.066855e+04
12.7 1.065400e+04 1.066534e+04 1.068810e+04 1.067675e+04
13.7 1.067379e+04 1.067093e+04 1.068832e+04 1.069118e+04
14.7 1.068693e+04 1.067878e+04 1.068805e+04 1.069620e+04
15.7 1.070603e+04 1.067541e+04 1.068764e+04 1.071825e+04
16.7 1.068293e+04 1.068273e+04 1.068726e+04 1.068747e+04
17.7 1.068481e+04 1.066958e+04 1.068700e+04 1.070223e+04
0.2 1.069263e+04 1.068864e+04 1.070055e+04 1.070455e+04
1.2 1.069316e+04 1.067679e+04 1.069297e+04 1.070934e+04
2.2 1.069224e+04 1.067479e+04 1.068767e+04 1.070512e+04
3.2 1.069513e+04 1.068897e+04 1.068386e+04 1.069003e+04
4.2 1.068862e+04 1.069008e+04 1.068405e+04 1.068260e+04
5.2 1.073340e+04 1.070174e+04 1.068166e+04 1.071331e+04
6.2 1.071682e+04 1.069231e+04 1.067422e+04 1.069874e+04
7.2 1.067597e+04 1.068671e+04 1.067330e+04 1.066256e+04
8.2 1.067698e+04 1.067698e+04 1.067896e+04 1.067896e+04
9.2 1.069314e+04 1.068915e+04 1.068410e+04 1.068809e+04
10.2 1.065811e+04 1.067648e+04 1.068692e+04 1.066855e+04
11.2 1.065400e+04 1.066534e+04 1.068810e+04 1.067675e+04
12.2 1.067379e+04 1.067093e+04 1.068832e+04 1.069118e+04
13.2 1.068693e+04 1.067878e+04 1.068805e+04 1.069620e+04
14.2 1.070603e+04 1.067541e+04 1.068764e+04 1.071825e+04
15.2 1.068293e+04 1.068273e+04 1.068726e+04 1.068747e+04
16.2 1.068481e+04 1.066958e+04 1.068700e+04 1.070223e+04
17.2 1.068295e+04 1.066880e+04 1.068842e+04 1.070257e+04
0.6 1.069224e+04 1.067479e+04 1.068767e+04 1.070512e+04
1.6 1.069513e+04 1.068897e+04 1.068386e+04 1.069003e+04
2.6 1.068862e+04 1.069008e+04 1.068405e+04 1.068260e+04
3.6 1.073340e+04 1.070174e+04 1.068166e+04 1.071331e+04
4.6 1.071682e+04 1.069231e+04 1.067422e+04 1.069874e+04
5.6 1.067597e+04 1.068671e+04 1.067330e+04 1.066256e+04
6.6 1.067698e+04 1.067698e+04 1.067896e+04 1.067896e+04
7.6 1.069314e+04 1.068915e+04 1.068410e+04 1.068809e+04
8.6 1.065811e+04 1.067648e+04 1.068692e+04 1.066855e+04
9.6 1.065400e+04 1.066534e+04 1.068810e+04 1.067675e+04
10.6 1.067379e+04 1.067093e+04 1.068832e+04 1.069118e+04
11.6 1.068693e+04 1.067878e+04 1.068805e+04 1.069620e+04
12.6 1.070603e+04 1.067541e+04 1.068764e+04 1.071825e+04
13.6 1.068293e+04 1.068273e+04 1.068726e+04 1.068747e+04
14.6 1.068481e+04 1.066958e+04 1.068700e+04 1.070223e+04
15.6 1.068295e+04 1.066880e+04 1.068842e+04 1.070257e+04
16.6 1.069422e+04 1.067357e+04 1.069690e+04 1.071755e+04
17.6 1.068999e+04 1.068757e+04 1.070392e+04 1.070634e+04
1.0 1.068862e+04 1.069008e+04 1.068405e+04 1.068260e+04
2.0 1.073340e+04 1.070174e+04 1.068166e+04 1.071331e+04
3.0 1.071682e+04 1.069231e+04 1.067422e+04 1.069874e+04
4.0 1.067597e+04 1.068671e+04 1.067330e+04 1.066256e+04
5.0 1.067698e+04 1.067698e+04 1.067896e+04 1.067896e+04
6.0 1.069314e+04 1.068915e+04 1.068410e+04 1.068809e+04
7.0 1.065811e+04 1.067648e+04 1.068692e+04 1.066855e+04
8.0 1.065400e+04 1.066534e+04 1.068810e+04 1.067675e+04
9.0 1.067379e+04 1.067093e+04 1.068832e+04 1.069118e+04
10.0 1.068693e+04 1.067878e+04 1.068805e+04 1.069620e+04
11.0 1.070603e+04 1.067541e+04 1.068764e+04 1.071825e+04
12.0 1.068293e+04 1.068273e+04 1.068726e+04 1.068747e+04
13.0 1.068481e+04 1.066958e+04 1.068700e+04 1.070223e+04
14.0 1.068295e+04 1.066880e+04 1.068842e+04 1.070257e+04
15.0 1.069422e+04 1.067357e+04 1.069690e+04 1.071755e+04
16.0 1.068999e+04 1.068757e+04 1.070392e+04 1.070634e+04
17.0 1.067071e+04 1.068643e+04 1.069849e+04 1.068277e+04
18.0 1.067614e+04 1.068073e+04 1.069133e+04 1.068674e+04
0.1 1.068295e+04 1.066880e+04 1.068842e+04 1.070257e+04
1.1 1.069422e+04 1.067357e+04 1.069690e+04 1.071755e+04
2.1 1.068999e+04 1.068757e+04 1.070392e+04 1.070634e+04
3.1 1.067071e+04 1.068643e+04 1.069849e+04 1.068277e+04
4.1 1.067614e+04 1.068073e+04 1.069133e+04 1.068674e+04
5.1 1.070106e+04 1.069388e+04 1.068869e+04 1.069587e+04
6.1 1.067981e+04 1.070095e+04 1.068286e+04 1.066172e+04
7.1 1.071559e+04 1.070891e+04 1.067246e+04 1.067913e+04
8.1 1.069619e+04 1.070426e+04 1.066891e+04 1.066084e+04
9.1 1.066558e+04 1.068414e+04 1.067484e+04 1.065628e+04
10.1 1.066761e+04 1.066304e+04 1.068148e+04 1.068606e+04
11.1 1.064179e+04 1.066330e+04 1.068569e+04 1.066418e+04
12.1 1.062731e+04 1.066596e+04 1.069425e+04 1.065560e+04
13.1 1.066604e+04 1.067272e+04 1.070753e+04 1.070086e+04
14.1 1.070259e+04 1.069910e+04 1.070413e+04 1.070762e+04
15.1 1.067946e+04 1.070236e+04 1.068341e+04 1.066051e+04
16.1 1.070788e+04 1.071570e+04 1.067929e+04 1.067147e+04
17.1 1.069993e+04 1.071041e+04 1.068855e+04 1.067807e+04
0.7 1.068999e+04 1.068757e+04 1.070392e+04 1.070634e+04
1.7 1.067071e+04 1.068643e+04 1.069849e+04 1.068277e+04
2.7 1.067614e+04 1.068073e+04 1.069133e+04 1.068674e+04
3.7 1.070106e+04 1.069388e+04 1.068869e+04 1.069587e+04
4.7 1.067981e+04 1.070095e+04 1.068286e+04 1.066172e+04
5.7 1.071559e+04 1.070891e+04 1.067246e+04 1.067913e+04
6.7 1.069619e+04 1.070426e+04 1.066891e+04 1.066084e+04
7.7 1.066558e+04 1.068414e+04 1.067484e+04 1.065628e+04
8.7 1.066761e+04 1.066304e+04 1.068148e+04 1.068606e+04
9.7 1.064179e+04 1.066330e+04 1.068569e+04 1.066418e+04
10.7 1.062731e+04 1.066596e+04 1.069425e+04 1.065560e+04
11.7 1.066604e+04 1.067272e+04 1.070753e+04 1.070086e+04
12.7 1.070259e+04 1.069910e+04 1.070413e+04 1.070762e+04
13.7 1.067946e+04 1.070236e+04 1.068341e+04 1.066051e+04
14.7 1.070788e+04 1.071570e+04 1.067929e+04 1.067147e+04
15.7 1.069993e+04 1.071041e+04 1.068855e+04 1.067807e+04
16.7 1.067671e+04 1.068985e+04 1.069208e+04 1.067893e+04
17.7 1.069195e+04 1.068289e+04 1.069315e+04 1.070221e+04
0.1 1.067071e+04 1.068643e+04 1.069849e+04 1.068277e+04
1.1 1.067614e+04 1.068073e+04 1.069133e+04 1.068674e+04
2.1 1.070106e+04 1.069388e+04 1.068869e+04 1.069587e+04
3.1 1.067981e+04 1.070095e+04 1.068286e+04 1.066172e+04
4.1 1.071559e+04 1.070891e+04 1.067246e+04 1.067913e+04
5.1 1.069619e+04 1.070426e+04 1.066891e+04 1.066084e+04
6.1 1.066558e+04 1.068414e+04 1.067484e+04 1.065628e+04
7.1 1.066761e+04 1.066304e+04 1.068148e+04 1.068606e+04
8.1 1.064179e+04 1.066330e+04 1.068569e+04 1.066418e+04
9.1 1.062731e+04 1.066596e+04 1.069425e+04 1.065560e+04
10.1 1.066604e+04 1.067272e+04 1.070753e+04 1.070086e+04
11.1 1.070259e+04 1.069910e+04 1.070413e+04 1.070762e+04
12.1 1.067946e+04 1.070236e+04 1.068341e+04 1.066051e+04
13.1 1.070788e+04 1.071570e+04 1.067929e+04 1.067147e+04
14.1 1.069993e+04 1.071041e+04 1.068855e+04 1.067807e+04
15.1 1.067671e+04 1.068985e+04 1.069208e+04 1.067893e+04
16.1 1.069195e+04 1.068289e+04 1.069315e+04 1.070221e+04
17.1 1.070452e+04 1.068166e+04 1.069117e+04 1.071403e+04
0.7 1.070106e+04 1.069388e+04 1.068869e+04 1.069587e+04
1.7 1.067981e+04 1.070095e+04 1.068286e+04 1.066172e+04
2.7 1.071559e+04 1.070891e+04 1.067246e+04 1.067913e+04
3.7 1.069619e+04 1.070426e+04 1.066891e+04 1.066084e+04
4.7 1.066558e+04 1.068414e+04 1.067484e+04 1.065628e+04
5.7 1.066761e+04 1.066304e+04 1.068148e+04 1.068606e+04
6.7 1.064179e+04 1.066330e+04 1.068569e+04 1.066418e+04
7.7 1.062731e+04 1.066596e+04 1.069425e+04 1.065560e+04
8.7 1.066604e+04 1.067272e+04 1.070753e+04 1.070086e+04
9.7 1.070259e+04 1.069910e+04 1.070413e+04 1.070762e+04
10.7 1.067946e+04 1.070236e+04 1.068341e+04 1.066051e+04
11.7 1.070788e+04 1.071570e+04 1.067929e+04 1.067147e+04
12.7 1.069993e+04 1.071041e+04 1.068855e+04 1.067807e+04
13.7 1.067671e+04 1.068985e+04 1.069208e+04 1.067893e+04
14.7 1.069195e+04 1.068289e+04 1.069315e+04 1.070221e+04
15.7 1.070452e+04 1.068166e+04 1.069117e+04 1.071403e+04
16.7 1.074426e+04 1.070377e+04 1.068410e+04 1.072459e+04
17.7 1.073893e+04 1.071600e+04 1.067296e+04 1.069589e+04
0.6 1.062731e+04 1.066596e+04 1.069425e+04 1.065560e+04
1.6 1.066604e+04 1.067272e+04 1.070753e+04 1.070086e+04
2.6 1.070259e+04 1.069910e+04 1.070413e+04 1.070762e+04
3.6 1.067946e+04 1.070236e+04 1.068341e+04 1.066051e+04
4.6 1.070788e+04 1.071570e+04 1.067929e+04 1.067147e+04
5.6 1.069993e+04 1.071041e+04 1.068855e+04 1.067807e+04
6.6 1.067671e+04 1.068985e+04 1.069208e+04 1.067893e+04
7.6 1.069195e+04 1.068289e+04 1.069315e+04 1.070221e+04
8.6 1.070452e+04 1.068166e+04 1.069117e+04 1.071403e+04
9.6 1.074426e+04 1.070377e+04 1.068410e+04 1.072459e+04
10.6 1.073893e+04 1.071600e+04 1.067296e+04 1.069589e+04
11.6 1.069624e+04 1.069854e+04 1.066889e+04 1.066660e+04
12.6 1.069870e+04 1.068512e+04 1.067481e+04 1.068839e+04
13.6 1.069832e+04 1.067122e+04 1.068170e+04 1.070880e+04
14.6 1.065792e+04 1.067062e+04 1.068599e+04 1.067330e+04
15.6 1.063978e+04 1.065981e+04 1.068843e+04 1.066840e+04
16.6 1.066949e+04 1.067706e+04 1.069623e+04 1.068867e+04
17.6 1.068783e+04 1.068045e+04 1.070288e+04 1.071026e+04
0.6 1.066604e+04 1.067272e+04 1.070753e+04 1.070086e+04
1.6 1.070259e+04 1.069910e+04 1.070413e+04 1.070762e+04
2.6 1.067946e+04 1.070236e+04 1.068341e+04 1.066051e+04
3.6 1.070788e+04 1.071570e+04 1.067929e+04 1.067147e+04
4.6 1.069993e+04 1.071041e+04 1.068855e+04 1.067807e+04
5.6 1.067671e+04 1.068985e+04 1.069208e+04 1.067893e+04
6.6 1.069195e+04 1.068289e+04 1.069315e+04 1.070221e+04
7.6 1.070452e+04 1.068166e+04 1.069117e+04 1.071403e+04
8.6 1.074426e+04 1.070377e+04 1.068410e+04 1.072459e+04
9.6 1.073893e+04 1.071600e+04 1.067296e+04 1.069589e+04
10.6 1.069624e+04 1.069854e+04 1.066889e+04 1.066660e+04
11.6 1.069870e+04 1.068512e+04 1.067481e+04 1.068839e+04
12.6 1.069832e+04 1.067122e+04 1.068170e+04 1.070880e+04
13.6 1.065792e+04 1.067062e+04 1.068599e+04 1.067330e+04
14.6 1.063978e+04 1.065981e+04 1.068843e+04 1.066840e+04
15.6 1.066949e+04 1.067706e+04 1.069623e+04 1.068867e+04
16.6 1.068783e+04 1.068045e+04 1.070288e+04 1.071026e+04
17.6 1.065862e+04 1.066607e+04 1.070025e+04 1.069281e+04
0.9 1.070788e+04 1.071570e+04 1.067929e+04 1.067147e+04
1.9 1.069993e+04 1.071041e+04 1.068855e+04 1.067807e+04
2.9 1.067671e+04 1.068985e+04 1.069208e+04 1.067893e+04
3.9 1.069195e+04 1.068289e+04 1.069315e+04 1.070221e+04
4.9 1.070452e+04 1.068166e+04 1.069117e+04 1.071403e+04
5.9 1.074426e+04 1.070377e+04 1.068410e+04 1.072459e+04
6.9 1.073893e+04 1.071600e+04 1.067296e+04 1.069589e+04
7.9 1.069624e+04 1.069854e+04 1.066889e+04 1.066660e+04
8.9 1.069870e+04 1.068512e+04 1.067481e+04 1.068839e+04
9.9 1.069832e+04 1.067122e+04 1.068170e+04 1.070880e+04
10.9 1.065792e+04 1.067062e+04 1.068599e+04 1.067330e+04
11.9 1.063978e+04 1.065981e+04 1.068843e+04 1.066840e+04
12.9 1.066949e+04 1.067706e+04 1.069623e+04 1.068867e+04
13.9 1.068783e+04 1.068045e+04 1.070288e+04 1.071026e+04
14.9 1.065862e+04 1.066607e+04 1.070025e+04 1.069281e+04
15.9 1.065798e+04 1.067665e+04 1.069449e+04 1.067581e+04
16.9 1.067975e+04 1.067880e+04 1.069114e+04 1.069210e+04
17.9 1.069813e+04 1.069628e+04 1.068942e+04 1.069127e+04
0.3 1.069993e+04 1.071041e+04 1.068855e+04 1.067807e+04
1.3 1.067671e+04 1.068985e+04 1.069208e+04 1.067893e+04
2.3 1.069195e+04 1.068289e+04 1.069315e+04 1.070221e+04
3.3 1.070452e+04 1.068166e+04 1.069117e+04 1.071403e+04
4.3 1.074426e+04 1.070377e+04 1.068410e+04 1.072459e+04
5.3 1.073893e+04 1.071600e+04 1.067296e+04 1.069589e+04
6.3 1.069624e+04 1.069854e+04 1.066889e+04 1.066660e+04
7.3 1.069870e+04 1.068512e+04 1.067481e+04 1.068839e+04
8.3 1.069832e+04 1.067122e+04 1.068170e+04 1.070880e+04
9.3 1.065792e+04 1.067062e+04 1.068599e+04 1.067330e+04
10.3 1.063978e+04 1.065981e+04 1.068843e+04 1.066840e+04
11.3 1.066949e+04 1.067706e+04 1.069623e+04 1.068867e+04
12.3 1.068783e+04 1.068045e+04 1.070288e+04 1.071026e+04
13.3 1.065862e+04 1.066607e+04 1.070025e+04 1.069281e+04
14.3 1.065798e+04 1.067665e+04 1.069449e+04 1.067581e+04
15.3 1.067975e+04 1.067880e+04 1.069114e+04 1.069210e+04
16.3 1.069813e+04 1.069628e+04 1.068942e+04 1.069127e+04
17.3 1.071494e+04 1.070720e+04 1.068669e+04 1.069444e+04
1.0 1.069195e+04 1.068289e+04 1.069315e+04 1.070221e+04
2.0 1.070452e+04 1.068166e+04 1.069117e+04 1.071403e+04
3.0 1.074426e+04 1.070377e+04 1.068410e+04 1.072459e+04
4.0 1.073893e+04 1.071600e+04 1.067296e+04 1.069589e+04
5.0 1.069624e+04 1.069854e+04 1.066889e+04 1.066660e+04
6.0 1.069870e+04 1.068512e+04 1.067481e+04 1.068839e+04
7.0 1.069832e+04 1.067122e+04 1.068170e+04 1.070880e+04
8.0 1.065792e+04 1.067062e+04 1.068599e+04 1.067330e+04
9.0 1.063978e+04 1.065981e+04 1.068843e+04 1.066840e+04
10.0 1.066949e+04 1.067706e+04 1.069623e+04 1.068867e+04
11.0 1.068783e+04 1.068045e+04 1.070288e+04 1.071026e+04
12.0 1.065862e+04 1.066607e+04 1.070025e+04 1.069281e+04
13.0 1.065798e+04 1.067665e+04 1.069449e+04 1.067581e+04
14.0 1.067975e+04 1.067880e+04 1.069114e+04 1.069210e+04
15.0 1.069813e+04 1.069628e+04 1.068942e+04 1.069127e+04
16.0 1.071494e+04 1.070720e+04 1.068669e+04 1.069444e+04
17.0 1.074478e+04 1.071569e+04 1.068131e+04 1.071040e+04
18.0 1.072393e+04 1.073036e+04 1.067289e+04 1.066646e+04
0.7 1.070452e+04 1.068166e+04 1.069117e+04 1.071403e+04
1.7 1.074426e+04 1.070377e+04 1.068410e+04 1.072459e+04
2.7 1.073893e+04 1.071600e+04 1.067296e+04 1.069589e+04
3.7 1.069624e+04 1.069854e+04 1.066889e+04 1.066660e+04
4.7 1.069870e+04 1.068512e+04 1.067481e+04 1.068839e+04
5.7 1.069832e+04 1.067122e+04 1.068170e+04 1.070880e+04
6.7 1.065792e+04 1.067062e+04 1.068599e+04 1.067330e+04
7.7 1.063978e+04 1.065981e+04 1.068843e+04 1.066840e+04
8.7 1.066949e+04 1.067706e+04 1.069623e+04 1.068867e+04
9.7 1.068783e+04 1.068045e+04 1.070288e+04 1.071026e+04
10.7 1.065862e+04 1.066607e+04 1.070025e+04 1.069281e+04
11.7 1.065798e+04 1.067665e+04 1.069449e+04 1.067581e+04
12.7 1.067975e+04 1.067880e+04 1.069114e+04 1.069210e+04
13.7 1.069813e+04 1.069628e+04 1.068942e+04 1.069127e+04
14.7 1.071494e+04 1.070720e+04 1.068669e+04 1.069444e+04
15.7 1.074478e+04 1.071569e+04 1.068131e+04 1.071040e+04
16.7 1.072393e+04 1.073036e+04 1.067289e+04 1.066646e+04
17.7 1.070041e+04 1.070873e+04 1.067126e+04 1.066294e+04
0.8 1.066949e+04 1.067706e+04 1.069623e+04 1.068867e+04
1.8 1.068783e+04 1.068045e+04 1.070288e+04 1.071026e+04
2.8 1.065862e+04 1.066607e+04 1.070025e+04 1.069281e+04
3.8 1.065798e+04 1.067665e+04 1.069449e+04 1.067581e+04
4.8 1.067975e+04 1.067880e+04 1.069114e+04 1.069210e+04
5.8 1.069813e+04 1.069628e+04 1.068942e+04 1.069127e+04
6.8 1.071494e+04 1.070720e+04 1.068669e+04 1.069444e+04
7.8 1.074478e+04 1.071569e+04 1.068131e+04 1.071040e+04
8.8 1.072393e+04 1.073036e+04 1.067289e+04 1.066646e+04
9.8 1.070041e+04 1.070873e+04 1.067126e+04 1.066294e+04
10.8 1.069129e+04 1.069593e+04 1.067738e+04 1.067274e+04
11.8 1.066785e+04 1.068417e+04 1.068338e+04 1.066706e+04
12.8 1.064799e+04 1.066783e+04 1.068686e+04 1.066701e+04
13.8 1.066598e+04 1.066291e+04 1.068841e+04 1.069148e+04
14.8 1.064928e+04 1.065692e+04 1.068880e+04 1.068116e+04
15.8 1.064178e+04 1.065734e+04 1.068858e+04 1.067302e+04
16.8 1.068631e+04 1.067275e+04 1.068816e+04 1.070173e+04
17.8 1.070086e+04 1.068758e+04 1.068777e+04 1.070106e+04
0.2 1.068783e+04 1.068045e+04 1.070288e+04 1.071026e+04
1.2 1.065862e+04 1.066607e+04 1.070025e+04 1.069281e+04
2.2 1.065798e+04 1.067665e+04 1.069449e+04 1.067581e+04
3.2 1.067975e+04 1.067880e+04 1.069114e+04 1.069210e+04
4.2 1.069813e+04 1.069628e+04 1.068942e+04 1.069127e+04
5.2 1.071494e+04 1.070720e+04 1.068669e+04 1.069444e+04
6.2 1.074478e+04 1.071569e+04 1.068131e+04 1.071040e+04
7.2 1.072393e+04 1.073036e+04 1.067289e+04 1.066646e+04
8.2 1.070041e+04 1.070873e+04 1.067126e+04 1.066294e+04
9.2 1.069129e+04 1.069593e+04 1.067738e+04 1.067274e+04
10.2 1.066785e+04 1.068417e+04 1.068338e+04 1.066706e+04
11.2 1.064799e+04 1.066783e+04 1.068686e+04 1.066701e+04
12.2 1.066598e+04 1.066291e+04 1.068841e+04 1.069148e+04
13.2 1.064928e+04 1.065692e+04 1.068880e+04 1.068116e+04
14.2 1.064178e+04 1.065734e+04 1.068858e+04 1.067302e+04
15.2 1.068631e+04 1.067275e+04 1.068816e+04 1.070173e+04
16.2 1.070086e+04 1.068758e+04 1.068777e+04 1.070106e+04
17.2 1.070648e+04 1.067363e+04 1.068750e+04 1.072034e+04
0.6 1.065798e+04 1.067665e+04 1.069449e+04 1.067581e+04
1.6 1.067975e+04 1.067880e+04 1.069114e+04 1.069210e+04
2.6 1.069813e+04 1.069628e+04 1.068942e+04 1.069127e+04
3.6 1.071494e+04 1.070720e+04 1.068669e+04 1.069444e+04
4.6 1.074478e+04 1.071569e+04 1.068131e+04 1.071040e+04
5.6 1.072393e+04 1.073036e+04 1.067289e+04 1.066646e+04
6.6 1.070041e+04 1.070873e+04 1.067126e+04 1.066294e+04
7.6 1.069129e+04 1.069593e+04 1.067738e+04 1.067274e+04
8.6 1.066785e+04 1.068417e+04 1.068338e+04 1.066706e+04
9.6 1.064799e+04 1.066783e+04 1.068686e+04 1.066701e+04
10.6 1.066598e+04 1.066291e+04 1.068841e+04 1.069148e+04
11.6 1.064928e+04 1.065692e+04 1.068880e+04 1.068116e+04
12.6 1.064178e+04 1.065734e+04 1.068858e+04 1.067302e+04
13.6 1.068631e+04 1.067275e+04 1.068816e+04 1.070173e+04
14.6 1.070086e+04 1.068758e+04 1.068777e+04 1.070106e+04
15.6 1.070648e+04 1.067363e+04 1.068750e+04 1.072034e+04
16.6 1.068469e+04 1.066346e+04 1.068733e+04 1.070857e+04
17.6 1.066909e+04 1.066380e+04 1.068723e+04 1.069252e+04
0.4 1.067975e+04 1.067880e+04 1.069114e+04 1.069210e+04
1.4 1.069813e+04 1.069628e+04 1.068942e+04 1.069127e+04
2.4 1.071494e+04 1.070720e+04 1.068669e+04 1.069444e+04
3.4 1.074478e+04 1.071569e+04 1.068131e+04 1.071040e+04
4.4 1.072393e+04 1.073036e+04 1.067289e+04 1.066646e+04
5.4 1.070041e+04 1.070873e+04 1.067126e+04 1.066294e+04
6.4 1.069129e+04 1.069593e+04 1.067738e+04 1.067274e+04
7.4 1.066785e+04 1.068417e+04 1.068338e+04 1.066706e+04
8.4 1.064799e+04 1.066783e+04 1.068686e+04 1.066701e+04
9.4 1.066598e+04 1.066291e+04 1.068841e+04 1.069148e+04
10.4 1.064928e+04 1.065692e+04 1.068880e+04 1.068116e+04
11.4 1.064178e+04 1.065734e+04 1.068858e+04 1.067302e+04
12.4 1.068631e+04 1.067275e+04 1.068816e+04 1.070173e+04
13.4 1.070086e+04 1.068758e+04 1.068777e+04 1.070106e+04
14.4 1.070648e+04 1.067363e+04 1.068750e+04 1.072034e+04
15.4 1.068469e+04 1.066346e+04 1.068733e+04 1.070857e+04
16.4 1.066909e+04 1.066380e+04 1.068723e+04 1.069252e+04
17.4 1.067062e+04 1.067132e+04 1.068906e+04 1.068836e+04
0.9 1.071494e+04 1.070720e+04 1.068669e+04 1.069444e+04
1.9 1.074478e+04 1.071569e+04 1.068131e+04 1.071040e+04
2.9 1.072393e+04 1.073036e+04 1.067289e+04 1.066646e+04
3.9 1.070041e+04 1.070873e+04 1.067126e+04 1.066294e+04
4.9 1.069129e+04 1.069593e+04 1.067738e+04 1.067274e+04
5.9 1.066785e+04 1.068417e+04 1.068338e+04 1.066706e+04
6.9 1.064799e+04 1.066783e+04 1.068686e+04 1.066701e+04
7.9 1.066598e+04 1.066291e+04 1.068841e+04 1.069148e+04
8.9 1.064928e+04 1.065692e+04 1.068880e+04 1.068116e+04
9.9 1.064178e+04 1.065734e+04 1.068858e+04 1.067302e+04
10.9 1.068631e+04 1.067275e+04 1.068816e+04 1.070173e+04
11.9 1.070086e+04 1.068758e+04 1.068777e+04 1.070106e+04
12.9 1.070648e+04 1.067363e+04 1.068750e+04 1.072034e+04
13.9 1.068469e+04 1.066346e+04 1.068733e+04 1.070857e+04
14.9 1.066909e+04 1.066380e+04 1.068723e+04 1.069252e+04
15.9 1.067062e+04 1.067132e+04 1.068906e+04 1.068836e+04
16.9 1.069108e+04 1.067450e+04 1.069740e+04 1.071398e+04
17.9 1.069748e+04 1.069605e+04 1.069958e+04 1.070102e+04
0.1 1.067062e+04 1.067132e+04 1.068906e+04 1.068836e+04
1.1 1.069108e+04 1.067450e+04 1.069740e+04 1.071398e+04
2.1 1.069748e+04 1.069605e+04 1.069958e+04 1.070102e+04
3.1 1.069804e+04 1.069159e+04 1.069521e+04 1.070167e+04
4.1 1.069689e+04 1.069658e+04 1.068703e+04 1.068735e+04
5.1 1.070392e+04 1.070566e+04 1.067536e+04 1.067362e+04
6.1 1.070549e+04 1.070764e+04 1.067401e+04 1.067185e+04
7.1 1.068116e+04 1.069404e+04 1.067899e+04 1.066611e+04
8.1 1.067163e+04 1.068290e+04 1.068348e+04 1.067221e+04
9.1 1.067384e+04 1.068863e+04 1.068613e+04 1.067135e+04
0.2 1.069748e+04 1.069605e+04 1.069958e+04 1.070102e+04
1.2 1.069804e+04 1.069159e+04 1.069521e+04 1.070167e+04
2.2 1.069689e+04 1.069658e+04 1.068703e+04 1.068735e+04
3.2 1.070392e+04 1.070566e+04 1.067536e+04 1.067362e+04
4.2 1.070549e+04 1.070764e+04 1.067401e+04 1.067185e+04
5.2 1.068116e+04 1.069404e+04 1.067899e+04 1.066611e+04
6.2 1.067163e+04 1.068290e+04 1.068348e+04 1.067221e+04
7.2 1.067384e+04 1.068863e+04 1.068613e+04 1.067135e+04
