0.7 9.638290e+03 9.623496e+03 9.618026e+03 9.632820e+03
1.7 9.625894e+03 9.617625e+03 9.625386e+03 9.633656e+03
2.7 9.612222e+03 9.627981e+03 9.630783e+03 9.615024e+03
3.7 9.592730e+03 9.620459e+03 9.629760e+03 9.602031e+03
4.7 9.580244e+03 9.610307e+03 9.627107e+03 9.597044e+03
5.7 9.596635e+03 9.602760e+03 9.625191e+03 9.619066e+03
6.7 9.626157e+03 9.625994e+03 9.623622e+03 9.623786e+03
7.7 9.640085e+03 9.650087e+03 9.617911e+03 9.607910e+03
8.7 9.625913e+03 9.628645e+03 9.616294e+03 9.613562e+03
9.7 9.612659e+03 9.608835e+03 9.624640e+03 9.628464e+03
10.7 9.650800e+03 9.607672e+03 9.629320e+03 9.672448e+03
11.7 9.651950e+03 9.610377e+03 9.628269e+03 9.669842e+03
12.7 9.597224e+03 9.615673e+03 9.626269e+03 9.607820e+03
13.7 9.630677e+03 9.630229e+03 9.624873e+03 9.625321e+03
14.7 9.641372e+03 9.645544e+03 9.622268e+03 9.618095e+03
15.7 9.647420e+03 9.638357e+03 9.620666e+03 9.629730e+03
16.7 9.614793e+03 9.626395e+03 9.624012e+03 9.612409e+03
17.7 9.612298e+03 9.648365e+03 9.625812e+03 9.589746e+03
0.0 9.640085e+03 9.650087e+03 9.617911e+03 9.607910e+03
1.0 9.625913e+03 9.628645e+03 9.616294e+03 9.613562e+03
2.0 9.612659e+03 9.608835e+03 9.624640e+03 9.628464e+03
3.0 9.650800e+03 9.607672e+03 9.629320e+03 9.672448e+03
4.0 9.651950e+03 9.610377e+03 9.628269e+03 9.669842e+03
5.0 9.597224e+03 9.615673e+03 9.626269e+03 9.607820e+03
6.0 9.630677e+03 9.630229e+03 9.624873e+03 9.625321e+03
7.0 9.641372e+03 9.645544e+03 9.622268e+03 9.618095e+03
8.0 9.647420e+03 9.638357e+03 9.620666e+03 9.629730e+03
9.0 9.614793e+03 9.626395e+03 9.624012e+03 9.612409e+03
10.0 9.612298e+03 9.648365e+03 9.625812e+03 9.589746e+03
11.0 9.640207e+03 9.644394e+03 9.625435e+03 9.621247e+03
12.0 9.658665e+03 9.654128e+03 9.624742e+03 9.629278e+03
13.0 9.640374e+03 9.638224e+03 9.620908e+03 9.623058e+03
14.0 9.648081e+03 9.635858e+03 9.612936e+03 9.625159e+03
15.0 9.635335e+03 9.627674e+03 9.611087e+03 9.618748e+03
16.0 9.620844e+03 9.622740e+03 9.616828e+03 9.614933e+03
17.0 9.622435e+03 9.624289e+03 9.628053e+03 9.626199e+03
0.2 9.641372e+03 9.645544e+03 9.622268e+03 9.618095e+03
1.2 9.647420e+03 9.638357e+03 9.620666e+03 9.629730e+03
2.2 9.614793e+03 9.626395e+03 9.624012e+03 9.612409e+03
3.2 9.612298e+03 9.648365e+03 9.625812e+03 9.589746e+03
4.2 9.640207e+03 9.644394e+03 9.625435e+03 9.621247e+03
5.2 9.658665e+03 9.654128e+03 9.624742e+03 9.629278e+03
6.2 9.640374e+03 9.638224e+03 9.620908e+03 9.623058e+03
7.2 9.648081e+03 9.635858e+03 9.612936e+03 9.625159e+03
8.2 9.635335e+03 9.627674e+03 9.611087e+03 9.618748e+03
9.2 9.620844e+03 9.622740e+03 9.616828e+03 9.614933e+03
10.2 9.622435e+03 9.624289e+03 9.628053e+03 9.626199e+03
11.2 9.637860e+03 9.638530e+03 9.637026e+03 9.636356e+03
12.2 9.638073e+03 9.635893e+03 9.635318e+03 9.637497e+03
13.2 9.620135e+03 9.634350e+03 9.630134e+03 9.615919e+03
14.2 9.636427e+03 9.618556e+03 9.626252e+03 9.644124e+03
15.2 9.597095e+03 9.622228e+03 9.624066e+03 9.598933e+03
16.2 9.638994e+03 9.635461e+03 9.623070e+03 9.626604e+03
17.2 9.649437e+03 9.663163e+03 9.621837e+03 9.608111e+03
0.7 9.635335e+03 9.627674e+03 9.611087e+03 9.618748e+03
1.7 9.620844e+03 9.622740e+03 9.616828e+03 9.614933e+03
2.7 9.622435e+03 9.624289e+03 9.628053e+03 9.626199e+03
3.7 9.637860e+03 9.638530e+03 9.637026e+03 9.636356e+03
4.7 9.638073e+03 9.635893e+03 9.635318e+03 9.637497e+03
5.7 9.620135e+03 9.634350e+03 9.630134e+03 9.615919e+03
6.7 9.636427e+03 9.618556e+03 9.626252e+03 9.644124e+03
7.7 9.597095e+03 9.622228e+03 9.624066e+03 9.598933e+03
8.7 9.638994e+03 9.635461e+03 9.623070e+03 9.626604e+03
9.7 9.649437e+03 9.663163e+03 9.621837e+03 9.608111e+03
10.7 9.595371e+03 9.625749e+03 9.614323e+03 9.583946e+03
11.7 9.571727e+03 9.604961e+03 9.611095e+03 9.577862e+03
12.7 9.608611e+03 9.622159e+03 9.613583e+03 9.600035e+03
13.7 9.599566e+03 9.617873e+03 9.621816e+03 9.603509e+03
14.7 9.632901e+03 9.615910e+03 9.633797e+03 9.650788e+03
15.7 9.600531e+03 9.628301e+03 9.636643e+03 9.608872e+03
16.7 9.625983e+03 9.641435e+03 9.632105e+03 9.616653e+03
17.7 9.604603e+03 9.638931e+03 9.623900e+03 9.589572e+03
0.5 9.620844e+03 9.622740e+03 9.616828e+03 9.614933e+03
1.5 9.622435e+03 9.624289e+03 9.628053e+03 9.626199e+03
2.5 9.637860e+03 9.638530e+03 9.637026e+03 9.636356e+03
3.5 9.638073e+03 9.635893e+03 9.635318e+03 9.637497e+03
4.5 9.620135e+03 9.634350e+03 9.630134e+03 9.615919e+03
5.5 9.636427e+03 9.618556e+03 9.626252e+03 9.644124e+03
6.5 9.597095e+03 9.622228e+03 9.624066e+03 9.598933e+03
7.5 9.638994e+03 9.635461e+03 9.623070e+03 9.626604e+03
8.5 9.649437e+03 9.663163e+03 9.621837e+03 9.608111e+03
9.5 9.595371e+03 9.625749e+03 9.614323e+03 9.583946e+03
10.5 9.571727e+03 9.604961e+03 9.611095e+03 9.577862e+03
11.5 9.608611e+03 9.622159e+03 9.613583e+03 9.600035e+03
12.5 9.599566e+03 9.617873e+03 9.621816e+03 9.603509e+03
13.5 9.632901e+03 9.615910e+03 9.633797e+03 9.650788e+03
14.5 9.600531e+03 9.628301e+03 9.636643e+03 9.608872e+03
15.5 9.625983e+03 9.641435e+03 9.632105e+03 9.616653e+03
16.5 9.604603e+03 9.638931e+03 9.623900e+03 9.589572e+03
17.5 9.637239e+03 9.645806e+03 9.617135e+03 9.608568e+03
0.3 9.571727e+03 9.604961e+03 9.611095e+03 9.577862e+03
1.3 9.608611e+03 9.622159e+03 9.613583e+03 9.600035e+03
2.3 9.599566e+03 9.617873e+03 9.621816e+03 9.603509e+03
3.3 9.632901e+03 9.615910e+03 9.633797e+03 9.650788e+03
4.3 9.600531e+03 9.628301e+03 9.636643e+03 9.608872e+03
5.3 9.625983e+03 9.641435e+03 9.632105e+03 9.616653e+03
6.3 9.604603e+03 9.638931e+03 9.623900e+03 9.589572e+03
7.3 9.637239e+03 9.645806e+03 9.617135e+03 9.608568e+03
8.3 9.641532e+03 9.637257e+03 9.617355e+03 9.621629e+03
9.3 9.647393e+03 9.636061e+03 9.621916e+03 9.633248e+03
10.3 9.644520e+03 9.620449e+03 9.629544e+03 9.653615e+03
11.3 9.587108e+03 9.622827e+03 9.630853e+03 9.595135e+03
12.3 9.618098e+03 9.636181e+03 9.628221e+03 9.610139e+03
13.3 9.632666e+03 9.615872e+03 9.625770e+03 9.642564e+03
14.3 9.634941e+03 9.622705e+03 9.624313e+03 9.636549e+03
15.3 9.683774e+03 9.609753e+03 9.623608e+03 9.697629e+03
16.3 9.664722e+03 9.625319e+03 9.623408e+03 9.662810e+03
17.3 9.623567e+03 9.629111e+03 9.623500e+03 9.617956e+03
0.0 9.608611e+03 9.622159e+03 9.613583e+03 9.600035e+03
1.0 9.599566e+03 9.617873e+03 9.621816e+03 9.603509e+03
2.0 9.632901e+03 9.615910e+03 9.633797e+03 9.650788e+03
3.0 9.600531e+03 9.628301e+03 9.636643e+03 9.608872e+03
4.0 9.625983e+03 9.641435e+03 9.632105e+03 9.616653e+03
5.0 9.604603e+03 9.638931e+03 9.623900e+03 9.589572e+03
6.0 9.637239e+03 9.645806e+03 9.617135e+03 9.608568e+03
7.0 9.641532e+03 9.637257e+03 9.617355e+03 9.621629e+03
8.0 9.647393e+03 9.636061e+03 9.621916e+03 9.633248e+03
9.0 9.644520e+03 9.620449e+03 9.629544e+03 9.653615e+03
10.0 9.587108e+03 9.622827e+03 9.630853e+03 9.595135e+03
11.0 9.618098e+03 9.636181e+03 9.628221e+03 9.610139e+03
12.0 9.632666e+03 9.615872e+03 9.625770e+03 9.642564e+03
13.0 9.634941e+03 9.622705e+03 9.624313e+03 9.636549e+03
14.0 9.683774e+03 9.609753e+03 9.623608e+03 9.697629e+03
15.0 9.664722e+03 9.625319e+03 9.623408e+03 9.662810e+03
16.0 9.623567e+03 9.629111e+03 9.623500e+03 9.617956e+03
17.0 9.610665e+03 9.620515e+03 9.623695e+03 9.613845e+03
0.3 9.641532e+03 9.637257e+03 9.617355e+03 9.621629e+03
1.3 9.647393e+03 9.636061e+03 9.621916e+03 9.633248e+03
2.3 9.644520e+03 9.620449e+03 9.629544e+03 9.653615e+03
3.3 9.587108e+03 9.622827e+03 9.630853e+03 9.595135e+03
4.3 9.618098e+03 9.636181e+03 9.628221e+03 9.610139e+03
5.3 9.632666e+03 9.615872e+03 9.625770e+03 9.642564e+03
6.3 9.634941e+03 9.622705e+03 9.624313e+03 9.636549e+03
7.3 9.683774e+03 9.609753e+03 9.623608e+03 9.697629e+03
8.3 9.664722e+03 9.625319e+03 9.623408e+03 9.662810e+03
9.3 9.623567e+03 9.629111e+03 9.623500e+03 9.617956e+03
10.3 9.610665e+03 9.620515e+03 9.623695e+03 9.613845e+03
11.3 9.608207e+03 9.620966e+03 9.623875e+03 9.611116e+03
12.3 9.625915e+03 9.612437e+03 9.624002e+03 9.637480e+03
13.3 9.590619e+03 9.610922e+03 9.624080e+03 9.603777e+03
14.3 9.610489e+03 9.599085e+03 9.624124e+03 9.635529e+03
15.3 9.604195e+03 9.596698e+03 9.624146e+03 9.631644e+03
16.3 9.588404e+03 9.573652e+03 9.624152e+03 9.638905e+03
17.3 9.590310e+03 9.586812e+03 9.624146e+03 9.627644e+03
1.0 9.589561e+03 9.607192e+03 9.621213e+03 9.603582e+03
2.0 9.606186e+03 9.619632e+03 9.631360e+03 9.617915e+03
3.0 9.691411e+03 9.645345e+03 9.644831e+03 9.690897e+03
4.0 9.659978e+03 9.659175e+03 9.645087e+03 9.645891e+03
5.0 9.625393e+03 9.653923e+03 9.636142e+03 9.607611e+03
6.0 9.609498e+03 9.637040e+03 9.623181e+03 9.595639e+03
7.0 9.628669e+03 9.619979e+03 9.611879e+03 9.620569e+03
8.0 9.634937e+03 9.621832e+03 9.609633e+03 9.622738e+03
9.0 9.624087e+03 9.629750e+03 9.615597e+03 9.609934e+03
10.0 9.655989e+03 9.619292e+03 9.623221e+03 9.659917e+03
11.0 9.621815e+03 9.641134e+03 9.632859e+03 9.613540e+03
12.0 9.645003e+03 9.627903e+03 9.636662e+03 9.653763e+03
13.0 9.632648e+03 9.630649e+03 9.632462e+03 9.634461e+03
14.0 9.609694e+03 9.616768e+03 9.627455e+03 9.620381e+03
15.0 9.588613e+03 9.595374e+03 9.624310e+03 9.617549e+03
16.0 9.624160e+03 9.614040e+03 9.622775e+03 9.632895e+03
17.0 9.608109e+03 9.606375e+03 9.622273e+03 9.624007e+03
18.0 9.628807e+03 9.610984e+03 9.622351e+03 9.640173e+03
1.0 9.606186e+03 9.619632e+03 9.631360e+03 9.617915e+03
2.0 9.691411e+03 9.645345e+03 9.644831e+03 9.690897e+03
3.0 9.659978e+03 9.659175e+03 9.645087e+03 9.645891e+03
4.0 9.625393e+03 9.653923e+03 9.636142e+03 9.607611e+03
5.0 9.609498e+03 9.637040e+03 9.623181e+03 9.595639e+03
6.0 9.628669e+03 9.619979e+03 9.611879e+03 9.620569e+03
7.0 9.634937e+03 9.621832e+03 9.609633e+03 9.622738e+03
8.0 9.624087e+03 9.629750e+03 9.615597e+03 9.609934e+03
9.0 9.655989e+03 9.619292e+03 9.623221e+03 9.659917e+03
10.0 9.621815e+03 9.641134e+03 9.632859e+03 9.613540e+03
11.0 9.645003e+03 9.627903e+03 9.636662e+03 9.653763e+03
12.0 9.632648e+03 9.630649e+03 9.632462e+03 9.634461e+03
13.0 9.609694e+03 9.616768e+03 9.627455e+03 9.620381e+03
14.0 9.588613e+03 9.595374e+03 9.624310e+03 9.617549e+03
15.0 9.624160e+03 9.614040e+03 9.622775e+03 9.632895e+03
16.0 9.608109e+03 9.606375e+03 9.622273e+03 9.624007e+03
17.0 9.628807e+03 9.610984e+03 9.622351e+03 9.640173e+03
18.0 9.591272e+03 9.596471e+03 9.622655e+03 9.617456e+03
0.6 9.634937e+03 9.621832e+03 9.609633e+03 9.622738e+03
1.6 9.624087e+03 9.629750e+03 9.615597e+03 9.609934e+03
2.6 9.655989e+03 9.619292e+03 9.623221e+03 9.659917e+03
3.6 9.621815e+03 9.641134e+03 9.632859e+03 9.613540e+03
4.6 9.645003e+03 9.627903e+03 9.636662e+03 9.653763e+03
5.6 9.632648e+03 9.630649e+03 9.632462e+03 9.634461e+03
6.6 9.609694e+03 9.616768e+03 9.627455e+03 9.620381e+03
7.6 9.588613e+03 9.595374e+03 9.624310e+03 9.617549e+03
8.6 9.624160e+03 9.614040e+03 9.622775e+03 9.632895e+03
9.6 9.608109e+03 9.606375e+03 9.622273e+03 9.624007e+03
10.6 9.628807e+03 9.610984e+03 9.622351e+03 9.640173e+03
11.6 9.591272e+03 9.596471e+03 9.622655e+03 9.617456e+03
12.6 9.631197e+03 9.628047e+03 9.622964e+03 9.626114e+03
13.6 9.693951e+03 9.637801e+03 9.623146e+03 9.679296e+03
14.6 9.665053e+03 9.641661e+03 9.619818e+03 9.643210e+03
15.6 9.611788e+03 9.634428e+03 9.615857e+03 9.593216e+03
16.6 9.586177e+03 9.606610e+03 9.619335e+03 9.598903e+03
17.6 9.637396e+03 9.620690e+03 9.627662e+03 9.644368e+03
0.8 9.655989e+03 9.619292e+03 9.623221e+03 9.659917e+03
1.8 9.621815e+03 9.641134e+03 9.632859e+03 9.613540e+03
2.8 9.645003e+03 9.627903e+03 9.636662e+03 9.653763e+03
3.8 9.632648e+03 9.630649e+03 9.632462e+03 9.634461e+03
4.8 9.609694e+03 9.616768e+03 9.627455e+03 9.620381e+03
5.8 9.588613e+03 9.595374e+03 9.624310e+03 9.617549e+03
6.8 9.624160e+03 9.614040e+03 9.622775e+03 9.632895e+03
7.8 9.608109e+03 9.606375e+03 9.622273e+03 9.624007e+03
8.8 9.628807e+03 9.610984e+03 9.622351e+03 9.640173e+03
9.8 9.591272e+03 9.596471e+03 9.622655e+03 9.617456e+03
10.8 9.631197e+03 9.628047e+03 9.622964e+03 9.626114e+03
11.8 9.693951e+03 9.637801e+03 9.623146e+03 9.679296e+03
12.8 9.665053e+03 9.641661e+03 9.619818e+03 9.643210e+03
13.8 9.611788e+03 9.634428e+03 9.615857e+03 9.593216e+03
14.8 9.586177e+03 9.606610e+03 9.619335e+03 9.598903e+03
15.8 9.637396e+03 9.620690e+03 9.627662e+03 9.644368e+03
16.8 9.675515e+03 9.626052e+03 9.629768e+03 9.679231e+03
17.8 9.667189e+03 9.637771e+03 9.627275e+03 9.656694e+03
0.3 9.611788e+03 9.634428e+03 9.615857e+03 9.593216e+03
1.3 9.586177e+03 9.606610e+03 9.619335e+03 9.598903e+03
2.3 9.637396e+03 9.620690e+03 9.627662e+03 9.644368e+03
3.3 9.675515e+03 9.626052e+03 9.629768e+03 9.679231e+03
4.3 9.667189e+03 9.637771e+03 9.627275e+03 9.656694e+03
5.3 9.657440e+03 9.655634e+03 9.622507e+03 9.624313e+03
6.3 9.655695e+03 9.641854e+03 9.622565e+03 9.636407e+03
7.3 9.635461e+03 9.650282e+03 9.625286e+03 9.610465e+03
8.3 9.611784e+03 9.630137e+03 9.625608e+03 9.607256e+03
9.3 9.604508e+03 9.598936e+03 9.624941e+03 9.630513e+03
10.3 9.589584e+03 9.608088e+03 9.624476e+03 9.605972e+03
11.3 9.605656e+03 9.617969e+03 9.624259e+03 9.611946e+03
12.3 9.583906e+03 9.625354e+03 9.624174e+03 9.582725e+03
13.3 9.556681e+03 9.613498e+03 9.624181e+03 9.567364e+03
14.3 9.570794e+03 9.595922e+03 9.624251e+03 9.599122e+03
15.3 9.605620e+03 9.585806e+03 9.624346e+03 9.644160e+03
16.3 9.576861e+03 9.607000e+03 9.624435e+03 9.594296e+03
17.3 9.606512e+03 9.626954e+03 9.624509e+03 9.604066e+03
0.6 9.657440e+03 9.655634e+03 9.622507e+03 9.624313e+03
1.6 9.655695e+03 9.641854e+03 9.622565e+03 9.636407e+03
2.6 9.635461e+03 9.650282e+03 9.625286e+03 9.610465e+03
3.6 9.611784e+03 9.630137e+03 9.625608e+03 9.607256e+03
4.6 9.604508e+03 9.598936e+03 9.624941e+03 9.630513e+03
5.6 9.589584e+03 9.608088e+03 9.624476e+03 9.605972e+03
6.6 9.605656e+03 9.617969e+03 9.624259e+03 9.611946e+03
7.6 9.583906e+03 9.625354e+03 9.624174e+03 9.582725e+03
8.6 9.556681e+03 9.613498e+03 9.624181e+03 9.567364e+03
9.6 9.570794e+03 9.595922e+03 9.624251e+03 9.599122e+03
10.6 9.605620e+03 9.585806e+03 9.624346e+03 9.644160e+03
11.6 9.576861e+03 9.607000e+03 9.624435e+03 9.594296e+03
12.6 9.606512e+03 9.626954e+03 9.624509e+03 9.604066e+03
13.6 9.667858e+03 9.640915e+03 9.624566e+03 9.651509e+03
14.6 9.615982e+03 9.633032e+03 9.624605e+03 9.607555e+03
15.6 9.592336e+03 9.642223e+03 9.623530e+03 9.573643e+03
16.6 9.618321e+03 9.645571e+03 9.621440e+03 9.594190e+03
17.6 9.645833e+03 9.646593e+03 9.624212e+03 9.623452e+03
0.1 9.592336e+03 9.642223e+03 9.623530e+03 9.573643e+03
1.1 9.618321e+03 9.645571e+03 9.621440e+03 9.594190e+03
2.1 9.645833e+03 9.646593e+03 9.624212e+03 9.623452e+03
3.1 9.627264e+03 9.640659e+03 9.626255e+03 9.612860e+03
4.1 9.650111e+03 9.629889e+03 9.626043e+03 9.646266e+03
5.1 9.585389e+03 9.627685e+03 9.625363e+03 9.583068e+03
6.1 9.614062e+03 9.632371e+03 9.621647e+03 9.603337e+03
7.1 9.615030e+03 9.621297e+03 9.608037e+03 9.601771e+03
8.1 9.598082e+03 9.613277e+03 9.600278e+03 9.585083e+03
9.1 9.611957e+03 9.609772e+03 9.599495e+03 9.601679e+03
10.1 9.600308e+03 9.619368e+03 9.606984e+03 9.587924e+03
11.1 9.639143e+03 9.621660e+03 9.619228e+03 9.636711e+03
12.1 9.624338e+03 9.629442e+03 9.632155e+03 9.627051e+03
13.1 9.638279e+03 9.631069e+03 9.643841e+03 9.651051e+03
14.1 9.670067e+03 9.636070e+03 9.653896e+03 9.687893e+03
15.1 9.683476e+03 9.635912e+03 9.648904e+03 9.696469e+03
16.1 9.650871e+03 9.640295e+03 9.636743e+03 9.647319e+03
17.1 9.620975e+03 9.626130e+03 9.623069e+03 9.617914e+03
1.0 9.600308e+03 9.619368e+03 9.606984e+03 9.587924e+03
2.0 9.639143e+03 9.621660e+03 9.619228e+03 9.636711e+03
3.0 9.624338e+03 9.629442e+03 9.632155e+03 9.627051e+03
4.0 9.638279e+03 9.631069e+03 9.643841e+03 9.651051e+03
5.0 9.670067e+03 9.636070e+03 9.653896e+03 9.687893e+03
6.0 9.683476e+03 9.635912e+03 9.648904e+03 9.696469e+03
7.0 9.650871e+03 9.640295e+03 9.636743e+03 9.647319e+03
8.0 9.620975e+03 9.626130e+03 9.623069e+03 9.617914e+03
9.0 9.665503e+03 9.637432e+03 9.610728e+03 9.638798e+03
10.0 9.656688e+03 9.622652e+03 9.608340e+03 9.642377e+03
11.0 9.619906e+03 9.621733e+03 9.616703e+03 9.614877e+03
12.0 9.586525e+03 9.626858e+03 9.630928e+03 9.590594e+03
13.0 9.608513e+03 9.633459e+03 9.634470e+03 9.609524e+03
14.0 9.603611e+03 9.609749e+03 9.630641e+03 9.624503e+03
15.0 9.606521e+03 9.626968e+03 9.626567e+03 9.606119e+03
16.0 9.597368e+03 9.612708e+03 9.618586e+03 9.603246e+03
17.0 9.614533e+03 9.607561e+03 9.610054e+03 9.617025e+03
18.0 9.594003e+03 9.625259e+03 9.609427e+03 9.578171e+03
0.6 9.639143e+03 9.621660e+03 9.619228e+03 9.636711e+03
1.6 9.624338e+03 9.629442e+03 9.632155e+03 9.627051e+03
2.6 9.638279e+03 9.631069e+03 9.643841e+03 9.651051e+03
3.6 9.670067e+03 9.636070e+03 9.653896e+03 9.687893e+03
4.6 9.683476e+03 9.635912e+03 9.648904e+03 9.696469e+03
5.6 9.650871e+03 9.640295e+03 9.636743e+03 9.647319e+03
6.6 9.620975e+03 9.626130e+03 9.623069e+03 9.617914e+03
7.6 9.665503e+03 9.637432e+03 9.610728e+03 9.638798e+03
8.6 9.656688e+03 9.622652e+03 9.608340e+03 9.642377e+03
9.6 9.619906e+03 9.621733e+03 9.616703e+03 9.614877e+03
10.6 9.586525e+03 9.626858e+03 9.630928e+03 9.590594e+03
11.6 9.608513e+03 9.633459e+03 9.634470e+03 9.609524e+03
12.6 9.603611e+03 9.609749e+03 9.630641e+03 9.624503e+03
13.6 9.606521e+03 9.626968e+03 9.626567e+03 9.606119e+03
14.6 9.597368e+03 9.612708e+03 9.618586e+03 9.603246e+03
15.6 9.614533e+03 9.607561e+03 9.610054e+03 9.617025e+03
16.6 9.594003e+03 9.625259e+03 9.609427e+03 9.578171e+03
17.6 9.619165e+03 9.619127e+03 9.618783e+03 9.618821e+03
0.2 9.624338e+03 9.629442e+03 9.632155e+03 9.627051e+03
1.2 9.638279e+03 9.631069e+03 9.643841e+03 9.651051e+03
2.2 9.670067e+03 9.636070e+03 9.653896e+03 9.687893e+03
3.2 9.683476e+03 9.635912e+03 9.648904e+03 9.696469e+03
4.2 9.650871e+03 9.640295e+03 9.636743e+03 9.647319e+03
5.2 9.620975e+03 9.626130e+03 9.623069e+03 9.617914e+03
6.2 9.665503e+03 9.637432e+03 9.610728e+03 9.638798e+03
7.2 9.656688e+03 9.622652e+03 9.608340e+03 9.642377e+03
8.2 9.619906e+03 9.621733e+03 9.616703e+03 9.614877e+03
9.2 9.586525e+03 9.626858e+03 9.630928e+03 9.590594e+03
10.2 9.608513e+03 9.633459e+03 9.634470e+03 9.609524e+03
11.2 9.603611e+03 9.609749e+03 9.630641e+03 9.624503e+03
12.2 9.606521e+03 9.626968e+03 9.626567e+03 9.606119e+03
13.2 9.597368e+03 9.612708e+03 9.618586e+03 9.603246e+03
14.2 9.614533e+03 9.607561e+03 9.610054e+03 9.617025e+03
15.2 9.594003e+03 9.625259e+03 9.609427e+03 9.578171e+03
16.2 9.619165e+03 9.619127e+03 9.618783e+03 9.618821e+03
17.2 9.630936e+03 9.629573e+03 9.632803e+03 9.634166e+03
1.0 9.656688e+03 9.622652e+03 9.608340e+03 9.642377e+03
2.0 9.619906e+03 9.621733e+03 9.616703e+03 9.614877e+03
3.0 9.586525e+03 9.626858e+03 9.630928e+03 9.590594e+03
4.0 9.608513e+03 9.633459e+03 9.634470e+03 9.609524e+03
5.0 9.603611e+03 9.609749e+03 9.630641e+03 9.624503e+03
6.0 9.606521e+03 9.626968e+03 9.626567e+03 9.606119e+03
7.0 9.597368e+03 9.612708e+03 9.618586e+03 9.603246e+03
8.0 9.614533e+03 9.607561e+03 9.610054e+03 9.617025e+03
9.0 9.594003e+03 9.625259e+03 9.609427e+03 9.578171e+03
10.0 9.619165e+03 9.619127e+03 9.618783e+03 9.618821e+03
11.0 9.630936e+03 9.629573e+03 9.632803e+03 9.634166e+03
12.0 9.616134e+03 9.629761e+03 9.635395e+03 9.621768e+03
13.0 9.628819e+03 9.618982e+03 9.631047e+03 9.640883e+03
14.0 9.624909e+03 9.613083e+03 9.626868e+03 9.638694e+03
15.0 9.680461e+03 9.613207e+03 9.624306e+03 9.691559e+03
16.0 9.667023e+03 9.636443e+03 9.623002e+03 9.653582e+03
17.0 9.619004e+03 9.625022e+03 9.622572e+03 9.616554e+03
18.0 9.587992e+03 9.626371e+03 9.622662e+03 9.584283e+03
0.1 9.656688e+03 9.622652e+03 9.608340e+03 9.642377e+03
1.1 9.619906e+03 9.621733e+03 9.616703e+03 9.614877e+03
2.1 9.586525e+03 9.626858e+03 9.630928e+03 9.590594e+03
3.1 9.608513e+03 9.633459e+03 9.634470e+03 9.609524e+03
4.1 9.603611e+03 9.609749e+03 9.630641e+03 9.624503e+03
5.1 9.606521e+03 9.626968e+03 9.626567e+03 9.606119e+03
6.1 9.597368e+03 9.612708e+03 9.618586e+03 9.603246e+03
7.1 9.614533e+03 9.607561e+03 9.610054e+03 9.617025e+03
8.1 9.594003e+03 9.625259e+03 9.609427e+03 9.578171e+03
9.1 9.619165e+03 9.619127e+03 9.618783e+03 9.618821e+03
10.1 9.630936e+03 9.629573e+03 9.632803e+03 9.634166e+03
11.1 9.616134e+03 9.629761e+03 9.635395e+03 9.621768e+03
12.1 9.628819e+03 9.618982e+03 9.631047e+03 9.640883e+03
13.1 9.624909e+03 9.613083e+03 9.626868e+03 9.638694e+03
14.1 9.680461e+03 9.613207e+03 9.624306e+03 9.691559e+03
15.1 9.667023e+03 9.636443e+03 9.623002e+03 9.653582e+03
16.1 9.619004e+03 9.625022e+03 9.622572e+03 9.616554e+03
17.1 9.587992e+03 9.626371e+03 9.622662e+03 9.584283e+03
1.0 9.594003e+03 9.625259e+03 9.609427e+03 9.578171e+03
2.0 9.619165e+03 9.619127e+03 9.618783e+03 9.618821e+03
3.0 9.630936e+03 9.629573e+03 9.632803e+03 9.634166e+03
4.0 9.616134e+03 9.629761e+03 9.635395e+03 9.621768e+03
5.0 9.628819e+03 9.618982e+03 9.631047e+03 9.640883e+03
6.0 9.624909e+03 9.613083e+03 9.626868e+03 9.638694e+03
7.0 9.680461e+03 9.613207e+03 9.624306e+03 9.691559e+03
8.0 9.667023e+03 9.636443e+03 9.623002e+03 9.653582e+03
9.0 9.619004e+03 9.625022e+03 9.622572e+03 9.616554e+03
10.0 9.587992e+03 9.626371e+03 9.622662e+03 9.584283e+03
11.0 9.620417e+03 9.619192e+03 9.622957e+03 9.624181e+03
12.0 9.630596e+03 9.645861e+03 9.623254e+03 9.607988e+03
13.0 9.670386e+03 9.631312e+03 9.623483e+03 9.662557e+03
14.0 9.594996e+03 9.604978e+03 9.623652e+03 9.613669e+03
15.0 9.625872e+03 9.606613e+03 9.623783e+03 9.643042e+03
16.0 9.599872e+03 9.589569e+03 9.623906e+03 9.634209e+03
17.0 9.565777e+03 9.601769e+03 9.624035e+03 9.588043e+03
18.0 9.577384e+03 9.607808e+03 9.624174e+03 9.593751e+03
0.2 9.594003e+03 9.625259e+03 9.609427e+03 9.578171e+03
1.2 9.619165e+03 9.619127e+03 9.618783e+03 9.618821e+03
2.2 9.630936e+03 9.629573e+03 9.632803e+03 9.634166e+03
3.2 9.616134e+03 9.629761e+03 9.635395e+03 9.621768e+03
4.2 9.628819e+03 9.618982e+03 9.631047e+03 9.640883e+03
5.2 9.624909e+03 9.613083e+03 9.626868e+03 9.638694e+03
6.2 9.680461e+03 9.613207e+03 9.624306e+03 9.691559e+03
7.2 9.667023e+03 9.636443e+03 9.623002e+03 9.653582e+03
8.2 9.619004e+03 9.625022e+03 9.622572e+03 9.616554e+03
9.2 9.587992e+03 9.626371e+03 9.622662e+03 9.584283e+03
10.2 9.620417e+03 9.619192e+03 9.622957e+03 9.624181e+03
11.2 9.630596e+03 9.645861e+03 9.623254e+03 9.607988e+03
12.2 9.670386e+03 9.631312e+03 9.623483e+03 9.662557e+03
13.2 9.594996e+03 9.604978e+03 9.623652e+03 9.613669e+03
14.2 9.625872e+03 9.606613e+03 9.623783e+03 9.643042e+03
15.2 9.599872e+03 9.589569e+03 9.623906e+03 9.634209e+03
16.2 9.565777e+03 9.601769e+03 9.624035e+03 9.588043e+03
17.2 9.577384e+03 9.607808e+03 9.624174e+03 9.593751e+03
0.3 9.615928e+03 9.585444e+03 9.593268e+03 9.623752e+03
1.3 9.625965e+03 9.602905e+03 9.609598e+03 9.632658e+03
2.3 9.623133e+03 9.608120e+03 9.624320e+03 9.639332e+03
3.3 9.644761e+03 9.626056e+03 9.636982e+03 9.655687e+03
4.3 9.677796e+03 9.637886e+03 9.650767e+03 9.690677e+03
5.3 9.638414e+03 9.667333e+03 9.660207e+03 9.631288e+03
6.3 9.632450e+03 9.664288e+03 9.669409e+03 9.637571e+03
7.3 9.664074e+03 9.641020e+03 9.664998e+03 9.688052e+03
8.3 9.636314e+03 9.619008e+03 9.646841e+03 9.664146e+03
9.3 9.628119e+03 9.606444e+03 9.629404e+03 9.651080e+03
10.3 9.575882e+03 9.621535e+03 9.598154e+03 9.552502e+03
11.3 9.589038e+03 9.593084e+03 9.568858e+03 9.564812e+03
12.3 9.608169e+03 9.581836e+03 9.558022e+03 9.584355e+03
13.3 9.593531e+03 9.559873e+03 9.563915e+03 9.597573e+03
14.3 9.521558e+03 9.564166e+03 9.584165e+03 9.541558e+03
15.3 9.533026e+03 9.582443e+03 9.605578e+03 9.556161e+03
16.3 9.551033e+03 9.596111e+03 9.622291e+03 9.577213e+03
17.3 9.578862e+03 9.625540e+03 9.636442e+03 9.589764e+03
0.6 9.623133e+03 9.608120e+03 9.624320e+03 9.639332e+03
1.6 9.644761e+03 9.626056e+03 9.636982e+03 9.655687e+03
2.6 9.677796e+03 9.637886e+03 9.650767e+03 9.690677e+03
3.6 9.638414e+03 9.667333e+03 9.660207e+03 9.631288e+03
4.6 9.632450e+03 9.664288e+03 9.669409e+03 9.637571e+03
5.6 9.664074e+03 9.641020e+03 9.664998e+03 9.688052e+03
6.6 9.636314e+03 9.619008e+03 9.646841e+03 9.664146e+03
7.6 9.628119e+03 9.606444e+03 9.629404e+03 9.651080e+03
8.6 9.575882e+03 9.621535e+03 9.598154e+03 9.552502e+03
9.6 9.589038e+03 9.593084e+03 9.568858e+03 9.564812e+03
10.6 9.608169e+03 9.581836e+03 9.558022e+03 9.584355e+03
11.6 9.593531e+03 9.559873e+03 9.563915e+03 9.597573e+03
12.6 9.521558e+03 9.564166e+03 9.584165e+03 9.541558e+03
13.6 9.533026e+03 9.582443e+03 9.605578e+03 9.556161e+03
14.6 9.551033e+03 9.596111e+03 9.622291e+03 9.577213e+03
15.6 9.578862e+03 9.625540e+03 9.636442e+03 9.589764e+03
16.6 9.642372e+03 9.645223e+03 9.654801e+03 9.651950e+03
17.6 9.686235e+03 9.664441e+03 9.671395e+03 9.693188e+03
0.4 9.644761e+03 9.626056e+03 9.636982e+03 9.655687e+03
1.4 9.677796e+03 9.637886e+03 9.650767e+03 9.690677e+03
2.4 9.638414e+03 9.667333e+03 9.660207e+03 9.631288e+03
3.4 9.632450e+03 9.664288e+03 9.669409e+03 9.637571e+03
4.4 9.664074e+03 9.641020e+03 9.664998e+03 9.688052e+03
5.4 9.636314e+03 9.619008e+03 9.646841e+03 9.664146e+03
6.4 9.628119e+03 9.606444e+03 9.629404e+03 9.651080e+03
7.4 9.575882e+03 9.621535e+03 9.598154e+03 9.552502e+03
8.4 9.589038e+03 9.593084e+03 9.568858e+03 9.564812e+03
9.4 9.608169e+03 9.581836e+03 9.558022e+03 9.584355e+03
10.4 9.593531e+03 9.559873e+03 9.563915e+03 9.597573e+03
11.4 9.521558e+03 9.564166e+03 9.584165e+03 9.541558e+03
12.4 9.533026e+03 9.582443e+03 9.605578e+03 9.556161e+03
13.4 9.551033e+03 9.596111e+03 9.622291e+03 9.577213e+03
14.4 9.578862e+03 9.625540e+03 9.636442e+03 9.589764e+03
15.4 9.642372e+03 9.645223e+03 9.654801e+03 9.651950e+03
16.4 9.686235e+03 9.664441e+03 9.671395e+03 9.693188e+03
17.4 9.672999e+03 9.641849e+03 9.677793e+03 9.708943e+03
0.9 9.638414e+03 9.667333e+03 9.660207e+03 9.631288e+03
1.9 9.632450e+03 9.664288e+03 9.669409e+03 9.637571e+03
2.9 9.664074e+03 9.641020e+03 9.664998e+03 9.688052e+03
3.9 9.636314e+03 9.619008e+03 9.646841e+03 9.664146e+03
4.9 9.628119e+03 9.606444e+03 9.629404e+03 9.651080e+03
5.9 9.575882e+03 9.621535e+03 9.598154e+03 9.552502e+03
6.9 9.589038e+03 9.593084e+03 9.568858e+03 9.564812e+03
7.9 9.608169e+03 9.581836e+03 9.558022e+03 9.584355e+03
8.9 9.593531e+03 9.559873e+03 9.563915e+03 9.597573e+03
9.9 9.521558e+03 9.564166e+03 9.584165e+03 9.541558e+03
10.9 9.533026e+03 9.582443e+03 9.605578e+03 9.556161e+03
11.9 9.551033e+03 9.596111e+03 9.622291e+03 9.577213e+03
12.9 9.578862e+03 9.625540e+03 9.636442e+03 9.589764e+03
13.9 9.642372e+03 9.645223e+03 9.654801e+03 9.651950e+03
14.9 9.686235e+03 9.664441e+03 9.671395e+03 9.693188e+03
15.9 9.672999e+03 9.641849e+03 9.677793e+03 9.708943e+03
16.9 9.628335e+03 9.678941e+03 9.682924e+03 9.632318e+03
17.9 9.715705e+03 9.669466e+03 9.665630e+03 9.711869e+03
0.5 9.521558e+03 9.564166e+03 9.584165e+03 9.541558e+03
1.5 9.533026e+03 9.582443e+03 9.605578e+03 9.556161e+03
2.5 9.551033e+03 9.596111e+03 9.622291e+03 9.577213e+03
3.5 9.578862e+03 9.625540e+03 9.636442e+03 9.589764e+03
4.5 9.642372e+03 9.645223e+03 9.654801e+03 9.651950e+03
5.5 9.686235e+03 9.664441e+03 9.671395e+03 9.693188e+03
6.5 9.672999e+03 9.641849e+03 9.677793e+03 9.708943e+03
7.5 9.628335e+03 9.678941e+03 9.682924e+03 9.632318e+03
8.5 9.715705e+03 9.669466e+03 9.665630e+03 9.711869e+03
9.5 9.649326e+03 9.639364e+03 9.640765e+03 9.650727e+03
10.5 9.581161e+03 9.612694e+03 9.624385e+03 9.592852e+03
11.5 9.619316e+03 9.615724e+03 9.617007e+03 9.620599e+03
12.5 9.664878e+03 9.642869e+03 9.615072e+03 9.637080e+03
13.5 9.679909e+03 9.655662e+03 9.615877e+03 9.640124e+03
14.5 9.639844e+03 9.669500e+03 9.617693e+03 9.588037e+03
15.5 9.649664e+03 9.653521e+03 9.619499e+03 9.615643e+03
16.5 9.653635e+03 9.628636e+03 9.620869e+03 9.645868e+03
17.5 9.617629e+03 9.620880e+03 9.621770e+03 9.618519e+03
0.7 9.551033e+03 9.596111e+03 9.622291e+03 9.577213e+03
1.7 9.578862e+03 9.625540e+03 9.636442e+03 9.589764e+03
2.7 9.642372e+03 9.645223e+03 9.654801e+03 9.651950e+03
3.7 9.686235e+03 9.664441e+03 9.671395e+03 9.693188e+03
4.7 9.672999e+03 9.641849e+03 9.677793e+03 9.708943e+03
5.7 9.628335e+03 9.678941e+03 9.682924e+03 9.632318e+03
6.7 9.715705e+03 9.669466e+03 9.665630e+03 9.711869e+03
7.7 9.649326e+03 9.639364e+03 9.640765e+03 9.650727e+03
8.7 9.581161e+03 9.612694e+03 9.624385e+03 9.592852e+03
9.7 9.619316e+03 9.615724e+03 9.617007e+03 9.620599e+03
10.7 9.664878e+03 9.642869e+03 9.615072e+03 9.637080e+03
11.7 9.679909e+03 9.655662e+03 9.615877e+03 9.640124e+03
12.7 9.639844e+03 9.669500e+03 9.617693e+03 9.588037e+03
13.7 9.649664e+03 9.653521e+03 9.619499e+03 9.615643e+03
14.7 9.653635e+03 9.628636e+03 9.620869e+03 9.645868e+03
15.7 9.617629e+03 9.620880e+03 9.621770e+03 9.618519e+03
16.7 9.613717e+03 9.626289e+03 9.621923e+03 9.609350e+03
17.7 9.607361e+03 9.608622e+03 9.615419e+03 9.614157e+03
0.8 9.578862e+03 9.625540e+03 9.636442e+03 9.589764e+03
1.8 9.642372e+03 9.645223e+03 9.654801e+03 9.651950e+03
2.8 9.686235e+03 9.664441e+03 9.671395e+03 9.693188e+03
3.8 9.672999e+03 9.641849e+03 9.677793e+03 9.708943e+03
4.8 9.628335e+03 9.678941e+03 9.682924e+03 9.632318e+03
5.8 9.715705e+03 9.669466e+03 9.665630e+03 9.711869e+03
6.8 9.649326e+03 9.639364e+03 9.640765e+03 9.650727e+03
7.8 9.581161e+03 9.612694e+03 9.624385e+03 9.592852e+03
8.8 9.619316e+03 9.615724e+03 9.617007e+03 9.620599e+03
9.8 9.664878e+03 9.642869e+03 9.615072e+03 9.637080e+03
10.8 9.679909e+03 9.655662e+03 9.615877e+03 9.640124e+03
11.8 9.639844e+03 9.669500e+03 9.617693e+03 9.588037e+03
12.8 9.649664e+03 9.653521e+03 9.619499e+03 9.615643e+03
13.8 9.653635e+03 9.628636e+03 9.620869e+03 9.645868e+03
14.8 9.617629e+03 9.620880e+03 9.621770e+03 9.618519e+03
15.8 9.613717e+03 9.626289e+03 9.621923e+03 9.609350e+03
16.8 9.607361e+03 9.608622e+03 9.615419e+03 9.614157e+03
17.8 9.586718e+03 9.607421e+03 9.611348e+03 9.590645e+03
0.7 9.642372e+03 9.645223e+03 9.654801e+03 9.651950e+03
1.7 9.686235e+03 9.664441e+03 9.671395e+03 9.693188e+03
2.7 9.672999e+03 9.641849e+03 9.677793e+03 9.708943e+03
3.7 9.628335e+03 9.678941e+03 9.682924e+03 9.632318e+03
4.7 9.715705e+03 9.669466e+03 9.665630e+03 9.711869e+03
5.7 9.649326e+03 9.639364e+03 9.640765e+03 9.650727e+03
6.7 9.581161e+03 9.612694e+03 9.624385e+03 9.592852e+03
7.7 9.619316e+03 9.615724e+03 9.617007e+03 9.620599e+03
8.7 9.664878e+03 9.642869e+03 9.615072e+03 9.637080e+03
9.7 9.679909e+03 9.655662e+03 9.615877e+03 9.640124e+03
10.7 9.639844e+03 9.669500e+03 9.617693e+03 9.588037e+03
11.7 9.649664e+03 9.653521e+03 9.619499e+03 9.615643e+03
12.7 9.653635e+03 9.628636e+03 9.620869e+03 9.645868e+03
13.7 9.617629e+03 9.620880e+03 9.621770e+03 9.618519e+03
14.7 9.613717e+03 9.626289e+03 9.621923e+03 9.609350e+03
15.7 9.607361e+03 9.608622e+03 9.615419e+03 9.614157e+03
16.7 9.586718e+03 9.607421e+03 9.611348e+03 9.590645e+03
17.7 9.632034e+03 9.620617e+03 9.612830e+03 9.624247e+03
0.2 9.686235e+03 9.664441e+03 9.671395e+03 9.693188e+03
1.2 9.672999e+03 9.641849e+03 9.677793e+03 9.708943e+03
2.2 9.628335e+03 9.678941e+03 9.682924e+03 9.632318e+03
3.2 9.715705e+03 9.669466e+03 9.665630e+03 9.711869e+03
4.2 9.649326e+03 9.639364e+03 9.640765e+03 9.650727e+03
5.2 9.581161e+03 9.612694e+03 9.624385e+03 9.592852e+03
6.2 9.619316e+03 9.615724e+03 9.617007e+03 9.620599e+03
7.2 9.664878e+03 9.642869e+03 9.615072e+03 9.637080e+03
8.2 9.679909e+03 9.655662e+03 9.615877e+03 9.640124e+03
9.2 9.639844e+03 9.669500e+03 9.617693e+03 9.588037e+03
10.2 9.649664e+03 9.653521e+03 9.619499e+03 9.615643e+03
11.2 9.653635e+03 9.628636e+03 9.620869e+03 9.645868e+03
12.2 9.617629e+03 9.620880e+03 9.621770e+03 9.618519e+03
13.2 9.613717e+03 9.626289e+03 9.621923e+03 9.609350e+03
14.2 9.607361e+03 9.608622e+03 9.615419e+03 9.614157e+03
15.2 9.586718e+03 9.607421e+03 9.611348e+03 9.590645e+03
16.2 9.632034e+03 9.620617e+03 9.612830e+03 9.624247e+03
17.2 9.654824e+03 9.615840e+03 9.618046e+03 9.657030e+03
0.8 9.632034e+03 9.620617e+03 9.612830e+03 9.624247e+03
1.8 9.654824e+03 9.615840e+03 9.618046e+03 9.657030e+03
2.8 9.654249e+03 9.618871e+03 9.628345e+03 9.663723e+03
3.8 9.623994e+03 9.617350e+03 9.636698e+03 9.643343e+03
4.8 9.611436e+03 9.625968e+03 9.634720e+03 9.620188e+03
5.8 9.630701e+03 9.632616e+03 9.623445e+03 9.621530e+03
6.8 9.598867e+03 9.604363e+03 9.601528e+03 9.596032e+03
7.8 9.598274e+03 9.596816e+03 9.592649e+03 9.594107e+03
8.8 9.584834e+03 9.598917e+03 9.585847e+03 9.571763e+03
9.8 9.571852e+03 9.591502e+03 9.588366e+03 9.568716e+03
10.8 9.581442e+03 9.585880e+03 9.600068e+03 9.595630e+03
11.8 9.557232e+03 9.607950e+03 9.614235e+03 9.563517e+03
12.8 9.612087e+03 9.633960e+03 9.625703e+03 9.603830e+03
13.8 9.647472e+03 9.640681e+03 9.636361e+03 9.643151e+03
14.8 9.644693e+03 9.639397e+03 9.643507e+03 9.648803e+03
15.8 9.663485e+03 9.649105e+03 9.651853e+03 9.666233e+03
16.8 9.638479e+03 9.640144e+03 9.661725e+03 9.660060e+03
17.8 9.588900e+03 9.681305e+03 9.661865e+03 9.569460e+03
0.5 9.654824e+03 9.615840e+03 9.618046e+03 9.657030e+03
1.5 9.654249e+03 9.618871e+03 9.628345e+03 9.663723e+03
2.5 9.623994e+03 9.617350e+03 9.636698e+03 9.643343e+03
3.5 9.611436e+03 9.625968e+03 9.634720e+03 9.620188e+03
4.5 9.630701e+03 9.632616e+03 9.623445e+03 9.621530e+03
5.5 9.598867e+03 9.604363e+03 9.601528e+03 9.596032e+03
6.5 9.598274e+03 9.596816e+03 9.592649e+03 9.594107e+03
7.5 9.584834e+03 9.598917e+03 9.585847e+03 9.571763e+03
8.5 9.571852e+03 9.591502e+03 9.588366e+03 9.568716e+03
9.5 9.581442e+03 9.585880e+03 9.600068e+03 9.595630e+03
10.5 9.557232e+03 9.607950e+03 9.614235e+03 9.563517e+03
11.5 9.612087e+03 9.633960e+03 9.625703e+03 9.603830e+03
12.5 9.647472e+03 9.640681e+03 9.636361e+03 9.643151e+03
13.5 9.644693e+03 9.639397e+03 9.643507e+03 9.648803e+03
14.5 9.663485e+03 9.649105e+03 9.651853e+03 9.666233e+03
15.5 9.638479e+03 9.640144e+03 9.661725e+03 9.660060e+03
16.5 9.588900e+03 9.681305e+03 9.661865e+03 9.569460e+03
17.5 9.661024e+03 9.648972e+03 9.645909e+03 9.657960e+03
0.4 9.581442e+03 9.585880e+03 9.600068e+03 9.595630e+03
1.4 9.557232e+03 9.607950e+03 9.614235e+03 9.563517e+03
2.4 9.612087e+03 9.633960e+03 9.625703e+03 9.603830e+03
3.4 9.647472e+03 9.640681e+03 9.636361e+03 9.643151e+03
4.4 9.644693e+03 9.639397e+03 9.643507e+03 9.648803e+03
5.4 9.663485e+03 9.649105e+03 9.651853e+03 9.666233e+03
6.4 9.638479e+03 9.640144e+03 9.661725e+03 9.660060e+03
7.4 9.588900e+03 9.681305e+03 9.661865e+03 9.569460e+03
8.4 9.661024e+03 9.648972e+03 9.645909e+03 9.657960e+03
9.4 9.625572e+03 9.622599e+03 9.630549e+03 9.633522e+03
10.4 9.588612e+03 9.613767e+03 9.621907e+03 9.596752e+03
11.4 9.626101e+03 9.624801e+03 9.618375e+03 9.619675e+03
12.4 9.681846e+03 9.640958e+03 9.617733e+03 9.658622e+03
13.4 9.655962e+03 9.629192e+03 9.618489e+03 9.645258e+03
14.4 9.615619e+03 9.622327e+03 9.619658e+03 9.612951e+03
15.4 9.608156e+03 9.607711e+03 9.620692e+03 9.621137e+03
16.4 9.622698e+03 9.621661e+03 9.621411e+03 9.622448e+03
17.4 9.617176e+03 9.599726e+03 9.621854e+03 9.639305e+03
0.8 9.612087e+03 9.633960e+03 9.625703e+03 9.603830e+03
1.8 9.647472e+03 9.640681e+03 9.636361e+03 9.643151e+03
2.8 9.644693e+03 9.639397e+03 9.643507e+03 9.648803e+03
3.8 9.663485e+03 9.649105e+03 9.651853e+03 9.666233e+03
4.8 9.638479e+03 9.640144e+03 9.661725e+03 9.660060e+03
5.8 9.588900e+03 9.681305e+03 9.661865e+03 9.569460e+03
6.8 9.661024e+03 9.648972e+03 9.645909e+03 9.657960e+03
7.8 9.625572e+03 9.622599e+03 9.630549e+03 9.633522e+03
8.8 9.588612e+03 9.613767e+03 9.621907e+03 9.596752e+03
9.8 9.626101e+03 9.624801e+03 9.618375e+03 9.619675e+03
10.8 9.681846e+03 9.640958e+03 9.617733e+03 9.658622e+03
11.8 9.655962e+03 9.629192e+03 9.618489e+03 9.645258e+03
12.8 9.615619e+03 9.622327e+03 9.619658e+03 9.612951e+03
13.8 9.608156e+03 9.607711e+03 9.620692e+03 9.621137e+03
14.8 9.622698e+03 9.621661e+03 9.621411e+03 9.622448e+03
15.8 9.617176e+03 9.599726e+03 9.621854e+03 9.639305e+03
16.8 9.605284e+03 9.603755e+03 9.622124e+03 9.623653e+03
17.8 9.641248e+03 9.617883e+03 9.622303e+03 9.645668e+03
0.1 9.647472e+03 9.640681e+03 9.636361e+03 9.643151e+03
1.1 9.644693e+03 9.639397e+03 9.643507e+03 9.648803e+03
2.1 9.663485e+03 9.649105e+03 9.651853e+03 9.666233e+03
3.1 9.638479e+03 9.640144e+03 9.661725e+03 9.660060e+03
4.1 9.588900e+03 9.681305e+03 9.661865e+03 9.569460e+03
5.1 9.661024e+03 9.648972e+03 9.645909e+03 9.657960e+03
6.1 9.625572e+03 9.622599e+03 9.630549e+03 9.633522e+03
7.1 9.588612e+03 9.613767e+03 9.621907e+03 9.596752e+03
8.1 9.626101e+03 9.624801e+03 9.618375e+03 9.619675e+03
9.1 9.681846e+03 9.640958e+03 9.617733e+03 9.658622e+03
10.1 9.655962e+03 9.629192e+03 9.618489e+03 9.645258e+03
11.1 9.615619e+03 9.622327e+03 9.619658e+03 9.612951e+03
12.1 9.608156e+03 9.607711e+03 9.620692e+03 9.621137e+03
13.1 9.622698e+03 9.621661e+03 9.621411e+03 9.622448e+03
14.1 9.617176e+03 9.599726e+03 9.621854e+03 9.639305e+03
15.1 9.605284e+03 9.603755e+03 9.622124e+03 9.623653e+03
16.1 9.641248e+03 9.617883e+03 9.622303e+03 9.645668e+03
17.1 9.604563e+03 9.631387e+03 9.622442e+03 9.595618e+03
0.7 9.663485e+03 9.649105e+03 9.651853e+03 9.666233e+03
1.7 9.638479e+03 9.640144e+03 9.661725e+03 9.660060e+03
2.7 9.588900e+03 9.681305e+03 9.661865e+03 9.569460e+03
3.7 9.661024e+03 9.648972e+03 9.645909e+03 9.657960e+03
4.7 9.625572e+03 9.622599e+03 9.630549e+03 9.633522e+03
5.7 9.588612e+03 9.613767e+03 9.621907e+03 9.596752e+03
6.7 9.626101e+03 9.624801e+03 9.618375e+03 9.619675e+03
7.7 9.681846e+03 9.640958e+03 9.617733e+03 9.658622e+03
8.7 9.655962e+03 9.629192e+03 9.618489e+03 9.645258e+03
9.7 9.615619e+03 9.622327e+03 9.619658e+03 9.612951e+03
10.7 9.608156e+03 9.607711e+03 9.620692e+03 9.621137e+03
11.7 9.622698e+03 9.621661e+03 9.621411e+03 9.622448e+03
12.7 9.617176e+03 9.599726e+03 9.621854e+03 9.639305e+03
13.7 9.605284e+03 9.603755e+03 9.622124e+03 9.623653e+03
14.7 9.641248e+03 9.617883e+03 9.622303e+03 9.645668e+03
15.7 9.604563e+03 9.631387e+03 9.622442e+03 9.595618e+03
16.7 9.612436e+03 9.631190e+03 9.622566e+03 9.603812e+03
17.7 9.617896e+03 9.642061e+03 9.622689e+03 9.598524e+03
0.9 9.597933e+03 9.626821e+03 9.612035e+03 9.583147e+03
1.9 9.605992e+03 9.601015e+03 9.619150e+03 9.624127e+03
2.9 9.636525e+03 9.616539e+03 9.627705e+03 9.647690e+03
3.9 9.606862e+03 9.607398e+03 9.637258e+03 9.636723e+03
4.9 9.608044e+03 9.625337e+03 9.636800e+03 9.619507e+03
5.9 9.646466e+03 9.639478e+03 9.631240e+03 9.638228e+03
6.9 9.659818e+03 9.637594e+03 9.626672e+03 9.648897e+03
7.9 9.615682e+03 9.621667e+03 9.624074e+03 9.618090e+03
8.9 9.590642e+03 9.636931e+03 9.622887e+03 9.576598e+03
9.9 9.646131e+03 9.643213e+03 9.622579e+03 9.625497e+03
10.9 9.644948e+03 9.649276e+03 9.622726e+03 9.618398e+03
11.9 9.646296e+03 9.653349e+03 9.623009e+03 9.615956e+03
12.9 9.709150e+03 9.648208e+03 9.623255e+03 9.684197e+03
13.9 9.671441e+03 9.638589e+03 9.623294e+03 9.656147e+03
14.9 9.663584e+03 9.626091e+03 9.619175e+03 9.656668e+03
15.9 9.617627e+03 9.625573e+03 9.615366e+03 9.607420e+03
16.9 9.617758e+03 9.625093e+03 9.618391e+03 9.611056e+03
17.9 9.628704e+03 9.626561e+03 9.627266e+03 9.629409e+03
0.3 9.605992e+03 9.601015e+03 9.619150e+03 9.624127e+03
1.3 9.636525e+03 9.616539e+03 9.627705e+03 9.647690e+03
2.3 9.606862e+03 9.607398e+03 9.637258e+03 9.636723e+03
3.3 9.608044e+03 9.625337e+03 9.636800e+03 9.619507e+03
4.3 9.646466e+03 9.639478e+03 9.631240e+03 9.638228e+03
5.3 9.659818e+03 9.637594e+03 9.626672e+03 9.648897e+03
6.3 9.615682e+03 9.621667e+03 9.624074e+03 9.618090e+03
7.3 9.590642e+03 9.636931e+03 9.622887e+03 9.576598e+03
8.3 9.646131e+03 9.643213e+03 9.622579e+03 9.625497e+03
9.3 9.644948e+03 9.649276e+03 9.622726e+03 9.618398e+03
10.3 9.646296e+03 9.653349e+03 9.623009e+03 9.615956e+03
11.3 9.709150e+03 9.648208e+03 9.623255e+03 9.684197e+03
12.3 9.671441e+03 9.638589e+03 9.623294e+03 9.656147e+03
13.3 9.663584e+03 9.626091e+03 9.619175e+03 9.656668e+03
14.3 9.617627e+03 9.625573e+03 9.615366e+03 9.607420e+03
15.3 9.617758e+03 9.625093e+03 9.618391e+03 9.611056e+03
16.3 9.628704e+03 9.626561e+03 9.627266e+03 9.629409e+03
17.3 9.656446e+03 9.637948e+03 9.630671e+03 9.649169e+03
0.1 9.617627e+03 9.625573e+03 9.615366e+03 9.607420e+03
1.1 9.617758e+03 9.625093e+03 9.618391e+03 9.611056e+03
2.1 9.628704e+03 9.626561e+03 9.627266e+03 9.629409e+03
3.1 9.656446e+03 9.637948e+03 9.630671e+03 9.649169e+03
4.1 9.669307e+03 9.647389e+03 9.628653e+03 9.650571e+03
5.1 9.640440e+03 9.634582e+03 9.626116e+03 9.631974e+03
6.1 9.611507e+03 9.624611e+03 9.624462e+03 9.611359e+03
7.1 9.554611e+03 9.569569e+03 9.623553e+03 9.608594e+03
8.1 9.578623e+03 9.573875e+03 9.623170e+03 9.627918e+03
9.1 9.615027e+03 9.593553e+03 9.623131e+03 9.644605e+03
10.1 9.563596e+03 9.609444e+03 9.623253e+03 9.577405e+03
11.1 9.546496e+03 9.595438e+03 9.623403e+03 9.574461e+03
12.1 9.526583e+03 9.582243e+03 9.623522e+03 9.567862e+03
13.1 9.547389e+03 9.579940e+03 9.623602e+03 9.591051e+03
14.1 9.572489e+03 9.606999e+03 9.623652e+03 9.589143e+03
15.1 9.595091e+03 9.639172e+03 9.623688e+03 9.579606e+03
16.1 9.635191e+03 9.634990e+03 9.623717e+03 9.623917e+03
17.1 9.713011e+03 9.662797e+03 9.623744e+03 9.673958e+03
