0.5 9.776650e+03 9.772224e+03 9.773133e+03 9.777559e+03
1.5 9.865140e+03 9.749768e+03 9.770292e+03 9.885663e+03
2.5 9.698510e+03 9.757142e+03 9.772102e+03 9.713470e+03
3.5 9.730246e+03 9.776406e+03 9.776752e+03 9.730592e+03
4.5 9.730765e+03 9.757078e+03 9.777695e+03 9.751382e+03
5.5 9.694271e+03 9.775948e+03 9.776576e+03 9.694899e+03
6.5 9.759334e+03 9.814730e+03 9.775513e+03 9.720116e+03
7.5 9.774459e+03 9.802807e+03 9.774854e+03 9.746506e+03
8.5 9.879412e+03 9.809670e+03 9.774494e+03 9.844236e+03
9.5 9.821308e+03 9.767865e+03 9.774352e+03 9.827794e+03
10.5 9.738280e+03 9.760250e+03 9.774350e+03 9.752381e+03
11.5 9.750710e+03 9.731367e+03 9.774410e+03 9.793753e+03
12.5 9.708259e+03 9.759325e+03 9.774477e+03 9.723410e+03
13.5 9.812739e+03 9.771483e+03 9.774527e+03 9.815783e+03
14.5 9.746450e+03 9.776589e+03 9.774732e+03 9.744593e+03
15.5 9.799489e+03 9.786859e+03 9.777852e+03 9.790482e+03
16.5 9.731596e+03 9.765396e+03 9.779798e+03 9.745998e+03
17.5 9.676131e+03 9.780537e+03 9.775158e+03 9.670752e+03
1.0 9.799489e+03 9.786859e+03 9.777852e+03 9.790482e+03
2.0 9.731596e+03 9.765396e+03 9.779798e+03 9.745998e+03
3.0 9.676131e+03 9.780537e+03 9.775158e+03 9.670752e+03
4.0 9.844635e+03 9.790166e+03 9.770953e+03 9.825422e+03
5.0 9.792827e+03 9.791859e+03 9.771200e+03 9.772168e+03
6.0 9.853085e+03 9.789022e+03 9.772693e+03 9.836756e+03
7.0 9.869918e+03 9.792184e+03 9.773809e+03 9.851543e+03
8.0 9.793970e+03 9.780635e+03 9.774477e+03 9.787812e+03
9.0 9.847817e+03 9.801711e+03 9.774826e+03 9.820933e+03
10.0 9.742693e+03 9.772176e+03 9.774945e+03 9.745462e+03
11.0 9.674173e+03 9.749279e+03 9.774931e+03 9.699825e+03
12.0 9.768746e+03 9.772077e+03 9.774877e+03 9.771546e+03
13.0 9.887438e+03 9.788361e+03 9.776601e+03 9.875678e+03
14.0 9.722629e+03 9.768751e+03 9.782076e+03 9.735954e+03
15.0 9.836390e+03 9.780357e+03 9.780490e+03 9.836523e+03
16.0 9.765615e+03 9.793669e+03 9.771724e+03 9.743670e+03
17.0 9.849300e+03 9.800157e+03 9.768832e+03 9.817975e+03
18.0 9.660853e+03 9.769307e+03 9.770644e+03 9.662189e+03
0.5 9.887438e+03 9.788361e+03 9.776601e+03 9.875678e+03
1.5 9.722629e+03 9.768751e+03 9.782076e+03 9.735954e+03
2.5 9.836390e+03 9.780357e+03 9.780490e+03 9.836523e+03
3.5 9.765615e+03 9.793669e+03 9.771724e+03 9.743670e+03
4.5 9.849300e+03 9.800157e+03 9.768832e+03 9.817975e+03
5.5 9.660853e+03 9.769307e+03 9.770644e+03 9.662189e+03
6.5 9.830730e+03 9.787603e+03 9.772736e+03 9.815864e+03
7.5 9.677633e+03 9.760572e+03 9.774462e+03 9.691522e+03
8.5 9.714753e+03 9.774435e+03 9.780191e+03 9.720509e+03
9.5 9.793110e+03 9.787200e+03 9.782949e+03 9.788859e+03
10.5 9.767181e+03 9.815156e+03 9.775495e+03 9.727520e+03
11.5 9.824109e+03 9.832953e+03 9.769464e+03 9.760620e+03
12.5 9.809987e+03 9.800411e+03 9.769979e+03 9.779555e+03
13.5 9.826597e+03 9.802028e+03 9.772149e+03 9.796718e+03
14.5 9.837173e+03 9.771658e+03 9.773772e+03 9.839287e+03
15.5 9.791787e+03 9.757438e+03 9.774337e+03 9.808687e+03
16.5 9.674863e+03 9.774545e+03 9.774251e+03 9.674569e+03
17.5 9.809970e+03 9.779214e+03 9.774930e+03 9.805685e+03
0.1 9.677633e+03 9.760572e+03 9.774462e+03 9.691522e+03
1.1 9.714753e+03 9.774435e+03 9.780191e+03 9.720509e+03
2.1 9.793110e+03 9.787200e+03 9.782949e+03 9.788859e+03
3.1 9.767181e+03 9.815156e+03 9.775495e+03 9.727520e+03
4.1 9.824109e+03 9.832953e+03 9.769464e+03 9.760620e+03
5.1 9.809987e+03 9.800411e+03 9.769979e+03 9.779555e+03
6.1 9.826597e+03 9.802028e+03 9.772149e+03 9.796718e+03
7.1 9.837173e+03 9.771658e+03 9.773772e+03 9.839287e+03
8.1 9.791787e+03 9.757438e+03 9.774337e+03 9.808687e+03
9.1 9.674863e+03 9.774545e+03 9.774251e+03 9.674569e+03
10.1 9.809970e+03 9.779214e+03 9.774930e+03 9.805685e+03
11.1 9.808262e+03 9.788576e+03 9.775764e+03 9.795450e+03
12.1 9.831945e+03 9.757806e+03 9.775730e+03 9.849870e+03
13.1 9.840220e+03 9.737172e+03 9.775393e+03 9.878440e+03
14.1 9.771040e+03 9.801492e+03 9.775130e+03 9.744679e+03
15.1 9.800448e+03 9.785942e+03 9.774973e+03 9.789479e+03
16.1 9.768877e+03 9.794182e+03 9.774887e+03 9.749582e+03
17.1 9.804851e+03 9.737155e+03 9.774850e+03 9.842545e+03
0.9 9.791787e+03 9.757438e+03 9.774337e+03 9.808687e+03
1.9 9.674863e+03 9.774545e+03 9.774251e+03 9.674569e+03
2.9 9.809970e+03 9.779214e+03 9.774930e+03 9.805685e+03
3.9 9.808262e+03 9.788576e+03 9.775764e+03 9.795450e+03
4.9 9.831945e+03 9.757806e+03 9.775730e+03 9.849870e+03
5.9 9.840220e+03 9.737172e+03 9.775393e+03 9.878440e+03
6.9 9.771040e+03 9.801492e+03 9.775130e+03 9.744679e+03
7.9 9.800448e+03 9.785942e+03 9.774973e+03 9.789479e+03
8.9 9.768877e+03 9.794182e+03 9.774887e+03 9.749582e+03
9.9 9.804851e+03 9.737155e+03 9.774850e+03 9.842545e+03
10.9 9.769827e+03 9.754681e+03 9.774842e+03 9.789988e+03
11.9 9.638674e+03 9.740783e+03 9.774846e+03 9.672736e+03
12.9 9.707963e+03 9.740825e+03 9.774851e+03 9.741989e+03
13.9 9.698399e+03 9.731113e+03 9.774852e+03 9.742138e+03
14.9 9.758124e+03 9.695558e+03 9.774849e+03 9.837415e+03
15.9 9.655823e+03 9.734349e+03 9.774844e+03 9.696319e+03
16.9 9.746892e+03 9.728856e+03 9.774838e+03 9.792873e+03
17.9 9.783005e+03 9.790885e+03 9.774832e+03 9.766952e+03
0.8 9.790217e+03 9.777093e+03 9.772991e+03 9.786114e+03
1.8 9.791622e+03 9.732016e+03 9.771117e+03 9.830722e+03
2.8 9.723323e+03 9.735242e+03 9.773789e+03 9.761870e+03
3.8 9.835067e+03 9.783931e+03 9.777195e+03 9.828332e+03
4.8 9.781527e+03 9.784301e+03 9.777344e+03 9.774571e+03
5.8 9.760597e+03 9.813815e+03 9.776319e+03 9.723101e+03
6.8 9.836742e+03 9.781324e+03 9.775499e+03 9.830917e+03
7.8 9.709089e+03 9.772498e+03 9.775003e+03 9.711594e+03
8.8 9.675887e+03 9.755423e+03 9.774740e+03 9.695204e+03
9.8 9.752156e+03 9.743476e+03 9.774645e+03 9.783325e+03
10.8 9.741736e+03 9.788520e+03 9.774652e+03 9.727868e+03
11.8 9.799117e+03 9.778913e+03 9.774698e+03 9.794902e+03
12.8 9.757502e+03 9.769102e+03 9.774741e+03 9.763141e+03
13.8 9.826498e+03 9.796515e+03 9.774769e+03 9.804752e+03
14.8 9.659254e+03 9.779182e+03 9.774783e+03 9.654855e+03
15.8 9.786575e+03 9.791672e+03 9.774216e+03 9.769119e+03
16.8 9.787321e+03 9.768457e+03 9.770722e+03 9.789586e+03
17.8 9.670562e+03 9.734714e+03 9.770482e+03 9.706329e+03
0.2 9.786575e+03 9.791672e+03 9.774216e+03 9.769119e+03
1.2 9.787321e+03 9.768457e+03 9.770722e+03 9.789586e+03
2.2 9.670562e+03 9.734714e+03 9.770482e+03 9.706329e+03
3.2 9.814915e+03 9.806909e+03 9.775876e+03 9.783883e+03
4.2 9.760175e+03 9.786880e+03 9.778490e+03 9.751785e+03
5.2 9.780744e+03 9.823450e+03 9.777606e+03 9.734900e+03
6.2 9.947439e+03 9.821359e+03 9.776252e+03 9.902332e+03
7.2 9.723277e+03 9.776539e+03 9.775347e+03 9.722085e+03
8.2 9.808830e+03 9.794405e+03 9.774824e+03 9.789248e+03
9.2 9.741354e+03 9.723410e+03 9.774576e+03 9.792520e+03
10.2 9.800153e+03 9.803967e+03 9.774520e+03 9.770706e+03
11.2 9.852985e+03 9.774901e+03 9.774562e+03 9.852647e+03
12.2 9.809527e+03 9.778510e+03 9.774619e+03 9.805636e+03
13.2 9.893487e+03 9.786698e+03 9.773183e+03 9.879973e+03
14.2 9.708537e+03 9.762897e+03 9.771686e+03 9.717326e+03
15.2 9.826814e+03 9.840505e+03 9.773885e+03 9.760194e+03
16.2 9.820215e+03 9.793378e+03 9.776663e+03 9.803499e+03
17.2 9.906471e+03 9.823077e+03 9.776781e+03 9.860175e+03
0.8 9.893487e+03 9.786698e+03 9.773183e+03 9.879973e+03
1.8 9.708537e+03 9.762897e+03 9.771686e+03 9.717326e+03
2.8 9.826814e+03 9.840505e+03 9.773885e+03 9.760194e+03
3.8 9.820215e+03 9.793378e+03 9.776663e+03 9.803499e+03
4.8 9.906471e+03 9.823077e+03 9.776781e+03 9.860175e+03
5.8 9.809038e+03 9.763458e+03 9.775949e+03 9.821529e+03
6.8 9.774620e+03 9.802425e+03 9.775286e+03 9.747480e+03
7.8 9.717507e+03 9.758074e+03 9.774886e+03 9.734318e+03
8.8 9.776586e+03 9.794444e+03 9.774675e+03 9.756817e+03
9.8 9.687422e+03 9.733884e+03 9.774601e+03 9.728139e+03
10.8 9.679666e+03 9.775545e+03 9.774610e+03 9.678731e+03
11.8 9.730550e+03 9.762334e+03 9.774650e+03 9.742866e+03
12.8 9.757928e+03 9.765244e+03 9.774690e+03 9.767374e+03
13.8 9.777923e+03 9.785026e+03 9.774719e+03 9.767615e+03
14.8 9.758837e+03 9.798848e+03 9.774736e+03 9.734725e+03
15.8 9.828176e+03 9.810330e+03 9.774745e+03 9.792591e+03
16.8 9.710521e+03 9.765908e+03 9.774751e+03 9.719364e+03
17.8 9.801572e+03 9.777138e+03 9.774754e+03 9.799189e+03
0.2 9.753882e+03 9.818506e+03 9.774341e+03 9.709717e+03
1.2 9.930042e+03 9.799294e+03 9.772254e+03 9.903002e+03
2.2 9.818315e+03 9.726261e+03 9.772114e+03 9.864168e+03
3.2 9.776372e+03 9.744787e+03 9.775297e+03 9.806882e+03
4.2 9.842403e+03 9.816034e+03 9.776788e+03 9.803157e+03
5.2 9.647184e+03 9.779867e+03 9.776245e+03 9.643562e+03
6.2 9.820472e+03 9.711777e+03 9.775446e+03 9.884140e+03
7.2 9.820604e+03 9.701481e+03 9.774913e+03 9.894037e+03
8.2 9.700207e+03 9.695100e+03 9.774606e+03 9.779713e+03
9.2 9.723135e+03 9.716577e+03 9.774463e+03 9.781021e+03
10.2 9.883575e+03 9.710517e+03 9.774434e+03 9.947492e+03
11.2 9.636219e+03 9.740198e+03 9.774464e+03 9.670485e+03
12.2 9.747226e+03 9.758943e+03 9.774510e+03 9.762793e+03
13.2 9.859742e+03 9.795894e+03 9.774552e+03 9.838401e+03
14.2 9.927717e+03 9.824393e+03 9.773923e+03 9.877247e+03
15.2 9.661529e+03 9.838292e+03 9.770910e+03 9.594147e+03
16.2 9.911538e+03 9.887472e+03 9.771184e+03 9.795249e+03
17.2 9.913297e+03 9.908720e+03 9.775954e+03 9.780531e+03
0.3 9.927717e+03 9.824393e+03 9.773923e+03 9.877247e+03
1.3 9.661529e+03 9.838292e+03 9.770910e+03 9.594147e+03
2.3 9.911538e+03 9.887472e+03 9.771184e+03 9.795249e+03
3.3 9.913297e+03 9.908720e+03 9.775954e+03 9.780531e+03
4.3 9.794401e+03 9.871320e+03 9.779014e+03 9.702096e+03
5.3 9.801546e+03 9.826516e+03 9.792109e+03 9.767139e+03
6.3 9.899963e+03 9.830460e+03 9.804119e+03 9.873622e+03
7.3 9.885651e+03 9.805704e+03 9.783704e+03 9.863651e+03
8.3 9.682664e+03 9.757856e+03 9.757079e+03 9.681887e+03
9.3 9.747532e+03 9.786407e+03 9.754393e+03 9.715517e+03
10.3 9.823677e+03 9.762255e+03 9.762209e+03 9.823630e+03
11.3 9.770501e+03 9.779389e+03 9.769004e+03 9.760116e+03
12.3 9.766083e+03 9.754719e+03 9.773198e+03 9.784563e+03
13.3 9.642116e+03 9.758417e+03 9.775447e+03 9.659147e+03
14.3 9.715719e+03 9.754067e+03 9.776286e+03 9.737938e+03
15.3 9.810986e+03 9.755145e+03 9.776262e+03 9.832104e+03
16.3 9.819527e+03 9.756976e+03 9.775902e+03 9.838453e+03
17.3 9.847073e+03 9.783879e+03 9.775565e+03 9.838759e+03
0.3 9.794401e+03 9.871320e+03 9.779014e+03 9.702096e+03
1.3 9.801546e+03 9.826516e+03 9.792109e+03 9.767139e+03
2.3 9.899963e+03 9.830460e+03 9.804119e+03 9.873622e+03
3.3 9.885651e+03 9.805704e+03 9.783704e+03 9.863651e+03
4.3 9.682664e+03 9.757856e+03 9.757079e+03 9.681887e+03
5.3 9.747532e+03 9.786407e+03 9.754393e+03 9.715517e+03
6.3 9.823677e+03 9.762255e+03 9.762209e+03 9.823630e+03
7.3 9.770501e+03 9.779389e+03 9.769004e+03 9.760116e+03
8.3 9.766083e+03 9.754719e+03 9.773198e+03 9.784563e+03
9.3 9.642116e+03 9.758417e+03 9.775447e+03 9.659147e+03
10.3 9.715719e+03 9.754067e+03 9.776286e+03 9.737938e+03
11.3 9.810986e+03 9.755145e+03 9.776262e+03 9.832104e+03
12.3 9.819527e+03 9.756976e+03 9.775902e+03 9.838453e+03
13.3 9.847073e+03 9.783879e+03 9.775565e+03 9.838759e+03
14.3 9.778642e+03 9.738607e+03 9.774739e+03 9.814774e+03
15.3 9.730521e+03 9.748865e+03 9.774233e+03 9.755888e+03
16.3 9.878872e+03 9.773664e+03 9.775012e+03 9.880219e+03
17.3 9.761075e+03 9.736415e+03 9.775653e+03 9.800313e+03
0.2 9.847073e+03 9.783879e+03 9.775565e+03 9.838759e+03
1.2 9.778642e+03 9.738607e+03 9.774739e+03 9.814774e+03
2.2 9.730521e+03 9.748865e+03 9.774233e+03 9.755888e+03
3.2 9.878872e+03 9.773664e+03 9.775012e+03 9.880219e+03
4.2 9.761075e+03 9.736415e+03 9.775653e+03 9.800313e+03
5.2 9.720270e+03 9.739698e+03 9.775566e+03 9.756138e+03
6.2 9.702278e+03 9.756779e+03 9.775313e+03 9.720812e+03
7.2 9.618098e+03 9.720934e+03 9.775129e+03 9.672292e+03
8.2 9.709727e+03 9.745764e+03 9.775013e+03 9.738976e+03
9.2 9.694884e+03 9.732250e+03 9.774947e+03 9.737581e+03
10.2 9.727276e+03 9.765281e+03 9.774917e+03 9.736912e+03
11.2 9.750823e+03 9.781500e+03 9.774908e+03 9.744231e+03
12.2 9.688979e+03 9.769814e+03 9.774904e+03 9.694069e+03
13.2 9.815707e+03 9.811569e+03 9.774901e+03 9.779039e+03
14.2 9.809411e+03 9.793117e+03 9.773608e+03 9.789902e+03
15.2 9.732545e+03 9.795442e+03 9.770760e+03 9.707863e+03
16.2 9.842158e+03 9.793513e+03 9.772352e+03 9.820997e+03
17.2 9.787863e+03 9.806808e+03 9.776968e+03 9.758023e+03
0.5 9.809411e+03 9.793117e+03 9.773608e+03 9.789902e+03
1.5 9.732545e+03 9.795442e+03 9.770760e+03 9.707863e+03
2.5 9.842158e+03 9.793513e+03 9.772352e+03 9.820997e+03
3.5 9.787863e+03 9.806808e+03 9.776968e+03 9.758023e+03
4.5 9.742394e+03 9.803444e+03 9.777989e+03 9.716939e+03
5.5 9.820949e+03 9.821433e+03 9.776891e+03 9.776408e+03
6.5 9.769378e+03 9.790277e+03 9.775819e+03 9.754920e+03
7.5 9.848843e+03 9.733543e+03 9.775148e+03 9.890447e+03
8.5 9.725730e+03 9.768690e+03 9.774773e+03 9.731814e+03
9.5 9.743420e+03 9.756828e+03 9.774615e+03 9.761207e+03
10.5 9.789937e+03 9.753227e+03 9.774602e+03 9.811312e+03
11.5 9.780796e+03 9.776459e+03 9.774653e+03 9.778989e+03
12.5 9.780285e+03 9.770311e+03 9.774714e+03 9.784688e+03
13.5 9.866322e+03 9.821587e+03 9.774763e+03 9.819498e+03
14.5 9.761122e+03 9.803004e+03 9.774787e+03 9.732905e+03
15.5 9.783318e+03 9.770722e+03 9.774792e+03 9.787389e+03
16.5 9.786146e+03 9.782639e+03 9.774792e+03 9.778299e+03
17.5 9.803480e+03 9.783406e+03 9.774791e+03 9.794865e+03
0.5 9.842585e+03 9.775198e+03 9.773822e+03 9.841208e+03
1.5 9.781056e+03 9.750426e+03 9.771875e+03 9.802505e+03
2.5 9.790806e+03 9.719553e+03 9.773141e+03 9.844393e+03
3.5 9.725435e+03 9.806997e+03 9.776328e+03 9.694765e+03
4.5 9.766225e+03 9.802026e+03 9.776949e+03 9.741147e+03
5.5 9.704159e+03 9.793569e+03 9.776171e+03 9.686761e+03
6.5 9.762014e+03 9.814374e+03 9.775438e+03 9.723078e+03
7.5 9.807461e+03 9.774406e+03 9.774984e+03 9.808038e+03
8.5 9.785556e+03 9.791443e+03 9.773482e+03 9.767594e+03
9.5 9.709900e+03 9.768418e+03 9.770465e+03 9.711948e+03
10.5 9.749337e+03 9.769789e+03 9.770815e+03 9.750362e+03
11.5 9.772978e+03 9.784991e+03 9.773233e+03 9.761220e+03
12.5 9.869916e+03 9.774463e+03 9.775892e+03 9.871345e+03
13.5 9.801384e+03 9.800268e+03 9.780028e+03 9.781144e+03
14.5 9.711172e+03 9.793816e+03 9.783878e+03 9.701233e+03
15.5 9.696779e+03 9.777027e+03 9.781154e+03 9.700906e+03
16.5 9.705051e+03 9.785671e+03 9.775062e+03 9.694442e+03
17.5 9.743095e+03 9.762006e+03 9.773551e+03 9.754639e+03
0.4 9.785556e+03 9.791443e+03 9.773482e+03 9.767594e+03
1.4 9.709900e+03 9.768418e+03 9.770465e+03 9.711948e+03
2.4 9.749337e+03 9.769789e+03 9.770815e+03 9.750362e+03
3.4 9.772978e+03 9.784991e+03 9.773233e+03 9.761220e+03
4.4 9.869916e+03 9.774463e+03 9.775892e+03 9.871345e+03
5.4 9.801384e+03 9.800268e+03 9.780028e+03 9.781144e+03
6.4 9.711172e+03 9.793816e+03 9.783878e+03 9.701233e+03
7.4 9.696779e+03 9.777027e+03 9.781154e+03 9.700906e+03
8.4 9.705051e+03 9.785671e+03 9.775062e+03 9.694442e+03
9.4 9.743095e+03 9.762006e+03 9.773551e+03 9.754639e+03
10.4 9.875315e+03 9.817961e+03 9.771972e+03 9.829326e+03
11.4 9.829553e+03 9.769929e+03 9.770722e+03 9.830346e+03
12.4 9.845823e+03 9.794681e+03 9.771805e+03 9.822948e+03
13.4 9.791540e+03 9.748989e+03 9.773362e+03 9.815914e+03
14.4 9.832737e+03 9.775083e+03 9.774382e+03 9.832037e+03
15.4 9.750008e+03 9.785039e+03 9.773555e+03 9.738523e+03
16.4 9.765763e+03 9.776121e+03 9.770859e+03 9.760501e+03
17.4 9.830948e+03 9.783021e+03 9.772527e+03 9.820454e+03
0.5 9.749337e+03 9.769789e+03 9.770815e+03 9.750362e+03
1.5 9.772978e+03 9.784991e+03 9.773233e+03 9.761220e+03
2.5 9.869916e+03 9.774463e+03 9.775892e+03 9.871345e+03
3.5 9.801384e+03 9.800268e+03 9.780028e+03 9.781144e+03
4.5 9.711172e+03 9.793816e+03 9.783878e+03 9.701233e+03
5.5 9.696779e+03 9.777027e+03 9.781154e+03 9.700906e+03
6.5 9.705051e+03 9.785671e+03 9.775062e+03 9.694442e+03
7.5 9.743095e+03 9.762006e+03 9.773551e+03 9.754639e+03
8.5 9.875315e+03 9.817961e+03 9.771972e+03 9.829326e+03
9.5 9.829553e+03 9.769929e+03 9.770722e+03 9.830346e+03
10.5 9.845823e+03 9.794681e+03 9.771805e+03 9.822948e+03
11.5 9.791540e+03 9.748989e+03 9.773362e+03 9.815914e+03
12.5 9.832737e+03 9.775083e+03 9.774382e+03 9.832037e+03
13.5 9.750008e+03 9.785039e+03 9.773555e+03 9.738523e+03
14.5 9.765763e+03 9.776121e+03 9.770859e+03 9.760501e+03
15.5 9.830948e+03 9.783021e+03 9.772527e+03 9.820454e+03
16.5 9.755108e+03 9.761518e+03 9.777154e+03 9.770745e+03
17.5 9.678312e+03 9.728191e+03 9.778112e+03 9.728233e+03
0.5 9.801384e+03 9.800268e+03 9.780028e+03 9.781144e+03
1.5 9.711172e+03 9.793816e+03 9.783878e+03 9.701233e+03
2.5 9.696779e+03 9.777027e+03 9.781154e+03 9.700906e+03
3.5 9.705051e+03 9.785671e+03 9.775062e+03 9.694442e+03
4.5 9.743095e+03 9.762006e+03 9.773551e+03 9.754639e+03
5.5 9.875315e+03 9.817961e+03 9.771972e+03 9.829326e+03
6.5 9.829553e+03 9.769929e+03 9.770722e+03 9.830346e+03
7.5 9.845823e+03 9.794681e+03 9.771805e+03 9.822948e+03
8.5 9.791540e+03 9.748989e+03 9.773362e+03 9.815914e+03
9.5 9.832737e+03 9.775083e+03 9.774382e+03 9.832037e+03
10.5 9.750008e+03 9.785039e+03 9.773555e+03 9.738523e+03
11.5 9.765763e+03 9.776121e+03 9.770859e+03 9.760501e+03
12.5 9.830948e+03 9.783021e+03 9.772527e+03 9.820454e+03
13.5 9.755108e+03 9.761518e+03 9.777154e+03 9.770745e+03
14.5 9.678312e+03 9.728191e+03 9.778112e+03 9.728233e+03
15.5 9.699377e+03 9.773937e+03 9.776950e+03 9.702389e+03
16.5 9.792609e+03 9.738419e+03 9.775838e+03 9.830028e+03
17.5 9.858757e+03 9.768896e+03 9.775147e+03 9.865008e+03
0.9 9.705051e+03 9.785671e+03 9.775062e+03 9.694442e+03
1.9 9.743095e+03 9.762006e+03 9.773551e+03 9.754639e+03
2.9 9.875315e+03 9.817961e+03 9.771972e+03 9.829326e+03
3.9 9.829553e+03 9.769929e+03 9.770722e+03 9.830346e+03
4.9 9.845823e+03 9.794681e+03 9.771805e+03 9.822948e+03
5.9 9.791540e+03 9.748989e+03 9.773362e+03 9.815914e+03
6.9 9.832737e+03 9.775083e+03 9.774382e+03 9.832037e+03
7.9 9.750008e+03 9.785039e+03 9.773555e+03 9.738523e+03
8.9 9.765763e+03 9.776121e+03 9.770859e+03 9.760501e+03
9.9 9.830948e+03 9.783021e+03 9.772527e+03 9.820454e+03
10.9 9.755108e+03 9.761518e+03 9.777154e+03 9.770745e+03
11.9 9.678312e+03 9.728191e+03 9.778112e+03 9.728233e+03
12.9 9.699377e+03 9.773937e+03 9.776950e+03 9.702389e+03
13.9 9.792609e+03 9.738419e+03 9.775838e+03 9.830028e+03
14.9 9.858757e+03 9.768896e+03 9.775147e+03 9.865008e+03
15.9 9.833142e+03 9.781954e+03 9.774765e+03 9.825952e+03
16.9 9.769929e+03 9.807864e+03 9.774605e+03 9.736670e+03
17.9 9.682659e+03 9.765008e+03 9.774590e+03 9.692241e+03
0.5 9.750008e+03 9.785039e+03 9.773555e+03 9.738523e+03
1.5 9.765763e+03 9.776121e+03 9.770859e+03 9.760501e+03
2.5 9.830948e+03 9.783021e+03 9.772527e+03 9.820454e+03
3.5 9.755108e+03 9.761518e+03 9.777154e+03 9.770745e+03
4.5 9.678312e+03 9.728191e+03 9.778112e+03 9.728233e+03
5.5 9.699377e+03 9.773937e+03 9.776950e+03 9.702389e+03
6.5 9.792609e+03 9.738419e+03 9.775838e+03 9.830028e+03
7.5 9.858757e+03 9.768896e+03 9.775147e+03 9.865008e+03
8.5 9.833142e+03 9.781954e+03 9.774765e+03 9.825952e+03
9.5 9.769929e+03 9.807864e+03 9.774605e+03 9.736670e+03
10.5 9.682659e+03 9.765008e+03 9.774590e+03 9.692241e+03
11.5 9.727702e+03 9.720146e+03 9.774637e+03 9.782193e+03
12.5 9.505245e+03 9.721101e+03 9.774690e+03 9.558834e+03
13.5 9.814429e+03 9.789762e+03 9.774727e+03 9.799393e+03
14.5 9.784811e+03 9.792450e+03 9.774744e+03 9.767105e+03
15.5 9.860783e+03 9.806535e+03 9.774751e+03 9.828999e+03
16.5 9.793216e+03 9.800111e+03 9.774754e+03 9.767859e+03
17.5 9.875877e+03 9.786847e+03 9.774752e+03 9.863782e+03
