0.7 9.638290e+03 9.623496e+03 9.623248e+03 9.638042e+03
1.7 9.625894e+03 9.617625e+03 9.623346e+03 9.631616e+03
2.7 9.612222e+03 9.627981e+03 9.623913e+03 9.608154e+03
3.7 9.592730e+03 9.620459e+03 9.624306e+03 9.596577e+03
4.7 9.580244e+03 9.610307e+03 9.624231e+03 9.594169e+03
5.7 9.596635e+03 9.602760e+03 9.624041e+03 9.617916e+03
6.7 9.626157e+03 9.625994e+03 9.623727e+03 9.623890e+03
7.7 9.640085e+03 9.650087e+03 9.623153e+03 9.613151e+03
8.7 9.625913e+03 9.628645e+03 9.622708e+03 9.619976e+03
9.7 9.612659e+03 9.608835e+03 9.623241e+03 9.627065e+03
10.7 9.650800e+03 9.607672e+03 9.624321e+03 9.667449e+03
11.7 9.651950e+03 9.610377e+03 9.624682e+03 9.666255e+03
12.7 9.597224e+03 9.615673e+03 9.624419e+03 9.605970e+03
13.7 9.630677e+03 9.630229e+03 9.624341e+03 9.624790e+03
14.7 9.641372e+03 9.645544e+03 9.624341e+03 9.620169e+03
15.7 9.647420e+03 9.638357e+03 9.623598e+03 9.632661e+03
16.7 9.614793e+03 9.626395e+03 9.623051e+03 9.611449e+03
17.7 9.612298e+03 9.648365e+03 9.623451e+03 9.587384e+03
0.9 9.626157e+03 9.625994e+03 9.623727e+03 9.623890e+03
1.9 9.640085e+03 9.650087e+03 9.623153e+03 9.613151e+03
2.9 9.625913e+03 9.628645e+03 9.622708e+03 9.619976e+03
3.9 9.612659e+03 9.608835e+03 9.623241e+03 9.627065e+03
4.9 9.650800e+03 9.607672e+03 9.624321e+03 9.667449e+03
5.9 9.651950e+03 9.610377e+03 9.624682e+03 9.666255e+03
6.9 9.597224e+03 9.615673e+03 9.624419e+03 9.605970e+03
7.9 9.630677e+03 9.630229e+03 9.624341e+03 9.624790e+03
8.9 9.641372e+03 9.645544e+03 9.624341e+03 9.620169e+03
9.9 9.647420e+03 9.638357e+03 9.623598e+03 9.632661e+03
10.9 9.614793e+03 9.626395e+03 9.623051e+03 9.611449e+03
11.9 9.612298e+03 9.648365e+03 9.623451e+03 9.587384e+03
12.9 9.640207e+03 9.644394e+03 9.623836e+03 9.619649e+03
13.9 9.658665e+03 9.654128e+03 9.623932e+03 9.628469e+03
14.9 9.640374e+03 9.638224e+03 9.623813e+03 9.625963e+03
15.9 9.648081e+03 9.635858e+03 9.623480e+03 9.635703e+03
16.9 9.635335e+03 9.627674e+03 9.623172e+03 9.630834e+03
17.9 9.620844e+03 9.622740e+03 9.623231e+03 9.621335e+03
0.9 9.640085e+03 9.650087e+03 9.623153e+03 9.613151e+03
1.9 9.625913e+03 9.628645e+03 9.622708e+03 9.619976e+03
2.9 9.612659e+03 9.608835e+03 9.623241e+03 9.627065e+03
3.9 9.650800e+03 9.607672e+03 9.624321e+03 9.667449e+03
4.9 9.651950e+03 9.610377e+03 9.624682e+03 9.666255e+03
5.9 9.597224e+03 9.615673e+03 9.624419e+03 9.605970e+03
6.9 9.630677e+03 9.630229e+03 9.624341e+03 9.624790e+03
7.9 9.641372e+03 9.645544e+03 9.624341e+03 9.620169e+03
8.9 9.647420e+03 9.638357e+03 9.623598e+03 9.632661e+03
9.9 9.614793e+03 9.626395e+03 9.623051e+03 9.611449e+03
10.9 9.612298e+03 9.648365e+03 9.623451e+03 9.587384e+03
11.9 9.640207e+03 9.644394e+03 9.623836e+03 9.619649e+03
12.9 9.658665e+03 9.654128e+03 9.623932e+03 9.628469e+03
13.9 9.640374e+03 9.638224e+03 9.623813e+03 9.625963e+03
14.9 9.648081e+03 9.635858e+03 9.623480e+03 9.635703e+03
15.9 9.635335e+03 9.627674e+03 9.623172e+03 9.630834e+03
16.9 9.620844e+03 9.622740e+03 9.623231e+03 9.621335e+03
17.9 9.622435e+03 9.624289e+03 9.623672e+03 9.621818e+03
0.0 9.640085e+03 9.650087e+03 9.623153e+03 9.613151e+03
1.0 9.625913e+03 9.628645e+03 9.622708e+03 9.619976e+03
2.0 9.612659e+03 9.608835e+03 9.623241e+03 9.627065e+03
3.0 9.650800e+03 9.607672e+03 9.624321e+03 9.667449e+03
4.0 9.651950e+03 9.610377e+03 9.624682e+03 9.666255e+03
5.0 9.597224e+03 9.615673e+03 9.624419e+03 9.605970e+03
6.0 9.630677e+03 9.630229e+03 9.624341e+03 9.624790e+03
7.0 9.641372e+03 9.645544e+03 9.624341e+03 9.620169e+03
8.0 9.647420e+03 9.638357e+03 9.623598e+03 9.632661e+03
9.0 9.614793e+03 9.626395e+03 9.623051e+03 9.611449e+03
10.0 9.612298e+03 9.648365e+03 9.623451e+03 9.587384e+03
11.0 9.640207e+03 9.644394e+03 9.623836e+03 9.619649e+03
12.0 9.658665e+03 9.654128e+03 9.623932e+03 9.628469e+03
13.0 9.640374e+03 9.638224e+03 9.623813e+03 9.625963e+03
14.0 9.648081e+03 9.635858e+03 9.623480e+03 9.635703e+03
15.0 9.635335e+03 9.627674e+03 9.623172e+03 9.630834e+03
16.0 9.620844e+03 9.622740e+03 9.623231e+03 9.621335e+03
17.0 9.622435e+03 9.624289e+03 9.623672e+03 9.621818e+03
0.6 9.630677e+03 9.630229e+03 9.624341e+03 9.624790e+03
1.6 9.641372e+03 9.645544e+03 9.624341e+03 9.620169e+03
2.6 9.647420e+03 9.638357e+03 9.623598e+03 9.632661e+03
3.6 9.614793e+03 9.626395e+03 9.623051e+03 9.611449e+03
4.6 9.612298e+03 9.648365e+03 9.623451e+03 9.587384e+03
5.6 9.640207e+03 9.644394e+03 9.623836e+03 9.619649e+03
6.6 9.658665e+03 9.654128e+03 9.623932e+03 9.628469e+03
7.6 9.640374e+03 9.638224e+03 9.623813e+03 9.625963e+03
8.6 9.648081e+03 9.635858e+03 9.623480e+03 9.635703e+03
9.6 9.635335e+03 9.627674e+03 9.623172e+03 9.630834e+03
10.6 9.620844e+03 9.622740e+03 9.623231e+03 9.621335e+03
11.6 9.622435e+03 9.624289e+03 9.623672e+03 9.621818e+03
12.6 9.637860e+03 9.638530e+03 9.624167e+03 9.623497e+03
13.6 9.638073e+03 9.635893e+03 9.624400e+03 9.626579e+03
14.6 9.620135e+03 9.634350e+03 9.624440e+03 9.610225e+03
15.6 9.636427e+03 9.618556e+03 9.624247e+03 9.642118e+03
16.6 9.597095e+03 9.622228e+03 9.623815e+03 9.598682e+03
17.6 9.638994e+03 9.635461e+03 9.623613e+03 9.627146e+03
0.2 9.641372e+03 9.645544e+03 9.624341e+03 9.620169e+03
1.2 9.647420e+03 9.638357e+03 9.623598e+03 9.632661e+03
2.2 9.614793e+03 9.626395e+03 9.623051e+03 9.611449e+03
3.2 9.612298e+03 9.648365e+03 9.623451e+03 9.587384e+03
4.2 9.640207e+03 9.644394e+03 9.623836e+03 9.619649e+03
5.2 9.658665e+03 9.654128e+03 9.623932e+03 9.628469e+03
6.2 9.640374e+03 9.638224e+03 9.623813e+03 9.625963e+03
7.2 9.648081e+03 9.635858e+03 9.623480e+03 9.635703e+03
8.2 9.635335e+03 9.627674e+03 9.623172e+03 9.630834e+03
9.2 9.620844e+03 9.622740e+03 9.623231e+03 9.621335e+03
10.2 9.622435e+03 9.624289e+03 9.623672e+03 9.621818e+03
11.2 9.637860e+03 9.638530e+03 9.624167e+03 9.623497e+03
12.2 9.638073e+03 9.635893e+03 9.624400e+03 9.626579e+03
13.2 9.620135e+03 9.634350e+03 9.624440e+03 9.610225e+03
14.2 9.636427e+03 9.618556e+03 9.624247e+03 9.642118e+03
15.2 9.597095e+03 9.622228e+03 9.623815e+03 9.598682e+03
16.2 9.638994e+03 9.635461e+03 9.623613e+03 9.627146e+03
17.2 9.649437e+03 9.663163e+03 9.623585e+03 9.609859e+03
0.4 9.658665e+03 9.654128e+03 9.623932e+03 9.628469e+03
1.4 9.640374e+03 9.638224e+03 9.623813e+03 9.625963e+03
2.4 9.648081e+03 9.635858e+03 9.623480e+03 9.635703e+03
3.4 9.635335e+03 9.627674e+03 9.623172e+03 9.630834e+03
4.4 9.620844e+03 9.622740e+03 9.623231e+03 9.621335e+03
5.4 9.622435e+03 9.624289e+03 9.623672e+03 9.621818e+03
6.4 9.637860e+03 9.638530e+03 9.624167e+03 9.623497e+03
7.3 9.638073e+03 9.635893e+03 9.624400e+03 9.626579e+03
8.3 9.620135e+03 9.634350e+03 9.624440e+03 9.610225e+03
9.3 9.636427e+03 9.618556e+03 9.624247e+03 9.642118e+03
10.3 9.597095e+03 9.622228e+03 9.623815e+03 9.598682e+03
11.3 9.638994e+03 9.635461e+03 9.623613e+03 9.627146e+03
12.3 9.649437e+03 9.663163e+03 9.623585e+03 9.609859e+03
13.3 9.595371e+03 9.625749e+03 9.623492e+03 9.593114e+03
14.3 9.571727e+03 9.604961e+03 9.623215e+03 9.589981e+03
15.3 9.608611e+03 9.622159e+03 9.623103e+03 9.609554e+03
16.3 9.599566e+03 9.617873e+03 9.623780e+03 9.605473e+03
17.3 9.632901e+03 9.615910e+03 9.624391e+03 9.641382e+03
0.9 9.648081e+03 9.635858e+03 9.623480e+03 9.635703e+03
1.9 9.635335e+03 9.627674e+03 9.623172e+03 9.630834e+03
2.9 9.620844e+03 9.622740e+03 9.623231e+03 9.621335e+03
3.9 9.622435e+03 9.624289e+03 9.623672e+03 9.621818e+03
4.9 9.637860e+03 9.638530e+03 9.624167e+03 9.623497e+03
5.9 9.638073e+03 9.635893e+03 9.624400e+03 9.626579e+03
6.9 9.620135e+03 9.634350e+03 9.624440e+03 9.610225e+03
7.9 9.636427e+03 9.618556e+03 9.624247e+03 9.642118e+03
8.9 9.597095e+03 9.622228e+03 9.623815e+03 9.598682e+03
9.9 9.638994e+03 9.635461e+03 9.623613e+03 9.627146e+03
10.9 9.649437e+03 9.663163e+03 9.623585e+03 9.609859e+03
11.9 9.595371e+03 9.625749e+03 9.623492e+03 9.593114e+03
12.9 9.571727e+03 9.604961e+03 9.623215e+03 9.589981e+03
13.9 9.608611e+03 9.622159e+03 9.623103e+03 9.609554e+03
14.9 9.599566e+03 9.617873e+03 9.623780e+03 9.605473e+03
15.9 9.632901e+03 9.615910e+03 9.624391e+03 9.641382e+03
16.9 9.600531e+03 9.628301e+03 9.624272e+03 9.596502e+03
17.9 9.625983e+03 9.641435e+03 9.624035e+03 9.608583e+03
0.7 9.635335e+03 9.627674e+03 9.623172e+03 9.630834e+03
1.7 9.620844e+03 9.622740e+03 9.623231e+03 9.621335e+03
2.7 9.622435e+03 9.624289e+03 9.623672e+03 9.621818e+03
3.7 9.637860e+03 9.638530e+03 9.624167e+03 9.623497e+03
4.7 9.638073e+03 9.635893e+03 9.624400e+03 9.626579e+03
5.7 9.620135e+03 9.634350e+03 9.624440e+03 9.610225e+03
6.7 9.636427e+03 9.618556e+03 9.624247e+03 9.642118e+03
7.7 9.597095e+03 9.622228e+03 9.623815e+03 9.598682e+03
8.7 9.638994e+03 9.635461e+03 9.623613e+03 9.627146e+03
9.7 9.649437e+03 9.663163e+03 9.623585e+03 9.609859e+03
10.7 9.595371e+03 9.625749e+03 9.623492e+03 9.593114e+03
11.7 9.571727e+03 9.604961e+03 9.623215e+03 9.589981e+03
12.7 9.608611e+03 9.622159e+03 9.623103e+03 9.609554e+03
13.7 9.599566e+03 9.617873e+03 9.623780e+03 9.605473e+03
14.7 9.632901e+03 9.615910e+03 9.624391e+03 9.641382e+03
15.7 9.600531e+03 9.628301e+03 9.624272e+03 9.596502e+03
16.7 9.625983e+03 9.641435e+03 9.624035e+03 9.608583e+03
17.7 9.604603e+03 9.638931e+03 9.623811e+03 9.589483e+03
0.5 9.620844e+03 9.622740e+03 9.623231e+03 9.621335e+03
1.5 9.622435e+03 9.624289e+03 9.623672e+03 9.621818e+03
2.5 9.637860e+03 9.638530e+03 9.624167e+03 9.623497e+03
3.5 9.638073e+03 9.635893e+03 9.624400e+03 9.626579e+03
4.5 9.620135e+03 9.634350e+03 9.624440e+03 9.610225e+03
5.5 9.636427e+03 9.618556e+03 9.624247e+03 9.642118e+03
6.5 9.597095e+03 9.622228e+03 9.623815e+03 9.598682e+03
7.5 9.638994e+03 9.635461e+03 9.623613e+03 9.627146e+03
8.5 9.649437e+03 9.663163e+03 9.623585e+03 9.609859e+03
9.5 9.595371e+03 9.625749e+03 9.623492e+03 9.593114e+03
10.5 9.571727e+03 9.604961e+03 9.623215e+03 9.589981e+03
11.5 9.608611e+03 9.622159e+03 9.623103e+03 9.609554e+03
12.5 9.599566e+03 9.617873e+03 9.623780e+03 9.605473e+03
13.5 9.632901e+03 9.615910e+03 9.624391e+03 9.641382e+03
14.5 9.600531e+03 9.628301e+03 9.624272e+03 9.596502e+03
15.5 9.625983e+03 9.641435e+03 9.624035e+03 9.608583e+03
16.5 9.604603e+03 9.638931e+03 9.623811e+03 9.589483e+03
17.5 9.637239e+03 9.645806e+03 9.624226e+03 9.615659e+03
0.7 9.620135e+03 9.634350e+03 9.624440e+03 9.610225e+03
1.7 9.636427e+03 9.618556e+03 9.624247e+03 9.642118e+03
2.7 9.597095e+03 9.622228e+03 9.623815e+03 9.598682e+03
3.7 9.638994e+03 9.635461e+03 9.623613e+03 9.627146e+03
4.7 9.649437e+03 9.663163e+03 9.623585e+03 9.609859e+03
5.7 9.595371e+03 9.625749e+03 9.623492e+03 9.593114e+03
6.7 9.571727e+03 9.604961e+03 9.623215e+03 9.589981e+03
7.7 9.608611e+03 9.622159e+03 9.623103e+03 9.609554e+03
8.7 9.599566e+03 9.617873e+03 9.623780e+03 9.605473e+03
9.7 9.632901e+03 9.615910e+03 9.624391e+03 9.641382e+03
10.7 9.600531e+03 9.628301e+03 9.624272e+03 9.596502e+03
11.7 9.625983e+03 9.641435e+03 9.624035e+03 9.608583e+03
12.7 9.604603e+03 9.638931e+03 9.623811e+03 9.589483e+03
13.7 9.637239e+03 9.645806e+03 9.624226e+03 9.615659e+03
14.7 9.641532e+03 9.637257e+03 9.624787e+03 9.629062e+03
15.7 9.647393e+03 9.636061e+03 9.624478e+03 9.635810e+03
16.7 9.644520e+03 9.620449e+03 9.623634e+03 9.647704e+03
17.7 9.587108e+03 9.622827e+03 9.622964e+03 9.587246e+03
1.0 9.649437e+03 9.663163e+03 9.623585e+03 9.609859e+03
2.0 9.595371e+03 9.625749e+03 9.623492e+03 9.593114e+03
3.0 9.571727e+03 9.604961e+03 9.623215e+03 9.589981e+03
4.0 9.608611e+03 9.622159e+03 9.623103e+03 9.609554e+03
5.0 9.599566e+03 9.617873e+03 9.623780e+03 9.605473e+03
6.0 9.632901e+03 9.615910e+03 9.624391e+03 9.641382e+03
7.0 9.600531e+03 9.628301e+03 9.624272e+03 9.596502e+03
8.0 9.625983e+03 9.641435e+03 9.624035e+03 9.608583e+03
9.0 9.604603e+03 9.638931e+03 9.623811e+03 9.589483e+03
10.0 9.637239e+03 9.645806e+03 9.624226e+03 9.615659e+03
11.0 9.641532e+03 9.637257e+03 9.624787e+03 9.629062e+03
12.0 9.647393e+03 9.636061e+03 9.624478e+03 9.635810e+03
13.0 9.644520e+03 9.620449e+03 9.623634e+03 9.647704e+03
14.0 9.587108e+03 9.622827e+03 9.622964e+03 9.587246e+03
15.0 9.618098e+03 9.636181e+03 9.622987e+03 9.604904e+03
16.0 9.632666e+03 9.615872e+03 9.623313e+03 9.640107e+03
17.0 9.634941e+03 9.622705e+03 9.623584e+03 9.635820e+03
18.0 9.683774e+03 9.609753e+03 9.623746e+03 9.697767e+03
0.3 9.595371e+03 9.625749e+03 9.623492e+03 9.593114e+03
1.3 9.571727e+03 9.604961e+03 9.623215e+03 9.589981e+03
2.3 9.608611e+03 9.622159e+03 9.623103e+03 9.609554e+03
3.3 9.599566e+03 9.617873e+03 9.623780e+03 9.605473e+03
4.3 9.632901e+03 9.615910e+03 9.624391e+03 9.641382e+03
5.3 9.600531e+03 9.628301e+03 9.624272e+03 9.596502e+03
6.3 9.625983e+03 9.641435e+03 9.624035e+03 9.608583e+03
7.3 9.604603e+03 9.638931e+03 9.623811e+03 9.589483e+03
8.3 9.637239e+03 9.645806e+03 9.624226e+03 9.615659e+03
9.3 9.641532e+03 9.637257e+03 9.624787e+03 9.629062e+03
10.3 9.647393e+03 9.636061e+03 9.624478e+03 9.635810e+03
11.3 9.644520e+03 9.620449e+03 9.623634e+03 9.647704e+03
12.3 9.587108e+03 9.622827e+03 9.622964e+03 9.587246e+03
13.3 9.618098e+03 9.636181e+03 9.622987e+03 9.604904e+03
14.3 9.632666e+03 9.615872e+03 9.623313e+03 9.640107e+03
15.3 9.634941e+03 9.622705e+03 9.623584e+03 9.635820e+03
16.3 9.683774e+03 9.609753e+03 9.623746e+03 9.697767e+03
17.3 9.664722e+03 9.625319e+03 9.623825e+03 9.663227e+03
0.3 9.571727e+03 9.604961e+03 9.623215e+03 9.589981e+03
1.3 9.608611e+03 9.622159e+03 9.623103e+03 9.609554e+03
2.3 9.599566e+03 9.617873e+03 9.623780e+03 9.605473e+03
3.3 9.632901e+03 9.615910e+03 9.624391e+03 9.641382e+03
4.3 9.600531e+03 9.628301e+03 9.624272e+03 9.596502e+03
5.3 9.625983e+03 9.641435e+03 9.624035e+03 9.608583e+03
6.3 9.604603e+03 9.638931e+03 9.623811e+03 9.589483e+03
7.3 9.637239e+03 9.645806e+03 9.624226e+03 9.615659e+03
8.3 9.641532e+03 9.637257e+03 9.624787e+03 9.629062e+03
9.3 9.647393e+03 9.636061e+03 9.624478e+03 9.635810e+03
10.3 9.644520e+03 9.620449e+03 9.623634e+03 9.647704e+03
11.3 9.587108e+03 9.622827e+03 9.622964e+03 9.587246e+03
12.3 9.618098e+03 9.636181e+03 9.622987e+03 9.604904e+03
13.3 9.632666e+03 9.615872e+03 9.623313e+03 9.640107e+03
14.3 9.634941e+03 9.622705e+03 9.623584e+03 9.635820e+03
15.3 9.683774e+03 9.609753e+03 9.623746e+03 9.697767e+03
16.3 9.664722e+03 9.625319e+03 9.623825e+03 9.663227e+03
17.3 9.623567e+03 9.629111e+03 9.623848e+03 9.618304e+03
0.0 9.608611e+03 9.622159e+03 9.623103e+03 9.609554e+03
1.0 9.599566e+03 9.617873e+03 9.623780e+03 9.605473e+03
2.0 9.632901e+03 9.615910e+03 9.624391e+03 9.641382e+03
3.0 9.600531e+03 9.628301e+03 9.624272e+03 9.596502e+03
4.0 9.625983e+03 9.641435e+03 9.624035e+03 9.608583e+03
5.0 9.604603e+03 9.638931e+03 9.623811e+03 9.589483e+03
6.0 9.637239e+03 9.645806e+03 9.624226e+03 9.615659e+03
7.0 9.641532e+03 9.637257e+03 9.624787e+03 9.629062e+03
8.0 9.647393e+03 9.636061e+03 9.624478e+03 9.635810e+03
9.0 9.644520e+03 9.620449e+03 9.623634e+03 9.647704e+03
10.0 9.587108e+03 9.622827e+03 9.622964e+03 9.587246e+03
11.0 9.618098e+03 9.636181e+03 9.622987e+03 9.604904e+03
12.0 9.632666e+03 9.615872e+03 9.623313e+03 9.640107e+03
13.0 9.634941e+03 9.622705e+03 9.623584e+03 9.635820e+03
14.0 9.683774e+03 9.609753e+03 9.623746e+03 9.697767e+03
15.0 9.664722e+03 9.625319e+03 9.623825e+03 9.663227e+03
16.0 9.623567e+03 9.629111e+03 9.623848e+03 9.618304e+03
17.0 9.610665e+03 9.620515e+03 9.623842e+03 9.613993e+03
0.6 9.625983e+03 9.641435e+03 9.624035e+03 9.608583e+03
1.6 9.604603e+03 9.638931e+03 9.623811e+03 9.589483e+03
2.6 9.637239e+03 9.645806e+03 9.624226e+03 9.615659e+03
3.6 9.641532e+03 9.637257e+03 9.624787e+03 9.629062e+03
4.6 9.647393e+03 9.636061e+03 9.624478e+03 9.635810e+03
5.6 9.644520e+03 9.620449e+03 9.623634e+03 9.647704e+03
6.6 9.587108e+03 9.622827e+03 9.622964e+03 9.587246e+03
7.6 9.618098e+03 9.636181e+03 9.622987e+03 9.604904e+03
8.6 9.632666e+03 9.615872e+03 9.623313e+03 9.640107e+03
9.6 9.634941e+03 9.622705e+03 9.623584e+03 9.635820e+03
10.6 9.683774e+03 9.609753e+03 9.623746e+03 9.697767e+03
11.6 9.664722e+03 9.625319e+03 9.623825e+03 9.663227e+03
12.6 9.623567e+03 9.629111e+03 9.623848e+03 9.618304e+03
13.6 9.610665e+03 9.620515e+03 9.623842e+03 9.613993e+03
14.6 9.608207e+03 9.620966e+03 9.623826e+03 9.611067e+03
15.6 9.625915e+03 9.612437e+03 9.623812e+03 9.637290e+03
16.6 9.590619e+03 9.610922e+03 9.623803e+03 9.603499e+03
17.6 9.610489e+03 9.599085e+03 9.623798e+03 9.635202e+03
0.9 9.637239e+03 9.645806e+03 9.624226e+03 9.615659e+03
1.9 9.641532e+03 9.637257e+03 9.624787e+03 9.629062e+03
2.9 9.647393e+03 9.636061e+03 9.624478e+03 9.635810e+03
3.9 9.644520e+03 9.620449e+03 9.623634e+03 9.647704e+03
4.9 9.587108e+03 9.622827e+03 9.622964e+03 9.587246e+03
5.9 9.618098e+03 9.636181e+03 9.622987e+03 9.604904e+03
6.9 9.632666e+03 9.615872e+03 9.623313e+03 9.640107e+03
7.9 9.634941e+03 9.622705e+03 9.623584e+03 9.635820e+03
8.9 9.683774e+03 9.609753e+03 9.623746e+03 9.697767e+03
9.9 9.664722e+03 9.625319e+03 9.623825e+03 9.663227e+03
10.9 9.623567e+03 9.629111e+03 9.623848e+03 9.618304e+03
11.9 9.610665e+03 9.620515e+03 9.623842e+03 9.613993e+03
12.9 9.608207e+03 9.620966e+03 9.623826e+03 9.611067e+03
13.9 9.625915e+03 9.612437e+03 9.623812e+03 9.637290e+03
14.9 9.590619e+03 9.610922e+03 9.623803e+03 9.603499e+03
15.9 9.610489e+03 9.599085e+03 9.623798e+03 9.635202e+03
16.9 9.604195e+03 9.596698e+03 9.623796e+03 9.631294e+03
17.9 9.588404e+03 9.573652e+03 9.623797e+03 9.638549e+03
0.3 9.641532e+03 9.637257e+03 9.624787e+03 9.629062e+03
1.3 9.647393e+03 9.636061e+03 9.624478e+03 9.635810e+03
2.3 9.644520e+03 9.620449e+03 9.623634e+03 9.647704e+03
3.3 9.587108e+03 9.622827e+03 9.622964e+03 9.587246e+03
4.3 9.618098e+03 9.636181e+03 9.622987e+03 9.604904e+03
5.3 9.632666e+03 9.615872e+03 9.623313e+03 9.640107e+03
6.3 9.634941e+03 9.622705e+03 9.623584e+03 9.635820e+03
7.3 9.683774e+03 9.609753e+03 9.623746e+03 9.697767e+03
8.3 9.664722e+03 9.625319e+03 9.623825e+03 9.663227e+03
9.3 9.623567e+03 9.629111e+03 9.623848e+03 9.618304e+03
10.3 9.610665e+03 9.620515e+03 9.623842e+03 9.613993e+03
11.3 9.608207e+03 9.620966e+03 9.623826e+03 9.611067e+03
12.3 9.625915e+03 9.612437e+03 9.623812e+03 9.637290e+03
13.3 9.590619e+03 9.610922e+03 9.623803e+03 9.603499e+03
14.3 9.610489e+03 9.599085e+03 9.623798e+03 9.635202e+03
15.3 9.604195e+03 9.596698e+03 9.623796e+03 9.631294e+03
16.3 9.588404e+03 9.573652e+03 9.623797e+03 9.638549e+03
17.3 9.590310e+03 9.586812e+03 9.623797e+03 9.627296e+03
0.2 9.616740e+03 9.609936e+03 9.623895e+03 9.630699e+03
1.2 9.644788e+03 9.626843e+03 9.624119e+03 9.642064e+03
2.2 9.604039e+03 9.611814e+03 9.624283e+03 9.616508e+03
3.2 9.578509e+03 9.600287e+03 9.624499e+03 9.602721e+03
4.2 9.662218e+03 9.610169e+03 9.624106e+03 9.676155e+03
5.2 9.641541e+03 9.592581e+03 9.623183e+03 9.672143e+03
6.2 9.589561e+03 9.607192e+03 9.623117e+03 9.605486e+03
7.2 9.606186e+03 9.619632e+03 9.624108e+03 9.610662e+03
8.2 9.691411e+03 9.645345e+03 9.624524e+03 9.670590e+03
9.2 9.659978e+03 9.659175e+03 9.623677e+03 9.624480e+03
10.2 9.625393e+03 9.653923e+03 9.623183e+03 9.594653e+03
11.2 9.609498e+03 9.637040e+03 9.623310e+03 9.595768e+03
12.2 9.628669e+03 9.619979e+03 9.623279e+03 9.631969e+03
13.2 9.634937e+03 9.621832e+03 9.623302e+03 9.636407e+03
14.2 9.624087e+03 9.629750e+03 9.623472e+03 9.617809e+03
15.2 9.655989e+03 9.619292e+03 9.623696e+03 9.660393e+03
16.2 9.621815e+03 9.641134e+03 9.623906e+03 9.604586e+03
17.2 9.645003e+03 9.627903e+03 9.624074e+03 9.641175e+03
0.4 9.604039e+03 9.611814e+03 9.624283e+03 9.616508e+03
1.4 9.578509e+03 9.600287e+03 9.624499e+03 9.602721e+03
2.4 9.662218e+03 9.610169e+03 9.624106e+03 9.676155e+03
3.4 9.641541e+03 9.592581e+03 9.623183e+03 9.672143e+03
4.4 9.589561e+03 9.607192e+03 9.623117e+03 9.605486e+03
5.4 9.606186e+03 9.619632e+03 9.624108e+03 9.610662e+03
6.4 9.691411e+03 9.645345e+03 9.624524e+03 9.670590e+03
7.4 9.659978e+03 9.659175e+03 9.623677e+03 9.624480e+03
8.4 9.625393e+03 9.653923e+03 9.623183e+03 9.594653e+03
9.4 9.609498e+03 9.637040e+03 9.623310e+03 9.595768e+03
10.4 9.628669e+03 9.619979e+03 9.623279e+03 9.631969e+03
11.4 9.634937e+03 9.621832e+03 9.623302e+03 9.636407e+03
12.4 9.624087e+03 9.629750e+03 9.623472e+03 9.617809e+03
13.4 9.655989e+03 9.619292e+03 9.623696e+03 9.660393e+03
14.4 9.621815e+03 9.641134e+03 9.623906e+03 9.604586e+03
15.4 9.645003e+03 9.627903e+03 9.624074e+03 9.641175e+03
16.4 9.632648e+03 9.630649e+03 9.624185e+03 9.626184e+03
17.4 9.609694e+03 9.616768e+03 9.624083e+03 9.617009e+03
0.7 9.662218e+03 9.610169e+03 9.624106e+03 9.676155e+03
1.7 9.641541e+03 9.592581e+03 9.623183e+03 9.672143e+03
2.7 9.589561e+03 9.607192e+03 9.623117e+03 9.605486e+03
3.7 9.606186e+03 9.619632e+03 9.624108e+03 9.610662e+03
4.7 9.691411e+03 9.645345e+03 9.624524e+03 9.670590e+03
5.7 9.659978e+03 9.659175e+03 9.623677e+03 9.624480e+03
6.7 9.625393e+03 9.653923e+03 9.623183e+03 9.594653e+03
7.7 9.609498e+03 9.637040e+03 9.623310e+03 9.595768e+03
8.7 9.628669e+03 9.619979e+03 9.623279e+03 9.631969e+03
9.7 9.634937e+03 9.621832e+03 9.623302e+03 9.636407e+03
10.7 9.624087e+03 9.629750e+03 9.623472e+03 9.617809e+03
11.7 9.655989e+03 9.619292e+03 9.623696e+03 9.660393e+03
12.7 9.621815e+03 9.641134e+03 9.623906e+03 9.604586e+03
13.6 9.645003e+03 9.627903e+03 9.624074e+03 9.641175e+03
14.6 9.632648e+03 9.630649e+03 9.624185e+03 9.626184e+03
15.6 9.609694e+03 9.616768e+03 9.624083e+03 9.617009e+03
16.6 9.588613e+03 9.595374e+03 9.623936e+03 9.617176e+03
17.6 9.624160e+03 9.614040e+03 9.623840e+03 9.633960e+03
1.0 9.589561e+03 9.607192e+03 9.623117e+03 9.605486e+03
2.0 9.606186e+03 9.619632e+03 9.624108e+03 9.610662e+03
3.0 9.691411e+03 9.645345e+03 9.624524e+03 9.670590e+03
4.0 9.659978e+03 9.659175e+03 9.623677e+03 9.624480e+03
5.0 9.625393e+03 9.653923e+03 9.623183e+03 9.594653e+03
6.0 9.609498e+03 9.637040e+03 9.623310e+03 9.595768e+03
7.0 9.628669e+03 9.619979e+03 9.623279e+03 9.631969e+03
8.0 9.634937e+03 9.621832e+03 9.623302e+03 9.636407e+03
9.0 9.624087e+03 9.629750e+03 9.623472e+03 9.617809e+03
10.0 9.655989e+03 9.619292e+03 9.623696e+03 9.660393e+03
11.0 9.621815e+03 9.641134e+03 9.623906e+03 9.604586e+03
12.0 9.645003e+03 9.627903e+03 9.624074e+03 9.641175e+03
13.0 9.632648e+03 9.630649e+03 9.624185e+03 9.626184e+03
14.0 9.609694e+03 9.616768e+03 9.624083e+03 9.617009e+03
15.0 9.588613e+03 9.595374e+03 9.623936e+03 9.617176e+03
16.0 9.624160e+03 9.614040e+03 9.623840e+03 9.633960e+03
17.0 9.608109e+03 9.606375e+03 9.623791e+03 9.625525e+03
18.0 9.628807e+03 9.610984e+03 9.623773e+03 9.641595e+03
1.0 9.606186e+03 9.619632e+03 9.624108e+03 9.610662e+03
2.0 9.691411e+03 9.645345e+03 9.624524e+03 9.670590e+03
3.0 9.659978e+03 9.659175e+03 9.623677e+03 9.624480e+03
4.0 9.625393e+03 9.653923e+03 9.623183e+03 9.594653e+03
5.0 9.609498e+03 9.637040e+03 9.623310e+03 9.595768e+03
6.0 9.628669e+03 9.619979e+03 9.623279e+03 9.631969e+03
7.0 9.634937e+03 9.621832e+03 9.623302e+03 9.636407e+03
8.0 9.624087e+03 9.629750e+03 9.623472e+03 9.617809e+03
9.0 9.655989e+03 9.619292e+03 9.623696e+03 9.660393e+03
10.0 9.621815e+03 9.641134e+03 9.623906e+03 9.604586e+03
11.0 9.645003e+03 9.627903e+03 9.624074e+03 9.641175e+03
12.0 9.632648e+03 9.630649e+03 9.624185e+03 9.626184e+03
13.0 9.609694e+03 9.616768e+03 9.624083e+03 9.617009e+03
14.0 9.588613e+03 9.595374e+03 9.623936e+03 9.617176e+03
15.0 9.624160e+03 9.614040e+03 9.623840e+03 9.633960e+03
16.0 9.608109e+03 9.606375e+03 9.623791e+03 9.625525e+03
17.0 9.628807e+03 9.610984e+03 9.623773e+03 9.641595e+03
18.0 9.591272e+03 9.596471e+03 9.623772e+03 9.618572e+03
0.6 9.625393e+03 9.653923e+03 9.623183e+03 9.594653e+03
1.6 9.609498e+03 9.637040e+03 9.623310e+03 9.595768e+03
2.6 9.628669e+03 9.619979e+03 9.623279e+03 9.631969e+03
3.6 9.634937e+03 9.621832e+03 9.623302e+03 9.636407e+03
4.6 9.624087e+03 9.629750e+03 9.623472e+03 9.617809e+03
5.6 9.655989e+03 9.619292e+03 9.623696e+03 9.660393e+03
6.6 9.621815e+03 9.641134e+03 9.623906e+03 9.604586e+03
7.6 9.645003e+03 9.627903e+03 9.624074e+03 9.641175e+03
8.6 9.632648e+03 9.630649e+03 9.624185e+03 9.626184e+03
9.6 9.609694e+03 9.616768e+03 9.624083e+03 9.617009e+03
10.6 9.588613e+03 9.595374e+03 9.623936e+03 9.617176e+03
11.6 9.624160e+03 9.614040e+03 9.623840e+03 9.633960e+03
12.6 9.608109e+03 9.606375e+03 9.623791e+03 9.625525e+03
13.6 9.628807e+03 9.610984e+03 9.623773e+03 9.641595e+03
14.6 9.591272e+03 9.596471e+03 9.623772e+03 9.618572e+03
15.6 9.631197e+03 9.628047e+03 9.623782e+03 9.626932e+03
16.6 9.693951e+03 9.637801e+03 9.624197e+03 9.680347e+03
17.6 9.665053e+03 9.641661e+03 9.624807e+03 9.648199e+03
0.2 9.609498e+03 9.637040e+03 9.623310e+03 9.595768e+03
1.2 9.628669e+03 9.619979e+03 9.623279e+03 9.631969e+03
2.2 9.634937e+03 9.621832e+03 9.623302e+03 9.636407e+03
3.2 9.624087e+03 9.629750e+03 9.623472e+03 9.617809e+03
4.2 9.655989e+03 9.619292e+03 9.623696e+03 9.660393e+03
5.2 9.621815e+03 9.641134e+03 9.623906e+03 9.604586e+03
6.2 9.645003e+03 9.627903e+03 9.624074e+03 9.641175e+03
7.2 9.632648e+03 9.630649e+03 9.624185e+03 9.626184e+03
8.2 9.609694e+03 9.616768e+03 9.624083e+03 9.617009e+03
9.2 9.588613e+03 9.595374e+03 9.623936e+03 9.617176e+03
10.2 9.624160e+03 9.614040e+03 9.623840e+03 9.633960e+03
11.2 9.608109e+03 9.606375e+03 9.623791e+03 9.625525e+03
12.2 9.628807e+03 9.610984e+03 9.623773e+03 9.641595e+03
13.2 9.591272e+03 9.596471e+03 9.623772e+03 9.618572e+03
14.2 9.631197e+03 9.628047e+03 9.623782e+03 9.626932e+03
15.2 9.693951e+03 9.637801e+03 9.624197e+03 9.680347e+03
16.2 9.665053e+03 9.641661e+03 9.624807e+03 9.648199e+03
17.2 9.611788e+03 9.634428e+03 9.624188e+03 9.601548e+03
0.6 9.634937e+03 9.621832e+03 9.623302e+03 9.636407e+03
1.6 9.624087e+03 9.629750e+03 9.623472e+03 9.617809e+03
2.6 9.655989e+03 9.619292e+03 9.623696e+03 9.660393e+03
3.6 9.621815e+03 9.641134e+03 9.623906e+03 9.604586e+03
4.6 9.645003e+03 9.627903e+03 9.624074e+03 9.641175e+03
5.6 9.632648e+03 9.630649e+03 9.624185e+03 9.626184e+03
6.6 9.609694e+03 9.616768e+03 9.624083e+03 9.617009e+03
7.6 9.588613e+03 9.595374e+03 9.623936e+03 9.617176e+03
8.6 9.624160e+03 9.614040e+03 9.623840e+03 9.633960e+03
9.6 9.608109e+03 9.606375e+03 9.623791e+03 9.625525e+03
10.6 9.628807e+03 9.610984e+03 9.623773e+03 9.641595e+03
11.6 9.591272e+03 9.596471e+03 9.623772e+03 9.618572e+03
12.6 9.631197e+03 9.628047e+03 9.623782e+03 9.626932e+03
13.6 9.693951e+03 9.637801e+03 9.624197e+03 9.680347e+03
14.6 9.665053e+03 9.641661e+03 9.624807e+03 9.648199e+03
15.6 9.611788e+03 9.634428e+03 9.624188e+03 9.601548e+03
16.6 9.586177e+03 9.606610e+03 9.623339e+03 9.602907e+03
17.6 9.637396e+03 9.620690e+03 9.623298e+03 9.640003e+03
0.8 9.655989e+03 9.619292e+03 9.623696e+03 9.660393e+03
1.8 9.621815e+03 9.641134e+03 9.623906e+03 9.604586e+03
2.8 9.645003e+03 9.627903e+03 9.624074e+03 9.641175e+03
3.8 9.632648e+03 9.630649e+03 9.624185e+03 9.626184e+03
4.8 9.609694e+03 9.616768e+03 9.624083e+03 9.617009e+03
5.8 9.588613e+03 9.595374e+03 9.623936e+03 9.617176e+03
6.8 9.624160e+03 9.614040e+03 9.623840e+03 9.633960e+03
7.8 9.608109e+03 9.606375e+03 9.623791e+03 9.625525e+03
8.8 9.628807e+03 9.610984e+03 9.623773e+03 9.641595e+03
9.8 9.591272e+03 9.596471e+03 9.623772e+03 9.618572e+03
10.8 9.631197e+03 9.628047e+03 9.623782e+03 9.626932e+03
11.8 9.693951e+03 9.637801e+03 9.624197e+03 9.680347e+03
12.8 9.665053e+03 9.641661e+03 9.624807e+03 9.648199e+03
13.8 9.611788e+03 9.634428e+03 9.624188e+03 9.601548e+03
14.8 9.586177e+03 9.606610e+03 9.623339e+03 9.602907e+03
15.8 9.637396e+03 9.620690e+03 9.623298e+03 9.640003e+03
16.8 9.675515e+03 9.626052e+03 9.623399e+03 9.672862e+03
17.8 9.667189e+03 9.637771e+03 9.623904e+03 9.653323e+03
0.6 9.693951e+03 9.637801e+03 9.624197e+03 9.680347e+03
1.6 9.665053e+03 9.641661e+03 9.624807e+03 9.648199e+03
2.6 9.611788e+03 9.634428e+03 9.624188e+03 9.601548e+03
3.6 9.586177e+03 9.606610e+03 9.623339e+03 9.602907e+03
4.6 9.637396e+03 9.620690e+03 9.623298e+03 9.640003e+03
5.6 9.675515e+03 9.626052e+03 9.623399e+03 9.672862e+03
6.6 9.667189e+03 9.637771e+03 9.623904e+03 9.653323e+03
7.6 9.657440e+03 9.655634e+03 9.624271e+03 9.626078e+03
8.6 9.655695e+03 9.641854e+03 9.623961e+03 9.637802e+03
9.6 9.635461e+03 9.650282e+03 9.623479e+03 9.608658e+03
10.6 9.611784e+03 9.630137e+03 9.623337e+03 9.604985e+03
11.6 9.604508e+03 9.598936e+03 9.623493e+03 9.629065e+03
12.6 9.589584e+03 9.608088e+03 9.623666e+03 9.605162e+03
13.6 9.605656e+03 9.617969e+03 9.623775e+03 9.611462e+03
14.6 9.583906e+03 9.625354e+03 9.623832e+03 9.582383e+03
15.6 9.556681e+03 9.613498e+03 9.623853e+03 9.567036e+03
16.6 9.570794e+03 9.595922e+03 9.623853e+03 9.598724e+03
17.6 9.605620e+03 9.585806e+03 9.623844e+03 9.643658e+03
0.5 9.665053e+03 9.641661e+03 9.624807e+03 9.648199e+03
1.5 9.611788e+03 9.634428e+03 9.624188e+03 9.601548e+03
2.5 9.586177e+03 9.606610e+03 9.623339e+03 9.602907e+03
3.5 9.637396e+03 9.620690e+03 9.623298e+03 9.640003e+03
4.5 9.675515e+03 9.626052e+03 9.623399e+03 9.672862e+03
5.5 9.667189e+03 9.637771e+03 9.623904e+03 9.653323e+03
6.5 9.657440e+03 9.655634e+03 9.624271e+03 9.626078e+03
7.5 9.655695e+03 9.641854e+03 9.623961e+03 9.637802e+03
8.5 9.635461e+03 9.650282e+03 9.623479e+03 9.608658e+03
9.5 9.611784e+03 9.630137e+03 9.623337e+03 9.604985e+03
10.5 9.604508e+03 9.598936e+03 9.623493e+03 9.629065e+03
11.5 9.589584e+03 9.608088e+03 9.623666e+03 9.605162e+03
12.5 9.605656e+03 9.617969e+03 9.623775e+03 9.611462e+03
13.5 9.583906e+03 9.625354e+03 9.623832e+03 9.582383e+03
14.5 9.556681e+03 9.613498e+03 9.623853e+03 9.567036e+03
15.5 9.570794e+03 9.595922e+03 9.623853e+03 9.598724e+03
16.5 9.605620e+03 9.585806e+03 9.623844e+03 9.643658e+03
17.5 9.576861e+03 9.607000e+03 9.623833e+03 9.593694e+03
0.3 9.611788e+03 9.634428e+03 9.624188e+03 9.601548e+03
1.3 9.586177e+03 9.606610e+03 9.623339e+03 9.602907e+03
2.3 9.637396e+03 9.620690e+03 9.623298e+03 9.640003e+03
3.3 9.675515e+03 9.626052e+03 9.623399e+03 9.672862e+03
4.3 9.667189e+03 9.637771e+03 9.623904e+03 9.653323e+03
5.3 9.657440e+03 9.655634e+03 9.624271e+03 9.626078e+03
6.3 9.655695e+03 9.641854e+03 9.623961e+03 9.637802e+03
7.3 9.635461e+03 9.650282e+03 9.623479e+03 9.608658e+03
8.3 9.611784e+03 9.630137e+03 9.623337e+03 9.604985e+03
9.3 9.604508e+03 9.598936e+03 9.623493e+03 9.629065e+03
10.3 9.589584e+03 9.608088e+03 9.623666e+03 9.605162e+03
11.3 9.605656e+03 9.617969e+03 9.623775e+03 9.611462e+03
12.3 9.583906e+03 9.625354e+03 9.623832e+03 9.582383e+03
13.3 9.556681e+03 9.613498e+03 9.623853e+03 9.567036e+03
14.3 9.570794e+03 9.595922e+03 9.623853e+03 9.598724e+03
15.3 9.605620e+03 9.585806e+03 9.623844e+03 9.643658e+03
16.3 9.576861e+03 9.607000e+03 9.623833e+03 9.593694e+03
17.3 9.606512e+03 9.626954e+03 9.623826e+03 9.603384e+03
0.1 9.675515e+03 9.626052e+03 9.623399e+03 9.672862e+03
1.1 9.667189e+03 9.637771e+03 9.623904e+03 9.653323e+03
2.1 9.657440e+03 9.655634e+03 9.624271e+03 9.626078e+03
3.1 9.655695e+03 9.641854e+03 9.623961e+03 9.637802e+03
4.1 9.635461e+03 9.650282e+03 9.623479e+03 9.608658e+03
5.1 9.611784e+03 9.630137e+03 9.623337e+03 9.604985e+03
6.1 9.604508e+03 9.598936e+03 9.623493e+03 9.629065e+03
7.1 9.589584e+03 9.608088e+03 9.623666e+03 9.605162e+03
8.1 9.605656e+03 9.617969e+03 9.623775e+03 9.611462e+03
9.1 9.583906e+03 9.625354e+03 9.623832e+03 9.582383e+03
10.1 9.556681e+03 9.613498e+03 9.623853e+03 9.567036e+03
11.1 9.570794e+03 9.595922e+03 9.623853e+03 9.598724e+03
12.1 9.605620e+03 9.585806e+03 9.623844e+03 9.643658e+03
13.1 9.576861e+03 9.607000e+03 9.623833e+03 9.593694e+03
14.1 9.606512e+03 9.626954e+03 9.623826e+03 9.603384e+03
15.1 9.667858e+03 9.640915e+03 9.623822e+03 9.650766e+03
16.1 9.615982e+03 9.633032e+03 9.623976e+03 9.606926e+03
17.1 9.592336e+03 9.642223e+03 9.624320e+03 9.574433e+03
0.6 9.657440e+03 9.655634e+03 9.624271e+03 9.626078e+03
1.6 9.655695e+03 9.641854e+03 9.623961e+03 9.637802e+03
2.6 9.635461e+03 9.650282e+03 9.623479e+03 9.608658e+03
3.6 9.611784e+03 9.630137e+03 9.623337e+03 9.604985e+03
4.6 9.604508e+03 9.598936e+03 9.623493e+03 9.629065e+03
5.6 9.589584e+03 9.608088e+03 9.623666e+03 9.605162e+03
6.6 9.605656e+03 9.617969e+03 9.623775e+03 9.611462e+03
7.6 9.583906e+03 9.625354e+03 9.623832e+03 9.582383e+03
8.6 9.556681e+03 9.613498e+03 9.623853e+03 9.567036e+03
9.6 9.570794e+03 9.595922e+03 9.623853e+03 9.598724e+03
10.6 9.605620e+03 9.585806e+03 9.623844e+03 9.643658e+03
11.6 9.576861e+03 9.607000e+03 9.623833e+03 9.593694e+03
12.6 9.606512e+03 9.626954e+03 9.623826e+03 9.603384e+03
13.6 9.667858e+03 9.640915e+03 9.623822e+03 9.650766e+03
14.6 9.615982e+03 9.633032e+03 9.623976e+03 9.606926e+03
15.6 9.592336e+03 9.642223e+03 9.624320e+03 9.574433e+03
16.6 9.618321e+03 9.645571e+03 9.623964e+03 9.596714e+03
17.6 9.645833e+03 9.646593e+03 9.623303e+03 9.622542e+03
0.3 9.615982e+03 9.633032e+03 9.623976e+03 9.606926e+03
1.3 9.592336e+03 9.642223e+03 9.624320e+03 9.574433e+03
2.3 9.618321e+03 9.645571e+03 9.623964e+03 9.596714e+03
3.3 9.645833e+03 9.646593e+03 9.623303e+03 9.622542e+03
4.3 9.627264e+03 9.640659e+03 9.623419e+03 9.610024e+03
5.3 9.650111e+03 9.629889e+03 9.623747e+03 9.643970e+03
6.3 9.585389e+03 9.627685e+03 9.623867e+03 9.581571e+03
7.3 9.614062e+03 9.632371e+03 9.623713e+03 9.605403e+03
8.3 9.615030e+03 9.621297e+03 9.623519e+03 9.617252e+03
9.3 9.598082e+03 9.613277e+03 9.623714e+03 9.608518e+03
10.3 9.611957e+03 9.609772e+03 9.624157e+03 9.626341e+03
11.3 9.600308e+03 9.619368e+03 9.624007e+03 9.604947e+03
12.3 9.639143e+03 9.621660e+03 9.623580e+03 9.641063e+03
13.3 9.624338e+03 9.629442e+03 9.623697e+03 9.618593e+03
14.3 9.638279e+03 9.631069e+03 9.623939e+03 9.631149e+03
15.3 9.670067e+03 9.636070e+03 9.623953e+03 9.657950e+03
16.3 9.683476e+03 9.635912e+03 9.623885e+03 9.671450e+03
17.3 9.650871e+03 9.640295e+03 9.624046e+03 9.634622e+03
0.1 9.592336e+03 9.642223e+03 9.624320e+03 9.574433e+03
1.1 9.618321e+03 9.645571e+03 9.623964e+03 9.596714e+03
2.1 9.645833e+03 9.646593e+03 9.623303e+03 9.622542e+03
3.1 9.627264e+03 9.640659e+03 9.623419e+03 9.610024e+03
4.1 9.650111e+03 9.629889e+03 9.623747e+03 9.643970e+03
5.1 9.585389e+03 9.627685e+03 9.623867e+03 9.581571e+03
6.1 9.614062e+03 9.632371e+03 9.623713e+03 9.605403e+03
7.1 9.615030e+03 9.621297e+03 9.623519e+03 9.617252e+03
8.1 9.598082e+03 9.613277e+03 9.623714e+03 9.608518e+03
9.1 9.611957e+03 9.609772e+03 9.624157e+03 9.626341e+03
10.1 9.600308e+03 9.619368e+03 9.624007e+03 9.604947e+03
11.1 9.639143e+03 9.621660e+03 9.623580e+03 9.641063e+03
12.1 9.624338e+03 9.629442e+03 9.623697e+03 9.618593e+03
13.1 9.638279e+03 9.631069e+03 9.623939e+03 9.631149e+03
14.1 9.670067e+03 9.636070e+03 9.623953e+03 9.657950e+03
15.1 9.683476e+03 9.635912e+03 9.623885e+03 9.671450e+03
16.1 9.650871e+03 9.640295e+03 9.624046e+03 9.634622e+03
17.1 9.620975e+03 9.626130e+03 9.624213e+03 9.619058e+03
0.1 9.585389e+03 9.627685e+03 9.623867e+03 9.581571e+03
1.1 9.614062e+03 9.632371e+03 9.623713e+03 9.605403e+03
2.1 9.615030e+03 9.621297e+03 9.623519e+03 9.617252e+03
3.1 9.598082e+03 9.613277e+03 9.623714e+03 9.608518e+03
4.1 9.611957e+03 9.609772e+03 9.624157e+03 9.626341e+03
5.1 9.600308e+03 9.619368e+03 9.624007e+03 9.604947e+03
6.1 9.639143e+03 9.621660e+03 9.623580e+03 9.641063e+03
7.1 9.624338e+03 9.629442e+03 9.623697e+03 9.618593e+03
8.1 9.638279e+03 9.631069e+03 9.623939e+03 9.631149e+03
9.1 9.670067e+03 9.636070e+03 9.623953e+03 9.657950e+03
10.1 9.683476e+03 9.635912e+03 9.623885e+03 9.671450e+03
11.1 9.650871e+03 9.640295e+03 9.624046e+03 9.634622e+03
12.1 9.620975e+03 9.626130e+03 9.624213e+03 9.619058e+03
13.1 9.665503e+03 9.637432e+03 9.623642e+03 9.651712e+03
14.1 9.656688e+03 9.622652e+03 9.623169e+03 9.657205e+03
15.1 9.619906e+03 9.621733e+03 9.623565e+03 9.621739e+03
16.1 9.586525e+03 9.626858e+03 9.623890e+03 9.583556e+03
17.1 9.608513e+03 9.633459e+03 9.623932e+03 9.598986e+03
0.6 9.615030e+03 9.621297e+03 9.623519e+03 9.617252e+03
1.6 9.598082e+03 9.613277e+03 9.623714e+03 9.608518e+03
2.6 9.611957e+03 9.609772e+03 9.624157e+03 9.626341e+03
3.6 9.600308e+03 9.619368e+03 9.624007e+03 9.604947e+03
4.6 9.639143e+03 9.621660e+03 9.623580e+03 9.641063e+03
5.6 9.624338e+03 9.629442e+03 9.623697e+03 9.618593e+03
6.6 9.638279e+03 9.631069e+03 9.623939e+03 9.631149e+03
7.6 9.670067e+03 9.636070e+03 9.623953e+03 9.657950e+03
8.6 9.683476e+03 9.635912e+03 9.623885e+03 9.671450e+03
9.6 9.650871e+03 9.640295e+03 9.624046e+03 9.634622e+03
10.6 9.620975e+03 9.626130e+03 9.624213e+03 9.619058e+03
11.6 9.665503e+03 9.637432e+03 9.623642e+03 9.651712e+03
12.6 9.656688e+03 9.622652e+03 9.623169e+03 9.657205e+03
13.6 9.619906e+03 9.621733e+03 9.623565e+03 9.621739e+03
14.6 9.586525e+03 9.626858e+03 9.623890e+03 9.583556e+03
15.6 9.608513e+03 9.633459e+03 9.623932e+03 9.598986e+03
16.6 9.603611e+03 9.609749e+03 9.623934e+03 9.617796e+03
17.6 9.606521e+03 9.626968e+03 9.623996e+03 9.603549e+03
0.6 9.598082e+03 9.613277e+03 9.623714e+03 9.608518e+03
1.6 9.611957e+03 9.609772e+03 9.624157e+03 9.626341e+03
2.6 9.600308e+03 9.619368e+03 9.624007e+03 9.604947e+03
3.6 9.639143e+03 9.621660e+03 9.623580e+03 9.641063e+03
4.6 9.624338e+03 9.629442e+03 9.623697e+03 9.618593e+03
5.6 9.638279e+03 9.631069e+03 9.623939e+03 9.631149e+03
6.6 9.670067e+03 9.636070e+03 9.623953e+03 9.657950e+03
7.6 9.683476e+03 9.635912e+03 9.623885e+03 9.671450e+03
8.6 9.650871e+03 9.640295e+03 9.624046e+03 9.634622e+03
9.6 9.620975e+03 9.626130e+03 9.624213e+03 9.619058e+03
10.6 9.665503e+03 9.637432e+03 9.623642e+03 9.651712e+03
11.6 9.656688e+03 9.622652e+03 9.623169e+03 9.657205e+03
12.6 9.619906e+03 9.621733e+03 9.623565e+03 9.621739e+03
13.6 9.586525e+03 9.626858e+03 9.623890e+03 9.583556e+03
14.6 9.608513e+03 9.633459e+03 9.623932e+03 9.598986e+03
15.6 9.603611e+03 9.609749e+03 9.623934e+03 9.617796e+03
16.6 9.606521e+03 9.626968e+03 9.623996e+03 9.603549e+03
17.6 9.597368e+03 9.612708e+03 9.623928e+03 9.608588e+03
1.0 9.600308e+03 9.619368e+03 9.624007e+03 9.604947e+03
2.0 9.639143e+03 9.621660e+03 9.623580e+03 9.641063e+03
3.0 9.624338e+03 9.629442e+03 9.623697e+03 9.618593e+03
4.0 9.638279e+03 9.631069e+03 9.623939e+03 9.631149e+03
5.0 9.670067e+03 9.636070e+03 9.623953e+03 9.657950e+03
6.0 9.683476e+03 9.635912e+03 9.623885e+03 9.671450e+03
7.0 9.650871e+03 9.640295e+03 9.624046e+03 9.634622e+03
8.0 9.620975e+03 9.626130e+03 9.624213e+03 9.619058e+03
9.0 9.665503e+03 9.637432e+03 9.623642e+03 9.651712e+03
10.0 9.656688e+03 9.622652e+03 9.623169e+03 9.657205e+03
11.0 9.619906e+03 9.621733e+03 9.623565e+03 9.621739e+03
12.0 9.586525e+03 9.626858e+03 9.623890e+03 9.583556e+03
13.0 9.608513e+03 9.633459e+03 9.623932e+03 9.598986e+03
14.0 9.603611e+03 9.609749e+03 9.623934e+03 9.617796e+03
15.0 9.606521e+03 9.626968e+03 9.623996e+03 9.603549e+03
16.0 9.597368e+03 9.612708e+03 9.623928e+03 9.608588e+03
17.0 9.614533e+03 9.607561e+03 9.623403e+03 9.630374e+03
18.0 9.594003e+03 9.625259e+03 9.623093e+03 9.591837e+03
0.6 9.639143e+03 9.621660e+03 9.623580e+03 9.641063e+03
1.6 9.624338e+03 9.629442e+03 9.623697e+03 9.618593e+03
2.6 9.638279e+03 9.631069e+03 9.623939e+03 9.631149e+03
3.6 9.670067e+03 9.636070e+03 9.623953e+03 9.657950e+03
4.6 9.683476e+03 9.635912e+03 9.623885e+03 9.671450e+03
5.6 9.650871e+03 9.640295e+03 9.624046e+03 9.634622e+03
6.6 9.620975e+03 9.626130e+03 9.624213e+03 9.619058e+03
7.6 9.665503e+03 9.637432e+03 9.623642e+03 9.651712e+03
8.6 9.656688e+03 9.622652e+03 9.623169e+03 9.657205e+03
9.6 9.619906e+03 9.621733e+03 9.623565e+03 9.621739e+03
10.6 9.586525e+03 9.626858e+03 9.623890e+03 9.583556e+03
11.6 9.608513e+03 9.633459e+03 9.623932e+03 9.598986e+03
12.6 9.603611e+03 9.609749e+03 9.623934e+03 9.617796e+03
13.6 9.606521e+03 9.626968e+03 9.623996e+03 9.603549e+03
14.6 9.597368e+03 9.612708e+03 9.623928e+03 9.608588e+03
15.6 9.614533e+03 9.607561e+03 9.623403e+03 9.630374e+03
16.6 9.594003e+03 9.625259e+03 9.623093e+03 9.591837e+03
17.6 9.619165e+03 9.619127e+03 9.623681e+03 9.623719e+03
0.2 9.624338e+03 9.629442e+03 9.623697e+03 9.618593e+03
1.2 9.638279e+03 9.631069e+03 9.623939e+03 9.631149e+03
2.2 9.670067e+03 9.636070e+03 9.623953e+03 9.657950e+03
3.2 9.683476e+03 9.635912e+03 9.623885e+03 9.671450e+03
4.2 9.650871e+03 9.640295e+03 9.624046e+03 9.634622e+03
5.2 9.620975e+03 9.626130e+03 9.624213e+03 9.619058e+03
6.2 9.665503e+03 9.637432e+03 9.623642e+03 9.651712e+03
7.2 9.656688e+03 9.622652e+03 9.623169e+03 9.657205e+03
8.2 9.619906e+03 9.621733e+03 9.623565e+03 9.621739e+03
9.2 9.586525e+03 9.626858e+03 9.623890e+03 9.583556e+03
10.2 9.608513e+03 9.633459e+03 9.623932e+03 9.598986e+03
11.2 9.603611e+03 9.609749e+03 9.623934e+03 9.617796e+03
12.2 9.606521e+03 9.626968e+03 9.623996e+03 9.603549e+03
13.2 9.597368e+03 9.612708e+03 9.623928e+03 9.608588e+03
14.2 9.614533e+03 9.607561e+03 9.623403e+03 9.630374e+03
15.2 9.594003e+03 9.625259e+03 9.623093e+03 9.591837e+03
16.2 9.619165e+03 9.619127e+03 9.623681e+03 9.623719e+03
17.2 9.630936e+03 9.629573e+03 9.624262e+03 9.625624e+03
0.5 9.650871e+03 9.640295e+03 9.624046e+03 9.634622e+03
1.5 9.620975e+03 9.626130e+03 9.624213e+03 9.619058e+03
2.5 9.665503e+03 9.637432e+03 9.623642e+03 9.651712e+03
3.5 9.656688e+03 9.622652e+03 9.623169e+03 9.657205e+03
4.5 9.619906e+03 9.621733e+03 9.623565e+03 9.621739e+03
5.5 9.586525e+03 9.626858e+03 9.623890e+03 9.583556e+03
6.5 9.608513e+03 9.633459e+03 9.623932e+03 9.598986e+03
7.5 9.603611e+03 9.609749e+03 9.623934e+03 9.617796e+03
8.5 9.606521e+03 9.626968e+03 9.623996e+03 9.603549e+03
9.5 9.597368e+03 9.612708e+03 9.623928e+03 9.608588e+03
10.5 9.614533e+03 9.607561e+03 9.623403e+03 9.630374e+03
11.5 9.594003e+03 9.625259e+03 9.623093e+03 9.591837e+03
12.5 9.619165e+03 9.619127e+03 9.623681e+03 9.623719e+03
13.5 9.630936e+03 9.629573e+03 9.624262e+03 9.625624e+03
14.5 9.616134e+03 9.629761e+03 9.624189e+03 9.610561e+03
15.5 9.628819e+03 9.618982e+03 9.623969e+03 9.633805e+03
16.5 9.624909e+03 9.613083e+03 9.623853e+03 9.635679e+03
17.5 9.680461e+03 9.613207e+03 9.623797e+03 9.691051e+03
1.0 9.665503e+03 9.637432e+03 9.623642e+03 9.651712e+03
2.0 9.656688e+03 9.622652e+03 9.623169e+03 9.657205e+03
3.0 9.619906e+03 9.621733e+03 9.623565e+03 9.621739e+03
4.0 9.586525e+03 9.626858e+03 9.623890e+03 9.583556e+03
5.0 9.608513e+03 9.633459e+03 9.623932e+03 9.598986e+03
6.0 9.603611e+03 9.609749e+03 9.623934e+03 9.617796e+03
7.0 9.606521e+03 9.626968e+03 9.623996e+03 9.603549e+03
8.0 9.597368e+03 9.612708e+03 9.623928e+03 9.608588e+03
9.0 9.614533e+03 9.607561e+03 9.623403e+03 9.630374e+03
10.0 9.594003e+03 9.625259e+03 9.623093e+03 9.591837e+03
11.0 9.619165e+03 9.619127e+03 9.623681e+03 9.623719e+03
12.0 9.630936e+03 9.629573e+03 9.624262e+03 9.625624e+03
13.0 9.616134e+03 9.629761e+03 9.624189e+03 9.610561e+03
14.0 9.628819e+03 9.618982e+03 9.623969e+03 9.633805e+03
15.0 9.624909e+03 9.613083e+03 9.623853e+03 9.635679e+03
16.0 9.680461e+03 9.613207e+03 9.623797e+03 9.691051e+03
17.0 9.667023e+03 9.636443e+03 9.623770e+03 9.654350e+03
18.0 9.619004e+03 9.625022e+03 9.623764e+03 9.617746e+03
1.0 9.656688e+03 9.622652e+03 9.623169e+03 9.657205e+03
2.0 9.619906e+03 9.621733e+03 9.623565e+03 9.621739e+03
3.0 9.586525e+03 9.626858e+03 9.623890e+03 9.583556e+03
4.0 9.608513e+03 9.633459e+03 9.623932e+03 9.598986e+03
5.0 9.603611e+03 9.609749e+03 9.623934e+03 9.617796e+03
6.0 9.606521e+03 9.626968e+03 9.623996e+03 9.603549e+03
7.0 9.597368e+03 9.612708e+03 9.623928e+03 9.608588e+03
8.0 9.614533e+03 9.607561e+03 9.623403e+03 9.630374e+03
9.0 9.594003e+03 9.625259e+03 9.623093e+03 9.591837e+03
10.0 9.619165e+03 9.619127e+03 9.623681e+03 9.623719e+03
11.0 9.630936e+03 9.629573e+03 9.624262e+03 9.625624e+03
12.0 9.616134e+03 9.629761e+03 9.624189e+03 9.610561e+03
13.0 9.628819e+03 9.618982e+03 9.623969e+03 9.633805e+03
14.0 9.624909e+03 9.613083e+03 9.623853e+03 9.635679e+03
15.0 9.680461e+03 9.613207e+03 9.623797e+03 9.691051e+03
16.0 9.667023e+03 9.636443e+03 9.623770e+03 9.654350e+03
17.0 9.619004e+03 9.625022e+03 9.623764e+03 9.617746e+03
18.0 9.587992e+03 9.626371e+03 9.623769e+03 9.585390e+03
0.1 9.656688e+03 9.622652e+03 9.623169e+03 9.657205e+03
1.1 9.619906e+03 9.621733e+03 9.623565e+03 9.621739e+03
2.1 9.586525e+03 9.626858e+03 9.623890e+03 9.583556e+03
3.1 9.608513e+03 9.633459e+03 9.623932e+03 9.598986e+03
4.1 9.603611e+03 9.609749e+03 9.623934e+03 9.617796e+03
5.1 9.606521e+03 9.626968e+03 9.623996e+03 9.603549e+03
6.1 9.597368e+03 9.612708e+03 9.623928e+03 9.608588e+03
7.1 9.614533e+03 9.607561e+03 9.623403e+03 9.630374e+03
8.1 9.594003e+03 9.625259e+03 9.623093e+03 9.591837e+03
9.1 9.619165e+03 9.619127e+03 9.623681e+03 9.623719e+03
10.1 9.630936e+03 9.629573e+03 9.624262e+03 9.625624e+03
11.1 9.616134e+03 9.629761e+03 9.624189e+03 9.610561e+03
12.1 9.628819e+03 9.618982e+03 9.623969e+03 9.633805e+03
13.1 9.624909e+03 9.613083e+03 9.623853e+03 9.635679e+03
14.1 9.680461e+03 9.613207e+03 9.623797e+03 9.691051e+03
15.1 9.667023e+03 9.636443e+03 9.623770e+03 9.654350e+03
16.1 9.619004e+03 9.625022e+03 9.623764e+03 9.617746e+03
17.1 9.587992e+03 9.626371e+03 9.623769e+03 9.585390e+03
0.6 9.606521e+03 9.626968e+03 9.623996e+03 9.603549e+03
1.6 9.597368e+03 9.612708e+03 9.623928e+03 9.608588e+03
2.6 9.614533e+03 9.607561e+03 9.623403e+03 9.630374e+03
3.6 9.594003e+03 9.625259e+03 9.623093e+03 9.591837e+03
4.6 9.619165e+03 9.619127e+03 9.623681e+03 9.623719e+03
5.6 9.630936e+03 9.629573e+03 9.624262e+03 9.625624e+03
6.6 9.616134e+03 9.629761e+03 9.624189e+03 9.610561e+03
7.6 9.628819e+03 9.618982e+03 9.623969e+03 9.633805e+03
8.6 9.624909e+03 9.613083e+03 9.623853e+03 9.635679e+03
9.6 9.680461e+03 9.613207e+03 9.623797e+03 9.691051e+03
10.6 9.667023e+03 9.636443e+03 9.623770e+03 9.654350e+03
11.6 9.619004e+03 9.625022e+03 9.623764e+03 9.617746e+03
12.6 9.587992e+03 9.626371e+03 9.623769e+03 9.585390e+03
13.6 9.620417e+03 9.619192e+03 9.623778e+03 9.625002e+03
14.6 9.630596e+03 9.645861e+03 9.623784e+03 9.608518e+03
15.6 9.670386e+03 9.631312e+03 9.623787e+03 9.662861e+03
16.6 9.594996e+03 9.604978e+03 9.623788e+03 9.613806e+03
17.6 9.625872e+03 9.606613e+03 9.623788e+03 9.643047e+03
0.1 9.597368e+03 9.612708e+03 9.623928e+03 9.608588e+03
1.1 9.614533e+03 9.607561e+03 9.623403e+03 9.630374e+03
2.1 9.594003e+03 9.625259e+03 9.623093e+03 9.591837e+03
3.1 9.619165e+03 9.619127e+03 9.623681e+03 9.623719e+03
4.1 9.630936e+03 9.629573e+03 9.624262e+03 9.625624e+03
5.1 9.616134e+03 9.629761e+03 9.624189e+03 9.610561e+03
6.1 9.628819e+03 9.618982e+03 9.623969e+03 9.633805e+03
7.1 9.624909e+03 9.613083e+03 9.623853e+03 9.635679e+03
8.1 9.680461e+03 9.613207e+03 9.623797e+03 9.691051e+03
9.1 9.667023e+03 9.636443e+03 9.623770e+03 9.654350e+03
10.1 9.619004e+03 9.625022e+03 9.623764e+03 9.617746e+03
11.1 9.587992e+03 9.626371e+03 9.623769e+03 9.585390e+03
12.1 9.620417e+03 9.619192e+03 9.623778e+03 9.625002e+03
13.1 9.630596e+03 9.645861e+03 9.623784e+03 9.608518e+03
14.1 9.670386e+03 9.631312e+03 9.623787e+03 9.662861e+03
15.1 9.594996e+03 9.604978e+03 9.623788e+03 9.613806e+03
16.1 9.625872e+03 9.606613e+03 9.623788e+03 9.643047e+03
17.1 9.599872e+03 9.589569e+03 9.623787e+03 9.634091e+03
1.0 9.594003e+03 9.625259e+03 9.623093e+03 9.591837e+03
2.0 9.619165e+03 9.619127e+03 9.623681e+03 9.623719e+03
3.0 9.630936e+03 9.629573e+03 9.624262e+03 9.625624e+03
4.0 9.616134e+03 9.629761e+03 9.624189e+03 9.610561e+03
5.0 9.628819e+03 9.618982e+03 9.623969e+03 9.633805e+03
6.0 9.624909e+03 9.613083e+03 9.623853e+03 9.635679e+03
7.0 9.680461e+03 9.613207e+03 9.623797e+03 9.691051e+03
8.0 9.667023e+03 9.636443e+03 9.623770e+03 9.654350e+03
9.0 9.619004e+03 9.625022e+03 9.623764e+03 9.617746e+03
10.0 9.587992e+03 9.626371e+03 9.623769e+03 9.585390e+03
11.0 9.620417e+03 9.619192e+03 9.623778e+03 9.625002e+03
12.0 9.630596e+03 9.645861e+03 9.623784e+03 9.608518e+03
13.0 9.670386e+03 9.631312e+03 9.623787e+03 9.662861e+03
14.0 9.594996e+03 9.604978e+03 9.623788e+03 9.613806e+03
15.0 9.625872e+03 9.606613e+03 9.623788e+03 9.643047e+03
16.0 9.599872e+03 9.589569e+03 9.623787e+03 9.634091e+03
17.0 9.565777e+03 9.601769e+03 9.623786e+03 9.587794e+03
18.0 9.577384e+03 9.607808e+03 9.623786e+03 9.593363e+03
0.2 9.594003e+03 9.625259e+03 9.623093e+03 9.591837e+03
1.2 9.619165e+03 9.619127e+03 9.623681e+03 9.623719e+03
2.2 9.630936e+03 9.629573e+03 9.624262e+03 9.625624e+03
3.2 9.616134e+03 9.629761e+03 9.624189e+03 9.610561e+03
4.2 9.628819e+03 9.618982e+03 9.623969e+03 9.633805e+03
5.2 9.624909e+03 9.613083e+03 9.623853e+03 9.635679e+03
6.2 9.680461e+03 9.613207e+03 9.623797e+03 9.691051e+03
7.2 9.667023e+03 9.636443e+03 9.623770e+03 9.654350e+03
8.2 9.619004e+03 9.625022e+03 9.623764e+03 9.617746e+03
9.2 9.587992e+03 9.626371e+03 9.623769e+03 9.585390e+03
10.2 9.620417e+03 9.619192e+03 9.623778e+03 9.625002e+03
11.2 9.630596e+03 9.645861e+03 9.623784e+03 9.608518e+03
12.2 9.670386e+03 9.631312e+03 9.623787e+03 9.662861e+03
13.2 9.594996e+03 9.604978e+03 9.623788e+03 9.613806e+03
14.2 9.625872e+03 9.606613e+03 9.623788e+03 9.643047e+03
15.2 9.599872e+03 9.589569e+03 9.623787e+03 9.634091e+03
16.2 9.565777e+03 9.601769e+03 9.623786e+03 9.587794e+03
17.2 9.577384e+03 9.607808e+03 9.623786e+03 9.593363e+03
0.7 9.666049e+03 9.644374e+03 9.624085e+03 9.645760e+03
1.7 9.661131e+03 9.641913e+03 9.624304e+03 9.643522e+03
2.7 9.627597e+03 9.635689e+03 9.623883e+03 9.615792e+03
3.7 9.635231e+03 9.609843e+03 9.623555e+03 9.648943e+03
4.7 9.663476e+03 9.618467e+03 9.624668e+03 9.669677e+03
5.7 9.665272e+03 9.671569e+03 9.625208e+03 9.618911e+03
6.7 9.660960e+03 9.626091e+03 9.623300e+03 9.658169e+03
7.7 9.592551e+03 9.585783e+03 9.622288e+03 9.629055e+03
8.7 9.615928e+03 9.585444e+03 9.623372e+03 9.653856e+03
9.7 9.625965e+03 9.602905e+03 9.623900e+03 9.646960e+03
10.7 9.623133e+03 9.608120e+03 9.623716e+03 9.638728e+03
11.7 9.644761e+03 9.626056e+03 9.623736e+03 9.642442e+03
12.7 9.677796e+03 9.637886e+03 9.623506e+03 9.663416e+03
13.7 9.638414e+03 9.667333e+03 9.623439e+03 9.594519e+03
14.7 9.632450e+03 9.664288e+03 9.623679e+03 9.591841e+03
15.7 9.664074e+03 9.641020e+03 9.623855e+03 9.646909e+03
16.7 9.636314e+03 9.619008e+03 9.624013e+03 9.641318e+03
17.7 9.628119e+03 9.606444e+03 9.624328e+03 9.646004e+03
0.0 9.635231e+03 9.609843e+03 9.623555e+03 9.648943e+03
1.0 9.663476e+03 9.618467e+03 9.624668e+03 9.669677e+03
2.0 9.665272e+03 9.671569e+03 9.625208e+03 9.618911e+03
3.0 9.660960e+03 9.626091e+03 9.623300e+03 9.658169e+03
4.0 9.592551e+03 9.585783e+03 9.622288e+03 9.629055e+03
5.0 9.615928e+03 9.585444e+03 9.623372e+03 9.653856e+03
6.0 9.625965e+03 9.602905e+03 9.623900e+03 9.646960e+03
7.0 9.623133e+03 9.608120e+03 9.623716e+03 9.638728e+03
8.0 9.644761e+03 9.626056e+03 9.623736e+03 9.642442e+03
9.0 9.677796e+03 9.637886e+03 9.623506e+03 9.663416e+03
10.0 9.638414e+03 9.667333e+03 9.623439e+03 9.594519e+03
11.0 9.632450e+03 9.664288e+03 9.623679e+03 9.591841e+03
12.0 9.664074e+03 9.641020e+03 9.623855e+03 9.646909e+03
13.0 9.636314e+03 9.619008e+03 9.624013e+03 9.641318e+03
14.0 9.628119e+03 9.606444e+03 9.624328e+03 9.646004e+03
15.0 9.575882e+03 9.621535e+03 9.624190e+03 9.578538e+03
16.0 9.589038e+03 9.593084e+03 9.623298e+03 9.619252e+03
17.0 9.608169e+03 9.581836e+03 9.623027e+03 9.649360e+03
0.9 9.665272e+03 9.671569e+03 9.625208e+03 9.618911e+03
1.9 9.660960e+03 9.626091e+03 9.623300e+03 9.658169e+03
2.9 9.592551e+03 9.585783e+03 9.622288e+03 9.629055e+03
3.9 9.615928e+03 9.585444e+03 9.623372e+03 9.653856e+03
4.9 9.625965e+03 9.602905e+03 9.623900e+03 9.646960e+03
5.9 9.623133e+03 9.608120e+03 9.623716e+03 9.638728e+03
6.9 9.644761e+03 9.626056e+03 9.623736e+03 9.642442e+03
7.9 9.677796e+03 9.637886e+03 9.623506e+03 9.663416e+03
8.9 9.638414e+03 9.667333e+03 9.623439e+03 9.594519e+03
9.9 9.632450e+03 9.664288e+03 9.623679e+03 9.591841e+03
10.9 9.664074e+03 9.641020e+03 9.623855e+03 9.646909e+03
11.9 9.636314e+03 9.619008e+03 9.624013e+03 9.641318e+03
12.9 9.628119e+03 9.606444e+03 9.624328e+03 9.646004e+03
13.9 9.575882e+03 9.621535e+03 9.624190e+03 9.578538e+03
14.9 9.589038e+03 9.593084e+03 9.623298e+03 9.619252e+03
15.9 9.608169e+03 9.581836e+03 9.623027e+03 9.649360e+03
16.9 9.593531e+03 9.559873e+03 9.623627e+03 9.657285e+03
17.9 9.521558e+03 9.564166e+03 9.624086e+03 9.581478e+03
1.0 9.660960e+03 9.626091e+03 9.623300e+03 9.658169e+03
2.0 9.592551e+03 9.585783e+03 9.622288e+03 9.629055e+03
3.0 9.615928e+03 9.585444e+03 9.623372e+03 9.653856e+03
4.0 9.625965e+03 9.602905e+03 9.623900e+03 9.646960e+03
5.0 9.623133e+03 9.608120e+03 9.623716e+03 9.638728e+03
6.0 9.644761e+03 9.626056e+03 9.623736e+03 9.642442e+03
7.0 9.677796e+03 9.637886e+03 9.623506e+03 9.663416e+03
8.0 9.638414e+03 9.667333e+03 9.623439e+03 9.594519e+03
9.0 9.632450e+03 9.664288e+03 9.623679e+03 9.591841e+03
10.0 9.664074e+03 9.641020e+03 9.623855e+03 9.646909e+03
11.0 9.636314e+03 9.619008e+03 9.624013e+03 9.641318e+03
12.0 9.628119e+03 9.606444e+03 9.624328e+03 9.646004e+03
13.0 9.575882e+03 9.621535e+03 9.624190e+03 9.578538e+03
14.0 9.589038e+03 9.593084e+03 9.623298e+03 9.619252e+03
15.0 9.608169e+03 9.581836e+03 9.623027e+03 9.649360e+03
16.0 9.593531e+03 9.559873e+03 9.623627e+03 9.657285e+03
17.0 9.521558e+03 9.564166e+03 9.624086e+03 9.581478e+03
18.0 9.533026e+03 9.582443e+03 9.624098e+03 9.574681e+03
0.5 9.592551e+03 9.585783e+03 9.622288e+03 9.629055e+03
1.5 9.615928e+03 9.585444e+03 9.623372e+03 9.653856e+03
2.5 9.625965e+03 9.602905e+03 9.623900e+03 9.646960e+03
3.5 9.623133e+03 9.608120e+03 9.623716e+03 9.638728e+03
4.5 9.644761e+03 9.626056e+03 9.623736e+03 9.642442e+03
5.5 9.677796e+03 9.637886e+03 9.623506e+03 9.663416e+03
6.5 9.638414e+03 9.667333e+03 9.623439e+03 9.594519e+03
7.5 9.632450e+03 9.664288e+03 9.623679e+03 9.591841e+03
8.5 9.664074e+03 9.641020e+03 9.623855e+03 9.646909e+03
9.5 9.636314e+03 9.619008e+03 9.624013e+03 9.641318e+03
10.5 9.628119e+03 9.606444e+03 9.624328e+03 9.646004e+03
11.5 9.575882e+03 9.621535e+03 9.624190e+03 9.578538e+03
12.5 9.589038e+03 9.593084e+03 9.623298e+03 9.619252e+03
13.5 9.608169e+03 9.581836e+03 9.623027e+03 9.649360e+03
14.5 9.593531e+03 9.559873e+03 9.623627e+03 9.657285e+03
15.5 9.521558e+03 9.564166e+03 9.624086e+03 9.581478e+03
16.5 9.533026e+03 9.582443e+03 9.624098e+03 9.574681e+03
17.5 9.551033e+03 9.596111e+03 9.624093e+03 9.579015e+03
0.3 9.615928e+03 9.585444e+03 9.623372e+03 9.653856e+03
1.3 9.625965e+03 9.602905e+03 9.623900e+03 9.646960e+03
2.3 9.623133e+03 9.608120e+03 9.623716e+03 9.638728e+03
3.3 9.644761e+03 9.626056e+03 9.623736e+03 9.642442e+03
4.3 9.677796e+03 9.637886e+03 9.623506e+03 9.663416e+03
5.3 9.638414e+03 9.667333e+03 9.623439e+03 9.594519e+03
6.3 9.632450e+03 9.664288e+03 9.623679e+03 9.591841e+03
7.3 9.664074e+03 9.641020e+03 9.623855e+03 9.646909e+03
8.3 9.636314e+03 9.619008e+03 9.624013e+03 9.641318e+03
9.3 9.628119e+03 9.606444e+03 9.624328e+03 9.646004e+03
10.3 9.575882e+03 9.621535e+03 9.624190e+03 9.578538e+03
11.3 9.589038e+03 9.593084e+03 9.623298e+03 9.619252e+03
12.3 9.608169e+03 9.581836e+03 9.623027e+03 9.649360e+03
13.3 9.593531e+03 9.559873e+03 9.623627e+03 9.657285e+03
14.3 9.521558e+03 9.564166e+03 9.624086e+03 9.581478e+03
15.3 9.533026e+03 9.582443e+03 9.624098e+03 9.574681e+03
16.3 9.551033e+03 9.596111e+03 9.624093e+03 9.579015e+03
17.3 9.578862e+03 9.625540e+03 9.624159e+03 9.577481e+03
0.6 9.623133e+03 9.608120e+03 9.623716e+03 9.638728e+03
1.6 9.644761e+03 9.626056e+03 9.623736e+03 9.642442e+03
2.6 9.677796e+03 9.637886e+03 9.623506e+03 9.663416e+03
3.6 9.638414e+03 9.667333e+03 9.623439e+03 9.594519e+03
4.6 9.632450e+03 9.664288e+03 9.623679e+03 9.591841e+03
5.6 9.664074e+03 9.641020e+03 9.623855e+03 9.646909e+03
6.6 9.636314e+03 9.619008e+03 9.624013e+03 9.641318e+03
7.6 9.628119e+03 9.606444e+03 9.624328e+03 9.646004e+03
8.6 9.575882e+03 9.621535e+03 9.624190e+03 9.578538e+03
9.6 9.589038e+03 9.593084e+03 9.623298e+03 9.619252e+03
10.6 9.608169e+03 9.581836e+03 9.623027e+03 9.649360e+03
11.6 9.593531e+03 9.559873e+03 9.623627e+03 9.657285e+03
12.6 9.521558e+03 9.564166e+03 9.624086e+03 9.581478e+03
13.6 9.533026e+03 9.582443e+03 9.624098e+03 9.574681e+03
14.6 9.551033e+03 9.596111e+03 9.624093e+03 9.579015e+03
15.6 9.578862e+03 9.625540e+03 9.624159e+03 9.577481e+03
16.6 9.642372e+03 9.645223e+03 9.623805e+03 9.620954e+03
17.6 9.686235e+03 9.664441e+03 9.623270e+03 9.645064e+03
0.4 9.644761e+03 9.626056e+03 9.623736e+03 9.642442e+03
1.4 9.677796e+03 9.637886e+03 9.623506e+03 9.663416e+03
2.4 9.638414e+03 9.667333e+03 9.623439e+03 9.594519e+03
3.4 9.632450e+03 9.664288e+03 9.623679e+03 9.591841e+03
4.4 9.664074e+03 9.641020e+03 9.623855e+03 9.646909e+03
5.4 9.636314e+03 9.619008e+03 9.624013e+03 9.641318e+03
6.4 9.628119e+03 9.606444e+03 9.624328e+03 9.646004e+03
7.4 9.575882e+03 9.621535e+03 9.624190e+03 9.578538e+03
8.4 9.589038e+03 9.593084e+03 9.623298e+03 9.619252e+03
9.4 9.608169e+03 9.581836e+03 9.623027e+03 9.649360e+03
10.4 9.593531e+03 9.559873e+03 9.623627e+03 9.657285e+03
11.4 9.521558e+03 9.564166e+03 9.624086e+03 9.581478e+03
12.4 9.533026e+03 9.582443e+03 9.624098e+03 9.574681e+03
13.4 9.551033e+03 9.596111e+03 9.624093e+03 9.579015e+03
14.4 9.578862e+03 9.625540e+03 9.624159e+03 9.577481e+03
15.4 9.642372e+03 9.645223e+03 9.623805e+03 9.620954e+03
16.4 9.686235e+03 9.664441e+03 9.623270e+03 9.645064e+03
17.4 9.672999e+03 9.641849e+03 9.623173e+03 9.654323e+03
0.9 9.638414e+03 9.667333e+03 9.623439e+03 9.594519e+03
1.9 9.632450e+03 9.664288e+03 9.623679e+03 9.591841e+03
2.9 9.664074e+03 9.641020e+03 9.623855e+03 9.646909e+03
3.9 9.636314e+03 9.619008e+03 9.624013e+03 9.641318e+03
4.9 9.628119e+03 9.606444e+03 9.624328e+03 9.646004e+03
5.9 9.575882e+03 9.621535e+03 9.624190e+03 9.578538e+03
6.9 9.589038e+03 9.593084e+03 9.623298e+03 9.619252e+03
7.9 9.608169e+03 9.581836e+03 9.623027e+03 9.649360e+03
8.9 9.593531e+03 9.559873e+03 9.623627e+03 9.657285e+03
9.9 9.521558e+03 9.564166e+03 9.624086e+03 9.581478e+03
10.9 9.533026e+03 9.582443e+03 9.624098e+03 9.574681e+03
11.9 9.551033e+03 9.596111e+03 9.624093e+03 9.579015e+03
12.9 9.578862e+03 9.625540e+03 9.624159e+03 9.577481e+03
13.9 9.642372e+03 9.645223e+03 9.623805e+03 9.620954e+03
14.9 9.686235e+03 9.664441e+03 9.623270e+03 9.645064e+03
15.9 9.672999e+03 9.641849e+03 9.623173e+03 9.654323e+03
16.9 9.628335e+03 9.678941e+03 9.623552e+03 9.572946e+03
17.9 9.715705e+03 9.669466e+03 9.624041e+03 9.670279e+03
0.9 9.628119e+03 9.606444e+03 9.624328e+03 9.646004e+03
1.9 9.575882e+03 9.621535e+03 9.624190e+03 9.578538e+03
2.9 9.589038e+03 9.593084e+03 9.623298e+03 9.619252e+03
3.9 9.608169e+03 9.581836e+03 9.623027e+03 9.649360e+03
4.9 9.593531e+03 9.559873e+03 9.623627e+03 9.657285e+03
5.9 9.521558e+03 9.564166e+03 9.624086e+03 9.581478e+03
6.9 9.533026e+03 9.582443e+03 9.624098e+03 9.574681e+03
7.9 9.551033e+03 9.596111e+03 9.624093e+03 9.579015e+03
8.9 9.578862e+03 9.625540e+03 9.624159e+03 9.577481e+03
9.9 9.642372e+03 9.645223e+03 9.623805e+03 9.620954e+03
10.9 9.686235e+03 9.664441e+03 9.623270e+03 9.645064e+03
11.9 9.672999e+03 9.641849e+03 9.623173e+03 9.654323e+03
12.9 9.628335e+03 9.678941e+03 9.623552e+03 9.572946e+03
13.9 9.715705e+03 9.669466e+03 9.624041e+03 9.670279e+03
14.9 9.649326e+03 9.639364e+03 9.624197e+03 9.634159e+03
15.9 9.581161e+03 9.612694e+03 9.624078e+03 9.592546e+03
16.9 9.619316e+03 9.615724e+03 9.623937e+03 9.627528e+03
17.9 9.664878e+03 9.642869e+03 9.623842e+03 9.645851e+03
0.8 9.575882e+03 9.621535e+03 9.624190e+03 9.578538e+03
1.8 9.589038e+03 9.593084e+03 9.623298e+03 9.619252e+03
2.8 9.608169e+03 9.581836e+03 9.623027e+03 9.649360e+03
3.8 9.593531e+03 9.559873e+03 9.623627e+03 9.657285e+03
4.8 9.521558e+03 9.564166e+03 9.624086e+03 9.581478e+03
5.8 9.533026e+03 9.582443e+03 9.624098e+03 9.574681e+03
6.8 9.551033e+03 9.596111e+03 9.624093e+03 9.579015e+03
7.8 9.578862e+03 9.625540e+03 9.624159e+03 9.577481e+03
8.8 9.642372e+03 9.645223e+03 9.623805e+03 9.620954e+03
9.8 9.686235e+03 9.664441e+03 9.623270e+03 9.645064e+03
10.8 9.672999e+03 9.641849e+03 9.623173e+03 9.654323e+03
11.8 9.628335e+03 9.678941e+03 9.623552e+03 9.572946e+03
12.8 9.715705e+03 9.669466e+03 9.624041e+03 9.670279e+03
13.8 9.649326e+03 9.639364e+03 9.624197e+03 9.634159e+03
14.8 9.581161e+03 9.612694e+03 9.624078e+03 9.592546e+03
15.8 9.619316e+03 9.615724e+03 9.623937e+03 9.627528e+03
16.8 9.664878e+03 9.642869e+03 9.623842e+03 9.645851e+03
17.8 9.679909e+03 9.655662e+03 9.623790e+03 9.648037e+03
0.7 9.589038e+03 9.593084e+03 9.623298e+03 9.619252e+03
1.7 9.608169e+03 9.581836e+03 9.623027e+03 9.649360e+03
2.7 9.593531e+03 9.559873e+03 9.623627e+03 9.657285e+03
3.7 9.521558e+03 9.564166e+03 9.624086e+03 9.581478e+03
4.7 9.533026e+03 9.582443e+03 9.624098e+03 9.574681e+03
5.7 9.551033e+03 9.596111e+03 9.624093e+03 9.579015e+03
6.7 9.578862e+03 9.625540e+03 9.624159e+03 9.577481e+03
7.7 9.642372e+03 9.645223e+03 9.623805e+03 9.620954e+03
8.7 9.686235e+03 9.664441e+03 9.623270e+03 9.645064e+03
9.7 9.672999e+03 9.641849e+03 9.623173e+03 9.654323e+03
10.7 9.628335e+03 9.678941e+03 9.623552e+03 9.572946e+03
11.7 9.715705e+03 9.669466e+03 9.624041e+03 9.670279e+03
12.7 9.649326e+03 9.639364e+03 9.624197e+03 9.634159e+03
13.7 9.581161e+03 9.612694e+03 9.624078e+03 9.592546e+03
14.7 9.619316e+03 9.615724e+03 9.623937e+03 9.627528e+03
15.7 9.664878e+03 9.642869e+03 9.623842e+03 9.645851e+03
16.7 9.679909e+03 9.655662e+03 9.623790e+03 9.648037e+03
17.7 9.639844e+03 9.669500e+03 9.623769e+03 9.594114e+03
0.9 9.608169e+03 9.581836e+03 9.623027e+03 9.649360e+03
1.9 9.593531e+03 9.559873e+03 9.623627e+03 9.657285e+03
2.9 9.521558e+03 9.564166e+03 9.624086e+03 9.581478e+03
3.9 9.533026e+03 9.582443e+03 9.624098e+03 9.574681e+03
4.9 9.551033e+03 9.596111e+03 9.624093e+03 9.579015e+03
5.9 9.578862e+03 9.625540e+03 9.624159e+03 9.577481e+03
6.9 9.642372e+03 9.645223e+03 9.623805e+03 9.620954e+03
7.9 9.686235e+03 9.664441e+03 9.623270e+03 9.645064e+03
8.9 9.672999e+03 9.641849e+03 9.623173e+03 9.654323e+03
9.9 9.628335e+03 9.678941e+03 9.623552e+03 9.572946e+03
10.9 9.715705e+03 9.669466e+03 9.624041e+03 9.670279e+03
11.9 9.649326e+03 9.639364e+03 9.624197e+03 9.634159e+03
12.9 9.581161e+03 9.612694e+03 9.624078e+03 9.592546e+03
13.9 9.619316e+03 9.615724e+03 9.623937e+03 9.627528e+03
14.9 9.664878e+03 9.642869e+03 9.623842e+03 9.645851e+03
15.9 9.679909e+03 9.655662e+03 9.623790e+03 9.648037e+03
16.9 9.639844e+03 9.669500e+03 9.623769e+03 9.594114e+03
17.9 9.649664e+03 9.653521e+03 9.623768e+03 9.619912e+03
0.4 9.593531e+03 9.559873e+03 9.623627e+03 9.657285e+03
1.4 9.521558e+03 9.564166e+03 9.624086e+03 9.581478e+03
2.4 9.533026e+03 9.582443e+03 9.624098e+03 9.574681e+03
3.4 9.551033e+03 9.596111e+03 9.624093e+03 9.579015e+03
4.4 9.578862e+03 9.625540e+03 9.624159e+03 9.577481e+03
5.4 9.642372e+03 9.645223e+03 9.623805e+03 9.620954e+03
6.4 9.686235e+03 9.664441e+03 9.623270e+03 9.645064e+03
7.4 9.672999e+03 9.641849e+03 9.623173e+03 9.654323e+03
8.4 9.628335e+03 9.678941e+03 9.623552e+03 9.572946e+03
9.4 9.715705e+03 9.669466e+03 9.624041e+03 9.670279e+03
10.4 9.649326e+03 9.639364e+03 9.624197e+03 9.634159e+03
11.4 9.581161e+03 9.612694e+03 9.624078e+03 9.592546e+03
12.4 9.619316e+03 9.615724e+03 9.623937e+03 9.627528e+03
13.4 9.664878e+03 9.642869e+03 9.623842e+03 9.645851e+03
14.4 9.679909e+03 9.655662e+03 9.623790e+03 9.648037e+03
15.4 9.639844e+03 9.669500e+03 9.623769e+03 9.594114e+03
16.4 9.649664e+03 9.653521e+03 9.623768e+03 9.619912e+03
17.4 9.653635e+03 9.628636e+03 9.623776e+03 9.648775e+03
0.5 9.521558e+03 9.564166e+03 9.624086e+03 9.581478e+03
1.5 9.533026e+03 9.582443e+03 9.624098e+03 9.574681e+03
2.5 9.551033e+03 9.596111e+03 9.624093e+03 9.579015e+03
3.5 9.578862e+03 9.625540e+03 9.624159e+03 9.577481e+03
4.5 9.642372e+03 9.645223e+03 9.623805e+03 9.620954e+03
5.5 9.686235e+03 9.664441e+03 9.623270e+03 9.645064e+03
6.5 9.672999e+03 9.641849e+03 9.623173e+03 9.654323e+03
7.5 9.628335e+03 9.678941e+03 9.623552e+03 9.572946e+03
8.5 9.715705e+03 9.669466e+03 9.624041e+03 9.670279e+03
9.5 9.649326e+03 9.639364e+03 9.624197e+03 9.634159e+03
10.5 9.581161e+03 9.612694e+03 9.624078e+03 9.592546e+03
11.5 9.619316e+03 9.615724e+03 9.623937e+03 9.627528e+03
12.5 9.664878e+03 9.642869e+03 9.623842e+03 9.645851e+03
13.5 9.679909e+03 9.655662e+03 9.623790e+03 9.648037e+03
14.5 9.639844e+03 9.669500e+03 9.623769e+03 9.594114e+03
15.5 9.649664e+03 9.653521e+03 9.623768e+03 9.619912e+03
16.5 9.653635e+03 9.628636e+03 9.623776e+03 9.648775e+03
17.5 9.617629e+03 9.620880e+03 9.623810e+03 9.620559e+03
0.7 9.551033e+03 9.596111e+03 9.624093e+03 9.579015e+03
1.7 9.578862e+03 9.625540e+03 9.624159e+03 9.577481e+03
2.7 9.642372e+03 9.645223e+03 9.623805e+03 9.620954e+03
3.7 9.686235e+03 9.664441e+03 9.623270e+03 9.645064e+03
4.7 9.672999e+03 9.641849e+03 9.623173e+03 9.654323e+03
5.7 9.628335e+03 9.678941e+03 9.623552e+03 9.572946e+03
6.7 9.715705e+03 9.669466e+03 9.624041e+03 9.670279e+03
7.7 9.649326e+03 9.639364e+03 9.624197e+03 9.634159e+03
8.7 9.581161e+03 9.612694e+03 9.624078e+03 9.592546e+03
9.7 9.619316e+03 9.615724e+03 9.623937e+03 9.627528e+03
10.7 9.664878e+03 9.642869e+03 9.623842e+03 9.645851e+03
11.7 9.679909e+03 9.655662e+03 9.623790e+03 9.648037e+03
12.7 9.639844e+03 9.669500e+03 9.623769e+03 9.594114e+03
13.7 9.649664e+03 9.653521e+03 9.623768e+03 9.619912e+03
14.7 9.653635e+03 9.628636e+03 9.623776e+03 9.648775e+03
15.7 9.617629e+03 9.620880e+03 9.623810e+03 9.620559e+03
16.7 9.613717e+03 9.626289e+03 9.624554e+03 9.611982e+03
17.7 9.607361e+03 9.608622e+03 9.625256e+03 9.623995e+03
0.8 9.578862e+03 9.625540e+03 9.624159e+03 9.577481e+03
1.8 9.642372e+03 9.645223e+03 9.623805e+03 9.620954e+03
2.8 9.686235e+03 9.664441e+03 9.623270e+03 9.645064e+03
3.8 9.672999e+03 9.641849e+03 9.623173e+03 9.654323e+03
4.8 9.628335e+03 9.678941e+03 9.623552e+03 9.572946e+03
5.8 9.715705e+03 9.669466e+03 9.624041e+03 9.670279e+03
6.8 9.649326e+03 9.639364e+03 9.624197e+03 9.634159e+03
7.8 9.581161e+03 9.612694e+03 9.624078e+03 9.592546e+03
8.8 9.619316e+03 9.615724e+03 9.623937e+03 9.627528e+03
9.8 9.664878e+03 9.642869e+03 9.623842e+03 9.645851e+03
10.8 9.679909e+03 9.655662e+03 9.623790e+03 9.648037e+03
11.8 9.639844e+03 9.669500e+03 9.623769e+03 9.594114e+03
12.8 9.649664e+03 9.653521e+03 9.623768e+03 9.619912e+03
13.8 9.653635e+03 9.628636e+03 9.623776e+03 9.648775e+03
14.8 9.617629e+03 9.620880e+03 9.623810e+03 9.620559e+03
15.8 9.613717e+03 9.626289e+03 9.624554e+03 9.611982e+03
16.8 9.607361e+03 9.608622e+03 9.625256e+03 9.623995e+03
17.8 9.586718e+03 9.607421e+03 9.624225e+03 9.603521e+03
0.7 9.642372e+03 9.645223e+03 9.623805e+03 9.620954e+03
1.7 9.686235e+03 9.664441e+03 9.623270e+03 9.645064e+03
2.7 9.672999e+03 9.641849e+03 9.623173e+03 9.654323e+03
3.7 9.628335e+03 9.678941e+03 9.623552e+03 9.572946e+03
4.7 9.715705e+03 9.669466e+03 9.624041e+03 9.670279e+03
5.7 9.649326e+03 9.639364e+03 9.624197e+03 9.634159e+03
6.7 9.581161e+03 9.612694e+03 9.624078e+03 9.592546e+03
7.7 9.619316e+03 9.615724e+03 9.623937e+03 9.627528e+03
8.7 9.664878e+03 9.642869e+03 9.623842e+03 9.645851e+03
9.7 9.679909e+03 9.655662e+03 9.623790e+03 9.648037e+03
10.7 9.639844e+03 9.669500e+03 9.623769e+03 9.594114e+03
11.7 9.649664e+03 9.653521e+03 9.623768e+03 9.619912e+03
12.7 9.653635e+03 9.628636e+03 9.623776e+03 9.648775e+03
13.7 9.617629e+03 9.620880e+03 9.623810e+03 9.620559e+03
14.7 9.613717e+03 9.626289e+03 9.624554e+03 9.611982e+03
15.7 9.607361e+03 9.608622e+03 9.625256e+03 9.623995e+03
16.7 9.586718e+03 9.607421e+03 9.624225e+03 9.603521e+03
17.7 9.632034e+03 9.620617e+03 9.622814e+03 9.634231e+03
0.2 9.686235e+03 9.664441e+03 9.623270e+03 9.645064e+03
1.2 9.672999e+03 9.641849e+03 9.623173e+03 9.654323e+03
2.2 9.628335e+03 9.678941e+03 9.623552e+03 9.572946e+03
3.2 9.715705e+03 9.669466e+03 9.624041e+03 9.670279e+03
4.2 9.649326e+03 9.639364e+03 9.624197e+03 9.634159e+03
5.2 9.581161e+03 9.612694e+03 9.624078e+03 9.592546e+03
6.2 9.619316e+03 9.615724e+03 9.623937e+03 9.627528e+03
7.2 9.664878e+03 9.642869e+03 9.623842e+03 9.645851e+03
8.2 9.679909e+03 9.655662e+03 9.623790e+03 9.648037e+03
9.2 9.639844e+03 9.669500e+03 9.623769e+03 9.594114e+03
10.2 9.649664e+03 9.653521e+03 9.623768e+03 9.619912e+03
11.2 9.653635e+03 9.628636e+03 9.623776e+03 9.648775e+03
12.2 9.617629e+03 9.620880e+03 9.623810e+03 9.620559e+03
13.2 9.613717e+03 9.626289e+03 9.624554e+03 9.611982e+03
14.2 9.607361e+03 9.608622e+03 9.625256e+03 9.623995e+03
15.2 9.586718e+03 9.607421e+03 9.624225e+03 9.603521e+03
16.2 9.632034e+03 9.620617e+03 9.622814e+03 9.634231e+03
17.2 9.654824e+03 9.615840e+03 9.622616e+03 9.661600e+03
0.8 9.613717e+03 9.626289e+03 9.624554e+03 9.611982e+03
1.8 9.607361e+03 9.608622e+03 9.625256e+03 9.623995e+03
2.8 9.586718e+03 9.607421e+03 9.624225e+03 9.603521e+03
3.8 9.632034e+03 9.620617e+03 9.622814e+03 9.634231e+03
4.8 9.654824e+03 9.615840e+03 9.622616e+03 9.661600e+03
5.8 9.654249e+03 9.618871e+03 9.623034e+03 9.658412e+03
6.8 9.623994e+03 9.617350e+03 9.623506e+03 9.630151e+03
7.8 9.611436e+03 9.625968e+03 9.624095e+03 9.609563e+03
8.8 9.630701e+03 9.632616e+03 9.625229e+03 9.623314e+03
9.8 9.598867e+03 9.604363e+03 9.625196e+03 9.619701e+03
10.8 9.598274e+03 9.596816e+03 9.623398e+03 9.624856e+03
11.8 9.584834e+03 9.598917e+03 9.622364e+03 9.608280e+03
12.8 9.571852e+03 9.591502e+03 9.622544e+03 9.602893e+03
13.8 9.581442e+03 9.585880e+03 9.623219e+03 9.618780e+03
14.8 9.557232e+03 9.607950e+03 9.623782e+03 9.573064e+03
15.8 9.612087e+03 9.633960e+03 9.623848e+03 9.601975e+03
16.8 9.647472e+03 9.640681e+03 9.623778e+03 9.630569e+03
17.8 9.644693e+03 9.639397e+03 9.623892e+03 9.629188e+03
0.7 9.586718e+03 9.607421e+03 9.624225e+03 9.603521e+03
1.7 9.632034e+03 9.620617e+03 9.622814e+03 9.634231e+03
2.7 9.654824e+03 9.615840e+03 9.622616e+03 9.661600e+03
3.7 9.654249e+03 9.618871e+03 9.623034e+03 9.658412e+03
4.7 9.623994e+03 9.617350e+03 9.623506e+03 9.630151e+03
5.7 9.611436e+03 9.625968e+03 9.624095e+03 9.609563e+03
6.7 9.630701e+03 9.632616e+03 9.625229e+03 9.623314e+03
7.7 9.598867e+03 9.604363e+03 9.625196e+03 9.619701e+03
8.7 9.598274e+03 9.596816e+03 9.623398e+03 9.624856e+03
9.7 9.584834e+03 9.598917e+03 9.622364e+03 9.608280e+03
10.7 9.571852e+03 9.591502e+03 9.622544e+03 9.602893e+03
11.7 9.581442e+03 9.585880e+03 9.623219e+03 9.618780e+03
12.7 9.557232e+03 9.607950e+03 9.623782e+03 9.573064e+03
13.7 9.612087e+03 9.633960e+03 9.623848e+03 9.601975e+03
14.7 9.647472e+03 9.640681e+03 9.623778e+03 9.630569e+03
15.7 9.644693e+03 9.639397e+03 9.623892e+03 9.629188e+03
16.7 9.663485e+03 9.649105e+03 9.623946e+03 9.638326e+03
17.7 9.638479e+03 9.640144e+03 9.623834e+03 9.622168e+03
0.8 9.632034e+03 9.620617e+03 9.622814e+03 9.634231e+03
1.8 9.654824e+03 9.615840e+03 9.622616e+03 9.661600e+03
2.8 9.654249e+03 9.618871e+03 9.623034e+03 9.658412e+03
3.8 9.623994e+03 9.617350e+03 9.623506e+03 9.630151e+03
4.8 9.611436e+03 9.625968e+03 9.624095e+03 9.609563e+03
5.8 9.630701e+03 9.632616e+03 9.625229e+03 9.623314e+03
6.8 9.598867e+03 9.604363e+03 9.625196e+03 9.619701e+03
7.8 9.598274e+03 9.596816e+03 9.623398e+03 9.624856e+03
8.8 9.584834e+03 9.598917e+03 9.622364e+03 9.608280e+03
9.8 9.571852e+03 9.591502e+03 9.622544e+03 9.602893e+03
10.8 9.581442e+03 9.585880e+03 9.623219e+03 9.618780e+03
11.8 9.557232e+03 9.607950e+03 9.623782e+03 9.573064e+03
12.8 9.612087e+03 9.633960e+03 9.623848e+03 9.601975e+03
13.8 9.647472e+03 9.640681e+03 9.623778e+03 9.630569e+03
14.8 9.644693e+03 9.639397e+03 9.623892e+03 9.629188e+03
15.8 9.663485e+03 9.649105e+03 9.623946e+03 9.638326e+03
16.8 9.638479e+03 9.640144e+03 9.623834e+03 9.622168e+03
17.8 9.588900e+03 9.681305e+03 9.624015e+03 9.531610e+03
0.5 9.654824e+03 9.615840e+03 9.622616e+03 9.661600e+03
1.5 9.654249e+03 9.618871e+03 9.623034e+03 9.658412e+03
2.5 9.623994e+03 9.617350e+03 9.623506e+03 9.630151e+03
3.5 9.611436e+03 9.625968e+03 9.624095e+03 9.609563e+03
4.5 9.630701e+03 9.632616e+03 9.625229e+03 9.623314e+03
5.5 9.598867e+03 9.604363e+03 9.625196e+03 9.619701e+03
6.5 9.598274e+03 9.596816e+03 9.623398e+03 9.624856e+03
7.5 9.584834e+03 9.598917e+03 9.622364e+03 9.608280e+03
8.5 9.571852e+03 9.591502e+03 9.622544e+03 9.602893e+03
9.5 9.581442e+03 9.585880e+03 9.623219e+03 9.618780e+03
10.5 9.557232e+03 9.607950e+03 9.623782e+03 9.573064e+03
11.5 9.612087e+03 9.633960e+03 9.623848e+03 9.601975e+03
12.5 9.647472e+03 9.640681e+03 9.623778e+03 9.630569e+03
13.5 9.644693e+03 9.639397e+03 9.623892e+03 9.629188e+03
14.5 9.663485e+03 9.649105e+03 9.623946e+03 9.638326e+03
15.5 9.638479e+03 9.640144e+03 9.623834e+03 9.622168e+03
16.5 9.588900e+03 9.681305e+03 9.624015e+03 9.531610e+03
17.5 9.661024e+03 9.648972e+03 9.624256e+03 9.636308e+03
0.2 9.611436e+03 9.625968e+03 9.624095e+03 9.609563e+03
1.2 9.630701e+03 9.632616e+03 9.625229e+03 9.623314e+03
2.2 9.598867e+03 9.604363e+03 9.625196e+03 9.619701e+03
3.2 9.598274e+03 9.596816e+03 9.623398e+03 9.624856e+03
4.2 9.584834e+03 9.598917e+03 9.622364e+03 9.608280e+03
5.2 9.571852e+03 9.591502e+03 9.622544e+03 9.602893e+03
6.2 9.581442e+03 9.585880e+03 9.623219e+03 9.618780e+03
7.2 9.557232e+03 9.607950e+03 9.623782e+03 9.573064e+03
8.2 9.612087e+03 9.633960e+03 9.623848e+03 9.601975e+03
9.2 9.647472e+03 9.640681e+03 9.623778e+03 9.630569e+03
10.2 9.644693e+03 9.639397e+03 9.623892e+03 9.629188e+03
11.2 9.663485e+03 9.649105e+03 9.623946e+03 9.638326e+03
12.2 9.638479e+03 9.640144e+03 9.623834e+03 9.622168e+03
13.2 9.588900e+03 9.681305e+03 9.624015e+03 9.531610e+03
14.2 9.661024e+03 9.648972e+03 9.624256e+03 9.636308e+03
15.2 9.625572e+03 9.622599e+03 9.624169e+03 9.627142e+03
16.2 9.588612e+03 9.613767e+03 9.623982e+03 9.598826e+03
17.2 9.626101e+03 9.624801e+03 9.623854e+03 9.625154e+03
0.4 9.598867e+03 9.604363e+03 9.625196e+03 9.619701e+03
1.4 9.598274e+03 9.596816e+03 9.623398e+03 9.624856e+03
2.4 9.584834e+03 9.598917e+03 9.622364e+03 9.608280e+03
3.4 9.571852e+03 9.591502e+03 9.622544e+03 9.602893e+03
4.4 9.581442e+03 9.585880e+03 9.623219e+03 9.618780e+03
5.4 9.557232e+03 9.607950e+03 9.623782e+03 9.573064e+03
6.4 9.612087e+03 9.633960e+03 9.623848e+03 9.601975e+03
7.4 9.647472e+03 9.640681e+03 9.623778e+03 9.630569e+03
8.4 9.644693e+03 9.639397e+03 9.623892e+03 9.629188e+03
9.4 9.663485e+03 9.649105e+03 9.623946e+03 9.638326e+03
10.4 9.638479e+03 9.640144e+03 9.623834e+03 9.622168e+03
11.4 9.588900e+03 9.681305e+03 9.624015e+03 9.531610e+03
12.4 9.661024e+03 9.648972e+03 9.624256e+03 9.636308e+03
13.4 9.625572e+03 9.622599e+03 9.624169e+03 9.627142e+03
14.4 9.588612e+03 9.613767e+03 9.623982e+03 9.598826e+03
15.4 9.626101e+03 9.624801e+03 9.623854e+03 9.625154e+03
16.4 9.681846e+03 9.640958e+03 9.623789e+03 9.664677e+03
17.4 9.655962e+03 9.629192e+03 9.623762e+03 9.650532e+03
0.4 9.598274e+03 9.596816e+03 9.623398e+03 9.624856e+03
1.4 9.584834e+03 9.598917e+03 9.622364e+03 9.608280e+03
2.4 9.571852e+03 9.591502e+03 9.622544e+03 9.602893e+03
3.4 9.581442e+03 9.585880e+03 9.623219e+03 9.618780e+03
4.4 9.557232e+03 9.607950e+03 9.623782e+03 9.573064e+03
5.4 9.612087e+03 9.633960e+03 9.623848e+03 9.601975e+03
6.4 9.647472e+03 9.640681e+03 9.623778e+03 9.630569e+03
7.4 9.644693e+03 9.639397e+03 9.623892e+03 9.629188e+03
8.4 9.663485e+03 9.649105e+03 9.623946e+03 9.638326e+03
9.4 9.638479e+03 9.640144e+03 9.623834e+03 9.622168e+03
10.4 9.588900e+03 9.681305e+03 9.624015e+03 9.531610e+03
11.4 9.661024e+03 9.648972e+03 9.624256e+03 9.636308e+03
12.4 9.625572e+03 9.622599e+03 9.624169e+03 9.627142e+03
13.4 9.588612e+03 9.613767e+03 9.623982e+03 9.598826e+03
14.4 9.626101e+03 9.624801e+03 9.623854e+03 9.625154e+03
15.4 9.681846e+03 9.640958e+03 9.623789e+03 9.664677e+03
16.4 9.655962e+03 9.629192e+03 9.623762e+03 9.650532e+03
17.4 9.615619e+03 9.622327e+03 9.623759e+03 9.617051e+03
0.1 9.584834e+03 9.598917e+03 9.622364e+03 9.608280e+03
1.1 9.571852e+03 9.591502e+03 9.622544e+03 9.602893e+03
2.1 9.581442e+03 9.585880e+03 9.623219e+03 9.618780e+03
3.1 9.557232e+03 9.607950e+03 9.623782e+03 9.573064e+03
4.1 9.612087e+03 9.633960e+03 9.623848e+03 9.601975e+03
5.1 9.647472e+03 9.640681e+03 9.623778e+03 9.630569e+03
6.1 9.644693e+03 9.639397e+03 9.623892e+03 9.629188e+03
7.1 9.663485e+03 9.649105e+03 9.623946e+03 9.638326e+03
8.1 9.638479e+03 9.640144e+03 9.623834e+03 9.622168e+03
9.1 9.588900e+03 9.681305e+03 9.624015e+03 9.531610e+03
10.1 9.661024e+03 9.648972e+03 9.624256e+03 9.636308e+03
11.1 9.625572e+03 9.622599e+03 9.624169e+03 9.627142e+03
12.1 9.588612e+03 9.613767e+03 9.623982e+03 9.598826e+03
13.1 9.626101e+03 9.624801e+03 9.623854e+03 9.625154e+03
14.1 9.681846e+03 9.640958e+03 9.623789e+03 9.664677e+03
15.1 9.655962e+03 9.629192e+03 9.623762e+03 9.650532e+03
16.1 9.615619e+03 9.622327e+03 9.623759e+03 9.617051e+03
17.1 9.608156e+03 9.607711e+03 9.623767e+03 9.624212e+03
0.4 9.581442e+03 9.585880e+03 9.623219e+03 9.618780e+03
1.4 9.557232e+03 9.607950e+03 9.623782e+03 9.573064e+03
2.4 9.612087e+03 9.633960e+03 9.623848e+03 9.601975e+03
3.4 9.647472e+03 9.640681e+03 9.623778e+03 9.630569e+03
4.4 9.644693e+03 9.639397e+03 9.623892e+03 9.629188e+03
5.4 9.663485e+03 9.649105e+03 9.623946e+03 9.638326e+03
6.4 9.638479e+03 9.640144e+03 9.623834e+03 9.622168e+03
7.4 9.588900e+03 9.681305e+03 9.624015e+03 9.531610e+03
8.4 9.661024e+03 9.648972e+03 9.624256e+03 9.636308e+03
9.4 9.625572e+03 9.622599e+03 9.624169e+03 9.627142e+03
10.4 9.588612e+03 9.613767e+03 9.623982e+03 9.598826e+03
11.4 9.626101e+03 9.624801e+03 9.623854e+03 9.625154e+03
12.4 9.681846e+03 9.640958e+03 9.623789e+03 9.664677e+03
13.4 9.655962e+03 9.629192e+03 9.623762e+03 9.650532e+03
14.4 9.615619e+03 9.622327e+03 9.623759e+03 9.617051e+03
15.4 9.608156e+03 9.607711e+03 9.623767e+03 9.624212e+03
16.4 9.622698e+03 9.621661e+03 9.623776e+03 9.624813e+03
17.4 9.617176e+03 9.599726e+03 9.623782e+03 9.641233e+03
0.8 9.612087e+03 9.633960e+03 9.623848e+03 9.601975e+03
1.8 9.647472e+03 9.640681e+03 9.623778e+03 9.630569e+03
2.8 9.644693e+03 9.639397e+03 9.623892e+03 9.629188e+03
3.8 9.663485e+03 9.649105e+03 9.623946e+03 9.638326e+03
4.8 9.638479e+03 9.640144e+03 9.623834e+03 9.622168e+03
5.8 9.588900e+03 9.681305e+03 9.624015e+03 9.531610e+03
6.8 9.661024e+03 9.648972e+03 9.624256e+03 9.636308e+03
7.8 9.625572e+03 9.622599e+03 9.624169e+03 9.627142e+03
8.8 9.588612e+03 9.613767e+03 9.623982e+03 9.598826e+03
9.8 9.626101e+03 9.624801e+03 9.623854e+03 9.625154e+03
10.8 9.681846e+03 9.640958e+03 9.623789e+03 9.664677e+03
11.8 9.655962e+03 9.629192e+03 9.623762e+03 9.650532e+03
12.8 9.615619e+03 9.622327e+03 9.623759e+03 9.617051e+03
13.8 9.608156e+03 9.607711e+03 9.623767e+03 9.624212e+03
14.8 9.622698e+03 9.621661e+03 9.623776e+03 9.624813e+03
15.8 9.617176e+03 9.599726e+03 9.623782e+03 9.641233e+03
16.8 9.605284e+03 9.603755e+03 9.623786e+03 9.625315e+03
17.8 9.641248e+03 9.617883e+03 9.623788e+03 9.647153e+03
0.1 9.647472e+03 9.640681e+03 9.623778e+03 9.630569e+03
1.1 9.644693e+03 9.639397e+03 9.623892e+03 9.629188e+03
2.1 9.663485e+03 9.649105e+03 9.623946e+03 9.638326e+03
3.1 9.638479e+03 9.640144e+03 9.623834e+03 9.622168e+03
4.1 9.588900e+03 9.681305e+03 9.624015e+03 9.531610e+03
5.1 9.661024e+03 9.648972e+03 9.624256e+03 9.636308e+03
6.1 9.625572e+03 9.622599e+03 9.624169e+03 9.627142e+03
7.1 9.588612e+03 9.613767e+03 9.623982e+03 9.598826e+03
8.1 9.626101e+03 9.624801e+03 9.623854e+03 9.625154e+03
9.1 9.681846e+03 9.640958e+03 9.623789e+03 9.664677e+03
10.1 9.655962e+03 9.629192e+03 9.623762e+03 9.650532e+03
11.1 9.615619e+03 9.622327e+03 9.623759e+03 9.617051e+03
12.1 9.608156e+03 9.607711e+03 9.623767e+03 9.624212e+03
13.1 9.622698e+03 9.621661e+03 9.623776e+03 9.624813e+03
14.1 9.617176e+03 9.599726e+03 9.623782e+03 9.641233e+03
15.1 9.605284e+03 9.603755e+03 9.623786e+03 9.625315e+03
16.1 9.641248e+03 9.617883e+03 9.623788e+03 9.647153e+03
17.1 9.604563e+03 9.631387e+03 9.623790e+03 9.596966e+03
0.7 9.663485e+03 9.649105e+03 9.623946e+03 9.638326e+03
1.7 9.638479e+03 9.640144e+03 9.623834e+03 9.622168e+03
2.7 9.588900e+03 9.681305e+03 9.624015e+03 9.531610e+03
3.7 9.661024e+03 9.648972e+03 9.624256e+03 9.636308e+03
4.7 9.625572e+03 9.622599e+03 9.624169e+03 9.627142e+03
5.7 9.588612e+03 9.613767e+03 9.623982e+03 9.598826e+03
6.7 9.626101e+03 9.624801e+03 9.623854e+03 9.625154e+03
7.7 9.681846e+03 9.640958e+03 9.623789e+03 9.664677e+03
8.7 9.655962e+03 9.629192e+03 9.623762e+03 9.650532e+03
9.7 9.615619e+03 9.622327e+03 9.623759e+03 9.617051e+03
10.7 9.608156e+03 9.607711e+03 9.623767e+03 9.624212e+03
11.7 9.622698e+03 9.621661e+03 9.623776e+03 9.624813e+03
12.7 9.617176e+03 9.599726e+03 9.623782e+03 9.641233e+03
13.7 9.605284e+03 9.603755e+03 9.623786e+03 9.625315e+03
14.7 9.641248e+03 9.617883e+03 9.623788e+03 9.647153e+03
15.7 9.604563e+03 9.631387e+03 9.623790e+03 9.596966e+03
16.7 9.612436e+03 9.631190e+03 9.623790e+03 9.605036e+03
17.7 9.617896e+03 9.642061e+03 9.623790e+03 9.599626e+03
0.0 9.610879e+03 9.632722e+03 9.623832e+03 9.601989e+03
1.0 9.718142e+03 9.638713e+03 9.623910e+03 9.703338e+03
2.0 9.652095e+03 9.625164e+03 9.623809e+03 9.650741e+03
3.0 9.633159e+03 9.625104e+03 9.623678e+03 9.631733e+03
4.0 9.683685e+03 9.624368e+03 9.623732e+03 9.683050e+03
5.0 9.635176e+03 9.634814e+03 9.624337e+03 9.624699e+03
6.0 9.598762e+03 9.630124e+03 9.624802e+03 9.593440e+03
7.0 9.630582e+03 9.626590e+03 9.623621e+03 9.627613e+03
8.0 9.597933e+03 9.626821e+03 9.622385e+03 9.593497e+03
9.0 9.605992e+03 9.601015e+03 9.622733e+03 9.627711e+03
10.0 9.636525e+03 9.616539e+03 9.623405e+03 9.643391e+03
11.0 9.606862e+03 9.607398e+03 9.623822e+03 9.623287e+03
12.0 9.608044e+03 9.625337e+03 9.624195e+03 9.606901e+03
13.0 9.646466e+03 9.639478e+03 9.624266e+03 9.631255e+03
14.0 9.659818e+03 9.637594e+03 9.624096e+03 9.646321e+03
15.0 9.615682e+03 9.621667e+03 9.623921e+03 9.617936e+03
16.0 9.590642e+03 9.636931e+03 9.623811e+03 9.577521e+03
17.0 9.646131e+03 9.643213e+03 9.623756e+03 9.626674e+03
0.8 9.635176e+03 9.634814e+03 9.624337e+03 9.624699e+03
1.8 9.598762e+03 9.630124e+03 9.624802e+03 9.593440e+03
2.8 9.630582e+03 9.626590e+03 9.623621e+03 9.627613e+03
3.8 9.597933e+03 9.626821e+03 9.622385e+03 9.593497e+03
4.8 9.605992e+03 9.601015e+03 9.622733e+03 9.627711e+03
5.8 9.636525e+03 9.616539e+03 9.623405e+03 9.643391e+03
6.8 9.606862e+03 9.607398e+03 9.623822e+03 9.623287e+03
7.8 9.608044e+03 9.625337e+03 9.624195e+03 9.606901e+03
8.8 9.646466e+03 9.639478e+03 9.624266e+03 9.631255e+03
9.8 9.659818e+03 9.637594e+03 9.624096e+03 9.646321e+03
10.8 9.615682e+03 9.621667e+03 9.623921e+03 9.617936e+03
11.8 9.590642e+03 9.636931e+03 9.623811e+03 9.577521e+03
12.8 9.646131e+03 9.643213e+03 9.623756e+03 9.626674e+03
13.8 9.644948e+03 9.649276e+03 9.623738e+03 9.619411e+03
14.8 9.646296e+03 9.653349e+03 9.623741e+03 9.616688e+03
15.8 9.709150e+03 9.648208e+03 9.623760e+03 9.684703e+03
16.8 9.671441e+03 9.638589e+03 9.624566e+03 9.657418e+03
17.8 9.663584e+03 9.626091e+03 9.626099e+03 9.663592e+03
0.2 9.598762e+03 9.630124e+03 9.624802e+03 9.593440e+03
1.2 9.630582e+03 9.626590e+03 9.623621e+03 9.627613e+03
2.2 9.597933e+03 9.626821e+03 9.622385e+03 9.593497e+03
3.2 9.605992e+03 9.601015e+03 9.622733e+03 9.627711e+03
4.2 9.636525e+03 9.616539e+03 9.623405e+03 9.643391e+03
5.2 9.606862e+03 9.607398e+03 9.623822e+03 9.623287e+03
6.2 9.608044e+03 9.625337e+03 9.624195e+03 9.606901e+03
7.2 9.646466e+03 9.639478e+03 9.624266e+03 9.631255e+03
8.2 9.659818e+03 9.637594e+03 9.624096e+03 9.646321e+03
9.2 9.615682e+03 9.621667e+03 9.623921e+03 9.617936e+03
10.2 9.590642e+03 9.636931e+03 9.623811e+03 9.577521e+03
11.2 9.646131e+03 9.643213e+03 9.623756e+03 9.626674e+03
12.2 9.644948e+03 9.649276e+03 9.623738e+03 9.619411e+03
13.2 9.646296e+03 9.653349e+03 9.623741e+03 9.616688e+03
14.2 9.709150e+03 9.648208e+03 9.623760e+03 9.684703e+03
15.2 9.671441e+03 9.638589e+03 9.624566e+03 9.657418e+03
16.2 9.663584e+03 9.626091e+03 9.626099e+03 9.663592e+03
17.2 9.617627e+03 9.625573e+03 9.625211e+03 9.617265e+03
0.9 9.597933e+03 9.626821e+03 9.622385e+03 9.593497e+03
1.9 9.605992e+03 9.601015e+03 9.622733e+03 9.627711e+03
2.9 9.636525e+03 9.616539e+03 9.623405e+03 9.643391e+03
3.9 9.606862e+03 9.607398e+03 9.623822e+03 9.623287e+03
4.9 9.608044e+03 9.625337e+03 9.624195e+03 9.606901e+03
5.9 9.646466e+03 9.639478e+03 9.624266e+03 9.631255e+03
6.9 9.659818e+03 9.637594e+03 9.624096e+03 9.646321e+03
7.9 9.615682e+03 9.621667e+03 9.623921e+03 9.617936e+03
8.9 9.590642e+03 9.636931e+03 9.623811e+03 9.577521e+03
9.9 9.646131e+03 9.643213e+03 9.623756e+03 9.626674e+03
10.9 9.644948e+03 9.649276e+03 9.623738e+03 9.619411e+03
11.9 9.646296e+03 9.653349e+03 9.623741e+03 9.616688e+03
12.9 9.709150e+03 9.648208e+03 9.623760e+03 9.684703e+03
13.9 9.671441e+03 9.638589e+03 9.624566e+03 9.657418e+03
14.9 9.663584e+03 9.626091e+03 9.626099e+03 9.663592e+03
15.9 9.617627e+03 9.625573e+03 9.625211e+03 9.617265e+03
16.9 9.617758e+03 9.625093e+03 9.622448e+03 9.615112e+03
17.9 9.628704e+03 9.626561e+03 9.621604e+03 9.623747e+03
0.3 9.605992e+03 9.601015e+03 9.622733e+03 9.627711e+03
1.3 9.636525e+03 9.616539e+03 9.623405e+03 9.643391e+03
2.3 9.606862e+03 9.607398e+03 9.623822e+03 9.623287e+03
3.3 9.608044e+03 9.625337e+03 9.624195e+03 9.606901e+03
4.3 9.646466e+03 9.639478e+03 9.624266e+03 9.631255e+03
5.3 9.659818e+03 9.637594e+03 9.624096e+03 9.646321e+03
6.3 9.615682e+03 9.621667e+03 9.623921e+03 9.617936e+03
7.3 9.590642e+03 9.636931e+03 9.623811e+03 9.577521e+03
8.3 9.646131e+03 9.643213e+03 9.623756e+03 9.626674e+03
9.3 9.644948e+03 9.649276e+03 9.623738e+03 9.619411e+03
10.3 9.646296e+03 9.653349e+03 9.623741e+03 9.616688e+03
11.3 9.709150e+03 9.648208e+03 9.623760e+03 9.684703e+03
12.3 9.671441e+03 9.638589e+03 9.624566e+03 9.657418e+03
13.3 9.663584e+03 9.626091e+03 9.626099e+03 9.663592e+03
14.3 9.617627e+03 9.625573e+03 9.625211e+03 9.617265e+03
15.3 9.617758e+03 9.625093e+03 9.622448e+03 9.615112e+03
16.3 9.628704e+03 9.626561e+03 9.621604e+03 9.623747e+03
17.3 9.656446e+03 9.637948e+03 9.622520e+03 9.641018e+03
0.7 9.671441e+03 9.638589e+03 9.624566e+03 9.657418e+03
1.7 9.663584e+03 9.626091e+03 9.626099e+03 9.663592e+03
2.7 9.617627e+03 9.625573e+03 9.625211e+03 9.617265e+03
3.7 9.617758e+03 9.625093e+03 9.622448e+03 9.615112e+03
4.7 9.628704e+03 9.626561e+03 9.621604e+03 9.623747e+03
5.7 9.656446e+03 9.637948e+03 9.622520e+03 9.641018e+03
6.7 9.669307e+03 9.647389e+03 9.623512e+03 9.645429e+03
7.7 9.640440e+03 9.634582e+03 9.624569e+03 9.630428e+03
8.7 9.611507e+03 9.624611e+03 9.624891e+03 9.611787e+03
9.7 9.554611e+03 9.569569e+03 9.623881e+03 9.608922e+03
10.7 9.578623e+03 9.573875e+03 9.623187e+03 9.627935e+03
11.7 9.615027e+03 9.593553e+03 9.623482e+03 9.644956e+03
12.7 9.563596e+03 9.609444e+03 9.624439e+03 9.578591e+03
13.7 9.546496e+03 9.595438e+03 9.624454e+03 9.575512e+03
14.7 9.526583e+03 9.582243e+03 9.623444e+03 9.567784e+03
15.7 9.547389e+03 9.579940e+03 9.623108e+03 9.590557e+03
16.7 9.572489e+03 9.606999e+03 9.623352e+03 9.588842e+03
17.7 9.595091e+03 9.639172e+03 9.623618e+03 9.579537e+03
0.3 9.663584e+03 9.626091e+03 9.626099e+03 9.663592e+03
1.3 9.617627e+03 9.625573e+03 9.625211e+03 9.617265e+03
2.3 9.617758e+03 9.625093e+03 9.622448e+03 9.615112e+03
3.3 9.628704e+03 9.626561e+03 9.621604e+03 9.623747e+03
4.3 9.656446e+03 9.637948e+03 9.622520e+03 9.641018e+03
5.3 9.669307e+03 9.647389e+03 9.623512e+03 9.645429e+03
6.3 9.640440e+03 9.634582e+03 9.624569e+03 9.630428e+03
7.3 9.611507e+03 9.624611e+03 9.624891e+03 9.611787e+03
8.3 9.554611e+03 9.569569e+03 9.623881e+03 9.608922e+03
9.3 9.578623e+03 9.573875e+03 9.623187e+03 9.627935e+03
10.3 9.615027e+03 9.593553e+03 9.623482e+03 9.644956e+03
11.3 9.563596e+03 9.609444e+03 9.624439e+03 9.578591e+03
12.3 9.546496e+03 9.595438e+03 9.624454e+03 9.575512e+03
13.3 9.526583e+03 9.582243e+03 9.623444e+03 9.567784e+03
14.3 9.547389e+03 9.579940e+03 9.623108e+03 9.590557e+03
15.3 9.572489e+03 9.606999e+03 9.623352e+03 9.588842e+03
16.3 9.595091e+03 9.639172e+03 9.623618e+03 9.579537e+03
17.3 9.635191e+03 9.634990e+03 9.623783e+03 9.623984e+03
0.1 9.617627e+03 9.625573e+03 9.625211e+03 9.617265e+03
1.1 9.617758e+03 9.625093e+03 9.622448e+03 9.615112e+03
2.1 9.628704e+03 9.626561e+03 9.621604e+03 9.623747e+03
3.1 9.656446e+03 9.637948e+03 9.622520e+03 9.641018e+03
4.1 9.669307e+03 9.647389e+03 9.623512e+03 9.645429e+03
5.1 9.640440e+03 9.634582e+03 9.624569e+03 9.630428e+03
6.1 9.611507e+03 9.624611e+03 9.624891e+03 9.611787e+03
7.1 9.554611e+03 9.569569e+03 9.623881e+03 9.608922e+03
8.1 9.578623e+03 9.573875e+03 9.623187e+03 9.627935e+03
9.1 9.615027e+03 9.593553e+03 9.623482e+03 9.644956e+03
10.1 9.563596e+03 9.609444e+03 9.624439e+03 9.578591e+03
11.1 9.546496e+03 9.595438e+03 9.624454e+03 9.575512e+03
12.1 9.526583e+03 9.582243e+03 9.623444e+03 9.567784e+03
13.1 9.547389e+03 9.579940e+03 9.623108e+03 9.590557e+03
14.1 9.572489e+03 9.606999e+03 9.623352e+03 9.588842e+03
15.1 9.595091e+03 9.639172e+03 9.623618e+03 9.579537e+03
16.1 9.635191e+03 9.634990e+03 9.623783e+03 9.623984e+03
17.1 9.713011e+03 9.662797e+03 9.623876e+03 9.674090e+03
1.0 9.640440e+03 9.634582e+03 9.624569e+03 9.630428e+03
2.0 9.611507e+03 9.624611e+03 9.624891e+03 9.611787e+03
3.0 9.554611e+03 9.569569e+03 9.623881e+03 9.608922e+03
4.0 9.578623e+03 9.573875e+03 9.623187e+03 9.627935e+03
5.0 9.615027e+03 9.593553e+03 9.623482e+03 9.644956e+03
6.0 9.563596e+03 9.609444e+03 9.624439e+03 9.578591e+03
7.0 9.546496e+03 9.595438e+03 9.624454e+03 9.575512e+03
8.0 9.526583e+03 9.582243e+03 9.623444e+03 9.567784e+03
9.0 9.547389e+03 9.579940e+03 9.623108e+03 9.590557e+03
10.0 9.572489e+03 9.606999e+03 9.623352e+03 9.588842e+03
11.0 9.595091e+03 9.639172e+03 9.623618e+03 9.579537e+03
12.0 9.635191e+03 9.634990e+03 9.623783e+03 9.623984e+03
13.0 9.713011e+03 9.662797e+03 9.623876e+03 9.674090e+03
14.0 9.707159e+03 9.656102e+03 9.623918e+03 9.674974e+03
15.0 9.674836e+03 9.650716e+03 9.623927e+03 9.648047e+03
0.3 9.615027e+03 9.593553e+03 9.623482e+03 9.644956e+03
1.3 9.563596e+03 9.609444e+03 9.624439e+03 9.578591e+03
2.3 9.546496e+03 9.595438e+03 9.624454e+03 9.575512e+03
3.3 9.526583e+03 9.582243e+03 9.623444e+03 9.567784e+03
4.3 9.547389e+03 9.579940e+03 9.623108e+03 9.590557e+03
5.3 9.572489e+03 9.606999e+03 9.623352e+03 9.588842e+03
6.3 9.595091e+03 9.639172e+03 9.623618e+03 9.579537e+03
7.3 9.635191e+03 9.634990e+03 9.623783e+03 9.623984e+03
8.3 9.713011e+03 9.662797e+03 9.623876e+03 9.674090e+03
9.3 9.707159e+03 9.656102e+03 9.623918e+03 9.674974e+03
10.3 9.674836e+03 9.650716e+03 9.623927e+03 9.648047e+03
