0.5 9.625894e+03 9.617625e+03 9.622741e+03 9.631011e+03
1.5 9.612222e+03 9.627981e+03 9.621281e+03 9.605521e+03
2.5 9.592730e+03 9.620459e+03 9.622712e+03 9.594982e+03
3.5 9.580244e+03 9.610307e+03 9.625239e+03 9.595176e+03
4.5 9.596635e+03 9.602760e+03 9.625575e+03 9.619450e+03
5.5 9.626157e+03 9.625994e+03 9.624901e+03 9.625065e+03
6.5 9.640085e+03 9.650087e+03 9.624312e+03 9.614310e+03
7.5 9.625913e+03 9.628645e+03 9.623953e+03 9.621220e+03
8.5 9.612659e+03 9.608835e+03 9.623760e+03 9.627585e+03
9.5 9.650800e+03 9.607672e+03 9.623688e+03 9.666816e+03
10.5 9.651950e+03 9.610377e+03 9.623692e+03 9.665265e+03
11.5 9.597224e+03 9.615673e+03 9.623727e+03 9.605277e+03
12.5 9.630677e+03 9.630229e+03 9.623762e+03 9.624210e+03
13.5 9.641372e+03 9.645544e+03 9.623787e+03 9.619615e+03
14.5 9.647420e+03 9.638357e+03 9.623581e+03 9.632644e+03
15.5 9.614793e+03 9.626395e+03 9.621883e+03 9.610281e+03
16.5 9.612298e+03 9.648365e+03 9.621532e+03 9.585465e+03
17.5 9.640207e+03 9.644394e+03 9.624151e+03 9.619964e+03
1.0 9.614793e+03 9.626395e+03 9.621883e+03 9.610281e+03
2.0 9.612298e+03 9.648365e+03 9.621532e+03 9.585465e+03
3.0 9.640207e+03 9.644394e+03 9.624151e+03 9.619964e+03
4.0 9.658665e+03 9.654128e+03 9.625675e+03 9.630212e+03
5.0 9.640374e+03 9.638224e+03 9.625314e+03 9.627464e+03
6.0 9.648081e+03 9.635858e+03 9.624622e+03 9.636844e+03
7.0 9.635335e+03 9.627674e+03 9.624146e+03 9.631808e+03
8.0 9.620844e+03 9.622740e+03 9.623870e+03 9.621975e+03
9.0 9.622435e+03 9.624289e+03 9.623736e+03 9.621883e+03
10.0 9.637860e+03 9.638530e+03 9.623703e+03 9.623033e+03
11.0 9.638073e+03 9.635893e+03 9.623723e+03 9.625902e+03
12.0 9.620135e+03 9.634350e+03 9.623749e+03 9.609534e+03
13.0 9.636427e+03 9.618556e+03 9.622752e+03 9.640623e+03
14.0 9.597095e+03 9.622228e+03 9.621302e+03 9.596168e+03
15.0 9.638994e+03 9.635461e+03 9.622736e+03 9.626269e+03
16.0 9.649437e+03 9.663163e+03 9.625261e+03 9.611535e+03
17.0 9.595371e+03 9.625749e+03 9.625594e+03 9.595216e+03
18.0 9.571727e+03 9.604961e+03 9.624916e+03 9.591682e+03
0.5 9.636427e+03 9.618556e+03 9.622752e+03 9.640623e+03
1.5 9.597095e+03 9.622228e+03 9.621302e+03 9.596168e+03
2.5 9.638994e+03 9.635461e+03 9.622736e+03 9.626269e+03
3.5 9.649437e+03 9.663163e+03 9.625261e+03 9.611535e+03
4.5 9.595371e+03 9.625749e+03 9.625594e+03 9.595216e+03
5.5 9.571727e+03 9.604961e+03 9.624916e+03 9.591682e+03
6.5 9.608611e+03 9.622159e+03 9.624322e+03 9.610774e+03
7.5 9.599566e+03 9.617873e+03 9.623594e+03 9.605286e+03
8.5 9.632901e+03 9.615910e+03 9.621638e+03 9.638629e+03
9.5 9.600531e+03 9.628301e+03 9.621602e+03 9.593832e+03
10.5 9.625983e+03 9.641435e+03 9.624335e+03 9.608882e+03
11.5 9.604603e+03 9.638931e+03 9.625580e+03 9.591253e+03
12.5 9.637239e+03 9.645806e+03 9.625133e+03 9.616566e+03
13.5 9.641532e+03 9.637257e+03 9.624477e+03 9.628752e+03
14.5 9.647393e+03 9.636061e+03 9.623881e+03 9.635213e+03
15.5 9.644520e+03 9.620449e+03 9.621892e+03 9.645963e+03
16.5 9.587108e+03 9.622827e+03 9.621122e+03 9.585403e+03
17.5 9.618098e+03 9.636181e+03 9.623736e+03 9.605653e+03
0.1 9.599566e+03 9.617873e+03 9.623594e+03 9.605286e+03
1.1 9.632901e+03 9.615910e+03 9.621638e+03 9.638629e+03
2.1 9.600531e+03 9.628301e+03 9.621602e+03 9.593832e+03
3.1 9.625983e+03 9.641435e+03 9.624335e+03 9.608882e+03
4.1 9.604603e+03 9.638931e+03 9.625580e+03 9.591253e+03
5.1 9.637239e+03 9.645806e+03 9.625133e+03 9.616566e+03
6.1 9.641532e+03 9.637257e+03 9.624477e+03 9.628752e+03
7.1 9.647393e+03 9.636061e+03 9.623881e+03 9.635213e+03
8.1 9.644520e+03 9.620449e+03 9.621892e+03 9.645963e+03
9.1 9.587108e+03 9.622827e+03 9.621122e+03 9.585403e+03
10.1 9.618098e+03 9.636181e+03 9.623736e+03 9.605653e+03
11.1 9.632666e+03 9.615872e+03 9.625607e+03 9.642401e+03
12.1 9.634941e+03 9.622705e+03 9.625357e+03 9.637593e+03
13.1 9.683774e+03 9.609753e+03 9.624635e+03 9.698656e+03
14.1 9.664722e+03 9.625319e+03 9.624121e+03 9.663523e+03
15.1 9.623567e+03 9.629111e+03 9.623818e+03 9.618274e+03
16.1 9.610665e+03 9.620515e+03 9.623668e+03 9.613819e+03
17.1 9.608207e+03 9.620966e+03 9.623627e+03 9.610868e+03
0.9 9.644520e+03 9.620449e+03 9.621892e+03 9.645963e+03
1.9 9.587108e+03 9.622827e+03 9.621122e+03 9.585403e+03
2.9 9.618098e+03 9.636181e+03 9.623736e+03 9.605653e+03
3.9 9.632666e+03 9.615872e+03 9.625607e+03 9.642401e+03
4.9 9.634941e+03 9.622705e+03 9.625357e+03 9.637593e+03
5.9 9.683774e+03 9.609753e+03 9.624635e+03 9.698656e+03
6.9 9.664722e+03 9.625319e+03 9.624121e+03 9.663523e+03
7.9 9.623567e+03 9.629111e+03 9.623818e+03 9.618274e+03
8.9 9.610665e+03 9.620515e+03 9.623668e+03 9.613819e+03
9.9 9.608207e+03 9.620966e+03 9.623627e+03 9.610868e+03
10.9 9.625915e+03 9.612437e+03 9.623648e+03 9.637125e+03
11.9 9.590619e+03 9.610922e+03 9.623685e+03 9.603382e+03
12.9 9.610489e+03 9.599085e+03 9.623718e+03 9.635123e+03
13.9 9.604195e+03 9.596698e+03 9.623741e+03 9.631239e+03
14.9 9.588404e+03 9.573652e+03 9.623756e+03 9.638508e+03
15.9 9.590310e+03 9.586812e+03 9.623764e+03 9.627263e+03
16.9 9.616740e+03 9.609936e+03 9.623769e+03 9.630573e+03
17.9 9.644788e+03 9.626843e+03 9.623772e+03 9.641717e+03
0.8 9.655695e+03 9.641854e+03 9.622309e+03 9.636150e+03
1.8 9.635461e+03 9.650282e+03 9.621334e+03 9.606514e+03
2.8 9.611784e+03 9.630137e+03 9.623511e+03 9.605159e+03
3.8 9.604508e+03 9.598936e+03 9.625561e+03 9.631133e+03
4.8 9.589584e+03 9.608088e+03 9.625473e+03 9.606970e+03
5.8 9.605656e+03 9.617969e+03 9.624767e+03 9.612454e+03
6.8 9.583906e+03 9.625354e+03 9.624235e+03 9.582787e+03
7.8 9.556681e+03 9.613498e+03 9.623919e+03 9.567102e+03
8.8 9.570794e+03 9.595922e+03 9.623755e+03 9.598626e+03
9.8 9.605620e+03 9.585806e+03 9.623702e+03 9.643516e+03
10.8 9.576861e+03 9.607000e+03 9.623713e+03 9.593574e+03
11.8 9.606512e+03 9.626954e+03 9.623746e+03 9.603303e+03
12.8 9.667858e+03 9.640915e+03 9.623775e+03 9.650718e+03
13.8 9.615982e+03 9.633032e+03 9.623794e+03 9.606744e+03
14.8 9.592336e+03 9.642223e+03 9.623803e+03 9.573916e+03
15.8 9.618321e+03 9.645571e+03 9.623327e+03 9.596077e+03
16.8 9.645833e+03 9.646593e+03 9.621459e+03 9.620698e+03
17.8 9.627264e+03 9.640659e+03 9.621729e+03 9.608334e+03
0.2 9.618321e+03 9.645571e+03 9.623327e+03 9.596077e+03
1.2 9.645833e+03 9.646593e+03 9.621459e+03 9.620698e+03
2.2 9.627264e+03 9.640659e+03 9.621729e+03 9.608334e+03
3.2 9.650111e+03 9.629889e+03 9.624666e+03 9.644889e+03
4.2 9.585389e+03 9.627685e+03 9.625804e+03 9.583508e+03
5.2 9.614062e+03 9.632371e+03 9.625247e+03 9.606937e+03
6.2 9.615030e+03 9.621297e+03 9.624536e+03 9.618269e+03
7.2 9.598082e+03 9.613277e+03 9.624072e+03 9.608876e+03
8.2 9.611957e+03 9.609772e+03 9.623806e+03 9.625991e+03
9.2 9.600308e+03 9.619368e+03 9.623685e+03 9.604625e+03
10.2 9.639143e+03 9.621660e+03 9.623662e+03 9.641145e+03
11.2 9.624338e+03 9.629442e+03 9.623688e+03 9.618583e+03
12.2 9.638279e+03 9.631069e+03 9.623644e+03 9.630855e+03
13.2 9.670067e+03 9.636070e+03 9.622179e+03 9.656175e+03
14.2 9.683476e+03 9.635912e+03 9.621282e+03 9.668846e+03
15.2 9.650871e+03 9.640295e+03 9.623528e+03 9.634104e+03
16.2 9.620975e+03 9.626130e+03 9.625526e+03 9.620371e+03
17.2 9.665503e+03 9.637432e+03 9.625404e+03 9.653474e+03
0.8 9.670067e+03 9.636070e+03 9.622179e+03 9.656175e+03
1.8 9.683476e+03 9.635912e+03 9.621282e+03 9.668846e+03
2.8 9.650871e+03 9.640295e+03 9.623528e+03 9.634104e+03
3.8 9.620975e+03 9.626130e+03 9.625526e+03 9.620371e+03
4.8 9.665503e+03 9.637432e+03 9.625404e+03 9.653474e+03
5.8 9.656688e+03 9.622652e+03 9.624698e+03 9.658734e+03
6.8 9.619906e+03 9.621733e+03 9.624173e+03 9.622347e+03
7.8 9.586525e+03 9.626858e+03 9.623862e+03 9.583529e+03
8.8 9.608513e+03 9.633459e+03 9.623703e+03 9.598757e+03
9.8 9.603611e+03 9.609749e+03 9.623654e+03 9.617515e+03
10.8 9.606521e+03 9.626968e+03 9.623667e+03 9.603219e+03
11.8 9.597368e+03 9.612708e+03 9.623701e+03 9.608361e+03
12.8 9.614533e+03 9.607561e+03 9.623733e+03 9.630704e+03
13.8 9.594003e+03 9.625259e+03 9.623754e+03 9.592498e+03
14.8 9.619165e+03 9.619127e+03 9.623767e+03 9.623806e+03
15.8 9.630936e+03 9.629573e+03 9.623774e+03 9.625136e+03
16.8 9.616134e+03 9.629761e+03 9.623777e+03 9.610150e+03
17.8 9.628819e+03 9.618982e+03 9.623779e+03 9.633616e+03
0.2 9.632450e+03 9.664288e+03 9.623247e+03 9.591408e+03
1.2 9.664074e+03 9.641020e+03 9.621403e+03 9.644456e+03
2.2 9.636314e+03 9.619008e+03 9.621950e+03 9.639256e+03
3.2 9.628119e+03 9.606444e+03 9.624887e+03 9.646563e+03
4.2 9.575882e+03 9.621535e+03 9.625839e+03 9.580186e+03
5.2 9.589038e+03 9.593084e+03 9.625231e+03 9.621185e+03
6.2 9.608169e+03 9.581836e+03 9.624537e+03 9.650870e+03
7.2 9.593531e+03 9.559873e+03 9.624091e+03 9.657748e+03
8.2 9.521558e+03 9.564166e+03 9.623839e+03 9.581231e+03
9.2 9.533026e+03 9.582443e+03 9.623728e+03 9.574311e+03
10.2 9.551033e+03 9.596111e+03 9.623711e+03 9.578633e+03
11.2 9.578862e+03 9.625540e+03 9.623737e+03 9.577060e+03
12.2 9.642372e+03 9.645223e+03 9.623771e+03 9.620920e+03
13.2 9.686235e+03 9.664441e+03 9.623795e+03 9.645589e+03
14.2 9.672999e+03 9.641849e+03 9.623166e+03 9.654316e+03
15.2 9.628335e+03 9.678941e+03 9.621341e+03 9.570735e+03
16.2 9.715705e+03 9.669466e+03 9.621983e+03 9.668221e+03
17.2 9.649326e+03 9.639364e+03 9.624911e+03 9.634873e+03
0.3 9.672999e+03 9.641849e+03 9.623166e+03 9.654316e+03
1.3 9.628335e+03 9.678941e+03 9.621341e+03 9.570735e+03
2.3 9.715705e+03 9.669466e+03 9.621983e+03 9.668221e+03
3.3 9.649326e+03 9.639364e+03 9.624911e+03 9.634873e+03
4.3 9.581161e+03 9.612694e+03 9.625068e+03 9.593536e+03
5.3 9.619316e+03 9.615724e+03 9.622651e+03 9.626243e+03
6.3 9.664878e+03 9.642869e+03 9.622789e+03 9.644797e+03
7.3 9.679909e+03 9.655662e+03 9.625251e+03 9.649498e+03
8.3 9.639844e+03 9.669500e+03 9.625774e+03 9.596118e+03
9.3 9.649664e+03 9.653521e+03 9.625016e+03 9.621160e+03
10.3 9.653635e+03 9.628636e+03 9.624324e+03 9.649323e+03
11.3 9.617629e+03 9.620880e+03 9.623925e+03 9.620674e+03
12.3 9.613717e+03 9.626289e+03 9.623721e+03 9.611149e+03
13.3 9.607361e+03 9.608622e+03 9.623646e+03 9.622384e+03
14.3 9.586718e+03 9.607421e+03 9.623650e+03 9.602947e+03
15.3 9.632034e+03 9.620617e+03 9.623688e+03 9.635105e+03
16.3 9.654824e+03 9.615840e+03 9.623727e+03 9.662711e+03
17.3 9.654249e+03 9.618871e+03 9.623275e+03 9.658653e+03
0.3 9.581161e+03 9.612694e+03 9.625068e+03 9.593536e+03
1.3 9.619316e+03 9.615724e+03 9.622651e+03 9.626243e+03
2.3 9.664878e+03 9.642869e+03 9.622789e+03 9.644797e+03
3.3 9.679909e+03 9.655662e+03 9.625251e+03 9.649498e+03
4.3 9.639844e+03 9.669500e+03 9.625774e+03 9.596118e+03
5.3 9.649664e+03 9.653521e+03 9.625016e+03 9.621160e+03
6.3 9.653635e+03 9.628636e+03 9.624324e+03 9.649323e+03
7.3 9.617629e+03 9.620880e+03 9.623925e+03 9.620674e+03
8.3 9.613717e+03 9.626289e+03 9.623721e+03 9.611149e+03
9.3 9.607361e+03 9.608622e+03 9.623646e+03 9.622384e+03
10.3 9.586718e+03 9.607421e+03 9.623650e+03 9.602947e+03
11.3 9.632034e+03 9.620617e+03 9.623688e+03 9.635105e+03
12.3 9.654824e+03 9.615840e+03 9.623727e+03 9.662711e+03
13.3 9.654249e+03 9.618871e+03 9.623275e+03 9.658653e+03
14.3 9.623994e+03 9.617350e+03 9.621422e+03 9.628066e+03
15.3 9.611436e+03 9.625968e+03 9.621701e+03 9.607169e+03
16.3 9.630701e+03 9.632616e+03 9.624642e+03 9.622727e+03
17.3 9.598867e+03 9.604363e+03 9.625783e+03 9.620287e+03
0.2 9.654249e+03 9.618871e+03 9.623275e+03 9.658653e+03
1.2 9.623994e+03 9.617350e+03 9.621422e+03 9.628066e+03
2.2 9.611436e+03 9.625968e+03 9.621701e+03 9.607169e+03
3.2 9.630701e+03 9.632616e+03 9.624642e+03 9.622727e+03
4.2 9.598867e+03 9.604363e+03 9.625783e+03 9.620287e+03
5.2 9.598274e+03 9.596816e+03 9.625228e+03 9.626687e+03
6.2 9.584834e+03 9.598917e+03 9.624521e+03 9.610437e+03
7.2 9.571852e+03 9.591502e+03 9.624059e+03 9.604408e+03
8.2 9.581442e+03 9.585880e+03 9.623795e+03 9.619356e+03
9.2 9.557232e+03 9.607950e+03 9.623675e+03 9.572957e+03
10.2 9.612087e+03 9.633960e+03 9.623654e+03 9.601781e+03
11.2 9.647472e+03 9.640681e+03 9.623682e+03 9.630472e+03
12.2 9.644693e+03 9.639397e+03 9.623719e+03 9.629015e+03
13.2 9.663485e+03 9.649105e+03 9.623740e+03 9.638120e+03
14.2 9.638479e+03 9.640144e+03 9.622690e+03 9.621025e+03
15.2 9.588900e+03 9.681305e+03 9.621120e+03 9.528715e+03
16.2 9.661024e+03 9.648972e+03 9.622600e+03 9.634652e+03
17.2 9.625572e+03 9.622599e+03 9.625311e+03 9.628284e+03
0.5 9.638479e+03 9.640144e+03 9.622690e+03 9.621025e+03
1.5 9.588900e+03 9.681305e+03 9.621120e+03 9.528715e+03
2.5 9.661024e+03 9.648972e+03 9.622600e+03 9.634652e+03
3.5 9.625572e+03 9.622599e+03 9.625311e+03 9.628284e+03
4.5 9.588612e+03 9.613767e+03 9.625695e+03 9.600539e+03
5.5 9.626101e+03 9.624801e+03 9.624982e+03 9.626282e+03
6.5 9.681846e+03 9.640958e+03 9.624350e+03 9.665239e+03
7.5 9.655962e+03 9.629192e+03 9.623964e+03 9.650733e+03
8.5 9.615619e+03 9.622327e+03 9.623755e+03 9.617047e+03
9.5 9.608156e+03 9.607711e+03 9.623676e+03 9.624122e+03
10.5 9.622698e+03 9.621661e+03 9.623680e+03 9.624717e+03
11.5 9.617176e+03 9.599726e+03 9.623719e+03 9.641169e+03
12.5 9.605284e+03 9.603755e+03 9.623758e+03 9.625287e+03
13.5 9.641248e+03 9.617883e+03 9.623787e+03 9.647152e+03
14.5 9.604563e+03 9.631387e+03 9.623808e+03 9.596984e+03
15.5 9.612436e+03 9.631190e+03 9.623822e+03 9.605068e+03
16.5 9.617896e+03 9.642061e+03 9.623832e+03 9.599667e+03
17.5 9.639354e+03 9.634321e+03 9.623839e+03 9.628871e+03
0.5 9.652095e+03 9.625164e+03 9.622756e+03 9.649688e+03
1.5 9.633159e+03 9.625104e+03 9.621371e+03 9.629426e+03
2.5 9.683685e+03 9.624368e+03 9.622963e+03 9.682280e+03
3.5 9.635176e+03 9.634814e+03 9.625405e+03 9.625768e+03
4.5 9.598762e+03 9.630124e+03 9.625643e+03 9.594281e+03
5.5 9.630582e+03 9.626590e+03 9.624954e+03 9.628946e+03
6.5 9.597933e+03 9.626821e+03 9.624370e+03 9.595482e+03
7.5 9.605992e+03 9.601015e+03 9.624007e+03 9.628984e+03
8.5 9.636525e+03 9.616539e+03 9.622879e+03 9.642865e+03
9.5 9.606862e+03 9.607398e+03 9.621250e+03 9.620715e+03
10.5 9.608044e+03 9.625337e+03 9.621336e+03 9.604043e+03
11.5 9.646466e+03 9.639478e+03 9.622455e+03 9.629443e+03
12.5 9.659818e+03 9.637594e+03 9.624556e+03 9.646781e+03
13.5 9.615682e+03 9.621667e+03 9.625516e+03 9.619531e+03
14.5 9.590642e+03 9.636931e+03 9.623579e+03 9.577289e+03
15.5 9.646131e+03 9.643213e+03 9.623738e+03 9.626657e+03
16.5 9.644948e+03 9.649276e+03 9.624062e+03 9.619734e+03
17.5 9.646296e+03 9.653349e+03 9.623310e+03 9.616258e+03
0.4 9.636525e+03 9.616539e+03 9.622879e+03 9.642865e+03
1.4 9.606862e+03 9.607398e+03 9.621250e+03 9.620715e+03
2.4 9.608044e+03 9.625337e+03 9.621336e+03 9.604043e+03
3.4 9.646466e+03 9.639478e+03 9.622455e+03 9.629443e+03
4.4 9.659818e+03 9.637594e+03 9.624556e+03 9.646781e+03
5.4 9.615682e+03 9.621667e+03 9.625516e+03 9.619531e+03
6.4 9.590642e+03 9.636931e+03 9.623579e+03 9.577289e+03
7.4 9.646131e+03 9.643213e+03 9.623738e+03 9.626657e+03
8.4 9.644948e+03 9.649276e+03 9.624062e+03 9.619734e+03
9.4 9.646296e+03 9.653349e+03 9.623310e+03 9.616258e+03
10.4 9.709150e+03 9.648208e+03 9.624793e+03 9.685735e+03
11.4 9.671441e+03 9.638589e+03 9.625920e+03 9.658772e+03
12.4 9.663584e+03 9.626091e+03 9.625330e+03 9.662823e+03
13.4 9.617627e+03 9.625573e+03 9.624459e+03 9.616513e+03
14.4 9.617758e+03 9.625093e+03 9.623903e+03 9.616567e+03
15.4 9.628704e+03 9.626561e+03 9.622648e+03 9.624792e+03
16.4 9.656446e+03 9.637948e+03 9.621037e+03 9.639535e+03
17.4 9.669307e+03 9.647389e+03 9.622372e+03 9.644290e+03
0.5 9.608044e+03 9.625337e+03 9.621336e+03 9.604043e+03
1.5 9.646466e+03 9.639478e+03 9.622455e+03 9.629443e+03
2.5 9.659818e+03 9.637594e+03 9.624556e+03 9.646781e+03
3.5 9.615682e+03 9.621667e+03 9.625516e+03 9.619531e+03
4.5 9.590642e+03 9.636931e+03 9.623579e+03 9.577289e+03
5.5 9.646131e+03 9.643213e+03 9.623738e+03 9.626657e+03
6.5 9.644948e+03 9.649276e+03 9.624062e+03 9.619734e+03
7.5 9.646296e+03 9.653349e+03 9.623310e+03 9.616258e+03
8.5 9.709150e+03 9.648208e+03 9.624793e+03 9.685735e+03
9.5 9.671441e+03 9.638589e+03 9.625920e+03 9.658772e+03
10.5 9.663584e+03 9.626091e+03 9.625330e+03 9.662823e+03
11.5 9.617627e+03 9.625573e+03 9.624459e+03 9.616513e+03
12.5 9.617758e+03 9.625093e+03 9.623903e+03 9.616567e+03
13.5 9.628704e+03 9.626561e+03 9.622648e+03 9.624792e+03
14.5 9.656446e+03 9.637948e+03 9.621037e+03 9.639535e+03
15.5 9.669307e+03 9.647389e+03 9.622372e+03 9.644290e+03
16.5 9.640440e+03 9.634582e+03 9.624970e+03 9.630828e+03
17.5 9.611507e+03 9.624611e+03 9.625397e+03 9.612293e+03
0.5 9.615682e+03 9.621667e+03 9.625516e+03 9.619531e+03
1.5 9.590642e+03 9.636931e+03 9.623579e+03 9.577289e+03
2.5 9.646131e+03 9.643213e+03 9.623738e+03 9.626657e+03
3.5 9.644948e+03 9.649276e+03 9.624062e+03 9.619734e+03
4.5 9.646296e+03 9.653349e+03 9.623310e+03 9.616258e+03
5.5 9.709150e+03 9.648208e+03 9.624793e+03 9.685735e+03
6.5 9.671441e+03 9.638589e+03 9.625920e+03 9.658772e+03
7.5 9.663584e+03 9.626091e+03 9.625330e+03 9.662823e+03
8.5 9.617627e+03 9.625573e+03 9.624459e+03 9.616513e+03
9.5 9.617758e+03 9.625093e+03 9.623903e+03 9.616567e+03
10.5 9.628704e+03 9.626561e+03 9.622648e+03 9.624792e+03
11.5 9.656446e+03 9.637948e+03 9.621037e+03 9.639535e+03
12.5 9.669307e+03 9.647389e+03 9.622372e+03 9.644290e+03
13.5 9.640440e+03 9.634582e+03 9.624970e+03 9.630828e+03
14.5 9.611507e+03 9.624611e+03 9.625397e+03 9.612293e+03
15.5 9.554611e+03 9.569569e+03 9.624761e+03 9.609802e+03
16.5 9.578623e+03 9.573875e+03 9.624182e+03 9.628930e+03
17.5 9.615027e+03 9.593553e+03 9.623823e+03 9.645297e+03
0.9 9.644948e+03 9.649276e+03 9.624062e+03 9.619734e+03
1.9 9.646296e+03 9.653349e+03 9.623310e+03 9.616258e+03
2.9 9.709150e+03 9.648208e+03 9.624793e+03 9.685735e+03
3.9 9.671441e+03 9.638589e+03 9.625920e+03 9.658772e+03
4.9 9.663584e+03 9.626091e+03 9.625330e+03 9.662823e+03
5.9 9.617627e+03 9.625573e+03 9.624459e+03 9.616513e+03
6.9 9.617758e+03 9.625093e+03 9.623903e+03 9.616567e+03
7.9 9.628704e+03 9.626561e+03 9.622648e+03 9.624792e+03
8.9 9.656446e+03 9.637948e+03 9.621037e+03 9.639535e+03
9.9 9.669307e+03 9.647389e+03 9.622372e+03 9.644290e+03
10.9 9.640440e+03 9.634582e+03 9.624970e+03 9.630828e+03
11.9 9.611507e+03 9.624611e+03 9.625397e+03 9.612293e+03
12.9 9.554611e+03 9.569569e+03 9.624761e+03 9.609802e+03
13.9 9.578623e+03 9.573875e+03 9.624182e+03 9.628930e+03
14.9 9.615027e+03 9.593553e+03 9.623823e+03 9.645297e+03
15.9 9.563596e+03 9.609444e+03 9.623626e+03 9.577778e+03
16.9 9.546496e+03 9.595438e+03 9.623550e+03 9.574608e+03
17.9 9.526583e+03 9.582243e+03 9.623549e+03 9.567890e+03
0.5 9.628704e+03 9.626561e+03 9.622648e+03 9.624792e+03
1.5 9.656446e+03 9.637948e+03 9.621037e+03 9.639535e+03
2.5 9.669307e+03 9.647389e+03 9.622372e+03 9.644290e+03
3.5 9.640440e+03 9.634582e+03 9.624970e+03 9.630828e+03
4.5 9.611507e+03 9.624611e+03 9.625397e+03 9.612293e+03
5.5 9.554611e+03 9.569569e+03 9.624761e+03 9.609802e+03
6.5 9.578623e+03 9.573875e+03 9.624182e+03 9.628930e+03
7.5 9.615027e+03 9.593553e+03 9.623823e+03 9.645297e+03
8.5 9.563596e+03 9.609444e+03 9.623626e+03 9.577778e+03
9.5 9.546496e+03 9.595438e+03 9.623550e+03 9.574608e+03
10.5 9.526583e+03 9.582243e+03 9.623549e+03 9.567890e+03
11.5 9.547389e+03 9.579940e+03 9.623581e+03 9.591030e+03
12.5 9.572489e+03 9.606999e+03 9.623616e+03 9.589106e+03
13.5 9.595091e+03 9.639172e+03 9.623641e+03 9.579559e+03
14.5 9.635191e+03 9.634990e+03 9.623656e+03 9.623857e+03
15.5 9.713011e+03 9.662797e+03 9.623667e+03 9.673881e+03
16.5 9.707159e+03 9.656102e+03 9.623678e+03 9.674734e+03
17.5 9.674836e+03 9.650716e+03 9.623686e+03 9.647805e+03
