0.5 9.625894e+03 9.617625e+03 9.618563e+03 9.626833e+03
1.5 9.612222e+03 9.627981e+03 9.628046e+03 9.612286e+03
2.5 9.592730e+03 9.620459e+03 9.641600e+03 9.613870e+03
3.5 9.580244e+03 9.610307e+03 9.637993e+03 9.607930e+03
4.5 9.596635e+03 9.602760e+03 9.628479e+03 9.622354e+03
5.5 9.626157e+03 9.625994e+03 9.621818e+03 9.621981e+03
6.5 9.640085e+03 9.650087e+03 9.618464e+03 9.608462e+03
7.5 9.625913e+03 9.628645e+03 9.617190e+03 9.614458e+03
8.5 9.612659e+03 9.608835e+03 9.617117e+03 9.620941e+03
9.5 9.650800e+03 9.607672e+03 9.617601e+03 9.660729e+03
10.5 9.651950e+03 9.610377e+03 9.618183e+03 9.659756e+03
11.5 9.597224e+03 9.615673e+03 9.618631e+03 9.600181e+03
12.5 9.630677e+03 9.630229e+03 9.618897e+03 9.619346e+03
13.5 9.641372e+03 9.645544e+03 9.619021e+03 9.614849e+03
14.5 9.647420e+03 9.638357e+03 9.619056e+03 9.628120e+03
15.5 9.614793e+03 9.626395e+03 9.621069e+03 9.609467e+03
16.5 9.612298e+03 9.648365e+03 9.636601e+03 9.600534e+03
17.5 9.640207e+03 9.644394e+03 9.641802e+03 9.637614e+03
1.0 9.614793e+03 9.626395e+03 9.621069e+03 9.609467e+03
2.0 9.612298e+03 9.648365e+03 9.636601e+03 9.600534e+03
3.0 9.640207e+03 9.644394e+03 9.641802e+03 9.637614e+03
4.0 9.658665e+03 9.654128e+03 9.633404e+03 9.637940e+03
5.0 9.640374e+03 9.638224e+03 9.624700e+03 9.626851e+03
6.0 9.648081e+03 9.635858e+03 9.619613e+03 9.631836e+03
7.0 9.635335e+03 9.627674e+03 9.617239e+03 9.624901e+03
8.0 9.620844e+03 9.622740e+03 9.616497e+03 9.614601e+03
9.0 9.622435e+03 9.624289e+03 9.616647e+03 9.614793e+03
10.0 9.637860e+03 9.638530e+03 9.617126e+03 9.616456e+03
11.0 9.638073e+03 9.635893e+03 9.617581e+03 9.619760e+03
12.0 9.620135e+03 9.634350e+03 9.617879e+03 9.603664e+03
13.0 9.636427e+03 9.618556e+03 9.618096e+03 9.635968e+03
14.0 9.597095e+03 9.622228e+03 9.627497e+03 9.602363e+03
15.0 9.638994e+03 9.635461e+03 9.640943e+03 9.644476e+03
16.0 9.649437e+03 9.663163e+03 9.637227e+03 9.623502e+03
17.0 9.595371e+03 9.625749e+03 9.627618e+03 9.597240e+03
18.0 9.571727e+03 9.604961e+03 9.620880e+03 9.587646e+03
0.5 9.636427e+03 9.618556e+03 9.618096e+03 9.635968e+03
1.5 9.597095e+03 9.622228e+03 9.627497e+03 9.602363e+03
2.5 9.638994e+03 9.635461e+03 9.640943e+03 9.644476e+03
3.5 9.649437e+03 9.663163e+03 9.637227e+03 9.623502e+03
4.5 9.595371e+03 9.625749e+03 9.627618e+03 9.597240e+03
5.5 9.571727e+03 9.604961e+03 9.620880e+03 9.587646e+03
6.5 9.608611e+03 9.622159e+03 9.617466e+03 9.603918e+03
7.5 9.599566e+03 9.617873e+03 9.616158e+03 9.597851e+03
8.5 9.632901e+03 9.615910e+03 9.619398e+03 9.636389e+03
9.5 9.600531e+03 9.628301e+03 9.635949e+03 9.608179e+03
10.5 9.625983e+03 9.641435e+03 9.639488e+03 9.624036e+03
11.5 9.604603e+03 9.638931e+03 9.631080e+03 9.596753e+03
12.5 9.637239e+03 9.645806e+03 9.623259e+03 9.614692e+03
13.5 9.641532e+03 9.637257e+03 9.618943e+03 9.623218e+03
14.5 9.647393e+03 9.636061e+03 9.617121e+03 9.628452e+03
15.5 9.644520e+03 9.620449e+03 9.618250e+03 9.642321e+03
16.5 9.587108e+03 9.622827e+03 9.634585e+03 9.598867e+03
17.5 9.618098e+03 9.636181e+03 9.642728e+03 9.624646e+03
0.1 9.599566e+03 9.617873e+03 9.616158e+03 9.597851e+03
1.1 9.632901e+03 9.615910e+03 9.619398e+03 9.636389e+03
2.1 9.600531e+03 9.628301e+03 9.635949e+03 9.608179e+03
3.1 9.625983e+03 9.641435e+03 9.639488e+03 9.624036e+03
4.1 9.604603e+03 9.638931e+03 9.631080e+03 9.596753e+03
5.1 9.637239e+03 9.645806e+03 9.623259e+03 9.614692e+03
6.1 9.641532e+03 9.637257e+03 9.618943e+03 9.623218e+03
7.1 9.647393e+03 9.636061e+03 9.617121e+03 9.628452e+03
8.1 9.644520e+03 9.620449e+03 9.618250e+03 9.642321e+03
9.1 9.587108e+03 9.622827e+03 9.634585e+03 9.598867e+03
10.1 9.618098e+03 9.636181e+03 9.642728e+03 9.624646e+03
11.1 9.632666e+03 9.615872e+03 9.635179e+03 9.651973e+03
12.1 9.634941e+03 9.622705e+03 9.626250e+03 9.638486e+03
13.1 9.683774e+03 9.609753e+03 9.620995e+03 9.695015e+03
14.1 9.664722e+03 9.625319e+03 9.618663e+03 9.658065e+03
15.1 9.623567e+03 9.629111e+03 9.618106e+03 9.612562e+03
16.1 9.610665e+03 9.620515e+03 9.618539e+03 9.608690e+03
17.1 9.608207e+03 9.620966e+03 9.619355e+03 9.606596e+03
0.9 9.644520e+03 9.620449e+03 9.618250e+03 9.642321e+03
1.9 9.587108e+03 9.622827e+03 9.634585e+03 9.598867e+03
2.9 9.618098e+03 9.636181e+03 9.642728e+03 9.624646e+03
3.9 9.632666e+03 9.615872e+03 9.635179e+03 9.651973e+03
4.9 9.634941e+03 9.622705e+03 9.626250e+03 9.638486e+03
5.9 9.683774e+03 9.609753e+03 9.620995e+03 9.695015e+03
6.9 9.664722e+03 9.625319e+03 9.618663e+03 9.658065e+03
7.9 9.623567e+03 9.629111e+03 9.618106e+03 9.612562e+03
8.9 9.610665e+03 9.620515e+03 9.618539e+03 9.608690e+03
9.9 9.608207e+03 9.620966e+03 9.619355e+03 9.606596e+03
10.9 9.625915e+03 9.612437e+03 9.620158e+03 9.633636e+03
11.9 9.590619e+03 9.610922e+03 9.620789e+03 9.600486e+03
12.9 9.610489e+03 9.599085e+03 9.621246e+03 9.632650e+03
13.9 9.604195e+03 9.596698e+03 9.621577e+03 9.629074e+03
14.9 9.588404e+03 9.573652e+03 9.621823e+03 9.636576e+03
15.9 9.590310e+03 9.586812e+03 9.622020e+03 9.625518e+03
16.9 9.616740e+03 9.609936e+03 9.622190e+03 9.628994e+03
17.9 9.644788e+03 9.626843e+03 9.622344e+03 9.640289e+03
0.8 9.655695e+03 9.641854e+03 9.621626e+03 9.635468e+03
1.8 9.635461e+03 9.650282e+03 9.634800e+03 9.619979e+03
2.8 9.611784e+03 9.630137e+03 9.644162e+03 9.625809e+03
3.8 9.604508e+03 9.598936e+03 9.637444e+03 9.643016e+03
4.8 9.589584e+03 9.608088e+03 9.628095e+03 9.609592e+03
5.8 9.605656e+03 9.617969e+03 9.622195e+03 9.609882e+03
6.8 9.583906e+03 9.625354e+03 9.619307e+03 9.577858e+03
7.8 9.556681e+03 9.613498e+03 9.618263e+03 9.561446e+03
8.8 9.570794e+03 9.595922e+03 9.618267e+03 9.593138e+03
9.8 9.605620e+03 9.585806e+03 9.618717e+03 9.638531e+03
10.8 9.576861e+03 9.607000e+03 9.619205e+03 9.589066e+03
11.8 9.606512e+03 9.626954e+03 9.619553e+03 9.599110e+03
12.8 9.667858e+03 9.640915e+03 9.619743e+03 9.646686e+03
13.8 9.615982e+03 9.633032e+03 9.619823e+03 9.602773e+03
14.8 9.592336e+03 9.642223e+03 9.619842e+03 9.569955e+03
15.8 9.618321e+03 9.645571e+03 9.619837e+03 9.592587e+03
16.8 9.645833e+03 9.646593e+03 9.624202e+03 9.623442e+03
17.8 9.627264e+03 9.640659e+03 9.641255e+03 9.627860e+03
0.2 9.618321e+03 9.645571e+03 9.619837e+03 9.592587e+03
1.2 9.645833e+03 9.646593e+03 9.624202e+03 9.623442e+03
2.2 9.627264e+03 9.640659e+03 9.641255e+03 9.627860e+03
3.2 9.650111e+03 9.629889e+03 9.643123e+03 9.663345e+03
4.2 9.585389e+03 9.627685e+03 9.633353e+03 9.591057e+03
5.2 9.614062e+03 9.632371e+03 9.624845e+03 9.606535e+03
6.2 9.615030e+03 9.621297e+03 9.620178e+03 9.613911e+03
7.2 9.598082e+03 9.613277e+03 9.618168e+03 9.602972e+03
8.2 9.611957e+03 9.609772e+03 9.617743e+03 9.619927e+03
9.2 9.600308e+03 9.619368e+03 9.618154e+03 9.599094e+03
10.2 9.639143e+03 9.621660e+03 9.618836e+03 9.636319e+03
11.2 9.624338e+03 9.629442e+03 9.619455e+03 9.614351e+03
12.2 9.638279e+03 9.631069e+03 9.619906e+03 9.627116e+03
13.2 9.670067e+03 9.636070e+03 9.620920e+03 9.654917e+03
14.2 9.683476e+03 9.635912e+03 9.634753e+03 9.682317e+03
15.2 9.650871e+03 9.640295e+03 9.643939e+03 9.654515e+03
16.2 9.620975e+03 9.626130e+03 9.637243e+03 9.632088e+03
17.2 9.665503e+03 9.637432e+03 9.628196e+03 9.656266e+03
0.8 9.670067e+03 9.636070e+03 9.620920e+03 9.654917e+03
1.8 9.683476e+03 9.635912e+03 9.634753e+03 9.682317e+03
2.8 9.650871e+03 9.640295e+03 9.643939e+03 9.654515e+03
3.8 9.620975e+03 9.626130e+03 9.637243e+03 9.632088e+03
4.8 9.665503e+03 9.637432e+03 9.628196e+03 9.656266e+03
5.8 9.656688e+03 9.622652e+03 9.622628e+03 9.656664e+03
6.8 9.619906e+03 9.621733e+03 9.620035e+03 9.618209e+03
7.8 9.586525e+03 9.626858e+03 9.619260e+03 9.578926e+03
8.8 9.608513e+03 9.633459e+03 9.619511e+03 9.594566e+03
9.8 9.603611e+03 9.609749e+03 9.620189e+03 9.614051e+03
10.8 9.606521e+03 9.626968e+03 9.620891e+03 9.600444e+03
11.8 9.597368e+03 9.612708e+03 9.621446e+03 9.606106e+03
12.8 9.614533e+03 9.607561e+03 9.621836e+03 9.628807e+03
13.8 9.594003e+03 9.625259e+03 9.622101e+03 9.590845e+03
14.8 9.619165e+03 9.619127e+03 9.622291e+03 9.622330e+03
15.8 9.630936e+03 9.629573e+03 9.622442e+03 9.623805e+03
16.8 9.616134e+03 9.629761e+03 9.622571e+03 9.608944e+03
17.8 9.628819e+03 9.618982e+03 9.622688e+03 9.632525e+03
0.2 9.632450e+03 9.664288e+03 9.620343e+03 9.588504e+03
1.2 9.664074e+03 9.641020e+03 9.625626e+03 9.648679e+03
2.2 9.636314e+03 9.619008e+03 9.642268e+03 9.659574e+03
3.2 9.628119e+03 9.606444e+03 9.642528e+03 9.664204e+03
4.2 9.575882e+03 9.621535e+03 9.632349e+03 9.586696e+03
5.2 9.589038e+03 9.593084e+03 9.623936e+03 9.619890e+03
6.2 9.608169e+03 9.581836e+03 9.619315e+03 9.645649e+03
7.2 9.593531e+03 9.559873e+03 9.617251e+03 9.650909e+03
8.2 9.521558e+03 9.564166e+03 9.616707e+03 9.574100e+03
9.2 9.533026e+03 9.582443e+03 9.616946e+03 9.567529e+03
10.2 9.551033e+03 9.596111e+03 9.617414e+03 9.572336e+03
11.2 9.578862e+03 9.625540e+03 9.617806e+03 9.571129e+03
12.2 9.642372e+03 9.645223e+03 9.618032e+03 9.615181e+03
13.2 9.686235e+03 9.664441e+03 9.618117e+03 9.639910e+03
14.2 9.672999e+03 9.641849e+03 9.618120e+03 9.649270e+03
15.2 9.628335e+03 9.678941e+03 9.623949e+03 9.573343e+03
16.2 9.715705e+03 9.669466e+03 9.640607e+03 9.686845e+03
17.2 9.649326e+03 9.639364e+03 9.640553e+03 9.650515e+03
0.3 9.672999e+03 9.641849e+03 9.618120e+03 9.649270e+03
1.3 9.628335e+03 9.678941e+03 9.623949e+03 9.573343e+03
2.3 9.715705e+03 9.669466e+03 9.640607e+03 9.686845e+03
3.3 9.649326e+03 9.639364e+03 9.640553e+03 9.650515e+03
4.3 9.581161e+03 9.612694e+03 9.630474e+03 9.598942e+03
5.3 9.619316e+03 9.615724e+03 9.628998e+03 9.632590e+03
6.3 9.664878e+03 9.642869e+03 9.640995e+03 9.663004e+03
7.3 9.679909e+03 9.655662e+03 9.638244e+03 9.662491e+03
8.3 9.639844e+03 9.669500e+03 9.627759e+03 9.598104e+03
9.3 9.649664e+03 9.653521e+03 9.620252e+03 9.616396e+03
10.3 9.653635e+03 9.628636e+03 9.616697e+03 9.641695e+03
11.3 9.617629e+03 9.620880e+03 9.615514e+03 9.612263e+03
12.3 9.613717e+03 9.626289e+03 9.615608e+03 9.603035e+03
13.3 9.607361e+03 9.608622e+03 9.616284e+03 9.615023e+03
14.3 9.586718e+03 9.607421e+03 9.617064e+03 9.596361e+03
15.3 9.632034e+03 9.620617e+03 9.617698e+03 9.629116e+03
16.3 9.654824e+03 9.615840e+03 9.618133e+03 9.657118e+03
17.3 9.654249e+03 9.618871e+03 9.618411e+03 9.653789e+03
0.3 9.581161e+03 9.612694e+03 9.630474e+03 9.598942e+03
1.3 9.619316e+03 9.615724e+03 9.628998e+03 9.632590e+03
2.3 9.664878e+03 9.642869e+03 9.640995e+03 9.663004e+03
3.3 9.679909e+03 9.655662e+03 9.638244e+03 9.662491e+03
4.3 9.639844e+03 9.669500e+03 9.627759e+03 9.598104e+03
5.3 9.649664e+03 9.653521e+03 9.620252e+03 9.616396e+03
6.3 9.653635e+03 9.628636e+03 9.616697e+03 9.641695e+03
7.3 9.617629e+03 9.620880e+03 9.615514e+03 9.612263e+03
8.3 9.613717e+03 9.626289e+03 9.615608e+03 9.603035e+03
9.3 9.607361e+03 9.608622e+03 9.616284e+03 9.615023e+03
10.3 9.586718e+03 9.607421e+03 9.617064e+03 9.596361e+03
11.3 9.632034e+03 9.620617e+03 9.617698e+03 9.629116e+03
12.3 9.654824e+03 9.615840e+03 9.618133e+03 9.657118e+03
13.3 9.654249e+03 9.618871e+03 9.618411e+03 9.653789e+03
14.3 9.623994e+03 9.617350e+03 9.622971e+03 9.629616e+03
15.3 9.611436e+03 9.625968e+03 9.640169e+03 9.625637e+03
16.3 9.630701e+03 9.632616e+03 9.642153e+03 9.640238e+03
17.3 9.598867e+03 9.604363e+03 9.632485e+03 9.626990e+03
0.2 9.654249e+03 9.618871e+03 9.618411e+03 9.653789e+03
1.2 9.623994e+03 9.617350e+03 9.622971e+03 9.629616e+03
2.2 9.611436e+03 9.625968e+03 9.640169e+03 9.625637e+03
3.2 9.630701e+03 9.632616e+03 9.642153e+03 9.640238e+03
4.2 9.598867e+03 9.604363e+03 9.632485e+03 9.626990e+03
5.2 9.598274e+03 9.596816e+03 9.624069e+03 9.625528e+03
6.2 9.584834e+03 9.598917e+03 9.619480e+03 9.605396e+03
7.2 9.571852e+03 9.591502e+03 9.617532e+03 9.597881e+03
8.2 9.581442e+03 9.585880e+03 9.617162e+03 9.612724e+03
9.2 9.557232e+03 9.607950e+03 9.617627e+03 9.566910e+03
10.2 9.612087e+03 9.633960e+03 9.618354e+03 9.596481e+03
11.2 9.647472e+03 9.640681e+03 9.619005e+03 9.625796e+03
12.2 9.644693e+03 9.639397e+03 9.619477e+03 9.624773e+03
13.2 9.663485e+03 9.649105e+03 9.619790e+03 9.634170e+03
14.2 9.638479e+03 9.640144e+03 9.620068e+03 9.618403e+03
15.2 9.588900e+03 9.681305e+03 9.629965e+03 9.537560e+03
16.2 9.661024e+03 9.648972e+03 9.644573e+03 9.656624e+03
17.2 9.625572e+03 9.622599e+03 9.640926e+03 9.643899e+03
0.5 9.638479e+03 9.640144e+03 9.620068e+03 9.618403e+03
1.5 9.588900e+03 9.681305e+03 9.629965e+03 9.537560e+03
2.5 9.661024e+03 9.648972e+03 9.644573e+03 9.656624e+03
3.5 9.625572e+03 9.622599e+03 9.640926e+03 9.643899e+03
4.5 9.588612e+03 9.613767e+03 9.630789e+03 9.605633e+03
5.5 9.626101e+03 9.624801e+03 9.623647e+03 9.624947e+03
6.5 9.681846e+03 9.640958e+03 9.620036e+03 9.660924e+03
7.5 9.655962e+03 9.629192e+03 9.618663e+03 9.645432e+03
8.5 9.615619e+03 9.622327e+03 9.618586e+03 9.611879e+03
9.5 9.608156e+03 9.607711e+03 9.619119e+03 9.619565e+03
10.5 9.622698e+03 9.621661e+03 9.619760e+03 9.620797e+03
11.5 9.617176e+03 9.599726e+03 9.620254e+03 9.637704e+03
12.5 9.605284e+03 9.603755e+03 9.620547e+03 9.622076e+03
13.5 9.641248e+03 9.617883e+03 9.620680e+03 9.644045e+03
14.5 9.604563e+03 9.631387e+03 9.620704e+03 9.593880e+03
15.5 9.612436e+03 9.631190e+03 9.620653e+03 9.601899e+03
16.5 9.617896e+03 9.642061e+03 9.620547e+03 9.596383e+03
17.5 9.639354e+03 9.634321e+03 9.620406e+03 9.625438e+03
0.5 9.652095e+03 9.625164e+03 9.617404e+03 9.644336e+03
1.5 9.633159e+03 9.625104e+03 9.627228e+03 9.635283e+03
2.5 9.683685e+03 9.624368e+03 9.639615e+03 9.698932e+03
3.5 9.635176e+03 9.634814e+03 9.634889e+03 9.635251e+03
4.5 9.598762e+03 9.630124e+03 9.624979e+03 9.593617e+03
5.5 9.630582e+03 9.626590e+03 9.618098e+03 9.622090e+03
6.5 9.597933e+03 9.626821e+03 9.614490e+03 9.585602e+03
7.5 9.605992e+03 9.601015e+03 9.612946e+03 9.617924e+03
8.5 9.636525e+03 9.616539e+03 9.612654e+03 9.632640e+03
9.5 9.606862e+03 9.607398e+03 9.621408e+03 9.620872e+03
10.5 9.608044e+03 9.625337e+03 9.635977e+03 9.618684e+03
11.5 9.646466e+03 9.639478e+03 9.643927e+03 9.650916e+03
12.5 9.659818e+03 9.637594e+03 9.648271e+03 9.670496e+03
13.5 9.615682e+03 9.621667e+03 9.637025e+03 9.631040e+03
14.5 9.590642e+03 9.636931e+03 9.632622e+03 9.586333e+03
15.5 9.646131e+03 9.643213e+03 9.639070e+03 9.641989e+03
16.5 9.644948e+03 9.649276e+03 9.633199e+03 9.628872e+03
17.5 9.646296e+03 9.653349e+03 9.636705e+03 9.629653e+03
0.4 9.636525e+03 9.616539e+03 9.612654e+03 9.632640e+03
1.4 9.606862e+03 9.607398e+03 9.621408e+03 9.620872e+03
2.4 9.608044e+03 9.625337e+03 9.635977e+03 9.618684e+03
3.4 9.646466e+03 9.639478e+03 9.643927e+03 9.650916e+03
4.4 9.659818e+03 9.637594e+03 9.648271e+03 9.670496e+03
5.4 9.615682e+03 9.621667e+03 9.637025e+03 9.631040e+03
6.4 9.590642e+03 9.636931e+03 9.632622e+03 9.586333e+03
7.4 9.646131e+03 9.643213e+03 9.639070e+03 9.641989e+03
8.4 9.644948e+03 9.649276e+03 9.633199e+03 9.628872e+03
9.4 9.646296e+03 9.653349e+03 9.636705e+03 9.629653e+03
10.4 9.709150e+03 9.648208e+03 9.637689e+03 9.698631e+03
11.4 9.671441e+03 9.638589e+03 9.627658e+03 9.660510e+03
12.4 9.663584e+03 9.626091e+03 9.618364e+03 9.655856e+03
13.4 9.617627e+03 9.625573e+03 9.613732e+03 9.605786e+03
14.4 9.617758e+03 9.625093e+03 9.612394e+03 9.605059e+03
15.4 9.628704e+03 9.626561e+03 9.612849e+03 9.614992e+03
16.4 9.656446e+03 9.637948e+03 9.622967e+03 9.641465e+03
17.4 9.669307e+03 9.647389e+03 9.638115e+03 9.660033e+03
0.5 9.608044e+03 9.625337e+03 9.635977e+03 9.618684e+03
1.5 9.646466e+03 9.639478e+03 9.643927e+03 9.650916e+03
2.5 9.659818e+03 9.637594e+03 9.648271e+03 9.670496e+03
3.5 9.615682e+03 9.621667e+03 9.637025e+03 9.631040e+03
4.5 9.590642e+03 9.636931e+03 9.632622e+03 9.586333e+03
5.5 9.646131e+03 9.643213e+03 9.639070e+03 9.641989e+03
6.5 9.644948e+03 9.649276e+03 9.633199e+03 9.628872e+03
7.5 9.646296e+03 9.653349e+03 9.636705e+03 9.629653e+03
8.5 9.709150e+03 9.648208e+03 9.637689e+03 9.698631e+03
9.5 9.671441e+03 9.638589e+03 9.627658e+03 9.660510e+03
10.5 9.663584e+03 9.626091e+03 9.618364e+03 9.655856e+03
11.5 9.617627e+03 9.625573e+03 9.613732e+03 9.605786e+03
12.5 9.617758e+03 9.625093e+03 9.612394e+03 9.605059e+03
13.5 9.628704e+03 9.626561e+03 9.612849e+03 9.614992e+03
14.5 9.656446e+03 9.637948e+03 9.622967e+03 9.641465e+03
15.5 9.669307e+03 9.647389e+03 9.638115e+03 9.660033e+03
16.5 9.640440e+03 9.634582e+03 9.636019e+03 9.641877e+03
17.5 9.611507e+03 9.624611e+03 9.627447e+03 9.614344e+03
0.5 9.615682e+03 9.621667e+03 9.637025e+03 9.631040e+03
1.5 9.590642e+03 9.636931e+03 9.632622e+03 9.586333e+03
2.5 9.646131e+03 9.643213e+03 9.639070e+03 9.641989e+03
3.5 9.644948e+03 9.649276e+03 9.633199e+03 9.628872e+03
4.5 9.646296e+03 9.653349e+03 9.636705e+03 9.629653e+03
5.5 9.709150e+03 9.648208e+03 9.637689e+03 9.698631e+03
6.5 9.671441e+03 9.638589e+03 9.627658e+03 9.660510e+03
7.5 9.663584e+03 9.626091e+03 9.618364e+03 9.655856e+03
8.5 9.617627e+03 9.625573e+03 9.613732e+03 9.605786e+03
9.5 9.617758e+03 9.625093e+03 9.612394e+03 9.605059e+03
10.5 9.628704e+03 9.626561e+03 9.612849e+03 9.614992e+03
11.5 9.656446e+03 9.637948e+03 9.622967e+03 9.641465e+03
12.5 9.669307e+03 9.647389e+03 9.638115e+03 9.660033e+03
13.5 9.640440e+03 9.634582e+03 9.636019e+03 9.641877e+03
14.5 9.611507e+03 9.624611e+03 9.627447e+03 9.614344e+03
15.5 9.554611e+03 9.569569e+03 9.621470e+03 9.606511e+03
16.5 9.578623e+03 9.573875e+03 9.618715e+03 9.623463e+03
17.5 9.615027e+03 9.593553e+03 9.618023e+03 9.639497e+03
0.9 9.644948e+03 9.649276e+03 9.633199e+03 9.628872e+03
1.9 9.646296e+03 9.653349e+03 9.636705e+03 9.629653e+03
2.9 9.709150e+03 9.648208e+03 9.637689e+03 9.698631e+03
3.9 9.671441e+03 9.638589e+03 9.627658e+03 9.660510e+03
4.9 9.663584e+03 9.626091e+03 9.618364e+03 9.655856e+03
5.9 9.617627e+03 9.625573e+03 9.613732e+03 9.605786e+03
6.9 9.617758e+03 9.625093e+03 9.612394e+03 9.605059e+03
7.9 9.628704e+03 9.626561e+03 9.612849e+03 9.614992e+03
8.9 9.656446e+03 9.637948e+03 9.622967e+03 9.641465e+03
9.9 9.669307e+03 9.647389e+03 9.638115e+03 9.660033e+03
10.9 9.640440e+03 9.634582e+03 9.636019e+03 9.641877e+03
11.9 9.611507e+03 9.624611e+03 9.627447e+03 9.614344e+03
12.9 9.554611e+03 9.569569e+03 9.621470e+03 9.606511e+03
13.9 9.578623e+03 9.573875e+03 9.618715e+03 9.623463e+03
14.9 9.615027e+03 9.593553e+03 9.618023e+03 9.639497e+03
15.9 9.563596e+03 9.609444e+03 9.618547e+03 9.572698e+03
16.9 9.546496e+03 9.595438e+03 9.619652e+03 9.570710e+03
17.9 9.526583e+03 9.582243e+03 9.620876e+03 9.565216e+03
0.5 9.628704e+03 9.626561e+03 9.612849e+03 9.614992e+03
1.5 9.656446e+03 9.637948e+03 9.622967e+03 9.641465e+03
2.5 9.669307e+03 9.647389e+03 9.638115e+03 9.660033e+03
3.5 9.640440e+03 9.634582e+03 9.636019e+03 9.641877e+03
4.5 9.611507e+03 9.624611e+03 9.627447e+03 9.614344e+03
5.5 9.554611e+03 9.569569e+03 9.621470e+03 9.606511e+03
6.5 9.578623e+03 9.573875e+03 9.618715e+03 9.623463e+03
7.5 9.615027e+03 9.593553e+03 9.618023e+03 9.639497e+03
8.5 9.563596e+03 9.609444e+03 9.618547e+03 9.572698e+03
9.5 9.546496e+03 9.595438e+03 9.619652e+03 9.570710e+03
10.5 9.526583e+03 9.582243e+03 9.620876e+03 9.565216e+03
11.5 9.547389e+03 9.579940e+03 9.621981e+03 9.589430e+03
12.5 9.572489e+03 9.606999e+03 9.622912e+03 9.588402e+03
13.5 9.595091e+03 9.639172e+03 9.623703e+03 9.579621e+03
14.5 9.635191e+03 9.634990e+03 9.624405e+03 9.624605e+03
15.5 9.713011e+03 9.662797e+03 9.625054e+03 9.675268e+03
16.5 9.707159e+03 9.656102e+03 9.625654e+03 9.676710e+03
17.5 9.674836e+03 9.650716e+03 9.626202e+03 9.650321e+03
