0.5 9.644007e+03 9.626986e+03 9.635556e+03 9.652577e+03
1.5 9.638290e+03 9.623496e+03 9.635901e+03 9.650695e+03
2.5 9.625894e+03 9.617625e+03 9.628153e+03 9.636422e+03
3.5 9.612222e+03 9.627981e+03 9.612319e+03 9.596559e+03
4.5 9.592730e+03 9.620459e+03 9.605946e+03 9.578217e+03
5.5 9.580244e+03 9.610307e+03 9.611214e+03 9.581151e+03
6.5 9.596635e+03 9.602760e+03 9.618648e+03 9.612523e+03
7.5 9.626157e+03 9.625994e+03 9.631972e+03 9.632136e+03
8.5 9.640085e+03 9.650087e+03 9.647004e+03 9.637002e+03
9.5 9.625913e+03 9.628645e+03 9.647150e+03 9.644418e+03
10.5 9.612659e+03 9.608835e+03 9.626551e+03 9.630375e+03
11.5 9.650800e+03 9.607672e+03 9.605098e+03 9.648226e+03
12.5 9.651950e+03 9.610377e+03 9.602662e+03 9.644235e+03
13.5 9.597224e+03 9.615673e+03 9.610701e+03 9.592252e+03
14.5 9.630677e+03 9.630229e+03 9.623761e+03 9.624209e+03
15.5 9.641372e+03 9.645544e+03 9.636785e+03 9.632613e+03
16.5 9.647420e+03 9.638357e+03 9.638996e+03 9.648059e+03
17.5 9.614793e+03 9.626395e+03 9.626663e+03 9.615060e+03
0.7 9.638290e+03 9.623496e+03 9.635901e+03 9.650695e+03
1.7 9.625894e+03 9.617625e+03 9.628153e+03 9.636422e+03
2.7 9.612222e+03 9.627981e+03 9.612319e+03 9.596559e+03
3.7 9.592730e+03 9.620459e+03 9.605946e+03 9.578217e+03
4.7 9.580244e+03 9.610307e+03 9.611214e+03 9.581151e+03
5.7 9.596635e+03 9.602760e+03 9.618648e+03 9.612523e+03
6.7 9.626157e+03 9.625994e+03 9.631972e+03 9.632136e+03
7.7 9.640085e+03 9.650087e+03 9.647004e+03 9.637002e+03
8.7 9.625913e+03 9.628645e+03 9.647150e+03 9.644418e+03
9.7 9.612659e+03 9.608835e+03 9.626551e+03 9.630375e+03
10.7 9.650800e+03 9.607672e+03 9.605098e+03 9.648226e+03
11.7 9.651950e+03 9.610377e+03 9.602662e+03 9.644235e+03
12.7 9.597224e+03 9.615673e+03 9.610701e+03 9.592252e+03
13.7 9.630677e+03 9.630229e+03 9.623761e+03 9.624209e+03
14.7 9.641372e+03 9.645544e+03 9.636785e+03 9.632613e+03
15.7 9.647420e+03 9.638357e+03 9.638996e+03 9.648059e+03
16.7 9.614793e+03 9.626395e+03 9.626663e+03 9.615060e+03
17.7 9.612298e+03 9.648365e+03 9.612642e+03 9.576575e+03
0.9 9.626157e+03 9.625994e+03 9.631972e+03 9.632136e+03
1.9 9.640085e+03 9.650087e+03 9.647004e+03 9.637002e+03
2.9 9.625913e+03 9.628645e+03 9.647150e+03 9.644418e+03
3.9 9.612659e+03 9.608835e+03 9.626551e+03 9.630375e+03
4.9 9.650800e+03 9.607672e+03 9.605098e+03 9.648226e+03
5.9 9.651950e+03 9.610377e+03 9.602662e+03 9.644235e+03
6.9 9.597224e+03 9.615673e+03 9.610701e+03 9.592252e+03
7.9 9.630677e+03 9.630229e+03 9.623761e+03 9.624209e+03
8.9 9.641372e+03 9.645544e+03 9.636785e+03 9.632613e+03
9.9 9.647420e+03 9.638357e+03 9.638996e+03 9.648059e+03
10.9 9.614793e+03 9.626395e+03 9.626663e+03 9.615060e+03
11.9 9.612298e+03 9.648365e+03 9.612642e+03 9.576575e+03
12.9 9.640207e+03 9.644394e+03 9.610848e+03 9.606660e+03
13.9 9.658665e+03 9.654128e+03 9.619309e+03 9.623845e+03
14.9 9.640374e+03 9.638224e+03 9.632506e+03 9.634656e+03
15.9 9.648081e+03 9.635858e+03 9.639077e+03 9.651300e+03
16.9 9.635335e+03 9.627674e+03 9.636614e+03 9.644276e+03
17.9 9.620844e+03 9.622740e+03 9.631972e+03 9.630076e+03
0.9 9.640085e+03 9.650087e+03 9.647004e+03 9.637002e+03
1.9 9.625913e+03 9.628645e+03 9.647150e+03 9.644418e+03
2.9 9.612659e+03 9.608835e+03 9.626551e+03 9.630375e+03
3.9 9.650800e+03 9.607672e+03 9.605098e+03 9.648226e+03
4.9 9.651950e+03 9.610377e+03 9.602662e+03 9.644235e+03
5.9 9.597224e+03 9.615673e+03 9.610701e+03 9.592252e+03
6.9 9.630677e+03 9.630229e+03 9.623761e+03 9.624209e+03
7.9 9.641372e+03 9.645544e+03 9.636785e+03 9.632613e+03
8.9 9.647420e+03 9.638357e+03 9.638996e+03 9.648059e+03
9.9 9.614793e+03 9.626395e+03 9.626663e+03 9.615060e+03
10.9 9.612298e+03 9.648365e+03 9.612642e+03 9.576575e+03
11.9 9.640207e+03 9.644394e+03 9.610848e+03 9.606660e+03
12.9 9.658665e+03 9.654128e+03 9.619309e+03 9.623845e+03
13.9 9.640374e+03 9.638224e+03 9.632506e+03 9.634656e+03
14.9 9.648081e+03 9.635858e+03 9.639077e+03 9.651300e+03
15.9 9.635335e+03 9.627674e+03 9.636614e+03 9.644276e+03
16.9 9.620844e+03 9.622740e+03 9.631972e+03 9.630076e+03
17.9 9.622435e+03 9.624289e+03 9.624285e+03 9.622431e+03
0.0 9.640085e+03 9.650087e+03 9.647004e+03 9.637002e+03
1.0 9.625913e+03 9.628645e+03 9.647150e+03 9.644418e+03
2.0 9.612659e+03 9.608835e+03 9.626551e+03 9.630375e+03
3.0 9.650800e+03 9.607672e+03 9.605098e+03 9.648226e+03
4.0 9.651950e+03 9.610377e+03 9.602662e+03 9.644235e+03
5.0 9.597224e+03 9.615673e+03 9.610701e+03 9.592252e+03
6.0 9.630677e+03 9.630229e+03 9.623761e+03 9.624209e+03
7.0 9.641372e+03 9.645544e+03 9.636785e+03 9.632613e+03
8.0 9.647420e+03 9.638357e+03 9.638996e+03 9.648059e+03
9.0 9.614793e+03 9.626395e+03 9.626663e+03 9.615060e+03
10.0 9.612298e+03 9.648365e+03 9.612642e+03 9.576575e+03
11.0 9.640207e+03 9.644394e+03 9.610848e+03 9.606660e+03
12.0 9.658665e+03 9.654128e+03 9.619309e+03 9.623845e+03
13.0 9.640374e+03 9.638224e+03 9.632506e+03 9.634656e+03
14.0 9.648081e+03 9.635858e+03 9.639077e+03 9.651300e+03
15.0 9.635335e+03 9.627674e+03 9.636614e+03 9.644276e+03
16.0 9.620844e+03 9.622740e+03 9.631972e+03 9.630076e+03
17.0 9.622435e+03 9.624289e+03 9.624285e+03 9.622431e+03
0.6 9.630677e+03 9.630229e+03 9.623761e+03 9.624209e+03
1.6 9.641372e+03 9.645544e+03 9.636785e+03 9.632613e+03
2.6 9.647420e+03 9.638357e+03 9.638996e+03 9.648059e+03
3.6 9.614793e+03 9.626395e+03 9.626663e+03 9.615060e+03
4.6 9.612298e+03 9.648365e+03 9.612642e+03 9.576575e+03
5.6 9.640207e+03 9.644394e+03 9.610848e+03 9.606660e+03
6.6 9.658665e+03 9.654128e+03 9.619309e+03 9.623845e+03
7.6 9.640374e+03 9.638224e+03 9.632506e+03 9.634656e+03
8.6 9.648081e+03 9.635858e+03 9.639077e+03 9.651300e+03
9.6 9.635335e+03 9.627674e+03 9.636614e+03 9.644276e+03
10.6 9.620844e+03 9.622740e+03 9.631972e+03 9.630076e+03
11.6 9.622435e+03 9.624289e+03 9.624285e+03 9.622431e+03
12.6 9.637860e+03 9.638530e+03 9.611391e+03 9.610721e+03
13.6 9.638073e+03 9.635893e+03 9.604656e+03 9.606836e+03
14.6 9.620135e+03 9.634350e+03 9.616732e+03 9.602517e+03
15.6 9.636427e+03 9.618556e+03 9.629628e+03 9.647499e+03
16.6 9.597095e+03 9.622228e+03 9.624115e+03 9.598982e+03
17.6 9.638994e+03 9.635461e+03 9.616925e+03 9.620459e+03
0.2 9.641372e+03 9.645544e+03 9.636785e+03 9.632613e+03
1.2 9.647420e+03 9.638357e+03 9.638996e+03 9.648059e+03
2.2 9.614793e+03 9.626395e+03 9.626663e+03 9.615060e+03
3.2 9.612298e+03 9.648365e+03 9.612642e+03 9.576575e+03
4.2 9.640207e+03 9.644394e+03 9.610848e+03 9.606660e+03
5.2 9.658665e+03 9.654128e+03 9.619309e+03 9.623845e+03
6.2 9.640374e+03 9.638224e+03 9.632506e+03 9.634656e+03
7.2 9.648081e+03 9.635858e+03 9.639077e+03 9.651300e+03
8.2 9.635335e+03 9.627674e+03 9.636614e+03 9.644276e+03
9.2 9.620844e+03 9.622740e+03 9.631972e+03 9.630076e+03
10.2 9.622435e+03 9.624289e+03 9.624285e+03 9.622431e+03
11.2 9.637860e+03 9.638530e+03 9.611391e+03 9.610721e+03
12.2 9.638073e+03 9.635893e+03 9.604656e+03 9.606836e+03
13.2 9.620135e+03 9.634350e+03 9.616732e+03 9.602517e+03
14.2 9.636427e+03 9.618556e+03 9.629628e+03 9.647499e+03
15.2 9.597095e+03 9.622228e+03 9.624115e+03 9.598982e+03
16.2 9.638994e+03 9.635461e+03 9.616925e+03 9.620459e+03
17.2 9.649437e+03 9.663163e+03 9.626191e+03 9.612466e+03
0.4 9.658665e+03 9.654128e+03 9.619309e+03 9.623845e+03
1.4 9.640374e+03 9.638224e+03 9.632506e+03 9.634656e+03
2.4 9.648081e+03 9.635858e+03 9.639077e+03 9.651300e+03
3.4 9.635335e+03 9.627674e+03 9.636614e+03 9.644276e+03
4.4 9.620844e+03 9.622740e+03 9.631972e+03 9.630076e+03
5.4 9.622435e+03 9.624289e+03 9.624285e+03 9.622431e+03
6.4 9.637860e+03 9.638530e+03 9.611391e+03 9.610721e+03
7.3 9.638073e+03 9.635893e+03 9.604656e+03 9.606836e+03
8.3 9.620135e+03 9.634350e+03 9.616732e+03 9.602517e+03
9.3 9.636427e+03 9.618556e+03 9.629628e+03 9.647499e+03
10.3 9.597095e+03 9.622228e+03 9.624115e+03 9.598982e+03
11.3 9.638994e+03 9.635461e+03 9.616925e+03 9.620459e+03
12.3 9.649437e+03 9.663163e+03 9.626191e+03 9.612466e+03
13.3 9.595371e+03 9.625749e+03 9.634378e+03 9.604000e+03
14.3 9.571727e+03 9.604961e+03 9.636050e+03 9.602817e+03
15.3 9.608611e+03 9.622159e+03 9.637016e+03 9.623467e+03
16.3 9.599566e+03 9.617873e+03 9.630538e+03 9.612231e+03
17.3 9.632901e+03 9.615910e+03 9.616898e+03 9.633889e+03
0.9 9.648081e+03 9.635858e+03 9.639077e+03 9.651300e+03
1.9 9.635335e+03 9.627674e+03 9.636614e+03 9.644276e+03
2.9 9.620844e+03 9.622740e+03 9.631972e+03 9.630076e+03
3.9 9.622435e+03 9.624289e+03 9.624285e+03 9.622431e+03
4.9 9.637860e+03 9.638530e+03 9.611391e+03 9.610721e+03
5.9 9.638073e+03 9.635893e+03 9.604656e+03 9.606836e+03
6.9 9.620135e+03 9.634350e+03 9.616732e+03 9.602517e+03
7.9 9.636427e+03 9.618556e+03 9.629628e+03 9.647499e+03
8.9 9.597095e+03 9.622228e+03 9.624115e+03 9.598982e+03
9.9 9.638994e+03 9.635461e+03 9.616925e+03 9.620459e+03
10.9 9.649437e+03 9.663163e+03 9.626191e+03 9.612466e+03
11.9 9.595371e+03 9.625749e+03 9.634378e+03 9.604000e+03
12.9 9.571727e+03 9.604961e+03 9.636050e+03 9.602817e+03
13.9 9.608611e+03 9.622159e+03 9.637016e+03 9.623467e+03
14.9 9.599566e+03 9.617873e+03 9.630538e+03 9.612231e+03
15.9 9.632901e+03 9.615910e+03 9.616898e+03 9.633889e+03
16.9 9.600531e+03 9.628301e+03 9.605323e+03 9.577553e+03
17.9 9.625983e+03 9.641435e+03 9.611939e+03 9.596486e+03
0.7 9.635335e+03 9.627674e+03 9.636614e+03 9.644276e+03
1.7 9.620844e+03 9.622740e+03 9.631972e+03 9.630076e+03
2.7 9.622435e+03 9.624289e+03 9.624285e+03 9.622431e+03
3.7 9.637860e+03 9.638530e+03 9.611391e+03 9.610721e+03
4.7 9.638073e+03 9.635893e+03 9.604656e+03 9.606836e+03
5.7 9.620135e+03 9.634350e+03 9.616732e+03 9.602517e+03
6.7 9.636427e+03 9.618556e+03 9.629628e+03 9.647499e+03
7.7 9.597095e+03 9.622228e+03 9.624115e+03 9.598982e+03
8.7 9.638994e+03 9.635461e+03 9.616925e+03 9.620459e+03
9.7 9.649437e+03 9.663163e+03 9.626191e+03 9.612466e+03
10.7 9.595371e+03 9.625749e+03 9.634378e+03 9.604000e+03
11.7 9.571727e+03 9.604961e+03 9.636050e+03 9.602817e+03
12.7 9.608611e+03 9.622159e+03 9.637016e+03 9.623467e+03
13.7 9.599566e+03 9.617873e+03 9.630538e+03 9.612231e+03
14.7 9.632901e+03 9.615910e+03 9.616898e+03 9.633889e+03
15.7 9.600531e+03 9.628301e+03 9.605323e+03 9.577553e+03
16.7 9.625983e+03 9.641435e+03 9.611939e+03 9.596486e+03
17.7 9.604603e+03 9.638931e+03 9.626487e+03 9.592160e+03
0.5 9.620844e+03 9.622740e+03 9.631972e+03 9.630076e+03
1.5 9.622435e+03 9.624289e+03 9.624285e+03 9.622431e+03
2.5 9.637860e+03 9.638530e+03 9.611391e+03 9.610721e+03
3.5 9.638073e+03 9.635893e+03 9.604656e+03 9.606836e+03
4.5 9.620135e+03 9.634350e+03 9.616732e+03 9.602517e+03
5.5 9.636427e+03 9.618556e+03 9.629628e+03 9.647499e+03
6.5 9.597095e+03 9.622228e+03 9.624115e+03 9.598982e+03
7.5 9.638994e+03 9.635461e+03 9.616925e+03 9.620459e+03
8.5 9.649437e+03 9.663163e+03 9.626191e+03 9.612466e+03
9.5 9.595371e+03 9.625749e+03 9.634378e+03 9.604000e+03
10.5 9.571727e+03 9.604961e+03 9.636050e+03 9.602817e+03
11.5 9.608611e+03 9.622159e+03 9.637016e+03 9.623467e+03
12.5 9.599566e+03 9.617873e+03 9.630538e+03 9.612231e+03
13.5 9.632901e+03 9.615910e+03 9.616898e+03 9.633889e+03
14.5 9.600531e+03 9.628301e+03 9.605323e+03 9.577553e+03
15.5 9.625983e+03 9.641435e+03 9.611939e+03 9.596486e+03
16.5 9.604603e+03 9.638931e+03 9.626487e+03 9.592160e+03
17.5 9.637239e+03 9.645806e+03 9.632289e+03 9.623722e+03
0.7 9.620135e+03 9.634350e+03 9.616732e+03 9.602517e+03
1.7 9.636427e+03 9.618556e+03 9.629628e+03 9.647499e+03
2.7 9.597095e+03 9.622228e+03 9.624115e+03 9.598982e+03
3.7 9.638994e+03 9.635461e+03 9.616925e+03 9.620459e+03
4.7 9.649437e+03 9.663163e+03 9.626191e+03 9.612466e+03
5.7 9.595371e+03 9.625749e+03 9.634378e+03 9.604000e+03
6.7 9.571727e+03 9.604961e+03 9.636050e+03 9.602817e+03
7.7 9.608611e+03 9.622159e+03 9.637016e+03 9.623467e+03
8.7 9.599566e+03 9.617873e+03 9.630538e+03 9.612231e+03
9.7 9.632901e+03 9.615910e+03 9.616898e+03 9.633889e+03
10.7 9.600531e+03 9.628301e+03 9.605323e+03 9.577553e+03
11.7 9.625983e+03 9.641435e+03 9.611939e+03 9.596486e+03
12.7 9.604603e+03 9.638931e+03 9.626487e+03 9.592160e+03
13.7 9.637239e+03 9.645806e+03 9.632289e+03 9.623722e+03
14.7 9.641532e+03 9.637257e+03 9.630842e+03 9.635117e+03
15.7 9.647393e+03 9.636061e+03 9.628735e+03 9.640067e+03
16.7 9.644520e+03 9.620449e+03 9.620927e+03 9.644997e+03
17.7 9.587108e+03 9.622827e+03 9.610580e+03 9.574861e+03
1.0 9.649437e+03 9.663163e+03 9.626191e+03 9.612466e+03
2.0 9.595371e+03 9.625749e+03 9.634378e+03 9.604000e+03
3.0 9.571727e+03 9.604961e+03 9.636050e+03 9.602817e+03
4.0 9.608611e+03 9.622159e+03 9.637016e+03 9.623467e+03
5.0 9.599566e+03 9.617873e+03 9.630538e+03 9.612231e+03
6.0 9.632901e+03 9.615910e+03 9.616898e+03 9.633889e+03
7.0 9.600531e+03 9.628301e+03 9.605323e+03 9.577553e+03
8.0 9.625983e+03 9.641435e+03 9.611939e+03 9.596486e+03
9.0 9.604603e+03 9.638931e+03 9.626487e+03 9.592160e+03
10.0 9.637239e+03 9.645806e+03 9.632289e+03 9.623722e+03
11.0 9.641532e+03 9.637257e+03 9.630842e+03 9.635117e+03
12.0 9.647393e+03 9.636061e+03 9.628735e+03 9.640067e+03
13.0 9.644520e+03 9.620449e+03 9.620927e+03 9.644997e+03
14.0 9.587108e+03 9.622827e+03 9.610580e+03 9.574861e+03
15.0 9.618098e+03 9.636181e+03 9.610845e+03 9.592763e+03
16.0 9.632666e+03 9.615872e+03 9.616640e+03 9.633434e+03
17.0 9.634941e+03 9.622705e+03 9.621329e+03 9.633565e+03
18.0 9.683774e+03 9.609753e+03 9.623889e+03 9.697909e+03
0.3 9.595371e+03 9.625749e+03 9.634378e+03 9.604000e+03
1.3 9.571727e+03 9.604961e+03 9.636050e+03 9.602817e+03
2.3 9.608611e+03 9.622159e+03 9.637016e+03 9.623467e+03
3.3 9.599566e+03 9.617873e+03 9.630538e+03 9.612231e+03
4.3 9.632901e+03 9.615910e+03 9.616898e+03 9.633889e+03
5.3 9.600531e+03 9.628301e+03 9.605323e+03 9.577553e+03
6.3 9.625983e+03 9.641435e+03 9.611939e+03 9.596486e+03
7.3 9.604603e+03 9.638931e+03 9.626487e+03 9.592160e+03
8.3 9.637239e+03 9.645806e+03 9.632289e+03 9.623722e+03
9.3 9.641532e+03 9.637257e+03 9.630842e+03 9.635117e+03
10.3 9.647393e+03 9.636061e+03 9.628735e+03 9.640067e+03
11.3 9.644520e+03 9.620449e+03 9.620927e+03 9.644997e+03
12.3 9.587108e+03 9.622827e+03 9.610580e+03 9.574861e+03
13.3 9.618098e+03 9.636181e+03 9.610845e+03 9.592763e+03
14.3 9.632666e+03 9.615872e+03 9.616640e+03 9.633434e+03
15.3 9.634941e+03 9.622705e+03 9.621329e+03 9.633565e+03
16.3 9.683774e+03 9.609753e+03 9.623889e+03 9.697909e+03
17.3 9.664722e+03 9.625319e+03 9.624966e+03 9.664368e+03
0.3 9.571727e+03 9.604961e+03 9.636050e+03 9.602817e+03
1.3 9.608611e+03 9.622159e+03 9.637016e+03 9.623467e+03
2.3 9.599566e+03 9.617873e+03 9.630538e+03 9.612231e+03
3.3 9.632901e+03 9.615910e+03 9.616898e+03 9.633889e+03
4.3 9.600531e+03 9.628301e+03 9.605323e+03 9.577553e+03
5.3 9.625983e+03 9.641435e+03 9.611939e+03 9.596486e+03
6.3 9.604603e+03 9.638931e+03 9.626487e+03 9.592160e+03
7.3 9.637239e+03 9.645806e+03 9.632289e+03 9.623722e+03
8.3 9.641532e+03 9.637257e+03 9.630842e+03 9.635117e+03
9.3 9.647393e+03 9.636061e+03 9.628735e+03 9.640067e+03
10.3 9.644520e+03 9.620449e+03 9.620927e+03 9.644997e+03
11.3 9.587108e+03 9.622827e+03 9.610580e+03 9.574861e+03
12.3 9.618098e+03 9.636181e+03 9.610845e+03 9.592763e+03
13.3 9.632666e+03 9.615872e+03 9.616640e+03 9.633434e+03
14.3 9.634941e+03 9.622705e+03 9.621329e+03 9.633565e+03
15.3 9.683774e+03 9.609753e+03 9.623889e+03 9.697909e+03
16.3 9.664722e+03 9.625319e+03 9.624966e+03 9.664368e+03
17.3 9.623567e+03 9.629111e+03 9.625141e+03 9.619597e+03
0.0 9.608611e+03 9.622159e+03 9.637016e+03 9.623467e+03
1.0 9.599566e+03 9.617873e+03 9.630538e+03 9.612231e+03
2.0 9.632901e+03 9.615910e+03 9.616898e+03 9.633889e+03
3.0 9.600531e+03 9.628301e+03 9.605323e+03 9.577553e+03
4.0 9.625983e+03 9.641435e+03 9.611939e+03 9.596486e+03
5.0 9.604603e+03 9.638931e+03 9.626487e+03 9.592160e+03
6.0 9.637239e+03 9.645806e+03 9.632289e+03 9.623722e+03
7.0 9.641532e+03 9.637257e+03 9.630842e+03 9.635117e+03
8.0 9.647393e+03 9.636061e+03 9.628735e+03 9.640067e+03
9.0 9.644520e+03 9.620449e+03 9.620927e+03 9.644997e+03
10.0 9.587108e+03 9.622827e+03 9.610580e+03 9.574861e+03
11.0 9.618098e+03 9.636181e+03 9.610845e+03 9.592763e+03
12.0 9.632666e+03 9.615872e+03 9.616640e+03 9.633434e+03
13.0 9.634941e+03 9.622705e+03 9.621329e+03 9.633565e+03
14.0 9.683774e+03 9.609753e+03 9.623889e+03 9.697909e+03
15.0 9.664722e+03 9.625319e+03 9.624966e+03 9.664368e+03
16.0 9.623567e+03 9.629111e+03 9.625141e+03 9.619597e+03
17.0 9.610665e+03 9.620515e+03 9.624859e+03 9.615010e+03
0.6 9.625983e+03 9.641435e+03 9.611939e+03 9.596486e+03
1.6 9.604603e+03 9.638931e+03 9.626487e+03 9.592160e+03
2.6 9.637239e+03 9.645806e+03 9.632289e+03 9.623722e+03
3.6 9.641532e+03 9.637257e+03 9.630842e+03 9.635117e+03
4.6 9.647393e+03 9.636061e+03 9.628735e+03 9.640067e+03
5.6 9.644520e+03 9.620449e+03 9.620927e+03 9.644997e+03
6.6 9.587108e+03 9.622827e+03 9.610580e+03 9.574861e+03
7.6 9.618098e+03 9.636181e+03 9.610845e+03 9.592763e+03
8.6 9.632666e+03 9.615872e+03 9.616640e+03 9.633434e+03
9.6 9.634941e+03 9.622705e+03 9.621329e+03 9.633565e+03
10.6 9.683774e+03 9.609753e+03 9.623889e+03 9.697909e+03
11.6 9.664722e+03 9.625319e+03 9.624966e+03 9.664368e+03
12.6 9.623567e+03 9.629111e+03 9.625141e+03 9.619597e+03
13.6 9.610665e+03 9.620515e+03 9.624859e+03 9.615010e+03
14.6 9.608207e+03 9.620966e+03 9.624458e+03 9.611699e+03
15.6 9.625915e+03 9.612437e+03 9.624113e+03 9.637591e+03
16.6 9.590619e+03 9.610922e+03 9.623867e+03 9.603563e+03
17.6 9.610489e+03 9.599085e+03 9.623702e+03 9.635106e+03
0.9 9.637239e+03 9.645806e+03 9.632289e+03 9.623722e+03
1.9 9.641532e+03 9.637257e+03 9.630842e+03 9.635117e+03
2.9 9.647393e+03 9.636061e+03 9.628735e+03 9.640067e+03
3.9 9.644520e+03 9.620449e+03 9.620927e+03 9.644997e+03
4.9 9.587108e+03 9.622827e+03 9.610580e+03 9.574861e+03
5.9 9.618098e+03 9.636181e+03 9.610845e+03 9.592763e+03
6.9 9.632666e+03 9.615872e+03 9.616640e+03 9.633434e+03
7.9 9.634941e+03 9.622705e+03 9.621329e+03 9.633565e+03
8.9 9.683774e+03 9.609753e+03 9.623889e+03 9.697909e+03
9.9 9.664722e+03 9.625319e+03 9.624966e+03 9.664368e+03
10.9 9.623567e+03 9.629111e+03 9.625141e+03 9.619597e+03
11.9 9.610665e+03 9.620515e+03 9.624859e+03 9.615010e+03
12.9 9.608207e+03 9.620966e+03 9.624458e+03 9.611699e+03
13.9 9.625915e+03 9.612437e+03 9.624113e+03 9.637591e+03
14.9 9.590619e+03 9.610922e+03 9.623867e+03 9.603563e+03
15.9 9.610489e+03 9.599085e+03 9.623702e+03 9.635106e+03
16.9 9.604195e+03 9.596698e+03 9.623596e+03 9.631094e+03
17.9 9.588404e+03 9.573652e+03 9.623533e+03 9.638286e+03
0.3 9.641532e+03 9.637257e+03 9.630842e+03 9.635117e+03
1.3 9.647393e+03 9.636061e+03 9.628735e+03 9.640067e+03
2.3 9.644520e+03 9.620449e+03 9.620927e+03 9.644997e+03
3.3 9.587108e+03 9.622827e+03 9.610580e+03 9.574861e+03
4.3 9.618098e+03 9.636181e+03 9.610845e+03 9.592763e+03
5.3 9.632666e+03 9.615872e+03 9.616640e+03 9.633434e+03
6.3 9.634941e+03 9.622705e+03 9.621329e+03 9.633565e+03
7.3 9.683774e+03 9.609753e+03 9.623889e+03 9.697909e+03
8.3 9.664722e+03 9.625319e+03 9.624966e+03 9.664368e+03
9.3 9.623567e+03 9.629111e+03 9.625141e+03 9.619597e+03
10.3 9.610665e+03 9.620515e+03 9.624859e+03 9.615010e+03
11.3 9.608207e+03 9.620966e+03 9.624458e+03 9.611699e+03
12.3 9.625915e+03 9.612437e+03 9.624113e+03 9.637591e+03
13.3 9.590619e+03 9.610922e+03 9.623867e+03 9.603563e+03
14.3 9.610489e+03 9.599085e+03 9.623702e+03 9.635106e+03
15.3 9.604195e+03 9.596698e+03 9.623596e+03 9.631094e+03
16.3 9.588404e+03 9.573652e+03 9.623533e+03 9.638286e+03
17.3 9.590310e+03 9.586812e+03 9.623498e+03 9.626997e+03
0.2 9.616740e+03 9.609936e+03 9.626054e+03 9.632858e+03
1.2 9.644788e+03 9.626843e+03 9.634339e+03 9.652284e+03
2.2 9.604039e+03 9.611814e+03 9.636524e+03 9.628749e+03
3.2 9.578509e+03 9.600287e+03 9.630841e+03 9.609063e+03
4.2 9.662218e+03 9.610169e+03 9.626927e+03 9.678976e+03
5.2 9.641541e+03 9.592581e+03 9.624514e+03 9.673474e+03
6.2 9.589561e+03 9.607192e+03 9.625549e+03 9.607918e+03
7.2 9.606186e+03 9.619632e+03 9.629082e+03 9.615636e+03
8.2 9.691411e+03 9.645345e+03 9.621144e+03 9.667210e+03
9.2 9.659978e+03 9.659175e+03 9.607080e+03 9.607883e+03
10.2 9.625393e+03 9.653923e+03 9.611599e+03 9.583069e+03
11.2 9.609498e+03 9.637040e+03 9.627833e+03 9.600290e+03
12.2 9.628669e+03 9.619979e+03 9.634562e+03 9.643252e+03
13.2 9.634937e+03 9.621832e+03 9.630505e+03 9.643610e+03
14.2 9.624087e+03 9.629750e+03 9.625368e+03 9.619705e+03
15.2 9.655989e+03 9.619292e+03 9.623635e+03 9.660332e+03
16.2 9.621815e+03 9.641134e+03 9.620210e+03 9.600891e+03
17.2 9.645003e+03 9.627903e+03 9.612232e+03 9.629333e+03
0.4 9.604039e+03 9.611814e+03 9.636524e+03 9.628749e+03
1.4 9.578509e+03 9.600287e+03 9.630841e+03 9.609063e+03
2.4 9.662218e+03 9.610169e+03 9.626927e+03 9.678976e+03
3.4 9.641541e+03 9.592581e+03 9.624514e+03 9.673474e+03
4.4 9.589561e+03 9.607192e+03 9.625549e+03 9.607918e+03
5.4 9.606186e+03 9.619632e+03 9.629082e+03 9.615636e+03
6.4 9.691411e+03 9.645345e+03 9.621144e+03 9.667210e+03
7.4 9.659978e+03 9.659175e+03 9.607080e+03 9.607883e+03
8.4 9.625393e+03 9.653923e+03 9.611599e+03 9.583069e+03
9.4 9.609498e+03 9.637040e+03 9.627833e+03 9.600290e+03
10.4 9.628669e+03 9.619979e+03 9.634562e+03 9.643252e+03
11.4 9.634937e+03 9.621832e+03 9.630505e+03 9.643610e+03
12.4 9.624087e+03 9.629750e+03 9.625368e+03 9.619705e+03
13.4 9.655989e+03 9.619292e+03 9.623635e+03 9.660332e+03
14.4 9.621815e+03 9.641134e+03 9.620210e+03 9.600891e+03
15.4 9.645003e+03 9.627903e+03 9.612232e+03 9.629333e+03
16.4 9.632648e+03 9.630649e+03 9.609597e+03 9.611597e+03
17.4 9.609694e+03 9.616768e+03 9.614771e+03 9.607697e+03
0.7 9.662218e+03 9.610169e+03 9.626927e+03 9.678976e+03
1.7 9.641541e+03 9.592581e+03 9.624514e+03 9.673474e+03
2.7 9.589561e+03 9.607192e+03 9.625549e+03 9.607918e+03
3.7 9.606186e+03 9.619632e+03 9.629082e+03 9.615636e+03
4.7 9.691411e+03 9.645345e+03 9.621144e+03 9.667210e+03
5.7 9.659978e+03 9.659175e+03 9.607080e+03 9.607883e+03
6.7 9.625393e+03 9.653923e+03 9.611599e+03 9.583069e+03
7.7 9.609498e+03 9.637040e+03 9.627833e+03 9.600290e+03
8.7 9.628669e+03 9.619979e+03 9.634562e+03 9.643252e+03
9.7 9.634937e+03 9.621832e+03 9.630505e+03 9.643610e+03
10.7 9.624087e+03 9.629750e+03 9.625368e+03 9.619705e+03
11.7 9.655989e+03 9.619292e+03 9.623635e+03 9.660332e+03
12.7 9.621815e+03 9.641134e+03 9.620210e+03 9.600891e+03
13.6 9.645003e+03 9.627903e+03 9.612232e+03 9.629333e+03
14.6 9.632648e+03 9.630649e+03 9.609597e+03 9.611597e+03
15.6 9.609694e+03 9.616768e+03 9.614771e+03 9.607697e+03
16.6 9.588613e+03 9.595374e+03 9.620230e+03 9.613470e+03
17.6 9.624160e+03 9.614040e+03 9.623438e+03 9.633558e+03
1.0 9.589561e+03 9.607192e+03 9.625549e+03 9.607918e+03
2.0 9.606186e+03 9.619632e+03 9.629082e+03 9.615636e+03
3.0 9.691411e+03 9.645345e+03 9.621144e+03 9.667210e+03
4.0 9.659978e+03 9.659175e+03 9.607080e+03 9.607883e+03
5.0 9.625393e+03 9.653923e+03 9.611599e+03 9.583069e+03
6.0 9.609498e+03 9.637040e+03 9.627833e+03 9.600290e+03
7.0 9.628669e+03 9.619979e+03 9.634562e+03 9.643252e+03
8.0 9.634937e+03 9.621832e+03 9.630505e+03 9.643610e+03
9.0 9.624087e+03 9.629750e+03 9.625368e+03 9.619705e+03
10.0 9.655989e+03 9.619292e+03 9.623635e+03 9.660332e+03
11.0 9.621815e+03 9.641134e+03 9.620210e+03 9.600891e+03
12.0 9.645003e+03 9.627903e+03 9.612232e+03 9.629333e+03
13.0 9.632648e+03 9.630649e+03 9.609597e+03 9.611597e+03
14.0 9.609694e+03 9.616768e+03 9.614771e+03 9.607697e+03
15.0 9.588613e+03 9.595374e+03 9.620230e+03 9.613470e+03
16.0 9.624160e+03 9.614040e+03 9.623438e+03 9.633558e+03
17.0 9.608109e+03 9.606375e+03 9.624889e+03 9.626623e+03
18.0 9.628807e+03 9.610984e+03 9.625291e+03 9.643114e+03
1.0 9.606186e+03 9.619632e+03 9.629082e+03 9.615636e+03
2.0 9.691411e+03 9.645345e+03 9.621144e+03 9.667210e+03
3.0 9.659978e+03 9.659175e+03 9.607080e+03 9.607883e+03
4.0 9.625393e+03 9.653923e+03 9.611599e+03 9.583069e+03
5.0 9.609498e+03 9.637040e+03 9.627833e+03 9.600290e+03
6.0 9.628669e+03 9.619979e+03 9.634562e+03 9.643252e+03
7.0 9.634937e+03 9.621832e+03 9.630505e+03 9.643610e+03
8.0 9.624087e+03 9.629750e+03 9.625368e+03 9.619705e+03
9.0 9.655989e+03 9.619292e+03 9.623635e+03 9.660332e+03
10.0 9.621815e+03 9.641134e+03 9.620210e+03 9.600891e+03
11.0 9.645003e+03 9.627903e+03 9.612232e+03 9.629333e+03
12.0 9.632648e+03 9.630649e+03 9.609597e+03 9.611597e+03
13.0 9.609694e+03 9.616768e+03 9.614771e+03 9.607697e+03
14.0 9.588613e+03 9.595374e+03 9.620230e+03 9.613470e+03
15.0 9.624160e+03 9.614040e+03 9.623438e+03 9.633558e+03
16.0 9.608109e+03 9.606375e+03 9.624889e+03 9.626623e+03
17.0 9.628807e+03 9.610984e+03 9.625291e+03 9.643114e+03
18.0 9.591272e+03 9.596471e+03 9.625139e+03 9.619940e+03
0.6 9.625393e+03 9.653923e+03 9.611599e+03 9.583069e+03
1.6 9.609498e+03 9.637040e+03 9.627833e+03 9.600290e+03
2.6 9.628669e+03 9.619979e+03 9.634562e+03 9.643252e+03
3.6 9.634937e+03 9.621832e+03 9.630505e+03 9.643610e+03
4.6 9.624087e+03 9.629750e+03 9.625368e+03 9.619705e+03
5.6 9.655989e+03 9.619292e+03 9.623635e+03 9.660332e+03
6.6 9.621815e+03 9.641134e+03 9.620210e+03 9.600891e+03
7.6 9.645003e+03 9.627903e+03 9.612232e+03 9.629333e+03
8.6 9.632648e+03 9.630649e+03 9.609597e+03 9.611597e+03
9.6 9.609694e+03 9.616768e+03 9.614771e+03 9.607697e+03
10.6 9.588613e+03 9.595374e+03 9.620230e+03 9.613470e+03
11.6 9.624160e+03 9.614040e+03 9.623438e+03 9.633558e+03
12.6 9.608109e+03 9.606375e+03 9.624889e+03 9.626623e+03
13.6 9.628807e+03 9.610984e+03 9.625291e+03 9.643114e+03
14.6 9.591272e+03 9.596471e+03 9.625139e+03 9.619940e+03
15.6 9.631197e+03 9.628047e+03 9.624872e+03 9.628022e+03
16.6 9.693951e+03 9.637801e+03 9.630133e+03 9.686283e+03
17.6 9.665053e+03 9.641661e+03 9.641614e+03 9.665007e+03
0.2 9.609498e+03 9.637040e+03 9.627833e+03 9.600290e+03
1.2 9.628669e+03 9.619979e+03 9.634562e+03 9.643252e+03
2.2 9.634937e+03 9.621832e+03 9.630505e+03 9.643610e+03
3.2 9.624087e+03 9.629750e+03 9.625368e+03 9.619705e+03
4.2 9.655989e+03 9.619292e+03 9.623635e+03 9.660332e+03
5.2 9.621815e+03 9.641134e+03 9.620210e+03 9.600891e+03
6.2 9.645003e+03 9.627903e+03 9.612232e+03 9.629333e+03
7.2 9.632648e+03 9.630649e+03 9.609597e+03 9.611597e+03
8.2 9.609694e+03 9.616768e+03 9.614771e+03 9.607697e+03
9.2 9.588613e+03 9.595374e+03 9.620230e+03 9.613470e+03
10.2 9.624160e+03 9.614040e+03 9.623438e+03 9.633558e+03
11.2 9.608109e+03 9.606375e+03 9.624889e+03 9.626623e+03
12.2 9.628807e+03 9.610984e+03 9.625291e+03 9.643114e+03
13.2 9.591272e+03 9.596471e+03 9.625139e+03 9.619940e+03
14.2 9.631197e+03 9.628047e+03 9.624872e+03 9.628022e+03
15.2 9.693951e+03 9.637801e+03 9.630133e+03 9.686283e+03
16.2 9.665053e+03 9.641661e+03 9.641614e+03 9.665007e+03
17.2 9.611788e+03 9.634428e+03 9.643791e+03 9.621150e+03
0.6 9.634937e+03 9.621832e+03 9.630505e+03 9.643610e+03
1.6 9.624087e+03 9.629750e+03 9.625368e+03 9.619705e+03
2.6 9.655989e+03 9.619292e+03 9.623635e+03 9.660332e+03
3.6 9.621815e+03 9.641134e+03 9.620210e+03 9.600891e+03
4.6 9.645003e+03 9.627903e+03 9.612232e+03 9.629333e+03
5.6 9.632648e+03 9.630649e+03 9.609597e+03 9.611597e+03
6.6 9.609694e+03 9.616768e+03 9.614771e+03 9.607697e+03
7.6 9.588613e+03 9.595374e+03 9.620230e+03 9.613470e+03
8.6 9.624160e+03 9.614040e+03 9.623438e+03 9.633558e+03
9.6 9.608109e+03 9.606375e+03 9.624889e+03 9.626623e+03
10.6 9.628807e+03 9.610984e+03 9.625291e+03 9.643114e+03
11.6 9.591272e+03 9.596471e+03 9.625139e+03 9.619940e+03
12.6 9.631197e+03 9.628047e+03 9.624872e+03 9.628022e+03
13.6 9.693951e+03 9.637801e+03 9.630133e+03 9.686283e+03
14.6 9.665053e+03 9.641661e+03 9.641614e+03 9.665007e+03
15.6 9.611788e+03 9.634428e+03 9.643791e+03 9.621150e+03
16.6 9.586177e+03 9.606610e+03 9.632954e+03 9.612521e+03
17.6 9.637396e+03 9.620690e+03 9.616185e+03 9.632891e+03
0.8 9.655989e+03 9.619292e+03 9.623635e+03 9.660332e+03
1.8 9.621815e+03 9.641134e+03 9.620210e+03 9.600891e+03
2.8 9.645003e+03 9.627903e+03 9.612232e+03 9.629333e+03
3.8 9.632648e+03 9.630649e+03 9.609597e+03 9.611597e+03
4.8 9.609694e+03 9.616768e+03 9.614771e+03 9.607697e+03
5.8 9.588613e+03 9.595374e+03 9.620230e+03 9.613470e+03
6.8 9.624160e+03 9.614040e+03 9.623438e+03 9.633558e+03
7.8 9.608109e+03 9.606375e+03 9.624889e+03 9.626623e+03
8.8 9.628807e+03 9.610984e+03 9.625291e+03 9.643114e+03
9.8 9.591272e+03 9.596471e+03 9.625139e+03 9.619940e+03
10.8 9.631197e+03 9.628047e+03 9.624872e+03 9.628022e+03
11.8 9.693951e+03 9.637801e+03 9.630133e+03 9.686283e+03
12.8 9.665053e+03 9.641661e+03 9.641614e+03 9.665007e+03
13.8 9.611788e+03 9.634428e+03 9.643791e+03 9.621150e+03
14.8 9.586177e+03 9.606610e+03 9.632954e+03 9.612521e+03
15.8 9.637396e+03 9.620690e+03 9.616185e+03 9.632891e+03
16.8 9.675515e+03 9.626052e+03 9.606392e+03 9.655855e+03
17.8 9.667189e+03 9.637771e+03 9.617722e+03 9.647141e+03
0.6 9.693951e+03 9.637801e+03 9.630133e+03 9.686283e+03
1.6 9.665053e+03 9.641661e+03 9.641614e+03 9.665007e+03
2.6 9.611788e+03 9.634428e+03 9.643791e+03 9.621150e+03
3.6 9.586177e+03 9.606610e+03 9.632954e+03 9.612521e+03
4.6 9.637396e+03 9.620690e+03 9.616185e+03 9.632891e+03
5.6 9.675515e+03 9.626052e+03 9.606392e+03 9.655855e+03
6.6 9.667189e+03 9.637771e+03 9.617722e+03 9.647141e+03
7.6 9.657440e+03 9.655634e+03 9.631721e+03 9.633528e+03
8.6 9.655695e+03 9.641854e+03 9.629418e+03 9.643259e+03
9.6 9.635461e+03 9.650282e+03 9.616921e+03 9.602100e+03
10.6 9.611784e+03 9.630137e+03 9.609807e+03 9.591455e+03
11.6 9.604508e+03 9.598936e+03 9.613216e+03 9.618788e+03
12.6 9.589584e+03 9.608088e+03 9.618558e+03 9.600055e+03
13.6 9.605656e+03 9.617969e+03 9.622077e+03 9.609764e+03
14.6 9.583906e+03 9.625354e+03 9.623906e+03 9.582458e+03
15.6 9.556681e+03 9.613498e+03 9.624616e+03 9.567799e+03
16.6 9.570794e+03 9.595922e+03 9.624625e+03 9.599496e+03
17.6 9.605620e+03 9.585806e+03 9.624306e+03 9.644120e+03
0.5 9.665053e+03 9.641661e+03 9.641614e+03 9.665007e+03
1.5 9.611788e+03 9.634428e+03 9.643791e+03 9.621150e+03
2.5 9.586177e+03 9.606610e+03 9.632954e+03 9.612521e+03
3.5 9.637396e+03 9.620690e+03 9.616185e+03 9.632891e+03
4.5 9.675515e+03 9.626052e+03 9.606392e+03 9.655855e+03
5.5 9.667189e+03 9.637771e+03 9.617722e+03 9.647141e+03
6.5 9.657440e+03 9.655634e+03 9.631721e+03 9.633528e+03
7.5 9.655695e+03 9.641854e+03 9.629418e+03 9.643259e+03
8.5 9.635461e+03 9.650282e+03 9.616921e+03 9.602100e+03
9.5 9.611784e+03 9.630137e+03 9.609807e+03 9.591455e+03
10.5 9.604508e+03 9.598936e+03 9.613216e+03 9.618788e+03
11.5 9.589584e+03 9.608088e+03 9.618558e+03 9.600055e+03
12.5 9.605656e+03 9.617969e+03 9.622077e+03 9.609764e+03
13.5 9.583906e+03 9.625354e+03 9.623906e+03 9.582458e+03
14.5 9.556681e+03 9.613498e+03 9.624616e+03 9.567799e+03
15.5 9.570794e+03 9.595922e+03 9.624625e+03 9.599496e+03
16.5 9.605620e+03 9.585806e+03 9.624306e+03 9.644120e+03
17.5 9.576861e+03 9.607000e+03 9.623934e+03 9.593795e+03
0.3 9.611788e+03 9.634428e+03 9.643791e+03 9.621150e+03
1.3 9.586177e+03 9.606610e+03 9.632954e+03 9.612521e+03
2.3 9.637396e+03 9.620690e+03 9.616185e+03 9.632891e+03
3.3 9.675515e+03 9.626052e+03 9.606392e+03 9.655855e+03
4.3 9.667189e+03 9.637771e+03 9.617722e+03 9.647141e+03
5.3 9.657440e+03 9.655634e+03 9.631721e+03 9.633528e+03
6.3 9.655695e+03 9.641854e+03 9.629418e+03 9.643259e+03
7.3 9.635461e+03 9.650282e+03 9.616921e+03 9.602100e+03
8.3 9.611784e+03 9.630137e+03 9.609807e+03 9.591455e+03
9.3 9.604508e+03 9.598936e+03 9.613216e+03 9.618788e+03
10.3 9.589584e+03 9.608088e+03 9.618558e+03 9.600055e+03
11.3 9.605656e+03 9.617969e+03 9.622077e+03 9.609764e+03
12.3 9.583906e+03 9.625354e+03 9.623906e+03 9.582458e+03
13.3 9.556681e+03 9.613498e+03 9.624616e+03 9.567799e+03
14.3 9.570794e+03 9.595922e+03 9.624625e+03 9.599496e+03
15.3 9.605620e+03 9.585806e+03 9.624306e+03 9.644120e+03
16.3 9.576861e+03 9.607000e+03 9.623934e+03 9.593795e+03
17.3 9.606512e+03 9.626954e+03 9.623642e+03 9.603199e+03
0.1 9.675515e+03 9.626052e+03 9.606392e+03 9.655855e+03
1.1 9.667189e+03 9.637771e+03 9.617722e+03 9.647141e+03
2.1 9.657440e+03 9.655634e+03 9.631721e+03 9.633528e+03
3.1 9.655695e+03 9.641854e+03 9.629418e+03 9.643259e+03
4.1 9.635461e+03 9.650282e+03 9.616921e+03 9.602100e+03
5.1 9.611784e+03 9.630137e+03 9.609807e+03 9.591455e+03
6.1 9.604508e+03 9.598936e+03 9.613216e+03 9.618788e+03
7.1 9.589584e+03 9.608088e+03 9.618558e+03 9.600055e+03
8.1 9.605656e+03 9.617969e+03 9.622077e+03 9.609764e+03
9.1 9.583906e+03 9.625354e+03 9.623906e+03 9.582458e+03
10.1 9.556681e+03 9.613498e+03 9.624616e+03 9.567799e+03
11.1 9.570794e+03 9.595922e+03 9.624625e+03 9.599496e+03
12.1 9.605620e+03 9.585806e+03 9.624306e+03 9.644120e+03
13.1 9.576861e+03 9.607000e+03 9.623934e+03 9.593795e+03
14.1 9.606512e+03 9.626954e+03 9.623642e+03 9.603199e+03
15.1 9.667858e+03 9.640915e+03 9.623450e+03 9.650393e+03
16.1 9.615982e+03 9.633032e+03 9.626814e+03 9.609765e+03
17.1 9.592336e+03 9.642223e+03 9.637171e+03 9.587284e+03
0.6 9.657440e+03 9.655634e+03 9.631721e+03 9.633528e+03
1.6 9.655695e+03 9.641854e+03 9.629418e+03 9.643259e+03
2.6 9.635461e+03 9.650282e+03 9.616921e+03 9.602100e+03
3.6 9.611784e+03 9.630137e+03 9.609807e+03 9.591455e+03
4.6 9.604508e+03 9.598936e+03 9.613216e+03 9.618788e+03
5.6 9.589584e+03 9.608088e+03 9.618558e+03 9.600055e+03
6.6 9.605656e+03 9.617969e+03 9.622077e+03 9.609764e+03
7.6 9.583906e+03 9.625354e+03 9.623906e+03 9.582458e+03
8.6 9.556681e+03 9.613498e+03 9.624616e+03 9.567799e+03
9.6 9.570794e+03 9.595922e+03 9.624625e+03 9.599496e+03
10.6 9.605620e+03 9.585806e+03 9.624306e+03 9.644120e+03
11.6 9.576861e+03 9.607000e+03 9.623934e+03 9.593795e+03
12.6 9.606512e+03 9.626954e+03 9.623642e+03 9.603199e+03
13.6 9.667858e+03 9.640915e+03 9.623450e+03 9.650393e+03
14.6 9.615982e+03 9.633032e+03 9.626814e+03 9.609765e+03
15.6 9.592336e+03 9.642223e+03 9.637171e+03 9.587284e+03
16.6 9.618321e+03 9.645571e+03 9.641556e+03 9.614306e+03
17.6 9.645833e+03 9.646593e+03 9.627088e+03 9.626328e+03
0.3 9.615982e+03 9.633032e+03 9.626814e+03 9.609765e+03
1.3 9.592336e+03 9.642223e+03 9.637171e+03 9.587284e+03
2.3 9.618321e+03 9.645571e+03 9.641556e+03 9.614306e+03
3.3 9.645833e+03 9.646593e+03 9.627088e+03 9.626328e+03
4.3 9.627264e+03 9.640659e+03 9.610310e+03 9.596915e+03
5.3 9.650111e+03 9.629889e+03 9.607890e+03 9.628112e+03
6.3 9.585389e+03 9.627685e+03 9.615531e+03 9.573235e+03
7.3 9.614062e+03 9.632371e+03 9.629281e+03 9.610971e+03
8.3 9.615030e+03 9.621297e+03 9.637897e+03 9.631630e+03
9.3 9.598082e+03 9.613277e+03 9.639160e+03 9.623965e+03
10.3 9.611957e+03 9.609772e+03 9.633007e+03 9.635191e+03
11.3 9.600308e+03 9.619368e+03 9.623213e+03 9.604153e+03
12.3 9.639143e+03 9.621660e+03 9.621426e+03 9.638909e+03
13.3 9.624338e+03 9.629442e+03 9.622086e+03 9.616982e+03
14.3 9.638279e+03 9.631069e+03 9.621714e+03 9.628924e+03
15.3 9.670067e+03 9.636070e+03 9.614865e+03 9.648861e+03
16.3 9.683476e+03 9.635912e+03 9.606925e+03 9.654489e+03
17.3 9.650871e+03 9.640295e+03 9.613951e+03 9.624527e+03
0.1 9.592336e+03 9.642223e+03 9.637171e+03 9.587284e+03
1.1 9.618321e+03 9.645571e+03 9.641556e+03 9.614306e+03
2.1 9.645833e+03 9.646593e+03 9.627088e+03 9.626328e+03
3.1 9.627264e+03 9.640659e+03 9.610310e+03 9.596915e+03
4.1 9.650111e+03 9.629889e+03 9.607890e+03 9.628112e+03
5.1 9.585389e+03 9.627685e+03 9.615531e+03 9.573235e+03
6.1 9.614062e+03 9.632371e+03 9.629281e+03 9.610971e+03
7.1 9.615030e+03 9.621297e+03 9.637897e+03 9.631630e+03
8.1 9.598082e+03 9.613277e+03 9.639160e+03 9.623965e+03
9.1 9.611957e+03 9.609772e+03 9.633007e+03 9.635191e+03
10.1 9.600308e+03 9.619368e+03 9.623213e+03 9.604153e+03
11.1 9.639143e+03 9.621660e+03 9.621426e+03 9.638909e+03
12.1 9.624338e+03 9.629442e+03 9.622086e+03 9.616982e+03
13.1 9.638279e+03 9.631069e+03 9.621714e+03 9.628924e+03
14.1 9.670067e+03 9.636070e+03 9.614865e+03 9.648861e+03
15.1 9.683476e+03 9.635912e+03 9.606925e+03 9.654489e+03
16.1 9.650871e+03 9.640295e+03 9.613951e+03 9.624527e+03
17.1 9.620975e+03 9.626130e+03 9.629694e+03 9.624538e+03
0.1 9.585389e+03 9.627685e+03 9.615531e+03 9.573235e+03
1.1 9.614062e+03 9.632371e+03 9.629281e+03 9.610971e+03
2.1 9.615030e+03 9.621297e+03 9.637897e+03 9.631630e+03
3.1 9.598082e+03 9.613277e+03 9.639160e+03 9.623965e+03
4.1 9.611957e+03 9.609772e+03 9.633007e+03 9.635191e+03
5.1 9.600308e+03 9.619368e+03 9.623213e+03 9.604153e+03
6.1 9.639143e+03 9.621660e+03 9.621426e+03 9.638909e+03
7.1 9.624338e+03 9.629442e+03 9.622086e+03 9.616982e+03
8.1 9.638279e+03 9.631069e+03 9.621714e+03 9.628924e+03
9.1 9.670067e+03 9.636070e+03 9.614865e+03 9.648861e+03
10.1 9.683476e+03 9.635912e+03 9.606925e+03 9.654489e+03
11.1 9.650871e+03 9.640295e+03 9.613951e+03 9.624527e+03
12.1 9.620975e+03 9.626130e+03 9.629694e+03 9.624538e+03
13.1 9.665503e+03 9.637432e+03 9.637566e+03 9.665636e+03
14.1 9.656688e+03 9.622652e+03 9.639563e+03 9.673600e+03
15.1 9.619906e+03 9.621733e+03 9.636425e+03 9.634599e+03
16.1 9.586525e+03 9.626858e+03 9.618987e+03 9.578654e+03
17.1 9.608513e+03 9.633459e+03 9.603011e+03 9.578066e+03
0.6 9.615030e+03 9.621297e+03 9.637897e+03 9.631630e+03
1.6 9.598082e+03 9.613277e+03 9.639160e+03 9.623965e+03
2.6 9.611957e+03 9.609772e+03 9.633007e+03 9.635191e+03
3.6 9.600308e+03 9.619368e+03 9.623213e+03 9.604153e+03
4.6 9.639143e+03 9.621660e+03 9.621426e+03 9.638909e+03
5.6 9.624338e+03 9.629442e+03 9.622086e+03 9.616982e+03
6.6 9.638279e+03 9.631069e+03 9.621714e+03 9.628924e+03
7.6 9.670067e+03 9.636070e+03 9.614865e+03 9.648861e+03
8.6 9.683476e+03 9.635912e+03 9.606925e+03 9.654489e+03
9.6 9.650871e+03 9.640295e+03 9.613951e+03 9.624527e+03
10.6 9.620975e+03 9.626130e+03 9.629694e+03 9.624538e+03
11.6 9.665503e+03 9.637432e+03 9.637566e+03 9.665636e+03
12.6 9.656688e+03 9.622652e+03 9.639563e+03 9.673600e+03
13.6 9.619906e+03 9.621733e+03 9.636425e+03 9.634599e+03
14.6 9.586525e+03 9.626858e+03 9.618987e+03 9.578654e+03
15.6 9.608513e+03 9.633459e+03 9.603011e+03 9.578066e+03
16.6 9.603611e+03 9.609749e+03 9.604445e+03 9.598307e+03
17.6 9.606521e+03 9.626968e+03 9.619030e+03 9.598582e+03
0.6 9.598082e+03 9.613277e+03 9.639160e+03 9.623965e+03
1.6 9.611957e+03 9.609772e+03 9.633007e+03 9.635191e+03
2.6 9.600308e+03 9.619368e+03 9.623213e+03 9.604153e+03
3.6 9.639143e+03 9.621660e+03 9.621426e+03 9.638909e+03
4.6 9.624338e+03 9.629442e+03 9.622086e+03 9.616982e+03
5.6 9.638279e+03 9.631069e+03 9.621714e+03 9.628924e+03
6.6 9.670067e+03 9.636070e+03 9.614865e+03 9.648861e+03
7.6 9.683476e+03 9.635912e+03 9.606925e+03 9.654489e+03
8.6 9.650871e+03 9.640295e+03 9.613951e+03 9.624527e+03
9.6 9.620975e+03 9.626130e+03 9.629694e+03 9.624538e+03
10.6 9.665503e+03 9.637432e+03 9.637566e+03 9.665636e+03
11.6 9.656688e+03 9.622652e+03 9.639563e+03 9.673600e+03
12.6 9.619906e+03 9.621733e+03 9.636425e+03 9.634599e+03
13.6 9.586525e+03 9.626858e+03 9.618987e+03 9.578654e+03
14.6 9.608513e+03 9.633459e+03 9.603011e+03 9.578066e+03
15.6 9.603611e+03 9.609749e+03 9.604445e+03 9.598307e+03
16.6 9.606521e+03 9.626968e+03 9.619030e+03 9.598582e+03
17.6 9.597368e+03 9.612708e+03 9.634898e+03 9.619558e+03
1.0 9.600308e+03 9.619368e+03 9.623213e+03 9.604153e+03
2.0 9.639143e+03 9.621660e+03 9.621426e+03 9.638909e+03
3.0 9.624338e+03 9.629442e+03 9.622086e+03 9.616982e+03
4.0 9.638279e+03 9.631069e+03 9.621714e+03 9.628924e+03
5.0 9.670067e+03 9.636070e+03 9.614865e+03 9.648861e+03
6.0 9.683476e+03 9.635912e+03 9.606925e+03 9.654489e+03
7.0 9.650871e+03 9.640295e+03 9.613951e+03 9.624527e+03
8.0 9.620975e+03 9.626130e+03 9.629694e+03 9.624538e+03
9.0 9.665503e+03 9.637432e+03 9.637566e+03 9.665636e+03
10.0 9.656688e+03 9.622652e+03 9.639563e+03 9.673600e+03
11.0 9.619906e+03 9.621733e+03 9.636425e+03 9.634599e+03
12.0 9.586525e+03 9.626858e+03 9.618987e+03 9.578654e+03
13.0 9.608513e+03 9.633459e+03 9.603011e+03 9.578066e+03
14.0 9.603611e+03 9.609749e+03 9.604445e+03 9.598307e+03
15.0 9.606521e+03 9.626968e+03 9.619030e+03 9.598582e+03
16.0 9.597368e+03 9.612708e+03 9.634898e+03 9.619558e+03
17.0 9.614533e+03 9.607561e+03 9.640443e+03 9.647415e+03
18.0 9.594003e+03 9.625259e+03 9.639944e+03 9.608688e+03
0.6 9.639143e+03 9.621660e+03 9.621426e+03 9.638909e+03
1.6 9.624338e+03 9.629442e+03 9.622086e+03 9.616982e+03
2.6 9.638279e+03 9.631069e+03 9.621714e+03 9.628924e+03
3.6 9.670067e+03 9.636070e+03 9.614865e+03 9.648861e+03
4.6 9.683476e+03 9.635912e+03 9.606925e+03 9.654489e+03
5.6 9.650871e+03 9.640295e+03 9.613951e+03 9.624527e+03
6.6 9.620975e+03 9.626130e+03 9.629694e+03 9.624538e+03
7.6 9.665503e+03 9.637432e+03 9.637566e+03 9.665636e+03
8.6 9.656688e+03 9.622652e+03 9.639563e+03 9.673600e+03
9.6 9.619906e+03 9.621733e+03 9.636425e+03 9.634599e+03
10.6 9.586525e+03 9.626858e+03 9.618987e+03 9.578654e+03
11.6 9.608513e+03 9.633459e+03 9.603011e+03 9.578066e+03
12.6 9.603611e+03 9.609749e+03 9.604445e+03 9.598307e+03
13.6 9.606521e+03 9.626968e+03 9.619030e+03 9.598582e+03
14.6 9.597368e+03 9.612708e+03 9.634898e+03 9.619558e+03
15.6 9.614533e+03 9.607561e+03 9.640443e+03 9.647415e+03
16.6 9.594003e+03 9.625259e+03 9.639944e+03 9.608688e+03
17.6 9.619165e+03 9.619127e+03 9.635736e+03 9.635774e+03
0.2 9.624338e+03 9.629442e+03 9.622086e+03 9.616982e+03
1.2 9.638279e+03 9.631069e+03 9.621714e+03 9.628924e+03
2.2 9.670067e+03 9.636070e+03 9.614865e+03 9.648861e+03
3.2 9.683476e+03 9.635912e+03 9.606925e+03 9.654489e+03
4.2 9.650871e+03 9.640295e+03 9.613951e+03 9.624527e+03
5.2 9.620975e+03 9.626130e+03 9.629694e+03 9.624538e+03
6.2 9.665503e+03 9.637432e+03 9.637566e+03 9.665636e+03
7.2 9.656688e+03 9.622652e+03 9.639563e+03 9.673600e+03
8.2 9.619906e+03 9.621733e+03 9.636425e+03 9.634599e+03
9.2 9.586525e+03 9.626858e+03 9.618987e+03 9.578654e+03
10.2 9.608513e+03 9.633459e+03 9.603011e+03 9.578066e+03
11.2 9.603611e+03 9.609749e+03 9.604445e+03 9.598307e+03
12.2 9.606521e+03 9.626968e+03 9.619030e+03 9.598582e+03
13.2 9.597368e+03 9.612708e+03 9.634898e+03 9.619558e+03
14.2 9.614533e+03 9.607561e+03 9.640443e+03 9.647415e+03
15.2 9.594003e+03 9.625259e+03 9.639944e+03 9.608688e+03
16.2 9.619165e+03 9.619127e+03 9.635736e+03 9.635774e+03
17.2 9.630936e+03 9.629573e+03 9.618782e+03 9.620145e+03
0.5 9.650871e+03 9.640295e+03 9.613951e+03 9.624527e+03
1.5 9.620975e+03 9.626130e+03 9.629694e+03 9.624538e+03
2.5 9.665503e+03 9.637432e+03 9.637566e+03 9.665636e+03
3.5 9.656688e+03 9.622652e+03 9.639563e+03 9.673600e+03
4.5 9.619906e+03 9.621733e+03 9.636425e+03 9.634599e+03
5.5 9.586525e+03 9.626858e+03 9.618987e+03 9.578654e+03
6.5 9.608513e+03 9.633459e+03 9.603011e+03 9.578066e+03
7.5 9.603611e+03 9.609749e+03 9.604445e+03 9.598307e+03
8.5 9.606521e+03 9.626968e+03 9.619030e+03 9.598582e+03
9.5 9.597368e+03 9.612708e+03 9.634898e+03 9.619558e+03
10.5 9.614533e+03 9.607561e+03 9.640443e+03 9.647415e+03
11.5 9.594003e+03 9.625259e+03 9.639944e+03 9.608688e+03
12.5 9.619165e+03 9.619127e+03 9.635736e+03 9.635774e+03
13.5 9.630936e+03 9.629573e+03 9.618782e+03 9.620145e+03
14.5 9.616134e+03 9.629761e+03 9.602980e+03 9.589352e+03
15.5 9.628819e+03 9.618982e+03 9.604710e+03 9.614546e+03
16.5 9.624909e+03 9.613083e+03 9.613572e+03 9.625398e+03
17.5 9.680461e+03 9.613207e+03 9.620484e+03 9.687738e+03
1.0 9.665503e+03 9.637432e+03 9.637566e+03 9.665636e+03
2.0 9.656688e+03 9.622652e+03 9.639563e+03 9.673600e+03
3.0 9.619906e+03 9.621733e+03 9.636425e+03 9.634599e+03
4.0 9.586525e+03 9.626858e+03 9.618987e+03 9.578654e+03
5.0 9.608513e+03 9.633459e+03 9.603011e+03 9.578066e+03
6.0 9.603611e+03 9.609749e+03 9.604445e+03 9.598307e+03
7.0 9.606521e+03 9.626968e+03 9.619030e+03 9.598582e+03
8.0 9.597368e+03 9.612708e+03 9.634898e+03 9.619558e+03
9.0 9.614533e+03 9.607561e+03 9.640443e+03 9.647415e+03
10.0 9.594003e+03 9.625259e+03 9.639944e+03 9.608688e+03
11.0 9.619165e+03 9.619127e+03 9.635736e+03 9.635774e+03
12.0 9.630936e+03 9.629573e+03 9.618782e+03 9.620145e+03
13.0 9.616134e+03 9.629761e+03 9.602980e+03 9.589352e+03
14.0 9.628819e+03 9.618982e+03 9.604710e+03 9.614546e+03
15.0 9.624909e+03 9.613083e+03 9.613572e+03 9.625398e+03
16.0 9.680461e+03 9.613207e+03 9.620484e+03 9.687738e+03
17.0 9.667023e+03 9.636443e+03 9.624328e+03 9.654908e+03
18.0 9.619004e+03 9.625022e+03 9.626011e+03 9.619994e+03
1.0 9.656688e+03 9.622652e+03 9.639563e+03 9.673600e+03
2.0 9.619906e+03 9.621733e+03 9.636425e+03 9.634599e+03
3.0 9.586525e+03 9.626858e+03 9.618987e+03 9.578654e+03
4.0 9.608513e+03 9.633459e+03 9.603011e+03 9.578066e+03
5.0 9.603611e+03 9.609749e+03 9.604445e+03 9.598307e+03
6.0 9.606521e+03 9.626968e+03 9.619030e+03 9.598582e+03
7.0 9.597368e+03 9.612708e+03 9.634898e+03 9.619558e+03
8.0 9.614533e+03 9.607561e+03 9.640443e+03 9.647415e+03
9.0 9.594003e+03 9.625259e+03 9.639944e+03 9.608688e+03
10.0 9.619165e+03 9.619127e+03 9.635736e+03 9.635774e+03
11.0 9.630936e+03 9.629573e+03 9.618782e+03 9.620145e+03
12.0 9.616134e+03 9.629761e+03 9.602980e+03 9.589352e+03
13.0 9.628819e+03 9.618982e+03 9.604710e+03 9.614546e+03
14.0 9.624909e+03 9.613083e+03 9.613572e+03 9.625398e+03
15.0 9.680461e+03 9.613207e+03 9.620484e+03 9.687738e+03
16.0 9.667023e+03 9.636443e+03 9.624328e+03 9.654908e+03
17.0 9.619004e+03 9.625022e+03 9.626011e+03 9.619994e+03
18.0 9.587992e+03 9.626371e+03 9.626342e+03 9.587963e+03
0.1 9.656688e+03 9.622652e+03 9.639563e+03 9.673600e+03
1.1 9.619906e+03 9.621733e+03 9.636425e+03 9.634599e+03
2.1 9.586525e+03 9.626858e+03 9.618987e+03 9.578654e+03
3.1 9.608513e+03 9.633459e+03 9.603011e+03 9.578066e+03
4.1 9.603611e+03 9.609749e+03 9.604445e+03 9.598307e+03
5.1 9.606521e+03 9.626968e+03 9.619030e+03 9.598582e+03
6.1 9.597368e+03 9.612708e+03 9.634898e+03 9.619558e+03
7.1 9.614533e+03 9.607561e+03 9.640443e+03 9.647415e+03
8.1 9.594003e+03 9.625259e+03 9.639944e+03 9.608688e+03
9.1 9.619165e+03 9.619127e+03 9.635736e+03 9.635774e+03
10.1 9.630936e+03 9.629573e+03 9.618782e+03 9.620145e+03
11.1 9.616134e+03 9.629761e+03 9.602980e+03 9.589352e+03
12.1 9.628819e+03 9.618982e+03 9.604710e+03 9.614546e+03
13.1 9.624909e+03 9.613083e+03 9.613572e+03 9.625398e+03
14.1 9.680461e+03 9.613207e+03 9.620484e+03 9.687738e+03
15.1 9.667023e+03 9.636443e+03 9.624328e+03 9.654908e+03
16.1 9.619004e+03 9.625022e+03 9.626011e+03 9.619994e+03
17.1 9.587992e+03 9.626371e+03 9.626342e+03 9.587963e+03
0.6 9.606521e+03 9.626968e+03 9.619030e+03 9.598582e+03
1.6 9.597368e+03 9.612708e+03 9.634898e+03 9.619558e+03
2.6 9.614533e+03 9.607561e+03 9.640443e+03 9.647415e+03
3.6 9.594003e+03 9.625259e+03 9.639944e+03 9.608688e+03
4.6 9.619165e+03 9.619127e+03 9.635736e+03 9.635774e+03
5.6 9.630936e+03 9.629573e+03 9.618782e+03 9.620145e+03
6.6 9.616134e+03 9.629761e+03 9.602980e+03 9.589352e+03
7.6 9.628819e+03 9.618982e+03 9.604710e+03 9.614546e+03
8.6 9.624909e+03 9.613083e+03 9.613572e+03 9.625398e+03
9.6 9.680461e+03 9.613207e+03 9.620484e+03 9.687738e+03
10.6 9.667023e+03 9.636443e+03 9.624328e+03 9.654908e+03
11.6 9.619004e+03 9.625022e+03 9.626011e+03 9.619994e+03
12.6 9.587992e+03 9.626371e+03 9.626342e+03 9.587963e+03
13.6 9.620417e+03 9.619192e+03 9.625979e+03 9.627203e+03
14.6 9.630596e+03 9.645861e+03 9.625426e+03 9.610160e+03
15.6 9.670386e+03 9.631312e+03 9.624948e+03 9.664022e+03
16.6 9.594996e+03 9.604978e+03 9.624608e+03 9.614626e+03
17.6 9.625872e+03 9.606613e+03 9.624378e+03 9.643637e+03
0.1 9.597368e+03 9.612708e+03 9.634898e+03 9.619558e+03
1.1 9.614533e+03 9.607561e+03 9.640443e+03 9.647415e+03
2.1 9.594003e+03 9.625259e+03 9.639944e+03 9.608688e+03
3.1 9.619165e+03 9.619127e+03 9.635736e+03 9.635774e+03
4.1 9.630936e+03 9.629573e+03 9.618782e+03 9.620145e+03
5.1 9.616134e+03 9.629761e+03 9.602980e+03 9.589352e+03
6.1 9.628819e+03 9.618982e+03 9.604710e+03 9.614546e+03
7.1 9.624909e+03 9.613083e+03 9.613572e+03 9.625398e+03
8.1 9.680461e+03 9.613207e+03 9.620484e+03 9.687738e+03
9.1 9.667023e+03 9.636443e+03 9.624328e+03 9.654908e+03
10.1 9.619004e+03 9.625022e+03 9.626011e+03 9.619994e+03
11.1 9.587992e+03 9.626371e+03 9.626342e+03 9.587963e+03
12.1 9.620417e+03 9.619192e+03 9.625979e+03 9.627203e+03
13.1 9.630596e+03 9.645861e+03 9.625426e+03 9.610160e+03
14.1 9.670386e+03 9.631312e+03 9.624948e+03 9.664022e+03
15.1 9.594996e+03 9.604978e+03 9.624608e+03 9.614626e+03
16.1 9.625872e+03 9.606613e+03 9.624378e+03 9.643637e+03
17.1 9.599872e+03 9.589569e+03 9.624212e+03 9.634516e+03
1.0 9.594003e+03 9.625259e+03 9.639944e+03 9.608688e+03
2.0 9.619165e+03 9.619127e+03 9.635736e+03 9.635774e+03
3.0 9.630936e+03 9.629573e+03 9.618782e+03 9.620145e+03
4.0 9.616134e+03 9.629761e+03 9.602980e+03 9.589352e+03
5.0 9.628819e+03 9.618982e+03 9.604710e+03 9.614546e+03
6.0 9.624909e+03 9.613083e+03 9.613572e+03 9.625398e+03
7.0 9.680461e+03 9.613207e+03 9.620484e+03 9.687738e+03
8.0 9.667023e+03 9.636443e+03 9.624328e+03 9.654908e+03
9.0 9.619004e+03 9.625022e+03 9.626011e+03 9.619994e+03
10.0 9.587992e+03 9.626371e+03 9.626342e+03 9.587963e+03
11.0 9.620417e+03 9.619192e+03 9.625979e+03 9.627203e+03
12.0 9.630596e+03 9.645861e+03 9.625426e+03 9.610160e+03
13.0 9.670386e+03 9.631312e+03 9.624948e+03 9.664022e+03
14.0 9.594996e+03 9.604978e+03 9.624608e+03 9.614626e+03
15.0 9.625872e+03 9.606613e+03 9.624378e+03 9.643637e+03
16.0 9.599872e+03 9.589569e+03 9.624212e+03 9.634516e+03
17.0 9.565777e+03 9.601769e+03 9.624082e+03 9.588090e+03
18.0 9.577384e+03 9.607808e+03 9.623972e+03 9.593549e+03
0.2 9.594003e+03 9.625259e+03 9.639944e+03 9.608688e+03
1.2 9.619165e+03 9.619127e+03 9.635736e+03 9.635774e+03
2.2 9.630936e+03 9.629573e+03 9.618782e+03 9.620145e+03
3.2 9.616134e+03 9.629761e+03 9.602980e+03 9.589352e+03
4.2 9.628819e+03 9.618982e+03 9.604710e+03 9.614546e+03
5.2 9.624909e+03 9.613083e+03 9.613572e+03 9.625398e+03
6.2 9.680461e+03 9.613207e+03 9.620484e+03 9.687738e+03
7.2 9.667023e+03 9.636443e+03 9.624328e+03 9.654908e+03
8.2 9.619004e+03 9.625022e+03 9.626011e+03 9.619994e+03
9.2 9.587992e+03 9.626371e+03 9.626342e+03 9.587963e+03
10.2 9.620417e+03 9.619192e+03 9.625979e+03 9.627203e+03
11.2 9.630596e+03 9.645861e+03 9.625426e+03 9.610160e+03
12.2 9.670386e+03 9.631312e+03 9.624948e+03 9.664022e+03
13.2 9.594996e+03 9.604978e+03 9.624608e+03 9.614626e+03
14.2 9.625872e+03 9.606613e+03 9.624378e+03 9.643637e+03
15.2 9.599872e+03 9.589569e+03 9.624212e+03 9.634516e+03
16.2 9.565777e+03 9.601769e+03 9.624082e+03 9.588090e+03
17.2 9.577384e+03 9.607808e+03 9.623972e+03 9.593549e+03
0.7 9.666049e+03 9.644374e+03 9.629483e+03 9.651158e+03
1.7 9.661131e+03 9.641913e+03 9.635402e+03 9.654621e+03
2.7 9.627597e+03 9.635689e+03 9.625558e+03 9.617466e+03
3.7 9.635231e+03 9.609843e+03 9.615657e+03 9.641045e+03
4.7 9.663476e+03 9.618467e+03 9.624417e+03 9.669426e+03
5.7 9.665272e+03 9.671569e+03 9.638044e+03 9.631747e+03
6.7 9.660960e+03 9.626091e+03 9.640270e+03 9.675139e+03
7.7 9.592551e+03 9.585783e+03 9.629565e+03 9.636333e+03
8.7 9.615928e+03 9.585444e+03 9.620848e+03 9.651332e+03
9.7 9.625965e+03 9.602905e+03 9.619472e+03 9.642532e+03
10.7 9.623133e+03 9.608120e+03 9.616734e+03 9.631746e+03
11.7 9.644761e+03 9.626056e+03 9.619855e+03 9.638560e+03
12.7 9.677796e+03 9.637886e+03 9.623507e+03 9.663416e+03
13.7 9.638414e+03 9.667333e+03 9.622537e+03 9.593618e+03
14.7 9.632450e+03 9.664288e+03 9.618129e+03 9.586290e+03
15.7 9.664074e+03 9.641020e+03 9.609659e+03 9.632713e+03
16.7 9.636314e+03 9.619008e+03 9.608695e+03 9.626000e+03
17.7 9.628119e+03 9.606444e+03 9.623006e+03 9.644682e+03
0.0 9.635231e+03 9.609843e+03 9.615657e+03 9.641045e+03
1.0 9.663476e+03 9.618467e+03 9.624417e+03 9.669426e+03
2.0 9.665272e+03 9.671569e+03 9.638044e+03 9.631747e+03
3.0 9.660960e+03 9.626091e+03 9.640270e+03 9.675139e+03
4.0 9.592551e+03 9.585783e+03 9.629565e+03 9.636333e+03
5.0 9.615928e+03 9.585444e+03 9.620848e+03 9.651332e+03
6.0 9.625965e+03 9.602905e+03 9.619472e+03 9.642532e+03
7.0 9.623133e+03 9.608120e+03 9.616734e+03 9.631746e+03
8.0 9.644761e+03 9.626056e+03 9.619855e+03 9.638560e+03
9.0 9.677796e+03 9.637886e+03 9.623507e+03 9.663416e+03
10.0 9.638414e+03 9.667333e+03 9.622537e+03 9.593618e+03
11.0 9.632450e+03 9.664288e+03 9.618129e+03 9.586290e+03
12.0 9.664074e+03 9.641020e+03 9.609659e+03 9.632713e+03
13.0 9.636314e+03 9.619008e+03 9.608695e+03 9.626000e+03
14.0 9.628119e+03 9.606444e+03 9.623006e+03 9.644682e+03
15.0 9.575882e+03 9.621535e+03 9.639099e+03 9.593447e+03
16.0 9.589038e+03 9.593084e+03 9.642572e+03 9.638526e+03
17.0 9.608169e+03 9.581836e+03 9.638204e+03 9.664537e+03
0.9 9.665272e+03 9.671569e+03 9.638044e+03 9.631747e+03
1.9 9.660960e+03 9.626091e+03 9.640270e+03 9.675139e+03
2.9 9.592551e+03 9.585783e+03 9.629565e+03 9.636333e+03
3.9 9.615928e+03 9.585444e+03 9.620848e+03 9.651332e+03
4.9 9.625965e+03 9.602905e+03 9.619472e+03 9.642532e+03
5.9 9.623133e+03 9.608120e+03 9.616734e+03 9.631746e+03
6.9 9.644761e+03 9.626056e+03 9.619855e+03 9.638560e+03
7.9 9.677796e+03 9.637886e+03 9.623507e+03 9.663416e+03
8.9 9.638414e+03 9.667333e+03 9.622537e+03 9.593618e+03
9.9 9.632450e+03 9.664288e+03 9.618129e+03 9.586290e+03
10.9 9.664074e+03 9.641020e+03 9.609659e+03 9.632713e+03
11.9 9.636314e+03 9.619008e+03 9.608695e+03 9.626000e+03
12.9 9.628119e+03 9.606444e+03 9.623006e+03 9.644682e+03
13.9 9.575882e+03 9.621535e+03 9.639099e+03 9.593447e+03
14.9 9.589038e+03 9.593084e+03 9.642572e+03 9.638526e+03
15.9 9.608169e+03 9.581836e+03 9.638204e+03 9.664537e+03
16.9 9.593531e+03 9.559873e+03 9.626398e+03 9.660056e+03
17.9 9.521558e+03 9.564166e+03 9.620501e+03 9.577894e+03
1.0 9.660960e+03 9.626091e+03 9.640270e+03 9.675139e+03
2.0 9.592551e+03 9.585783e+03 9.629565e+03 9.636333e+03
3.0 9.615928e+03 9.585444e+03 9.620848e+03 9.651332e+03
4.0 9.625965e+03 9.602905e+03 9.619472e+03 9.642532e+03
5.0 9.623133e+03 9.608120e+03 9.616734e+03 9.631746e+03
6.0 9.644761e+03 9.626056e+03 9.619855e+03 9.638560e+03
7.0 9.677796e+03 9.637886e+03 9.623507e+03 9.663416e+03
8.0 9.638414e+03 9.667333e+03 9.622537e+03 9.593618e+03
9.0 9.632450e+03 9.664288e+03 9.618129e+03 9.586290e+03
10.0 9.664074e+03 9.641020e+03 9.609659e+03 9.632713e+03
11.0 9.636314e+03 9.619008e+03 9.608695e+03 9.626000e+03
12.0 9.628119e+03 9.606444e+03 9.623006e+03 9.644682e+03
13.0 9.575882e+03 9.621535e+03 9.639099e+03 9.593447e+03
14.0 9.589038e+03 9.593084e+03 9.642572e+03 9.638526e+03
15.0 9.608169e+03 9.581836e+03 9.638204e+03 9.664537e+03
16.0 9.593531e+03 9.559873e+03 9.626398e+03 9.660056e+03
17.0 9.521558e+03 9.564166e+03 9.620501e+03 9.577894e+03
18.0 9.533026e+03 9.582443e+03 9.622052e+03 9.572635e+03
0.5 9.592551e+03 9.585783e+03 9.629565e+03 9.636333e+03
1.5 9.615928e+03 9.585444e+03 9.620848e+03 9.651332e+03
2.5 9.625965e+03 9.602905e+03 9.619472e+03 9.642532e+03
3.5 9.623133e+03 9.608120e+03 9.616734e+03 9.631746e+03
4.5 9.644761e+03 9.626056e+03 9.619855e+03 9.638560e+03
5.5 9.677796e+03 9.637886e+03 9.623507e+03 9.663416e+03
6.5 9.638414e+03 9.667333e+03 9.622537e+03 9.593618e+03
7.5 9.632450e+03 9.664288e+03 9.618129e+03 9.586290e+03
8.5 9.664074e+03 9.641020e+03 9.609659e+03 9.632713e+03
9.5 9.636314e+03 9.619008e+03 9.608695e+03 9.626000e+03
10.5 9.628119e+03 9.606444e+03 9.623006e+03 9.644682e+03
11.5 9.575882e+03 9.621535e+03 9.639099e+03 9.593447e+03
12.5 9.589038e+03 9.593084e+03 9.642572e+03 9.638526e+03
13.5 9.608169e+03 9.581836e+03 9.638204e+03 9.664537e+03
14.5 9.593531e+03 9.559873e+03 9.626398e+03 9.660056e+03
15.5 9.521558e+03 9.564166e+03 9.620501e+03 9.577894e+03
16.5 9.533026e+03 9.582443e+03 9.622052e+03 9.572635e+03
17.5 9.551033e+03 9.596111e+03 9.618807e+03 9.573729e+03
0.3 9.615928e+03 9.585444e+03 9.620848e+03 9.651332e+03
1.3 9.625965e+03 9.602905e+03 9.619472e+03 9.642532e+03
2.3 9.623133e+03 9.608120e+03 9.616734e+03 9.631746e+03
3.3 9.644761e+03 9.626056e+03 9.619855e+03 9.638560e+03
4.3 9.677796e+03 9.637886e+03 9.623507e+03 9.663416e+03
5.3 9.638414e+03 9.667333e+03 9.622537e+03 9.593618e+03
6.3 9.632450e+03 9.664288e+03 9.618129e+03 9.586290e+03
7.3 9.664074e+03 9.641020e+03 9.609659e+03 9.632713e+03
8.3 9.636314e+03 9.619008e+03 9.608695e+03 9.626000e+03
9.3 9.628119e+03 9.606444e+03 9.623006e+03 9.644682e+03
10.3 9.575882e+03 9.621535e+03 9.639099e+03 9.593447e+03
11.3 9.589038e+03 9.593084e+03 9.642572e+03 9.638526e+03
12.3 9.608169e+03 9.581836e+03 9.638204e+03 9.664537e+03
13.3 9.593531e+03 9.559873e+03 9.626398e+03 9.660056e+03
14.3 9.521558e+03 9.564166e+03 9.620501e+03 9.577894e+03
15.3 9.533026e+03 9.582443e+03 9.622052e+03 9.572635e+03
16.3 9.551033e+03 9.596111e+03 9.618807e+03 9.573729e+03
17.3 9.578862e+03 9.625540e+03 9.623712e+03 9.577034e+03
0.6 9.623133e+03 9.608120e+03 9.616734e+03 9.631746e+03
1.6 9.644761e+03 9.626056e+03 9.619855e+03 9.638560e+03
2.6 9.677796e+03 9.637886e+03 9.623507e+03 9.663416e+03
3.6 9.638414e+03 9.667333e+03 9.622537e+03 9.593618e+03
4.6 9.632450e+03 9.664288e+03 9.618129e+03 9.586290e+03
5.6 9.664074e+03 9.641020e+03 9.609659e+03 9.632713e+03
6.6 9.636314e+03 9.619008e+03 9.608695e+03 9.626000e+03
7.6 9.628119e+03 9.606444e+03 9.623006e+03 9.644682e+03
8.6 9.575882e+03 9.621535e+03 9.639099e+03 9.593447e+03
9.6 9.589038e+03 9.593084e+03 9.642572e+03 9.638526e+03
10.6 9.608169e+03 9.581836e+03 9.638204e+03 9.664537e+03
11.6 9.593531e+03 9.559873e+03 9.626398e+03 9.660056e+03
12.6 9.521558e+03 9.564166e+03 9.620501e+03 9.577894e+03
13.6 9.533026e+03 9.582443e+03 9.622052e+03 9.572635e+03
14.6 9.551033e+03 9.596111e+03 9.618807e+03 9.573729e+03
15.6 9.578862e+03 9.625540e+03 9.623712e+03 9.577034e+03
16.6 9.642372e+03 9.645223e+03 9.629329e+03 9.626478e+03
17.6 9.686235e+03 9.664441e+03 9.623352e+03 9.645145e+03
0.4 9.644761e+03 9.626056e+03 9.619855e+03 9.638560e+03
1.4 9.677796e+03 9.637886e+03 9.623507e+03 9.663416e+03
2.4 9.638414e+03 9.667333e+03 9.622537e+03 9.593618e+03
3.4 9.632450e+03 9.664288e+03 9.618129e+03 9.586290e+03
4.4 9.664074e+03 9.641020e+03 9.609659e+03 9.632713e+03
5.4 9.636314e+03 9.619008e+03 9.608695e+03 9.626000e+03
6.4 9.628119e+03 9.606444e+03 9.623006e+03 9.644682e+03
7.4 9.575882e+03 9.621535e+03 9.639099e+03 9.593447e+03
8.4 9.589038e+03 9.593084e+03 9.642572e+03 9.638526e+03
9.4 9.608169e+03 9.581836e+03 9.638204e+03 9.664537e+03
10.4 9.593531e+03 9.559873e+03 9.626398e+03 9.660056e+03
11.4 9.521558e+03 9.564166e+03 9.620501e+03 9.577894e+03
12.4 9.533026e+03 9.582443e+03 9.622052e+03 9.572635e+03
13.4 9.551033e+03 9.596111e+03 9.618807e+03 9.573729e+03
14.4 9.578862e+03 9.625540e+03 9.623712e+03 9.577034e+03
15.4 9.642372e+03 9.645223e+03 9.629329e+03 9.626478e+03
16.4 9.686235e+03 9.664441e+03 9.623352e+03 9.645145e+03
17.4 9.672999e+03 9.641849e+03 9.618686e+03 9.649836e+03
0.9 9.638414e+03 9.667333e+03 9.622537e+03 9.593618e+03
1.9 9.632450e+03 9.664288e+03 9.618129e+03 9.586290e+03
2.9 9.664074e+03 9.641020e+03 9.609659e+03 9.632713e+03
3.9 9.636314e+03 9.619008e+03 9.608695e+03 9.626000e+03
4.9 9.628119e+03 9.606444e+03 9.623006e+03 9.644682e+03
5.9 9.575882e+03 9.621535e+03 9.639099e+03 9.593447e+03
6.9 9.589038e+03 9.593084e+03 9.642572e+03 9.638526e+03
7.9 9.608169e+03 9.581836e+03 9.638204e+03 9.664537e+03
8.9 9.593531e+03 9.559873e+03 9.626398e+03 9.660056e+03
9.9 9.521558e+03 9.564166e+03 9.620501e+03 9.577894e+03
10.9 9.533026e+03 9.582443e+03 9.622052e+03 9.572635e+03
11.9 9.551033e+03 9.596111e+03 9.618807e+03 9.573729e+03
12.9 9.578862e+03 9.625540e+03 9.623712e+03 9.577034e+03
13.9 9.642372e+03 9.645223e+03 9.629329e+03 9.626478e+03
14.9 9.686235e+03 9.664441e+03 9.623352e+03 9.645145e+03
15.9 9.672999e+03 9.641849e+03 9.618686e+03 9.649836e+03
16.9 9.628335e+03 9.678941e+03 9.613260e+03 9.562654e+03
17.9 9.715705e+03 9.669466e+03 9.606607e+03 9.652846e+03
0.9 9.628119e+03 9.606444e+03 9.623006e+03 9.644682e+03
1.9 9.575882e+03 9.621535e+03 9.639099e+03 9.593447e+03
2.9 9.589038e+03 9.593084e+03 9.642572e+03 9.638526e+03
3.9 9.608169e+03 9.581836e+03 9.638204e+03 9.664537e+03
4.9 9.593531e+03 9.559873e+03 9.626398e+03 9.660056e+03
5.9 9.521558e+03 9.564166e+03 9.620501e+03 9.577894e+03
6.9 9.533026e+03 9.582443e+03 9.622052e+03 9.572635e+03
7.9 9.551033e+03 9.596111e+03 9.618807e+03 9.573729e+03
8.9 9.578862e+03 9.625540e+03 9.623712e+03 9.577034e+03
9.9 9.642372e+03 9.645223e+03 9.629329e+03 9.626478e+03
10.9 9.686235e+03 9.664441e+03 9.623352e+03 9.645145e+03
11.9 9.672999e+03 9.641849e+03 9.618686e+03 9.649836e+03
12.9 9.628335e+03 9.678941e+03 9.613260e+03 9.562654e+03
13.9 9.715705e+03 9.669466e+03 9.606607e+03 9.652846e+03
14.9 9.649326e+03 9.639364e+03 9.609505e+03 9.619467e+03
15.9 9.581161e+03 9.612694e+03 9.616791e+03 9.585259e+03
16.9 9.619316e+03 9.615724e+03 9.622109e+03 9.625701e+03
17.9 9.664878e+03 9.642869e+03 9.624769e+03 9.646777e+03
0.8 9.575882e+03 9.621535e+03 9.639099e+03 9.593447e+03
1.8 9.589038e+03 9.593084e+03 9.642572e+03 9.638526e+03
2.8 9.608169e+03 9.581836e+03 9.638204e+03 9.664537e+03
3.8 9.593531e+03 9.559873e+03 9.626398e+03 9.660056e+03
4.8 9.521558e+03 9.564166e+03 9.620501e+03 9.577894e+03
5.8 9.533026e+03 9.582443e+03 9.622052e+03 9.572635e+03
6.8 9.551033e+03 9.596111e+03 9.618807e+03 9.573729e+03
7.8 9.578862e+03 9.625540e+03 9.623712e+03 9.577034e+03
8.8 9.642372e+03 9.645223e+03 9.629329e+03 9.626478e+03
9.8 9.686235e+03 9.664441e+03 9.623352e+03 9.645145e+03
10.8 9.672999e+03 9.641849e+03 9.618686e+03 9.649836e+03
11.8 9.628335e+03 9.678941e+03 9.613260e+03 9.562654e+03
12.8 9.715705e+03 9.669466e+03 9.606607e+03 9.652846e+03
13.8 9.649326e+03 9.639364e+03 9.609505e+03 9.619467e+03
14.8 9.581161e+03 9.612694e+03 9.616791e+03 9.585259e+03
15.8 9.619316e+03 9.615724e+03 9.622109e+03 9.625701e+03
16.8 9.664878e+03 9.642869e+03 9.624769e+03 9.646777e+03
17.8 9.679909e+03 9.655662e+03 9.625705e+03 9.649952e+03
0.7 9.589038e+03 9.593084e+03 9.642572e+03 9.638526e+03
1.7 9.608169e+03 9.581836e+03 9.638204e+03 9.664537e+03
2.7 9.593531e+03 9.559873e+03 9.626398e+03 9.660056e+03
3.7 9.521558e+03 9.564166e+03 9.620501e+03 9.577894e+03
4.7 9.533026e+03 9.582443e+03 9.622052e+03 9.572635e+03
5.7 9.551033e+03 9.596111e+03 9.618807e+03 9.573729e+03
6.7 9.578862e+03 9.625540e+03 9.623712e+03 9.577034e+03
7.7 9.642372e+03 9.645223e+03 9.629329e+03 9.626478e+03
8.7 9.686235e+03 9.664441e+03 9.623352e+03 9.645145e+03
9.7 9.672999e+03 9.641849e+03 9.618686e+03 9.649836e+03
10.7 9.628335e+03 9.678941e+03 9.613260e+03 9.562654e+03
11.7 9.715705e+03 9.669466e+03 9.606607e+03 9.652846e+03
12.7 9.649326e+03 9.639364e+03 9.609505e+03 9.619467e+03
13.7 9.581161e+03 9.612694e+03 9.616791e+03 9.585259e+03
14.7 9.619316e+03 9.615724e+03 9.622109e+03 9.625701e+03
15.7 9.664878e+03 9.642869e+03 9.624769e+03 9.646777e+03
16.7 9.679909e+03 9.655662e+03 9.625705e+03 9.649952e+03
17.7 9.639844e+03 9.669500e+03 9.625687e+03 9.596032e+03
0.9 9.608169e+03 9.581836e+03 9.638204e+03 9.664537e+03
1.9 9.593531e+03 9.559873e+03 9.626398e+03 9.660056e+03
2.9 9.521558e+03 9.564166e+03 9.620501e+03 9.577894e+03
3.9 9.533026e+03 9.582443e+03 9.622052e+03 9.572635e+03
4.9 9.551033e+03 9.596111e+03 9.618807e+03 9.573729e+03
5.9 9.578862e+03 9.625540e+03 9.623712e+03 9.577034e+03
6.9 9.642372e+03 9.645223e+03 9.629329e+03 9.626478e+03
7.9 9.686235e+03 9.664441e+03 9.623352e+03 9.645145e+03
8.9 9.672999e+03 9.641849e+03 9.618686e+03 9.649836e+03
9.9 9.628335e+03 9.678941e+03 9.613260e+03 9.562654e+03
10.9 9.715705e+03 9.669466e+03 9.606607e+03 9.652846e+03
11.9 9.649326e+03 9.639364e+03 9.609505e+03 9.619467e+03
12.9 9.581161e+03 9.612694e+03 9.616791e+03 9.585259e+03
13.9 9.619316e+03 9.615724e+03 9.622109e+03 9.625701e+03
14.9 9.664878e+03 9.642869e+03 9.624769e+03 9.646777e+03
15.9 9.679909e+03 9.655662e+03 9.625705e+03 9.649952e+03
16.9 9.639844e+03 9.669500e+03 9.625687e+03 9.596032e+03
17.9 9.649664e+03 9.653521e+03 9.625249e+03 9.621393e+03
0.4 9.593531e+03 9.559873e+03 9.626398e+03 9.660056e+03
1.4 9.521558e+03 9.564166e+03 9.620501e+03 9.577894e+03
2.4 9.533026e+03 9.582443e+03 9.622052e+03 9.572635e+03
3.4 9.551033e+03 9.596111e+03 9.618807e+03 9.573729e+03
4.4 9.578862e+03 9.625540e+03 9.623712e+03 9.577034e+03
5.4 9.642372e+03 9.645223e+03 9.629329e+03 9.626478e+03
6.4 9.686235e+03 9.664441e+03 9.623352e+03 9.645145e+03
7.4 9.672999e+03 9.641849e+03 9.618686e+03 9.649836e+03
8.4 9.628335e+03 9.678941e+03 9.613260e+03 9.562654e+03
9.4 9.715705e+03 9.669466e+03 9.606607e+03 9.652846e+03
10.4 9.649326e+03 9.639364e+03 9.609505e+03 9.619467e+03
11.4 9.581161e+03 9.612694e+03 9.616791e+03 9.585259e+03
12.4 9.619316e+03 9.615724e+03 9.622109e+03 9.625701e+03
13.4 9.664878e+03 9.642869e+03 9.624769e+03 9.646777e+03
14.4 9.679909e+03 9.655662e+03 9.625705e+03 9.649952e+03
15.4 9.639844e+03 9.669500e+03 9.625687e+03 9.596032e+03
16.4 9.649664e+03 9.653521e+03 9.625249e+03 9.621393e+03
17.4 9.653635e+03 9.628636e+03 9.624749e+03 9.649748e+03
0.5 9.521558e+03 9.564166e+03 9.620501e+03 9.577894e+03
1.5 9.533026e+03 9.582443e+03 9.622052e+03 9.572635e+03
2.5 9.551033e+03 9.596111e+03 9.618807e+03 9.573729e+03
3.5 9.578862e+03 9.625540e+03 9.623712e+03 9.577034e+03
4.5 9.642372e+03 9.645223e+03 9.629329e+03 9.626478e+03
5.5 9.686235e+03 9.664441e+03 9.623352e+03 9.645145e+03
6.5 9.672999e+03 9.641849e+03 9.618686e+03 9.649836e+03
7.5 9.628335e+03 9.678941e+03 9.613260e+03 9.562654e+03
8.5 9.715705e+03 9.669466e+03 9.606607e+03 9.652846e+03
9.5 9.649326e+03 9.639364e+03 9.609505e+03 9.619467e+03
10.5 9.581161e+03 9.612694e+03 9.616791e+03 9.585259e+03
11.5 9.619316e+03 9.615724e+03 9.622109e+03 9.625701e+03
12.5 9.664878e+03 9.642869e+03 9.624769e+03 9.646777e+03
13.5 9.679909e+03 9.655662e+03 9.625705e+03 9.649952e+03
14.5 9.639844e+03 9.669500e+03 9.625687e+03 9.596032e+03
15.5 9.649664e+03 9.653521e+03 9.625249e+03 9.621393e+03
16.5 9.653635e+03 9.628636e+03 9.624749e+03 9.649748e+03
17.5 9.617629e+03 9.620880e+03 9.624790e+03 9.621539e+03
0.7 9.551033e+03 9.596111e+03 9.618807e+03 9.573729e+03
1.7 9.578862e+03 9.625540e+03 9.623712e+03 9.577034e+03
2.7 9.642372e+03 9.645223e+03 9.629329e+03 9.626478e+03
3.7 9.686235e+03 9.664441e+03 9.623352e+03 9.645145e+03
4.7 9.672999e+03 9.641849e+03 9.618686e+03 9.649836e+03
5.7 9.628335e+03 9.678941e+03 9.613260e+03 9.562654e+03
6.7 9.715705e+03 9.669466e+03 9.606607e+03 9.652846e+03
7.7 9.649326e+03 9.639364e+03 9.609505e+03 9.619467e+03
8.7 9.581161e+03 9.612694e+03 9.616791e+03 9.585259e+03
9.7 9.619316e+03 9.615724e+03 9.622109e+03 9.625701e+03
10.7 9.664878e+03 9.642869e+03 9.624769e+03 9.646777e+03
11.7 9.679909e+03 9.655662e+03 9.625705e+03 9.649952e+03
12.7 9.639844e+03 9.669500e+03 9.625687e+03 9.596032e+03
13.7 9.649664e+03 9.653521e+03 9.625249e+03 9.621393e+03
14.7 9.653635e+03 9.628636e+03 9.624749e+03 9.649748e+03
15.7 9.617629e+03 9.620880e+03 9.624790e+03 9.621539e+03
16.7 9.613717e+03 9.626289e+03 9.631808e+03 9.619236e+03
17.7 9.607361e+03 9.608622e+03 9.636021e+03 9.634759e+03
0.8 9.578862e+03 9.625540e+03 9.623712e+03 9.577034e+03
1.8 9.642372e+03 9.645223e+03 9.629329e+03 9.626478e+03
2.8 9.686235e+03 9.664441e+03 9.623352e+03 9.645145e+03
3.8 9.672999e+03 9.641849e+03 9.618686e+03 9.649836e+03
4.8 9.628335e+03 9.678941e+03 9.613260e+03 9.562654e+03
5.8 9.715705e+03 9.669466e+03 9.606607e+03 9.652846e+03
6.8 9.649326e+03 9.639364e+03 9.609505e+03 9.619467e+03
7.8 9.581161e+03 9.612694e+03 9.616791e+03 9.585259e+03
8.8 9.619316e+03 9.615724e+03 9.622109e+03 9.625701e+03
9.8 9.664878e+03 9.642869e+03 9.624769e+03 9.646777e+03
10.8 9.679909e+03 9.655662e+03 9.625705e+03 9.649952e+03
11.8 9.639844e+03 9.669500e+03 9.625687e+03 9.596032e+03
12.8 9.649664e+03 9.653521e+03 9.625249e+03 9.621393e+03
13.8 9.653635e+03 9.628636e+03 9.624749e+03 9.649748e+03
14.8 9.617629e+03 9.620880e+03 9.624790e+03 9.621539e+03
15.8 9.613717e+03 9.626289e+03 9.631808e+03 9.619236e+03
16.8 9.607361e+03 9.608622e+03 9.636021e+03 9.634759e+03
17.8 9.586718e+03 9.607421e+03 9.632657e+03 9.611954e+03
0.7 9.642372e+03 9.645223e+03 9.629329e+03 9.626478e+03
1.7 9.686235e+03 9.664441e+03 9.623352e+03 9.645145e+03
2.7 9.672999e+03 9.641849e+03 9.618686e+03 9.649836e+03
3.7 9.628335e+03 9.678941e+03 9.613260e+03 9.562654e+03
4.7 9.715705e+03 9.669466e+03 9.606607e+03 9.652846e+03
5.7 9.649326e+03 9.639364e+03 9.609505e+03 9.619467e+03
6.7 9.581161e+03 9.612694e+03 9.616791e+03 9.585259e+03
7.7 9.619316e+03 9.615724e+03 9.622109e+03 9.625701e+03
8.7 9.664878e+03 9.642869e+03 9.624769e+03 9.646777e+03
9.7 9.679909e+03 9.655662e+03 9.625705e+03 9.649952e+03
10.7 9.639844e+03 9.669500e+03 9.625687e+03 9.596032e+03
11.7 9.649664e+03 9.653521e+03 9.625249e+03 9.621393e+03
12.7 9.653635e+03 9.628636e+03 9.624749e+03 9.649748e+03
13.7 9.617629e+03 9.620880e+03 9.624790e+03 9.621539e+03
14.7 9.613717e+03 9.626289e+03 9.631808e+03 9.619236e+03
15.7 9.607361e+03 9.608622e+03 9.636021e+03 9.634759e+03
16.7 9.586718e+03 9.607421e+03 9.632657e+03 9.611954e+03
17.7 9.632034e+03 9.620617e+03 9.635631e+03 9.647049e+03
0.2 9.686235e+03 9.664441e+03 9.623352e+03 9.645145e+03
1.2 9.672999e+03 9.641849e+03 9.618686e+03 9.649836e+03
2.2 9.628335e+03 9.678941e+03 9.613260e+03 9.562654e+03
3.2 9.715705e+03 9.669466e+03 9.606607e+03 9.652846e+03
4.2 9.649326e+03 9.639364e+03 9.609505e+03 9.619467e+03
5.2 9.581161e+03 9.612694e+03 9.616791e+03 9.585259e+03
6.2 9.619316e+03 9.615724e+03 9.622109e+03 9.625701e+03
7.2 9.664878e+03 9.642869e+03 9.624769e+03 9.646777e+03
8.2 9.679909e+03 9.655662e+03 9.625705e+03 9.649952e+03
9.2 9.639844e+03 9.669500e+03 9.625687e+03 9.596032e+03
10.2 9.649664e+03 9.653521e+03 9.625249e+03 9.621393e+03
11.2 9.653635e+03 9.628636e+03 9.624749e+03 9.649748e+03
12.2 9.617629e+03 9.620880e+03 9.624790e+03 9.621539e+03
13.2 9.613717e+03 9.626289e+03 9.631808e+03 9.619236e+03
14.2 9.607361e+03 9.608622e+03 9.636021e+03 9.634759e+03
15.2 9.586718e+03 9.607421e+03 9.632657e+03 9.611954e+03
16.2 9.632034e+03 9.620617e+03 9.635631e+03 9.647049e+03
17.2 9.654824e+03 9.615840e+03 9.634926e+03 9.673911e+03
0.8 9.613717e+03 9.626289e+03 9.631808e+03 9.619236e+03
1.8 9.607361e+03 9.608622e+03 9.636021e+03 9.634759e+03
2.8 9.586718e+03 9.607421e+03 9.632657e+03 9.611954e+03
3.8 9.632034e+03 9.620617e+03 9.635631e+03 9.647049e+03
4.8 9.654824e+03 9.615840e+03 9.634926e+03 9.673911e+03
5.8 9.654249e+03 9.618871e+03 9.623861e+03 9.659239e+03
6.8 9.623994e+03 9.617350e+03 9.609985e+03 9.616629e+03
7.8 9.611436e+03 9.625968e+03 9.606569e+03 9.592037e+03
8.8 9.630701e+03 9.632616e+03 9.620296e+03 9.618381e+03
9.8 9.598867e+03 9.604363e+03 9.629427e+03 9.623931e+03
10.8 9.598274e+03 9.596816e+03 9.633562e+03 9.635020e+03
11.8 9.584834e+03 9.598917e+03 9.636452e+03 9.622368e+03
12.8 9.571852e+03 9.591502e+03 9.629903e+03 9.610252e+03
13.8 9.581442e+03 9.585880e+03 9.620782e+03 9.616344e+03
14.8 9.557232e+03 9.607950e+03 9.617857e+03 9.567139e+03
15.8 9.612087e+03 9.633960e+03 9.621483e+03 9.599610e+03
16.8 9.647472e+03 9.640681e+03 9.623198e+03 9.629989e+03
17.8 9.644693e+03 9.639397e+03 9.624303e+03 9.629600e+03
0.7 9.586718e+03 9.607421e+03 9.632657e+03 9.611954e+03
1.7 9.632034e+03 9.620617e+03 9.635631e+03 9.647049e+03
2.7 9.654824e+03 9.615840e+03 9.634926e+03 9.673911e+03
3.7 9.654249e+03 9.618871e+03 9.623861e+03 9.659239e+03
4.7 9.623994e+03 9.617350e+03 9.609985e+03 9.616629e+03
5.7 9.611436e+03 9.625968e+03 9.606569e+03 9.592037e+03
6.7 9.630701e+03 9.632616e+03 9.620296e+03 9.618381e+03
7.7 9.598867e+03 9.604363e+03 9.629427e+03 9.623931e+03
8.7 9.598274e+03 9.596816e+03 9.633562e+03 9.635020e+03
9.7 9.584834e+03 9.598917e+03 9.636452e+03 9.622368e+03
10.7 9.571852e+03 9.591502e+03 9.629903e+03 9.610252e+03
11.7 9.581442e+03 9.585880e+03 9.620782e+03 9.616344e+03
12.7 9.557232e+03 9.607950e+03 9.617857e+03 9.567139e+03
13.7 9.612087e+03 9.633960e+03 9.621483e+03 9.599610e+03
14.7 9.647472e+03 9.640681e+03 9.623198e+03 9.629989e+03
15.7 9.644693e+03 9.639397e+03 9.624303e+03 9.629600e+03
16.7 9.663485e+03 9.649105e+03 9.626440e+03 9.640820e+03
17.7 9.638479e+03 9.640144e+03 9.623403e+03 9.621738e+03
0.8 9.632034e+03 9.620617e+03 9.635631e+03 9.647049e+03
1.8 9.654824e+03 9.615840e+03 9.634926e+03 9.673911e+03
2.8 9.654249e+03 9.618871e+03 9.623861e+03 9.659239e+03
3.8 9.623994e+03 9.617350e+03 9.609985e+03 9.616629e+03
4.8 9.611436e+03 9.625968e+03 9.606569e+03 9.592037e+03
5.8 9.630701e+03 9.632616e+03 9.620296e+03 9.618381e+03
6.8 9.598867e+03 9.604363e+03 9.629427e+03 9.623931e+03
7.8 9.598274e+03 9.596816e+03 9.633562e+03 9.635020e+03
8.8 9.584834e+03 9.598917e+03 9.636452e+03 9.622368e+03
9.8 9.571852e+03 9.591502e+03 9.629903e+03 9.610252e+03
10.8 9.581442e+03 9.585880e+03 9.620782e+03 9.616344e+03
11.8 9.557232e+03 9.607950e+03 9.617857e+03 9.567139e+03
12.8 9.612087e+03 9.633960e+03 9.621483e+03 9.599610e+03
13.8 9.647472e+03 9.640681e+03 9.623198e+03 9.629989e+03
14.8 9.644693e+03 9.639397e+03 9.624303e+03 9.629600e+03
15.8 9.663485e+03 9.649105e+03 9.626440e+03 9.640820e+03
16.8 9.638479e+03 9.640144e+03 9.623403e+03 9.621738e+03
17.8 9.588900e+03 9.681305e+03 9.613815e+03 9.521411e+03
0.5 9.654824e+03 9.615840e+03 9.634926e+03 9.673911e+03
1.5 9.654249e+03 9.618871e+03 9.623861e+03 9.659239e+03
2.5 9.623994e+03 9.617350e+03 9.609985e+03 9.616629e+03
3.5 9.611436e+03 9.625968e+03 9.606569e+03 9.592037e+03
4.5 9.630701e+03 9.632616e+03 9.620296e+03 9.618381e+03
5.5 9.598867e+03 9.604363e+03 9.629427e+03 9.623931e+03
6.5 9.598274e+03 9.596816e+03 9.633562e+03 9.635020e+03
7.5 9.584834e+03 9.598917e+03 9.636452e+03 9.622368e+03
8.5 9.571852e+03 9.591502e+03 9.629903e+03 9.610252e+03
9.5 9.581442e+03 9.585880e+03 9.620782e+03 9.616344e+03
10.5 9.557232e+03 9.607950e+03 9.617857e+03 9.567139e+03
11.5 9.612087e+03 9.633960e+03 9.621483e+03 9.599610e+03
12.5 9.647472e+03 9.640681e+03 9.623198e+03 9.629989e+03
13.5 9.644693e+03 9.639397e+03 9.624303e+03 9.629600e+03
14.5 9.663485e+03 9.649105e+03 9.626440e+03 9.640820e+03
15.5 9.638479e+03 9.640144e+03 9.623403e+03 9.621738e+03
16.5 9.588900e+03 9.681305e+03 9.613815e+03 9.521411e+03
17.5 9.661024e+03 9.648972e+03 9.609277e+03 9.621329e+03
0.2 9.611436e+03 9.625968e+03 9.606569e+03 9.592037e+03
1.2 9.630701e+03 9.632616e+03 9.620296e+03 9.618381e+03
2.2 9.598867e+03 9.604363e+03 9.629427e+03 9.623931e+03
3.2 9.598274e+03 9.596816e+03 9.633562e+03 9.635020e+03
4.2 9.584834e+03 9.598917e+03 9.636452e+03 9.622368e+03
5.2 9.571852e+03 9.591502e+03 9.629903e+03 9.610252e+03
6.2 9.581442e+03 9.585880e+03 9.620782e+03 9.616344e+03
7.2 9.557232e+03 9.607950e+03 9.617857e+03 9.567139e+03
8.2 9.612087e+03 9.633960e+03 9.621483e+03 9.599610e+03
9.2 9.647472e+03 9.640681e+03 9.623198e+03 9.629989e+03
10.2 9.644693e+03 9.639397e+03 9.624303e+03 9.629600e+03
11.2 9.663485e+03 9.649105e+03 9.626440e+03 9.640820e+03
12.2 9.638479e+03 9.640144e+03 9.623403e+03 9.621738e+03
13.2 9.588900e+03 9.681305e+03 9.613815e+03 9.521411e+03
14.2 9.661024e+03 9.648972e+03 9.609277e+03 9.621329e+03
15.2 9.625572e+03 9.622599e+03 9.614091e+03 9.617064e+03
16.2 9.588612e+03 9.613767e+03 9.620009e+03 9.594853e+03
17.2 9.626101e+03 9.624801e+03 9.623658e+03 9.624958e+03
0.4 9.598867e+03 9.604363e+03 9.629427e+03 9.623931e+03
1.4 9.598274e+03 9.596816e+03 9.633562e+03 9.635020e+03
2.4 9.584834e+03 9.598917e+03 9.636452e+03 9.622368e+03
3.4 9.571852e+03 9.591502e+03 9.629903e+03 9.610252e+03
4.4 9.581442e+03 9.585880e+03 9.620782e+03 9.616344e+03
5.4 9.557232e+03 9.607950e+03 9.617857e+03 9.567139e+03
6.4 9.612087e+03 9.633960e+03 9.621483e+03 9.599610e+03
7.4 9.647472e+03 9.640681e+03 9.623198e+03 9.629989e+03
8.4 9.644693e+03 9.639397e+03 9.624303e+03 9.629600e+03
9.4 9.663485e+03 9.649105e+03 9.626440e+03 9.640820e+03
10.4 9.638479e+03 9.640144e+03 9.623403e+03 9.621738e+03
11.4 9.588900e+03 9.681305e+03 9.613815e+03 9.521411e+03
12.4 9.661024e+03 9.648972e+03 9.609277e+03 9.621329e+03
13.4 9.625572e+03 9.622599e+03 9.614091e+03 9.617064e+03
14.4 9.588612e+03 9.613767e+03 9.620009e+03 9.594853e+03
15.4 9.626101e+03 9.624801e+03 9.623658e+03 9.624958e+03
16.4 9.681846e+03 9.640958e+03 9.625377e+03 9.666265e+03
17.4 9.655962e+03 9.629192e+03 9.625900e+03 9.652670e+03
0.4 9.598274e+03 9.596816e+03 9.633562e+03 9.635020e+03
1.4 9.584834e+03 9.598917e+03 9.636452e+03 9.622368e+03
2.4 9.571852e+03 9.591502e+03 9.629903e+03 9.610252e+03
3.4 9.581442e+03 9.585880e+03 9.620782e+03 9.616344e+03
4.4 9.557232e+03 9.607950e+03 9.617857e+03 9.567139e+03
5.4 9.612087e+03 9.633960e+03 9.621483e+03 9.599610e+03
6.4 9.647472e+03 9.640681e+03 9.623198e+03 9.629989e+03
7.4 9.644693e+03 9.639397e+03 9.624303e+03 9.629600e+03
8.4 9.663485e+03 9.649105e+03 9.626440e+03 9.640820e+03
9.4 9.638479e+03 9.640144e+03 9.623403e+03 9.621738e+03
10.4 9.588900e+03 9.681305e+03 9.613815e+03 9.521411e+03
11.4 9.661024e+03 9.648972e+03 9.609277e+03 9.621329e+03
12.4 9.625572e+03 9.622599e+03 9.614091e+03 9.617064e+03
13.4 9.588612e+03 9.613767e+03 9.620009e+03 9.594853e+03
14.4 9.626101e+03 9.624801e+03 9.623658e+03 9.624958e+03
15.4 9.681846e+03 9.640958e+03 9.625377e+03 9.666265e+03
16.4 9.655962e+03 9.629192e+03 9.625900e+03 9.652670e+03
17.4 9.615619e+03 9.622327e+03 9.625754e+03 9.619046e+03
0.1 9.584834e+03 9.598917e+03 9.636452e+03 9.622368e+03
1.1 9.571852e+03 9.591502e+03 9.629903e+03 9.610252e+03
2.1 9.581442e+03 9.585880e+03 9.620782e+03 9.616344e+03
3.1 9.557232e+03 9.607950e+03 9.617857e+03 9.567139e+03
4.1 9.612087e+03 9.633960e+03 9.621483e+03 9.599610e+03
5.1 9.647472e+03 9.640681e+03 9.623198e+03 9.629989e+03
6.1 9.644693e+03 9.639397e+03 9.624303e+03 9.629600e+03
7.1 9.663485e+03 9.649105e+03 9.626440e+03 9.640820e+03
8.1 9.638479e+03 9.640144e+03 9.623403e+03 9.621738e+03
9.1 9.588900e+03 9.681305e+03 9.613815e+03 9.521411e+03
10.1 9.661024e+03 9.648972e+03 9.609277e+03 9.621329e+03
11.1 9.625572e+03 9.622599e+03 9.614091e+03 9.617064e+03
12.1 9.588612e+03 9.613767e+03 9.620009e+03 9.594853e+03
13.1 9.626101e+03 9.624801e+03 9.623658e+03 9.624958e+03
14.1 9.681846e+03 9.640958e+03 9.625377e+03 9.666265e+03
15.1 9.655962e+03 9.629192e+03 9.625900e+03 9.652670e+03
16.1 9.615619e+03 9.622327e+03 9.625754e+03 9.619046e+03
17.1 9.608156e+03 9.607711e+03 9.625336e+03 9.625781e+03
0.4 9.581442e+03 9.585880e+03 9.620782e+03 9.616344e+03
1.4 9.557232e+03 9.607950e+03 9.617857e+03 9.567139e+03
2.4 9.612087e+03 9.633960e+03 9.621483e+03 9.599610e+03
3.4 9.647472e+03 9.640681e+03 9.623198e+03 9.629989e+03
4.4 9.644693e+03 9.639397e+03 9.624303e+03 9.629600e+03
5.4 9.663485e+03 9.649105e+03 9.626440e+03 9.640820e+03
6.4 9.638479e+03 9.640144e+03 9.623403e+03 9.621738e+03
7.4 9.588900e+03 9.681305e+03 9.613815e+03 9.521411e+03
8.4 9.661024e+03 9.648972e+03 9.609277e+03 9.621329e+03
9.4 9.625572e+03 9.622599e+03 9.614091e+03 9.617064e+03
10.4 9.588612e+03 9.613767e+03 9.620009e+03 9.594853e+03
11.4 9.626101e+03 9.624801e+03 9.623658e+03 9.624958e+03
12.4 9.681846e+03 9.640958e+03 9.625377e+03 9.666265e+03
13.4 9.655962e+03 9.629192e+03 9.625900e+03 9.652670e+03
14.4 9.615619e+03 9.622327e+03 9.625754e+03 9.619046e+03
15.4 9.608156e+03 9.607711e+03 9.625336e+03 9.625781e+03
16.4 9.622698e+03 9.621661e+03 9.624907e+03 9.625944e+03
17.4 9.617176e+03 9.599726e+03 9.624574e+03 9.642025e+03
0.8 9.612087e+03 9.633960e+03 9.621483e+03 9.599610e+03
1.8 9.647472e+03 9.640681e+03 9.623198e+03 9.629989e+03
2.8 9.644693e+03 9.639397e+03 9.624303e+03 9.629600e+03
3.8 9.663485e+03 9.649105e+03 9.626440e+03 9.640820e+03
4.8 9.638479e+03 9.640144e+03 9.623403e+03 9.621738e+03
5.8 9.588900e+03 9.681305e+03 9.613815e+03 9.521411e+03
6.8 9.661024e+03 9.648972e+03 9.609277e+03 9.621329e+03
7.8 9.625572e+03 9.622599e+03 9.614091e+03 9.617064e+03
8.8 9.588612e+03 9.613767e+03 9.620009e+03 9.594853e+03
9.8 9.626101e+03 9.624801e+03 9.623658e+03 9.624958e+03
10.8 9.681846e+03 9.640958e+03 9.625377e+03 9.666265e+03
11.8 9.655962e+03 9.629192e+03 9.625900e+03 9.652670e+03
12.8 9.615619e+03 9.622327e+03 9.625754e+03 9.619046e+03
13.8 9.608156e+03 9.607711e+03 9.625336e+03 9.625781e+03
14.8 9.622698e+03 9.621661e+03 9.624907e+03 9.625944e+03
15.8 9.617176e+03 9.599726e+03 9.624574e+03 9.642025e+03
16.8 9.605284e+03 9.603755e+03 9.624344e+03 9.625874e+03
17.8 9.641248e+03 9.617883e+03 9.624188e+03 9.647553e+03
0.1 9.647472e+03 9.640681e+03 9.623198e+03 9.629989e+03
1.1 9.644693e+03 9.639397e+03 9.624303e+03 9.629600e+03
2.1 9.663485e+03 9.649105e+03 9.626440e+03 9.640820e+03
3.1 9.638479e+03 9.640144e+03 9.623403e+03 9.621738e+03
4.1 9.588900e+03 9.681305e+03 9.613815e+03 9.521411e+03
5.1 9.661024e+03 9.648972e+03 9.609277e+03 9.621329e+03
6.1 9.625572e+03 9.622599e+03 9.614091e+03 9.617064e+03
7.1 9.588612e+03 9.613767e+03 9.620009e+03 9.594853e+03
8.1 9.626101e+03 9.624801e+03 9.623658e+03 9.624958e+03
9.1 9.681846e+03 9.640958e+03 9.625377e+03 9.666265e+03
10.1 9.655962e+03 9.629192e+03 9.625900e+03 9.652670e+03
11.1 9.615619e+03 9.622327e+03 9.625754e+03 9.619046e+03
12.1 9.608156e+03 9.607711e+03 9.625336e+03 9.625781e+03
13.1 9.622698e+03 9.621661e+03 9.624907e+03 9.625944e+03
14.1 9.617176e+03 9.599726e+03 9.624574e+03 9.642025e+03
15.1 9.605284e+03 9.603755e+03 9.624344e+03 9.625874e+03
16.1 9.641248e+03 9.617883e+03 9.624188e+03 9.647553e+03
17.1 9.604563e+03 9.631387e+03 9.624075e+03 9.597251e+03
0.7 9.663485e+03 9.649105e+03 9.626440e+03 9.640820e+03
1.7 9.638479e+03 9.640144e+03 9.623403e+03 9.621738e+03
2.7 9.588900e+03 9.681305e+03 9.613815e+03 9.521411e+03
3.7 9.661024e+03 9.648972e+03 9.609277e+03 9.621329e+03
4.7 9.625572e+03 9.622599e+03 9.614091e+03 9.617064e+03
5.7 9.588612e+03 9.613767e+03 9.620009e+03 9.594853e+03
6.7 9.626101e+03 9.624801e+03 9.623658e+03 9.624958e+03
7.7 9.681846e+03 9.640958e+03 9.625377e+03 9.666265e+03
8.7 9.655962e+03 9.629192e+03 9.625900e+03 9.652670e+03
9.7 9.615619e+03 9.622327e+03 9.625754e+03 9.619046e+03
10.7 9.608156e+03 9.607711e+03 9.625336e+03 9.625781e+03
11.7 9.622698e+03 9.621661e+03 9.624907e+03 9.625944e+03
12.7 9.617176e+03 9.599726e+03 9.624574e+03 9.642025e+03
13.7 9.605284e+03 9.603755e+03 9.624344e+03 9.625874e+03
14.7 9.641248e+03 9.617883e+03 9.624188e+03 9.647553e+03
15.7 9.604563e+03 9.631387e+03 9.624075e+03 9.597251e+03
16.7 9.612436e+03 9.631190e+03 9.623987e+03 9.605233e+03
17.7 9.617896e+03 9.642061e+03 9.623909e+03 9.599744e+03
0.0 9.610879e+03 9.632722e+03 9.624851e+03 9.603008e+03
1.0 9.718142e+03 9.638713e+03 9.633661e+03 9.713090e+03
2.0 9.652095e+03 9.625164e+03 9.634458e+03 9.661389e+03
3.0 9.633159e+03 9.625104e+03 9.620823e+03 9.628878e+03
4.0 9.683685e+03 9.624368e+03 9.614252e+03 9.673569e+03
5.0 9.635176e+03 9.634814e+03 9.623892e+03 9.624254e+03
6.0 9.598762e+03 9.630124e+03 9.634377e+03 9.603015e+03
7.0 9.630582e+03 9.626590e+03 9.634826e+03 9.638818e+03
8.0 9.597933e+03 9.626821e+03 9.632551e+03 9.603663e+03
9.0 9.605992e+03 9.601015e+03 9.625907e+03 9.630885e+03
10.0 9.636525e+03 9.616539e+03 9.621054e+03 9.641040e+03
11.0 9.606862e+03 9.607398e+03 9.615137e+03 9.614602e+03
12.0 9.608044e+03 9.625337e+03 9.607442e+03 9.590149e+03
13.0 9.646466e+03 9.639478e+03 9.609561e+03 9.616550e+03
14.0 9.659818e+03 9.637594e+03 9.616253e+03 9.638478e+03
15.0 9.615682e+03 9.621667e+03 9.621288e+03 9.615303e+03
16.0 9.590642e+03 9.636931e+03 9.623931e+03 9.577642e+03
17.0 9.646131e+03 9.643213e+03 9.624999e+03 9.627917e+03
0.8 9.635176e+03 9.634814e+03 9.623892e+03 9.624254e+03
1.8 9.598762e+03 9.630124e+03 9.634377e+03 9.603015e+03
2.8 9.630582e+03 9.626590e+03 9.634826e+03 9.638818e+03
3.8 9.597933e+03 9.626821e+03 9.632551e+03 9.603663e+03
4.8 9.605992e+03 9.601015e+03 9.625907e+03 9.630885e+03
5.8 9.636525e+03 9.616539e+03 9.621054e+03 9.641040e+03
6.8 9.606862e+03 9.607398e+03 9.615137e+03 9.614602e+03
7.8 9.608044e+03 9.625337e+03 9.607442e+03 9.590149e+03
8.8 9.646466e+03 9.639478e+03 9.609561e+03 9.616550e+03
9.8 9.659818e+03 9.637594e+03 9.616253e+03 9.638478e+03
10.8 9.615682e+03 9.621667e+03 9.621288e+03 9.615303e+03
11.8 9.590642e+03 9.636931e+03 9.623931e+03 9.577642e+03
12.8 9.646131e+03 9.643213e+03 9.624999e+03 9.627917e+03
13.8 9.644948e+03 9.649276e+03 9.625164e+03 9.620837e+03
14.8 9.646296e+03 9.653349e+03 9.624906e+03 9.617854e+03
15.8 9.709150e+03 9.648208e+03 9.624743e+03 9.685686e+03
16.8 9.671441e+03 9.638589e+03 9.631151e+03 9.664003e+03
17.8 9.663584e+03 9.626091e+03 9.639881e+03 9.677374e+03
0.2 9.598762e+03 9.630124e+03 9.634377e+03 9.603015e+03
1.2 9.630582e+03 9.626590e+03 9.634826e+03 9.638818e+03
2.2 9.597933e+03 9.626821e+03 9.632551e+03 9.603663e+03
3.2 9.605992e+03 9.601015e+03 9.625907e+03 9.630885e+03
4.2 9.636525e+03 9.616539e+03 9.621054e+03 9.641040e+03
5.2 9.606862e+03 9.607398e+03 9.615137e+03 9.614602e+03
6.2 9.608044e+03 9.625337e+03 9.607442e+03 9.590149e+03
7.2 9.646466e+03 9.639478e+03 9.609561e+03 9.616550e+03
8.2 9.659818e+03 9.637594e+03 9.616253e+03 9.638478e+03
9.2 9.615682e+03 9.621667e+03 9.621288e+03 9.615303e+03
10.2 9.590642e+03 9.636931e+03 9.623931e+03 9.577642e+03
11.2 9.646131e+03 9.643213e+03 9.624999e+03 9.627917e+03
12.2 9.644948e+03 9.649276e+03 9.625164e+03 9.620837e+03
13.2 9.646296e+03 9.653349e+03 9.624906e+03 9.617854e+03
14.2 9.709150e+03 9.648208e+03 9.624743e+03 9.685686e+03
15.2 9.671441e+03 9.638589e+03 9.631151e+03 9.664003e+03
16.2 9.663584e+03 9.626091e+03 9.639881e+03 9.677374e+03
17.2 9.617627e+03 9.625573e+03 9.639734e+03 9.631788e+03
0.9 9.597933e+03 9.626821e+03 9.632551e+03 9.603663e+03
1.9 9.605992e+03 9.601015e+03 9.625907e+03 9.630885e+03
2.9 9.636525e+03 9.616539e+03 9.621054e+03 9.641040e+03
3.9 9.606862e+03 9.607398e+03 9.615137e+03 9.614602e+03
4.9 9.608044e+03 9.625337e+03 9.607442e+03 9.590149e+03
5.9 9.646466e+03 9.639478e+03 9.609561e+03 9.616550e+03
6.9 9.659818e+03 9.637594e+03 9.616253e+03 9.638478e+03
7.9 9.615682e+03 9.621667e+03 9.621288e+03 9.615303e+03
8.9 9.590642e+03 9.636931e+03 9.623931e+03 9.577642e+03
9.9 9.646131e+03 9.643213e+03 9.624999e+03 9.627917e+03
10.9 9.644948e+03 9.649276e+03 9.625164e+03 9.620837e+03
11.9 9.646296e+03 9.653349e+03 9.624906e+03 9.617854e+03
12.9 9.709150e+03 9.648208e+03 9.624743e+03 9.685686e+03
13.9 9.671441e+03 9.638589e+03 9.631151e+03 9.664003e+03
14.9 9.663584e+03 9.626091e+03 9.639881e+03 9.677374e+03
15.9 9.617627e+03 9.625573e+03 9.639734e+03 9.631788e+03
16.9 9.617758e+03 9.625093e+03 9.634157e+03 9.626822e+03
17.9 9.628704e+03 9.626561e+03 9.621237e+03 9.623381e+03
0.3 9.605992e+03 9.601015e+03 9.625907e+03 9.630885e+03
1.3 9.636525e+03 9.616539e+03 9.621054e+03 9.641040e+03
2.3 9.606862e+03 9.607398e+03 9.615137e+03 9.614602e+03
3.3 9.608044e+03 9.625337e+03 9.607442e+03 9.590149e+03
4.3 9.646466e+03 9.639478e+03 9.609561e+03 9.616550e+03
5.3 9.659818e+03 9.637594e+03 9.616253e+03 9.638478e+03
6.3 9.615682e+03 9.621667e+03 9.621288e+03 9.615303e+03
7.3 9.590642e+03 9.636931e+03 9.623931e+03 9.577642e+03
8.3 9.646131e+03 9.643213e+03 9.624999e+03 9.627917e+03
9.3 9.644948e+03 9.649276e+03 9.625164e+03 9.620837e+03
10.3 9.646296e+03 9.653349e+03 9.624906e+03 9.617854e+03
11.3 9.709150e+03 9.648208e+03 9.624743e+03 9.685686e+03
12.3 9.671441e+03 9.638589e+03 9.631151e+03 9.664003e+03
13.3 9.663584e+03 9.626091e+03 9.639881e+03 9.677374e+03
14.3 9.617627e+03 9.625573e+03 9.639734e+03 9.631788e+03
15.3 9.617758e+03 9.625093e+03 9.634157e+03 9.626822e+03
16.3 9.628704e+03 9.626561e+03 9.621237e+03 9.623381e+03
17.3 9.656446e+03 9.637948e+03 9.607244e+03 9.625742e+03
0.7 9.671441e+03 9.638589e+03 9.631151e+03 9.664003e+03
1.7 9.663584e+03 9.626091e+03 9.639881e+03 9.677374e+03
2.7 9.617627e+03 9.625573e+03 9.639734e+03 9.631788e+03
3.7 9.617758e+03 9.625093e+03 9.634157e+03 9.626822e+03
4.7 9.628704e+03 9.626561e+03 9.621237e+03 9.623381e+03
5.7 9.656446e+03 9.637948e+03 9.607244e+03 9.625742e+03
6.7 9.669307e+03 9.647389e+03 9.607559e+03 9.629476e+03
7.7 9.640440e+03 9.634582e+03 9.622867e+03 9.628725e+03
8.7 9.611507e+03 9.624611e+03 9.630156e+03 9.617052e+03
9.7 9.554611e+03 9.569569e+03 9.621164e+03 9.606205e+03
10.7 9.578623e+03 9.573875e+03 9.616308e+03 9.621056e+03
11.7 9.615027e+03 9.593553e+03 9.621997e+03 9.643471e+03
12.7 9.563596e+03 9.609444e+03 9.633237e+03 9.587388e+03
13.7 9.546496e+03 9.595438e+03 9.631621e+03 9.582680e+03
14.7 9.526583e+03 9.582243e+03 9.619575e+03 9.563915e+03
15.7 9.547389e+03 9.579940e+03 9.616434e+03 9.583883e+03
16.7 9.572489e+03 9.606999e+03 9.619378e+03 9.584869e+03
17.7 9.595091e+03 9.639172e+03 9.622307e+03 9.578226e+03
0.3 9.663584e+03 9.626091e+03 9.639881e+03 9.677374e+03
1.3 9.617627e+03 9.625573e+03 9.639734e+03 9.631788e+03
2.3 9.617758e+03 9.625093e+03 9.634157e+03 9.626822e+03
3.3 9.628704e+03 9.626561e+03 9.621237e+03 9.623381e+03
4.3 9.656446e+03 9.637948e+03 9.607244e+03 9.625742e+03
5.3 9.669307e+03 9.647389e+03 9.607559e+03 9.629476e+03
6.3 9.640440e+03 9.634582e+03 9.622867e+03 9.628725e+03
7.3 9.611507e+03 9.624611e+03 9.630156e+03 9.617052e+03
8.3 9.554611e+03 9.569569e+03 9.621164e+03 9.606205e+03
9.3 9.578623e+03 9.573875e+03 9.616308e+03 9.621056e+03
10.3 9.615027e+03 9.593553e+03 9.621997e+03 9.643471e+03
11.3 9.563596e+03 9.609444e+03 9.633237e+03 9.587388e+03
12.3 9.546496e+03 9.595438e+03 9.631621e+03 9.582680e+03
13.3 9.526583e+03 9.582243e+03 9.619575e+03 9.563915e+03
14.3 9.547389e+03 9.579940e+03 9.616434e+03 9.583883e+03
15.3 9.572489e+03 9.606999e+03 9.619378e+03 9.584869e+03
16.3 9.595091e+03 9.639172e+03 9.622307e+03 9.578226e+03
17.3 9.635191e+03 9.634990e+03 9.624086e+03 9.624286e+03
0.1 9.617627e+03 9.625573e+03 9.639734e+03 9.631788e+03
1.1 9.617758e+03 9.625093e+03 9.634157e+03 9.626822e+03
2.1 9.628704e+03 9.626561e+03 9.621237e+03 9.623381e+03
3.1 9.656446e+03 9.637948e+03 9.607244e+03 9.625742e+03
4.1 9.669307e+03 9.647389e+03 9.607559e+03 9.629476e+03
5.1 9.640440e+03 9.634582e+03 9.622867e+03 9.628725e+03
6.1 9.611507e+03 9.624611e+03 9.630156e+03 9.617052e+03
7.1 9.554611e+03 9.569569e+03 9.621164e+03 9.606205e+03
8.1 9.578623e+03 9.573875e+03 9.616308e+03 9.621056e+03
9.1 9.615027e+03 9.593553e+03 9.621997e+03 9.643471e+03
10.1 9.563596e+03 9.609444e+03 9.633237e+03 9.587388e+03
11.1 9.546496e+03 9.595438e+03 9.631621e+03 9.582680e+03
12.1 9.526583e+03 9.582243e+03 9.619575e+03 9.563915e+03
13.1 9.547389e+03 9.579940e+03 9.616434e+03 9.583883e+03
14.1 9.572489e+03 9.606999e+03 9.619378e+03 9.584869e+03
15.1 9.595091e+03 9.639172e+03 9.622307e+03 9.578226e+03
16.1 9.635191e+03 9.634990e+03 9.624086e+03 9.624286e+03
17.1 9.713011e+03 9.662797e+03 9.625060e+03 9.675274e+03
1.0 9.640440e+03 9.634582e+03 9.622867e+03 9.628725e+03
2.0 9.611507e+03 9.624611e+03 9.630156e+03 9.617052e+03
3.0 9.554611e+03 9.569569e+03 9.621164e+03 9.606205e+03
4.0 9.578623e+03 9.573875e+03 9.616308e+03 9.621056e+03
5.0 9.615027e+03 9.593553e+03 9.621997e+03 9.643471e+03
6.0 9.563596e+03 9.609444e+03 9.633237e+03 9.587388e+03
7.0 9.546496e+03 9.595438e+03 9.631621e+03 9.582680e+03
8.0 9.526583e+03 9.582243e+03 9.619575e+03 9.563915e+03
9.0 9.547389e+03 9.579940e+03 9.616434e+03 9.583883e+03
10.0 9.572489e+03 9.606999e+03 9.619378e+03 9.584869e+03
11.0 9.595091e+03 9.639172e+03 9.622307e+03 9.578226e+03
12.0 9.635191e+03 9.634990e+03 9.624086e+03 9.624286e+03
13.0 9.713011e+03 9.662797e+03 9.625060e+03 9.675274e+03
14.0 9.707159e+03 9.656102e+03 9.625495e+03 9.676552e+03
15.0 9.674836e+03 9.650716e+03 9.625579e+03 9.649698e+03
0.3 9.615027e+03 9.593553e+03 9.621997e+03 9.643471e+03
1.3 9.563596e+03 9.609444e+03 9.633237e+03 9.587388e+03
2.3 9.546496e+03 9.595438e+03 9.631621e+03 9.582680e+03
3.3 9.526583e+03 9.582243e+03 9.619575e+03 9.563915e+03
4.3 9.547389e+03 9.579940e+03 9.616434e+03 9.583883e+03
5.3 9.572489e+03 9.606999e+03 9.619378e+03 9.584869e+03
6.3 9.595091e+03 9.639172e+03 9.622307e+03 9.578226e+03
7.3 9.635191e+03 9.634990e+03 9.624086e+03 9.624286e+03
8.3 9.713011e+03 9.662797e+03 9.625060e+03 9.675274e+03
9.3 9.707159e+03 9.656102e+03 9.625495e+03 9.676552e+03
10.3 9.674836e+03 9.650716e+03 9.625579e+03 9.649698e+03
