0.4 1.009825e+04 9.980757e+03 1.000217e+04 1.011967e+04
1.4 9.763641e+03 9.976170e+03 9.973410e+03 9.760881e+03
2.4 1.029592e+04 9.975303e+03 9.961204e+03 1.028182e+04
3.4 9.674322e+03 9.902591e+03 9.982727e+03 9.754458e+03
4.4 9.621132e+03 9.850001e+03 9.993978e+03 9.765109e+03
5.4 9.704539e+03 9.965034e+03 9.993467e+03 9.732973e+03
6.4 1.010140e+04 9.885611e+03 9.991070e+03 1.020686e+04
7.3 9.776184e+03 9.898302e+03 9.989289e+03 9.867171e+03
8.3 1.023598e+04 1.011257e+04 9.987999e+03 1.011141e+04
9.3 9.873786e+03 1.000531e+04 9.987185e+03 9.855662e+03
10.3 9.999869e+03 1.001447e+04 9.986849e+03 9.972250e+03
11.3 1.000936e+04 9.984383e+03 9.986834e+03 1.001181e+04
12.3 1.011022e+04 1.000067e+04 9.986944e+03 1.009649e+04
13.3 9.951495e+03 1.007262e+04 9.987060e+03 9.865936e+03
14.3 9.899266e+03 9.903432e+03 9.987144e+03 9.982978e+03
15.3 9.831656e+03 1.000917e+04 9.987193e+03 9.809684e+03
16.3 9.977917e+03 9.930299e+03 9.987199e+03 1.003482e+04
17.3 1.005064e+04 9.930630e+03 9.987177e+03 1.010719e+04
0.9 1.024602e+04 1.001494e+04 9.922165e+03 1.015324e+04
1.9 9.950733e+03 9.969520e+03 9.920740e+03 9.901953e+03
2.9 9.908795e+03 1.001621e+04 9.976925e+03 9.869508e+03
3.9 9.983722e+03 1.000640e+04 1.001236e+04 9.989678e+03
4.9 9.948866e+03 9.965595e+03 1.001171e+04 9.994983e+03
5.9 9.860116e+03 9.984992e+03 1.000239e+04 9.877518e+03
6.9 1.006729e+04 1.001684e+04 9.994865e+03 1.004531e+04
7.9 9.813183e+03 9.908869e+03 9.989768e+03 9.894081e+03
8.9 9.841064e+03 1.002613e+04 9.986835e+03 9.801772e+03
9.9 1.021196e+04 9.999573e+03 9.985711e+03 1.019809e+04
10.9 9.896439e+03 1.004698e+04 9.985693e+03 9.835151e+03
11.9 9.871368e+03 9.995436e+03 9.986071e+03 9.862003e+03
12.9 1.043180e+04 1.018665e+04 9.986445e+03 1.023160e+04
13.9 9.916066e+03 1.012056e+04 9.986719e+03 9.782222e+03
14.9 9.952852e+03 9.935565e+03 9.986905e+03 1.000419e+04
15.9 9.814124e+03 9.969773e+03 9.987011e+03 9.831362e+03
16.9 9.850466e+03 9.859754e+03 9.987059e+03 9.977771e+03
17.9 9.877774e+03 1.003144e+04 9.987087e+03 9.833421e+03
0.4 9.842610e+03 9.961946e+03 9.922804e+03 9.803468e+03
1.4 1.003211e+04 9.893293e+03 9.830093e+03 9.968909e+03
2.4 1.004737e+04 1.008685e+04 9.822318e+03 9.782831e+03
3.4 9.942010e+03 1.000574e+04 9.948859e+03 9.885132e+03
4.4 1.032218e+04 1.004651e+04 1.006113e+04 1.033680e+04
5.4 9.889728e+03 1.002884e+04 1.006947e+04 9.930359e+03
6.4 1.006224e+04 9.999387e+03 1.003964e+04 1.010249e+04
7.4 9.951095e+03 9.920048e+03 1.001341e+04 1.004445e+04
8.4 9.747738e+03 9.818947e+03 9.996240e+03 9.925031e+03
9.4 9.904413e+03 9.997039e+03 9.986632e+03 9.894006e+03
10.4 9.972349e+03 1.000052e+04 9.983729e+03 9.955554e+03
11.4 9.981791e+03 9.971458e+03 1.000808e+04 1.001841e+04
12.4 1.010872e+04 1.007830e+04 1.002943e+04 1.005985e+04
13.4 1.000076e+04 9.992736e+03 9.988848e+03 9.996869e+03
14.4 1.002836e+04 1.002691e+04 9.919045e+03 9.920487e+03
15.4 1.001357e+04 1.008247e+04 9.918067e+03 9.849175e+03
16.4 9.975979e+03 9.968753e+03 9.979691e+03 9.986916e+03
17.4 1.005532e+04 1.005489e+04 1.002405e+04 1.002447e+04
0.5 1.003211e+04 9.893293e+03 9.830093e+03 9.968909e+03
1.5 1.004737e+04 1.008685e+04 9.822318e+03 9.782831e+03
2.5 9.942010e+03 1.000574e+04 9.948859e+03 9.885132e+03
3.5 1.032218e+04 1.004651e+04 1.006113e+04 1.033680e+04
4.5 9.889728e+03 1.002884e+04 1.006947e+04 9.930359e+03
5.5 1.006224e+04 9.999387e+03 1.003964e+04 1.010249e+04
6.5 9.951095e+03 9.920048e+03 1.001341e+04 1.004445e+04
7.5 9.747738e+03 9.818947e+03 9.996240e+03 9.925031e+03
8.5 9.904413e+03 9.997039e+03 9.986632e+03 9.894006e+03
9.5 9.972349e+03 1.000052e+04 9.983729e+03 9.955554e+03
10.5 9.981791e+03 9.971458e+03 1.000808e+04 1.001841e+04
11.5 1.010872e+04 1.007830e+04 1.002943e+04 1.005985e+04
12.5 1.000076e+04 9.992736e+03 9.988848e+03 9.996869e+03
13.5 1.002836e+04 1.002691e+04 9.919045e+03 9.920487e+03
14.5 1.001357e+04 1.008247e+04 9.918067e+03 9.849175e+03
15.5 9.975979e+03 9.968753e+03 9.979691e+03 9.986916e+03
16.5 1.005532e+04 1.005489e+04 1.002405e+04 1.002447e+04
17.5 9.954270e+03 9.980668e+03 1.007200e+04 1.004560e+04
0.1 1.000076e+04 9.992736e+03 9.988848e+03 9.996869e+03
1.1 1.002836e+04 1.002691e+04 9.919045e+03 9.920487e+03
2.1 1.001357e+04 1.008247e+04 9.918067e+03 9.849175e+03
3.1 9.975979e+03 9.968753e+03 9.979691e+03 9.986916e+03
4.1 1.005532e+04 1.005489e+04 1.002405e+04 1.002447e+04
5.1 9.954270e+03 9.980668e+03 1.007200e+04 1.004560e+04
6.1 1.015468e+04 1.008982e+04 1.006276e+04 1.012761e+04
7.1 1.018178e+04 9.951762e+03 9.940006e+03 1.017002e+04
8.1 9.852105e+03 9.975920e+03 9.860196e+03 9.736382e+03
9.1 1.002212e+04 1.012122e+04 9.923702e+03 9.824608e+03
10.1 9.826275e+03 9.909085e+03 1.001040e+04 9.927591e+03
11.1 9.525364e+03 9.913661e+03 1.002835e+04 9.640054e+03
12.1 9.993244e+03 9.934020e+03 1.001618e+04 1.007540e+04
13.1 9.914911e+03 9.967619e+03 1.000341e+04 9.950701e+03
14.1 9.963088e+03 9.998912e+03 9.994244e+03 9.958420e+03
15.1 9.909486e+03 9.906386e+03 9.988307e+03 9.991407e+03
16.1 9.936165e+03 9.999786e+03 9.985422e+03 9.921801e+03
17.1 9.936831e+03 9.957630e+03 9.984793e+03 9.963994e+03
0.5 1.015468e+04 1.008982e+04 1.006276e+04 1.012761e+04
1.5 1.018178e+04 9.951762e+03 9.940006e+03 1.017002e+04
2.5 9.852105e+03 9.975920e+03 9.860196e+03 9.736382e+03
3.5 1.002212e+04 1.012122e+04 9.923702e+03 9.824608e+03
4.5 9.826275e+03 9.909085e+03 1.001040e+04 9.927591e+03
5.5 9.525364e+03 9.913661e+03 1.002835e+04 9.640054e+03
6.5 9.993244e+03 9.934020e+03 1.001618e+04 1.007540e+04
7.5 9.914911e+03 9.967619e+03 1.000341e+04 9.950701e+03
8.5 9.963088e+03 9.998912e+03 9.994244e+03 9.958420e+03
9.5 9.909486e+03 9.906386e+03 9.988307e+03 9.991407e+03
10.5 9.936165e+03 9.999786e+03 9.985422e+03 9.921801e+03
11.5 9.936831e+03 9.957630e+03 9.984793e+03 9.963994e+03
12.5 1.030381e+04 1.009604e+04 9.985244e+03 1.019301e+04
13.5 9.993425e+03 9.997686e+03 9.985908e+03 9.981647e+03
14.5 1.008874e+04 1.004176e+04 9.986423e+03 1.003340e+04
15.5 1.001362e+04 9.916427e+03 9.986745e+03 1.008393e+04
16.5 9.899257e+03 1.000584e+04 9.986938e+03 9.880360e+03
17.5 9.913510e+03 1.001412e+04 9.987034e+03 9.886427e+03
0.5 1.018178e+04 9.951762e+03 9.940006e+03 1.017002e+04
1.5 9.852105e+03 9.975920e+03 9.860196e+03 9.736382e+03
2.5 1.002212e+04 1.012122e+04 9.923702e+03 9.824608e+03
3.5 9.826275e+03 9.909085e+03 1.001040e+04 9.927591e+03
4.5 9.525364e+03 9.913661e+03 1.002835e+04 9.640054e+03
5.5 9.993244e+03 9.934020e+03 1.001618e+04 1.007540e+04
6.5 9.914911e+03 9.967619e+03 1.000341e+04 9.950701e+03
7.5 9.963088e+03 9.998912e+03 9.994244e+03 9.958420e+03
8.5 9.909486e+03 9.906386e+03 9.988307e+03 9.991407e+03
9.5 9.936165e+03 9.999786e+03 9.985422e+03 9.921801e+03
10.5 9.936831e+03 9.957630e+03 9.984793e+03 9.963994e+03
11.5 1.030381e+04 1.009604e+04 9.985244e+03 1.019301e+04
12.5 9.993425e+03 9.997686e+03 9.985908e+03 9.981647e+03
13.5 1.008874e+04 1.004176e+04 9.986423e+03 1.003340e+04
14.5 1.001362e+04 9.916427e+03 9.986745e+03 1.008393e+04
15.5 9.899257e+03 1.000584e+04 9.986938e+03 9.880360e+03
16.5 9.913510e+03 1.001412e+04 9.987034e+03 9.886427e+03
17.5 9.889915e+03 9.911686e+03 9.987048e+03 9.965277e+03
0.5 9.911092e+03 9.934376e+03 9.997439e+03 9.974155e+03
1.5 9.992678e+03 1.004561e+04 9.964510e+03 9.911576e+03
2.5 1.005963e+04 1.000135e+04 9.963169e+03 1.002145e+04
3.5 9.898647e+03 1.003904e+04 9.987267e+03 9.846876e+03
4.5 1.020750e+04 9.932892e+03 9.995610e+03 1.027022e+04
5.5 9.952969e+03 9.978557e+03 9.993743e+03 9.968155e+03
6.5 9.843920e+03 9.969199e+03 9.991016e+03 9.865737e+03
7.5 9.984728e+03 1.000158e+04 9.989069e+03 9.972213e+03
8.5 1.018493e+04 1.004970e+04 9.987710e+03 1.012294e+04
9.5 9.873915e+03 9.881173e+03 9.986957e+03 9.979699e+03
10.5 9.902371e+03 9.972713e+03 9.986742e+03 9.916400e+03
11.5 9.775632e+03 9.953048e+03 9.989173e+03 9.811757e+03
12.5 1.013341e+04 9.977377e+03 1.001813e+04 1.017416e+04
13.5 9.948280e+03 1.005432e+04 1.003016e+04 9.924126e+03
14.5 9.870322e+03 9.923980e+03 9.965968e+03 9.912311e+03
15.5 1.013196e+04 1.011364e+04 9.909280e+03 9.927601e+03
16.5 1.005432e+04 1.004403e+04 9.943042e+03 9.953326e+03
17.5 9.775278e+03 1.000159e+04 9.999642e+03 9.773331e+03
0.6 9.870322e+03 9.923980e+03 9.965968e+03 9.912311e+03
1.6 1.013196e+04 1.011364e+04 9.909280e+03 9.927601e+03
2.6 1.005432e+04 1.004403e+04 9.943042e+03 9.953326e+03
3.6 9.775278e+03 1.000159e+04 9.999642e+03 9.773331e+03
4.6 1.034740e+04 9.971382e+03 1.002322e+04 1.039924e+04
5.6 9.927521e+03 9.906071e+03 1.001435e+04 1.003580e+04
6.6 9.983365e+03 1.006539e+04 9.979998e+03 9.897976e+03
7.6 9.904373e+03 9.989723e+03 9.972789e+03 9.887440e+03
8.6 9.887845e+03 1.003147e+04 9.999863e+03 9.856242e+03
9.6 1.024225e+04 9.974069e+03 1.003290e+04 1.030107e+04
10.6 9.973011e+03 1.006392e+04 1.000345e+04 9.912541e+03
11.6 9.794302e+03 9.950629e+03 9.928919e+03 9.772592e+03
12.6 1.010668e+04 1.000475e+04 9.935042e+03 1.003697e+04
13.6 1.018621e+04 9.984059e+03 9.991815e+03 1.019397e+04
14.6 9.988885e+03 1.000312e+04 1.003839e+04 1.002415e+04
15.6 9.874201e+03 1.004978e+04 1.004248e+04 9.866900e+03
16.6 9.787014e+03 9.930273e+03 9.991486e+03 9.848227e+03
17.6 9.968603e+03 1.001200e+04 9.933266e+03 9.889872e+03
0.7 9.927521e+03 9.906071e+03 1.001435e+04 1.003580e+04
1.7 9.983365e+03 1.006539e+04 9.979998e+03 9.897976e+03
2.7 9.904373e+03 9.989723e+03 9.972789e+03 9.887440e+03
3.7 9.887845e+03 1.003147e+04 9.999863e+03 9.856242e+03
4.7 1.024225e+04 9.974069e+03 1.003290e+04 1.030107e+04
5.7 9.973011e+03 1.006392e+04 1.000345e+04 9.912541e+03
6.7 9.794302e+03 9.950629e+03 9.928919e+03 9.772592e+03
7.7 1.010668e+04 1.000475e+04 9.935042e+03 1.003697e+04
8.7 1.018621e+04 9.984059e+03 9.991815e+03 1.019397e+04
9.7 9.988885e+03 1.000312e+04 1.003839e+04 1.002415e+04
10.7 9.874201e+03 1.004978e+04 1.004248e+04 9.866900e+03
11.7 9.787014e+03 9.930273e+03 9.991486e+03 9.848227e+03
12.7 9.968603e+03 1.001200e+04 9.933266e+03 9.889872e+03
13.7 9.945348e+03 9.960823e+03 9.920955e+03 9.905480e+03
14.7 1.011561e+04 1.002116e+04 9.969780e+03 1.006423e+04
15.7 1.002484e+04 1.001907e+04 1.001801e+04 1.002378e+04
16.7 9.905513e+03 9.915388e+03 1.004985e+04 1.003997e+04
17.7 9.999211e+03 1.000332e+04 1.002287e+04 1.001876e+04
0.4 9.973011e+03 1.006392e+04 1.000345e+04 9.912541e+03
1.4 9.794302e+03 9.950629e+03 9.928919e+03 9.772592e+03
2.4 1.010668e+04 1.000475e+04 9.935042e+03 1.003697e+04
3.4 1.018621e+04 9.984059e+03 9.991815e+03 1.019397e+04
4.4 9.988885e+03 1.000312e+04 1.003839e+04 1.002415e+04
5.4 9.874201e+03 1.004978e+04 1.004248e+04 9.866900e+03
6.4 9.787014e+03 9.930273e+03 9.991486e+03 9.848227e+03
7.4 9.968603e+03 1.001200e+04 9.933266e+03 9.889872e+03
8.4 9.945348e+03 9.960823e+03 9.920955e+03 9.905480e+03
9.4 1.011561e+04 1.002116e+04 9.969780e+03 1.006423e+04
10.4 1.002484e+04 1.001907e+04 1.001801e+04 1.002378e+04
11.4 9.905513e+03 9.915388e+03 1.004985e+04 1.003997e+04
12.4 9.999211e+03 1.000332e+04 1.002287e+04 1.001876e+04
13.4 1.000375e+04 9.924363e+03 9.940493e+03 1.001988e+04
14.4 9.938928e+03 9.944321e+03 9.933044e+03 9.927651e+03
15.4 9.775858e+03 9.801889e+03 9.984442e+03 9.958411e+03
16.4 1.033073e+04 1.004379e+04 1.000513e+04 1.029206e+04
17.4 9.827700e+03 9.979458e+03 1.000174e+04 9.849984e+03
0.8 9.968603e+03 1.001200e+04 9.933266e+03 9.889872e+03
1.8 9.945348e+03 9.960823e+03 9.920955e+03 9.905480e+03
2.8 1.011561e+04 1.002116e+04 9.969780e+03 1.006423e+04
3.8 1.002484e+04 1.001907e+04 1.001801e+04 1.002378e+04
4.8 9.905513e+03 9.915388e+03 1.004985e+04 1.003997e+04
5.8 9.999211e+03 1.000332e+04 1.002287e+04 1.001876e+04
6.8 1.000375e+04 9.924363e+03 9.940493e+03 1.001988e+04
7.8 9.938928e+03 9.944321e+03 9.933044e+03 9.927651e+03
8.8 9.775858e+03 9.801889e+03 9.984442e+03 9.958411e+03
9.8 1.033073e+04 1.004379e+04 1.000513e+04 1.029206e+04
10.8 9.827700e+03 9.979458e+03 1.000174e+04 9.849984e+03
11.8 1.013358e+04 1.006553e+04 9.996067e+03 1.006412e+04
12.8 9.937992e+03 1.001262e+04 1.001306e+04 9.938433e+03
13.8 1.029058e+04 1.005577e+04 1.003367e+04 1.026848e+04
14.8 9.921832e+03 9.992667e+03 1.000101e+04 9.930176e+03
15.8 9.846040e+03 9.877149e+03 9.944190e+03 9.913081e+03
16.8 1.002360e+04 1.002885e+04 9.913744e+03 9.908490e+03
17.8 9.930861e+03 1.010568e+04 9.943458e+03 9.768640e+03
0.4 9.999211e+03 1.000332e+04 1.002287e+04 1.001876e+04
1.4 1.000375e+04 9.924363e+03 9.940493e+03 1.001988e+04
2.4 9.938928e+03 9.944321e+03 9.933044e+03 9.927651e+03
3.4 9.775858e+03 9.801889e+03 9.984442e+03 9.958411e+03
4.4 1.033073e+04 1.004379e+04 1.000513e+04 1.029206e+04
5.4 9.827700e+03 9.979458e+03 1.000174e+04 9.849984e+03
6.4 1.013358e+04 1.006553e+04 9.996067e+03 1.006412e+04
7.4 9.937992e+03 1.001262e+04 1.001306e+04 9.938433e+03
8.4 1.029058e+04 1.005577e+04 1.003367e+04 1.026848e+04
9.4 9.921832e+03 9.992667e+03 1.000101e+04 9.930176e+03
10.4 9.846040e+03 9.877149e+03 9.944190e+03 9.913081e+03
11.4 1.002360e+04 1.002885e+04 9.913744e+03 9.908490e+03
12.4 9.930861e+03 1.010568e+04 9.943458e+03 9.768640e+03
13.4 1.018680e+04 1.004046e+04 9.999278e+03 1.014561e+04
14.4 9.982728e+03 1.001663e+04 1.001989e+04 9.985990e+03
15.4 9.788139e+03 9.970185e+03 1.004342e+04 9.861371e+03
16.4 9.807526e+03 9.904463e+03 1.003464e+04 9.937708e+03
17.4 1.010939e+04 1.002917e+04 9.949429e+03 1.002965e+04
0.4 9.846040e+03 9.877149e+03 9.944190e+03 9.913081e+03
1.4 1.002360e+04 1.002885e+04 9.913744e+03 9.908490e+03
2.4 9.930861e+03 1.010568e+04 9.943458e+03 9.768640e+03
3.4 1.018680e+04 1.004046e+04 9.999278e+03 1.014561e+04
4.4 9.982728e+03 1.001663e+04 1.001989e+04 9.985990e+03
5.4 9.788139e+03 9.970185e+03 1.004342e+04 9.861371e+03
6.4 9.807526e+03 9.904463e+03 1.003464e+04 9.937708e+03
7.4 1.010939e+04 1.002917e+04 9.949429e+03 1.002965e+04
8.4 9.990225e+03 9.970237e+03 9.915652e+03 9.935640e+03
9.4 9.958712e+03 1.000369e+04 9.968794e+03 9.923817e+03
10.4 9.861553e+03 9.897400e+03 1.001302e+04 9.977170e+03
11.4 1.031619e+04 1.009514e+04 1.008133e+04 1.030238e+04
12.4 1.015191e+04 1.006375e+04 1.011771e+04 1.020586e+04
13.4 9.991274e+03 9.960794e+03 1.001602e+04 1.004650e+04
14.4 9.850250e+03 9.816217e+03 9.908385e+03 9.942418e+03
15.4 1.004811e+04 9.967427e+03 9.873120e+03 9.953807e+03
16.4 9.939602e+03 1.001259e+04 9.859755e+03 9.786768e+03
17.4 1.001960e+04 1.003383e+04 9.876525e+03 9.862294e+03
0.0 9.807526e+03 9.904463e+03 1.003464e+04 9.937708e+03
1.0 1.010939e+04 1.002917e+04 9.949429e+03 1.002965e+04
2.0 9.990225e+03 9.970237e+03 9.915652e+03 9.935640e+03
3.0 9.958712e+03 1.000369e+04 9.968794e+03 9.923817e+03
4.0 9.861553e+03 9.897400e+03 1.001302e+04 9.977170e+03
5.0 1.031619e+04 1.009514e+04 1.008133e+04 1.030238e+04
6.0 1.015191e+04 1.006375e+04 1.011771e+04 1.020586e+04
7.0 9.991274e+03 9.960794e+03 1.001602e+04 1.004650e+04
8.0 9.850250e+03 9.816217e+03 9.908385e+03 9.942418e+03
9.0 1.004811e+04 9.967427e+03 9.873120e+03 9.953807e+03
10.0 9.939602e+03 1.001259e+04 9.859755e+03 9.786768e+03
11.0 1.001960e+04 1.003383e+04 9.876525e+03 9.862294e+03
12.0 9.879428e+03 1.000179e+04 9.972505e+03 9.850145e+03
13.0 9.826581e+03 9.839886e+03 1.006835e+04 1.005505e+04
14.0 9.951239e+03 1.001886e+04 1.008600e+04 1.001838e+04
15.0 1.018649e+04 1.006531e+04 1.011634e+04 1.023751e+04
16.0 9.748082e+03 1.012138e+04 1.011450e+04 9.741209e+03
17.0 9.881037e+03 9.887130e+03 1.001145e+04 1.000536e+04
0.9 1.004811e+04 9.967427e+03 9.873120e+03 9.953807e+03
1.9 9.939602e+03 1.001259e+04 9.859755e+03 9.786768e+03
2.9 1.001960e+04 1.003383e+04 9.876525e+03 9.862294e+03
3.9 9.879428e+03 1.000179e+04 9.972505e+03 9.850145e+03
4.9 9.826581e+03 9.839886e+03 1.006835e+04 1.005505e+04
5.9 9.951239e+03 1.001886e+04 1.008600e+04 1.001838e+04
6.9 1.018649e+04 1.006531e+04 1.011634e+04 1.023751e+04
7.9 9.748082e+03 1.012138e+04 1.011450e+04 9.741209e+03
8.9 9.881037e+03 9.887130e+03 1.001145e+04 1.000536e+04
9.9 9.815556e+03 9.929244e+03 9.903569e+03 9.789880e+03
10.9 1.005818e+04 9.902321e+03 9.859420e+03 1.001528e+04
11.9 9.912916e+03 9.903252e+03 9.899653e+03 9.909316e+03
12.9 9.904285e+03 9.982326e+03 9.922660e+03 9.844619e+03
13.9 1.016195e+04 1.000461e+04 9.931405e+03 1.008875e+04
14.9 9.921003e+03 1.011227e+04 1.001303e+04 9.821764e+03
15.9 9.921531e+03 9.853237e+03 1.006481e+04 1.013310e+04
16.9 1.014503e+04 9.952863e+03 1.004906e+04 1.024123e+04
17.9 9.894596e+03 1.001493e+04 1.001983e+04 9.899492e+03
0.5 9.939602e+03 1.001259e+04 9.859755e+03 9.786768e+03
1.5 1.001960e+04 1.003383e+04 9.876525e+03 9.862294e+03
2.5 9.879428e+03 1.000179e+04 9.972505e+03 9.850145e+03
3.5 9.826581e+03 9.839886e+03 1.006835e+04 1.005505e+04
4.5 9.951239e+03 1.001886e+04 1.008600e+04 1.001838e+04
5.5 1.018649e+04 1.006531e+04 1.011634e+04 1.023751e+04
6.5 9.748082e+03 1.012138e+04 1.011450e+04 9.741209e+03
7.5 9.881037e+03 9.887130e+03 1.001145e+04 1.000536e+04
8.5 9.815556e+03 9.929244e+03 9.903569e+03 9.789880e+03
9.5 1.005818e+04 9.902321e+03 9.859420e+03 1.001528e+04
10.5 9.912916e+03 9.903252e+03 9.899653e+03 9.909316e+03
11.5 9.904285e+03 9.982326e+03 9.922660e+03 9.844619e+03
12.5 1.016195e+04 1.000461e+04 9.931405e+03 1.008875e+04
13.5 9.921003e+03 1.011227e+04 1.001303e+04 9.821764e+03
14.5 9.921531e+03 9.853237e+03 1.006481e+04 1.013310e+04
15.5 1.014503e+04 9.952863e+03 1.004906e+04 1.024123e+04
16.5 9.894596e+03 1.001493e+04 1.001983e+04 9.899492e+03
17.5 1.007161e+04 9.968466e+03 9.999686e+03 1.010283e+04
0.4 9.815556e+03 9.929244e+03 9.903569e+03 9.789880e+03
1.4 1.005818e+04 9.902321e+03 9.859420e+03 1.001528e+04
2.4 9.912916e+03 9.903252e+03 9.899653e+03 9.909316e+03
3.4 9.904285e+03 9.982326e+03 9.922660e+03 9.844619e+03
4.4 1.016195e+04 1.000461e+04 9.931405e+03 1.008875e+04
5.4 9.921003e+03 1.011227e+04 1.001303e+04 9.821764e+03
6.4 9.921531e+03 9.853237e+03 1.006481e+04 1.013310e+04
7.4 1.014503e+04 9.952863e+03 1.004906e+04 1.024123e+04
8.4 9.894596e+03 1.001493e+04 1.001983e+04 9.899492e+03
9.4 1.007161e+04 9.968466e+03 9.999686e+03 1.010283e+04
10.4 1.008012e+04 1.008017e+04 9.988484e+03 9.988434e+03
11.4 1.021821e+04 9.968821e+03 9.983406e+03 1.023280e+04
12.4 9.964350e+03 1.005768e+04 9.982276e+03 9.888942e+03
13.4 1.001025e+04 9.890059e+03 9.983100e+03 1.010329e+04
14.4 9.952554e+03 1.000214e+04 9.984401e+03 9.934813e+03
15.4 9.881957e+03 9.921596e+03 9.985467e+03 9.945828e+03
16.4 1.027535e+04 1.006261e+04 9.986135e+03 1.019888e+04
17.4 9.784727e+03 9.881946e+03 9.986483e+03 9.889264e+03
0.9 9.904285e+03 9.982326e+03 9.922660e+03 9.844619e+03
1.9 1.016195e+04 1.000461e+04 9.931405e+03 1.008875e+04
2.9 9.921003e+03 1.011227e+04 1.001303e+04 9.821764e+03
3.9 9.921531e+03 9.853237e+03 1.006481e+04 1.013310e+04
4.9 1.014503e+04 9.952863e+03 1.004906e+04 1.024123e+04
5.9 9.894596e+03 1.001493e+04 1.001983e+04 9.899492e+03
6.9 1.007161e+04 9.968466e+03 9.999686e+03 1.010283e+04
7.9 1.008012e+04 1.008017e+04 9.988484e+03 9.988434e+03
8.9 1.021821e+04 9.968821e+03 9.983406e+03 1.023280e+04
9.9 9.964350e+03 1.005768e+04 9.982276e+03 9.888942e+03
10.9 1.001025e+04 9.890059e+03 9.983100e+03 1.010329e+04
11.9 9.952554e+03 1.000214e+04 9.984401e+03 9.934813e+03
12.9 9.881957e+03 9.921596e+03 9.985467e+03 9.945828e+03
13.9 1.027535e+04 1.006261e+04 9.986135e+03 1.019888e+04
14.9 9.784727e+03 9.881946e+03 9.986483e+03 9.889264e+03
15.9 1.020688e+04 1.005845e+04 9.986642e+03 1.013507e+04
16.9 1.007206e+04 1.002229e+04 9.986716e+03 1.003649e+04
17.9 9.892850e+03 1.002251e+04 9.986746e+03 9.857086e+03
0.4 1.004205e+04 1.007932e+04 1.000022e+04 9.962947e+03
1.4 9.943399e+03 9.936739e+03 9.977314e+03 9.983974e+03
2.4 1.035506e+04 1.004722e+04 9.964142e+03 1.027198e+04
3.4 9.789017e+03 9.895470e+03 9.983200e+03 9.876747e+03
4.4 1.002718e+04 1.001818e+04 9.993633e+03 1.000263e+04
5.4 9.916122e+03 9.958255e+03 9.993107e+03 9.950974e+03
6.4 1.011126e+04 9.984285e+03 9.991036e+03 1.011801e+04
7.4 9.812607e+03 9.946820e+03 1.000823e+04 9.874016e+03
8.4 1.004444e+04 1.000150e+04 1.003042e+04 1.007336e+04
9.4 1.020314e+04 1.004798e+04 9.993996e+03 1.014916e+04
10.4 9.926973e+03 9.940499e+03 9.920964e+03 9.907438e+03
11.4 1.001494e+04 1.010789e+04 9.923124e+03 9.830170e+03
12.4 9.865641e+03 1.006037e+04 9.984524e+03 9.789797e+03
13.4 1.024234e+04 9.987184e+03 1.001256e+04 1.026772e+04
14.4 9.822947e+03 1.000001e+04 1.000888e+04 9.831815e+03
15.4 9.984275e+03 1.003279e+04 1.000022e+04 9.951709e+03
16.4 1.016549e+04 1.009090e+04 9.993716e+03 1.006830e+04
17.4 9.856649e+03 1.002178e+04 9.989293e+03 9.824158e+03
0.2 1.020314e+04 1.004798e+04 9.993996e+03 1.014916e+04
1.2 9.926973e+03 9.940499e+03 9.920964e+03 9.907438e+03
2.2 1.001494e+04 1.010789e+04 9.923124e+03 9.830170e+03
3.2 9.865641e+03 1.006037e+04 9.984524e+03 9.789797e+03
4.2 1.024234e+04 9.987184e+03 1.001256e+04 1.026772e+04
5.2 9.822947e+03 1.000001e+04 1.000888e+04 9.831815e+03
6.2 9.984275e+03 1.003279e+04 1.000022e+04 9.951709e+03
7.2 1.016549e+04 1.009090e+04 9.993716e+03 1.006830e+04
8.2 9.856649e+03 1.002178e+04 9.989293e+03 9.824158e+03
9.2 1.033311e+04 1.002684e+04 9.986789e+03 1.029306e+04
10.2 9.606058e+03 9.955120e+03 9.985929e+03 9.636867e+03
11.2 9.861073e+03 9.900636e+03 9.986043e+03 9.946480e+03
12.2 9.847972e+03 9.764037e+03 9.986473e+03 1.007041e+04
13.2 9.558075e+03 9.709820e+03 9.987514e+03 9.835769e+03
14.2 1.001866e+04 9.924843e+03 1.001031e+04 1.010413e+04
15.2 9.913437e+03 1.004891e+04 1.002965e+04 9.894176e+03
16.2 1.001478e+04 1.003420e+04 9.982869e+03 9.963453e+03
17.2 1.007462e+04 1.007561e+04 9.918118e+03 9.917126e+03
0.4 1.001478e+04 1.003420e+04 9.982869e+03 9.963453e+03
1.4 1.007462e+04 1.007561e+04 9.918118e+03 9.917126e+03
2.4 1.024828e+04 1.005825e+04 9.934606e+03 1.012464e+04
3.4 9.907903e+03 1.002897e+04 1.000085e+04 9.879779e+03
4.4 9.973428e+03 1.003199e+04 1.004935e+04 9.990788e+03
5.4 1.000462e+04 9.969622e+03 1.003616e+04 1.007116e+04
6.4 1.005565e+04 1.003537e+04 9.969259e+03 9.989543e+03
7.4 9.781153e+03 9.973684e+03 9.920248e+03 9.727717e+03
8.4 1.016861e+04 1.008089e+04 9.941329e+03 1.002905e+04
9.4 1.018044e+04 1.005201e+04 9.995851e+03 1.012429e+04
10.4 9.983418e+03 9.898320e+03 1.001305e+04 1.009815e+04
11.4 9.965896e+03 9.942714e+03 1.000658e+04 1.002976e+04
12.4 1.005537e+04 9.931428e+03 9.998100e+03 1.012204e+04
13.4 1.002691e+04 9.955803e+03 9.992005e+03 1.006311e+04
14.4 9.844938e+03 9.992613e+03 9.988025e+03 9.840349e+03
15.4 9.886349e+03 9.970485e+03 9.985978e+03 9.901841e+03
16.4 1.001421e+04 1.004899e+04 9.985436e+03 9.950650e+03
17.4 9.928321e+03 9.963177e+03 9.985674e+03 9.950818e+03
0.4 1.005565e+04 1.003537e+04 9.969259e+03 9.989543e+03
1.4 9.781153e+03 9.973684e+03 9.920248e+03 9.727717e+03
2.4 1.016861e+04 1.008089e+04 9.941329e+03 1.002905e+04
3.4 1.018044e+04 1.005201e+04 9.995851e+03 1.012429e+04
4.4 9.983418e+03 9.898320e+03 1.001305e+04 1.009815e+04
5.4 9.965896e+03 9.942714e+03 1.000658e+04 1.002976e+04
6.4 1.005537e+04 9.931428e+03 9.998100e+03 1.012204e+04
7.4 1.002691e+04 9.955803e+03 9.992005e+03 1.006311e+04
8.4 9.844938e+03 9.992613e+03 9.988025e+03 9.840349e+03
9.4 9.886349e+03 9.970485e+03 9.985978e+03 9.901841e+03
10.4 1.001421e+04 1.004899e+04 9.985436e+03 9.950650e+03
11.4 9.928321e+03 9.963177e+03 9.985674e+03 9.950818e+03
12.4 1.032379e+04 1.011224e+04 9.986112e+03 1.019767e+04
13.4 9.837019e+03 1.001996e+04 9.986471e+03 9.803525e+03
14.4 1.024979e+04 1.000561e+04 9.986700e+03 1.023088e+04
15.4 1.009536e+04 1.002813e+04 9.986836e+03 1.005406e+04
16.4 9.946788e+03 1.001258e+04 9.986906e+03 9.921117e+03
17.4 9.967447e+03 9.995676e+03 9.986936e+03 9.958707e+03
0.6 9.941689e+03 1.001370e+04 9.988945e+03 9.916932e+03
1.6 9.736594e+03 9.908436e+03 9.954870e+03 9.783028e+03
2.6 9.966877e+03 9.914044e+03 9.965734e+03 1.001857e+04
3.6 9.836757e+03 9.898476e+03 1.000551e+04 9.943787e+03
4.6 1.024186e+04 1.015239e+04 1.007415e+04 1.016361e+04
5.6 1.009883e+04 1.009766e+04 1.009624e+04 1.009741e+04
6.6 9.926057e+03 9.960213e+03 1.001123e+04 9.977075e+03
7.6 9.910957e+03 9.906314e+03 9.924440e+03 9.929083e+03
8.6 9.868964e+03 9.804113e+03 9.884601e+03 9.949452e+03
9.6 1.012576e+04 9.963581e+03 9.890878e+03 1.005306e+04
10.6 1.013097e+04 1.002253e+04 9.899721e+03 1.000815e+04
11.6 9.919444e+03 1.000744e+04 9.921328e+03 9.833329e+03
12.6 1.005500e+04 9.957656e+03 1.001170e+04 1.010904e+04
13.6 1.013595e+04 9.911965e+03 1.008460e+04 1.030858e+04
14.6 9.947128e+03 1.011453e+04 1.007478e+04 9.907382e+03
15.6 9.807433e+03 1.001981e+04 1.001186e+04 9.799479e+03
16.6 1.038111e+04 1.009287e+04 9.976194e+03 1.026444e+04
17.6 9.827000e+03 1.001494e+04 9.986565e+03 9.798620e+03
0.7 9.868964e+03 9.804113e+03 9.884601e+03 9.949452e+03
1.7 1.012576e+04 9.963581e+03 9.890878e+03 1.005306e+04
2.7 1.013097e+04 1.002253e+04 9.899721e+03 1.000815e+04
3.7 9.919444e+03 1.000744e+04 9.921328e+03 9.833329e+03
4.7 1.005500e+04 9.957656e+03 1.001170e+04 1.010904e+04
5.7 1.013595e+04 9.911965e+03 1.008460e+04 1.030858e+04
6.7 9.947128e+03 1.011453e+04 1.007478e+04 9.907382e+03
7.7 9.807433e+03 1.001981e+04 1.001186e+04 9.799479e+03
8.7 1.038111e+04 1.009287e+04 9.976194e+03 1.026444e+04
9.7 9.827000e+03 1.001494e+04 9.986565e+03 9.798620e+03
10.7 1.009003e+04 9.985987e+03 9.992705e+03 1.009674e+04
11.7 9.857527e+03 1.002059e+04 9.990294e+03 9.827228e+03
12.7 1.001446e+04 9.959748e+03 9.988116e+03 1.004283e+04
13.7 9.927085e+03 9.985080e+03 9.987301e+03 9.929306e+03
14.7 1.013255e+04 9.937676e+03 9.986816e+03 1.018169e+04
0.8 1.013097e+04 1.002253e+04 9.899721e+03 1.000815e+04
1.8 9.919444e+03 1.000744e+04 9.921328e+03 9.833329e+03
2.8 1.005500e+04 9.957656e+03 1.001170e+04 1.010904e+04
3.8 1.013595e+04 9.911965e+03 1.008460e+04 1.030858e+04
4.8 9.947128e+03 1.011453e+04 1.007478e+04 9.907382e+03
5.8 9.807433e+03 1.001981e+04 1.001186e+04 9.799479e+03
6.8 1.038111e+04 1.009287e+04 9.976194e+03 1.026444e+04
7.8 9.827000e+03 1.001494e+04 9.986565e+03 9.798620e+03
8.8 1.009003e+04 9.985987e+03 9.992705e+03 1.009674e+04
9.8 9.857527e+03 1.002059e+04 9.990294e+03 9.827228e+03
10.8 1.001446e+04 9.959748e+03 9.988116e+03 1.004283e+04
11.8 9.927085e+03 9.985080e+03 9.987301e+03 9.929306e+03
12.8 1.013255e+04 9.937676e+03 9.986816e+03 1.018169e+04
0.3 9.947128e+03 1.011453e+04 1.007478e+04 9.907382e+03
1.3 9.807433e+03 1.001981e+04 1.001186e+04 9.799479e+03
2.3 1.038111e+04 1.009287e+04 9.976194e+03 1.026444e+04
3.3 9.827000e+03 1.001494e+04 9.986565e+03 9.798620e+03
4.3 1.009003e+04 9.985987e+03 9.992705e+03 1.009674e+04
5.3 9.857527e+03 1.002059e+04 9.990294e+03 9.827228e+03
6.3 1.001446e+04 9.959748e+03 9.988116e+03 1.004283e+04
7.3 9.927085e+03 9.985080e+03 9.987301e+03 9.929306e+03
8.3 1.013255e+04 9.937676e+03 9.986816e+03 1.018169e+04
