0.6 1.024839e+04 9.990344e+03 9.962608e+03 1.022066e+04
1.6 1.004167e+04 1.009810e+04 9.934318e+03 9.877895e+03
2.6 1.002063e+04 1.001125e+04 9.969979e+03 9.979363e+03
3.6 1.011165e+04 9.966002e+03 1.002073e+04 1.016638e+04
4.6 9.776467e+03 1.004818e+04 1.002458e+04 9.752869e+03
5.6 9.939430e+03 1.002295e+04 1.000971e+04 9.926195e+03
6.6 9.894394e+03 9.885889e+03 9.997402e+03 1.000591e+04
7.6 1.024602e+04 1.001494e+04 9.989883e+03 1.022095e+04
8.6 9.950733e+03 9.969520e+03 9.969022e+03 9.950235e+03
9.6 9.908795e+03 1.001621e+04 9.933185e+03 9.825768e+03
10.6 9.983722e+03 1.000640e+04 9.954674e+03 9.931995e+03
11.6 9.948866e+03 9.965595e+03 1.001203e+04 9.995303e+03
12.6 9.860116e+03 9.984992e+03 1.002490e+04 9.900025e+03
13.6 1.006729e+04 1.001684e+04 1.001170e+04 1.006215e+04
14.6 9.813183e+03 9.908869e+03 9.998706e+03 9.903019e+03
15.6 9.841064e+03 1.002613e+04 9.990578e+03 9.805515e+03
16.6 1.021196e+04 9.999573e+03 9.986102e+03 1.019848e+04
17.6 9.896439e+03 1.004698e+04 9.984284e+03 9.833742e+03
0.4 9.950733e+03 9.969520e+03 9.969022e+03 9.950235e+03
1.4 9.908795e+03 1.001621e+04 9.933185e+03 9.825768e+03
2.4 9.983722e+03 1.000640e+04 9.954674e+03 9.931995e+03
3.4 9.948866e+03 9.965595e+03 1.001203e+04 9.995303e+03
4.4 9.860116e+03 9.984992e+03 1.002490e+04 9.900025e+03
5.4 1.006729e+04 1.001684e+04 1.001170e+04 1.006215e+04
6.4 9.813183e+03 9.908869e+03 9.998706e+03 9.903019e+03
7.4 9.841064e+03 1.002613e+04 9.990578e+03 9.805515e+03
8.4 1.021196e+04 9.999573e+03 9.986102e+03 1.019848e+04
9.4 9.896439e+03 1.004698e+04 9.984284e+03 9.833742e+03
10.4 9.871368e+03 9.995436e+03 9.984194e+03 9.860126e+03
11.4 1.043180e+04 1.018665e+04 9.984866e+03 1.023002e+04
12.4 9.916066e+03 1.012056e+04 9.985623e+03 9.781126e+03
13.4 9.952852e+03 9.935565e+03 9.986191e+03 1.000348e+04
14.4 9.814124e+03 9.969773e+03 9.986560e+03 9.830911e+03
15.4 9.850466e+03 9.859754e+03 9.986795e+03 9.977507e+03
16.4 9.877774e+03 1.003144e+04 9.986938e+03 9.833272e+03
17.4 9.843267e+03 9.957703e+03 9.987029e+03 9.872592e+03
0.7 1.004737e+04 1.008685e+04 9.956026e+03 9.916540e+03
1.7 9.942010e+03 1.000574e+04 9.931111e+03 9.867383e+03
2.7 1.032218e+04 1.004651e+04 9.976767e+03 1.025243e+04
3.7 9.889728e+03 1.002884e+04 1.002602e+04 9.886905e+03
4.7 1.006224e+04 9.999387e+03 1.002598e+04 1.008884e+04
5.7 9.951095e+03 9.920048e+03 1.000992e+04 1.004097e+04
6.7 9.747738e+03 9.818947e+03 9.997475e+03 9.926266e+03
7.7 9.904413e+03 9.997039e+03 9.990004e+03 9.897378e+03
8.7 9.972349e+03 1.000052e+04 9.986079e+03 9.957904e+03
9.7 9.981791e+03 9.971458e+03 9.984737e+03 9.995070e+03
10.7 1.010872e+04 1.007830e+04 9.984931e+03 1.001535e+04
11.7 1.000076e+04 9.992736e+03 9.985659e+03 9.993681e+03
12.7 1.002836e+04 1.002691e+04 9.985771e+03 9.987213e+03
13.7 1.001357e+04 1.008247e+04 9.959663e+03 9.890771e+03
14.7 9.975979e+03 9.968753e+03 9.933670e+03 9.940895e+03
15.7 1.005532e+04 1.005489e+04 9.972744e+03 9.973171e+03
16.7 9.954270e+03 9.980668e+03 1.002159e+04 9.995192e+03
17.7 1.015468e+04 1.008982e+04 1.002364e+04 1.008850e+04
0.6 1.001357e+04 1.008247e+04 9.959663e+03 9.890771e+03
1.6 9.975979e+03 9.968753e+03 9.933670e+03 9.940895e+03
2.6 1.005532e+04 1.005489e+04 9.972744e+03 9.973171e+03
3.6 9.954270e+03 9.980668e+03 1.002159e+04 9.995192e+03
4.6 1.015468e+04 1.008982e+04 1.002364e+04 1.008850e+04
5.6 1.018178e+04 9.951762e+03 1.000868e+04 1.023870e+04
6.6 9.852105e+03 9.975920e+03 9.994753e+03 9.870939e+03
7.6 1.002212e+04 1.012122e+04 9.955167e+03 9.856072e+03
8.6 9.826275e+03 9.909085e+03 9.933644e+03 9.850835e+03
9.6 9.525364e+03 9.913661e+03 9.981224e+03 9.592927e+03
10.6 9.993244e+03 9.934020e+03 1.002232e+04 1.008154e+04
11.6 9.914911e+03 9.967619e+03 1.001948e+04 9.966777e+03
12.6 9.963088e+03 9.998912e+03 1.000507e+04 9.969250e+03
13.6 9.909486e+03 9.906386e+03 9.994496e+03 9.997596e+03
14.6 9.936165e+03 9.999786e+03 9.988254e+03 9.924632e+03
15.6 9.936831e+03 9.957630e+03 9.985101e+03 9.964302e+03
16.6 1.030381e+04 1.009604e+04 9.984176e+03 1.019194e+04
17.6 9.993425e+03 9.997686e+03 9.984526e+03 9.980264e+03
0.8 1.002212e+04 1.012122e+04 9.955167e+03 9.856072e+03
1.8 9.826275e+03 9.909085e+03 9.933644e+03 9.850835e+03
2.8 9.525364e+03 9.913661e+03 9.981224e+03 9.592927e+03
3.8 9.993244e+03 9.934020e+03 1.002232e+04 1.008154e+04
4.8 9.914911e+03 9.967619e+03 1.001948e+04 9.966777e+03
5.8 9.963088e+03 9.998912e+03 1.000507e+04 9.969250e+03
6.8 9.909486e+03 9.906386e+03 9.994496e+03 9.997596e+03
7.8 9.936165e+03 9.999786e+03 9.988254e+03 9.924632e+03
8.8 9.936831e+03 9.957630e+03 9.985101e+03 9.964302e+03
9.8 1.030381e+04 1.009604e+04 9.984176e+03 1.019194e+04
10.8 9.993425e+03 9.997686e+03 9.984526e+03 9.980264e+03
11.8 1.008874e+04 1.004176e+04 9.985290e+03 1.003227e+04
12.8 1.001362e+04 9.916427e+03 9.985970e+03 1.008316e+04
13.8 9.899257e+03 1.000584e+04 9.986422e+03 9.879844e+03
14.8 9.913510e+03 1.001412e+04 9.986682e+03 9.886076e+03
15.8 9.889915e+03 9.911686e+03 9.986824e+03 9.965053e+03
16.8 1.024654e+04 1.001852e+04 9.986906e+03 1.021493e+04
17.8 1.005355e+04 1.003023e+04 9.986960e+03 1.001029e+04
0.6 9.992678e+03 1.004561e+04 9.957613e+03 9.904678e+03
1.6 1.005963e+04 1.000135e+04 9.930363e+03 9.988640e+03
2.6 9.898647e+03 1.003904e+04 9.972812e+03 9.832421e+03
3.6 1.020750e+04 9.932892e+03 1.002437e+04 1.029898e+04
4.6 9.952969e+03 9.978557e+03 1.002620e+04 1.000061e+04
5.6 9.843920e+03 9.969199e+03 1.001031e+04 9.885034e+03
6.6 9.984728e+03 1.000158e+04 9.997667e+03 9.980811e+03
7.6 1.018493e+04 1.004970e+04 9.990076e+03 1.012530e+04
8.6 9.873915e+03 9.881173e+03 9.986097e+03 9.978839e+03
9.6 9.902371e+03 9.972713e+03 9.984738e+03 9.914396e+03
10.6 9.775632e+03 9.953048e+03 9.984950e+03 9.807534e+03
11.6 1.013341e+04 9.977377e+03 9.985734e+03 1.014177e+04
12.6 9.948280e+03 1.005432e+04 9.986470e+03 9.880434e+03
13.6 9.870322e+03 9.923980e+03 9.986957e+03 9.933299e+03
14.6 1.013196e+04 1.011364e+04 9.987233e+03 1.000555e+04
15.6 1.005432e+04 1.004403e+04 9.987376e+03 9.997660e+03
16.6 9.775278e+03 1.000159e+04 9.987448e+03 9.761136e+03
17.6 1.034740e+04 9.971382e+03 9.987483e+03 1.036350e+04
0.9 9.983365e+03 1.006539e+04 9.950255e+03 9.868233e+03
1.9 9.904373e+03 9.989723e+03 9.936767e+03 9.851418e+03
2.9 9.887845e+03 1.003147e+04 9.988946e+03 9.845325e+03
3.9 1.024225e+04 9.974069e+03 1.002613e+04 1.029431e+04
4.9 9.973011e+03 1.006392e+04 1.002054e+04 9.929629e+03
5.9 9.794302e+03 9.950629e+03 9.989598e+03 9.833271e+03
6.9 1.010668e+04 1.000475e+04 9.944032e+03 1.004596e+04
7.9 1.018621e+04 9.984059e+03 9.957349e+03 1.015950e+04
8.9 9.988885e+03 1.000312e+04 1.001141e+04 9.997170e+03
9.9 9.874201e+03 1.004978e+04 1.002386e+04 9.848282e+03
10.9 9.787014e+03 9.930273e+03 1.001076e+04 9.867500e+03
11.9 9.968603e+03 1.001200e+04 9.998101e+03 9.954707e+03
12.9 9.945348e+03 9.960823e+03 9.990338e+03 9.974863e+03
13.9 1.011561e+04 1.002116e+04 9.986083e+03 1.008053e+04
14.9 1.002484e+04 1.001907e+04 9.984359e+03 9.990126e+03
15.9 9.905513e+03 9.915388e+03 9.984296e+03 9.974420e+03
16.9 9.999211e+03 1.000332e+04 9.984684e+03 9.980576e+03
17.9 1.000375e+04 9.924363e+03 9.960708e+03 1.004009e+04
0.4 9.794302e+03 9.950629e+03 9.989598e+03 9.833271e+03
1.4 1.010668e+04 1.000475e+04 9.944032e+03 1.004596e+04
2.4 1.018621e+04 9.984059e+03 9.957349e+03 1.015950e+04
3.4 9.988885e+03 1.000312e+04 1.001141e+04 9.997170e+03
4.4 9.874201e+03 1.004978e+04 1.002386e+04 9.848282e+03
5.4 9.787014e+03 9.930273e+03 1.001076e+04 9.867500e+03
6.4 9.968603e+03 1.001200e+04 9.998101e+03 9.954707e+03
7.4 9.945348e+03 9.960823e+03 9.990338e+03 9.974863e+03
8.4 1.011561e+04 1.002116e+04 9.986083e+03 1.008053e+04
9.4 1.002484e+04 1.001907e+04 9.984359e+03 9.990126e+03
10.4 9.905513e+03 9.915388e+03 9.984296e+03 9.974420e+03
11.4 9.999211e+03 1.000332e+04 9.984684e+03 9.980576e+03
12.4 1.000375e+04 9.924363e+03 9.960708e+03 1.004009e+04
13.4 9.938928e+03 9.944321e+03 9.929755e+03 9.924361e+03
14.4 9.775858e+03 9.801889e+03 9.965427e+03 9.939396e+03
15.4 1.033073e+04 1.004379e+04 1.002116e+04 1.030810e+04
16.4 9.827700e+03 9.979458e+03 1.002700e+04 9.875245e+03
17.4 1.013358e+04 1.006553e+04 1.001148e+04 1.007954e+04
0.5 1.000375e+04 9.924363e+03 9.960708e+03 1.004009e+04
1.5 9.938928e+03 9.944321e+03 9.929755e+03 9.924361e+03
2.5 9.775858e+03 9.801889e+03 9.965427e+03 9.939396e+03
3.5 1.033073e+04 1.004379e+04 1.002116e+04 1.030810e+04
4.5 9.827700e+03 9.979458e+03 1.002700e+04 9.875245e+03
5.5 1.013358e+04 1.006553e+04 1.001148e+04 1.007954e+04
6.5 9.937992e+03 1.001262e+04 9.998297e+03 9.923668e+03
7.5 1.029058e+04 1.005577e+04 9.990283e+03 1.022509e+04
8.5 9.921832e+03 9.992667e+03 9.985997e+03 9.915163e+03
9.5 9.846040e+03 9.877149e+03 9.984428e+03 9.953319e+03
10.5 1.002360e+04 1.002885e+04 9.984541e+03 9.979286e+03
11.5 9.930861e+03 1.010568e+04 9.985313e+03 9.810496e+03
12.5 1.018680e+04 1.004046e+04 9.986091e+03 1.013243e+04
13.5 9.982728e+03 1.001663e+04 9.986633e+03 9.952736e+03
14.5 9.788139e+03 9.970185e+03 9.986945e+03 9.804899e+03
15.5 9.807526e+03 9.904463e+03 9.987102e+03 9.890166e+03
16.5 1.010939e+04 1.002917e+04 9.986618e+03 1.006684e+04
17.5 9.990225e+03 9.970237e+03 9.958874e+03 9.978862e+03
0.6 9.990225e+03 9.970237e+03 9.958874e+03 9.978862e+03
1.6 9.958712e+03 1.000369e+04 9.930451e+03 9.885474e+03
2.6 9.861553e+03 9.897400e+03 9.971145e+03 9.935298e+03
3.6 1.031619e+04 1.009514e+04 1.002373e+04 1.024477e+04
4.6 1.015191e+04 1.006375e+04 1.002644e+04 1.011460e+04
5.6 9.991274e+03 9.960794e+03 1.001054e+04 1.004102e+04
6.6 9.850250e+03 9.816217e+03 9.997689e+03 1.003172e+04
7.6 1.004811e+04 9.967427e+03 9.989935e+03 1.007062e+04
8.6 9.939602e+03 1.001259e+04 9.985692e+03 9.912705e+03
9.6 1.001960e+04 1.003383e+04 9.962612e+03 9.948382e+03
10.6 9.879428e+03 1.000179e+04 9.928587e+03 9.806226e+03
11.6 9.826581e+03 9.839886e+03 9.958974e+03 9.945669e+03
12.6 9.951239e+03 1.001886e+04 1.001778e+04 9.950161e+03
13.6 1.018649e+04 1.006531e+04 1.002724e+04 1.014841e+04
14.6 9.748082e+03 1.012138e+04 1.001228e+04 9.638990e+03
15.6 9.881037e+03 9.887130e+03 9.998715e+03 9.992623e+03
16.6 9.815556e+03 9.929244e+03 9.990321e+03 9.876632e+03
17.6 1.005818e+04 9.902321e+03 9.985723e+03 1.014158e+04
0.5 1.001960e+04 1.003383e+04 9.962612e+03 9.948382e+03
1.5 9.879428e+03 1.000179e+04 9.928587e+03 9.806226e+03
2.5 9.826581e+03 9.839886e+03 9.958974e+03 9.945669e+03
3.5 9.951239e+03 1.001886e+04 1.001778e+04 9.950161e+03
4.5 1.018649e+04 1.006531e+04 1.002724e+04 1.014841e+04
5.5 9.748082e+03 1.012138e+04 1.001228e+04 9.638990e+03
6.5 9.881037e+03 9.887130e+03 9.998715e+03 9.992623e+03
7.5 9.815556e+03 9.929244e+03 9.990321e+03 9.876632e+03
8.5 1.005818e+04 9.902321e+03 9.985723e+03 1.014158e+04
9.5 9.912916e+03 9.903252e+03 9.983905e+03 9.993569e+03
10.5 9.904285e+03 9.982326e+03 9.983853e+03 9.905812e+03
11.5 1.016195e+04 1.000461e+04 9.975420e+03 1.013277e+04
12.5 9.921003e+03 1.011227e+04 9.938963e+03 9.747699e+03
13.5 9.921531e+03 9.853237e+03 9.944288e+03 1.001258e+04
14.5 1.014503e+04 9.952863e+03 1.000308e+04 1.019525e+04
15.5 9.894596e+03 1.001493e+04 1.002632e+04 9.905982e+03
16.5 1.007161e+04 9.968466e+03 1.001533e+04 1.011848e+04
17.5 1.008012e+04 1.008017e+04 1.000112e+04 1.000107e+04
0.1 1.016195e+04 1.000461e+04 9.975420e+03 1.013277e+04
1.1 9.921003e+03 1.011227e+04 9.938963e+03 9.747699e+03
2.1 9.921531e+03 9.853237e+03 9.944288e+03 1.001258e+04
3.1 1.014503e+04 9.952863e+03 1.000308e+04 1.019525e+04
4.1 9.894596e+03 1.001493e+04 1.002632e+04 9.905982e+03
5.1 1.007161e+04 9.968466e+03 1.001533e+04 1.011848e+04
6.1 1.008012e+04 1.008017e+04 1.000112e+04 1.000107e+04
7.1 1.021821e+04 9.968821e+03 9.991854e+03 1.024124e+04
8.1 9.964350e+03 1.005768e+04 9.986595e+03 9.893261e+03
9.1 1.001025e+04 9.890059e+03 9.984228e+03 1.010442e+04
10.1 9.952554e+03 1.000214e+04 9.983841e+03 9.934254e+03
11.1 9.881957e+03 9.921596e+03 9.984428e+03 9.944789e+03
12.1 1.027535e+04 1.006261e+04 9.985214e+03 1.019796e+04
13.1 9.784727e+03 9.881946e+03 9.985838e+03 9.888619e+03
14.1 1.020688e+04 1.005845e+04 9.986239e+03 1.013467e+04
15.1 1.007206e+04 1.002229e+04 9.986488e+03 1.003626e+04
16.1 9.892850e+03 1.002251e+04 9.986657e+03 9.856996e+03
17.1 9.920966e+03 9.955884e+03 9.986767e+03 9.951849e+03
0.5 9.943399e+03 9.936739e+03 9.967072e+03 9.973732e+03
1.5 1.035506e+04 1.004722e+04 9.932152e+03 1.023999e+04
2.5 9.789017e+03 9.895470e+03 9.959891e+03 9.853438e+03
3.5 1.002718e+04 1.001818e+04 1.001872e+04 1.002772e+04
4.5 9.916122e+03 9.958255e+03 1.002883e+04 9.986695e+03
5.5 1.011126e+04 9.984285e+03 1.001377e+04 1.014075e+04
6.5 9.812607e+03 9.946820e+03 9.999947e+03 9.865734e+03
7.5 1.004444e+04 1.000150e+04 9.991386e+03 1.003433e+04
8.5 1.020314e+04 1.004798e+04 9.986687e+03 1.014185e+04
9.5 9.926973e+03 9.940499e+03 9.984798e+03 9.971272e+03
10.5 1.001494e+04 1.010789e+04 9.984702e+03 9.891748e+03
11.5 9.865641e+03 1.006037e+04 9.985357e+03 9.790630e+03
12.5 1.024234e+04 9.987184e+03 9.984394e+03 1.023955e+04
13.5 9.822947e+03 1.000001e+04 9.951612e+03 9.774548e+03
14.5 9.984275e+03 1.003279e+04 9.930909e+03 9.882399e+03
15.5 1.016549e+04 1.009090e+04 9.981089e+03 1.005567e+04
16.5 9.856649e+03 1.002178e+04 1.002667e+04 9.861538e+03
17.5 1.033311e+04 1.002684e+04 1.002410e+04 1.033036e+04
0.8 9.822947e+03 1.000001e+04 9.951612e+03 9.774548e+03
1.8 9.984275e+03 1.003279e+04 9.930909e+03 9.882399e+03
2.8 1.016549e+04 1.009090e+04 9.981089e+03 1.005567e+04
3.8 9.856649e+03 1.002178e+04 1.002667e+04 9.861538e+03
4.8 1.033311e+04 1.002684e+04 1.002410e+04 1.033036e+04
5.8 9.606058e+03 9.955120e+03 1.000798e+04 9.658921e+03
6.8 9.861073e+03 9.900636e+03 9.995972e+03 9.956410e+03
7.8 9.847972e+03 9.764037e+03 9.988847e+03 1.007278e+04
8.8 9.558075e+03 9.709820e+03 9.985183e+03 9.833438e+03
9.8 1.001866e+04 9.924843e+03 9.984006e+03 1.007782e+04
10.8 9.913437e+03 1.004891e+04 9.984269e+03 9.848791e+03
11.8 1.001478e+04 1.003420e+04 9.985014e+03 9.965598e+03
12.8 1.007462e+04 1.007561e+04 9.979887e+03 9.978895e+03
13.8 1.024828e+04 1.005825e+04 9.943612e+03 1.013364e+04
14.8 9.907903e+03 1.002897e+04 9.939941e+03 9.818874e+03
15.8 9.973428e+03 1.003199e+04 9.996869e+03 9.938312e+03
16.8 1.000462e+04 9.969622e+03 1.002643e+04 1.006142e+04
17.8 1.005565e+04 1.003537e+04 1.001758e+04 1.003786e+04
1.0 1.024828e+04 1.005825e+04 9.943612e+03 1.013364e+04
2.0 9.907903e+03 1.002897e+04 9.939941e+03 9.818874e+03
3.0 9.973428e+03 1.003199e+04 9.996869e+03 9.938312e+03
4.0 1.000462e+04 9.969622e+03 1.002643e+04 1.006142e+04
5.0 1.005565e+04 1.003537e+04 1.001758e+04 1.003786e+04
6.0 9.781153e+03 9.973684e+03 1.000294e+04 9.810410e+03
7.0 1.016861e+04 1.008089e+04 9.993067e+03 1.008079e+04
8.0 1.018044e+04 1.005201e+04 9.987384e+03 1.011582e+04
9.0 9.983418e+03 9.898320e+03 9.984724e+03 1.006982e+04
10.0 9.965896e+03 9.942714e+03 9.984184e+03 1.000737e+04
11.0 1.005537e+04 9.931428e+03 9.984732e+03 1.010867e+04
12.0 1.002691e+04 9.955803e+03 9.985536e+03 1.005664e+04
13.0 9.844938e+03 9.992613e+03 9.986191e+03 9.838516e+03
14.0 9.886349e+03 9.970485e+03 9.986615e+03 9.902478e+03
15.0 1.001421e+04 1.004899e+04 9.986879e+03 9.952093e+03
16.0 9.928321e+03 9.963177e+03 9.987069e+03 9.952213e+03
17.0 1.032379e+04 1.011224e+04 9.987212e+03 1.019877e+04
18.0 9.837019e+03 1.001996e+04 9.987324e+03 9.804377e+03
0.8 9.736594e+03 9.908436e+03 9.953332e+03 9.781489e+03
1.8 9.966877e+03 9.914044e+03 9.932401e+03 9.985233e+03
2.8 9.836757e+03 9.898476e+03 9.982498e+03 9.920779e+03
3.8 1.024186e+04 1.015239e+04 1.002807e+04 1.011754e+04
4.8 1.009883e+04 1.009766e+04 1.002552e+04 1.002669e+04
5.8 9.926057e+03 9.960213e+03 1.000944e+04 9.975280e+03
6.8 9.910957e+03 9.906314e+03 9.997435e+03 1.000208e+04
7.8 9.868964e+03 9.804113e+03 9.990301e+03 1.005515e+04
8.8 1.012576e+04 9.963581e+03 9.986633e+03 1.014882e+04
9.8 1.013097e+04 1.002253e+04 9.983791e+03 1.009223e+04
10.8 9.919444e+03 1.000744e+04 9.950779e+03 9.862779e+03
11.8 1.005500e+04 9.957656e+03 9.930535e+03 1.002788e+04
12.8 1.013595e+04 9.911965e+03 9.981235e+03 1.020522e+04
13.8 9.947128e+03 1.011453e+04 1.002717e+04 9.859768e+03
14.8 9.807433e+03 1.001981e+04 1.002460e+04 9.812214e+03
15.8 1.038111e+04 1.009287e+04 9.985888e+03 1.027413e+04
16.8 9.827000e+03 1.001494e+04 9.940529e+03 9.752584e+03
17.8 1.009003e+04 9.985987e+03 9.964908e+03 1.006895e+04
0.8 9.919444e+03 1.000744e+04 9.950779e+03 9.862779e+03
1.8 1.005500e+04 9.957656e+03 9.930535e+03 1.002788e+04
2.8 1.013595e+04 9.911965e+03 9.981235e+03 1.020522e+04
3.8 9.947128e+03 1.011453e+04 1.002717e+04 9.859768e+03
4.8 9.807433e+03 1.001981e+04 1.002460e+04 9.812214e+03
5.8 1.038111e+04 1.009287e+04 9.985888e+03 1.027413e+04
6.8 9.827000e+03 1.001494e+04 9.940529e+03 9.752584e+03
7.8 1.009003e+04 9.985987e+03 9.964908e+03 1.006895e+04
8.8 9.857527e+03 1.002059e+04 1.001847e+04 9.855400e+03
9.8 1.001446e+04 9.959748e+03 1.002507e+04 1.007979e+04
10.8 9.927085e+03 9.985080e+03 1.000987e+04 9.951878e+03
11.8 1.013255e+04 9.937676e+03 9.996950e+03 1.019183e+04
0.5 1.038111e+04 1.009287e+04 9.985888e+03 1.027413e+04
1.5 9.827000e+03 1.001494e+04 9.940529e+03 9.752584e+03
2.5 1.009003e+04 9.985987e+03 9.964908e+03 1.006895e+04
3.5 9.857527e+03 1.002059e+04 1.001847e+04 9.855400e+03
4.5 1.001446e+04 9.959748e+03 1.002507e+04 1.007979e+04
5.5 9.927085e+03 9.985080e+03 1.000987e+04 9.951878e+03
6.5 1.013255e+04 9.937676e+03 9.996950e+03 1.019183e+04
