0.2 9.853029e+03 9.886672e+03 9.987549e+03 9.953905e+03
1.3 1.006217e+04 9.910776e+03 9.980776e+03 1.013217e+04
2.2 1.010664e+04 9.957874e+03 9.977909e+03 1.012668e+04
3.2 9.962525e+03 1.007087e+04 9.979298e+03 9.870957e+03
4.2 9.815321e+03 9.971449e+03 9.983062e+03 9.826934e+03
5.2 1.018556e+04 1.009527e+04 9.989347e+03 1.007964e+04
6.2 9.941170e+03 9.989043e+03 9.993281e+03 9.945408e+03
7.2 1.034266e+04 1.005714e+04 9.992319e+03 1.027784e+04
8.2 9.835382e+03 9.943430e+03 9.990127e+03 9.882079e+03
9.2 1.009825e+04 9.980757e+03 9.988507e+03 1.010600e+04
10.2 9.763641e+03 9.976170e+03 9.987565e+03 9.775035e+03
11.2 1.029592e+04 9.975303e+03 9.987119e+03 1.030773e+04
12.2 9.674322e+03 9.902591e+03 9.987596e+03 9.759327e+03
13.2 9.621132e+03 9.850001e+03 9.991569e+03 9.762700e+03
14.2 9.704539e+03 9.965034e+03 9.992968e+03 9.732473e+03
15.2 1.010140e+04 9.885611e+03 9.989464e+03 1.020525e+04
16.2 9.776184e+03 9.898302e+03 9.986127e+03 9.864008e+03
17.2 1.023598e+04 1.011257e+04 9.982589e+03 1.010600e+04
0.4 1.006217e+04 9.910776e+03 9.980776e+03 1.013217e+04
1.4 1.010664e+04 9.957874e+03 9.977909e+03 1.012668e+04
2.4 9.962525e+03 1.007087e+04 9.979298e+03 9.870957e+03
3.4 9.815321e+03 9.971449e+03 9.983062e+03 9.826934e+03
4.4 1.018556e+04 1.009527e+04 9.989347e+03 1.007964e+04
5.4 9.941170e+03 9.989043e+03 9.993281e+03 9.945408e+03
6.4 1.034266e+04 1.005714e+04 9.992319e+03 1.027784e+04
7.4 9.835382e+03 9.943430e+03 9.990127e+03 9.882079e+03
8.4 1.009825e+04 9.980757e+03 9.988507e+03 1.010600e+04
9.4 9.763641e+03 9.976170e+03 9.987565e+03 9.775035e+03
10.4 1.029592e+04 9.975303e+03 9.987119e+03 1.030773e+04
11.4 9.674322e+03 9.902591e+03 9.987596e+03 9.759327e+03
12.4 9.621132e+03 9.850001e+03 9.991569e+03 9.762700e+03
13.4 9.704539e+03 9.965034e+03 9.992968e+03 9.732473e+03
14.4 1.010140e+04 9.885611e+03 9.989464e+03 1.020525e+04
15.4 9.776184e+03 9.898302e+03 9.986127e+03 9.864008e+03
16.4 1.023598e+04 1.011257e+04 9.982589e+03 1.010600e+04
17.4 9.873786e+03 1.000531e+04 9.980096e+03 9.848573e+03
0.7 9.962525e+03 1.007087e+04 9.979298e+03 9.870957e+03
1.7 9.815321e+03 9.971449e+03 9.983062e+03 9.826934e+03
2.7 1.018556e+04 1.009527e+04 9.989347e+03 1.007964e+04
3.7 9.941170e+03 9.989043e+03 9.993281e+03 9.945408e+03
4.7 1.034266e+04 1.005714e+04 9.992319e+03 1.027784e+04
5.7 9.835382e+03 9.943430e+03 9.990127e+03 9.882079e+03
6.7 1.009825e+04 9.980757e+03 9.988507e+03 1.010600e+04
7.7 9.763641e+03 9.976170e+03 9.987565e+03 9.775035e+03
8.7 1.029592e+04 9.975303e+03 9.987119e+03 1.030773e+04
9.7 9.674322e+03 9.902591e+03 9.987596e+03 9.759327e+03
10.7 9.621132e+03 9.850001e+03 9.991569e+03 9.762700e+03
11.7 9.704539e+03 9.965034e+03 9.992968e+03 9.732473e+03
12.7 1.010140e+04 9.885611e+03 9.989464e+03 1.020525e+04
13.7 9.776184e+03 9.898302e+03 9.986127e+03 9.864008e+03
14.7 1.023598e+04 1.011257e+04 9.982589e+03 1.010600e+04
15.7 9.873786e+03 1.000531e+04 9.980096e+03 9.848573e+03
16.7 9.999869e+03 1.001447e+04 9.977649e+03 9.963050e+03
17.7 1.000936e+04 9.984383e+03 9.980128e+03 1.000510e+04
0.1 9.776184e+03 9.898302e+03 9.986127e+03 9.864008e+03
1.1 1.023598e+04 1.011257e+04 9.982589e+03 1.010600e+04
2.1 9.873786e+03 1.000531e+04 9.980096e+03 9.848573e+03
3.1 9.999869e+03 1.001447e+04 9.977649e+03 9.963050e+03
4.1 1.000936e+04 9.984383e+03 9.980128e+03 1.000510e+04
5.1 1.011022e+04 1.000067e+04 9.988869e+03 1.009842e+04
6.1 9.951495e+03 1.007262e+04 9.993612e+03 9.872488e+03
7.1 9.899266e+03 9.903432e+03 9.992465e+03 9.988299e+03
8.1 9.831656e+03 1.000917e+04 9.990109e+03 9.812600e+03
9.1 9.977917e+03 9.930299e+03 9.988405e+03 1.003602e+04
10.1 1.005064e+04 9.930630e+03 9.987398e+03 1.010741e+04
11.1 1.006195e+04 9.991583e+03 9.986915e+03 1.005728e+04
12.1 1.024839e+04 9.990344e+03 9.986795e+03 1.024484e+04
13.1 1.004167e+04 1.009810e+04 9.986866e+03 9.930443e+03
14.1 1.002063e+04 1.001125e+04 9.986991e+03 9.996375e+03
15.1 1.011165e+04 9.966002e+03 9.987103e+03 1.013275e+04
16.1 9.776467e+03 1.004818e+04 9.987185e+03 9.715476e+03
17.1 9.939430e+03 1.002295e+04 9.987243e+03 9.903726e+03
0.6 9.873786e+03 1.000531e+04 9.980096e+03 9.848573e+03
1.6 9.999869e+03 1.001447e+04 9.977649e+03 9.963050e+03
2.6 1.000936e+04 9.984383e+03 9.980128e+03 1.000510e+04
3.6 1.011022e+04 1.000067e+04 9.988869e+03 1.009842e+04
4.6 9.951495e+03 1.007262e+04 9.993612e+03 9.872488e+03
5.6 9.899266e+03 9.903432e+03 9.992465e+03 9.988299e+03
6.6 9.831656e+03 1.000917e+04 9.990109e+03 9.812600e+03
7.6 9.977917e+03 9.930299e+03 9.988405e+03 1.003602e+04
8.6 1.005064e+04 9.930630e+03 9.987398e+03 1.010741e+04
9.6 1.006195e+04 9.991583e+03 9.986915e+03 1.005728e+04
10.6 1.024839e+04 9.990344e+03 9.986795e+03 1.024484e+04
11.6 1.004167e+04 1.009810e+04 9.986866e+03 9.930443e+03
12.6 1.002063e+04 1.001125e+04 9.986991e+03 9.996375e+03
13.6 1.011165e+04 9.966002e+03 9.987103e+03 1.013275e+04
14.6 9.776467e+03 1.004818e+04 9.987185e+03 9.715476e+03
15.6 9.939430e+03 1.002295e+04 9.987243e+03 9.903726e+03
16.6 9.894394e+03 9.885889e+03 9.987289e+03 9.995793e+03
17.6 1.024602e+04 1.001494e+04 9.987330e+03 1.021840e+04
0.8 9.999869e+03 1.001447e+04 9.977649e+03 9.963050e+03
1.8 1.000936e+04 9.984383e+03 9.980128e+03 1.000510e+04
2.8 1.011022e+04 1.000067e+04 9.988869e+03 1.009842e+04
3.8 9.951495e+03 1.007262e+04 9.993612e+03 9.872488e+03
4.8 9.899266e+03 9.903432e+03 9.992465e+03 9.988299e+03
5.8 9.831656e+03 1.000917e+04 9.990109e+03 9.812600e+03
6.8 9.977917e+03 9.930299e+03 9.988405e+03 1.003602e+04
7.8 1.005064e+04 9.930630e+03 9.987398e+03 1.010741e+04
8.8 1.006195e+04 9.991583e+03 9.986915e+03 1.005728e+04
9.8 1.024839e+04 9.990344e+03 9.986795e+03 1.024484e+04
10.8 1.004167e+04 1.009810e+04 9.986866e+03 9.930443e+03
11.8 1.002063e+04 1.001125e+04 9.986991e+03 9.996375e+03
12.8 1.011165e+04 9.966002e+03 9.987103e+03 1.013275e+04
13.8 9.776467e+03 1.004818e+04 9.987185e+03 9.715476e+03
14.8 9.939430e+03 1.002295e+04 9.987243e+03 9.903726e+03
15.8 9.894394e+03 9.885889e+03 9.987289e+03 9.995793e+03
16.8 1.024602e+04 1.001494e+04 9.987330e+03 1.021840e+04
17.8 9.950733e+03 9.969520e+03 9.987372e+03 9.968585e+03
0.5 9.871368e+03 9.995436e+03 9.978356e+03 9.854289e+03
1.5 1.043180e+04 1.018665e+04 9.979707e+03 1.022486e+04
2.5 9.916066e+03 1.012056e+04 9.981882e+03 9.777385e+03
3.5 9.952852e+03 9.935565e+03 9.983148e+03 1.000043e+04
4.5 9.814124e+03 9.969773e+03 9.982127e+03 9.826478e+03
5.5 9.850466e+03 9.859754e+03 9.979069e+03 9.969780e+03
6.5 9.877774e+03 1.003144e+04 9.982453e+03 9.828786e+03
7.5 9.843267e+03 9.957703e+03 9.986342e+03 9.871905e+03
8.5 1.025931e+04 9.945750e+03 9.984540e+03 1.029810e+04
9.5 9.910283e+03 1.000682e+04 9.985194e+03 9.888660e+03
10.5 9.923812e+03 9.915995e+03 9.993660e+03 1.000148e+04
11.5 1.009751e+04 1.006023e+04 1.000157e+04 1.003885e+04
12.5 1.001617e+04 1.000070e+04 9.998946e+03 1.001442e+04
13.5 1.001915e+04 9.983153e+03 9.993260e+03 1.002926e+04
14.5 9.879282e+03 9.957654e+03 9.989289e+03 9.910917e+03
15.5 9.834417e+03 9.786469e+03 9.987195e+03 1.003514e+04
16.5 1.047353e+04 1.000573e+04 9.986317e+03 1.045411e+04
17.5 1.007604e+04 1.004421e+04 9.986170e+03 1.001800e+04
0.4 9.916066e+03 1.012056e+04 9.981882e+03 9.777385e+03
1.4 9.952852e+03 9.935565e+03 9.983148e+03 1.000043e+04
2.4 9.814124e+03 9.969773e+03 9.982127e+03 9.826478e+03
3.4 9.850466e+03 9.859754e+03 9.979069e+03 9.969780e+03
4.4 9.877774e+03 1.003144e+04 9.982453e+03 9.828786e+03
5.4 9.843267e+03 9.957703e+03 9.986342e+03 9.871905e+03
6.4 1.025931e+04 9.945750e+03 9.984540e+03 1.029810e+04
7.4 9.910283e+03 1.000682e+04 9.985194e+03 9.888660e+03
8.4 9.923812e+03 9.915995e+03 9.993660e+03 1.000148e+04
9.4 1.009751e+04 1.006023e+04 1.000157e+04 1.003885e+04
10.4 1.001617e+04 1.000070e+04 9.998946e+03 1.001442e+04
11.4 1.001915e+04 9.983153e+03 9.993260e+03 1.002926e+04
12.4 9.879282e+03 9.957654e+03 9.989289e+03 9.910917e+03
13.4 9.834417e+03 9.786469e+03 9.987195e+03 1.003514e+04
14.4 1.047353e+04 1.000573e+04 9.986317e+03 1.045411e+04
15.4 1.007604e+04 1.004421e+04 9.986170e+03 1.001800e+04
16.4 9.972825e+03 9.943048e+03 9.986375e+03 1.001615e+04
17.4 9.842610e+03 9.961946e+03 9.986659e+03 9.867324e+03
0.8 9.814124e+03 9.969773e+03 9.982127e+03 9.826478e+03
1.8 9.850466e+03 9.859754e+03 9.979069e+03 9.969780e+03
2.8 9.877774e+03 1.003144e+04 9.982453e+03 9.828786e+03
3.8 9.843267e+03 9.957703e+03 9.986342e+03 9.871905e+03
4.8 1.025931e+04 9.945750e+03 9.984540e+03 1.029810e+04
5.8 9.910283e+03 1.000682e+04 9.985194e+03 9.888660e+03
6.8 9.923812e+03 9.915995e+03 9.993660e+03 1.000148e+04
7.8 1.009751e+04 1.006023e+04 1.000157e+04 1.003885e+04
8.8 1.001617e+04 1.000070e+04 9.998946e+03 1.001442e+04
9.8 1.001915e+04 9.983153e+03 9.993260e+03 1.002926e+04
10.8 9.879282e+03 9.957654e+03 9.989289e+03 9.910917e+03
11.8 9.834417e+03 9.786469e+03 9.987195e+03 1.003514e+04
12.8 1.047353e+04 1.000573e+04 9.986317e+03 1.045411e+04
13.8 1.007604e+04 1.004421e+04 9.986170e+03 1.001800e+04
14.8 9.972825e+03 9.943048e+03 9.986375e+03 1.001615e+04
15.8 9.842610e+03 9.961946e+03 9.986659e+03 9.867324e+03
16.8 1.003211e+04 9.893293e+03 9.986885e+03 1.012570e+04
17.8 1.004737e+04 1.008685e+04 9.987022e+03 9.947535e+03
1.0 9.850466e+03 9.859754e+03 9.979069e+03 9.969780e+03
2.0 9.877774e+03 1.003144e+04 9.982453e+03 9.828786e+03
3.0 9.843267e+03 9.957703e+03 9.986342e+03 9.871905e+03
4.0 1.025931e+04 9.945750e+03 9.984540e+03 1.029810e+04
5.0 9.910283e+03 1.000682e+04 9.985194e+03 9.888660e+03
6.0 9.923812e+03 9.915995e+03 9.993660e+03 1.000148e+04
7.0 1.009751e+04 1.006023e+04 1.000157e+04 1.003885e+04
8.0 1.001617e+04 1.000070e+04 9.998946e+03 1.001442e+04
9.0 1.001915e+04 9.983153e+03 9.993260e+03 1.002926e+04
10.0 9.879282e+03 9.957654e+03 9.989289e+03 9.910917e+03
11.0 9.834417e+03 9.786469e+03 9.987195e+03 1.003514e+04
12.0 1.047353e+04 1.000573e+04 9.986317e+03 1.045411e+04
13.0 1.007604e+04 1.004421e+04 9.986170e+03 1.001800e+04
14.0 9.972825e+03 9.943048e+03 9.986375e+03 1.001615e+04
15.0 9.842610e+03 9.961946e+03 9.986659e+03 9.867324e+03
16.0 1.003211e+04 9.893293e+03 9.986885e+03 1.012570e+04
17.0 1.004737e+04 1.008685e+04 9.987022e+03 9.947535e+03
18.0 9.942010e+03 1.000574e+04 9.987091e+03 9.923364e+03
0.2 9.877774e+03 1.003144e+04 9.982453e+03 9.828786e+03
1.2 9.843267e+03 9.957703e+03 9.986342e+03 9.871905e+03
2.2 1.025931e+04 9.945750e+03 9.984540e+03 1.029810e+04
3.2 9.910283e+03 1.000682e+04 9.985194e+03 9.888660e+03
4.2 9.923812e+03 9.915995e+03 9.993660e+03 1.000148e+04
5.2 1.009751e+04 1.006023e+04 1.000157e+04 1.003885e+04
6.2 1.001617e+04 1.000070e+04 9.998946e+03 1.001442e+04
7.2 1.001915e+04 9.983153e+03 9.993260e+03 1.002926e+04
8.2 9.879282e+03 9.957654e+03 9.989289e+03 9.910917e+03
9.2 9.834417e+03 9.786469e+03 9.987195e+03 1.003514e+04
10.2 1.047353e+04 1.000573e+04 9.986317e+03 1.045411e+04
11.2 1.007604e+04 1.004421e+04 9.986170e+03 1.001800e+04
12.2 9.972825e+03 9.943048e+03 9.986375e+03 1.001615e+04
13.2 9.842610e+03 9.961946e+03 9.986659e+03 9.867324e+03
14.2 1.003211e+04 9.893293e+03 9.986885e+03 1.012570e+04
15.2 1.004737e+04 1.008685e+04 9.987022e+03 9.947535e+03
16.2 9.942010e+03 1.000574e+04 9.987091e+03 9.923364e+03
17.2 1.032218e+04 1.004651e+04 9.987121e+03 1.026279e+04
0.5 1.025931e+04 9.945750e+03 9.984540e+03 1.029810e+04
1.5 9.910283e+03 1.000682e+04 9.985194e+03 9.888660e+03
2.5 9.923812e+03 9.915995e+03 9.993660e+03 1.000148e+04
3.5 1.009751e+04 1.006023e+04 1.000157e+04 1.003885e+04
4.5 1.001617e+04 1.000070e+04 9.998946e+03 1.001442e+04
5.5 1.001915e+04 9.983153e+03 9.993260e+03 1.002926e+04
6.5 9.879282e+03 9.957654e+03 9.989289e+03 9.910917e+03
7.5 9.834417e+03 9.786469e+03 9.987195e+03 1.003514e+04
8.5 1.047353e+04 1.000573e+04 9.986317e+03 1.045411e+04
9.5 1.007604e+04 1.004421e+04 9.986170e+03 1.001800e+04
10.5 9.972825e+03 9.943048e+03 9.986375e+03 1.001615e+04
11.5 9.842610e+03 9.961946e+03 9.986659e+03 9.867324e+03
12.5 1.003211e+04 9.893293e+03 9.986885e+03 1.012570e+04
13.5 1.004737e+04 1.008685e+04 9.987022e+03 9.947535e+03
14.5 9.942010e+03 1.000574e+04 9.987091e+03 9.923364e+03
15.5 1.032218e+04 1.004651e+04 9.987121e+03 1.026279e+04
16.5 9.889728e+03 1.002884e+04 9.987132e+03 9.848021e+03
17.5 1.006224e+04 9.999387e+03 9.987138e+03 1.004999e+04
0.9 9.936831e+03 9.957630e+03 9.982222e+03 9.961423e+03
1.9 1.030381e+04 1.009604e+04 9.979808e+03 1.018757e+04
2.9 9.993425e+03 9.997686e+03 9.979775e+03 9.975513e+03
3.9 1.008874e+04 1.004176e+04 9.979377e+03 1.002635e+04
4.9 1.001362e+04 9.916427e+03 9.983097e+03 1.008029e+04
5.9 9.899257e+03 1.000584e+04 9.990600e+03 9.884022e+03
6.9 9.913510e+03 1.001412e+04 9.993908e+03 9.893301e+03
7.9 9.889915e+03 9.911686e+03 9.992295e+03 9.970524e+03
8.9 1.024654e+04 1.001852e+04 9.989945e+03 1.021797e+04
9.9 1.005355e+04 1.003023e+04 9.988341e+03 1.001167e+04
10.9 9.911092e+03 9.934376e+03 9.987443e+03 9.964158e+03
11.9 9.992678e+03 1.004561e+04 9.987046e+03 9.934111e+03
12.9 1.005963e+04 1.000135e+04 9.986972e+03 1.004525e+04
13.9 9.898647e+03 1.003904e+04 9.987637e+03 9.847245e+03
14.9 1.020750e+04 9.932892e+03 9.989295e+03 1.026391e+04
15.9 9.952969e+03 9.978557e+03 9.988150e+03 9.962562e+03
16.9 9.843920e+03 9.969199e+03 9.984275e+03 9.858996e+03
17.9 9.984728e+03 1.000158e+04 9.984290e+03 9.967434e+03
0.2 1.030381e+04 1.009604e+04 9.979808e+03 1.018757e+04
1.2 9.993425e+03 9.997686e+03 9.979775e+03 9.975513e+03
2.2 1.008874e+04 1.004176e+04 9.979377e+03 1.002635e+04
3.2 1.001362e+04 9.916427e+03 9.983097e+03 1.008029e+04
4.2 9.899257e+03 1.000584e+04 9.990600e+03 9.884022e+03
5.2 9.913510e+03 1.001412e+04 9.993908e+03 9.893301e+03
6.2 9.889915e+03 9.911686e+03 9.992295e+03 9.970524e+03
7.2 1.024654e+04 1.001852e+04 9.989945e+03 1.021797e+04
8.2 1.005355e+04 1.003023e+04 9.988341e+03 1.001167e+04
9.2 9.911092e+03 9.934376e+03 9.987443e+03 9.964158e+03
10.2 9.992678e+03 1.004561e+04 9.987046e+03 9.934111e+03
11.2 1.005963e+04 1.000135e+04 9.986972e+03 1.004525e+04
12.2 9.898647e+03 1.003904e+04 9.987637e+03 9.847245e+03
13.2 1.020750e+04 9.932892e+03 9.989295e+03 1.026391e+04
14.2 9.952969e+03 9.978557e+03 9.988150e+03 9.962562e+03
15.2 9.843920e+03 9.969199e+03 9.984275e+03 9.858996e+03
16.2 9.984728e+03 1.000158e+04 9.984290e+03 9.967434e+03
17.2 1.018493e+04 1.004970e+04 9.987164e+03 1.012239e+04
0.9 1.008874e+04 1.004176e+04 9.979377e+03 1.002635e+04
1.9 1.001362e+04 9.916427e+03 9.983097e+03 1.008029e+04
2.9 9.899257e+03 1.000584e+04 9.990600e+03 9.884022e+03
3.9 9.913510e+03 1.001412e+04 9.993908e+03 9.893301e+03
4.9 9.889915e+03 9.911686e+03 9.992295e+03 9.970524e+03
5.9 1.024654e+04 1.001852e+04 9.989945e+03 1.021797e+04
6.9 1.005355e+04 1.003023e+04 9.988341e+03 1.001167e+04
7.9 9.911092e+03 9.934376e+03 9.987443e+03 9.964158e+03
8.9 9.992678e+03 1.004561e+04 9.987046e+03 9.934111e+03
9.9 1.005963e+04 1.000135e+04 9.986972e+03 1.004525e+04
10.9 9.898647e+03 1.003904e+04 9.987637e+03 9.847245e+03
11.9 1.020750e+04 9.932892e+03 9.989295e+03 1.026391e+04
12.9 9.952969e+03 9.978557e+03 9.988150e+03 9.962562e+03
13.9 9.843920e+03 9.969199e+03 9.984275e+03 9.858996e+03
14.9 9.984728e+03 1.000158e+04 9.984290e+03 9.967434e+03
15.9 1.018493e+04 1.004970e+04 9.987164e+03 1.012239e+04
16.9 9.873915e+03 9.881173e+03 9.988343e+03 9.981085e+03
17.9 9.902371e+03 9.972713e+03 9.988188e+03 9.917846e+03
0.3 9.952969e+03 9.978557e+03 9.988150e+03 9.962562e+03
1.3 9.843920e+03 9.969199e+03 9.984275e+03 9.858996e+03
2.3 9.984728e+03 1.000158e+04 9.984290e+03 9.967434e+03
3.3 1.018493e+04 1.004970e+04 9.987164e+03 1.012239e+04
4.3 9.873915e+03 9.881173e+03 9.988343e+03 9.981085e+03
5.3 9.902371e+03 9.972713e+03 9.988188e+03 9.917846e+03
6.3 9.775632e+03 9.953048e+03 9.987855e+03 9.810439e+03
7.3 1.013341e+04 9.977377e+03 9.987603e+03 1.014364e+04
8.3 9.948280e+03 1.005432e+04 9.987423e+03 9.881387e+03
9.3 9.870322e+03 9.923980e+03 9.987317e+03 9.933660e+03
10.3 1.013196e+04 1.011364e+04 9.987279e+03 1.000560e+04
11.3 1.005432e+04 1.004403e+04 9.987281e+03 9.997565e+03
12.3 9.775278e+03 1.000159e+04 9.987297e+03 9.760986e+03
13.3 1.034740e+04 9.971382e+03 9.987313e+03 1.036333e+04
14.3 9.927521e+03 9.906071e+03 9.987323e+03 1.000877e+04
15.3 9.983365e+03 1.006539e+04 9.987329e+03 9.905308e+03
16.3 9.904373e+03 9.989723e+03 9.987333e+03 9.901983e+03
17.3 9.887845e+03 1.003147e+04 9.987335e+03 9.843713e+03
0.5 9.952554e+03 1.000214e+04 9.980001e+03 9.930414e+03
1.5 9.881957e+03 9.921596e+03 9.980421e+03 9.940782e+03
2.5 1.027535e+04 1.006261e+04 9.979613e+03 1.019236e+04
3.5 9.784727e+03 9.881946e+03 9.979091e+03 9.881871e+03
4.5 1.020688e+04 1.005845e+04 9.981460e+03 1.012989e+04
5.5 1.007206e+04 1.002229e+04 9.986064e+03 1.003583e+04
6.5 9.892850e+03 1.002251e+04 9.993683e+03 9.864023e+03
7.5 9.920966e+03 9.955884e+03 9.998344e+03 9.963425e+03
8.5 1.011479e+04 9.841037e+03 9.995757e+03 1.026951e+04
9.5 9.841887e+03 9.980747e+03 9.991642e+03 9.852781e+03
10.5 9.827526e+03 9.905307e+03 9.988922e+03 9.911141e+03
11.5 9.984239e+03 1.004098e+04 9.991934e+03 9.935198e+03
12.5 9.953925e+03 1.004498e+04 9.998622e+03 9.907566e+03
13.5 1.002224e+04 1.003768e+04 9.997849e+03 9.982409e+03
14.5 9.996066e+03 9.973025e+03 9.990697e+03 1.001374e+04
15.5 1.016137e+04 1.002946e+04 9.984532e+03 1.011644e+04
16.5 9.930407e+03 1.013480e+04 9.979714e+03 9.775322e+03
17.5 1.000523e+04 1.002735e+04 9.977534e+03 9.955419e+03
0.1 9.881957e+03 9.921596e+03 9.980421e+03 9.940782e+03
1.1 1.027535e+04 1.006261e+04 9.979613e+03 1.019236e+04
2.1 9.784727e+03 9.881946e+03 9.979091e+03 9.881871e+03
3.1 1.020688e+04 1.005845e+04 9.981460e+03 1.012989e+04
4.1 1.007206e+04 1.002229e+04 9.986064e+03 1.003583e+04
5.1 9.892850e+03 1.002251e+04 9.993683e+03 9.864023e+03
6.1 9.920966e+03 9.955884e+03 9.998344e+03 9.963425e+03
7.1 1.011479e+04 9.841037e+03 9.995757e+03 1.026951e+04
8.1 9.841887e+03 9.980747e+03 9.991642e+03 9.852781e+03
9.1 9.827526e+03 9.905307e+03 9.988922e+03 9.911141e+03
10.1 9.984239e+03 1.004098e+04 9.991934e+03 9.935198e+03
11.1 9.953925e+03 1.004498e+04 9.998622e+03 9.907566e+03
12.1 1.002224e+04 1.003768e+04 9.997849e+03 9.982409e+03
13.1 9.996066e+03 9.973025e+03 9.990697e+03 1.001374e+04
14.1 1.016137e+04 1.002946e+04 9.984532e+03 1.011644e+04
15.1 9.930407e+03 1.013480e+04 9.979714e+03 9.775322e+03
16.1 1.000523e+04 1.002735e+04 9.977534e+03 9.955419e+03
17.1 9.984770e+03 1.002669e+04 9.978364e+03 9.936443e+03
0.2 1.027535e+04 1.006261e+04 9.979613e+03 1.019236e+04
1.2 9.784727e+03 9.881946e+03 9.979091e+03 9.881871e+03
2.2 1.020688e+04 1.005845e+04 9.981460e+03 1.012989e+04
3.2 1.007206e+04 1.002229e+04 9.986064e+03 1.003583e+04
4.2 9.892850e+03 1.002251e+04 9.993683e+03 9.864023e+03
5.2 9.920966e+03 9.955884e+03 9.998344e+03 9.963425e+03
6.2 1.011479e+04 9.841037e+03 9.995757e+03 1.026951e+04
7.2 9.841887e+03 9.980747e+03 9.991642e+03 9.852781e+03
8.2 9.827526e+03 9.905307e+03 9.988922e+03 9.911141e+03
9.2 9.984239e+03 1.004098e+04 9.991934e+03 9.935198e+03
10.2 9.953925e+03 1.004498e+04 9.998622e+03 9.907566e+03
11.2 1.002224e+04 1.003768e+04 9.997849e+03 9.982409e+03
12.2 9.996066e+03 9.973025e+03 9.990697e+03 1.001374e+04
13.2 1.016137e+04 1.002946e+04 9.984532e+03 1.011644e+04
14.2 9.930407e+03 1.013480e+04 9.979714e+03 9.775322e+03
15.2 1.000523e+04 1.002735e+04 9.977534e+03 9.955419e+03
16.2 9.984770e+03 1.002669e+04 9.978364e+03 9.936443e+03
17.2 9.879457e+03 9.884778e+03 9.979329e+03 9.974008e+03
0.6 1.020688e+04 1.005845e+04 9.981460e+03 1.012989e+04
1.6 1.007206e+04 1.002229e+04 9.986064e+03 1.003583e+04
2.6 9.892850e+03 1.002251e+04 9.993683e+03 9.864023e+03
3.6 9.920966e+03 9.955884e+03 9.998344e+03 9.963425e+03
4.6 1.011479e+04 9.841037e+03 9.995757e+03 1.026951e+04
5.6 9.841887e+03 9.980747e+03 9.991642e+03 9.852781e+03
6.6 9.827526e+03 9.905307e+03 9.988922e+03 9.911141e+03
7.6 9.984239e+03 1.004098e+04 9.991934e+03 9.935198e+03
8.6 9.953925e+03 1.004498e+04 9.998622e+03 9.907566e+03
9.6 1.002224e+04 1.003768e+04 9.997849e+03 9.982409e+03
10.6 9.996066e+03 9.973025e+03 9.990697e+03 1.001374e+04
11.6 1.016137e+04 1.002946e+04 9.984532e+03 1.011644e+04
12.6 9.930407e+03 1.013480e+04 9.979714e+03 9.775322e+03
13.6 1.000523e+04 1.002735e+04 9.977534e+03 9.955419e+03
14.6 9.984770e+03 1.002669e+04 9.978364e+03 9.936443e+03
15.6 9.879457e+03 9.884778e+03 9.979329e+03 9.974008e+03
16.6 9.945025e+03 9.935018e+03 9.979435e+03 9.989443e+03
17.6 1.000564e+04 9.907215e+03 9.978636e+03 1.007706e+04
0.4 1.000523e+04 1.002735e+04 9.977534e+03 9.955419e+03
1.4 9.984770e+03 1.002669e+04 9.978364e+03 9.936443e+03
2.4 9.879457e+03 9.884778e+03 9.979329e+03 9.974008e+03
3.4 9.945025e+03 9.935018e+03 9.979435e+03 9.989443e+03
4.4 1.000564e+04 9.907215e+03 9.978636e+03 1.007706e+04
5.4 9.962947e+03 9.992517e+03 9.981052e+03 9.951482e+03
6.4 9.804601e+03 9.991134e+03 9.984619e+03 9.798086e+03
7.4 9.905305e+03 9.976937e+03 9.990779e+03 9.919146e+03
8.4 1.016974e+04 1.008249e+04 9.998711e+03 1.008597e+04
9.4 9.993150e+03 1.000471e+04 9.998741e+03 9.987178e+03
10.4 9.937143e+03 9.885324e+03 9.994023e+03 1.004584e+04
11.4 1.004205e+04 1.007932e+04 9.990008e+03 9.952740e+03
12.4 9.943399e+03 9.936739e+03 9.987716e+03 9.994376e+03
13.4 1.035506e+04 1.004722e+04 9.986660e+03 1.029450e+04
14.4 9.789017e+03 9.895470e+03 9.986370e+03 9.879917e+03
15.4 1.002718e+04 1.001818e+04 9.986483e+03 9.995480e+03
16.4 9.916122e+03 9.958255e+03 9.986725e+03 9.944592e+03
17.4 1.011126e+04 9.984285e+03 9.986939e+03 1.011391e+04
1.0 9.879457e+03 9.884778e+03 9.979329e+03 9.974008e+03
2.0 9.945025e+03 9.935018e+03 9.979435e+03 9.989443e+03
3.0 1.000564e+04 9.907215e+03 9.978636e+03 1.007706e+04
4.0 9.962947e+03 9.992517e+03 9.981052e+03 9.951482e+03
5.0 9.804601e+03 9.991134e+03 9.984619e+03 9.798086e+03
6.0 9.905305e+03 9.976937e+03 9.990779e+03 9.919146e+03
7.0 1.016974e+04 1.008249e+04 9.998711e+03 1.008597e+04
8.0 9.993150e+03 1.000471e+04 9.998741e+03 9.987178e+03
9.0 9.937143e+03 9.885324e+03 9.994023e+03 1.004584e+04
10.0 1.004205e+04 1.007932e+04 9.990008e+03 9.952740e+03
11.0 9.943399e+03 9.936739e+03 9.987716e+03 9.994376e+03
12.0 1.035506e+04 1.004722e+04 9.986660e+03 1.029450e+04
13.0 9.789017e+03 9.895470e+03 9.986370e+03 9.879917e+03
14.0 1.002718e+04 1.001818e+04 9.986483e+03 9.995480e+03
15.0 9.916122e+03 9.958255e+03 9.986725e+03 9.944592e+03
16.0 1.011126e+04 9.984285e+03 9.986939e+03 1.011391e+04
17.0 9.812607e+03 9.946820e+03 9.987075e+03 9.852863e+03
18.0 1.004444e+04 1.000150e+04 9.987144e+03 1.003009e+04
0.8 9.945025e+03 9.935018e+03 9.979435e+03 9.989443e+03
1.8 1.000564e+04 9.907215e+03 9.978636e+03 1.007706e+04
2.8 9.962947e+03 9.992517e+03 9.981052e+03 9.951482e+03
3.8 9.804601e+03 9.991134e+03 9.984619e+03 9.798086e+03
4.8 9.905305e+03 9.976937e+03 9.990779e+03 9.919146e+03
5.8 1.016974e+04 1.008249e+04 9.998711e+03 1.008597e+04
6.8 9.993150e+03 1.000471e+04 9.998741e+03 9.987178e+03
7.8 9.937143e+03 9.885324e+03 9.994023e+03 1.004584e+04
8.8 1.004205e+04 1.007932e+04 9.990008e+03 9.952740e+03
9.8 9.943399e+03 9.936739e+03 9.987716e+03 9.994376e+03
10.8 1.035506e+04 1.004722e+04 9.986660e+03 1.029450e+04
11.8 9.789017e+03 9.895470e+03 9.986370e+03 9.879917e+03
12.8 1.002718e+04 1.001818e+04 9.986483e+03 9.995480e+03
13.8 9.916122e+03 9.958255e+03 9.986725e+03 9.944592e+03
14.8 1.011126e+04 9.984285e+03 9.986939e+03 1.011391e+04
15.8 9.812607e+03 9.946820e+03 9.987075e+03 9.852863e+03
16.8 1.004444e+04 1.000150e+04 9.987144e+03 1.003009e+04
17.8 1.020314e+04 1.004798e+04 9.987172e+03 1.014233e+04
0.7 1.000564e+04 9.907215e+03 9.978636e+03 1.007706e+04
1.7 9.962947e+03 9.992517e+03 9.981052e+03 9.951482e+03
2.7 9.804601e+03 9.991134e+03 9.984619e+03 9.798086e+03
3.7 9.905305e+03 9.976937e+03 9.990779e+03 9.919146e+03
4.7 1.016974e+04 1.008249e+04 9.998711e+03 1.008597e+04
5.7 9.993150e+03 1.000471e+04 9.998741e+03 9.987178e+03
6.7 9.937143e+03 9.885324e+03 9.994023e+03 1.004584e+04
7.7 1.004205e+04 1.007932e+04 9.990008e+03 9.952740e+03
8.7 9.943399e+03 9.936739e+03 9.987716e+03 9.994376e+03
9.7 1.035506e+04 1.004722e+04 9.986660e+03 1.029450e+04
10.7 9.789017e+03 9.895470e+03 9.986370e+03 9.879917e+03
11.7 1.002718e+04 1.001818e+04 9.986483e+03 9.995480e+03
12.7 9.916122e+03 9.958255e+03 9.986725e+03 9.944592e+03
13.7 1.011126e+04 9.984285e+03 9.986939e+03 1.011391e+04
14.7 9.812607e+03 9.946820e+03 9.987075e+03 9.852863e+03
15.7 1.004444e+04 1.000150e+04 9.987144e+03 1.003009e+04
16.7 1.020314e+04 1.004798e+04 9.987172e+03 1.014233e+04
17.7 9.926973e+03 9.940499e+03 9.987180e+03 9.973655e+03
0.2 9.962947e+03 9.992517e+03 9.981052e+03 9.951482e+03
1.2 9.804601e+03 9.991134e+03 9.984619e+03 9.798086e+03
2.2 9.905305e+03 9.976937e+03 9.990779e+03 9.919146e+03
3.2 1.016974e+04 1.008249e+04 9.998711e+03 1.008597e+04
4.2 9.993150e+03 1.000471e+04 9.998741e+03 9.987178e+03
5.2 9.937143e+03 9.885324e+03 9.994023e+03 1.004584e+04
6.2 1.004205e+04 1.007932e+04 9.990008e+03 9.952740e+03
7.2 9.943399e+03 9.936739e+03 9.987716e+03 9.994376e+03
8.2 1.035506e+04 1.004722e+04 9.986660e+03 1.029450e+04
9.2 9.789017e+03 9.895470e+03 9.986370e+03 9.879917e+03
10.2 1.002718e+04 1.001818e+04 9.986483e+03 9.995480e+03
11.2 9.916122e+03 9.958255e+03 9.986725e+03 9.944592e+03
12.2 1.011126e+04 9.984285e+03 9.986939e+03 1.011391e+04
13.2 9.812607e+03 9.946820e+03 9.987075e+03 9.852863e+03
14.2 1.004444e+04 1.000150e+04 9.987144e+03 1.003009e+04
15.2 1.020314e+04 1.004798e+04 9.987172e+03 1.014233e+04
16.2 9.926973e+03 9.940499e+03 9.987180e+03 9.973655e+03
17.2 1.001494e+04 1.010789e+04 9.987183e+03 9.894229e+03
0.3 9.928321e+03 9.963177e+03 9.979845e+03 9.944989e+03
1.3 1.032379e+04 1.011224e+04 9.980219e+03 1.019177e+04
2.3 9.837019e+03 1.001996e+04 9.980652e+03 9.797706e+03
3.3 1.024979e+04 1.000561e+04 9.982246e+03 1.022643e+04
4.3 1.009536e+04 1.002813e+04 9.983508e+03 1.005073e+04
5.3 9.946788e+03 1.001258e+04 9.981712e+03 9.915924e+03
6.3 9.967447e+03 9.995676e+03 9.977537e+03 9.949308e+03
7.3 1.003852e+04 1.001137e+04 9.983712e+03 1.001086e+04
8.3 1.003852e+04 9.945912e+03 9.997890e+03 1.009050e+04
9.3 9.904635e+03 9.960966e+03 1.000147e+04 9.945134e+03
10.3 9.931530e+03 9.874145e+03 9.996634e+03 1.005402e+04
11.3 1.012650e+04 9.986880e+03 9.991659e+03 1.013128e+04
12.3 9.965729e+03 9.993470e+03 9.988590e+03 9.960848e+03
13.3 9.934570e+03 9.959338e+03 9.986999e+03 9.962232e+03
14.3 9.941689e+03 1.001370e+04 9.986395e+03 9.914382e+03
15.3 9.736594e+03 9.908436e+03 9.986382e+03 9.814540e+03
16.3 9.966877e+03 9.914044e+03 9.986614e+03 1.003945e+04
17.3 9.836757e+03 9.898476e+03 9.986861e+03 9.925142e+03
0.9 9.837019e+03 1.001996e+04 9.980652e+03 9.797706e+03
1.9 1.024979e+04 1.000561e+04 9.982246e+03 1.022643e+04
2.9 1.009536e+04 1.002813e+04 9.983508e+03 1.005073e+04
3.9 9.946788e+03 1.001258e+04 9.981712e+03 9.915924e+03
4.9 9.967447e+03 9.995676e+03 9.977537e+03 9.949308e+03
5.9 1.003852e+04 1.001137e+04 9.983712e+03 1.001086e+04
6.9 1.003852e+04 9.945912e+03 9.997890e+03 1.009050e+04
7.9 9.904635e+03 9.960966e+03 1.000147e+04 9.945134e+03
8.9 9.931530e+03 9.874145e+03 9.996634e+03 1.005402e+04
9.9 1.012650e+04 9.986880e+03 9.991659e+03 1.013128e+04
10.9 9.965729e+03 9.993470e+03 9.988590e+03 9.960848e+03
11.9 9.934570e+03 9.959338e+03 9.986999e+03 9.962232e+03
12.9 9.941689e+03 1.001370e+04 9.986395e+03 9.914382e+03
13.9 9.736594e+03 9.908436e+03 9.986382e+03 9.814540e+03
14.9 9.966877e+03 9.914044e+03 9.986614e+03 1.003945e+04
15.9 9.836757e+03 9.898476e+03 9.986861e+03 9.925142e+03
16.9 1.024186e+04 1.015239e+04 9.987034e+03 1.007650e+04
17.9 1.009883e+04 1.009766e+04 9.987127e+03 9.988297e+03
0.3 1.024979e+04 1.000561e+04 9.982246e+03 1.022643e+04
1.3 1.009536e+04 1.002813e+04 9.983508e+03 1.005073e+04
2.3 9.946788e+03 1.001258e+04 9.981712e+03 9.915924e+03
3.3 9.967447e+03 9.995676e+03 9.977537e+03 9.949308e+03
4.3 1.003852e+04 1.001137e+04 9.983712e+03 1.001086e+04
5.3 1.003852e+04 9.945912e+03 9.997890e+03 1.009050e+04
6.3 9.904635e+03 9.960966e+03 1.000147e+04 9.945134e+03
7.3 9.931530e+03 9.874145e+03 9.996634e+03 1.005402e+04
8.3 1.012650e+04 9.986880e+03 9.991659e+03 1.013128e+04
9.3 9.965729e+03 9.993470e+03 9.988590e+03 9.960848e+03
10.3 9.934570e+03 9.959338e+03 9.986999e+03 9.962232e+03
11.3 9.941689e+03 1.001370e+04 9.986395e+03 9.914382e+03
12.3 9.736594e+03 9.908436e+03 9.986382e+03 9.814540e+03
13.3 9.966877e+03 9.914044e+03 9.986614e+03 1.003945e+04
14.3 9.836757e+03 9.898476e+03 9.986861e+03 9.925142e+03
15.3 1.024186e+04 1.015239e+04 9.987034e+03 1.007650e+04
16.3 1.009883e+04 1.009766e+04 9.987127e+03 9.988297e+03
17.3 9.926057e+03 9.960213e+03 9.987167e+03 9.953010e+03
0.8 9.946788e+03 1.001258e+04 9.981712e+03 9.915924e+03
1.8 9.967447e+03 9.995676e+03 9.977537e+03 9.949308e+03
2.8 1.003852e+04 1.001137e+04 9.983712e+03 1.001086e+04
3.8 1.003852e+04 9.945912e+03 9.997890e+03 1.009050e+04
4.8 9.904635e+03 9.960966e+03 1.000147e+04 9.945134e+03
5.8 9.931530e+03 9.874145e+03 9.996634e+03 1.005402e+04
6.8 1.012650e+04 9.986880e+03 9.991659e+03 1.013128e+04
7.8 9.965729e+03 9.993470e+03 9.988590e+03 9.960848e+03
8.8 9.934570e+03 9.959338e+03 9.986999e+03 9.962232e+03
9.8 9.941689e+03 1.001370e+04 9.986395e+03 9.914382e+03
10.8 9.736594e+03 9.908436e+03 9.986382e+03 9.814540e+03
11.8 9.966877e+03 9.914044e+03 9.986614e+03 1.003945e+04
12.8 9.836757e+03 9.898476e+03 9.986861e+03 9.925142e+03
13.8 1.024186e+04 1.015239e+04 9.987034e+03 1.007650e+04
14.8 1.009883e+04 1.009766e+04 9.987127e+03 9.988297e+03
15.8 9.926057e+03 9.960213e+03 9.987167e+03 9.953010e+03
16.8 9.910957e+03 9.906314e+03 9.987179e+03 9.991822e+03
17.8 9.868964e+03 9.804113e+03 9.987179e+03 1.005203e+04
1.0 9.967447e+03 9.995676e+03 9.977537e+03 9.949308e+03
2.0 1.003852e+04 1.001137e+04 9.983712e+03 1.001086e+04
3.0 1.003852e+04 9.945912e+03 9.997890e+03 1.009050e+04
4.0 9.904635e+03 9.960966e+03 1.000147e+04 9.945134e+03
5.0 9.931530e+03 9.874145e+03 9.996634e+03 1.005402e+04
6.0 1.012650e+04 9.986880e+03 9.991659e+03 1.013128e+04
7.0 9.965729e+03 9.993470e+03 9.988590e+03 9.960848e+03
8.0 9.934570e+03 9.959338e+03 9.986999e+03 9.962232e+03
9.0 9.941689e+03 1.001370e+04 9.986395e+03 9.914382e+03
10.0 9.736594e+03 9.908436e+03 9.986382e+03 9.814540e+03
11.0 9.966877e+03 9.914044e+03 9.986614e+03 1.003945e+04
12.0 9.836757e+03 9.898476e+03 9.986861e+03 9.925142e+03
13.0 1.024186e+04 1.015239e+04 9.987034e+03 1.007650e+04
14.0 1.009883e+04 1.009766e+04 9.987127e+03 9.988297e+03
15.0 9.926057e+03 9.960213e+03 9.987167e+03 9.953010e+03
16.0 9.910957e+03 9.906314e+03 9.987179e+03 9.991822e+03
17.0 9.868964e+03 9.804113e+03 9.987179e+03 1.005203e+04
18.0 1.012576e+04 9.963581e+03 9.987175e+03 1.014936e+04
