1.0 1.098018e+04 1.107908e+04 1.110495e+04 1.100605e+04
2.0 1.110674e+04 1.108042e+04 1.111462e+04 1.114094e+04
3.0 1.114165e+04 1.106495e+04 1.111148e+04 1.118818e+04
4.0 1.100208e+04 1.107540e+04 1.110579e+04 1.103248e+04
5.0 1.113152e+04 1.108153e+04 1.109588e+04 1.114586e+04
6.0 1.096349e+04 1.107064e+04 1.108585e+04 1.097869e+04
7.0 1.106562e+04 1.109130e+04 1.108115e+04 1.105547e+04
8.0 1.121095e+04 1.110382e+04 1.108324e+04 1.119037e+04
9.0 1.119909e+04 1.110663e+04 1.108483e+04 1.117729e+04
10.0 1.115622e+04 1.111256e+04 1.108790e+04 1.113155e+04
11.0 1.107224e+04 1.109960e+04 1.108793e+04 1.106056e+04
12.0 1.109939e+04 1.111404e+04 1.108024e+04 1.106560e+04
13.0 1.110926e+04 1.112511e+04 1.109058e+04 1.107474e+04
14.0 1.111997e+04 1.115237e+04 1.110570e+04 1.107330e+04
15.0 1.123207e+04 1.114985e+04 1.110228e+04 1.118450e+04
16.0 1.114163e+04 1.112533e+04 1.108569e+04 1.110200e+04
17.0 1.107467e+04 1.109568e+04 1.107424e+04 1.105322e+04
18.0 1.108456e+04 1.111399e+04 1.107764e+04 1.104820e+04
0.6 1.110674e+04 1.108042e+04 1.111462e+04 1.114094e+04
1.6 1.114165e+04 1.106495e+04 1.111148e+04 1.118818e+04
2.6 1.100208e+04 1.107540e+04 1.110579e+04 1.103248e+04
3.6 1.113152e+04 1.108153e+04 1.109588e+04 1.114586e+04
4.6 1.096349e+04 1.107064e+04 1.108585e+04 1.097869e+04
5.6 1.106562e+04 1.109130e+04 1.108115e+04 1.105547e+04
6.6 1.121095e+04 1.110382e+04 1.108324e+04 1.119037e+04
7.6 1.119909e+04 1.110663e+04 1.108483e+04 1.117729e+04
8.6 1.115622e+04 1.111256e+04 1.108790e+04 1.113155e+04
9.6 1.107224e+04 1.109960e+04 1.108793e+04 1.106056e+04
10.6 1.109939e+04 1.111404e+04 1.108024e+04 1.106560e+04
11.6 1.110926e+04 1.112511e+04 1.109058e+04 1.107474e+04
12.6 1.111997e+04 1.115237e+04 1.110570e+04 1.107330e+04
13.6 1.123207e+04 1.114985e+04 1.110228e+04 1.118450e+04
14.6 1.114163e+04 1.112533e+04 1.108569e+04 1.110200e+04
15.6 1.107467e+04 1.109568e+04 1.107424e+04 1.105322e+04
16.6 1.108456e+04 1.111399e+04 1.107764e+04 1.104820e+04
17.6 1.109201e+04 1.111994e+04 1.108515e+04 1.105722e+04
0.4 1.114165e+04 1.106495e+04 1.111148e+04 1.118818e+04
1.4 1.100208e+04 1.107540e+04 1.110579e+04 1.103248e+04
2.4 1.113152e+04 1.108153e+04 1.109588e+04 1.114586e+04
3.4 1.096349e+04 1.107064e+04 1.108585e+04 1.097869e+04
4.4 1.106562e+04 1.109130e+04 1.108115e+04 1.105547e+04
5.4 1.121095e+04 1.110382e+04 1.108324e+04 1.119037e+04
6.4 1.119909e+04 1.110663e+04 1.108483e+04 1.117729e+04
7.4 1.115622e+04 1.111256e+04 1.108790e+04 1.113155e+04
8.4 1.107224e+04 1.109960e+04 1.108793e+04 1.106056e+04
9.4 1.109939e+04 1.111404e+04 1.108024e+04 1.106560e+04
10.4 1.110926e+04 1.112511e+04 1.109058e+04 1.107474e+04
11.4 1.111997e+04 1.115237e+04 1.110570e+04 1.107330e+04
12.4 1.123207e+04 1.114985e+04 1.110228e+04 1.118450e+04
13.4 1.114163e+04 1.112533e+04 1.108569e+04 1.110200e+04
14.4 1.107467e+04 1.109568e+04 1.107424e+04 1.105322e+04
15.4 1.108456e+04 1.111399e+04 1.107764e+04 1.104820e+04
16.4 1.109201e+04 1.111994e+04 1.108515e+04 1.105722e+04
17.4 1.112572e+04 1.112481e+04 1.109889e+04 1.109981e+04
0.4 1.100208e+04 1.107540e+04 1.110579e+04 1.103248e+04
1.4 1.113152e+04 1.108153e+04 1.109588e+04 1.114586e+04
2.4 1.096349e+04 1.107064e+04 1.108585e+04 1.097869e+04
3.4 1.106562e+04 1.109130e+04 1.108115e+04 1.105547e+04
4.4 1.121095e+04 1.110382e+04 1.108324e+04 1.119037e+04
5.4 1.119909e+04 1.110663e+04 1.108483e+04 1.117729e+04
6.4 1.115622e+04 1.111256e+04 1.108790e+04 1.113155e+04
7.3 1.107224e+04 1.109960e+04 1.108793e+04 1.106056e+04
8.3 1.109939e+04 1.111404e+04 1.108024e+04 1.106560e+04
9.3 1.110926e+04 1.112511e+04 1.109058e+04 1.107474e+04
10.3 1.111997e+04 1.115237e+04 1.110570e+04 1.107330e+04
11.3 1.123207e+04 1.114985e+04 1.110228e+04 1.118450e+04
12.3 1.114163e+04 1.112533e+04 1.108569e+04 1.110200e+04
13.3 1.107467e+04 1.109568e+04 1.107424e+04 1.105322e+04
14.3 1.108456e+04 1.111399e+04 1.107764e+04 1.104820e+04
15.3 1.109201e+04 1.111994e+04 1.108515e+04 1.105722e+04
16.3 1.112572e+04 1.112481e+04 1.109889e+04 1.109981e+04
17.3 1.111528e+04 1.110631e+04 1.110847e+04 1.111744e+04
0.8 1.096349e+04 1.107064e+04 1.108585e+04 1.097869e+04
1.8 1.106562e+04 1.109130e+04 1.108115e+04 1.105547e+04
2.8 1.121095e+04 1.110382e+04 1.108324e+04 1.119037e+04
3.8 1.119909e+04 1.110663e+04 1.108483e+04 1.117729e+04
4.8 1.115622e+04 1.111256e+04 1.108790e+04 1.113155e+04
5.8 1.107224e+04 1.109960e+04 1.108793e+04 1.106056e+04
6.8 1.109939e+04 1.111404e+04 1.108024e+04 1.106560e+04
7.8 1.110926e+04 1.112511e+04 1.109058e+04 1.107474e+04
8.8 1.111997e+04 1.115237e+04 1.110570e+04 1.107330e+04
9.8 1.123207e+04 1.114985e+04 1.110228e+04 1.118450e+04
10.8 1.114163e+04 1.112533e+04 1.108569e+04 1.110200e+04
11.8 1.107467e+04 1.109568e+04 1.107424e+04 1.105322e+04
12.8 1.108456e+04 1.111399e+04 1.107764e+04 1.104820e+04
13.8 1.109201e+04 1.111994e+04 1.108515e+04 1.105722e+04
14.8 1.112572e+04 1.112481e+04 1.109889e+04 1.109981e+04
15.8 1.111528e+04 1.110631e+04 1.110847e+04 1.111744e+04
16.8 1.110629e+04 1.107983e+04 1.109665e+04 1.112310e+04
17.8 1.107137e+04 1.106900e+04 1.108312e+04 1.108550e+04
1.0 1.121095e+04 1.110382e+04 1.108324e+04 1.119037e+04
2.0 1.119909e+04 1.110663e+04 1.108483e+04 1.117729e+04
3.0 1.115622e+04 1.111256e+04 1.108790e+04 1.113155e+04
4.0 1.107224e+04 1.109960e+04 1.108793e+04 1.106056e+04
5.0 1.109939e+04 1.111404e+04 1.108024e+04 1.106560e+04
6.0 1.110926e+04 1.112511e+04 1.109058e+04 1.107474e+04
7.0 1.111997e+04 1.115237e+04 1.110570e+04 1.107330e+04
8.0 1.123207e+04 1.114985e+04 1.110228e+04 1.118450e+04
9.0 1.114163e+04 1.112533e+04 1.108569e+04 1.110200e+04
10.0 1.107467e+04 1.109568e+04 1.107424e+04 1.105322e+04
11.0 1.108456e+04 1.111399e+04 1.107764e+04 1.104820e+04
12.0 1.109201e+04 1.111994e+04 1.108515e+04 1.105722e+04
13.0 1.112572e+04 1.112481e+04 1.109889e+04 1.109981e+04
14.0 1.111528e+04 1.110631e+04 1.110847e+04 1.111744e+04
15.0 1.110629e+04 1.107983e+04 1.109665e+04 1.112310e+04
16.0 1.107137e+04 1.106900e+04 1.108312e+04 1.108550e+04
17.0 1.104548e+04 1.105814e+04 1.108285e+04 1.107018e+04
18.0 1.104745e+04 1.106651e+04 1.108684e+04 1.106778e+04
0.1 1.119909e+04 1.110663e+04 1.108483e+04 1.117729e+04
1.1 1.115622e+04 1.111256e+04 1.108790e+04 1.113155e+04
2.1 1.107224e+04 1.109960e+04 1.108793e+04 1.106056e+04
3.1 1.109939e+04 1.111404e+04 1.108024e+04 1.106560e+04
4.1 1.110926e+04 1.112511e+04 1.109058e+04 1.107474e+04
5.1 1.111997e+04 1.115237e+04 1.110570e+04 1.107330e+04
6.1 1.123207e+04 1.114985e+04 1.110228e+04 1.118450e+04
7.1 1.114163e+04 1.112533e+04 1.108569e+04 1.110200e+04
8.1 1.107467e+04 1.109568e+04 1.107424e+04 1.105322e+04
9.1 1.108456e+04 1.111399e+04 1.107764e+04 1.104820e+04
10.1 1.109201e+04 1.111994e+04 1.108515e+04 1.105722e+04
11.1 1.112572e+04 1.112481e+04 1.109889e+04 1.109981e+04
12.1 1.111528e+04 1.110631e+04 1.110847e+04 1.111744e+04
13.1 1.110629e+04 1.107983e+04 1.109665e+04 1.112310e+04
14.1 1.107137e+04 1.106900e+04 1.108312e+04 1.108550e+04
15.1 1.104548e+04 1.105814e+04 1.108285e+04 1.107018e+04
16.1 1.104745e+04 1.106651e+04 1.108684e+04 1.106778e+04
17.1 1.103252e+04 1.105439e+04 1.108990e+04 1.106803e+04
1.0 1.110926e+04 1.112511e+04 1.109058e+04 1.107474e+04
2.0 1.111997e+04 1.115237e+04 1.110570e+04 1.107330e+04
3.0 1.123207e+04 1.114985e+04 1.110228e+04 1.118450e+04
4.0 1.114163e+04 1.112533e+04 1.108569e+04 1.110200e+04
5.0 1.107467e+04 1.109568e+04 1.107424e+04 1.105322e+04
6.0 1.108456e+04 1.111399e+04 1.107764e+04 1.104820e+04
7.0 1.109201e+04 1.111994e+04 1.108515e+04 1.105722e+04
8.0 1.112572e+04 1.112481e+04 1.109889e+04 1.109981e+04
9.0 1.111528e+04 1.110631e+04 1.110847e+04 1.111744e+04
10.0 1.110629e+04 1.107983e+04 1.109665e+04 1.112310e+04
11.0 1.107137e+04 1.106900e+04 1.108312e+04 1.108550e+04
12.0 1.104548e+04 1.105814e+04 1.108285e+04 1.107018e+04
13.0 1.104745e+04 1.106651e+04 1.108684e+04 1.106778e+04
14.0 1.103252e+04 1.105439e+04 1.108990e+04 1.106803e+04
15.0 1.107703e+04 1.105808e+04 1.109180e+04 1.111075e+04
16.0 1.106311e+04 1.107004e+04 1.110011e+04 1.109318e+04
17.0 1.102699e+04 1.105293e+04 1.111327e+04 1.108733e+04
18.0 1.107144e+04 1.105169e+04 1.111371e+04 1.113346e+04
0.5 1.111997e+04 1.115237e+04 1.110570e+04 1.107330e+04
1.5 1.123207e+04 1.114985e+04 1.110228e+04 1.118450e+04
2.5 1.114163e+04 1.112533e+04 1.108569e+04 1.110200e+04
3.5 1.107467e+04 1.109568e+04 1.107424e+04 1.105322e+04
4.5 1.108456e+04 1.111399e+04 1.107764e+04 1.104820e+04
5.5 1.109201e+04 1.111994e+04 1.108515e+04 1.105722e+04
6.5 1.112572e+04 1.112481e+04 1.109889e+04 1.109981e+04
7.5 1.111528e+04 1.110631e+04 1.110847e+04 1.111744e+04
8.5 1.110629e+04 1.107983e+04 1.109665e+04 1.112310e+04
9.5 1.107137e+04 1.106900e+04 1.108312e+04 1.108550e+04
10.5 1.104548e+04 1.105814e+04 1.108285e+04 1.107018e+04
11.5 1.104745e+04 1.106651e+04 1.108684e+04 1.106778e+04
12.5 1.103252e+04 1.105439e+04 1.108990e+04 1.106803e+04
13.5 1.107703e+04 1.105808e+04 1.109180e+04 1.111075e+04
14.5 1.106311e+04 1.107004e+04 1.110011e+04 1.109318e+04
15.5 1.102699e+04 1.105293e+04 1.111327e+04 1.108733e+04
16.5 1.107144e+04 1.105169e+04 1.111371e+04 1.113346e+04
17.5 1.101071e+04 1.104932e+04 1.109882e+04 1.106021e+04
0.7 1.112572e+04 1.112481e+04 1.109889e+04 1.109981e+04
1.7 1.111528e+04 1.110631e+04 1.110847e+04 1.111744e+04
2.7 1.110629e+04 1.107983e+04 1.109665e+04 1.112310e+04
3.7 1.107137e+04 1.106900e+04 1.108312e+04 1.108550e+04
4.7 1.104548e+04 1.105814e+04 1.108285e+04 1.107018e+04
5.7 1.104745e+04 1.106651e+04 1.108684e+04 1.106778e+04
6.7 1.103252e+04 1.105439e+04 1.108990e+04 1.106803e+04
7.7 1.107703e+04 1.105808e+04 1.109180e+04 1.111075e+04
8.7 1.106311e+04 1.107004e+04 1.110011e+04 1.109318e+04
9.7 1.102699e+04 1.105293e+04 1.111327e+04 1.108733e+04
10.7 1.107144e+04 1.105169e+04 1.111371e+04 1.113346e+04
11.7 1.101071e+04 1.104932e+04 1.109882e+04 1.106021e+04
12.7 1.102345e+04 1.106002e+04 1.109058e+04 1.105401e+04
13.7 1.108092e+04 1.107881e+04 1.108721e+04 1.108932e+04
14.7 1.119240e+04 1.108404e+04 1.108807e+04 1.119643e+04
15.7 1.108836e+04 1.108212e+04 1.108966e+04 1.109590e+04
16.7 1.108060e+04 1.108779e+04 1.109247e+04 1.108528e+04
17.7 1.098388e+04 1.108592e+04 1.110182e+04 1.099978e+04
0.5 1.106311e+04 1.107004e+04 1.110011e+04 1.109318e+04
1.5 1.102699e+04 1.105293e+04 1.111327e+04 1.108733e+04
2.5 1.107144e+04 1.105169e+04 1.111371e+04 1.113346e+04
3.5 1.101071e+04 1.104932e+04 1.109882e+04 1.106021e+04
4.5 1.102345e+04 1.106002e+04 1.109058e+04 1.105401e+04
5.5 1.108092e+04 1.107881e+04 1.108721e+04 1.108932e+04
6.5 1.119240e+04 1.108404e+04 1.108807e+04 1.119643e+04
7.5 1.108836e+04 1.108212e+04 1.108966e+04 1.109590e+04
8.5 1.108060e+04 1.108779e+04 1.109247e+04 1.108528e+04
9.5 1.098388e+04 1.108592e+04 1.110182e+04 1.099978e+04
10.5 1.112530e+04 1.110457e+04 1.109888e+04 1.111961e+04
11.5 1.108380e+04 1.111068e+04 1.109144e+04 1.106456e+04
12.5 1.106621e+04 1.111425e+04 1.109035e+04 1.104231e+04
13.5 1.120138e+04 1.112021e+04 1.108804e+04 1.116920e+04
14.5 1.109564e+04 1.111217e+04 1.108876e+04 1.107223e+04
15.5 1.116812e+04 1.112643e+04 1.109539e+04 1.113709e+04
16.5 1.112527e+04 1.113700e+04 1.109509e+04 1.108336e+04
17.5 1.113862e+04 1.113670e+04 1.109365e+04 1.109556e+04
0.2 1.102699e+04 1.105293e+04 1.111327e+04 1.108733e+04
1.2 1.107144e+04 1.105169e+04 1.111371e+04 1.113346e+04
2.2 1.101071e+04 1.104932e+04 1.109882e+04 1.106021e+04
3.2 1.102345e+04 1.106002e+04 1.109058e+04 1.105401e+04
4.2 1.108092e+04 1.107881e+04 1.108721e+04 1.108932e+04
5.2 1.119240e+04 1.108404e+04 1.108807e+04 1.119643e+04
6.2 1.108836e+04 1.108212e+04 1.108966e+04 1.109590e+04
7.2 1.108060e+04 1.108779e+04 1.109247e+04 1.108528e+04
8.2 1.098388e+04 1.108592e+04 1.110182e+04 1.099978e+04
9.2 1.112530e+04 1.110457e+04 1.109888e+04 1.111961e+04
10.2 1.108380e+04 1.111068e+04 1.109144e+04 1.106456e+04
11.2 1.106621e+04 1.111425e+04 1.109035e+04 1.104231e+04
12.2 1.120138e+04 1.112021e+04 1.108804e+04 1.116920e+04
13.2 1.109564e+04 1.111217e+04 1.108876e+04 1.107223e+04
14.2 1.116812e+04 1.112643e+04 1.109539e+04 1.113709e+04
15.2 1.112527e+04 1.113700e+04 1.109509e+04 1.108336e+04
16.2 1.113862e+04 1.113670e+04 1.109365e+04 1.109556e+04
17.2 1.108789e+04 1.115446e+04 1.108787e+04 1.102131e+04
0.3 1.101071e+04 1.104932e+04 1.109882e+04 1.106021e+04
1.3 1.102345e+04 1.106002e+04 1.109058e+04 1.105401e+04
2.3 1.108092e+04 1.107881e+04 1.108721e+04 1.108932e+04
3.3 1.119240e+04 1.108404e+04 1.108807e+04 1.119643e+04
4.3 1.108836e+04 1.108212e+04 1.108966e+04 1.109590e+04
5.3 1.108060e+04 1.108779e+04 1.109247e+04 1.108528e+04
6.3 1.098388e+04 1.108592e+04 1.110182e+04 1.099978e+04
7.3 1.112530e+04 1.110457e+04 1.109888e+04 1.111961e+04
8.3 1.108380e+04 1.111068e+04 1.109144e+04 1.106456e+04
9.3 1.106621e+04 1.111425e+04 1.109035e+04 1.104231e+04
10.3 1.120138e+04 1.112021e+04 1.108804e+04 1.116920e+04
11.3 1.109564e+04 1.111217e+04 1.108876e+04 1.107223e+04
12.3 1.116812e+04 1.112643e+04 1.109539e+04 1.113709e+04
13.3 1.112527e+04 1.113700e+04 1.109509e+04 1.108336e+04
14.3 1.113862e+04 1.113670e+04 1.109365e+04 1.109556e+04
15.3 1.108789e+04 1.115446e+04 1.108787e+04 1.102131e+04
16.3 1.113397e+04 1.112518e+04 1.107579e+04 1.108458e+04
17.3 1.115472e+04 1.114511e+04 1.107436e+04 1.108397e+04
0.3 1.108092e+04 1.107881e+04 1.108721e+04 1.108932e+04
1.3 1.119240e+04 1.108404e+04 1.108807e+04 1.119643e+04
2.3 1.108836e+04 1.108212e+04 1.108966e+04 1.109590e+04
3.3 1.108060e+04 1.108779e+04 1.109247e+04 1.108528e+04
4.3 1.098388e+04 1.108592e+04 1.110182e+04 1.099978e+04
5.3 1.112530e+04 1.110457e+04 1.109888e+04 1.111961e+04
6.3 1.108380e+04 1.111068e+04 1.109144e+04 1.106456e+04
7.3 1.106621e+04 1.111425e+04 1.109035e+04 1.104231e+04
8.3 1.120138e+04 1.112021e+04 1.108804e+04 1.116920e+04
9.3 1.109564e+04 1.111217e+04 1.108876e+04 1.107223e+04
10.3 1.116812e+04 1.112643e+04 1.109539e+04 1.113709e+04
11.3 1.112527e+04 1.113700e+04 1.109509e+04 1.108336e+04
12.3 1.113862e+04 1.113670e+04 1.109365e+04 1.109556e+04
13.3 1.108789e+04 1.115446e+04 1.108787e+04 1.102131e+04
14.3 1.113397e+04 1.112518e+04 1.107579e+04 1.108458e+04
15.3 1.115472e+04 1.114511e+04 1.107436e+04 1.108397e+04
16.3 1.116864e+04 1.117155e+04 1.108671e+04 1.108380e+04
17.3 1.113658e+04 1.114915e+04 1.110775e+04 1.109518e+04
0.2 1.108836e+04 1.108212e+04 1.108966e+04 1.109590e+04
1.2 1.108060e+04 1.108779e+04 1.109247e+04 1.108528e+04
2.2 1.098388e+04 1.108592e+04 1.110182e+04 1.099978e+04
3.2 1.112530e+04 1.110457e+04 1.109888e+04 1.111961e+04
4.2 1.108380e+04 1.111068e+04 1.109144e+04 1.106456e+04
5.2 1.106621e+04 1.111425e+04 1.109035e+04 1.104231e+04
6.2 1.120138e+04 1.112021e+04 1.108804e+04 1.116920e+04
7.2 1.109564e+04 1.111217e+04 1.108876e+04 1.107223e+04
8.2 1.116812e+04 1.112643e+04 1.109539e+04 1.113709e+04
9.2 1.112527e+04 1.113700e+04 1.109509e+04 1.108336e+04
10.2 1.113862e+04 1.113670e+04 1.109365e+04 1.109556e+04
11.2 1.108789e+04 1.115446e+04 1.108787e+04 1.102131e+04
12.2 1.113397e+04 1.112518e+04 1.107579e+04 1.108458e+04
13.2 1.115472e+04 1.114511e+04 1.107436e+04 1.108397e+04
14.2 1.116864e+04 1.117155e+04 1.108671e+04 1.108380e+04
15.2 1.113658e+04 1.114915e+04 1.110775e+04 1.109518e+04
16.2 1.114857e+04 1.112127e+04 1.111856e+04 1.114586e+04
17.2 1.104148e+04 1.111855e+04 1.111156e+04 1.103449e+04
1.0 1.098388e+04 1.108592e+04 1.110182e+04 1.099978e+04
2.0 1.112530e+04 1.110457e+04 1.109888e+04 1.111961e+04
3.0 1.108380e+04 1.111068e+04 1.109144e+04 1.106456e+04
4.0 1.106621e+04 1.111425e+04 1.109035e+04 1.104231e+04
5.0 1.120138e+04 1.112021e+04 1.108804e+04 1.116920e+04
6.0 1.109564e+04 1.111217e+04 1.108876e+04 1.107223e+04
7.0 1.116812e+04 1.112643e+04 1.109539e+04 1.113709e+04
8.0 1.112527e+04 1.113700e+04 1.109509e+04 1.108336e+04
9.0 1.113862e+04 1.113670e+04 1.109365e+04 1.109556e+04
10.0 1.108789e+04 1.115446e+04 1.108787e+04 1.102131e+04
11.0 1.113397e+04 1.112518e+04 1.107579e+04 1.108458e+04
12.0 1.115472e+04 1.114511e+04 1.107436e+04 1.108397e+04
13.0 1.116864e+04 1.117155e+04 1.108671e+04 1.108380e+04
14.0 1.113658e+04 1.114915e+04 1.110775e+04 1.109518e+04
15.0 1.114857e+04 1.112127e+04 1.111856e+04 1.114586e+04
16.0 1.104148e+04 1.111855e+04 1.111156e+04 1.103449e+04
17.0 1.118066e+04 1.109461e+04 1.109378e+04 1.117983e+04
18.0 1.104520e+04 1.106549e+04 1.107398e+04 1.105368e+04
0.5 1.112530e+04 1.110457e+04 1.109888e+04 1.111961e+04
1.5 1.108380e+04 1.111068e+04 1.109144e+04 1.106456e+04
2.5 1.106621e+04 1.111425e+04 1.109035e+04 1.104231e+04
3.5 1.120138e+04 1.112021e+04 1.108804e+04 1.116920e+04
4.5 1.109564e+04 1.111217e+04 1.108876e+04 1.107223e+04
5.5 1.116812e+04 1.112643e+04 1.109539e+04 1.113709e+04
6.5 1.112527e+04 1.113700e+04 1.109509e+04 1.108336e+04
7.5 1.113862e+04 1.113670e+04 1.109365e+04 1.109556e+04
8.5 1.108789e+04 1.115446e+04 1.108787e+04 1.102131e+04
9.5 1.113397e+04 1.112518e+04 1.107579e+04 1.108458e+04
10.5 1.115472e+04 1.114511e+04 1.107436e+04 1.108397e+04
11.5 1.116864e+04 1.117155e+04 1.108671e+04 1.108380e+04
12.5 1.113658e+04 1.114915e+04 1.110775e+04 1.109518e+04
13.5 1.114857e+04 1.112127e+04 1.111856e+04 1.114586e+04
14.5 1.104148e+04 1.111855e+04 1.111156e+04 1.103449e+04
15.5 1.118066e+04 1.109461e+04 1.109378e+04 1.117983e+04
16.5 1.104520e+04 1.106549e+04 1.107398e+04 1.105368e+04
17.5 1.095235e+04 1.105014e+04 1.106931e+04 1.097152e+04
0.9 1.106621e+04 1.111425e+04 1.109035e+04 1.104231e+04
1.9 1.120138e+04 1.112021e+04 1.108804e+04 1.116920e+04
2.9 1.109564e+04 1.111217e+04 1.108876e+04 1.107223e+04
3.9 1.116812e+04 1.112643e+04 1.109539e+04 1.113709e+04
4.9 1.112527e+04 1.113700e+04 1.109509e+04 1.108336e+04
5.9 1.113862e+04 1.113670e+04 1.109365e+04 1.109556e+04
6.9 1.108789e+04 1.115446e+04 1.108787e+04 1.102131e+04
7.9 1.113397e+04 1.112518e+04 1.107579e+04 1.108458e+04
8.9 1.115472e+04 1.114511e+04 1.107436e+04 1.108397e+04
9.9 1.116864e+04 1.117155e+04 1.108671e+04 1.108380e+04
10.9 1.113658e+04 1.114915e+04 1.110775e+04 1.109518e+04
11.9 1.114857e+04 1.112127e+04 1.111856e+04 1.114586e+04
12.9 1.104148e+04 1.111855e+04 1.111156e+04 1.103449e+04
13.9 1.118066e+04 1.109461e+04 1.109378e+04 1.117983e+04
14.9 1.104520e+04 1.106549e+04 1.107398e+04 1.105368e+04
15.9 1.095235e+04 1.105014e+04 1.106931e+04 1.097152e+04
16.9 1.109754e+04 1.102987e+04 1.107757e+04 1.114524e+04
17.9 1.103994e+04 1.106339e+04 1.108625e+04 1.106280e+04
0.1 1.120138e+04 1.112021e+04 1.108804e+04 1.116920e+04
1.1 1.109564e+04 1.111217e+04 1.108876e+04 1.107223e+04
2.1 1.116812e+04 1.112643e+04 1.109539e+04 1.113709e+04
3.1 1.112527e+04 1.113700e+04 1.109509e+04 1.108336e+04
4.1 1.113862e+04 1.113670e+04 1.109365e+04 1.109556e+04
5.1 1.108789e+04 1.115446e+04 1.108787e+04 1.102131e+04
6.1 1.113397e+04 1.112518e+04 1.107579e+04 1.108458e+04
7.1 1.115472e+04 1.114511e+04 1.107436e+04 1.108397e+04
8.1 1.116864e+04 1.117155e+04 1.108671e+04 1.108380e+04
9.1 1.113658e+04 1.114915e+04 1.110775e+04 1.109518e+04
10.1 1.114857e+04 1.112127e+04 1.111856e+04 1.114586e+04
11.1 1.104148e+04 1.111855e+04 1.111156e+04 1.103449e+04
12.1 1.118066e+04 1.109461e+04 1.109378e+04 1.117983e+04
13.1 1.104520e+04 1.106549e+04 1.107398e+04 1.105368e+04
14.1 1.095235e+04 1.105014e+04 1.106931e+04 1.097152e+04
15.1 1.109754e+04 1.102987e+04 1.107757e+04 1.114524e+04
16.1 1.103994e+04 1.106339e+04 1.108625e+04 1.106280e+04
17.1 1.111659e+04 1.106319e+04 1.109163e+04 1.114503e+04
0.7 1.116812e+04 1.112643e+04 1.109539e+04 1.113709e+04
1.7 1.112527e+04 1.113700e+04 1.109509e+04 1.108336e+04
2.7 1.113862e+04 1.113670e+04 1.109365e+04 1.109556e+04
3.7 1.108789e+04 1.115446e+04 1.108787e+04 1.102131e+04
4.7 1.113397e+04 1.112518e+04 1.107579e+04 1.108458e+04
5.7 1.115472e+04 1.114511e+04 1.107436e+04 1.108397e+04
6.7 1.116864e+04 1.117155e+04 1.108671e+04 1.108380e+04
7.7 1.113658e+04 1.114915e+04 1.110775e+04 1.109518e+04
8.7 1.114857e+04 1.112127e+04 1.111856e+04 1.114586e+04
9.7 1.104148e+04 1.111855e+04 1.111156e+04 1.103449e+04
10.7 1.118066e+04 1.109461e+04 1.109378e+04 1.117983e+04
11.7 1.104520e+04 1.106549e+04 1.107398e+04 1.105368e+04
12.7 1.095235e+04 1.105014e+04 1.106931e+04 1.097152e+04
13.7 1.109754e+04 1.102987e+04 1.107757e+04 1.114524e+04
14.7 1.103994e+04 1.106339e+04 1.108625e+04 1.106280e+04
15.7 1.111659e+04 1.106319e+04 1.109163e+04 1.114503e+04
16.7 1.112054e+04 1.105737e+04 1.109428e+04 1.115746e+04
17.7 1.100888e+04 1.106296e+04 1.109514e+04 1.104106e+04
0.0 1.112527e+04 1.113700e+04 1.109509e+04 1.108336e+04
1.0 1.113862e+04 1.113670e+04 1.109365e+04 1.109556e+04
2.0 1.108789e+04 1.115446e+04 1.108787e+04 1.102131e+04
3.0 1.113397e+04 1.112518e+04 1.107579e+04 1.108458e+04
4.0 1.115472e+04 1.114511e+04 1.107436e+04 1.108397e+04
5.0 1.116864e+04 1.117155e+04 1.108671e+04 1.108380e+04
6.0 1.113658e+04 1.114915e+04 1.110775e+04 1.109518e+04
7.0 1.114857e+04 1.112127e+04 1.111856e+04 1.114586e+04
8.0 1.104148e+04 1.111855e+04 1.111156e+04 1.103449e+04
9.0 1.118066e+04 1.109461e+04 1.109378e+04 1.117983e+04
10.0 1.104520e+04 1.106549e+04 1.107398e+04 1.105368e+04
11.0 1.095235e+04 1.105014e+04 1.106931e+04 1.097152e+04
12.0 1.109754e+04 1.102987e+04 1.107757e+04 1.114524e+04
13.0 1.103994e+04 1.106339e+04 1.108625e+04 1.106280e+04
14.0 1.111659e+04 1.106319e+04 1.109163e+04 1.114503e+04
15.0 1.112054e+04 1.105737e+04 1.109428e+04 1.115746e+04
16.0 1.100888e+04 1.106296e+04 1.109514e+04 1.104106e+04
17.0 1.112905e+04 1.105370e+04 1.109498e+04 1.117033e+04
0.3 1.116864e+04 1.117155e+04 1.108671e+04 1.108380e+04
1.3 1.113658e+04 1.114915e+04 1.110775e+04 1.109518e+04
2.3 1.114857e+04 1.112127e+04 1.111856e+04 1.114586e+04
3.3 1.104148e+04 1.111855e+04 1.111156e+04 1.103449e+04
4.3 1.118066e+04 1.109461e+04 1.109378e+04 1.117983e+04
5.3 1.104520e+04 1.106549e+04 1.107398e+04 1.105368e+04
6.3 1.095235e+04 1.105014e+04 1.106931e+04 1.097152e+04
7.3 1.109754e+04 1.102987e+04 1.107757e+04 1.114524e+04
8.3 1.103994e+04 1.106339e+04 1.108625e+04 1.106280e+04
9.3 1.111659e+04 1.106319e+04 1.109163e+04 1.114503e+04
10.3 1.112054e+04 1.105737e+04 1.109428e+04 1.115746e+04
11.3 1.100888e+04 1.106296e+04 1.109514e+04 1.104106e+04
12.3 1.112905e+04 1.105370e+04 1.109498e+04 1.117033e+04
13.3 1.108559e+04 1.106881e+04 1.109444e+04 1.111122e+04
14.3 1.108120e+04 1.108275e+04 1.109392e+04 1.109236e+04
15.3 1.112705e+04 1.107874e+04 1.109355e+04 1.114186e+04
16.3 1.115340e+04 1.110812e+04 1.109421e+04 1.113948e+04
17.3 1.106285e+04 1.109940e+04 1.110433e+04 1.106778e+04
0.1 1.113658e+04 1.114915e+04 1.110775e+04 1.109518e+04
1.1 1.114857e+04 1.112127e+04 1.111856e+04 1.114586e+04
2.1 1.104148e+04 1.111855e+04 1.111156e+04 1.103449e+04
3.1 1.118066e+04 1.109461e+04 1.109378e+04 1.117983e+04
4.1 1.104520e+04 1.106549e+04 1.107398e+04 1.105368e+04
5.1 1.095235e+04 1.105014e+04 1.106931e+04 1.097152e+04
6.1 1.109754e+04 1.102987e+04 1.107757e+04 1.114524e+04
7.1 1.103994e+04 1.106339e+04 1.108625e+04 1.106280e+04
8.1 1.111659e+04 1.106319e+04 1.109163e+04 1.114503e+04
9.1 1.112054e+04 1.105737e+04 1.109428e+04 1.115746e+04
10.1 1.100888e+04 1.106296e+04 1.109514e+04 1.104106e+04
11.1 1.112905e+04 1.105370e+04 1.109498e+04 1.117033e+04
12.1 1.108559e+04 1.106881e+04 1.109444e+04 1.111122e+04
13.1 1.108120e+04 1.108275e+04 1.109392e+04 1.109236e+04
14.1 1.112705e+04 1.107874e+04 1.109355e+04 1.114186e+04
15.1 1.115340e+04 1.110812e+04 1.109421e+04 1.113948e+04
16.1 1.106285e+04 1.109940e+04 1.110433e+04 1.106778e+04
17.1 1.111468e+04 1.109448e+04 1.111141e+04 1.113161e+04
0.9 1.104148e+04 1.111855e+04 1.111156e+04 1.103449e+04
1.9 1.118066e+04 1.109461e+04 1.109378e+04 1.117983e+04
2.9 1.104520e+04 1.106549e+04 1.107398e+04 1.105368e+04
3.9 1.095235e+04 1.105014e+04 1.106931e+04 1.097152e+04
4.9 1.109754e+04 1.102987e+04 1.107757e+04 1.114524e+04
5.9 1.103994e+04 1.106339e+04 1.108625e+04 1.106280e+04
6.9 1.111659e+04 1.106319e+04 1.109163e+04 1.114503e+04
7.9 1.112054e+04 1.105737e+04 1.109428e+04 1.115746e+04
8.9 1.100888e+04 1.106296e+04 1.109514e+04 1.104106e+04
9.9 1.112905e+04 1.105370e+04 1.109498e+04 1.117033e+04
10.9 1.108559e+04 1.106881e+04 1.109444e+04 1.111122e+04
11.9 1.108120e+04 1.108275e+04 1.109392e+04 1.109236e+04
12.9 1.112705e+04 1.107874e+04 1.109355e+04 1.114186e+04
13.9 1.115340e+04 1.110812e+04 1.109421e+04 1.113948e+04
14.9 1.106285e+04 1.109940e+04 1.110433e+04 1.106778e+04
15.9 1.111468e+04 1.109448e+04 1.111141e+04 1.113161e+04
16.9 1.110100e+04 1.112814e+04 1.111147e+04 1.108433e+04
17.9 1.117014e+04 1.112576e+04 1.111044e+04 1.115482e+04
0.9 1.106285e+04 1.109940e+04 1.110433e+04 1.106778e+04
1.9 1.111468e+04 1.109448e+04 1.111141e+04 1.113161e+04
2.9 1.110100e+04 1.112814e+04 1.111147e+04 1.108433e+04
3.9 1.117014e+04 1.112576e+04 1.111044e+04 1.115482e+04
4.9 1.114779e+04 1.112732e+04 1.109855e+04 1.111903e+04
5.9 1.112133e+04 1.113570e+04 1.108544e+04 1.107107e+04
6.9 1.099882e+04 1.111411e+04 1.107353e+04 1.095824e+04
7.9 1.106301e+04 1.109343e+04 1.106832e+04 1.103790e+04
8.9 1.111367e+04 1.109589e+04 1.107595e+04 1.109373e+04
9.9 1.112016e+04 1.107725e+04 1.108539e+04 1.112830e+04
10.9 1.107634e+04 1.107454e+04 1.109138e+04 1.109318e+04
11.9 1.100687e+04 1.108572e+04 1.109424e+04 1.101538e+04
12.9 1.107428e+04 1.107364e+04 1.109515e+04 1.109580e+04
13.9 1.110227e+04 1.109413e+04 1.109501e+04 1.110315e+04
14.9 1.119532e+04 1.107538e+04 1.109446e+04 1.121439e+04
15.9 1.106681e+04 1.107084e+04 1.109390e+04 1.108987e+04
16.9 1.103976e+04 1.107962e+04 1.109348e+04 1.105362e+04
17.9 1.104434e+04 1.108024e+04 1.109322e+04 1.105731e+04
0.2 1.111468e+04 1.109448e+04 1.111141e+04 1.113161e+04
1.2 1.110100e+04 1.112814e+04 1.111147e+04 1.108433e+04
2.2 1.117014e+04 1.112576e+04 1.111044e+04 1.115482e+04
3.2 1.114779e+04 1.112732e+04 1.109855e+04 1.111903e+04
4.2 1.112133e+04 1.113570e+04 1.108544e+04 1.107107e+04
5.2 1.099882e+04 1.111411e+04 1.107353e+04 1.095824e+04
6.2 1.106301e+04 1.109343e+04 1.106832e+04 1.103790e+04
7.2 1.111367e+04 1.109589e+04 1.107595e+04 1.109373e+04
8.2 1.112016e+04 1.107725e+04 1.108539e+04 1.112830e+04
9.2 1.107634e+04 1.107454e+04 1.109138e+04 1.109318e+04
10.2 1.100687e+04 1.108572e+04 1.109424e+04 1.101538e+04
11.2 1.107428e+04 1.107364e+04 1.109515e+04 1.109580e+04
12.2 1.110227e+04 1.109413e+04 1.109501e+04 1.110315e+04
13.2 1.119532e+04 1.107538e+04 1.109446e+04 1.121439e+04
14.2 1.106681e+04 1.107084e+04 1.109390e+04 1.108987e+04
15.2 1.103976e+04 1.107962e+04 1.109348e+04 1.105362e+04
16.2 1.104434e+04 1.108024e+04 1.109322e+04 1.105731e+04
17.2 1.116436e+04 1.110730e+04 1.109306e+04 1.115013e+04
0.3 1.110100e+04 1.112814e+04 1.111147e+04 1.108433e+04
1.3 1.117014e+04 1.112576e+04 1.111044e+04 1.115482e+04
2.3 1.114779e+04 1.112732e+04 1.109855e+04 1.111903e+04
3.3 1.112133e+04 1.113570e+04 1.108544e+04 1.107107e+04
4.3 1.099882e+04 1.111411e+04 1.107353e+04 1.095824e+04
5.3 1.106301e+04 1.109343e+04 1.106832e+04 1.103790e+04
6.3 1.111367e+04 1.109589e+04 1.107595e+04 1.109373e+04
7.3 1.112016e+04 1.107725e+04 1.108539e+04 1.112830e+04
8.3 1.107634e+04 1.107454e+04 1.109138e+04 1.109318e+04
9.3 1.100687e+04 1.108572e+04 1.109424e+04 1.101538e+04
10.3 1.107428e+04 1.107364e+04 1.109515e+04 1.109580e+04
11.3 1.110227e+04 1.109413e+04 1.109501e+04 1.110315e+04
12.3 1.119532e+04 1.107538e+04 1.109446e+04 1.121439e+04
13.3 1.106681e+04 1.107084e+04 1.109390e+04 1.108987e+04
14.3 1.103976e+04 1.107962e+04 1.109348e+04 1.105362e+04
15.3 1.104434e+04 1.108024e+04 1.109322e+04 1.105731e+04
16.3 1.116436e+04 1.110730e+04 1.109306e+04 1.115013e+04
17.3 1.110348e+04 1.109422e+04 1.109296e+04 1.110223e+04
0.6 1.114779e+04 1.112732e+04 1.109855e+04 1.111903e+04
1.6 1.112133e+04 1.113570e+04 1.108544e+04 1.107107e+04
2.6 1.099882e+04 1.111411e+04 1.107353e+04 1.095824e+04
3.6 1.106301e+04 1.109343e+04 1.106832e+04 1.103790e+04
4.6 1.111367e+04 1.109589e+04 1.107595e+04 1.109373e+04
5.6 1.112016e+04 1.107725e+04 1.108539e+04 1.112830e+04
6.6 1.107634e+04 1.107454e+04 1.109138e+04 1.109318e+04
7.6 1.100687e+04 1.108572e+04 1.109424e+04 1.101538e+04
8.6 1.107428e+04 1.107364e+04 1.109515e+04 1.109580e+04
9.6 1.110227e+04 1.109413e+04 1.109501e+04 1.110315e+04
10.6 1.119532e+04 1.107538e+04 1.109446e+04 1.121439e+04
11.6 1.106681e+04 1.107084e+04 1.109390e+04 1.108987e+04
12.6 1.103976e+04 1.107962e+04 1.109348e+04 1.105362e+04
13.6 1.104434e+04 1.108024e+04 1.109322e+04 1.105731e+04
14.6 1.116436e+04 1.110730e+04 1.109306e+04 1.115013e+04
15.6 1.110348e+04 1.109422e+04 1.109296e+04 1.110223e+04
16.6 1.109172e+04 1.107767e+04 1.109289e+04 1.110694e+04
17.6 1.113401e+04 1.108407e+04 1.109284e+04 1.114278e+04
0.0 1.105991e+04 1.108165e+04 1.109427e+04 1.107253e+04
1.0 1.115867e+04 1.109480e+04 1.110877e+04 1.117264e+04
2.0 1.112130e+04 1.113944e+04 1.112165e+04 1.110351e+04
3.0 1.111650e+04 1.113412e+04 1.110238e+04 1.108477e+04
4.0 1.109389e+04 1.109769e+04 1.107459e+04 1.107079e+04
5.0 1.114213e+04 1.109634e+04 1.106980e+04 1.111559e+04
6.0 1.108644e+04 1.108201e+04 1.107777e+04 1.108221e+04
7.0 1.110180e+04 1.109007e+04 1.108536e+04 1.109709e+04
8.0 1.107482e+04 1.109980e+04 1.109007e+04 1.106509e+04
9.0 1.105798e+04 1.109909e+04 1.109256e+04 1.105145e+04
10.0 1.103524e+04 1.109212e+04 1.109347e+04 1.103659e+04
11.0 1.104715e+04 1.110084e+04 1.109340e+04 1.103972e+04
12.0 1.113908e+04 1.110403e+04 1.109293e+04 1.112798e+04
13.0 1.112522e+04 1.109861e+04 1.109244e+04 1.111905e+04
14.0 1.112405e+04 1.108766e+04 1.109208e+04 1.112846e+04
15.0 1.111640e+04 1.109734e+04 1.109184e+04 1.111090e+04
16.0 1.102352e+04 1.107329e+04 1.109168e+04 1.104191e+04
17.0 1.107093e+04 1.105576e+04 1.109158e+04 1.110675e+04
0.1 1.115867e+04 1.109480e+04 1.110877e+04 1.117264e+04
1.1 1.112130e+04 1.113944e+04 1.112165e+04 1.110351e+04
2.1 1.111650e+04 1.113412e+04 1.110238e+04 1.108477e+04
3.1 1.109389e+04 1.109769e+04 1.107459e+04 1.107079e+04
4.1 1.114213e+04 1.109634e+04 1.106980e+04 1.111559e+04
5.1 1.108644e+04 1.108201e+04 1.107777e+04 1.108221e+04
6.1 1.110180e+04 1.109007e+04 1.108536e+04 1.109709e+04
7.1 1.107482e+04 1.109980e+04 1.109007e+04 1.106509e+04
8.1 1.105798e+04 1.109909e+04 1.109256e+04 1.105145e+04
9.1 1.103524e+04 1.109212e+04 1.109347e+04 1.103659e+04
10.1 1.104715e+04 1.110084e+04 1.109340e+04 1.103972e+04
11.1 1.113908e+04 1.110403e+04 1.109293e+04 1.112798e+04
12.1 1.112522e+04 1.109861e+04 1.109244e+04 1.111905e+04
13.1 1.112405e+04 1.108766e+04 1.109208e+04 1.112846e+04
14.1 1.111640e+04 1.109734e+04 1.109184e+04 1.111090e+04
15.1 1.102352e+04 1.107329e+04 1.109168e+04 1.104191e+04
16.1 1.107093e+04 1.105576e+04 1.109158e+04 1.110675e+04
17.1 1.104614e+04 1.107399e+04 1.109149e+04 1.106364e+04
0.5 1.114159e+04 1.108447e+04 1.109830e+04 1.115541e+04
1.5 1.108716e+04 1.109495e+04 1.111210e+04 1.110431e+04
2.5 1.112183e+04 1.110583e+04 1.111519e+04 1.113119e+04
3.5 1.106368e+04 1.108116e+04 1.110508e+04 1.108760e+04
4.5 1.104335e+04 1.108512e+04 1.109043e+04 1.104865e+04
5.5 1.101268e+04 1.107541e+04 1.108379e+04 1.102107e+04
6.5 1.113434e+04 1.110362e+04 1.108295e+04 1.111367e+04
7.5 1.111788e+04 1.111215e+04 1.108692e+04 1.109266e+04
8.5 1.104262e+04 1.110761e+04 1.109656e+04 1.103157e+04
9.5 1.117612e+04 1.113569e+04 1.110162e+04 1.114204e+04
10.5 1.125889e+04 1.115014e+04 1.109638e+04 1.120513e+04
11.5 1.111196e+04 1.114921e+04 1.108841e+04 1.105116e+04
12.5 1.106825e+04 1.115768e+04 1.107919e+04 1.098976e+04
13.5 1.105606e+04 1.112419e+04 1.107386e+04 1.100573e+04
14.5 1.105065e+04 1.107358e+04 1.109101e+04 1.106808e+04
15.5 1.107084e+04 1.105557e+04 1.111081e+04 1.112609e+04
16.5 1.108810e+04 1.107117e+04 1.111295e+04 1.112988e+04
17.5 1.113562e+04 1.106811e+04 1.110204e+04 1.116955e+04
0.3 1.108716e+04 1.109495e+04 1.111210e+04 1.110431e+04
1.3 1.112183e+04 1.110583e+04 1.111519e+04 1.113119e+04
2.3 1.106368e+04 1.108116e+04 1.110508e+04 1.108760e+04
3.3 1.104335e+04 1.108512e+04 1.109043e+04 1.104865e+04
4.3 1.101268e+04 1.107541e+04 1.108379e+04 1.102107e+04
5.3 1.113434e+04 1.110362e+04 1.108295e+04 1.111367e+04
6.3 1.111788e+04 1.111215e+04 1.108692e+04 1.109266e+04
7.3 1.104262e+04 1.110761e+04 1.109656e+04 1.103157e+04
8.3 1.117612e+04 1.113569e+04 1.110162e+04 1.114204e+04
9.3 1.125889e+04 1.115014e+04 1.109638e+04 1.120513e+04
10.3 1.111196e+04 1.114921e+04 1.108841e+04 1.105116e+04
11.3 1.106825e+04 1.115768e+04 1.107919e+04 1.098976e+04
12.3 1.105606e+04 1.112419e+04 1.107386e+04 1.100573e+04
13.3 1.105065e+04 1.107358e+04 1.109101e+04 1.106808e+04
14.3 1.107084e+04 1.105557e+04 1.111081e+04 1.112609e+04
15.3 1.108810e+04 1.107117e+04 1.111295e+04 1.112988e+04
16.3 1.113562e+04 1.106811e+04 1.110204e+04 1.116955e+04
17.3 1.105392e+04 1.108719e+04 1.108755e+04 1.105427e+04
1.0 1.106368e+04 1.108116e+04 1.110508e+04 1.108760e+04
2.0 1.104335e+04 1.108512e+04 1.109043e+04 1.104865e+04
3.0 1.101268e+04 1.107541e+04 1.108379e+04 1.102107e+04
4.0 1.113434e+04 1.110362e+04 1.108295e+04 1.111367e+04
5.0 1.111788e+04 1.111215e+04 1.108692e+04 1.109266e+04
6.0 1.104262e+04 1.110761e+04 1.109656e+04 1.103157e+04
7.0 1.117612e+04 1.113569e+04 1.110162e+04 1.114204e+04
8.0 1.125889e+04 1.115014e+04 1.109638e+04 1.120513e+04
9.0 1.111196e+04 1.114921e+04 1.108841e+04 1.105116e+04
10.0 1.106825e+04 1.115768e+04 1.107919e+04 1.098976e+04
11.0 1.105606e+04 1.112419e+04 1.107386e+04 1.100573e+04
12.0 1.105065e+04 1.107358e+04 1.109101e+04 1.106808e+04
13.0 1.107084e+04 1.105557e+04 1.111081e+04 1.112609e+04
14.0 1.108810e+04 1.107117e+04 1.111295e+04 1.112988e+04
15.0 1.113562e+04 1.106811e+04 1.110204e+04 1.116955e+04
16.0 1.105392e+04 1.108719e+04 1.108755e+04 1.105427e+04
17.0 1.100589e+04 1.107531e+04 1.108059e+04 1.101116e+04
18.0 1.116006e+04 1.110420e+04 1.108169e+04 1.113756e+04
0.2 1.104335e+04 1.108512e+04 1.109043e+04 1.104865e+04
1.2 1.101268e+04 1.107541e+04 1.108379e+04 1.102107e+04
2.2 1.113434e+04 1.110362e+04 1.108295e+04 1.111367e+04
3.2 1.111788e+04 1.111215e+04 1.108692e+04 1.109266e+04
4.2 1.104262e+04 1.110761e+04 1.109656e+04 1.103157e+04
5.2 1.117612e+04 1.113569e+04 1.110162e+04 1.114204e+04
6.2 1.125889e+04 1.115014e+04 1.109638e+04 1.120513e+04
7.2 1.111196e+04 1.114921e+04 1.108841e+04 1.105116e+04
8.2 1.106825e+04 1.115768e+04 1.107919e+04 1.098976e+04
9.2 1.105606e+04 1.112419e+04 1.107386e+04 1.100573e+04
10.2 1.105065e+04 1.107358e+04 1.109101e+04 1.106808e+04
11.2 1.107084e+04 1.105557e+04 1.111081e+04 1.112609e+04
12.2 1.108810e+04 1.107117e+04 1.111295e+04 1.112988e+04
13.2 1.113562e+04 1.106811e+04 1.110204e+04 1.116955e+04
14.2 1.105392e+04 1.108719e+04 1.108755e+04 1.105427e+04
15.2 1.100589e+04 1.107531e+04 1.108059e+04 1.101116e+04
16.2 1.116006e+04 1.110420e+04 1.108169e+04 1.113756e+04
17.2 1.113712e+04 1.111512e+04 1.108735e+04 1.110935e+04
0.3 1.113434e+04 1.110362e+04 1.108295e+04 1.111367e+04
1.3 1.111788e+04 1.111215e+04 1.108692e+04 1.109266e+04
2.3 1.104262e+04 1.110761e+04 1.109656e+04 1.103157e+04
3.3 1.117612e+04 1.113569e+04 1.110162e+04 1.114204e+04
4.3 1.125889e+04 1.115014e+04 1.109638e+04 1.120513e+04
5.3 1.111196e+04 1.114921e+04 1.108841e+04 1.105116e+04
6.3 1.106825e+04 1.115768e+04 1.107919e+04 1.098976e+04
7.3 1.105606e+04 1.112419e+04 1.107386e+04 1.100573e+04
8.3 1.105065e+04 1.107358e+04 1.109101e+04 1.106808e+04
9.3 1.107084e+04 1.105557e+04 1.111081e+04 1.112609e+04
10.3 1.108810e+04 1.107117e+04 1.111295e+04 1.112988e+04
11.3 1.113562e+04 1.106811e+04 1.110204e+04 1.116955e+04
12.3 1.105392e+04 1.108719e+04 1.108755e+04 1.105427e+04
13.3 1.100589e+04 1.107531e+04 1.108059e+04 1.101116e+04
14.3 1.116006e+04 1.110420e+04 1.108169e+04 1.113756e+04
15.3 1.113712e+04 1.111512e+04 1.108735e+04 1.110935e+04
16.3 1.116607e+04 1.113003e+04 1.109494e+04 1.113098e+04
17.3 1.113070e+04 1.115837e+04 1.109534e+04 1.106767e+04
0.9 1.104262e+04 1.110761e+04 1.109656e+04 1.103157e+04
1.9 1.117612e+04 1.113569e+04 1.110162e+04 1.114204e+04
2.9 1.125889e+04 1.115014e+04 1.109638e+04 1.120513e+04
3.9 1.111196e+04 1.114921e+04 1.108841e+04 1.105116e+04
4.9 1.106825e+04 1.115768e+04 1.107919e+04 1.098976e+04
5.9 1.105606e+04 1.112419e+04 1.107386e+04 1.100573e+04
6.9 1.105065e+04 1.107358e+04 1.109101e+04 1.106808e+04
7.9 1.107084e+04 1.105557e+04 1.111081e+04 1.112609e+04
8.9 1.108810e+04 1.107117e+04 1.111295e+04 1.112988e+04
9.9 1.113562e+04 1.106811e+04 1.110204e+04 1.116955e+04
10.9 1.105392e+04 1.108719e+04 1.108755e+04 1.105427e+04
11.9 1.100589e+04 1.107531e+04 1.108059e+04 1.101116e+04
12.9 1.116006e+04 1.110420e+04 1.108169e+04 1.113756e+04
13.9 1.113712e+04 1.111512e+04 1.108735e+04 1.110935e+04
14.9 1.116607e+04 1.113003e+04 1.109494e+04 1.113098e+04
15.9 1.113070e+04 1.115837e+04 1.109534e+04 1.106767e+04
16.9 1.113767e+04 1.115626e+04 1.109465e+04 1.107606e+04
17.9 1.109691e+04 1.115635e+04 1.108745e+04 1.102800e+04
0.8 1.117612e+04 1.113569e+04 1.110162e+04 1.114204e+04
1.8 1.125889e+04 1.115014e+04 1.109638e+04 1.120513e+04
2.8 1.111196e+04 1.114921e+04 1.108841e+04 1.105116e+04
3.8 1.106825e+04 1.115768e+04 1.107919e+04 1.098976e+04
4.8 1.105606e+04 1.112419e+04 1.107386e+04 1.100573e+04
5.8 1.105065e+04 1.107358e+04 1.109101e+04 1.106808e+04
6.8 1.107084e+04 1.105557e+04 1.111081e+04 1.112609e+04
7.8 1.108810e+04 1.107117e+04 1.111295e+04 1.112988e+04
8.8 1.113562e+04 1.106811e+04 1.110204e+04 1.116955e+04
9.8 1.105392e+04 1.108719e+04 1.108755e+04 1.105427e+04
10.8 1.100589e+04 1.107531e+04 1.108059e+04 1.101116e+04
11.8 1.116006e+04 1.110420e+04 1.108169e+04 1.113756e+04
12.8 1.113712e+04 1.111512e+04 1.108735e+04 1.110935e+04
13.8 1.116607e+04 1.113003e+04 1.109494e+04 1.113098e+04
14.8 1.113070e+04 1.115837e+04 1.109534e+04 1.106767e+04
15.8 1.113767e+04 1.115626e+04 1.109465e+04 1.107606e+04
16.8 1.109691e+04 1.115635e+04 1.108745e+04 1.102800e+04
17.8 1.113940e+04 1.114008e+04 1.107578e+04 1.107510e+04
0.3 1.125889e+04 1.115014e+04 1.109638e+04 1.120513e+04
1.3 1.111196e+04 1.114921e+04 1.108841e+04 1.105116e+04
2.3 1.106825e+04 1.115768e+04 1.107919e+04 1.098976e+04
3.3 1.105606e+04 1.112419e+04 1.107386e+04 1.100573e+04
4.3 1.105065e+04 1.107358e+04 1.109101e+04 1.106808e+04
5.3 1.107084e+04 1.105557e+04 1.111081e+04 1.112609e+04
6.3 1.108810e+04 1.107117e+04 1.111295e+04 1.112988e+04
7.3 1.113562e+04 1.106811e+04 1.110204e+04 1.116955e+04
8.3 1.105392e+04 1.108719e+04 1.108755e+04 1.105427e+04
9.3 1.100589e+04 1.107531e+04 1.108059e+04 1.101116e+04
10.3 1.116006e+04 1.110420e+04 1.108169e+04 1.113756e+04
11.3 1.113712e+04 1.111512e+04 1.108735e+04 1.110935e+04
12.3 1.116607e+04 1.113003e+04 1.109494e+04 1.113098e+04
13.3 1.113070e+04 1.115837e+04 1.109534e+04 1.106767e+04
14.3 1.113767e+04 1.115626e+04 1.109465e+04 1.107606e+04
15.3 1.109691e+04 1.115635e+04 1.108745e+04 1.102800e+04
16.3 1.113940e+04 1.114008e+04 1.107578e+04 1.107510e+04
17.3 1.120525e+04 1.111643e+04 1.107699e+04 1.116581e+04
0.3 1.105606e+04 1.112419e+04 1.107386e+04 1.100573e+04
1.3 1.105065e+04 1.107358e+04 1.109101e+04 1.106808e+04
2.3 1.107084e+04 1.105557e+04 1.111081e+04 1.112609e+04
3.3 1.108810e+04 1.107117e+04 1.111295e+04 1.112988e+04
4.3 1.113562e+04 1.106811e+04 1.110204e+04 1.116955e+04
5.3 1.105392e+04 1.108719e+04 1.108755e+04 1.105427e+04
6.3 1.100589e+04 1.107531e+04 1.108059e+04 1.101116e+04
7.3 1.116006e+04 1.110420e+04 1.108169e+04 1.113756e+04
8.3 1.113712e+04 1.111512e+04 1.108735e+04 1.110935e+04
9.3 1.116607e+04 1.113003e+04 1.109494e+04 1.113098e+04
10.3 1.113070e+04 1.115837e+04 1.109534e+04 1.106767e+04
11.3 1.113767e+04 1.115626e+04 1.109465e+04 1.107606e+04
12.3 1.109691e+04 1.115635e+04 1.108745e+04 1.102800e+04
13.3 1.113940e+04 1.114008e+04 1.107578e+04 1.107510e+04
14.3 1.120525e+04 1.111643e+04 1.107699e+04 1.116581e+04
15.3 1.115414e+04 1.108838e+04 1.108469e+04 1.115045e+04
16.3 1.099638e+04 1.107866e+04 1.109066e+04 1.100838e+04
17.3 1.105885e+04 1.104177e+04 1.109409e+04 1.111117e+04
0.2 1.105065e+04 1.107358e+04 1.109101e+04 1.106808e+04
1.2 1.107084e+04 1.105557e+04 1.111081e+04 1.112609e+04
2.2 1.108810e+04 1.107117e+04 1.111295e+04 1.112988e+04
3.2 1.113562e+04 1.106811e+04 1.110204e+04 1.116955e+04
4.2 1.105392e+04 1.108719e+04 1.108755e+04 1.105427e+04
5.2 1.100589e+04 1.107531e+04 1.108059e+04 1.101116e+04
6.2 1.116006e+04 1.110420e+04 1.108169e+04 1.113756e+04
7.2 1.113712e+04 1.111512e+04 1.108735e+04 1.110935e+04
8.2 1.116607e+04 1.113003e+04 1.109494e+04 1.113098e+04
9.2 1.113070e+04 1.115837e+04 1.109534e+04 1.106767e+04
10.2 1.113767e+04 1.115626e+04 1.109465e+04 1.107606e+04
11.2 1.109691e+04 1.115635e+04 1.108745e+04 1.102800e+04
12.2 1.113940e+04 1.114008e+04 1.107578e+04 1.107510e+04
13.2 1.120525e+04 1.111643e+04 1.107699e+04 1.116581e+04
14.2 1.115414e+04 1.108838e+04 1.108469e+04 1.115045e+04
15.2 1.099638e+04 1.107866e+04 1.109066e+04 1.100838e+04
16.2 1.105885e+04 1.104177e+04 1.109409e+04 1.111117e+04
17.2 1.104717e+04 1.106060e+04 1.110426e+04 1.109083e+04
0.2 1.107084e+04 1.105557e+04 1.111081e+04 1.112609e+04
1.2 1.108810e+04 1.107117e+04 1.111295e+04 1.112988e+04
2.2 1.113562e+04 1.106811e+04 1.110204e+04 1.116955e+04
3.2 1.105392e+04 1.108719e+04 1.108755e+04 1.105427e+04
4.2 1.100589e+04 1.107531e+04 1.108059e+04 1.101116e+04
5.2 1.116006e+04 1.110420e+04 1.108169e+04 1.113756e+04
6.2 1.113712e+04 1.111512e+04 1.108735e+04 1.110935e+04
7.2 1.116607e+04 1.113003e+04 1.109494e+04 1.113098e+04
8.2 1.113070e+04 1.115837e+04 1.109534e+04 1.106767e+04
9.2 1.113767e+04 1.115626e+04 1.109465e+04 1.107606e+04
10.2 1.109691e+04 1.115635e+04 1.108745e+04 1.102800e+04
11.2 1.113940e+04 1.114008e+04 1.107578e+04 1.107510e+04
12.2 1.120525e+04 1.111643e+04 1.107699e+04 1.116581e+04
13.2 1.115414e+04 1.108838e+04 1.108469e+04 1.115045e+04
14.2 1.099638e+04 1.107866e+04 1.109066e+04 1.100838e+04
15.2 1.105885e+04 1.104177e+04 1.109409e+04 1.111117e+04
16.2 1.104717e+04 1.106060e+04 1.110426e+04 1.109083e+04
17.2 1.109750e+04 1.108682e+04 1.111600e+04 1.112669e+04
0.2 1.108810e+04 1.107117e+04 1.111295e+04 1.112988e+04
1.2 1.113562e+04 1.106811e+04 1.110204e+04 1.116955e+04
2.2 1.105392e+04 1.108719e+04 1.108755e+04 1.105427e+04
3.2 1.100589e+04 1.107531e+04 1.108059e+04 1.101116e+04
4.2 1.116006e+04 1.110420e+04 1.108169e+04 1.113756e+04
5.2 1.113712e+04 1.111512e+04 1.108735e+04 1.110935e+04
6.2 1.116607e+04 1.113003e+04 1.109494e+04 1.113098e+04
7.2 1.113070e+04 1.115837e+04 1.109534e+04 1.106767e+04
8.2 1.113767e+04 1.115626e+04 1.109465e+04 1.107606e+04
9.2 1.109691e+04 1.115635e+04 1.108745e+04 1.102800e+04
10.2 1.113940e+04 1.114008e+04 1.107578e+04 1.107510e+04
11.2 1.120525e+04 1.111643e+04 1.107699e+04 1.116581e+04
12.2 1.115414e+04 1.108838e+04 1.108469e+04 1.115045e+04
13.2 1.099638e+04 1.107866e+04 1.109066e+04 1.100838e+04
14.2 1.105885e+04 1.104177e+04 1.109409e+04 1.111117e+04
15.2 1.104717e+04 1.106060e+04 1.110426e+04 1.109083e+04
16.2 1.109750e+04 1.108682e+04 1.111600e+04 1.112669e+04
17.2 1.110134e+04 1.110779e+04 1.111871e+04 1.111226e+04
0.5 1.105392e+04 1.108719e+04 1.108755e+04 1.105427e+04
1.5 1.100589e+04 1.107531e+04 1.108059e+04 1.101116e+04
2.5 1.116006e+04 1.110420e+04 1.108169e+04 1.113756e+04
3.5 1.113712e+04 1.111512e+04 1.108735e+04 1.110935e+04
4.5 1.116607e+04 1.113003e+04 1.109494e+04 1.113098e+04
5.5 1.113070e+04 1.115837e+04 1.109534e+04 1.106767e+04
6.5 1.113767e+04 1.115626e+04 1.109465e+04 1.107606e+04
7.5 1.109691e+04 1.115635e+04 1.108745e+04 1.102800e+04
8.5 1.113940e+04 1.114008e+04 1.107578e+04 1.107510e+04
9.5 1.120525e+04 1.111643e+04 1.107699e+04 1.116581e+04
10.5 1.115414e+04 1.108838e+04 1.108469e+04 1.115045e+04
11.5 1.099638e+04 1.107866e+04 1.109066e+04 1.100838e+04
12.5 1.105885e+04 1.104177e+04 1.109409e+04 1.111117e+04
13.5 1.104717e+04 1.106060e+04 1.110426e+04 1.109083e+04
14.5 1.109750e+04 1.108682e+04 1.111600e+04 1.112669e+04
15.5 1.110134e+04 1.110779e+04 1.111871e+04 1.111226e+04
16.5 1.118078e+04 1.111037e+04 1.111153e+04 1.118194e+04
17.5 1.110106e+04 1.111397e+04 1.109718e+04 1.108427e+04
0.5 1.116006e+04 1.110420e+04 1.108169e+04 1.113756e+04
1.5 1.113712e+04 1.111512e+04 1.108735e+04 1.110935e+04
2.5 1.116607e+04 1.113003e+04 1.109494e+04 1.113098e+04
3.5 1.113070e+04 1.115837e+04 1.109534e+04 1.106767e+04
4.5 1.113767e+04 1.115626e+04 1.109465e+04 1.107606e+04
5.5 1.109691e+04 1.115635e+04 1.108745e+04 1.102800e+04
6.5 1.113940e+04 1.114008e+04 1.107578e+04 1.107510e+04
7.5 1.120525e+04 1.111643e+04 1.107699e+04 1.116581e+04
8.5 1.115414e+04 1.108838e+04 1.108469e+04 1.115045e+04
9.5 1.099638e+04 1.107866e+04 1.109066e+04 1.100838e+04
10.5 1.105885e+04 1.104177e+04 1.109409e+04 1.111117e+04
11.5 1.104717e+04 1.106060e+04 1.110426e+04 1.109083e+04
12.5 1.109750e+04 1.108682e+04 1.111600e+04 1.112669e+04
13.5 1.110134e+04 1.110779e+04 1.111871e+04 1.111226e+04
14.5 1.118078e+04 1.111037e+04 1.111153e+04 1.118194e+04
15.5 1.110106e+04 1.111397e+04 1.109718e+04 1.108427e+04
16.5 1.118024e+04 1.113072e+04 1.108217e+04 1.113168e+04
17.5 1.110763e+04 1.110645e+04 1.106970e+04 1.107088e+04
1.0 1.116607e+04 1.113003e+04 1.109494e+04 1.113098e+04
2.0 1.113070e+04 1.115837e+04 1.109534e+04 1.106767e+04
3.0 1.113767e+04 1.115626e+04 1.109465e+04 1.107606e+04
4.0 1.109691e+04 1.115635e+04 1.108745e+04 1.102800e+04
5.0 1.113940e+04 1.114008e+04 1.107578e+04 1.107510e+04
6.0 1.120525e+04 1.111643e+04 1.107699e+04 1.116581e+04
7.0 1.115414e+04 1.108838e+04 1.108469e+04 1.115045e+04
8.0 1.099638e+04 1.107866e+04 1.109066e+04 1.100838e+04
9.0 1.105885e+04 1.104177e+04 1.109409e+04 1.111117e+04
10.0 1.104717e+04 1.106060e+04 1.110426e+04 1.109083e+04
11.0 1.109750e+04 1.108682e+04 1.111600e+04 1.112669e+04
12.0 1.110134e+04 1.110779e+04 1.111871e+04 1.111226e+04
13.0 1.118078e+04 1.111037e+04 1.111153e+04 1.118194e+04
14.0 1.110106e+04 1.111397e+04 1.109718e+04 1.108427e+04
15.0 1.118024e+04 1.113072e+04 1.108217e+04 1.113168e+04
16.0 1.110763e+04 1.110645e+04 1.106970e+04 1.107088e+04
17.0 1.113179e+04 1.108742e+04 1.106903e+04 1.111341e+04
18.0 1.106609e+04 1.106573e+04 1.107856e+04 1.107892e+04
0.3 1.113070e+04 1.115837e+04 1.109534e+04 1.106767e+04
1.3 1.113767e+04 1.115626e+04 1.109465e+04 1.107606e+04
2.3 1.109691e+04 1.115635e+04 1.108745e+04 1.102800e+04
3.3 1.113940e+04 1.114008e+04 1.107578e+04 1.107510e+04
4.3 1.120525e+04 1.111643e+04 1.107699e+04 1.116581e+04
5.3 1.115414e+04 1.108838e+04 1.108469e+04 1.115045e+04
6.3 1.099638e+04 1.107866e+04 1.109066e+04 1.100838e+04
7.3 1.105885e+04 1.104177e+04 1.109409e+04 1.111117e+04
8.3 1.104717e+04 1.106060e+04 1.110426e+04 1.109083e+04
9.3 1.109750e+04 1.108682e+04 1.111600e+04 1.112669e+04
10.3 1.110134e+04 1.110779e+04 1.111871e+04 1.111226e+04
11.3 1.118078e+04 1.111037e+04 1.111153e+04 1.118194e+04
12.3 1.110106e+04 1.111397e+04 1.109718e+04 1.108427e+04
13.3 1.118024e+04 1.113072e+04 1.108217e+04 1.113168e+04
14.3 1.110763e+04 1.110645e+04 1.106970e+04 1.107088e+04
15.3 1.113179e+04 1.108742e+04 1.106903e+04 1.111341e+04
16.3 1.106609e+04 1.106573e+04 1.107856e+04 1.107892e+04
17.3 1.108169e+04 1.105121e+04 1.108744e+04 1.111792e+04
0.7 1.104717e+04 1.106060e+04 1.110426e+04 1.109083e+04
1.7 1.109750e+04 1.108682e+04 1.111600e+04 1.112669e+04
2.7 1.110134e+04 1.110779e+04 1.111871e+04 1.111226e+04
3.7 1.118078e+04 1.111037e+04 1.111153e+04 1.118194e+04
4.7 1.110106e+04 1.111397e+04 1.109718e+04 1.108427e+04
5.7 1.118024e+04 1.113072e+04 1.108217e+04 1.113168e+04
6.7 1.110763e+04 1.110645e+04 1.106970e+04 1.107088e+04
7.7 1.113179e+04 1.108742e+04 1.106903e+04 1.111341e+04
8.7 1.106609e+04 1.106573e+04 1.107856e+04 1.107892e+04
9.7 1.108169e+04 1.105121e+04 1.108744e+04 1.111792e+04
10.7 1.110302e+04 1.106481e+04 1.109258e+04 1.113079e+04
11.7 1.101296e+04 1.106570e+04 1.109484e+04 1.104210e+04
12.7 1.108548e+04 1.107962e+04 1.109536e+04 1.110122e+04
13.7 1.107578e+04 1.109105e+04 1.109500e+04 1.107973e+04
14.7 1.111092e+04 1.107870e+04 1.109436e+04 1.112658e+04
15.7 1.108456e+04 1.108047e+04 1.109378e+04 1.109787e+04
16.7 1.107599e+04 1.109387e+04 1.109337e+04 1.107550e+04
17.7 1.109746e+04 1.108531e+04 1.109312e+04 1.110527e+04
0.2 1.109750e+04 1.108682e+04 1.111600e+04 1.112669e+04
1.2 1.110134e+04 1.110779e+04 1.111871e+04 1.111226e+04
2.2 1.118078e+04 1.111037e+04 1.111153e+04 1.118194e+04
3.2 1.110106e+04 1.111397e+04 1.109718e+04 1.108427e+04
4.2 1.118024e+04 1.113072e+04 1.108217e+04 1.113168e+04
5.2 1.110763e+04 1.110645e+04 1.106970e+04 1.107088e+04
6.2 1.113179e+04 1.108742e+04 1.106903e+04 1.111341e+04
7.2 1.106609e+04 1.106573e+04 1.107856e+04 1.107892e+04
8.2 1.108169e+04 1.105121e+04 1.108744e+04 1.111792e+04
9.2 1.110302e+04 1.106481e+04 1.109258e+04 1.113079e+04
10.2 1.101296e+04 1.106570e+04 1.109484e+04 1.104210e+04
11.2 1.108548e+04 1.107962e+04 1.109536e+04 1.110122e+04
12.2 1.107578e+04 1.109105e+04 1.109500e+04 1.107973e+04
13.2 1.111092e+04 1.107870e+04 1.109436e+04 1.112658e+04
14.2 1.108456e+04 1.108047e+04 1.109378e+04 1.109787e+04
15.2 1.107599e+04 1.109387e+04 1.109337e+04 1.107550e+04
16.2 1.109746e+04 1.108531e+04 1.109312e+04 1.110527e+04
17.2 1.103926e+04 1.106813e+04 1.109297e+04 1.106410e+04
0.4 1.110134e+04 1.110779e+04 1.111871e+04 1.111226e+04
1.4 1.118078e+04 1.111037e+04 1.111153e+04 1.118194e+04
2.4 1.110106e+04 1.111397e+04 1.109718e+04 1.108427e+04
3.4 1.118024e+04 1.113072e+04 1.108217e+04 1.113168e+04
4.4 1.110763e+04 1.110645e+04 1.106970e+04 1.107088e+04
5.4 1.113179e+04 1.108742e+04 1.106903e+04 1.111341e+04
6.4 1.106609e+04 1.106573e+04 1.107856e+04 1.107892e+04
7.4 1.108169e+04 1.105121e+04 1.108744e+04 1.111792e+04
8.4 1.110302e+04 1.106481e+04 1.109258e+04 1.113079e+04
9.4 1.101296e+04 1.106570e+04 1.109484e+04 1.104210e+04
10.4 1.108548e+04 1.107962e+04 1.109536e+04 1.110122e+04
11.4 1.107578e+04 1.109105e+04 1.109500e+04 1.107973e+04
12.4 1.111092e+04 1.107870e+04 1.109436e+04 1.112658e+04
13.4 1.108456e+04 1.108047e+04 1.109378e+04 1.109787e+04
14.4 1.107599e+04 1.109387e+04 1.109337e+04 1.107550e+04
15.4 1.109746e+04 1.108531e+04 1.109312e+04 1.110527e+04
16.4 1.103926e+04 1.106813e+04 1.109297e+04 1.106410e+04
17.4 1.109575e+04 1.106551e+04 1.109287e+04 1.112311e+04
0.9 1.110106e+04 1.111397e+04 1.109718e+04 1.108427e+04
1.9 1.118024e+04 1.113072e+04 1.108217e+04 1.113168e+04
2.9 1.110763e+04 1.110645e+04 1.106970e+04 1.107088e+04
3.9 1.113179e+04 1.108742e+04 1.106903e+04 1.111341e+04
4.9 1.106609e+04 1.106573e+04 1.107856e+04 1.107892e+04
5.9 1.108169e+04 1.105121e+04 1.108744e+04 1.111792e+04
6.9 1.110302e+04 1.106481e+04 1.109258e+04 1.113079e+04
7.9 1.101296e+04 1.106570e+04 1.109484e+04 1.104210e+04
8.9 1.108548e+04 1.107962e+04 1.109536e+04 1.110122e+04
9.9 1.107578e+04 1.109105e+04 1.109500e+04 1.107973e+04
10.9 1.111092e+04 1.107870e+04 1.109436e+04 1.112658e+04
11.9 1.108456e+04 1.108047e+04 1.109378e+04 1.109787e+04
12.9 1.107599e+04 1.109387e+04 1.109337e+04 1.107550e+04
13.9 1.109746e+04 1.108531e+04 1.109312e+04 1.110527e+04
14.9 1.103926e+04 1.106813e+04 1.109297e+04 1.106410e+04
15.9 1.109575e+04 1.106551e+04 1.109287e+04 1.112311e+04
16.9 1.104624e+04 1.105811e+04 1.109280e+04 1.108093e+04
17.9 1.105120e+04 1.104008e+04 1.109275e+04 1.110387e+04
0.4 1.117297e+04 1.108540e+04 1.109829e+04 1.118587e+04
1.4 1.118649e+04 1.111571e+04 1.111032e+04 1.118109e+04
2.4 1.119334e+04 1.113324e+04 1.111463e+04 1.117473e+04
3.4 1.116243e+04 1.113137e+04 1.110195e+04 1.113300e+04
4.4 1.099084e+04 1.112750e+04 1.109162e+04 1.095495e+04
5.4 1.110813e+04 1.110389e+04 1.108393e+04 1.108816e+04
6.4 1.110807e+04 1.109576e+04 1.107328e+04 1.108559e+04
7.4 1.110265e+04 1.113678e+04 1.107441e+04 1.104028e+04
8.4 1.115823e+04 1.114615e+04 1.108232e+04 1.109439e+04
9.4 1.116129e+04 1.111645e+04 1.108869e+04 1.113353e+04
10.4 1.109981e+04 1.108590e+04 1.109215e+04 1.110606e+04
11.4 1.118021e+04 1.108499e+04 1.109359e+04 1.118881e+04
12.4 1.115031e+04 1.107662e+04 1.109384e+04 1.116754e+04
13.4 1.102166e+04 1.107765e+04 1.109350e+04 1.103752e+04
14.4 1.105800e+04 1.107265e+04 1.109301e+04 1.107836e+04
15.4 1.111055e+04 1.105712e+04 1.109258e+04 1.114601e+04
16.4 1.108246e+04 1.107392e+04 1.109228e+04 1.110081e+04
17.4 1.095467e+04 1.106433e+04 1.109208e+04 1.098242e+04
0.1 1.118649e+04 1.111571e+04 1.111032e+04 1.118109e+04
1.1 1.119334e+04 1.113324e+04 1.111463e+04 1.117473e+04
2.1 1.116243e+04 1.113137e+04 1.110195e+04 1.113300e+04
3.1 1.099084e+04 1.112750e+04 1.109162e+04 1.095495e+04
4.1 1.110813e+04 1.110389e+04 1.108393e+04 1.108816e+04
5.1 1.110807e+04 1.109576e+04 1.107328e+04 1.108559e+04
6.1 1.110265e+04 1.113678e+04 1.107441e+04 1.104028e+04
7.1 1.115823e+04 1.114615e+04 1.108232e+04 1.109439e+04
8.1 1.116129e+04 1.111645e+04 1.108869e+04 1.113353e+04
9.1 1.109981e+04 1.108590e+04 1.109215e+04 1.110606e+04
10.1 1.118021e+04 1.108499e+04 1.109359e+04 1.118881e+04
11.1 1.115031e+04 1.107662e+04 1.109384e+04 1.116754e+04
12.1 1.102166e+04 1.107765e+04 1.109350e+04 1.103752e+04
13.1 1.105800e+04 1.107265e+04 1.109301e+04 1.107836e+04
14.1 1.111055e+04 1.105712e+04 1.109258e+04 1.114601e+04
15.1 1.108246e+04 1.107392e+04 1.109228e+04 1.110081e+04
16.1 1.095467e+04 1.106433e+04 1.109208e+04 1.098242e+04
17.1 1.101962e+04 1.107939e+04 1.109195e+04 1.103217e+04
0.2 1.116243e+04 1.113137e+04 1.110195e+04 1.113300e+04
1.2 1.099084e+04 1.112750e+04 1.109162e+04 1.095495e+04
2.2 1.110813e+04 1.110389e+04 1.108393e+04 1.108816e+04
3.2 1.110807e+04 1.109576e+04 1.107328e+04 1.108559e+04
4.2 1.110265e+04 1.113678e+04 1.107441e+04 1.104028e+04
5.2 1.115823e+04 1.114615e+04 1.108232e+04 1.109439e+04
6.2 1.116129e+04 1.111645e+04 1.108869e+04 1.113353e+04
7.2 1.109981e+04 1.108590e+04 1.109215e+04 1.110606e+04
8.2 1.118021e+04 1.108499e+04 1.109359e+04 1.118881e+04
9.2 1.115031e+04 1.107662e+04 1.109384e+04 1.116754e+04
10.2 1.102166e+04 1.107765e+04 1.109350e+04 1.103752e+04
11.2 1.105800e+04 1.107265e+04 1.109301e+04 1.107836e+04
12.2 1.111055e+04 1.105712e+04 1.109258e+04 1.114601e+04
13.2 1.108246e+04 1.107392e+04 1.109228e+04 1.110081e+04
14.2 1.095467e+04 1.106433e+04 1.109208e+04 1.098242e+04
15.2 1.101962e+04 1.107939e+04 1.109195e+04 1.103217e+04
16.2 1.099764e+04 1.107223e+04 1.109186e+04 1.101728e+04
17.2 1.098882e+04 1.105108e+04 1.109179e+04 1.102953e+04
0.3 1.108179e+04 1.107831e+04 1.109634e+04 1.109982e+04
1.3 1.105610e+04 1.108728e+04 1.110762e+04 1.107644e+04
2.3 1.104495e+04 1.110625e+04 1.110234e+04 1.104104e+04
3.3 1.108631e+04 1.108940e+04 1.108395e+04 1.108086e+04
4.3 1.105720e+04 1.107977e+04 1.107906e+04 1.105649e+04
5.3 1.102612e+04 1.107126e+04 1.108316e+04 1.103802e+04
6.3 1.105766e+04 1.106386e+04 1.109162e+04 1.108542e+04
7.3 1.111999e+04 1.108311e+04 1.110524e+04 1.114212e+04
8.3 1.112593e+04 1.110812e+04 1.111030e+04 1.112811e+04
9.3 1.099338e+04 1.110009e+04 1.110464e+04 1.099793e+04
10.3 1.108286e+04 1.109610e+04 1.109919e+04 1.108595e+04
11.3 1.106992e+04 1.110626e+04 1.109444e+04 1.105810e+04
12.3 1.106930e+04 1.109936e+04 1.108828e+04 1.105822e+04
13.3 1.116055e+04 1.109745e+04 1.107625e+04 1.113935e+04
14.3 1.116695e+04 1.113998e+04 1.106964e+04 1.109661e+04
15.3 1.115269e+04 1.112532e+04 1.107716e+04 1.110453e+04
16.3 1.116263e+04 1.110491e+04 1.109788e+04 1.115560e+04
17.3 1.107272e+04 1.110021e+04 1.112091e+04 1.109341e+04
0.3 1.105766e+04 1.106386e+04 1.109162e+04 1.108542e+04
1.3 1.111999e+04 1.108311e+04 1.110524e+04 1.114212e+04
2.3 1.112593e+04 1.110812e+04 1.111030e+04 1.112811e+04
3.3 1.099338e+04 1.110009e+04 1.110464e+04 1.099793e+04
4.3 1.108286e+04 1.109610e+04 1.109919e+04 1.108595e+04
5.3 1.106992e+04 1.110626e+04 1.109444e+04 1.105810e+04
6.3 1.106930e+04 1.109936e+04 1.108828e+04 1.105822e+04
7.3 1.116055e+04 1.109745e+04 1.107625e+04 1.113935e+04
8.3 1.116695e+04 1.113998e+04 1.106964e+04 1.109661e+04
9.3 1.115269e+04 1.112532e+04 1.107716e+04 1.110453e+04
10.3 1.116263e+04 1.110491e+04 1.109788e+04 1.115560e+04
11.3 1.107272e+04 1.110021e+04 1.112091e+04 1.109341e+04
12.3 1.119839e+04 1.107747e+04 1.112025e+04 1.124117e+04
13.3 1.108867e+04 1.107368e+04 1.109927e+04 1.111426e+04
14.3 1.116040e+04 1.107854e+04 1.108619e+04 1.116806e+04
15.3 1.105293e+04 1.108573e+04 1.108783e+04 1.105504e+04
16.3 1.113978e+04 1.110636e+04 1.109125e+04 1.112466e+04
17.3 1.106912e+04 1.112187e+04 1.108917e+04 1.103641e+04
0.6 1.112593e+04 1.110812e+04 1.111030e+04 1.112811e+04
1.6 1.099338e+04 1.110009e+04 1.110464e+04 1.099793e+04
2.6 1.108286e+04 1.109610e+04 1.109919e+04 1.108595e+04
3.6 1.106992e+04 1.110626e+04 1.109444e+04 1.105810e+04
4.6 1.106930e+04 1.109936e+04 1.108828e+04 1.105822e+04
5.6 1.116055e+04 1.109745e+04 1.107625e+04 1.113935e+04
6.6 1.116695e+04 1.113998e+04 1.106964e+04 1.109661e+04
7.6 1.115269e+04 1.112532e+04 1.107716e+04 1.110453e+04
8.6 1.116263e+04 1.110491e+04 1.109788e+04 1.115560e+04
9.6 1.107272e+04 1.110021e+04 1.112091e+04 1.109341e+04
10.6 1.119839e+04 1.107747e+04 1.112025e+04 1.124117e+04
11.6 1.108867e+04 1.107368e+04 1.109927e+04 1.111426e+04
12.6 1.116040e+04 1.107854e+04 1.108619e+04 1.116806e+04
13.6 1.105293e+04 1.108573e+04 1.108783e+04 1.105504e+04
14.6 1.113978e+04 1.110636e+04 1.109125e+04 1.112466e+04
15.6 1.106912e+04 1.112187e+04 1.108917e+04 1.103641e+04
16.6 1.107009e+04 1.112332e+04 1.108682e+04 1.103358e+04
17.6 1.110854e+04 1.110902e+04 1.107968e+04 1.107920e+04
0.2 1.099338e+04 1.110009e+04 1.110464e+04 1.099793e+04
1.2 1.108286e+04 1.109610e+04 1.109919e+04 1.108595e+04
2.2 1.106992e+04 1.110626e+04 1.109444e+04 1.105810e+04
3.2 1.106930e+04 1.109936e+04 1.108828e+04 1.105822e+04
4.2 1.116055e+04 1.109745e+04 1.107625e+04 1.113935e+04
5.2 1.116695e+04 1.113998e+04 1.106964e+04 1.109661e+04
6.2 1.115269e+04 1.112532e+04 1.107716e+04 1.110453e+04
7.2 1.116263e+04 1.110491e+04 1.109788e+04 1.115560e+04
8.2 1.107272e+04 1.110021e+04 1.112091e+04 1.109341e+04
9.2 1.119839e+04 1.107747e+04 1.112025e+04 1.124117e+04
10.2 1.108867e+04 1.107368e+04 1.109927e+04 1.111426e+04
11.2 1.116040e+04 1.107854e+04 1.108619e+04 1.116806e+04
12.2 1.105293e+04 1.108573e+04 1.108783e+04 1.105504e+04
13.2 1.113978e+04 1.110636e+04 1.109125e+04 1.112466e+04
14.2 1.106912e+04 1.112187e+04 1.108917e+04 1.103641e+04
15.2 1.107009e+04 1.112332e+04 1.108682e+04 1.103358e+04
16.2 1.110854e+04 1.110902e+04 1.107968e+04 1.107920e+04
17.2 1.113107e+04 1.107650e+04 1.107159e+04 1.112616e+04
0.7 1.106992e+04 1.110626e+04 1.109444e+04 1.105810e+04
1.7 1.106930e+04 1.109936e+04 1.108828e+04 1.105822e+04
2.7 1.116055e+04 1.109745e+04 1.107625e+04 1.113935e+04
3.7 1.116695e+04 1.113998e+04 1.106964e+04 1.109661e+04
4.7 1.115269e+04 1.112532e+04 1.107716e+04 1.110453e+04
5.7 1.116263e+04 1.110491e+04 1.109788e+04 1.115560e+04
6.7 1.107272e+04 1.110021e+04 1.112091e+04 1.109341e+04
7.7 1.119839e+04 1.107747e+04 1.112025e+04 1.124117e+04
8.7 1.108867e+04 1.107368e+04 1.109927e+04 1.111426e+04
9.7 1.116040e+04 1.107854e+04 1.108619e+04 1.116806e+04
10.7 1.105293e+04 1.108573e+04 1.108783e+04 1.105504e+04
11.7 1.113978e+04 1.110636e+04 1.109125e+04 1.112466e+04
12.7 1.106912e+04 1.112187e+04 1.108917e+04 1.103641e+04
13.7 1.107009e+04 1.112332e+04 1.108682e+04 1.103358e+04
14.7 1.110854e+04 1.110902e+04 1.107968e+04 1.107920e+04
15.7 1.113107e+04 1.107650e+04 1.107159e+04 1.112616e+04
16.7 1.111885e+04 1.110718e+04 1.107579e+04 1.108746e+04
17.7 1.116509e+04 1.113131e+04 1.108440e+04 1.111818e+04
0.9 1.116263e+04 1.110491e+04 1.109788e+04 1.115560e+04
1.9 1.107272e+04 1.110021e+04 1.112091e+04 1.109341e+04
2.9 1.119839e+04 1.107747e+04 1.112025e+04 1.124117e+04
3.9 1.108867e+04 1.107368e+04 1.109927e+04 1.111426e+04
4.9 1.116040e+04 1.107854e+04 1.108619e+04 1.116806e+04
5.9 1.105293e+04 1.108573e+04 1.108783e+04 1.105504e+04
6.9 1.113978e+04 1.110636e+04 1.109125e+04 1.112466e+04
7.9 1.106912e+04 1.112187e+04 1.108917e+04 1.103641e+04
8.9 1.107009e+04 1.112332e+04 1.108682e+04 1.103358e+04
9.9 1.110854e+04 1.110902e+04 1.107968e+04 1.107920e+04
10.9 1.113107e+04 1.107650e+04 1.107159e+04 1.112616e+04
11.9 1.111885e+04 1.110718e+04 1.107579e+04 1.108746e+04
12.9 1.116509e+04 1.113131e+04 1.108440e+04 1.111818e+04
13.9 1.118394e+04 1.109388e+04 1.109040e+04 1.118046e+04
14.9 1.108669e+04 1.107951e+04 1.109588e+04 1.110306e+04
15.9 1.104218e+04 1.107845e+04 1.110873e+04 1.107246e+04
16.9 1.103513e+04 1.107123e+04 1.111778e+04 1.108168e+04
17.9 1.105958e+04 1.106851e+04 1.110783e+04 1.109890e+04
1.0 1.107272e+04 1.110021e+04 1.112091e+04 1.109341e+04
2.0 1.119839e+04 1.107747e+04 1.112025e+04 1.124117e+04
3.0 1.108867e+04 1.107368e+04 1.109927e+04 1.111426e+04
4.0 1.116040e+04 1.107854e+04 1.108619e+04 1.116806e+04
5.0 1.105293e+04 1.108573e+04 1.108783e+04 1.105504e+04
6.0 1.113978e+04 1.110636e+04 1.109125e+04 1.112466e+04
7.0 1.106912e+04 1.112187e+04 1.108917e+04 1.103641e+04
8.0 1.107009e+04 1.112332e+04 1.108682e+04 1.103358e+04
9.0 1.110854e+04 1.110902e+04 1.107968e+04 1.107920e+04
10.0 1.113107e+04 1.107650e+04 1.107159e+04 1.112616e+04
11.0 1.111885e+04 1.110718e+04 1.107579e+04 1.108746e+04
12.0 1.116509e+04 1.113131e+04 1.108440e+04 1.111818e+04
13.0 1.118394e+04 1.109388e+04 1.109040e+04 1.118046e+04
14.0 1.108669e+04 1.107951e+04 1.109588e+04 1.110306e+04
15.0 1.104218e+04 1.107845e+04 1.110873e+04 1.107246e+04
16.0 1.103513e+04 1.107123e+04 1.111778e+04 1.108168e+04
17.0 1.105958e+04 1.106851e+04 1.110783e+04 1.109890e+04
18.0 1.110693e+04 1.106987e+04 1.109619e+04 1.113326e+04
0.2 1.107272e+04 1.110021e+04 1.112091e+04 1.109341e+04
1.2 1.119839e+04 1.107747e+04 1.112025e+04 1.124117e+04
2.2 1.108867e+04 1.107368e+04 1.109927e+04 1.111426e+04
3.2 1.116040e+04 1.107854e+04 1.108619e+04 1.116806e+04
4.2 1.105293e+04 1.108573e+04 1.108783e+04 1.105504e+04
5.2 1.113978e+04 1.110636e+04 1.109125e+04 1.112466e+04
6.2 1.106912e+04 1.112187e+04 1.108917e+04 1.103641e+04
7.2 1.107009e+04 1.112332e+04 1.108682e+04 1.103358e+04
8.2 1.110854e+04 1.110902e+04 1.107968e+04 1.107920e+04
9.2 1.113107e+04 1.107650e+04 1.107159e+04 1.112616e+04
10.2 1.111885e+04 1.110718e+04 1.107579e+04 1.108746e+04
11.2 1.116509e+04 1.113131e+04 1.108440e+04 1.111818e+04
12.2 1.118394e+04 1.109388e+04 1.109040e+04 1.118046e+04
13.2 1.108669e+04 1.107951e+04 1.109588e+04 1.110306e+04
14.2 1.104218e+04 1.107845e+04 1.110873e+04 1.107246e+04
15.2 1.103513e+04 1.107123e+04 1.111778e+04 1.108168e+04
16.2 1.105958e+04 1.106851e+04 1.110783e+04 1.109890e+04
17.2 1.110693e+04 1.106987e+04 1.109619e+04 1.113326e+04
0.6 1.108867e+04 1.107368e+04 1.109927e+04 1.111426e+04
1.6 1.116040e+04 1.107854e+04 1.108619e+04 1.116806e+04
2.6 1.105293e+04 1.108573e+04 1.108783e+04 1.105504e+04
3.6 1.113978e+04 1.110636e+04 1.109125e+04 1.112466e+04
4.6 1.106912e+04 1.112187e+04 1.108917e+04 1.103641e+04
5.6 1.107009e+04 1.112332e+04 1.108682e+04 1.103358e+04
6.6 1.110854e+04 1.110902e+04 1.107968e+04 1.107920e+04
7.6 1.113107e+04 1.107650e+04 1.107159e+04 1.112616e+04
8.6 1.111885e+04 1.110718e+04 1.107579e+04 1.108746e+04
9.6 1.116509e+04 1.113131e+04 1.108440e+04 1.111818e+04
10.6 1.118394e+04 1.109388e+04 1.109040e+04 1.118046e+04
11.6 1.108669e+04 1.107951e+04 1.109588e+04 1.110306e+04
12.6 1.104218e+04 1.107845e+04 1.110873e+04 1.107246e+04
13.6 1.103513e+04 1.107123e+04 1.111778e+04 1.108168e+04
14.6 1.105958e+04 1.106851e+04 1.110783e+04 1.109890e+04
15.6 1.110693e+04 1.106987e+04 1.109619e+04 1.113326e+04
16.6 1.107269e+04 1.107498e+04 1.109035e+04 1.108806e+04
17.6 1.102839e+04 1.108637e+04 1.109023e+04 1.103225e+04
0.2 1.116040e+04 1.107854e+04 1.108619e+04 1.116806e+04
1.2 1.105293e+04 1.108573e+04 1.108783e+04 1.105504e+04
2.2 1.113978e+04 1.110636e+04 1.109125e+04 1.112466e+04
3.2 1.106912e+04 1.112187e+04 1.108917e+04 1.103641e+04
4.2 1.107009e+04 1.112332e+04 1.108682e+04 1.103358e+04
5.2 1.110854e+04 1.110902e+04 1.107968e+04 1.107920e+04
6.2 1.113107e+04 1.107650e+04 1.107159e+04 1.112616e+04
7.2 1.111885e+04 1.110718e+04 1.107579e+04 1.108746e+04
8.2 1.116509e+04 1.113131e+04 1.108440e+04 1.111818e+04
9.2 1.118394e+04 1.109388e+04 1.109040e+04 1.118046e+04
10.2 1.108669e+04 1.107951e+04 1.109588e+04 1.110306e+04
11.2 1.104218e+04 1.107845e+04 1.110873e+04 1.107246e+04
12.2 1.103513e+04 1.107123e+04 1.111778e+04 1.108168e+04
13.2 1.105958e+04 1.106851e+04 1.110783e+04 1.109890e+04
14.2 1.110693e+04 1.106987e+04 1.109619e+04 1.113326e+04
15.2 1.107269e+04 1.107498e+04 1.109035e+04 1.108806e+04
16.2 1.102839e+04 1.108637e+04 1.109023e+04 1.103225e+04
17.2 1.106584e+04 1.109841e+04 1.109489e+04 1.106232e+04
0.9 1.113978e+04 1.110636e+04 1.109125e+04 1.112466e+04
1.9 1.106912e+04 1.112187e+04 1.108917e+04 1.103641e+04
2.9 1.107009e+04 1.112332e+04 1.108682e+04 1.103358e+04
3.9 1.110854e+04 1.110902e+04 1.107968e+04 1.107920e+04
4.9 1.113107e+04 1.107650e+04 1.107159e+04 1.112616e+04
5.9 1.111885e+04 1.110718e+04 1.107579e+04 1.108746e+04
6.9 1.116509e+04 1.113131e+04 1.108440e+04 1.111818e+04
7.9 1.118394e+04 1.109388e+04 1.109040e+04 1.118046e+04
8.9 1.108669e+04 1.107951e+04 1.109588e+04 1.110306e+04
9.9 1.104218e+04 1.107845e+04 1.110873e+04 1.107246e+04
10.9 1.103513e+04 1.107123e+04 1.111778e+04 1.108168e+04
11.9 1.105958e+04 1.106851e+04 1.110783e+04 1.109890e+04
12.9 1.110693e+04 1.106987e+04 1.109619e+04 1.113326e+04
13.9 1.107269e+04 1.107498e+04 1.109035e+04 1.108806e+04
14.9 1.102839e+04 1.108637e+04 1.109023e+04 1.103225e+04
15.9 1.106584e+04 1.109841e+04 1.109489e+04 1.106232e+04
16.9 1.114007e+04 1.110803e+04 1.109019e+04 1.112223e+04
17.9 1.110711e+04 1.110297e+04 1.108784e+04 1.109197e+04
0.4 1.106912e+04 1.112187e+04 1.108917e+04 1.103641e+04
1.4 1.107009e+04 1.112332e+04 1.108682e+04 1.103358e+04
2.4 1.110854e+04 1.110902e+04 1.107968e+04 1.107920e+04
3.4 1.113107e+04 1.107650e+04 1.107159e+04 1.112616e+04
4.4 1.111885e+04 1.110718e+04 1.107579e+04 1.108746e+04
5.4 1.116509e+04 1.113131e+04 1.108440e+04 1.111818e+04
6.4 1.118394e+04 1.109388e+04 1.109040e+04 1.118046e+04
7.4 1.108669e+04 1.107951e+04 1.109588e+04 1.110306e+04
8.4 1.104218e+04 1.107845e+04 1.110873e+04 1.107246e+04
9.4 1.103513e+04 1.107123e+04 1.111778e+04 1.108168e+04
10.4 1.105958e+04 1.106851e+04 1.110783e+04 1.109890e+04
11.4 1.110693e+04 1.106987e+04 1.109619e+04 1.113326e+04
12.4 1.107269e+04 1.107498e+04 1.109035e+04 1.108806e+04
13.4 1.102839e+04 1.108637e+04 1.109023e+04 1.103225e+04
14.4 1.106584e+04 1.109841e+04 1.109489e+04 1.106232e+04
15.4 1.114007e+04 1.110803e+04 1.109019e+04 1.112223e+04
16.4 1.110711e+04 1.110297e+04 1.108784e+04 1.109197e+04
17.4 1.114112e+04 1.110410e+04 1.108574e+04 1.112276e+04
0.1 1.108669e+04 1.107951e+04 1.109588e+04 1.110306e+04
1.1 1.104218e+04 1.107845e+04 1.110873e+04 1.107246e+04
2.1 1.103513e+04 1.107123e+04 1.111778e+04 1.108168e+04
3.1 1.105958e+04 1.106851e+04 1.110783e+04 1.109890e+04
4.1 1.110693e+04 1.106987e+04 1.109619e+04 1.113326e+04
5.1 1.107269e+04 1.107498e+04 1.109035e+04 1.108806e+04
6.1 1.102839e+04 1.108637e+04 1.109023e+04 1.103225e+04
7.1 1.106584e+04 1.109841e+04 1.109489e+04 1.106232e+04
8.1 1.114007e+04 1.110803e+04 1.109019e+04 1.112223e+04
9.1 1.110711e+04 1.110297e+04 1.108784e+04 1.109197e+04
10.1 1.114112e+04 1.110410e+04 1.108574e+04 1.112276e+04
11.1 1.112691e+04 1.113042e+04 1.107637e+04 1.107286e+04
12.1 1.114462e+04 1.114041e+04 1.107569e+04 1.107990e+04
13.1 1.111465e+04 1.112244e+04 1.108303e+04 1.107524e+04
14.1 1.104169e+04 1.107998e+04 1.109780e+04 1.105950e+04
15.1 1.105197e+04 1.107556e+04 1.111772e+04 1.109413e+04
16.1 1.111665e+04 1.107749e+04 1.111921e+04 1.115837e+04
17.1 1.101306e+04 1.107365e+04 1.110182e+04 1.104123e+04
0.8 1.103513e+04 1.107123e+04 1.111778e+04 1.108168e+04
1.8 1.105958e+04 1.106851e+04 1.110783e+04 1.109890e+04
2.8 1.110693e+04 1.106987e+04 1.109619e+04 1.113326e+04
3.8 1.107269e+04 1.107498e+04 1.109035e+04 1.108806e+04
4.8 1.102839e+04 1.108637e+04 1.109023e+04 1.103225e+04
5.8 1.106584e+04 1.109841e+04 1.109489e+04 1.106232e+04
6.8 1.114007e+04 1.110803e+04 1.109019e+04 1.112223e+04
7.8 1.110711e+04 1.110297e+04 1.108784e+04 1.109197e+04
8.8 1.114112e+04 1.110410e+04 1.108574e+04 1.112276e+04
9.8 1.112691e+04 1.113042e+04 1.107637e+04 1.107286e+04
10.8 1.114462e+04 1.114041e+04 1.107569e+04 1.107990e+04
11.8 1.111465e+04 1.112244e+04 1.108303e+04 1.107524e+04
12.8 1.104169e+04 1.107998e+04 1.109780e+04 1.105950e+04
13.8 1.105197e+04 1.107556e+04 1.111772e+04 1.109413e+04
14.8 1.111665e+04 1.107749e+04 1.111921e+04 1.115837e+04
15.8 1.101306e+04 1.107365e+04 1.110182e+04 1.104123e+04
16.8 1.105272e+04 1.108323e+04 1.108743e+04 1.105693e+04
17.8 1.108628e+04 1.107967e+04 1.108423e+04 1.109084e+04
0.2 1.105958e+04 1.106851e+04 1.110783e+04 1.109890e+04
1.2 1.110693e+04 1.106987e+04 1.109619e+04 1.113326e+04
2.2 1.107269e+04 1.107498e+04 1.109035e+04 1.108806e+04
3.2 1.102839e+04 1.108637e+04 1.109023e+04 1.103225e+04
4.2 1.106584e+04 1.109841e+04 1.109489e+04 1.106232e+04
5.2 1.114007e+04 1.110803e+04 1.109019e+04 1.112223e+04
6.2 1.110711e+04 1.110297e+04 1.108784e+04 1.109197e+04
7.2 1.114112e+04 1.110410e+04 1.108574e+04 1.112276e+04
8.2 1.112691e+04 1.113042e+04 1.107637e+04 1.107286e+04
9.2 1.114462e+04 1.114041e+04 1.107569e+04 1.107990e+04
10.2 1.111465e+04 1.112244e+04 1.108303e+04 1.107524e+04
11.2 1.104169e+04 1.107998e+04 1.109780e+04 1.105950e+04
12.2 1.105197e+04 1.107556e+04 1.111772e+04 1.109413e+04
13.2 1.111665e+04 1.107749e+04 1.111921e+04 1.115837e+04
14.2 1.101306e+04 1.107365e+04 1.110182e+04 1.104123e+04
15.2 1.105272e+04 1.108323e+04 1.108743e+04 1.105693e+04
16.2 1.108628e+04 1.107967e+04 1.108423e+04 1.109084e+04
17.2 1.105957e+04 1.109098e+04 1.108807e+04 1.105665e+04
0.4 1.107269e+04 1.107498e+04 1.109035e+04 1.108806e+04
1.4 1.102839e+04 1.108637e+04 1.109023e+04 1.103225e+04
2.4 1.106584e+04 1.109841e+04 1.109489e+04 1.106232e+04
3.4 1.114007e+04 1.110803e+04 1.109019e+04 1.112223e+04
4.4 1.110711e+04 1.110297e+04 1.108784e+04 1.109197e+04
5.4 1.114112e+04 1.110410e+04 1.108574e+04 1.112276e+04
6.4 1.112691e+04 1.113042e+04 1.107637e+04 1.107286e+04
7.4 1.114462e+04 1.114041e+04 1.107569e+04 1.107990e+04
8.4 1.111465e+04 1.112244e+04 1.108303e+04 1.107524e+04
9.4 1.104169e+04 1.107998e+04 1.109780e+04 1.105950e+04
10.4 1.105197e+04 1.107556e+04 1.111772e+04 1.109413e+04
11.4 1.111665e+04 1.107749e+04 1.111921e+04 1.115837e+04
12.4 1.101306e+04 1.107365e+04 1.110182e+04 1.104123e+04
13.4 1.105272e+04 1.108323e+04 1.108743e+04 1.105693e+04
14.4 1.108628e+04 1.107967e+04 1.108423e+04 1.109084e+04
15.4 1.105957e+04 1.109098e+04 1.108807e+04 1.105665e+04
16.4 1.119724e+04 1.110544e+04 1.108909e+04 1.118089e+04
17.4 1.119231e+04 1.109869e+04 1.108037e+04 1.117399e+04
0.9 1.106584e+04 1.109841e+04 1.109489e+04 1.106232e+04
1.9 1.114007e+04 1.110803e+04 1.109019e+04 1.112223e+04
2.9 1.110711e+04 1.110297e+04 1.108784e+04 1.109197e+04
3.9 1.114112e+04 1.110410e+04 1.108574e+04 1.112276e+04
4.9 1.112691e+04 1.113042e+04 1.107637e+04 1.107286e+04
5.9 1.114462e+04 1.114041e+04 1.107569e+04 1.107990e+04
6.9 1.111465e+04 1.112244e+04 1.108303e+04 1.107524e+04
7.9 1.104169e+04 1.107998e+04 1.109780e+04 1.105950e+04
8.9 1.105197e+04 1.107556e+04 1.111772e+04 1.109413e+04
9.9 1.111665e+04 1.107749e+04 1.111921e+04 1.115837e+04
10.9 1.101306e+04 1.107365e+04 1.110182e+04 1.104123e+04
11.9 1.105272e+04 1.108323e+04 1.108743e+04 1.105693e+04
12.9 1.108628e+04 1.107967e+04 1.108423e+04 1.109084e+04
13.9 1.105957e+04 1.109098e+04 1.108807e+04 1.105665e+04
14.9 1.119724e+04 1.110544e+04 1.108909e+04 1.118089e+04
15.9 1.119231e+04 1.109869e+04 1.108037e+04 1.117399e+04
16.9 1.109081e+04 1.107116e+04 1.107406e+04 1.109371e+04
17.9 1.112260e+04 1.105279e+04 1.108058e+04 1.115039e+04
0.1 1.114007e+04 1.110803e+04 1.109019e+04 1.112223e+04
1.1 1.110711e+04 1.110297e+04 1.108784e+04 1.109197e+04
2.1 1.114112e+04 1.110410e+04 1.108574e+04 1.112276e+04
3.1 1.112691e+04 1.113042e+04 1.107637e+04 1.107286e+04
4.1 1.114462e+04 1.114041e+04 1.107569e+04 1.107990e+04
5.1 1.111465e+04 1.112244e+04 1.108303e+04 1.107524e+04
6.1 1.104169e+04 1.107998e+04 1.109780e+04 1.105950e+04
7.1 1.105197e+04 1.107556e+04 1.111772e+04 1.109413e+04
8.1 1.111665e+04 1.107749e+04 1.111921e+04 1.115837e+04
9.1 1.101306e+04 1.107365e+04 1.110182e+04 1.104123e+04
10.1 1.105272e+04 1.108323e+04 1.108743e+04 1.105693e+04
11.1 1.108628e+04 1.107967e+04 1.108423e+04 1.109084e+04
12.1 1.105957e+04 1.109098e+04 1.108807e+04 1.105665e+04
13.1 1.119724e+04 1.110544e+04 1.108909e+04 1.118089e+04
14.1 1.119231e+04 1.109869e+04 1.108037e+04 1.117399e+04
15.1 1.109081e+04 1.107116e+04 1.107406e+04 1.109371e+04
16.1 1.112260e+04 1.105279e+04 1.108058e+04 1.115039e+04
17.1 1.107693e+04 1.105621e+04 1.110018e+04 1.112090e+04
0.7 1.104169e+04 1.107998e+04 1.109780e+04 1.105950e+04
1.7 1.105197e+04 1.107556e+04 1.111772e+04 1.109413e+04
2.7 1.111665e+04 1.107749e+04 1.111921e+04 1.115837e+04
3.7 1.101306e+04 1.107365e+04 1.110182e+04 1.104123e+04
4.7 1.105272e+04 1.108323e+04 1.108743e+04 1.105693e+04
5.7 1.108628e+04 1.107967e+04 1.108423e+04 1.109084e+04
6.7 1.105957e+04 1.109098e+04 1.108807e+04 1.105665e+04
7.7 1.119724e+04 1.110544e+04 1.108909e+04 1.118089e+04
8.7 1.119231e+04 1.109869e+04 1.108037e+04 1.117399e+04
9.7 1.109081e+04 1.107116e+04 1.107406e+04 1.109371e+04
10.7 1.112260e+04 1.105279e+04 1.108058e+04 1.115039e+04
11.7 1.107693e+04 1.105621e+04 1.110018e+04 1.112090e+04
12.7 1.107398e+04 1.109800e+04 1.111879e+04 1.109477e+04
13.7 1.109952e+04 1.108256e+04 1.111023e+04 1.112720e+04
14.7 1.106207e+04 1.108301e+04 1.109401e+04 1.107307e+04
15.7 1.106787e+04 1.108937e+04 1.108988e+04 1.106838e+04
16.7 1.109920e+04 1.108774e+04 1.108804e+04 1.109950e+04
17.7 1.117313e+04 1.108698e+04 1.107883e+04 1.116497e+04
0.7 1.105197e+04 1.107556e+04 1.111772e+04 1.109413e+04
1.7 1.111665e+04 1.107749e+04 1.111921e+04 1.115837e+04
2.7 1.101306e+04 1.107365e+04 1.110182e+04 1.104123e+04
3.7 1.105272e+04 1.108323e+04 1.108743e+04 1.105693e+04
4.7 1.108628e+04 1.107967e+04 1.108423e+04 1.109084e+04
5.7 1.105957e+04 1.109098e+04 1.108807e+04 1.105665e+04
6.7 1.119724e+04 1.110544e+04 1.108909e+04 1.118089e+04
7.7 1.119231e+04 1.109869e+04 1.108037e+04 1.117399e+04
8.7 1.109081e+04 1.107116e+04 1.107406e+04 1.109371e+04
9.7 1.112260e+04 1.105279e+04 1.108058e+04 1.115039e+04
10.7 1.107693e+04 1.105621e+04 1.110018e+04 1.112090e+04
11.7 1.107398e+04 1.109800e+04 1.111879e+04 1.109477e+04
12.7 1.109952e+04 1.108256e+04 1.111023e+04 1.112720e+04
13.7 1.106207e+04 1.108301e+04 1.109401e+04 1.107307e+04
14.7 1.106787e+04 1.108937e+04 1.108988e+04 1.106838e+04
15.7 1.109920e+04 1.108774e+04 1.108804e+04 1.109950e+04
16.7 1.117313e+04 1.108698e+04 1.107883e+04 1.116497e+04
17.7 1.106470e+04 1.109938e+04 1.107137e+04 1.103669e+04
0.4 1.111665e+04 1.107749e+04 1.111921e+04 1.115837e+04
1.4 1.101306e+04 1.107365e+04 1.110182e+04 1.104123e+04
2.4 1.105272e+04 1.108323e+04 1.108743e+04 1.105693e+04
3.4 1.108628e+04 1.107967e+04 1.108423e+04 1.109084e+04
4.4 1.105957e+04 1.109098e+04 1.108807e+04 1.105665e+04
5.4 1.119724e+04 1.110544e+04 1.108909e+04 1.118089e+04
6.4 1.119231e+04 1.109869e+04 1.108037e+04 1.117399e+04
7.4 1.109081e+04 1.107116e+04 1.107406e+04 1.109371e+04
8.4 1.112260e+04 1.105279e+04 1.108058e+04 1.115039e+04
9.4 1.107693e+04 1.105621e+04 1.110018e+04 1.112090e+04
10.4 1.107398e+04 1.109800e+04 1.111879e+04 1.109477e+04
11.4 1.109952e+04 1.108256e+04 1.111023e+04 1.112720e+04
12.4 1.106207e+04 1.108301e+04 1.109401e+04 1.107307e+04
13.4 1.106787e+04 1.108937e+04 1.108988e+04 1.106838e+04
14.4 1.109920e+04 1.108774e+04 1.108804e+04 1.109950e+04
15.4 1.117313e+04 1.108698e+04 1.107883e+04 1.116497e+04
16.4 1.106470e+04 1.109938e+04 1.107137e+04 1.103669e+04
17.4 1.107929e+04 1.113534e+04 1.107675e+04 1.102071e+04
0.5 1.105272e+04 1.108323e+04 1.108743e+04 1.105693e+04
1.5 1.108628e+04 1.107967e+04 1.108423e+04 1.109084e+04
2.5 1.105957e+04 1.109098e+04 1.108807e+04 1.105665e+04
3.5 1.119724e+04 1.110544e+04 1.108909e+04 1.118089e+04
4.5 1.119231e+04 1.109869e+04 1.108037e+04 1.117399e+04
5.5 1.109081e+04 1.107116e+04 1.107406e+04 1.109371e+04
6.5 1.112260e+04 1.105279e+04 1.108058e+04 1.115039e+04
7.5 1.107693e+04 1.105621e+04 1.110018e+04 1.112090e+04
8.5 1.107398e+04 1.109800e+04 1.111879e+04 1.109477e+04
9.5 1.109952e+04 1.108256e+04 1.111023e+04 1.112720e+04
10.5 1.106207e+04 1.108301e+04 1.109401e+04 1.107307e+04
11.5 1.106787e+04 1.108937e+04 1.108988e+04 1.106838e+04
12.5 1.109920e+04 1.108774e+04 1.108804e+04 1.109950e+04
13.5 1.117313e+04 1.108698e+04 1.107883e+04 1.116497e+04
14.5 1.106470e+04 1.109938e+04 1.107137e+04 1.103669e+04
15.5 1.107929e+04 1.113534e+04 1.107675e+04 1.102071e+04
16.5 1.110694e+04 1.113202e+04 1.109064e+04 1.106556e+04
17.5 1.100296e+04 1.110140e+04 1.110736e+04 1.100893e+04
0.7 1.105957e+04 1.109098e+04 1.108807e+04 1.105665e+04
1.7 1.119724e+04 1.110544e+04 1.108909e+04 1.118089e+04
2.7 1.119231e+04 1.109869e+04 1.108037e+04 1.117399e+04
3.7 1.109081e+04 1.107116e+04 1.107406e+04 1.109371e+04
4.7 1.112260e+04 1.105279e+04 1.108058e+04 1.115039e+04
5.7 1.107693e+04 1.105621e+04 1.110018e+04 1.112090e+04
6.7 1.107398e+04 1.109800e+04 1.111879e+04 1.109477e+04
7.7 1.109952e+04 1.108256e+04 1.111023e+04 1.112720e+04
8.7 1.106207e+04 1.108301e+04 1.109401e+04 1.107307e+04
9.7 1.106787e+04 1.108937e+04 1.108988e+04 1.106838e+04
10.7 1.109920e+04 1.108774e+04 1.108804e+04 1.109950e+04
11.7 1.117313e+04 1.108698e+04 1.107883e+04 1.116497e+04
12.7 1.106470e+04 1.109938e+04 1.107137e+04 1.103669e+04
13.7 1.107929e+04 1.113534e+04 1.107675e+04 1.102071e+04
14.7 1.110694e+04 1.113202e+04 1.109064e+04 1.106556e+04
15.7 1.100296e+04 1.110140e+04 1.110736e+04 1.100893e+04
16.7 1.109809e+04 1.107927e+04 1.111561e+04 1.113444e+04
17.7 1.108793e+04 1.108488e+04 1.111283e+04 1.111587e+04
0.9 1.107693e+04 1.105621e+04 1.110018e+04 1.112090e+04
1.9 1.107398e+04 1.109800e+04 1.111879e+04 1.109477e+04
2.9 1.109952e+04 1.108256e+04 1.111023e+04 1.112720e+04
3.9 1.106207e+04 1.108301e+04 1.109401e+04 1.107307e+04
4.9 1.106787e+04 1.108937e+04 1.108988e+04 1.106838e+04
5.9 1.109920e+04 1.108774e+04 1.108804e+04 1.109950e+04
6.9 1.117313e+04 1.108698e+04 1.107883e+04 1.116497e+04
7.9 1.106470e+04 1.109938e+04 1.107137e+04 1.103669e+04
8.9 1.107929e+04 1.113534e+04 1.107675e+04 1.102071e+04
9.9 1.110694e+04 1.113202e+04 1.109064e+04 1.106556e+04
10.9 1.100296e+04 1.110140e+04 1.110736e+04 1.100893e+04
11.9 1.109809e+04 1.107927e+04 1.111561e+04 1.113444e+04
12.9 1.108793e+04 1.108488e+04 1.111283e+04 1.111587e+04
13.9 1.104099e+04 1.107495e+04 1.110133e+04 1.106738e+04
14.9 1.111227e+04 1.109462e+04 1.109535e+04 1.111300e+04
15.9 1.114239e+04 1.111349e+04 1.108642e+04 1.111532e+04
0.0 1.107693e+04 1.105621e+04 1.110018e+04 1.112090e+04
1.0 1.107398e+04 1.109800e+04 1.111879e+04 1.109477e+04
2.0 1.109952e+04 1.108256e+04 1.111023e+04 1.112720e+04
3.0 1.106207e+04 1.108301e+04 1.109401e+04 1.107307e+04
4.0 1.106787e+04 1.108937e+04 1.108988e+04 1.106838e+04
5.0 1.109920e+04 1.108774e+04 1.108804e+04 1.109950e+04
6.0 1.117313e+04 1.108698e+04 1.107883e+04 1.116497e+04
7.0 1.106470e+04 1.109938e+04 1.107137e+04 1.103669e+04
8.0 1.107929e+04 1.113534e+04 1.107675e+04 1.102071e+04
9.0 1.110694e+04 1.113202e+04 1.109064e+04 1.106556e+04
10.0 1.100296e+04 1.110140e+04 1.110736e+04 1.100893e+04
11.0 1.109809e+04 1.107927e+04 1.111561e+04 1.113444e+04
12.0 1.108793e+04 1.108488e+04 1.111283e+04 1.111587e+04
13.0 1.104099e+04 1.107495e+04 1.110133e+04 1.106738e+04
14.0 1.111227e+04 1.109462e+04 1.109535e+04 1.111300e+04
15.0 1.114239e+04 1.111349e+04 1.108642e+04 1.111532e+04
0.4 1.109952e+04 1.108256e+04 1.111023e+04 1.112720e+04
1.4 1.106207e+04 1.108301e+04 1.109401e+04 1.107307e+04
2.4 1.106787e+04 1.108937e+04 1.108988e+04 1.106838e+04
3.4 1.109920e+04 1.108774e+04 1.108804e+04 1.109950e+04
4.4 1.117313e+04 1.108698e+04 1.107883e+04 1.116497e+04
5.4 1.106470e+04 1.109938e+04 1.107137e+04 1.103669e+04
6.4 1.107929e+04 1.113534e+04 1.107675e+04 1.102071e+04
7.4 1.110694e+04 1.113202e+04 1.109064e+04 1.106556e+04
8.4 1.100296e+04 1.110140e+04 1.110736e+04 1.100893e+04
9.4 1.109809e+04 1.107927e+04 1.111561e+04 1.113444e+04
10.4 1.108793e+04 1.108488e+04 1.111283e+04 1.111587e+04
11.4 1.104099e+04 1.107495e+04 1.110133e+04 1.106738e+04
12.4 1.111227e+04 1.109462e+04 1.109535e+04 1.111300e+04
13.4 1.114239e+04 1.111349e+04 1.108642e+04 1.111532e+04
0.6 1.106787e+04 1.108937e+04 1.108988e+04 1.106838e+04
1.6 1.109920e+04 1.108774e+04 1.108804e+04 1.109950e+04
2.6 1.117313e+04 1.108698e+04 1.107883e+04 1.116497e+04
3.6 1.106470e+04 1.109938e+04 1.107137e+04 1.103669e+04
4.6 1.107929e+04 1.113534e+04 1.107675e+04 1.102071e+04
5.6 1.110694e+04 1.113202e+04 1.109064e+04 1.106556e+04
6.6 1.100296e+04 1.110140e+04 1.110736e+04 1.100893e+04
7.6 1.109809e+04 1.107927e+04 1.111561e+04 1.113444e+04
8.6 1.108793e+04 1.108488e+04 1.111283e+04 1.111587e+04
9.6 1.104099e+04 1.107495e+04 1.110133e+04 1.106738e+04
10.6 1.111227e+04 1.109462e+04 1.109535e+04 1.111300e+04
11.6 1.114239e+04 1.111349e+04 1.108642e+04 1.111532e+04
0.4 1.110694e+04 1.113202e+04 1.109064e+04 1.106556e+04
1.4 1.100296e+04 1.110140e+04 1.110736e+04 1.100893e+04
2.4 1.109809e+04 1.107927e+04 1.111561e+04 1.113444e+04
3.4 1.108793e+04 1.108488e+04 1.111283e+04 1.111587e+04
4.4 1.104099e+04 1.107495e+04 1.110133e+04 1.106738e+04
5.4 1.111227e+04 1.109462e+04 1.109535e+04 1.111300e+04
6.4 1.114239e+04 1.111349e+04 1.108642e+04 1.111532e+04
0.0 1.100296e+04 1.110140e+04 1.110736e+04 1.100893e+04
1.0 1.109809e+04 1.107927e+04 1.111561e+04 1.113444e+04
2.0 1.108793e+04 1.108488e+04 1.111283e+04 1.111587e+04
3.0 1.104099e+04 1.107495e+04 1.110133e+04 1.106738e+04
4.0 1.111227e+04 1.109462e+04 1.109535e+04 1.111300e+04
5.0 1.114239e+04 1.111349e+04 1.108642e+04 1.111532e+04
0.2 1.109809e+04 1.107927e+04 1.111561e+04 1.113444e+04
1.2 1.108793e+04 1.108488e+04 1.111283e+04 1.111587e+04
2.2 1.104099e+04 1.107495e+04 1.110133e+04 1.106738e+04
3.2 1.111227e+04 1.109462e+04 1.109535e+04 1.111300e+04
4.2 1.114239e+04 1.111349e+04 1.108642e+04 1.111532e+04
0.7 1.104099e+04 1.107495e+04 1.110133e+04 1.106738e+04
1.7 1.111227e+04 1.109462e+04 1.109535e+04 1.111300e+04
2.7 1.114239e+04 1.111349e+04 1.108642e+04 1.111532e+04
0.8 1.111227e+04 1.109462e+04 1.109535e+04 1.111300e+04
1.8 1.114239e+04 1.111349e+04 1.108642e+04 1.111532e+04
