0.2 1.114163e+04 1.112533e+04 1.109363e+04 1.110994e+04
1.2 1.107467e+04 1.109568e+04 1.109145e+04 1.107044e+04
2.2 1.108456e+04 1.111399e+04 1.108245e+04 1.105302e+04
3.2 1.109201e+04 1.111994e+04 1.108136e+04 1.105343e+04
4.2 1.112572e+04 1.112481e+04 1.108652e+04 1.108743e+04
5.2 1.111528e+04 1.110631e+04 1.109105e+04 1.110003e+04
6.2 1.110629e+04 1.107983e+04 1.109356e+04 1.112002e+04
7.2 1.107137e+04 1.106900e+04 1.109467e+04 1.109704e+04
8.2 1.104548e+04 1.105814e+04 1.109494e+04 1.108227e+04
9.2 1.104745e+04 1.106651e+04 1.109476e+04 1.107571e+04
10.2 1.103252e+04 1.105439e+04 1.109445e+04 1.107258e+04
11.2 1.107703e+04 1.105808e+04 1.109418e+04 1.111314e+04
12.2 1.106311e+04 1.107004e+04 1.109401e+04 1.108708e+04
13.1 1.102699e+04 1.105293e+04 1.109393e+04 1.106798e+04
14.1 1.107144e+04 1.105169e+04 1.109390e+04 1.111365e+04
15.1 1.101071e+04 1.104932e+04 1.109390e+04 1.105529e+04
16.1 1.102345e+04 1.106002e+04 1.109393e+04 1.105735e+04
17.1 1.108092e+04 1.107881e+04 1.109396e+04 1.109607e+04
0.3 1.108789e+04 1.115446e+04 1.109450e+04 1.102794e+04
1.3 1.113397e+04 1.112518e+04 1.108798e+04 1.109677e+04
2.3 1.115472e+04 1.114511e+04 1.107197e+04 1.108158e+04
3.3 1.116864e+04 1.117155e+04 1.107284e+04 1.106994e+04
4.3 1.113658e+04 1.114915e+04 1.108273e+04 1.107016e+04
5.3 1.114857e+04 1.112127e+04 1.109045e+04 1.111775e+04
6.3 1.104148e+04 1.111855e+04 1.109452e+04 1.101744e+04
7.3 1.118066e+04 1.109461e+04 1.109618e+04 1.118223e+04
8.3 1.104520e+04 1.106549e+04 1.109641e+04 1.107612e+04
9.3 1.095235e+04 1.105014e+04 1.109593e+04 1.099814e+04
10.3 1.109754e+04 1.102987e+04 1.109524e+04 1.116291e+04
11.3 1.103994e+04 1.106339e+04 1.109465e+04 1.107120e+04
12.3 1.111659e+04 1.106319e+04 1.109424e+04 1.114764e+04
13.3 1.112054e+04 1.105737e+04 1.109397e+04 1.115715e+04
14.3 1.100888e+04 1.106296e+04 1.109380e+04 1.103972e+04
15.3 1.112905e+04 1.105370e+04 1.109367e+04 1.116902e+04
16.3 1.108559e+04 1.106881e+04 1.109356e+04 1.111034e+04
17.3 1.108120e+04 1.108275e+04 1.109347e+04 1.109191e+04
0.5 1.110854e+04 1.110902e+04 1.109216e+04 1.109168e+04
1.5 1.113107e+04 1.107650e+04 1.109096e+04 1.114554e+04
2.5 1.111885e+04 1.110718e+04 1.108893e+04 1.110060e+04
3.5 1.116509e+04 1.113131e+04 1.108940e+04 1.112319e+04
4.5 1.118394e+04 1.109388e+04 1.109086e+04 1.118092e+04
5.5 1.108669e+04 1.107951e+04 1.109190e+04 1.109908e+04
6.5 1.104218e+04 1.107845e+04 1.109245e+04 1.105618e+04
7.5 1.103513e+04 1.107123e+04 1.109268e+04 1.105657e+04
8.5 1.105958e+04 1.106851e+04 1.109271e+04 1.108378e+04
9.5 1.110693e+04 1.106987e+04 1.109265e+04 1.112971e+04
10.5 1.107269e+04 1.107498e+04 1.109257e+04 1.109027e+04
11.5 1.102839e+04 1.108637e+04 1.109249e+04 1.103452e+04
12.5 1.106584e+04 1.109841e+04 1.109244e+04 1.105987e+04
13.5 1.114007e+04 1.110803e+04 1.109241e+04 1.112445e+04
14.5 1.110711e+04 1.110297e+04 1.109238e+04 1.109651e+04
15.5 1.114112e+04 1.110410e+04 1.109257e+04 1.112958e+04
16.5 1.112691e+04 1.113042e+04 1.109355e+04 1.109005e+04
17.5 1.114462e+04 1.114041e+04 1.109369e+04 1.109790e+04
