-0.0043201  -0.0024657  0.00141027  0.0420586  0.233568  0.548029  
-0.0035607  -0.00237807  0.00141027  0.0411969  0.127551  0.540999  
-0.00406993  -0.00237694  0.00141027  0.0439633  0.179242  0.533698  
-0.00358113  -0.00236752  0.00128854  0.0413038  0.179163  0.522769  
-0.00374977  -0.00215403  0.00123567  0.0323317  0.180358  0.522802  
-0.00320902  -0.00236752  0.0012269  0.0356777  0.191605  0.516902  
-0.0040664  -0.00236752  0.00121307  0.0364965  0.205375  0.535111  
-0.00359657  -0.00236752  0.00120439  0.0324255  0.128948  0.505823  
-0.00344692  -0.00204057  0.00122606  0.0322743  0.16189  0.498647  
-0.00364406  -0.00205672  0.00118747  0.0322865  0.170806  0.505845  
-0.0036518  -0.00226465  0.000968409  0.0323532  0.179916  0.492988  
-0.00305993  -0.00236752  0.00117223  0.0324129  0.142866  0.478637  
-0.00372488  -0.00202921  0.000968409  0.032252  0.193783  0.474859  
-0.00333964  -0.00236752  0.000968409  0.0323983  0.148909  0.454012  
-0.00318949  -0.00179997  0.00103969  0.0321877  0.175544  0.464238  
-0.00383216  -0.00202076  0.000968409  0.0363644  0.195631  0.486452  
-0.00310341  -0.00215234  0.000968409  0.0349949  0.1167  0.470372  
-0.00333357  -0.00178483  0.00111962  0.0359416  0.186169  0.47043  
-0.00284608  -0.00197077  0.000968409  0.0295886  0.125835  0.470376  
-0.0034418  -0.00236752  0.000968409  0.0323983  0.175686  0.485979  
-0.00259314  -0.00192193  0.000968409  0.0322242  0.113571  0.449242  
-0.00368759  -0.00201776  0.00105776  0.0299972  0.174393  0.465709  
-0.00310956  -0.00201578  0.00115476  0.0322693  0.0950551  0.449352  
-0.00310248  -0.00182002  0.000968409  0.0321652  0.157082  0.449398  
-0.00303768  -0.00202299  0.00111664  0.0322686  0.10486  0.449384  
-0.00303333  -0.00201283  0.000968409  0.0351301  0.157969  0.428808  
-0.00310248  -0.00196019  0.000968409  0.0371743  0.113952  0.43719  
-0.00310248  -0.0015218  0.000968409  0.0281978  0.159609  0.428834  
-0.00225622  -0.0015218  0.00106084  0.0320093  0.101166  0.401276  
-0.00312382  -0.00117606  0.000968409  0.0222294  0.149629  0.401419  
-0.00271503  -0.0015218  0.000794623  0.0220952  0.0929554  0.401367  
-0.00290385  -0.00143692  0.000726493  0.0319959  0.188075  0.382399  
-0.00264092  -0.00140563  0.000716844  0.0319602  0.114032  0.35998  
-0.00286132  -0.0015218  0.000828261  0.0319891  0.116467  0.378357  
-0.00304529  -0.00116903  0.000768678  0.0318827  0.167155  0.372613  
-0.00249807  -0.0015218  0.000767479  0.0319782  0.0827978  0.345874  
-0.00283046  -0.0015218  0.00063593  0.0319926  0.150443  0.345903  
-0.00336304  -0.0015218  0.000854814  0.0319762  0.0969123  0.35665  
-0.00338222  -0.00122359  0.000545942  0.0289124  0.129291  0.342376  
-0.00288686  -0.0015218  0.000382161  0.0171018  0.0897391  0.33312  
-0.0027908  -0.00128466  0.000382161  0.0251262  0.111404  0.333129  
-0.00288686  -0.00131891  0.000382161  0.0196183  0.0852935  0.314942  
-0.00257038  -0.00100333  0.000382161  0.026578  0.137984  0.311336  
-0.00231155  -0.00112256  0.000382161  0.0223487  0.0498224  0.311334  
-0.00290653  -0.00129126  0.000382161  0.0258821  0.119351  0.315605  
-0.00306779  -0.00120103  0.000550299  0.0254507  0.0619878  0.329142  
-0.00258287  -0.00125401  0.000548828  0.0318982  0.0933716  0.302204  
-0.00307481  -0.00111687  0.000516433  0.0318564  0.116932  0.311512  
-0.00270765  -0.00112268  0.000382161  0.0178711  0.0998046  0.290886  
-0.0026034  -0.00116672  0.000382161  0.0207  0.0978193  0.296236  
-0.00265899  -0.000994312  0.000382161  0.0212059  0.104544  0.290887  
-0.00224279  -0.000979608  0.000382161  0.0169713  0.0828145  0.290883  
-0.00285476  -0.00105698  0.000270762  0.0170876  0.121565  0.290911  
-0.00226422  -0.000878492  0.000346277  0.0194684  0.0709567  0.282923  
-0.00274925  -0.00106688  -1.82535e-05  0.0155034  0.116723  0.27661  
-0.00241339  -0.00102444  -1.82535e-05  0.0153593  0.075358  0.276203  
-0.00274925  -0.000971704  -1.82535e-05  0.0167015  0.128629  0.272561  
-0.00203331  -0.00102764  0.000246282  0.0174293  0.0729542  0.272545  
-0.00316275  -0.000951084  0.000137545  0.0173566  0.126579  0.272733  
-0.00212479  -0.000823601  -1.82535e-05  0.0141247  0.071892  0.254481  
-0.00281242  -0.000679304  0.000183792  0.0194782  0.0864549  0.251291  
-0.00295575  -0.000779452  0.000342421  0.0145948  0.0808906  0.269117  
-0.00278604  -0.000992472  0.00022015  0.0152662  0.0910765  0.259511  
-0.00212334  -0.000926639  0.000360147  0.0146185  0.0730476  0.255698  
-0.00257705  -0.000992472  0.000356746  0.0146412  0.120876  0.24221  
-0.00226994  -0.000992472  0.000351923  0.0146178  0.0470348  0.242203  
-0.0029473  -0.000992472  -1.82535e-05  0.0146089  0.114338  0.251145  
-0.00203536  -0.000788528  0.000378605  0.0173702  0.058253  0.253355  
-0.0022569  -0.000992472  0.000325297  0.0146299  0.109058  0.245413  
-0.00190464  -0.000658858  0.000195349  0.0145423  0.0859609  0.24242  
-0.00200076  -0.000674133  0.000379762  0.0145546  0.0931464  0.214289  
-0.00222169  -0.000808691  0.000275135  0.00775956  0.0529477  0.242406  
-0.00230875  -0.000635634  0.000137929  0.014543  0.0864066  0.207241  
-0.00193603  -0.000697668  0.000155312  0.0145676  0.0364803  0.184457  
-0.00179046  -0.000564899  -1.82535e-05  0.0145245  0.0995681  0.171312  
-0.00158209  -0.000609535  0.000177504  0.0145584  0.0398503  0.165643  
-0.00246963  -0.000663516  0.000124417  0.0224588  0.0671159  0.175899  
-0.0016158  -0.000402254  -1.82535e-05  0.0145186  0.0584039  0.165651  
-0.00274116  -0.000645267  0.000155546  0.0182541  0.0666888  0.171439  
-0.00218668  -0.00045834  0.000211592  0.0144924  0.061113  0.224257  
-0.00216351  -0.00040624  0.000175328  0.0214866  0.0835116  0.21865  
2.02764e-05  -0.000376242  0.000399662  0.0241821  -0.00981365  0.0980887  
-0.0020357  -0.000403212  0.000307337  0.0270357  0.0791578  0.152872  
-0.00119109  -0.000417692  0.000337168  0.0144091  -0.00831608  0.112764  
-0.00152239  -0.000385882  0.000233301  0.0235064  0.0557829  0.112851  
-0.000646249  -0.000516118  0.000455624  0.0144471  0.00853609  0.137171  
-0.00113545  -0.000347881  0.000164883  0.0144332  0.0573309  0.118797  
-0.000929826  -0.00013114  0.00021485  0.0143858  0.0239746  0.101171  
-0.00161895  1.20008e-05  0.000184985  0.0143823  0.0698531  0.100406  
-0.00100824  -0.000373554  0.000183063  0.0144102  0.019361  0.104968  
-0.00119638  1.20008e-05  0.000204739  0.0143747  0.0367111  0.0970165  
-0.0021527  -0.000353363  3.69887e-05  0.014417  0.087715  0.0950076  
-0.00161174  -0.000228699  -1.82535e-05  0.016759  -0.000309224  0.0761499  
-0.00186006  1.20008e-05  -1.82535e-05  0.014371  0.0442932  0.0839734  
-0.00162195  -0.00020423  -1.82535e-05  0.0143818  0.0229266  0.076257  
-0.00186006  -0.000216625  -1.82535e-05  0.0143977  0.0474069  0.0787807  
-0.0011026  -0.000210332  -1.82535e-05  0.0143892  0.0189667  0.0762672  
-0.00186006  1.20008e-05  -1.82535e-05  0.014371  0.0422524  0.0762605  
-0.00144399  -0.000161433  -1.82535e-05  0.0143813  0.0181024  0.0762604  
-0.00164517  0.000136905  -1.82535e-05  0.0143591  0.0146072  0.0434591  
-0.00155088  6.5674e-05  -1.82535e-05  0.0143659  0.00710848  0.0536456  
-0.00145901  1.20008e-05  -1.82535e-05  0.014371  0.0272505  0.0539615  
-0.000859105  1.20008e-05  -1.82535e-05  0.014371  -0.00293115  0.0404169  
-0.00162006  1.20008e-05  -0.000162458  0.0143677  0.0500398  0.0509947  
-0.00120293  1.20008e-05  -0.000204191  0.0143789  0.015862  0.0349799  
-0.002185  1.20008e-05  -1.82535e-05  0.014371  0.0384861  0.0125645  
-0.00129921  1.20008e-05  -1.82535e-05  0.014371  0.000498757  0.000151768  
-0.00215763  0.000153275  -1.82535e-05  0.0107355  0.02862  0.014655  
-0.00140319  1.20008e-05  -1.82535e-05  0.014371  0.0167669  -0.00470838  
-0.0017987  1.20008e-05  -1.82535e-05  0.014371  0.0195562  -0.00469768  
0.000625809  0.000169658  -1.82535e-05  0.0169882  -0.0363055  -0.0551254  
-0.00096008  1.20008e-05  7.15217e-05  0.0220556  0.0704677  -0.0309999  
-0.000519315  0.000465906  -1.82535e-05  0.016448  -0.0434745  -0.0526567  
-0.000459202  1.20008e-05  -1.82535e-05  0.014371  0.0186775  -0.0365836  
-0.00079824  0.00020984  -0.000117782  0.00929126  -0.0086305  -0.0500644  
-0.000489359  1.20008e-05  -1.82535e-05  0.014371  -0.00505838  -0.0500519  
-0.000179584  1.20008e-05  -1.82535e-05  0.014371  -0.0116563  -0.0509642  
-0.000600746  1.20008e-05  -1.82535e-05  0.0170817  0.0113556  -0.0564985  
-0.000460677  0.00022579  -1.82535e-05  0.0169348  0.00662948  -0.08416  
-0.000832338  0.000412202  -1.82535e-05  0.0143853  0.0200564  -0.0620686  
-0.00121626  1.20008e-05  3.52975e-05  0.0143705  -0.0139982  -0.0698273  
-0.00136833  0.000225281  -1.82535e-05  0.0143861  0.0123125  -0.0777173  
1.81654e-05  1.20008e-05  -0.000119601  0.0143735  -0.0147824  -0.0993213  
-0.00108081  0.000196568  -1.82535e-05  0.0143794  0.0168119  -0.0837047  
-0.000337849  1.20008e-05  -1.82535e-05  0.014371  -0.0560865  -0.0955435  
-7.21771e-05  1.20008e-05  -1.82535e-05  0.014371  -0.000484568  -0.0865667  
-0.000904417  0.000293784  -1.82535e-05  0.0143801  0.0365882  -0.0699907  
-0.00029733  1.20008e-05  -1.82535e-05  0.014371  -0.0552324  -0.094113  
-0.000230198  0.000107969  -1.82535e-05  0.0143764  -0.0150554  -0.0940852  
-0.000235095  0.000217116  -1.82535e-05  0.0171248  -0.0150458  -0.100634  
-0.000327763  0.000233656  -1.82535e-05  0.0143892  -0.0270742  -0.111487  
-0.00102911  0.000268211  -0.000288974  0.0112452  -0.00185195  -0.116607  
-0.000718329  0.000343442  -1.82535e-05  0.014412  -0.0406985  -0.128549  
-0.000881189  0.000374638  -0.000229078  0.0144206  -0.0149981  -0.13252  
-0.000404237  0.000278722  -1.82535e-05  0.0144142  -0.0533142  -0.151925  
-0.000226518  0.000181187  -1.82535e-05  0.0219085  0.0527472  0.00392699  
-0.000226518  1.20008e-05  -1.82535e-05  0.014371  0.023519  0.055681  
-0.000561593  1.20008e-05  -1.82535e-05  0.00516935  0.0392029  0.030163  
0.0003843  -0.000171947  -1.82535e-05  -0.00174052  0.013079  0.0247579  
0.000274181  1.20008e-05  -1.82535e-05  -0.00175027  0.0235388  0.00957609  
2.28764e-05  1.20008e-05  8.07376e-05  -0.00174715  0.0301097  0.0317244  
-0.000133333  -0.000390058  0.000180522  0.0120856  0.0238652  0.0247571  
-0.000366126  1.37577e-05  0.000317273  0.00554206  0.0193949  0.0429635  
-0.000802436  -0.000397651  0.0001761  -0.00171555  0.015794  0.0347197  
-0.00163239  -0.000341457  0.0001943  -0.00171959  0.04278  0.0711975  
-0.000906333  -0.000231233  -1.82535e-05  -0.0017136  -0.000107561  0.0245795  
-0.00101679  -8.78715e-05  -1.82535e-05  0.00102589  0.0508321  0.0246558  
-0.000176983  -0.000397651  -1.82535e-05  -0.00171642  -0.0100278  -0.00545341  
-0.000926494  -2.8894e-05  -1.82535e-05  -0.00169848  0.0659911  -0.00255402  
-5.62152e-05  -0.000165742  -1.82535e-05  -0.00171642  -0.00381064  0.00101012  
0.00122447  -0.000178211  -1.82535e-05  0.00150181  0.0151102  -0.0363616  
0.000196479  9.16796e-05  -1.82535e-05  0.00652328  0.054842  -0.0353279  
0.00116639  2.14995e-05  -1.82535e-05  0.00408188  -0.00336041  -0.0191628  
-0.000111708  -0.000397651  -1.82535e-05  0.00612601  0.0320627  0.0258074  
0.000434202  -0.000257069  0.000115251  -0.00171259  0.0213788  -0.000557247  
0.000587031  -0.000214483  0.000184299  -0.00172386  0.00956443  0.00247381  
-0.000318001  -0.000397651  -1.82535e-05  -0.00171643  0.024515  0.00685432  
0.000506822  -0.000344831  -1.82535e-05  0.00196592  -0.0119465  -0.0241198  
-0.00030804  -0.000109488  -1.82535e-05  0.00743438  0.0338936  -0.0045038  
0.00088945  -0.000397651  -1.82535e-05  0.00264766  -0.0166098  -0.0102894  
0.000332885  -9.64198e-06  -1.82535e-05  -0.00172576  0.0303207  0.0106221  
0.00088403  -0.000163663  -1.82535e-05  -0.00172475  -0.0178369  0.00464426  
0.000179358  -0.000166459  -1.82535e-05  -0.00172551  0.0520685  0.0457485  
0.000528982  -0.000397651  -1.82535e-05  -0.00171643  -0.000478074  0.0242918  
7.12367e-05  -0.000397651  -0.000115618  -0.0017254  0.0370566  0.0232276  
0.000288884  -0.000397651  -1.82535e-05  0.00553645  -0.011363  0.0210151  
7.80844e-05  -0.000397651  -8.9551e-05  -0.00171956  0.0540969  0.0255302  
0.000386991  -0.000167186  -1.82535e-05  -0.00172275  -0.0167496  0.0115634  
-0.000518383  -7.36553e-05  -1.82535e-05  0.00589933  0.0358888  0.024155  
0.000681007  1.25788e-05  -1.82535e-05  0.0125017  -0.00237389  0.000386325  
-0.000222134  8.15683e-05  -1.82535e-05  0.0133174  0.0525495  0.0242878  
0.000171932  -0.000397651  -1.82535e-05  0.00890781  -0.0124982  0.0252909  
-0.000976377  -0.000148034  8.27663e-05  0.00605552  0.0524754  0.074146  
4.34247e-06  0.000117505  -1.82535e-05  -0.00171927  0.0217258  0.0384668  
-0.000337246  -0.00014522  -9.62702e-05  -0.00173336  0.0727386  0.0385339  
-0.000799852  -0.000397651  -1.82535e-05  -0.00171642  0.0334753  0.0385549  
-0.000654142  -4.12459e-05  -1.82535e-05  -0.00171634  0.0246697  0.00826755  
-0.000567692  -8.05419e-05  -1.82535e-05  0.00380917  0.0347803  0.0159297  
0.000192852  -0.000397651  -1.82535e-05  -0.00171643  -0.00331704  0.00828113  
-0.0002391  -8.77291e-05  -1.82535e-05  0.00315611  0.0418355  0.0399519  
0.00021245  -0.000172612  -1.82535e-05  -0.0017158  0.0040127  0.033034  
9.26508e-05  -0.000397651  -1.82535e-05  -0.00171643  0.0171571  0.0330302  
-0.000100031  -0.000397651  -0.000194724  -0.00172557  0.0368379  0.0330381  
-0.000557457  -0.000171981  -1.82535e-05  -0.00171254  0.0230639  0.0330611  
0.000233352  -0.000647651  -1.82535e-05  -0.00171671  0.00201031  0.0137089  
-0.000611886  -2.76271e-06  -1.82535e-05  -0.00174018  0.0676048  0.0269179  
0.000227633  -0.000397651  -1.82535e-05  0.00278127  -0.00981546  0.0037402  
0.000140805  -0.00026426  -0.000136385  -0.00172865  0.0594762  0.0405532  
0.000264572  -0.000207775  -1.82535e-05  0.00367898  0.0362636  0.0411095  
-0.000550679  -0.000275765  -0.000168159  -0.00172481  0.0377673  0.0428729  
-0.000550679  7.66775e-06  -0.000118912  0.00886208  0.0643177  0.0513149  
-5.66011e-05  -0.000227922  -0.000315774  0.00476367  0.0259431  0.0499744  
-0.000380354  -0.000169134  -0.000228702  0.0061493  0.0364834  0.0549869  
-0.000550679  -0.000397651  -0.000168668  0.00887045  0.024604  0.0549868  
-0.000626633  -0.000162577  -0.000229469  0.00409268  0.063528  0.0549997  
-0.000550679  -0.000397651  -0.000196568  0.0101716  0.0388092  0.0304594  
-0.000493354  -0.000397651  -0.0001211  0.0145928  0.0169164  0.0304578  
-0.000779671  -0.000118131  -0.0001952  0.0154334  0.0721877  0.0304932  
-0.00029498  -0.000262846  -4.81749e-05  0.0175448  0.0019268  0.0305266  
-0.000882538  3.12158e-05  -6.93877e-05  0.0138224  0.0555155  0.0306219  
-0.000625256  -0.000251854  -0.000116468  0.0177123  0.00465136  0.0114868  
-0.000789071  -3.81548e-05  -4.55451e-05  0.0121809  0.0470228  0.0306023  
-0.00119072  2.26342e-05  -0.000272207  0.0160453  0.0598173  0.0277305  
-0.000841119  0.000118574  -2.68588e-05  0.0126646  0.058817  0.0306271  
-0.000753906  -0.000222156  -0.000155053  0.0114173  0.0136956  0.0207872  
-0.000759072  -0.000397651  -0.000160875  0.0119834  0.0676024  0.0232713  
-0.000412612  -0.000397651  -7.59265e-05  0.0128475  0.0320983  0.0179155  
-0.000837537  0.000288242  -0.000215418  0.00608863  0.0877311  0.0140968  
-0.000259413  4.33712e-05  -0.00012949  0.0112979  0.0284655  0.030567  
-0.000805985  -0.000110075  -0.000432577  0.0163764  0.0701252  0.00747258  
-0.00128636  -0.000397651  -0.000267613  0.0197488  0.0534867  -0.00633728  
-0.000810448  -0.000122025  -0.000258547  0.011417  0.0503998  -0.00636223  
-0.00116501  5.02373e-06  -0.000171062  0.0145996  0.0785078  -0.0132044  
-0.000801988  -0.000397651  -0.000245691  0.0114804  0.0244002  -0.00636077  
-0.00094653  -4.1619e-05  -0.000221588  0.0113903  0.045933  -0.00635313  
-0.00095137  -0.000102168  -0.000235219  0.00539532  0.0643799  -0.00637268  
-0.000367005  -0.000149002  -0.000432578  0.0164468  0.0429454  0.0218307  
-0.00131538  -4.37445e-05  -0.00017768  0.0266708  0.0577842  0.0218032  
-0.00072452  0.000234691  -0.000177781  0.0105405  0.0245561  -0.0129762  
-0.00164333  -0.000397651  0.000145399  0.0193914  0.0746461  0.00755643  
-0.000828791  7.36941e-05  -0.000119339  0.0168743  0.0334628  -0.00600724  
-0.000862764  -8.91866e-05  -0.000274892  0.0121286  0.0430785  0.0027831  
-0.00070232  -7.14703e-06  -0.000199638  0.0212951  0.0311629  0.000645241  
-0.000582709  -3.07107e-05  -0.000432578  0.0128601  0.0375925  0.0137435  
-0.000942371  0.000314404  -0.000110437  0.0102309  0.0372194  0.00663047  
-0.000857608  9.89333e-05  -0.000254351  0.0150529  0.0394504  -0.0150141  
-0.00142013  0.000119861  -0.000269962  0.0154281  0.0283852  -0.00501632  
-0.00113568  0.000123197  -0.000432578  0.0190077  0.044334  -0.00416928  
-0.00154231  4.27352e-05  -0.000432578  0.0177118  0.0334109  -0.000628668  
-0.00120193  0.000175037  -0.000254862  0.017391  0.0694007  -0.000600678  
-0.000704857  -5.05158e-06  -0.000224984  0.0139047  0.0140896  -0.000615408  
-0.00148539  7.24033e-06  -0.000253274  0.0160898  0.065767  -0.000501388  
-0.000946949  -1.40392e-05  -0.000109175  0.0208037  0.0136927  -0.00538687  
-0.00135553  -7.10782e-05  -0.000272674  0.016785  0.08248  -0.000413202  
-0.00107439  2.52129e-05  -0.00019516  0.0150669  0.0502591  -0.000431039  
-0.000290066  0.000268712  -0.00017842  0.0334816  0.145372  0.0523289  
-3.30872e-24  -6.19321e-05  -0.000246191  0.0230868  0.00308709  0.0179172  
0.000388847  9.14832e-05  -0.000432578  0.015588  0.0395203  -0.015941  
-0.000509433  0.000474023  -0.000432578  0.0173653  0.0920185  0.00168006  
-7.25721e-06  0.000341483  -0.000432578  0.0162907  0.0385724  -0.0260595  
-0.000884541  0.000209102  -0.000256827  0.0260163  0.130098  0.00439182  
0.00047204  -4.19299e-05  -0.000432579  0.0160027  0.053415  0.024685  
-0.000830869  9.14832e-05  -0.000432579  0.0173281  0.089929  0.028665  
0.000209988  3.03452e-05  -0.000432579  0.0146931  0.0624774  0.00441512  
-0.000613846  9.14832e-05  -0.000432579  0.0146965  0.0789719  0.00449579  
0.000101599  9.14833e-05  -0.00015694  0.0146993  0.0608197  0.0379281  
-0.000159071  9.14833e-05  -0.000192413  0.014709  0.0608568  0.0382927  
-0.000924995  9.14833e-05  -0.000176769  0.0147325  0.121269  0.00460003  
-2.75389e-05  9.14833e-05  -0.000195641  0.0147006  0.0289639  -0.0334033  
-0.000572006  7.5351e-06  -0.000101747  0.0147393  0.0956463  0.00477964  
-0.000410185  9.14833e-05  -9.90488e-05  0.0177238  0.0365097  0.00478094  
-0.000924116  9.14833e-05  -0.000160171  0.0177977  0.0684842  0.00486861  
-0.000275471  0.000762945  -0.00028223  0.0192375  0.036842  -0.0269118  
-0.000878823  9.14833e-05  -0.000432579  0.027587  0.0690598  -0.000908734  
-0.000941091  0.000384504  -0.000252684  0.02931  0.0391424  -0.00420716  
-0.00101618  9.14833e-05  -0.000205187  0.0147167  0.0915867  -0.00840095  
-0.000189167  9.14833e-05  -0.000141281  0.0091132  0.0416586  -0.0291582  
-0.000853212  0.000186877  -0.0002212  0.00981881  0.0742319  -0.00853308  
-0.000509571  0.000170312  -0.000233117  0.0147047  0.0328682  0.00382612  
-0.000603212  9.14833e-05  -0.000214708  0.0147286  0.0964499  0.0309533  
-0.000603212  9.14833e-05  -0.000114279  0.0170021  0.0118505  0.00177622  
-0.00116612  0.000150628  -0.000290315  0.0147078  0.0907576  0.00900405  
-0.000620125  0.000260764  -0.000188933  0.0185238  0.0297983  0.0108673  
-0.00124887  0.000229225  -0.000247429  0.0186937  0.071165  -0.00926948  
-0.000744071  9.14833e-05  -0.00043258  0.0146965  0.0161578  -0.0135659  
-0.00101913  9.14833e-05  -0.00043258  0.0146965  0.102468  0.00765408  
-0.00088673  9.14833e-05  -0.000203655  0.014703  0.0215873  0.00776985  
-0.00102091  9.14833e-05  -0.00043258  0.0146965  0.0778928  0.0304391  
-0.00110937  9.14833e-05  -0.00043258  0.0146965  0.0541787  0.030475  
-0.000688739  0.000195159  -0.00043258  0.0146927  0.0258676  0.0147255  
-0.00102845  0.000326068  -0.00043258  0.0220241  0.0803282  0.0116336  
7.69033e-05  0.000839931  -0.000212539  0.0146661  0.0281931  -0.0110959  
-0.0017366  0.000536772  -0.00043258  0.0237835  0.0955873  0.00920471  
-0.000192542  0.000245346  -0.000279758  0.0168297  0.0365248  -0.040295  
-0.00130455  0.000318525  -0.00043258  0.0146892  0.0999301  0.0191628  
-0.000682631  0.000278023  -0.000324384  0.0146979  0.0366368  -0.00479492  
-0.0011527  0.00026042  -0.00043258  0.0146866  0.109604  0.0355748  
-0.0011073  0.000419731  -0.00043258  0.0146798  0.0516624  0.0193652  
-0.000736285  0.000396971  -0.000299902  0.0147073  0.0515546  0.00162345  
-0.00132631  0.000498162  -0.00043258  0.0146835  0.0705454  0.0194594  
-0.00078375  0.000484298  -0.000164451  0.0213403  0.0500189  0.00325898  
-0.00174037  0.000544165  -0.000517099  0.0146758  0.0877056  -0.000597952  
-0.00118655  9.14833e-05  -0.00043258  0.0146965  0.0572002  0.0194244  
-0.00196329  9.14833e-05  -0.00043258  0.0146965  0.0876411  0.055113  
-0.00158496  9.14833e-05  -0.00043258  0.0146965  0.0595515  0.0491369  
-0.00183767  0.00019658  -0.00043258  0.00585774  0.186596  0.2611  
-0.00194988  9.14833e-05  -0.000208465  -0.0118923  0.197861  0.316826  
-0.00233097  9.14833e-05  -0.00043258  -0.015466  0.233634  0.306344  
-0.00192022  9.14833e-05  -0.00043258  -0.0189146  0.136193  0.258008  
-0.00280581  0.000301831  -0.00037489  -0.0250517  0.193816  0.258157  
-0.00267198  0.00018759  -0.00043258  -0.0299033  0.127092  0.236183  
-0.00318679  0.00046394  -0.000452571  -0.0291292  0.197642  0.254189  
-0.00233363  0.000405514  -0.000600787  -0.0301145  0.125307  0.236191  
-0.00271367  0.000663176  -0.000680584  -0.0285464  0.214925  0.236342  
-0.00215489  0.00072123  -0.000673875  -0.0206171  0.141903  0.241338  
-0.00230232  0.000665821  -0.000498581  -0.0246817  0.159024  0.230401  
-0.00205814  0.000679248  -0.000487031  -0.0205413  0.150563  0.218158  
-0.00211499  0.000638635  -0.000638502  -0.0160835  0.192011  0.230291  
