0.7 1.964927e+03 1.892881e+03 1.921374e+03 1.993420e+03
1.7 2.090889e+03 1.909541e+03 1.930484e+03 2.111832e+03
2.7 2.008302e+03 1.955356e+03 1.937362e+03 1.990308e+03
3.7 1.866510e+03 1.919886e+03 1.941640e+03 1.888265e+03
4.7 1.901437e+03 1.982949e+03 1.954508e+03 1.872996e+03
5.7 1.986142e+03 1.947477e+03 1.952957e+03 1.991622e+03
6.7 1.914113e+03 1.873616e+03 1.942165e+03 1.982662e+03
7.7 1.758016e+03 1.931116e+03 1.933525e+03 1.760425e+03
8.7 1.993977e+03 1.959579e+03 1.926182e+03 1.960580e+03
9.7 1.908843e+03 1.957433e+03 1.922367e+03 1.873777e+03
10.7 1.745879e+03 1.948908e+03 1.928001e+03 1.724972e+03
11.7 2.008689e+03 1.939321e+03 1.930860e+03 2.000228e+03
12.7 2.093386e+03 1.990074e+03 1.930469e+03 2.033781e+03
13.7 2.065232e+03 1.957212e+03 1.929725e+03 2.037745e+03
14.7 1.950405e+03 1.881440e+03 1.929297e+03 1.998261e+03
15.7 1.857201e+03 1.855488e+03 1.929085e+03 1.930798e+03
16.7 1.974830e+03 1.929293e+03 1.929040e+03 1.974577e+03
17.7 1.992561e+03 1.990364e+03 1.929129e+03 1.931326e+03
0.2 2.008302e+03 1.955356e+03 1.937362e+03 1.990308e+03
1.2 1.866510e+03 1.919886e+03 1.941640e+03 1.888265e+03
2.2 1.901437e+03 1.982949e+03 1.954508e+03 1.872996e+03
3.2 1.986142e+03 1.947477e+03 1.952957e+03 1.991622e+03
4.2 1.914113e+03 1.873616e+03 1.942165e+03 1.982662e+03
5.2 1.758016e+03 1.931116e+03 1.933525e+03 1.760425e+03
6.2 1.993977e+03 1.959579e+03 1.926182e+03 1.960580e+03
7.2 1.908843e+03 1.957433e+03 1.922367e+03 1.873777e+03
8.2 1.745879e+03 1.948908e+03 1.928001e+03 1.724972e+03
9.2 2.008689e+03 1.939321e+03 1.930860e+03 2.000228e+03
10.2 2.093386e+03 1.990074e+03 1.930469e+03 2.033781e+03
11.2 2.065232e+03 1.957212e+03 1.929725e+03 2.037745e+03
12.2 1.950405e+03 1.881440e+03 1.929297e+03 1.998261e+03
13.2 1.857201e+03 1.855488e+03 1.929085e+03 1.930798e+03
14.2 1.974830e+03 1.929293e+03 1.929040e+03 1.974577e+03
15.2 1.992561e+03 1.990364e+03 1.929129e+03 1.931326e+03
16.2 2.131460e+03 1.992014e+03 1.927054e+03 2.066499e+03
17.2 2.038295e+03 1.955928e+03 1.922713e+03 2.005080e+03
0.4 1.993977e+03 1.959579e+03 1.926182e+03 1.960580e+03
1.4 1.908843e+03 1.957433e+03 1.922367e+03 1.873777e+03
2.4 1.745879e+03 1.948908e+03 1.928001e+03 1.724972e+03
3.4 2.008689e+03 1.939321e+03 1.930860e+03 2.000228e+03
4.4 2.093386e+03 1.990074e+03 1.930469e+03 2.033781e+03
5.4 2.065232e+03 1.957212e+03 1.929725e+03 2.037745e+03
6.4 1.950405e+03 1.881440e+03 1.929297e+03 1.998261e+03
7.4 1.857201e+03 1.855488e+03 1.929085e+03 1.930798e+03
8.4 1.974830e+03 1.929293e+03 1.929040e+03 1.974577e+03
9.4 1.992561e+03 1.990364e+03 1.929129e+03 1.931326e+03
10.4 2.131460e+03 1.992014e+03 1.927054e+03 2.066499e+03
11.4 2.038295e+03 1.955928e+03 1.922713e+03 2.005080e+03
12.4 1.994936e+03 1.964243e+03 1.927152e+03 1.957844e+03
13.4 2.137242e+03 1.973860e+03 1.934140e+03 2.097523e+03
14.4 2.045649e+03 1.902834e+03 1.934789e+03 2.077605e+03
15.4 2.048617e+03 1.877848e+03 1.932920e+03 2.103689e+03
16.4 1.973334e+03 1.935508e+03 1.931401e+03 1.969228e+03
17.4 1.553633e+03 1.826113e+03 1.930518e+03 1.658038e+03
0.6 2.038295e+03 1.955928e+03 1.922713e+03 2.005080e+03
1.6 1.994936e+03 1.964243e+03 1.927152e+03 1.957844e+03
2.6 2.137242e+03 1.973860e+03 1.934140e+03 2.097523e+03
3.6 2.045649e+03 1.902834e+03 1.934789e+03 2.077605e+03
4.6 2.048617e+03 1.877848e+03 1.932920e+03 2.103689e+03
5.6 1.973334e+03 1.935508e+03 1.931401e+03 1.969228e+03
6.6 1.553633e+03 1.826113e+03 1.930518e+03 1.658038e+03
7.6 1.633002e+03 1.734826e+03 1.929639e+03 1.827815e+03
8.6 1.870715e+03 1.909927e+03 1.921094e+03 1.881882e+03
9.6 1.929468e+03 1.885654e+03 1.915603e+03 1.959417e+03
10.6 2.223955e+03 1.932656e+03 1.924973e+03 2.216273e+03
11.6 2.176454e+03 1.981148e+03 1.939662e+03 2.134968e+03
12.6 2.023209e+03 1.911687e+03 1.941664e+03 2.053187e+03
13.6 1.890564e+03 1.883298e+03 1.937475e+03 1.944741e+03
14.6 1.874289e+03 2.028192e+03 1.933660e+03 1.779757e+03
15.6 2.112781e+03 1.988606e+03 1.924774e+03 2.048949e+03
16.6 1.898201e+03 1.954655e+03 1.915010e+03 1.858556e+03
17.6 1.894344e+03 1.878624e+03 1.917737e+03 1.933458e+03
0.4 1.929468e+03 1.885654e+03 1.915603e+03 1.959417e+03
1.4 2.223955e+03 1.932656e+03 1.924973e+03 2.216273e+03
2.4 2.176454e+03 1.981148e+03 1.939662e+03 2.134968e+03
3.4 2.023209e+03 1.911687e+03 1.941664e+03 2.053187e+03
4.4 1.890564e+03 1.883298e+03 1.937475e+03 1.944741e+03
5.4 1.874289e+03 2.028192e+03 1.933660e+03 1.779757e+03
6.4 2.112781e+03 1.988606e+03 1.924774e+03 2.048949e+03
7.4 1.898201e+03 1.954655e+03 1.915010e+03 1.858556e+03
8.4 1.894344e+03 1.878624e+03 1.917737e+03 1.933458e+03
9.4 1.915324e+03 1.838773e+03 1.932899e+03 2.009450e+03
10.4 2.041818e+03 1.824102e+03 1.943513e+03 2.161229e+03
11.4 1.442261e+03 1.785095e+03 1.941450e+03 1.598617e+03
12.4 2.091804e+03 1.912462e+03 1.933523e+03 2.112866e+03
13.4 2.013587e+03 1.899164e+03 1.909928e+03 2.024351e+03
14.4 1.775845e+03 1.843576e+03 1.893000e+03 1.825268e+03
15.4 2.042205e+03 1.838763e+03 1.896865e+03 2.100306e+03
16.4 1.990645e+03 1.945039e+03 1.920658e+03 1.966264e+03
17.4 1.950964e+03 1.964597e+03 1.946213e+03 1.932579e+03
0.8 1.894344e+03 1.878624e+03 1.917737e+03 1.933458e+03
1.8 1.915324e+03 1.838773e+03 1.932899e+03 2.009450e+03
2.8 2.041818e+03 1.824102e+03 1.943513e+03 2.161229e+03
3.8 1.442261e+03 1.785095e+03 1.941450e+03 1.598617e+03
4.8 2.091804e+03 1.912462e+03 1.933523e+03 2.112866e+03
5.8 2.013587e+03 1.899164e+03 1.909928e+03 2.024351e+03
6.8 1.775845e+03 1.843576e+03 1.893000e+03 1.825268e+03
7.8 2.042205e+03 1.838763e+03 1.896865e+03 2.100306e+03
8.8 1.990645e+03 1.945039e+03 1.920658e+03 1.966264e+03
9.8 1.950964e+03 1.964597e+03 1.946213e+03 1.932579e+03
10.8 1.907445e+03 1.912409e+03 1.967533e+03 1.962570e+03
11.8 1.685245e+03 1.982878e+03 1.963442e+03 1.665809e+03
12.8 1.837012e+03 2.075670e+03 1.948343e+03 1.709685e+03
13.8 1.865466e+03 2.054256e+03 1.936545e+03 1.747755e+03
14.8 1.694109e+03 1.979859e+03 1.929992e+03 1.644242e+03
15.8 1.789395e+03 1.952885e+03 1.927139e+03 1.763649e+03
16.8 1.965425e+03 1.984899e+03 1.926544e+03 1.907070e+03
17.8 1.782068e+03 1.956329e+03 1.925731e+03 1.751470e+03
0.8 2.042205e+03 1.838763e+03 1.896865e+03 2.100306e+03
1.8 1.990645e+03 1.945039e+03 1.920658e+03 1.966264e+03
2.8 1.950964e+03 1.964597e+03 1.946213e+03 1.932579e+03
3.8 1.907445e+03 1.912409e+03 1.967533e+03 1.962570e+03
4.8 1.685245e+03 1.982878e+03 1.963442e+03 1.665809e+03
5.8 1.837012e+03 2.075670e+03 1.948343e+03 1.709685e+03
6.8 1.865466e+03 2.054256e+03 1.936545e+03 1.747755e+03
7.8 1.694109e+03 1.979859e+03 1.929992e+03 1.644242e+03
8.8 1.789395e+03 1.952885e+03 1.927139e+03 1.763649e+03
9.8 1.965425e+03 1.984899e+03 1.926544e+03 1.907070e+03
10.8 1.782068e+03 1.956329e+03 1.925731e+03 1.751470e+03
11.8 1.904138e+03 1.953736e+03 1.912611e+03 1.863013e+03
12.8 2.018745e+03 1.937054e+03 1.906872e+03 1.988563e+03
13.8 1.883867e+03 1.901582e+03 1.910445e+03 1.892730e+03
14.8 1.940299e+03 1.916022e+03 1.917926e+03 1.942203e+03
15.8 1.816761e+03 1.943591e+03 1.931348e+03 1.804518e+03
16.8 1.925633e+03 1.953954e+03 1.950472e+03 1.922152e+03
17.8 1.955246e+03 1.915240e+03 1.955342e+03 1.995348e+03
0.3 1.990645e+03 1.945039e+03 1.920658e+03 1.966264e+03
1.3 1.950964e+03 1.964597e+03 1.946213e+03 1.932579e+03
2.3 1.907445e+03 1.912409e+03 1.967533e+03 1.962570e+03
3.3 1.685245e+03 1.982878e+03 1.963442e+03 1.665809e+03
4.3 1.837012e+03 2.075670e+03 1.948343e+03 1.709685e+03
5.3 1.865466e+03 2.054256e+03 1.936545e+03 1.747755e+03
6.3 1.694109e+03 1.979859e+03 1.929992e+03 1.644242e+03
7.3 1.789395e+03 1.952885e+03 1.927139e+03 1.763649e+03
8.3 1.965425e+03 1.984899e+03 1.926544e+03 1.907070e+03
9.3 1.782068e+03 1.956329e+03 1.925731e+03 1.751470e+03
10.3 1.904138e+03 1.953736e+03 1.912611e+03 1.863013e+03
11.3 2.018745e+03 1.937054e+03 1.906872e+03 1.988563e+03
12.3 1.883867e+03 1.901582e+03 1.910445e+03 1.892730e+03
13.3 1.940299e+03 1.916022e+03 1.917926e+03 1.942203e+03
14.3 1.816761e+03 1.943591e+03 1.931348e+03 1.804518e+03
15.3 1.925633e+03 1.953954e+03 1.950472e+03 1.922152e+03
16.3 1.955246e+03 1.915240e+03 1.955342e+03 1.995348e+03
17.3 1.943806e+03 1.868979e+03 1.946152e+03 2.020980e+03
0.3 1.883867e+03 1.901582e+03 1.910445e+03 1.892730e+03
1.3 1.940299e+03 1.916022e+03 1.917926e+03 1.942203e+03
2.3 1.816761e+03 1.943591e+03 1.931348e+03 1.804518e+03
3.3 1.925633e+03 1.953954e+03 1.950472e+03 1.922152e+03
4.3 1.955246e+03 1.915240e+03 1.955342e+03 1.995348e+03
5.3 1.943806e+03 1.868979e+03 1.946152e+03 2.020980e+03
6.3 1.665514e+03 1.704155e+03 1.936646e+03 1.898005e+03
7.3 2.161130e+03 1.967020e+03 1.930885e+03 2.124995e+03
8.3 2.031106e+03 1.988723e+03 1.928105e+03 1.970487e+03
9.3 1.857925e+03 2.038258e+03 1.927209e+03 1.746876e+03
10.3 2.243836e+03 1.967719e+03 1.927317e+03 2.203434e+03
11.3 1.883077e+03 1.909385e+03 1.922087e+03 1.895779e+03
12.3 1.965907e+03 1.892618e+03 1.914325e+03 1.987614e+03
13.3 1.743417e+03 1.923869e+03 1.917006e+03 1.736554e+03
14.3 1.744971e+03 1.934324e+03 1.923552e+03 1.734199e+03
15.3 1.849163e+03 1.899712e+03 1.936485e+03 1.885936e+03
16.3 1.789516e+03 1.931984e+03 1.945062e+03 1.802594e+03
17.3 2.052217e+03 2.025096e+03 1.941655e+03 1.968776e+03
0.9 1.816761e+03 1.943591e+03 1.931348e+03 1.804518e+03
1.9 1.925633e+03 1.953954e+03 1.950472e+03 1.922152e+03
2.9 1.955246e+03 1.915240e+03 1.955342e+03 1.995348e+03
3.9 1.943806e+03 1.868979e+03 1.946152e+03 2.020980e+03
4.9 1.665514e+03 1.704155e+03 1.936646e+03 1.898005e+03
5.9 2.161130e+03 1.967020e+03 1.930885e+03 2.124995e+03
6.9 2.031106e+03 1.988723e+03 1.928105e+03 1.970487e+03
7.9 1.857925e+03 2.038258e+03 1.927209e+03 1.746876e+03
8.9 2.243836e+03 1.967719e+03 1.927317e+03 2.203434e+03
9.9 1.883077e+03 1.909385e+03 1.922087e+03 1.895779e+03
10.9 1.965907e+03 1.892618e+03 1.914325e+03 1.987614e+03
11.9 1.743417e+03 1.923869e+03 1.917006e+03 1.736554e+03
12.9 1.744971e+03 1.934324e+03 1.923552e+03 1.734199e+03
13.9 1.849163e+03 1.899712e+03 1.936485e+03 1.885936e+03
14.9 1.789516e+03 1.931984e+03 1.945062e+03 1.802594e+03
15.9 2.052217e+03 2.025096e+03 1.941655e+03 1.968776e+03
16.9 1.999795e+03 2.013561e+03 1.935623e+03 1.921857e+03
17.9 1.930710e+03 1.995459e+03 1.928505e+03 1.863756e+03
0.8 1.744971e+03 1.934324e+03 1.923552e+03 1.734199e+03
1.8 1.849163e+03 1.899712e+03 1.936485e+03 1.885936e+03
2.8 1.789516e+03 1.931984e+03 1.945062e+03 1.802594e+03
3.8 2.052217e+03 2.025096e+03 1.941655e+03 1.968776e+03
4.8 1.999795e+03 2.013561e+03 1.935623e+03 1.921857e+03
5.8 1.930710e+03 1.995459e+03 1.928505e+03 1.863756e+03
6.8 1.925748e+03 1.934336e+03 1.922147e+03 1.913558e+03
7.8 1.803410e+03 1.932369e+03 1.926823e+03 1.797864e+03
8.8 1.904514e+03 1.897099e+03 1.932399e+03 1.939814e+03
9.8 1.944172e+03 1.924542e+03 1.932659e+03 1.952290e+03
10.8 1.890276e+03 1.960061e+03 1.931339e+03 1.861554e+03
11.8 2.044284e+03 1.993957e+03 1.930349e+03 1.980677e+03
12.8 1.953642e+03 1.983256e+03 1.929765e+03 1.900151e+03
13.8 1.901947e+03 1.928765e+03 1.929468e+03 1.902649e+03
14.8 1.743443e+03 1.906512e+03 1.929399e+03 1.766330e+03
15.8 1.896963e+03 1.871956e+03 1.929467e+03 1.954474e+03
16.8 2.110289e+03 1.917246e+03 1.929578e+03 2.122621e+03
17.8 1.717725e+03 1.988267e+03 1.929675e+03 1.659132e+03
0.8 1.925748e+03 1.934336e+03 1.922147e+03 1.913558e+03
1.8 1.803410e+03 1.932369e+03 1.926823e+03 1.797864e+03
2.8 1.904514e+03 1.897099e+03 1.932399e+03 1.939814e+03
3.8 1.944172e+03 1.924542e+03 1.932659e+03 1.952290e+03
4.8 1.890276e+03 1.960061e+03 1.931339e+03 1.861554e+03
5.8 2.044284e+03 1.993957e+03 1.930349e+03 1.980677e+03
6.8 1.953642e+03 1.983256e+03 1.929765e+03 1.900151e+03
7.8 1.901947e+03 1.928765e+03 1.929468e+03 1.902649e+03
8.8 1.743443e+03 1.906512e+03 1.929399e+03 1.766330e+03
9.8 1.896963e+03 1.871956e+03 1.929467e+03 1.954474e+03
10.8 2.110289e+03 1.917246e+03 1.929578e+03 2.122621e+03
11.8 1.717725e+03 1.988267e+03 1.929675e+03 1.659132e+03
12.8 2.107164e+03 1.950981e+03 1.929592e+03 2.085775e+03
13.8 1.991269e+03 1.928563e+03 1.922233e+03 1.984939e+03
14.8 1.973331e+03 1.881627e+03 1.914477e+03 2.006181e+03
15.8 1.972942e+03 1.907790e+03 1.918192e+03 1.983344e+03
16.8 2.015009e+03 1.968695e+03 1.932463e+03 1.978776e+03
17.8 1.743521e+03 1.981932e+03 1.942765e+03 1.704354e+03
0.7 1.972942e+03 1.907790e+03 1.918192e+03 1.983344e+03
1.7 2.015009e+03 1.968695e+03 1.932463e+03 1.978776e+03
2.7 1.743521e+03 1.981932e+03 1.942765e+03 1.704354e+03
3.7 1.969142e+03 1.962096e+03 1.940901e+03 1.947947e+03
4.7 2.013031e+03 2.048546e+03 1.935922e+03 1.900406e+03
5.7 2.126549e+03 1.958304e+03 1.932301e+03 2.100547e+03
6.7 2.008840e+03 1.803441e+03 1.930226e+03 2.135625e+03
7.7 2.076706e+03 1.899318e+03 1.929252e+03 2.106641e+03
8.7 1.977864e+03 1.909010e+03 1.929016e+03 1.997871e+03
9.7 1.911437e+03 1.898398e+03 1.929166e+03 1.942206e+03
10.7 1.964011e+03 1.949567e+03 1.929420e+03 1.943863e+03
11.7 1.918207e+03 1.947271e+03 1.929631e+03 1.900567e+03
12.7 2.066741e+03 1.920417e+03 1.929425e+03 2.075749e+03
13.7 1.821513e+03 1.909383e+03 1.925036e+03 1.837167e+03
14.7 1.750528e+03 1.889229e+03 1.925730e+03 1.787029e+03
15.7 1.804913e+03 1.869472e+03 1.932540e+03 1.867981e+03
16.7 1.851714e+03 1.820807e+03 1.934170e+03 1.965076e+03
17.7 1.756696e+03 1.813487e+03 1.932689e+03 1.875898e+03
0.5 1.821513e+03 1.909383e+03 1.925036e+03 1.837167e+03
1.5 1.750528e+03 1.889229e+03 1.925730e+03 1.787029e+03
2.5 1.804913e+03 1.869472e+03 1.932540e+03 1.867981e+03
3.5 1.851714e+03 1.820807e+03 1.934170e+03 1.965076e+03
4.5 1.756696e+03 1.813487e+03 1.932689e+03 1.875898e+03
5.5 1.696596e+03 1.881278e+03 1.931244e+03 1.746561e+03
6.5 2.054011e+03 1.949122e+03 1.930357e+03 2.035246e+03
7.5 1.968241e+03 1.923715e+03 1.927157e+03 1.971683e+03
8.5 1.989232e+03 1.845506e+03 1.916397e+03 2.060123e+03
9.5 1.680771e+03 1.760979e+03 1.915280e+03 1.835072e+03
10.5 2.078941e+03 1.951321e+03 1.927442e+03 2.055062e+03
11.5 2.219285e+03 1.959803e+03 1.940914e+03 2.200396e+03
12.5 1.917771e+03 1.965760e+03 1.941398e+03 1.893410e+03
13.5 1.809841e+03 2.044587e+03 1.936798e+03 1.702053e+03
14.5 2.166615e+03 2.152296e+03 1.933029e+03 1.947348e+03
15.5 2.593914e+03 2.244915e+03 1.930771e+03 2.279770e+03
16.5 1.781810e+03 2.046592e+03 1.929623e+03 1.664841e+03
17.5 2.004795e+03 1.883123e+03 1.929262e+03 2.050934e+03
0.5 1.680771e+03 1.760979e+03 1.915280e+03 1.835072e+03
1.5 2.078941e+03 1.951321e+03 1.927442e+03 2.055062e+03
2.5 2.219285e+03 1.959803e+03 1.940914e+03 2.200396e+03
3.5 1.917771e+03 1.965760e+03 1.941398e+03 1.893410e+03
4.5 1.809841e+03 2.044587e+03 1.936798e+03 1.702053e+03
5.5 2.166615e+03 2.152296e+03 1.933029e+03 1.947348e+03
6.5 2.593914e+03 2.244915e+03 1.930771e+03 2.279770e+03
7.5 1.781810e+03 2.046592e+03 1.929623e+03 1.664841e+03
8.5 2.004795e+03 1.883123e+03 1.929262e+03 2.050934e+03
9.5 1.452701e+03 1.587250e+03 1.928210e+03 1.793661e+03
10.5 1.861979e+03 1.741070e+03 1.923295e+03 2.044204e+03
11.5 2.003740e+03 1.798998e+03 1.926623e+03 2.131365e+03
12.5 1.835614e+03 1.901016e+03 1.933396e+03 1.867994e+03
13.5 1.970421e+03 1.849046e+03 1.934337e+03 2.055711e+03
14.5 1.845202e+03 1.883103e+03 1.932829e+03 1.894928e+03
15.5 1.788203e+03 1.886080e+03 1.931558e+03 1.833682e+03
16.5 1.805613e+03 1.821429e+03 1.930816e+03 1.915000e+03
17.5 1.712115e+03 1.808022e+03 1.930445e+03 1.834538e+03
0.7 1.861979e+03 1.741070e+03 1.923295e+03 2.044204e+03
1.7 2.003740e+03 1.798998e+03 1.926623e+03 2.131365e+03
2.7 1.835614e+03 1.901016e+03 1.933396e+03 1.867994e+03
3.7 1.970421e+03 1.849046e+03 1.934337e+03 2.055711e+03
4.7 1.845202e+03 1.883103e+03 1.932829e+03 1.894928e+03
5.7 1.788203e+03 1.886080e+03 1.931558e+03 1.833682e+03
6.7 1.805613e+03 1.821429e+03 1.930816e+03 1.915000e+03
7.7 1.712115e+03 1.808022e+03 1.930445e+03 1.834538e+03
8.7 2.102047e+03 1.996599e+03 1.930351e+03 2.035799e+03
9.7 2.488954e+03 2.064360e+03 1.930432e+03 2.355025e+03
10.7 1.908697e+03 2.077942e+03 1.930582e+03 1.761336e+03
11.7 2.197452e+03 2.075128e+03 1.930734e+03 2.053058e+03
12.7 1.878867e+03 2.017313e+03 1.930859e+03 1.792413e+03
13.7 2.243164e+03 2.041642e+03 1.930957e+03 2.132479e+03
14.7 1.914644e+03 1.905799e+03 1.931030e+03 1.939875e+03
15.7 1.891554e+03 1.921593e+03 1.931090e+03 1.901050e+03
16.7 1.832487e+03 1.963053e+03 1.931134e+03 1.800568e+03
17.7 1.904699e+03 1.898935e+03 1.924461e+03 1.930224e+03
0.5 1.625755e+03 1.897675e+03 1.908770e+03 1.636850e+03
1.5 1.707548e+03 1.933642e+03 1.916974e+03 1.690880e+03
2.5 1.858176e+03 1.969352e+03 1.930500e+03 1.819323e+03
3.5 1.909950e+03 1.985054e+03 1.948271e+03 1.873167e+03
4.5 1.979258e+03 1.930380e+03 1.958910e+03 2.007788e+03
5.5 1.869452e+03 1.938190e+03 1.951870e+03 1.883131e+03
6.5 1.972130e+03 2.001352e+03 1.941370e+03 1.912148e+03
7.5 2.101248e+03 2.031908e+03 1.934383e+03 2.003723e+03
8.5 1.848098e+03 1.991488e+03 1.930680e+03 1.787290e+03
9.5 2.000270e+03 1.933988e+03 1.917212e+03 1.983494e+03
10.5 1.708469e+03 1.906897e+03 1.900892e+03 1.702464e+03
11.5 1.908466e+03 1.886631e+03 1.901682e+03 1.923517e+03
12.5 2.042888e+03 1.915671e+03 1.904181e+03 2.031398e+03
13.5 1.729516e+03 1.887568e+03 1.913832e+03 1.755780e+03
14.5 2.030922e+03 1.910056e+03 1.925350e+03 2.046216e+03
15.5 1.732991e+03 1.949177e+03 1.941550e+03 1.725364e+03
16.5 1.971087e+03 1.920649e+03 1.949424e+03 1.999862e+03
17.5 1.909830e+03 1.885389e+03 1.961926e+03 1.986366e+03
0.7 1.858176e+03 1.969352e+03 1.930500e+03 1.819323e+03
1.7 1.909950e+03 1.985054e+03 1.948271e+03 1.873167e+03
2.7 1.979258e+03 1.930380e+03 1.958910e+03 2.007788e+03
3.7 1.869452e+03 1.938190e+03 1.951870e+03 1.883131e+03
4.7 1.972130e+03 2.001352e+03 1.941370e+03 1.912148e+03
5.7 2.101248e+03 2.031908e+03 1.934383e+03 2.003723e+03
6.7 1.848098e+03 1.991488e+03 1.930680e+03 1.787290e+03
7.7 2.000270e+03 1.933988e+03 1.917212e+03 1.983494e+03
8.7 1.708469e+03 1.906897e+03 1.900892e+03 1.702464e+03
9.7 1.908466e+03 1.886631e+03 1.901682e+03 1.923517e+03
10.7 2.042888e+03 1.915671e+03 1.904181e+03 2.031398e+03
11.7 1.729516e+03 1.887568e+03 1.913832e+03 1.755780e+03
12.7 2.030922e+03 1.910056e+03 1.925350e+03 2.046216e+03
13.7 1.732991e+03 1.949177e+03 1.941550e+03 1.725364e+03
14.7 1.971087e+03 1.920649e+03 1.949424e+03 1.999862e+03
15.7 1.909830e+03 1.885389e+03 1.961926e+03 1.986366e+03
16.7 1.931842e+03 1.838225e+03 1.968145e+03 2.061763e+03
17.7 2.076898e+03 1.887564e+03 1.955101e+03 2.144435e+03
0.9 2.030922e+03 1.910056e+03 1.925350e+03 2.046216e+03
1.9 1.732991e+03 1.949177e+03 1.941550e+03 1.725364e+03
2.9 1.971087e+03 1.920649e+03 1.949424e+03 1.999862e+03
3.9 1.909830e+03 1.885389e+03 1.961926e+03 1.986366e+03
4.9 1.931842e+03 1.838225e+03 1.968145e+03 2.061763e+03
5.9 2.076898e+03 1.887564e+03 1.955101e+03 2.144435e+03
6.9 1.840443e+03 1.974806e+03 1.940328e+03 1.805965e+03
7.9 1.963885e+03 1.982280e+03 1.931272e+03 1.912877e+03
8.9 1.800842e+03 1.877031e+03 1.912024e+03 1.835836e+03
9.9 1.948452e+03 1.830652e+03 1.882265e+03 2.000065e+03
10.9 1.834844e+03 1.889500e+03 1.874634e+03 1.819977e+03
11.9 1.845911e+03 1.897132e+03 1.890412e+03 1.839191e+03
12.9 1.978349e+03 1.922623e+03 1.906389e+03 1.962114e+03
13.9 2.015770e+03 1.926229e+03 1.921752e+03 2.011293e+03
14.9 2.124346e+03 2.008355e+03 1.935489e+03 2.051480e+03
15.9 2.232415e+03 1.945650e+03 1.939259e+03 2.226024e+03
16.9 1.781206e+03 1.898583e+03 1.948470e+03 1.831092e+03
17.9 1.978245e+03 1.906079e+03 1.957595e+03 2.029761e+03
0.7 1.971087e+03 1.920649e+03 1.949424e+03 1.999862e+03
1.7 1.909830e+03 1.885389e+03 1.961926e+03 1.986366e+03
2.7 1.931842e+03 1.838225e+03 1.968145e+03 2.061763e+03
3.7 2.076898e+03 1.887564e+03 1.955101e+03 2.144435e+03
4.7 1.840443e+03 1.974806e+03 1.940328e+03 1.805965e+03
5.7 1.963885e+03 1.982280e+03 1.931272e+03 1.912877e+03
6.7 1.800842e+03 1.877031e+03 1.912024e+03 1.835836e+03
7.7 1.948452e+03 1.830652e+03 1.882265e+03 2.000065e+03
8.7 1.834844e+03 1.889500e+03 1.874634e+03 1.819977e+03
9.7 1.845911e+03 1.897132e+03 1.890412e+03 1.839191e+03
10.7 1.978349e+03 1.922623e+03 1.906389e+03 1.962114e+03
11.7 2.015770e+03 1.926229e+03 1.921752e+03 2.011293e+03
12.7 2.124346e+03 2.008355e+03 1.935489e+03 2.051480e+03
13.7 2.232415e+03 1.945650e+03 1.939259e+03 2.226024e+03
14.7 1.781206e+03 1.898583e+03 1.948470e+03 1.831092e+03
15.7 1.978245e+03 1.906079e+03 1.957595e+03 2.029761e+03
16.7 1.801707e+03 1.880682e+03 1.971764e+03 1.892789e+03
17.7 1.834238e+03 1.833037e+03 1.972580e+03 1.973782e+03
0.3 1.978349e+03 1.922623e+03 1.906389e+03 1.962114e+03
1.3 2.015770e+03 1.926229e+03 1.921752e+03 2.011293e+03
2.3 2.124346e+03 2.008355e+03 1.935489e+03 2.051480e+03
3.3 2.232415e+03 1.945650e+03 1.939259e+03 2.226024e+03
4.3 1.781206e+03 1.898583e+03 1.948470e+03 1.831092e+03
5.3 1.978245e+03 1.906079e+03 1.957595e+03 2.029761e+03
6.3 1.801707e+03 1.880682e+03 1.971764e+03 1.892789e+03
7.3 1.834238e+03 1.833037e+03 1.972580e+03 1.973782e+03
8.3 1.767543e+03 1.793983e+03 1.954085e+03 1.927644e+03
9.3 2.192167e+03 1.844158e+03 1.936855e+03 2.284863e+03
10.3 1.750455e+03 1.699953e+03 1.927303e+03 1.977805e+03
11.3 2.142340e+03 1.786240e+03 1.923389e+03 2.279490e+03
12.3 1.841389e+03 2.050719e+03 1.922677e+03 1.713347e+03
13.3 2.169454e+03 2.132236e+03 1.923532e+03 1.960750e+03
14.3 2.230278e+03 2.274376e+03 1.924858e+03 1.880759e+03
15.3 2.254289e+03 2.249283e+03 1.926041e+03 1.931046e+03
16.3 2.103970e+03 2.103569e+03 1.926885e+03 1.927286e+03
17.3 1.799011e+03 1.926090e+03 1.927419e+03 1.800340e+03
0.7 2.232415e+03 1.945650e+03 1.939259e+03 2.226024e+03
1.7 1.781206e+03 1.898583e+03 1.948470e+03 1.831092e+03
2.7 1.978245e+03 1.906079e+03 1.957595e+03 2.029761e+03
3.7 1.801707e+03 1.880682e+03 1.971764e+03 1.892789e+03
4.7 1.834238e+03 1.833037e+03 1.972580e+03 1.973782e+03
5.7 1.767543e+03 1.793983e+03 1.954085e+03 1.927644e+03
6.7 2.192167e+03 1.844158e+03 1.936855e+03 2.284863e+03
7.7 1.750455e+03 1.699953e+03 1.927303e+03 1.977805e+03
8.7 2.142340e+03 1.786240e+03 1.923389e+03 2.279490e+03
9.7 1.841389e+03 2.050719e+03 1.922677e+03 1.713347e+03
10.7 2.169454e+03 2.132236e+03 1.923532e+03 1.960750e+03
11.7 2.230278e+03 2.274376e+03 1.924858e+03 1.880759e+03
12.7 2.254289e+03 2.249283e+03 1.926041e+03 1.931046e+03
13.7 2.103970e+03 2.103569e+03 1.926885e+03 1.927286e+03
14.7 1.799011e+03 1.926090e+03 1.927419e+03 1.800340e+03
15.7 1.808043e+03 1.838911e+03 1.927754e+03 1.896886e+03
16.7 1.643766e+03 1.763448e+03 1.927984e+03 1.808302e+03
17.7 1.790084e+03 1.838265e+03 1.928167e+03 1.879986e+03
0.9 1.978245e+03 1.906079e+03 1.957595e+03 2.029761e+03
1.9 1.801707e+03 1.880682e+03 1.971764e+03 1.892789e+03
2.9 1.834238e+03 1.833037e+03 1.972580e+03 1.973782e+03
3.9 1.767543e+03 1.793983e+03 1.954085e+03 1.927644e+03
4.9 2.192167e+03 1.844158e+03 1.936855e+03 2.284863e+03
5.9 1.750455e+03 1.699953e+03 1.927303e+03 1.977805e+03
6.9 2.142340e+03 1.786240e+03 1.923389e+03 2.279490e+03
7.9 1.841389e+03 2.050719e+03 1.922677e+03 1.713347e+03
8.9 2.169454e+03 2.132236e+03 1.923532e+03 1.960750e+03
9.9 2.230278e+03 2.274376e+03 1.924858e+03 1.880759e+03
10.9 2.254289e+03 2.249283e+03 1.926041e+03 1.931046e+03
11.9 2.103970e+03 2.103569e+03 1.926885e+03 1.927286e+03
12.9 1.799011e+03 1.926090e+03 1.927419e+03 1.800340e+03
13.9 1.808043e+03 1.838911e+03 1.927754e+03 1.896886e+03
14.9 1.643766e+03 1.763448e+03 1.927984e+03 1.808302e+03
15.9 1.790084e+03 1.838265e+03 1.928167e+03 1.879986e+03
16.9 1.951384e+03 1.952666e+03 1.928327e+03 1.927046e+03
17.9 1.936461e+03 1.976335e+03 1.928475e+03 1.888601e+03
0.5 1.885194e+03 1.939389e+03 1.921299e+03 1.867103e+03
1.5 2.005779e+03 1.935219e+03 1.935362e+03 2.005922e+03
2.5 1.840934e+03 1.922329e+03 1.947420e+03 1.866026e+03
3.5 1.898841e+03 1.890659e+03 1.958534e+03 1.966716e+03
4.5 1.902638e+03 1.881153e+03 1.967049e+03 1.988534e+03
5.5 2.048964e+03 1.952634e+03 1.955993e+03 2.052324e+03
6.5 2.008164e+03 2.016777e+03 1.941127e+03 1.932514e+03
7.5 1.975193e+03 2.019670e+03 1.930701e+03 1.886224e+03
8.5 2.033072e+03 1.907815e+03 1.920992e+03 2.046248e+03
9.5 1.866626e+03 1.913507e+03 1.919092e+03 1.872211e+03
10.5 1.931195e+03 1.972021e+03 1.927327e+03 1.886501e+03
11.5 1.807797e+03 1.916880e+03 1.932556e+03 1.823473e+03
12.5 1.963846e+03 1.867050e+03 1.932195e+03 2.028992e+03
13.5 1.959843e+03 1.853033e+03 1.930689e+03 2.037500e+03
14.5 1.926271e+03 1.715698e+03 1.929621e+03 2.140194e+03
15.5 1.633579e+03 1.524314e+03 1.928997e+03 2.038263e+03
16.5 1.807233e+03 1.816749e+03 1.928721e+03 1.919205e+03
17.5 1.788240e+03 1.887660e+03 1.928711e+03 1.829291e+03
0.6 1.840934e+03 1.922329e+03 1.947420e+03 1.866026e+03
1.6 1.898841e+03 1.890659e+03 1.958534e+03 1.966716e+03
2.6 1.902638e+03 1.881153e+03 1.967049e+03 1.988534e+03
3.6 2.048964e+03 1.952634e+03 1.955993e+03 2.052324e+03
4.6 2.008164e+03 2.016777e+03 1.941127e+03 1.932514e+03
5.6 1.975193e+03 2.019670e+03 1.930701e+03 1.886224e+03
6.6 2.033072e+03 1.907815e+03 1.920992e+03 2.046248e+03
7.6 1.866626e+03 1.913507e+03 1.919092e+03 1.872211e+03
8.6 1.931195e+03 1.972021e+03 1.927327e+03 1.886501e+03
9.6 1.807797e+03 1.916880e+03 1.932556e+03 1.823473e+03
10.6 1.963846e+03 1.867050e+03 1.932195e+03 2.028992e+03
11.6 1.959843e+03 1.853033e+03 1.930689e+03 2.037500e+03
12.6 1.926271e+03 1.715698e+03 1.929621e+03 2.140194e+03
13.6 1.633579e+03 1.524314e+03 1.928997e+03 2.038263e+03
14.6 1.807233e+03 1.816749e+03 1.928721e+03 1.919205e+03
15.6 1.788240e+03 1.887660e+03 1.928711e+03 1.829291e+03
16.6 1.824485e+03 1.856140e+03 1.928847e+03 1.897192e+03
17.6 2.109020e+03 1.868196e+03 1.929019e+03 2.169843e+03
1.0 1.866626e+03 1.913507e+03 1.919092e+03 1.872211e+03
2.0 1.931195e+03 1.972021e+03 1.927327e+03 1.886501e+03
3.0 1.807797e+03 1.916880e+03 1.932556e+03 1.823473e+03
4.0 1.963846e+03 1.867050e+03 1.932195e+03 2.028992e+03
5.0 1.959843e+03 1.853033e+03 1.930689e+03 2.037500e+03
6.0 1.926271e+03 1.715698e+03 1.929621e+03 2.140194e+03
7.0 1.633579e+03 1.524314e+03 1.928997e+03 2.038263e+03
8.0 1.807233e+03 1.816749e+03 1.928721e+03 1.919205e+03
9.0 1.788240e+03 1.887660e+03 1.928711e+03 1.829291e+03
10.0 1.824485e+03 1.856140e+03 1.928847e+03 1.897192e+03
11.0 2.109020e+03 1.868196e+03 1.929019e+03 2.169843e+03
12.0 2.068178e+03 1.896775e+03 1.929177e+03 2.100581e+03
13.0 1.646015e+03 1.707284e+03 1.929308e+03 1.868039e+03
14.0 1.674019e+03 1.574669e+03 1.929414e+03 2.028765e+03
15.0 1.625818e+03 1.643123e+03 1.929504e+03 1.912199e+03
16.0 1.610085e+03 1.706705e+03 1.929580e+03 1.832959e+03
17.0 2.075000e+03 1.884822e+03 1.929649e+03 2.119828e+03
18.0 1.951455e+03 1.928014e+03 1.929709e+03 1.953150e+03
0.5 2.418632e+03 2.117704e+03 1.918509e+03 2.219437e+03
1.5 2.154361e+03 2.125511e+03 1.931042e+03 1.959892e+03
2.5 1.928846e+03 2.062124e+03 1.943635e+03 1.810358e+03
3.5 1.883676e+03 2.095297e+03 1.942936e+03 1.731315e+03
4.5 2.304042e+03 2.144298e+03 1.937430e+03 2.097174e+03
5.5 2.385691e+03 2.143257e+03 1.933066e+03 2.175500e+03
6.5 1.922817e+03 1.965283e+03 1.926958e+03 1.884492e+03
7.5 1.771386e+03 1.800174e+03 1.922730e+03 1.893941e+03
8.5 1.718507e+03 1.827204e+03 1.928733e+03 1.820036e+03
9.5 1.739815e+03 1.843380e+03 1.934050e+03 1.830485e+03
10.5 1.627020e+03 1.900962e+03 1.933917e+03 1.659976e+03
11.5 1.826617e+03 1.934698e+03 1.932385e+03 1.824304e+03
12.5 1.454198e+03 1.914178e+03 1.928342e+03 1.468363e+03
13.5 1.835455e+03 1.846875e+03 1.917162e+03 1.905742e+03
14.5 1.680396e+03 1.856550e+03 1.915976e+03 1.739822e+03
15.5 1.812786e+03 1.911728e+03 1.924233e+03 1.825291e+03
16.5 1.708156e+03 1.903575e+03 1.939449e+03 1.744029e+03
17.5 2.019720e+03 1.866695e+03 1.943927e+03 2.096952e+03
0.9 1.771386e+03 1.800174e+03 1.922730e+03 1.893941e+03
1.9 1.718507e+03 1.827204e+03 1.928733e+03 1.820036e+03
2.9 1.739815e+03 1.843380e+03 1.934050e+03 1.830485e+03
3.9 1.627020e+03 1.900962e+03 1.933917e+03 1.659976e+03
4.9 1.826617e+03 1.934698e+03 1.932385e+03 1.824304e+03
5.9 1.454198e+03 1.914178e+03 1.928342e+03 1.468363e+03
6.9 1.835455e+03 1.846875e+03 1.917162e+03 1.905742e+03
7.9 1.680396e+03 1.856550e+03 1.915976e+03 1.739822e+03
8.9 1.812786e+03 1.911728e+03 1.924233e+03 1.825291e+03
9.9 1.708156e+03 1.903575e+03 1.939449e+03 1.744029e+03
10.9 2.019720e+03 1.866695e+03 1.943927e+03 2.096952e+03
11.9 1.982183e+03 1.952330e+03 1.939677e+03 1.969530e+03
12.9 2.020206e+03 2.019276e+03 1.935004e+03 1.935934e+03
13.9 1.838695e+03 1.997793e+03 1.932035e+03 1.772937e+03
14.9 1.972507e+03 1.923338e+03 1.930456e+03 1.979625e+03
15.9 2.079493e+03 1.911554e+03 1.929845e+03 2.097785e+03
16.9 1.703840e+03 1.888461e+03 1.929829e+03 1.745209e+03
17.9 1.896395e+03 1.860725e+03 1.929588e+03 1.965258e+03
0.1 1.680396e+03 1.856550e+03 1.915976e+03 1.739822e+03
1.1 1.812786e+03 1.911728e+03 1.924233e+03 1.825291e+03
2.1 1.708156e+03 1.903575e+03 1.939449e+03 1.744029e+03
3.1 2.019720e+03 1.866695e+03 1.943927e+03 2.096952e+03
4.1 1.982183e+03 1.952330e+03 1.939677e+03 1.969530e+03
5.1 2.020206e+03 2.019276e+03 1.935004e+03 1.935934e+03
6.1 1.838695e+03 1.997793e+03 1.932035e+03 1.772937e+03
7.1 1.972507e+03 1.923338e+03 1.930456e+03 1.979625e+03
8.1 2.079493e+03 1.911554e+03 1.929845e+03 2.097785e+03
9.1 1.703840e+03 1.888461e+03 1.929829e+03 1.745209e+03
10.1 1.896395e+03 1.860725e+03 1.929588e+03 1.965258e+03
11.1 1.829828e+03 1.804352e+03 1.917821e+03 1.943297e+03
12.1 2.038153e+03 1.782787e+03 1.906163e+03 2.161530e+03
13.1 1.798574e+03 1.934409e+03 1.907808e+03 1.771973e+03
14.1 1.738372e+03 1.934245e+03 1.918808e+03 1.722935e+03
15.1 1.964132e+03 1.956389e+03 1.932170e+03 1.939913e+03
16.1 1.868081e+03 1.973804e+03 1.938156e+03 1.832433e+03
17.1 1.840958e+03 1.896079e+03 1.950474e+03 1.895353e+03
0.2 1.798574e+03 1.934409e+03 1.907808e+03 1.771973e+03
1.2 1.738372e+03 1.934245e+03 1.918808e+03 1.722935e+03
2.2 1.964132e+03 1.956389e+03 1.932170e+03 1.939913e+03
3.2 1.868081e+03 1.973804e+03 1.938156e+03 1.832433e+03
4.2 1.840958e+03 1.896079e+03 1.950474e+03 1.895353e+03
5.2 1.862750e+03 1.867431e+03 1.955894e+03 1.951214e+03
6.2 2.144767e+03 1.867815e+03 1.947347e+03 2.224299e+03
7.2 2.129760e+03 2.044039e+03 1.936125e+03 2.021847e+03
8.2 1.927085e+03 2.044673e+03 1.920482e+03 1.802893e+03
9.2 1.969143e+03 1.963291e+03 1.915107e+03 1.920959e+03
0.8 1.868081e+03 1.973804e+03 1.938156e+03 1.832433e+03
1.8 1.840958e+03 1.896079e+03 1.950474e+03 1.895353e+03
2.8 1.862750e+03 1.867431e+03 1.955894e+03 1.951214e+03
3.8 2.144767e+03 1.867815e+03 1.947347e+03 2.224299e+03
4.8 2.129760e+03 2.044039e+03 1.936125e+03 2.021847e+03
5.8 1.927085e+03 2.044673e+03 1.920482e+03 1.802893e+03
6.8 1.969143e+03 1.963291e+03 1.915107e+03 1.920959e+03
