1.0 1.665514e+03 1.704155e+03 1.897434e+03 1.858793e+03
2.0 2.161130e+03 1.967020e+03 1.893542e+03 2.087652e+03
3.0 2.031106e+03 1.988723e+03 1.936966e+03 1.979349e+03
4.0 1.857925e+03 2.038258e+03 1.960296e+03 1.779964e+03
5.0 2.243836e+03 1.967719e+03 1.953730e+03 2.229847e+03
6.0 1.883077e+03 1.909385e+03 1.942429e+03 1.916121e+03
7.0 1.965907e+03 1.892618e+03 1.934750e+03 2.008039e+03
8.0 1.743417e+03 1.923869e+03 1.930295e+03 1.749843e+03
9.0 1.744971e+03 1.934324e+03 1.928156e+03 1.738803e+03
10.0 1.849163e+03 1.899712e+03 1.927642e+03 1.877093e+03
11.0 1.789516e+03 1.931984e+03 1.927979e+03 1.785511e+03
12.0 2.052217e+03 2.025096e+03 1.928536e+03 1.955657e+03
13.0 1.999795e+03 2.013561e+03 1.928991e+03 1.915225e+03
14.0 1.930710e+03 1.995459e+03 1.929273e+03 1.864524e+03
15.0 1.925748e+03 1.934336e+03 1.929422e+03 1.920833e+03
16.0 1.803410e+03 1.932369e+03 1.929494e+03 1.800534e+03
17.0 1.904514e+03 1.897099e+03 1.929529e+03 1.936944e+03
18.0 1.944172e+03 1.924542e+03 1.929549e+03 1.949180e+03
0.6 2.488954e+03 2.064360e+03 1.911989e+03 2.336582e+03
1.6 1.908697e+03 2.077942e+03 1.885668e+03 1.716423e+03
2.6 2.197452e+03 2.075128e+03 1.882642e+03 2.004966e+03
3.6 1.878867e+03 2.017313e+03 1.919462e+03 1.781016e+03
4.6 2.243164e+03 2.041642e+03 1.966882e+03 2.168404e+03
5.6 1.914644e+03 1.905799e+03 1.976601e+03 1.985446e+03
6.6 1.891554e+03 1.921593e+03 1.960131e+03 1.930092e+03
7.6 1.832487e+03 1.963053e+03 1.943646e+03 1.813079e+03
8.6 1.904699e+03 1.898935e+03 1.933373e+03 1.939136e+03
9.6 1.694316e+03 1.877768e+03 1.928062e+03 1.744610e+03
10.6 1.625755e+03 1.897675e+03 1.926143e+03 1.654223e+03
11.6 1.707548e+03 1.933642e+03 1.926233e+03 1.700139e+03
12.6 1.858176e+03 1.969352e+03 1.927124e+03 1.815948e+03
13.6 1.909950e+03 1.985054e+03 1.928046e+03 1.852942e+03
14.6 1.979258e+03 1.930380e+03 1.928705e+03 1.977583e+03
15.6 1.869452e+03 1.938190e+03 1.929107e+03 1.860368e+03
16.6 1.972130e+03 2.001352e+03 1.929340e+03 1.900118e+03
17.6 2.101248e+03 2.031908e+03 1.929483e+03 1.998824e+03
0.1 1.908697e+03 2.077942e+03 1.885668e+03 1.716423e+03
1.1 2.197452e+03 2.075128e+03 1.882642e+03 2.004966e+03
2.1 1.878867e+03 2.017313e+03 1.919462e+03 1.781016e+03
3.1 2.243164e+03 2.041642e+03 1.966882e+03 2.168404e+03
4.1 1.914644e+03 1.905799e+03 1.976601e+03 1.985446e+03
5.1 1.891554e+03 1.921593e+03 1.960131e+03 1.930092e+03
6.1 1.832487e+03 1.963053e+03 1.943646e+03 1.813079e+03
7.1 1.904699e+03 1.898935e+03 1.933373e+03 1.939136e+03
8.1 1.694316e+03 1.877768e+03 1.928062e+03 1.744610e+03
9.1 1.625755e+03 1.897675e+03 1.926143e+03 1.654223e+03
10.1 1.707548e+03 1.933642e+03 1.926233e+03 1.700139e+03
11.1 1.858176e+03 1.969352e+03 1.927124e+03 1.815948e+03
12.1 1.909950e+03 1.985054e+03 1.928046e+03 1.852942e+03
13.1 1.979258e+03 1.930380e+03 1.928705e+03 1.977583e+03
14.1 1.869452e+03 1.938190e+03 1.929107e+03 1.860368e+03
15.1 1.972130e+03 2.001352e+03 1.929340e+03 1.900118e+03
16.1 2.101248e+03 2.031908e+03 1.929483e+03 1.998824e+03
17.1 1.848098e+03 1.991488e+03 1.929584e+03 1.786194e+03
0.5 1.750455e+03 1.699953e+03 1.916375e+03 1.966878e+03
1.5 2.142340e+03 1.786240e+03 1.892031e+03 2.248132e+03
2.5 1.841389e+03 2.050719e+03 1.884353e+03 1.675023e+03
3.5 2.169454e+03 2.132236e+03 1.885831e+03 1.923049e+03
4.5 2.230278e+03 2.274376e+03 1.906767e+03 1.862669e+03
5.5 2.254289e+03 2.249283e+03 1.928372e+03 1.933377e+03
6.5 2.103970e+03 2.103569e+03 1.921377e+03 1.921778e+03
7.5 1.799011e+03 1.926090e+03 1.915671e+03 1.788592e+03
8.5 1.808043e+03 1.838911e+03 1.929175e+03 1.898307e+03
9.5 1.643766e+03 1.763448e+03 1.958575e+03 1.838893e+03
10.5 1.790084e+03 1.838265e+03 1.995854e+03 1.947673e+03
11.5 1.951384e+03 1.952666e+03 2.004858e+03 2.003576e+03
12.5 1.936461e+03 1.976335e+03 1.978725e+03 1.938851e+03
13.5 1.903194e+03 1.948617e+03 1.950494e+03 1.905071e+03
14.5 1.774311e+03 1.907113e+03 1.933271e+03 1.800468e+03
15.5 1.936217e+03 1.871290e+03 1.922502e+03 1.987430e+03
16.5 1.786671e+03 1.927184e+03 1.894388e+03 1.753875e+03
17.5 2.034133e+03 1.969517e+03 1.871484e+03 1.936100e+03
0.9 1.841389e+03 2.050719e+03 1.884353e+03 1.675023e+03
1.9 2.169454e+03 2.132236e+03 1.885831e+03 1.923049e+03
2.9 2.230278e+03 2.274376e+03 1.906767e+03 1.862669e+03
3.9 2.254289e+03 2.249283e+03 1.928372e+03 1.933377e+03
4.9 2.103970e+03 2.103569e+03 1.921377e+03 1.921778e+03
5.9 1.799011e+03 1.926090e+03 1.915671e+03 1.788592e+03
6.9 1.808043e+03 1.838911e+03 1.929175e+03 1.898307e+03
7.9 1.643766e+03 1.763448e+03 1.958575e+03 1.838893e+03
8.9 1.790084e+03 1.838265e+03 1.995854e+03 1.947673e+03
9.9 1.951384e+03 1.952666e+03 2.004858e+03 2.003576e+03
10.9 1.936461e+03 1.976335e+03 1.978725e+03 1.938851e+03
11.9 1.903194e+03 1.948617e+03 1.950494e+03 1.905071e+03
12.9 1.774311e+03 1.907113e+03 1.933271e+03 1.800468e+03
13.9 1.936217e+03 1.871290e+03 1.922502e+03 1.987430e+03
14.9 1.786671e+03 1.927184e+03 1.894388e+03 1.753875e+03
15.9 2.034133e+03 1.969517e+03 1.871484e+03 1.936100e+03
16.9 1.992023e+03 2.040791e+03 1.885818e+03 1.837049e+03
17.9 1.954890e+03 2.025819e+03 1.905244e+03 1.834315e+03
0.1 1.841389e+03 2.050719e+03 1.884353e+03 1.675023e+03
1.1 2.169454e+03 2.132236e+03 1.885831e+03 1.923049e+03
2.1 2.230278e+03 2.274376e+03 1.906767e+03 1.862669e+03
3.1 2.254289e+03 2.249283e+03 1.928372e+03 1.933377e+03
4.1 2.103970e+03 2.103569e+03 1.921377e+03 1.921778e+03
5.1 1.799011e+03 1.926090e+03 1.915671e+03 1.788592e+03
6.1 1.808043e+03 1.838911e+03 1.929175e+03 1.898307e+03
7.1 1.643766e+03 1.763448e+03 1.958575e+03 1.838893e+03
8.1 1.790084e+03 1.838265e+03 1.995854e+03 1.947673e+03
9.1 1.951384e+03 1.952666e+03 2.004858e+03 2.003576e+03
10.1 1.936461e+03 1.976335e+03 1.978725e+03 1.938851e+03
11.1 1.903194e+03 1.948617e+03 1.950494e+03 1.905071e+03
12.1 1.774311e+03 1.907113e+03 1.933271e+03 1.800468e+03
13.1 1.936217e+03 1.871290e+03 1.922502e+03 1.987430e+03
14.1 1.786671e+03 1.927184e+03 1.894388e+03 1.753875e+03
15.1 2.034133e+03 1.969517e+03 1.871484e+03 1.936100e+03
16.1 1.992023e+03 2.040791e+03 1.885818e+03 1.837049e+03
17.1 1.954890e+03 2.025819e+03 1.905244e+03 1.834315e+03
0.7 2.230278e+03 2.274376e+03 1.906767e+03 1.862669e+03
1.7 2.254289e+03 2.249283e+03 1.928372e+03 1.933377e+03
2.7 2.103970e+03 2.103569e+03 1.921377e+03 1.921778e+03
3.7 1.799011e+03 1.926090e+03 1.915671e+03 1.788592e+03
4.7 1.808043e+03 1.838911e+03 1.929175e+03 1.898307e+03
5.7 1.643766e+03 1.763448e+03 1.958575e+03 1.838893e+03
6.7 1.790084e+03 1.838265e+03 1.995854e+03 1.947673e+03
7.7 1.951384e+03 1.952666e+03 2.004858e+03 2.003576e+03
8.7 1.936461e+03 1.976335e+03 1.978725e+03 1.938851e+03
9.7 1.903194e+03 1.948617e+03 1.950494e+03 1.905071e+03
10.7 1.774311e+03 1.907113e+03 1.933271e+03 1.800468e+03
11.7 1.936217e+03 1.871290e+03 1.922502e+03 1.987430e+03
12.7 1.786671e+03 1.927184e+03 1.894388e+03 1.753875e+03
13.7 2.034133e+03 1.969517e+03 1.871484e+03 1.936100e+03
14.7 1.992023e+03 2.040791e+03 1.885818e+03 1.837049e+03
15.7 1.954890e+03 2.025819e+03 1.905244e+03 1.834315e+03
16.7 2.132593e+03 1.996329e+03 1.907476e+03 2.043739e+03
17.7 2.041238e+03 1.998857e+03 1.909485e+03 1.951866e+03
0.5 2.254289e+03 2.249283e+03 1.928372e+03 1.933377e+03
1.5 2.103970e+03 2.103569e+03 1.921377e+03 1.921778e+03
2.5 1.799011e+03 1.926090e+03 1.915671e+03 1.788592e+03
3.5 1.808043e+03 1.838911e+03 1.929175e+03 1.898307e+03
4.5 1.643766e+03 1.763448e+03 1.958575e+03 1.838893e+03
5.5 1.790084e+03 1.838265e+03 1.995854e+03 1.947673e+03
6.5 1.951384e+03 1.952666e+03 2.004858e+03 2.003576e+03
7.5 1.936461e+03 1.976335e+03 1.978725e+03 1.938851e+03
8.5 1.903194e+03 1.948617e+03 1.950494e+03 1.905071e+03
9.5 1.774311e+03 1.907113e+03 1.933271e+03 1.800468e+03
10.5 1.936217e+03 1.871290e+03 1.922502e+03 1.987430e+03
11.5 1.786671e+03 1.927184e+03 1.894388e+03 1.753875e+03
12.5 2.034133e+03 1.969517e+03 1.871484e+03 1.936100e+03
13.5 1.992023e+03 2.040791e+03 1.885818e+03 1.837049e+03
14.5 1.954890e+03 2.025819e+03 1.905244e+03 1.834315e+03
15.5 2.132593e+03 1.996329e+03 1.907476e+03 2.043739e+03
16.5 2.041238e+03 1.998857e+03 1.909485e+03 1.951866e+03
17.5 1.925437e+03 2.007358e+03 1.928851e+03 1.846930e+03
0.6 2.103970e+03 2.103569e+03 1.921377e+03 1.921778e+03
1.6 1.799011e+03 1.926090e+03 1.915671e+03 1.788592e+03
2.6 1.808043e+03 1.838911e+03 1.929175e+03 1.898307e+03
3.6 1.643766e+03 1.763448e+03 1.958575e+03 1.838893e+03
4.6 1.790084e+03 1.838265e+03 1.995854e+03 1.947673e+03
5.6 1.951384e+03 1.952666e+03 2.004858e+03 2.003576e+03
6.6 1.936461e+03 1.976335e+03 1.978725e+03 1.938851e+03
7.6 1.903194e+03 1.948617e+03 1.950494e+03 1.905071e+03
8.6 1.774311e+03 1.907113e+03 1.933271e+03 1.800468e+03
9.6 1.936217e+03 1.871290e+03 1.922502e+03 1.987430e+03
10.6 1.786671e+03 1.927184e+03 1.894388e+03 1.753875e+03
11.6 2.034133e+03 1.969517e+03 1.871484e+03 1.936100e+03
12.6 1.992023e+03 2.040791e+03 1.885818e+03 1.837049e+03
13.6 1.954890e+03 2.025819e+03 1.905244e+03 1.834315e+03
14.6 2.132593e+03 1.996329e+03 1.907476e+03 2.043739e+03
15.6 2.041238e+03 1.998857e+03 1.909485e+03 1.951866e+03
16.6 1.925437e+03 2.007358e+03 1.928851e+03 1.846930e+03
17.6 2.043882e+03 1.958767e+03 1.948899e+03 2.034014e+03
0.7 1.799011e+03 1.926090e+03 1.915671e+03 1.788592e+03
1.7 1.808043e+03 1.838911e+03 1.929175e+03 1.898307e+03
2.7 1.643766e+03 1.763448e+03 1.958575e+03 1.838893e+03
3.7 1.790084e+03 1.838265e+03 1.995854e+03 1.947673e+03
4.7 1.951384e+03 1.952666e+03 2.004858e+03 2.003576e+03
5.7 1.936461e+03 1.976335e+03 1.978725e+03 1.938851e+03
6.7 1.903194e+03 1.948617e+03 1.950494e+03 1.905071e+03
7.7 1.774311e+03 1.907113e+03 1.933271e+03 1.800468e+03
8.7 1.936217e+03 1.871290e+03 1.922502e+03 1.987430e+03
9.7 1.786671e+03 1.927184e+03 1.894388e+03 1.753875e+03
10.7 2.034133e+03 1.969517e+03 1.871484e+03 1.936100e+03
11.7 1.992023e+03 2.040791e+03 1.885818e+03 1.837049e+03
12.7 1.954890e+03 2.025819e+03 1.905244e+03 1.834315e+03
13.7 2.132593e+03 1.996329e+03 1.907476e+03 2.043739e+03
14.7 2.041238e+03 1.998857e+03 1.909485e+03 1.951866e+03
15.7 1.925437e+03 2.007358e+03 1.928851e+03 1.846930e+03
16.7 2.043882e+03 1.958767e+03 1.948899e+03 2.034014e+03
17.7 1.857262e+03 1.785095e+03 1.973101e+03 2.045269e+03
0.6 1.808043e+03 1.838911e+03 1.929175e+03 1.898307e+03
1.6 1.643766e+03 1.763448e+03 1.958575e+03 1.838893e+03
2.6 1.790084e+03 1.838265e+03 1.995854e+03 1.947673e+03
3.6 1.951384e+03 1.952666e+03 2.004858e+03 2.003576e+03
4.6 1.936461e+03 1.976335e+03 1.978725e+03 1.938851e+03
5.6 1.903194e+03 1.948617e+03 1.950494e+03 1.905071e+03
6.6 1.774311e+03 1.907113e+03 1.933271e+03 1.800468e+03
7.6 1.936217e+03 1.871290e+03 1.922502e+03 1.987430e+03
8.6 1.786671e+03 1.927184e+03 1.894388e+03 1.753875e+03
9.6 2.034133e+03 1.969517e+03 1.871484e+03 1.936100e+03
10.6 1.992023e+03 2.040791e+03 1.885818e+03 1.837049e+03
11.6 1.954890e+03 2.025819e+03 1.905244e+03 1.834315e+03
12.6 2.132593e+03 1.996329e+03 1.907476e+03 2.043739e+03
13.6 2.041238e+03 1.998857e+03 1.909485e+03 1.951866e+03
14.6 1.925437e+03 2.007358e+03 1.928851e+03 1.846930e+03
15.6 2.043882e+03 1.958767e+03 1.948899e+03 2.034014e+03
16.6 1.857262e+03 1.785095e+03 1.973101e+03 2.045269e+03
17.6 1.749217e+03 1.734979e+03 1.989505e+03 2.003743e+03
0.9 1.786671e+03 1.927184e+03 1.894388e+03 1.753875e+03
1.9 2.034133e+03 1.969517e+03 1.871484e+03 1.936100e+03
2.9 1.992023e+03 2.040791e+03 1.885818e+03 1.837049e+03
3.9 1.954890e+03 2.025819e+03 1.905244e+03 1.834315e+03
4.9 2.132593e+03 1.996329e+03 1.907476e+03 2.043739e+03
5.9 2.041238e+03 1.998857e+03 1.909485e+03 1.951866e+03
6.9 1.925437e+03 2.007358e+03 1.928851e+03 1.846930e+03
7.9 2.043882e+03 1.958767e+03 1.948899e+03 2.034014e+03
8.9 1.857262e+03 1.785095e+03 1.973101e+03 2.045269e+03
9.9 1.749217e+03 1.734979e+03 1.989505e+03 2.003743e+03
10.9 1.975340e+03 1.880037e+03 1.973756e+03 2.069059e+03
11.9 1.819359e+03 1.958587e+03 1.940933e+03 1.801705e+03
12.9 1.976241e+03 1.955286e+03 1.893515e+03 1.914469e+03
13.9 1.739797e+03 1.980948e+03 1.863875e+03 1.622724e+03
14.9 1.879667e+03 1.891128e+03 1.878083e+03 1.866622e+03
15.9 2.043150e+03 1.909993e+03 1.916703e+03 2.049860e+03
16.9 1.753029e+03 1.935987e+03 1.964462e+03 1.781504e+03
17.9 1.881800e+03 1.928595e+03 1.985904e+03 1.939109e+03
0.5 2.034133e+03 1.969517e+03 1.871484e+03 1.936100e+03
1.5 1.992023e+03 2.040791e+03 1.885818e+03 1.837049e+03
2.5 1.954890e+03 2.025819e+03 1.905244e+03 1.834315e+03
3.5 2.132593e+03 1.996329e+03 1.907476e+03 2.043739e+03
4.5 2.041238e+03 1.998857e+03 1.909485e+03 1.951866e+03
5.5 1.925437e+03 2.007358e+03 1.928851e+03 1.846930e+03
6.5 2.043882e+03 1.958767e+03 1.948899e+03 2.034014e+03
7.5 1.857262e+03 1.785095e+03 1.973101e+03 2.045269e+03
8.5 1.749217e+03 1.734979e+03 1.989505e+03 2.003743e+03
9.5 1.975340e+03 1.880037e+03 1.973756e+03 2.069059e+03
10.5 1.819359e+03 1.958587e+03 1.940933e+03 1.801705e+03
11.5 1.976241e+03 1.955286e+03 1.893515e+03 1.914469e+03
12.5 1.739797e+03 1.980948e+03 1.863875e+03 1.622724e+03
13.5 1.879667e+03 1.891128e+03 1.878083e+03 1.866622e+03
14.5 2.043150e+03 1.909993e+03 1.916703e+03 2.049860e+03
15.5 1.753029e+03 1.935987e+03 1.964462e+03 1.781504e+03
16.5 1.881800e+03 1.928595e+03 1.985904e+03 1.939109e+03
17.5 1.975205e+03 1.938249e+03 1.970098e+03 2.007054e+03
1.0 1.954890e+03 2.025819e+03 1.905244e+03 1.834315e+03
2.0 2.132593e+03 1.996329e+03 1.907476e+03 2.043739e+03
3.0 2.041238e+03 1.998857e+03 1.909485e+03 1.951866e+03
4.0 1.925437e+03 2.007358e+03 1.928851e+03 1.846930e+03
5.0 2.043882e+03 1.958767e+03 1.948899e+03 2.034014e+03
6.0 1.857262e+03 1.785095e+03 1.973101e+03 2.045269e+03
7.0 1.749217e+03 1.734979e+03 1.989505e+03 2.003743e+03
8.0 1.975340e+03 1.880037e+03 1.973756e+03 2.069059e+03
9.0 1.819359e+03 1.958587e+03 1.940933e+03 1.801705e+03
10.0 1.976241e+03 1.955286e+03 1.893515e+03 1.914469e+03
11.0 1.739797e+03 1.980948e+03 1.863875e+03 1.622724e+03
12.0 1.879667e+03 1.891128e+03 1.878083e+03 1.866622e+03
13.0 2.043150e+03 1.909993e+03 1.916703e+03 2.049860e+03
14.0 1.753029e+03 1.935987e+03 1.964462e+03 1.781504e+03
15.0 1.881800e+03 1.928595e+03 1.985904e+03 1.939109e+03
16.0 1.975205e+03 1.938249e+03 1.970098e+03 2.007054e+03
17.0 1.890148e+03 1.955796e+03 1.948083e+03 1.882435e+03
18.0 1.879023e+03 1.886809e+03 1.933472e+03 1.925686e+03
0.9 2.132593e+03 1.996329e+03 1.907476e+03 2.043739e+03
1.9 2.041238e+03 1.998857e+03 1.909485e+03 1.951866e+03
2.9 1.925437e+03 2.007358e+03 1.928851e+03 1.846930e+03
3.9 2.043882e+03 1.958767e+03 1.948899e+03 2.034014e+03
4.9 1.857262e+03 1.785095e+03 1.973101e+03 2.045269e+03
5.9 1.749217e+03 1.734979e+03 1.989505e+03 2.003743e+03
6.9 1.975340e+03 1.880037e+03 1.973756e+03 2.069059e+03
7.9 1.819359e+03 1.958587e+03 1.940933e+03 1.801705e+03
8.9 1.976241e+03 1.955286e+03 1.893515e+03 1.914469e+03
9.9 1.739797e+03 1.980948e+03 1.863875e+03 1.622724e+03
10.9 1.879667e+03 1.891128e+03 1.878083e+03 1.866622e+03
11.9 2.043150e+03 1.909993e+03 1.916703e+03 2.049860e+03
12.9 1.753029e+03 1.935987e+03 1.964462e+03 1.781504e+03
13.9 1.881800e+03 1.928595e+03 1.985904e+03 1.939109e+03
14.9 1.975205e+03 1.938249e+03 1.970098e+03 2.007054e+03
15.9 1.890148e+03 1.955796e+03 1.948083e+03 1.882435e+03
16.9 1.879023e+03 1.886809e+03 1.933472e+03 1.925686e+03
17.9 1.821573e+03 1.813556e+03 1.925987e+03 1.934004e+03
0.8 2.041238e+03 1.998857e+03 1.909485e+03 1.951866e+03
1.8 1.925437e+03 2.007358e+03 1.928851e+03 1.846930e+03
2.8 2.043882e+03 1.958767e+03 1.948899e+03 2.034014e+03
3.8 1.857262e+03 1.785095e+03 1.973101e+03 2.045269e+03
4.8 1.749217e+03 1.734979e+03 1.989505e+03 2.003743e+03
5.8 1.975340e+03 1.880037e+03 1.973756e+03 2.069059e+03
6.8 1.819359e+03 1.958587e+03 1.940933e+03 1.801705e+03
7.8 1.976241e+03 1.955286e+03 1.893515e+03 1.914469e+03
8.8 1.739797e+03 1.980948e+03 1.863875e+03 1.622724e+03
9.8 1.879667e+03 1.891128e+03 1.878083e+03 1.866622e+03
10.8 2.043150e+03 1.909993e+03 1.916703e+03 2.049860e+03
11.8 1.753029e+03 1.935987e+03 1.964462e+03 1.781504e+03
12.8 1.881800e+03 1.928595e+03 1.985904e+03 1.939109e+03
13.8 1.975205e+03 1.938249e+03 1.970098e+03 2.007054e+03
14.8 1.890148e+03 1.955796e+03 1.948083e+03 1.882435e+03
15.8 1.879023e+03 1.886809e+03 1.933472e+03 1.925686e+03
16.8 1.821573e+03 1.813556e+03 1.925987e+03 1.934004e+03
17.8 1.843228e+03 1.891241e+03 1.923273e+03 1.875260e+03
0.4 1.925437e+03 2.007358e+03 1.928851e+03 1.846930e+03
1.4 2.043882e+03 1.958767e+03 1.948899e+03 2.034014e+03
2.4 1.857262e+03 1.785095e+03 1.973101e+03 2.045269e+03
3.4 1.749217e+03 1.734979e+03 1.989505e+03 2.003743e+03
4.4 1.975340e+03 1.880037e+03 1.973756e+03 2.069059e+03
5.4 1.819359e+03 1.958587e+03 1.940933e+03 1.801705e+03
6.4 1.976241e+03 1.955286e+03 1.893515e+03 1.914469e+03
7.4 1.739797e+03 1.980948e+03 1.863875e+03 1.622724e+03
8.4 1.879667e+03 1.891128e+03 1.878083e+03 1.866622e+03
9.4 2.043150e+03 1.909993e+03 1.916703e+03 2.049860e+03
10.4 1.753029e+03 1.935987e+03 1.964462e+03 1.781504e+03
11.4 1.881800e+03 1.928595e+03 1.985904e+03 1.939109e+03
12.4 1.975205e+03 1.938249e+03 1.970098e+03 2.007054e+03
13.4 1.890148e+03 1.955796e+03 1.948083e+03 1.882435e+03
14.4 1.879023e+03 1.886809e+03 1.933472e+03 1.925686e+03
15.4 1.821573e+03 1.813556e+03 1.925987e+03 1.934004e+03
16.4 1.843228e+03 1.891241e+03 1.923273e+03 1.875260e+03
17.4 1.922362e+03 1.878639e+03 1.923364e+03 1.967087e+03
0.2 1.819359e+03 1.958587e+03 1.940933e+03 1.801705e+03
1.2 1.976241e+03 1.955286e+03 1.893515e+03 1.914469e+03
2.2 1.739797e+03 1.980948e+03 1.863875e+03 1.622724e+03
3.2 1.879667e+03 1.891128e+03 1.878083e+03 1.866622e+03
4.2 2.043150e+03 1.909993e+03 1.916703e+03 2.049860e+03
5.2 1.753029e+03 1.935987e+03 1.964462e+03 1.781504e+03
6.2 1.881800e+03 1.928595e+03 1.985904e+03 1.939109e+03
7.2 1.975205e+03 1.938249e+03 1.970098e+03 2.007054e+03
8.2 1.890148e+03 1.955796e+03 1.948083e+03 1.882435e+03
9.2 1.879023e+03 1.886809e+03 1.933472e+03 1.925686e+03
10.2 1.821573e+03 1.813556e+03 1.925987e+03 1.934004e+03
11.2 1.843228e+03 1.891241e+03 1.923273e+03 1.875260e+03
12.2 1.922362e+03 1.878639e+03 1.923364e+03 1.967087e+03
13.2 2.029585e+03 1.965600e+03 1.924661e+03 1.988646e+03
14.2 1.976110e+03 2.015904e+03 1.926106e+03 1.886311e+03
15.2 1.693554e+03 1.974684e+03 1.927245e+03 1.646114e+03
16.2 1.847102e+03 1.984175e+03 1.928025e+03 1.790951e+03
17.2 2.071935e+03 2.017010e+03 1.928537e+03 1.983462e+03
1.0 1.739797e+03 1.980948e+03 1.863875e+03 1.622724e+03
2.0 1.879667e+03 1.891128e+03 1.878083e+03 1.866622e+03
3.0 2.043150e+03 1.909993e+03 1.916703e+03 2.049860e+03
4.0 1.753029e+03 1.935987e+03 1.964462e+03 1.781504e+03
5.0 1.881800e+03 1.928595e+03 1.985904e+03 1.939109e+03
6.0 1.975205e+03 1.938249e+03 1.970098e+03 2.007054e+03
7.0 1.890148e+03 1.955796e+03 1.948083e+03 1.882435e+03
8.0 1.879023e+03 1.886809e+03 1.933472e+03 1.925686e+03
9.0 1.821573e+03 1.813556e+03 1.925987e+03 1.934004e+03
10.0 1.843228e+03 1.891241e+03 1.923273e+03 1.875260e+03
11.0 1.922362e+03 1.878639e+03 1.923364e+03 1.967087e+03
12.0 2.029585e+03 1.965600e+03 1.924661e+03 1.988646e+03
13.0 1.976110e+03 2.015904e+03 1.926106e+03 1.886311e+03
14.0 1.693554e+03 1.974684e+03 1.927245e+03 1.646114e+03
15.0 1.847102e+03 1.984175e+03 1.928025e+03 1.790951e+03
16.0 2.071935e+03 2.017010e+03 1.928537e+03 1.983462e+03
17.0 1.999227e+03 1.877579e+03 1.928898e+03 2.050546e+03
18.0 2.043958e+03 1.907222e+03 1.929187e+03 2.065923e+03
0.7 1.879667e+03 1.891128e+03 1.878083e+03 1.866622e+03
1.7 2.043150e+03 1.909993e+03 1.916703e+03 2.049860e+03
2.7 1.753029e+03 1.935987e+03 1.964462e+03 1.781504e+03
3.7 1.881800e+03 1.928595e+03 1.985904e+03 1.939109e+03
4.7 1.975205e+03 1.938249e+03 1.970098e+03 2.007054e+03
5.7 1.890148e+03 1.955796e+03 1.948083e+03 1.882435e+03
6.7 1.879023e+03 1.886809e+03 1.933472e+03 1.925686e+03
7.7 1.821573e+03 1.813556e+03 1.925987e+03 1.934004e+03
8.7 1.843228e+03 1.891241e+03 1.923273e+03 1.875260e+03
9.7 1.922362e+03 1.878639e+03 1.923364e+03 1.967087e+03
10.7 2.029585e+03 1.965600e+03 1.924661e+03 1.988646e+03
11.7 1.976110e+03 2.015904e+03 1.926106e+03 1.886311e+03
12.7 1.693554e+03 1.974684e+03 1.927245e+03 1.646114e+03
13.7 1.847102e+03 1.984175e+03 1.928025e+03 1.790951e+03
14.7 2.071935e+03 2.017010e+03 1.928537e+03 1.983462e+03
15.7 1.999227e+03 1.877579e+03 1.928898e+03 2.050546e+03
16.7 2.043958e+03 1.907222e+03 1.929187e+03 2.065923e+03
17.7 1.885194e+03 1.939389e+03 1.929447e+03 1.875252e+03
0.1 1.926271e+03 1.715698e+03 1.924794e+03 2.135367e+03
1.1 1.633579e+03 1.524314e+03 1.893666e+03 2.002931e+03
2.1 1.807233e+03 1.816749e+03 1.868408e+03 1.858891e+03
3.1 1.788240e+03 1.887660e+03 1.890384e+03 1.790965e+03
4.1 1.824485e+03 1.856140e+03 1.912999e+03 1.881344e+03
5.1 2.109020e+03 1.868196e+03 1.918740e+03 2.159565e+03
6.1 2.068178e+03 1.896775e+03 1.931367e+03 2.102770e+03
7.1 1.646015e+03 1.707284e+03 1.959240e+03 1.897971e+03
8.1 1.674019e+03 1.574669e+03 1.988270e+03 2.087620e+03
9.1 1.625818e+03 1.643123e+03 1.985558e+03 1.968253e+03
10.1 1.610085e+03 1.706705e+03 1.961187e+03 1.864567e+03
11.1 2.075000e+03 1.884822e+03 1.940584e+03 2.130763e+03
12.1 1.951455e+03 1.928014e+03 1.929156e+03 1.952597e+03
13.1 2.848967e+03 2.229790e+03 1.924251e+03 2.543427e+03
14.1 2.035519e+03 2.112245e+03 1.923192e+03 1.846465e+03
15.1 2.448368e+03 2.405735e+03 1.924052e+03 1.966686e+03
16.1 2.565836e+03 2.298368e+03 1.925470e+03 2.192939e+03
17.1 1.955142e+03 2.247941e+03 1.926702e+03 1.633902e+03
0.9 1.807233e+03 1.816749e+03 1.868408e+03 1.858891e+03
1.9 1.788240e+03 1.887660e+03 1.890384e+03 1.790965e+03
2.9 1.824485e+03 1.856140e+03 1.912999e+03 1.881344e+03
3.9 2.109020e+03 1.868196e+03 1.918740e+03 2.159565e+03
4.9 2.068178e+03 1.896775e+03 1.931367e+03 2.102770e+03
5.9 1.646015e+03 1.707284e+03 1.959240e+03 1.897971e+03
6.9 1.674019e+03 1.574669e+03 1.988270e+03 2.087620e+03
7.9 1.625818e+03 1.643123e+03 1.985558e+03 1.968253e+03
8.9 1.610085e+03 1.706705e+03 1.961187e+03 1.864567e+03
9.9 2.075000e+03 1.884822e+03 1.940584e+03 2.130763e+03
10.9 1.951455e+03 1.928014e+03 1.929156e+03 1.952597e+03
11.9 2.848967e+03 2.229790e+03 1.924251e+03 2.543427e+03
12.9 2.035519e+03 2.112245e+03 1.923192e+03 1.846465e+03
13.9 2.448368e+03 2.405735e+03 1.924052e+03 1.966686e+03
14.9 2.565836e+03 2.298368e+03 1.925470e+03 2.192939e+03
15.9 1.955142e+03 2.247941e+03 1.926702e+03 1.633902e+03
16.9 2.418632e+03 2.117704e+03 1.927517e+03 2.228445e+03
17.9 2.154361e+03 2.125511e+03 1.927981e+03 1.956831e+03
0.4 1.788240e+03 1.887660e+03 1.890384e+03 1.790965e+03
1.4 1.824485e+03 1.856140e+03 1.912999e+03 1.881344e+03
2.4 2.109020e+03 1.868196e+03 1.918740e+03 2.159565e+03
3.4 2.068178e+03 1.896775e+03 1.931367e+03 2.102770e+03
4.4 1.646015e+03 1.707284e+03 1.959240e+03 1.897971e+03
5.4 1.674019e+03 1.574669e+03 1.988270e+03 2.087620e+03
6.4 1.625818e+03 1.643123e+03 1.985558e+03 1.968253e+03
7.4 1.610085e+03 1.706705e+03 1.961187e+03 1.864567e+03
8.4 2.075000e+03 1.884822e+03 1.940584e+03 2.130763e+03
9.4 1.951455e+03 1.928014e+03 1.929156e+03 1.952597e+03
10.4 2.848967e+03 2.229790e+03 1.924251e+03 2.543427e+03
11.4 2.035519e+03 2.112245e+03 1.923192e+03 1.846465e+03
12.4 2.448368e+03 2.405735e+03 1.924052e+03 1.966686e+03
13.4 2.565836e+03 2.298368e+03 1.925470e+03 2.192939e+03
14.4 1.955142e+03 2.247941e+03 1.926702e+03 1.633902e+03
15.4 2.418632e+03 2.117704e+03 1.927517e+03 2.228445e+03
16.4 2.154361e+03 2.125511e+03 1.927981e+03 1.956831e+03
17.4 1.928846e+03 2.062124e+03 1.928234e+03 1.794957e+03
0.4 1.824485e+03 1.856140e+03 1.912999e+03 1.881344e+03
1.4 2.109020e+03 1.868196e+03 1.918740e+03 2.159565e+03
2.4 2.068178e+03 1.896775e+03 1.931367e+03 2.102770e+03
3.4 1.646015e+03 1.707284e+03 1.959240e+03 1.897971e+03
4.4 1.674019e+03 1.574669e+03 1.988270e+03 2.087620e+03
5.4 1.625818e+03 1.643123e+03 1.985558e+03 1.968253e+03
6.4 1.610085e+03 1.706705e+03 1.961187e+03 1.864567e+03
7.4 2.075000e+03 1.884822e+03 1.940584e+03 2.130763e+03
8.4 1.951455e+03 1.928014e+03 1.929156e+03 1.952597e+03
9.4 2.848967e+03 2.229790e+03 1.924251e+03 2.543427e+03
10.4 2.035519e+03 2.112245e+03 1.923192e+03 1.846465e+03
11.4 2.448368e+03 2.405735e+03 1.924052e+03 1.966686e+03
12.4 2.565836e+03 2.298368e+03 1.925470e+03 2.192939e+03
13.4 1.955142e+03 2.247941e+03 1.926702e+03 1.633902e+03
14.4 2.418632e+03 2.117704e+03 1.927517e+03 2.228445e+03
15.4 2.154361e+03 2.125511e+03 1.927981e+03 1.956831e+03
16.4 1.928846e+03 2.062124e+03 1.928234e+03 1.794957e+03
17.4 1.883676e+03 2.095297e+03 1.928379e+03 1.716758e+03
1.0 2.068178e+03 1.896775e+03 1.931367e+03 2.102770e+03
2.0 1.646015e+03 1.707284e+03 1.959240e+03 1.897971e+03
3.0 1.674019e+03 1.574669e+03 1.988270e+03 2.087620e+03
4.0 1.625818e+03 1.643123e+03 1.985558e+03 1.968253e+03
5.0 1.610085e+03 1.706705e+03 1.961187e+03 1.864567e+03
6.0 2.075000e+03 1.884822e+03 1.940584e+03 2.130763e+03
7.0 1.951455e+03 1.928014e+03 1.929156e+03 1.952597e+03
8.0 2.848967e+03 2.229790e+03 1.924251e+03 2.543427e+03
9.0 2.035519e+03 2.112245e+03 1.923192e+03 1.846465e+03
10.0 2.448368e+03 2.405735e+03 1.924052e+03 1.966686e+03
11.0 2.565836e+03 2.298368e+03 1.925470e+03 2.192939e+03
12.0 1.955142e+03 2.247941e+03 1.926702e+03 1.633902e+03
13.0 2.418632e+03 2.117704e+03 1.927517e+03 2.228445e+03
14.0 2.154361e+03 2.125511e+03 1.927981e+03 1.956831e+03
15.0 1.928846e+03 2.062124e+03 1.928234e+03 1.794957e+03
16.0 1.883676e+03 2.095297e+03 1.928379e+03 1.716758e+03
17.0 2.304042e+03 2.144298e+03 1.928480e+03 2.088224e+03
18.0 2.385691e+03 2.143257e+03 1.928565e+03 2.170999e+03
