0.00081796  -0.000197697  0.00121603  -0.0429908  -0.26903  -0.406502  
0.0017655  -0.000237623  0.000976252  -0.0314465  -0.340229  -0.390996  
0.000372826  -0.000259978  0.00105572  -0.0466758  -0.231467  -0.370442  
0.000937081  0.00019841  0.000879724  -0.0495445  -0.276994  -0.353278  
0.000927654  0.00019841  0.000970229  -0.041506  -0.259989  -0.353292  
0.00065757  0.00019841  0.00096212  -0.0442136  -0.235956  -0.359557  
0.000626521  6.76585e-05  0.00073453  -0.0464181  -0.296084  -0.364978  
0.000877758  -3.72466e-05  0.000879331  -0.0456646  -0.226279  -0.372604  
0.000729076  4.13321e-06  0.000920736  -0.0414719  -0.295388  -0.36675  
0.00087906  -3.90517e-05  0.000961267  -0.0476126  -0.196597  -0.350555  
0.000254916  -0.00021015  0.00164538  -0.0285534  -0.284562  -0.329655  
-0.00058088  2.1856e-05  0.00107171  -0.0434725  -0.174665  -0.240837  
-0.000898662  1.63168e-06  0.00126861  -0.053407  -0.255832  -0.326884  
-0.000754113  0.00019841  0.000947357  -0.0553868  -0.21967  -0.300877  
-9.87568e-05  0.00019841  0.00068903  -0.0522164  -0.288235  -0.320324  
-0.000724043  0.00019841  0.000806962  -0.0626468  -0.184327  -0.30364  
0.000281449  0.00019841  0.000708185  -0.0582457  -0.287494  -0.384131  
-0.000456458  0.00075958  0.000520472  -0.0594073  -0.21404  -0.372305  
0.000440321  0.000407279  0.000511657  -0.0607466  -0.28919  -0.350714  
-0.000443637  0.000497767  0.000436427  -0.0653795  -0.237553  -0.348895  
-0.000338167  0.000585392  5.69215e-05  -0.0604388  -0.230014  -0.277175  
0.00015669  0.000585392  0.000275871  -0.0602998  -0.250587  -0.337307  
-0.000411006  0.000585392  0.000333747  -0.056804  -0.250372  -0.363719  
0.00215506  4.9551e-05  0.000361676  -0.0439295  -0.275722  -0.367427  
0.000959254  0.000318835  0.000227108  -0.0478417  -0.292517  -0.33156  
0.0016565  0.000418161  -5.23204e-05  -0.0561505  -0.28707  -0.3436  
0.00129853  0.000585392  -8.78519e-05  -0.0586859  -0.262539  -0.329261  
0.00191528  0.000585392  -4.68777e-05  -0.0629944  -0.302395  -0.331602  
0.00147803  0.000688508  -0.000189123  -0.0637215  -0.284186  -0.353718  
0.00150001  0.000585392  -0.000282521  -0.0633708  -0.259858  -0.339478  
0.00158296  0.000585392  -0.000148786  -0.0543731  -0.290177  -0.362416  
0.0026178  0.000488931  -0.000191882  -0.0553366  -0.270328  -0.32441  
0.00208832  0.000585392  -0.000194303  -0.0570349  -0.318703  -0.385154  
0.00142967  0.000872626  -0.000254118  -0.0629075  -0.254719  -0.347776  
0.0025953  0.000585392  -0.000175285  -0.0591826  -0.301536  -0.362298  
0.00162989  0.000585392  -0.000325083  -0.0562209  -0.254732  -0.339102  
0.00148607  0.000642967  -0.000169337  -0.0530643  -0.276223  -0.325962  
0.00191932  0.000585392  -0.000503738  -0.0491419  -0.305307  -0.363025  
0.00175005  0.000585392  -0.000487544  -0.0503789  -0.229852  -0.321609  
0.00216456  0.00104262  -0.000821911  -0.0509873  -0.309383  -0.325793  
0.00191731  0.00076743  -0.000664384  -0.0530206  -0.277247  -0.316705  
0.00148227  0.000585392  -0.000509749  -0.0491947  -0.222568  -0.303305  
0.000321657  9.05308e-05  -0.000310481  -0.0529344  -0.148059  -0.317304  
0.00182043  0.000589781  -0.000267833  -0.04645  -0.417517  -0.362688  
0.00210321  0.000865632  -0.000298971  -0.0491435  -0.286834  -0.302944  
0.00171725  0.000453148  0.000177777  -0.0503833  -0.2821  -0.268924  
0.00155696  0.000470154  -0.000191804  -0.0563771  -0.207267  -0.231512  
0.00211571  0.000927244  -0.000161105  -0.0562698  -0.254435  -0.258033  
0.00137329  0.000449823  -0.00026016  -0.0563982  -0.22205  -0.245824  
0.00130282  0.000932926  -0.000631449  -0.0561816  -0.247382  -0.224062  
0.00175184  0.000775239  -0.00073272  -0.0561463  -0.246651  -0.272218  
0.00133221  0.000507683  -0.00061891  -0.0562478  -0.198256  -0.26734  
0.00193361  0.00083563  -0.000771633  -0.0561286  -0.222024  -0.272885  
0.00211274  0.000913016  -0.000761057  -0.0561338  -0.23697  -0.339149  
0.00136175  0.000778514  -0.000752856  -0.0561475  -0.21291  -0.296633  
0.00129368  0.00083563  -0.000812186  -0.0520243  -0.222512  -0.239111  
0.000732138  7.39129e-05  -0.000926573  -0.0505795  -0.00654989  -0.0973083  
0.000375308  0.000244779  -0.00110999  -0.0560521  -0.204811  -0.254885  
0.00116965  0.00021795  -0.00145321  -0.0560022  -0.301995  -0.282382  
0.00142447  0.0006862  -0.00121622  -0.0559181  -0.21804  -0.288545  
0.00142996  0.000853698  -0.00128271  -0.067082  -0.219801  -0.286851  
0.00120839  0.000604847  -0.0010411  -0.0684912  -0.180818  -0.276095  
0.000969019  0.000629612  -0.00123664  -0.0667492  -0.151583  -0.229369  
0.00108877  0.000879612  -0.00116943  -0.0668497  -0.224223  -0.278059  
0.00111477  0.000629612  -0.00110653  -0.0559615  -0.181684  -0.25413  
0.00126404  0.000572083  -0.00104652  -0.063497  -0.207705  -0.239986  
0.000855243  0.000629612  -0.00121447  -0.0670003  -0.191432  -0.27222  
0.000645576  0.000629612  -0.00123867  -0.0627099  -0.178857  -0.22682  
0.00221877  0.00091379  -0.00121563  -0.0618264  -0.228883  -0.27809  
0.000452239  0.000631191  -0.00128133  -0.0614672  -0.147814  -0.241968  
0.0018938  0.000499892  -0.00122736  -0.0592917  -0.252652  -0.306566  
0.000577473  0.000843981  -0.00119541  -0.0658804  -0.193428  -0.254662  
0.000515463  -0.000116809  -0.000531174  -0.05075  -0.0885279  -0.26163  
0.00155623  0.000110361  -3.85407e-05  -0.0519164  -0.312639  -0.383721  
0.00271283  -0.000135731  -0.000415982  -0.0401091  -0.221618  -0.32878  
0.00289317  -0.000341362  -0.000375112  -0.0401769  -0.209975  -0.331742  
0.00279484  2.23686e-05  -0.00103532  -0.0528974  -0.207719  -0.316328  
0.00236424  0.00096976  -0.00132157  -0.0656584  -0.169972  -0.284784  
0.00176925  0.000798985  -0.00110036  -0.047666  -0.169792  -0.29376  
0.00232681  0.00099601  -0.0014024  -0.0525565  -0.206591  -0.307181  
0.00217116  0.000434965  -0.00141265  -0.0534163  -0.14095  -0.290075  
0.00410111  8.59573e-05  -0.000975444  -0.0391607  -0.233927  -0.285476  
0.00218146  0.000231025  -0.000982247  -0.054807  -0.137141  -0.269184  
0.00258924  0.000185048  -0.000926833  -0.0533624  -0.189203  -0.257704  
0.00185488  0.000412639  -0.00101279  -0.057014  -0.147475  -0.283014  
0.00170067  0.000349839  -0.0010659  -0.0537809  -0.155267  -0.272036  
0.00221607  0.00046453  -0.00131329  -0.0569492  -0.213207  -0.320809  
0.00152144  0.000464531  -0.00119965  -0.0410631  -0.134797  -0.315377  
0.00232744  0.00052632  -0.0012925  -0.0424665  -0.229393  -0.328006  
0.00110988  0.00046453  -0.00124376  -0.0569622  -0.12668  -0.302491  
0.00215728  0.000464531  -0.00118145  -0.0521563  -0.234842  -0.32293  
0.00152042  0.000464531  -0.00114382  -0.0570012  -0.177374  -0.338668  
0.00238025  0.000464531  -0.000641694  -0.0433047  -0.266382  -0.312543  
0.000960984  2.69721e-05  -0.00104648  -0.0471637  -0.0614308  -0.235682  
0.00175512  0.000197458  -0.0010194  -0.0469606  -0.22173  -0.338078  
0.00198885  0.000138528  -0.000659669  -0.0421694  -0.174651  -0.269714  
0.00280525  0.000256054  -0.000630737  -0.0381688  -0.219483  -0.318728  
0.00157571  0.000130287  -0.000766355  -0.0488305  -0.12859  -0.258436  
0.00248547  0.00056613  -0.000762846  -0.0459116  -0.214314  -0.276018  
0.00198109  1.3376e-05  -0.000894846  -0.0512307  -0.156786  -0.269388  
0.00198109  0.000217995  -0.000933438  -0.0574966  -0.18173  -0.243969  
0.00205872  0.000325983  -0.00103116  -0.0429913  -0.190811  -0.283556  
0.00105989  0.000387919  -0.00113316  -0.0461821  -0.0967782  -0.195561  
0.000678299  0.000459221  -0.000713234  -0.0396432  -0.110742  -0.0566265  
0.0015174  9.53077e-05  -0.000650051  -0.0494641  -0.0889344  -0.206708  
0.00246772  0.000395104  -0.000771433  -0.0392996  -0.192456  -0.238571  
0.00152314  0.00024363  -0.00066838  -0.0440748  -0.109757  -0.17424  
0.00235109  0.000427002  -0.000770176  -0.0431135  -0.177797  -0.187134  
0.00251306  0.000514067  -0.000671648  -0.0426839  -0.150177  -0.203341  
0.00156285  0.000326405  -0.000882054  -0.0380957  -0.123757  -0.174417  
0.00171602  0.000542376  -0.000882054  -0.0502247  -0.189318  -0.20408  
0.00235382  0.000806921  -0.000594445  -0.0455935  -0.166881  -0.257523  
0.00153517  0.000345828  -0.000792755  -0.0454605  -0.148843  -0.209743  
0.00208444  0.00051035  -0.000794278  -0.0511784  -0.1739  -0.2367  
0.00137668  0.000527692  -0.000882054  -0.052753  -0.139526  -0.247431  
0.00197442  0.000468094  -0.000738022  -0.0508937  -0.171029  -0.233855  
0.00188135  0.000345828  -0.000607336  -0.0372052  -0.186395  -0.249889  
0.00148149  0.000511106  -0.000847294  -0.0431169  -0.131101  -0.237822  
0.00159419  0.000345828  -0.000703124  -0.0378671  -0.195432  -0.231961  
0.00159864  0.000460156  -0.000743662  -0.0328451  -0.17049  -0.246924  
0.00127786  0.000345828  -0.000733391  -0.0369976  -0.125822  -0.225759  
0.00195063  0.000345828  -0.000711666  -0.0341712  -0.179125  -0.2386  
0.00101366  0.000345828  -0.000655  -0.040649  -0.1149  -0.220104  
0.00102528  0.000547404  -0.00020771  -0.0326366  -0.176187  -0.221808  
0.0013963  0.000345828  -0.000522989  -0.0362734  -0.10548  -0.197498  
0.00216411  0.00112784  -0.000716173  -0.0391513  -0.185541  -0.227788  
0.00204986  0.00100535  -0.000874133  -0.0389379  -0.159352  -0.23226  
0.00174967  0.000886  -0.000689078  -0.0386824  -0.101416  -0.189614  
0.00241387  0.000771609  -0.000737259  -0.0313094  -0.163543  -0.229068  
-0.000113926  0.000135795  -0.000192846  -0.0139773  0.0666359  -0.0690148  
0.00102862  0.000440397  -0.000208644  -0.0178445  -0.186055  -0.147122  
0.000498444  0.000701148  -5.47182e-05  0.0018708  -0.168904  -0.118222  
0.00141995  0.000831189  -0.000785271  -0.0172609  -0.075455  -0.0949919  
0.00106546  0.000249044  -0.000686487  -0.00898423  -0.133792  -0.1347  
0.00141893  0.000712775  -0.000708366  -0.0157938  -0.0524033  -0.0654763  
0.000714815  0.00161046  -0.0008002  -0.00663926  -0.110693  -0.0896703  
0.000389781  0.000682413  -0.00080298  -0.017266  0.00182738  0.063007  
0.000203207  0.000924244  -0.000932946  -0.00879622  -0.117165  -0.0781341  
0.000199111  0.000682413  -0.000650659  -0.00859825  -0.0386619  -0.108211  
0.000717046  0.000682413  -0.000499488  -0.0101702  -0.10232  -0.0883582  
-0.000793404  0.000469376  -0.000406049  -0.0243508  -0.006957  0.0177636  
0.000527279  0.000542255  -0.000539566  -0.024319  -0.141141  -0.0923709  
0.000149879  0.0002014  -0.000539566  -0.0243554  -0.0262954  -0.0667941  
-9.41274e-05  0.000372663  -0.000539566  -0.0243389  -0.100868  -0.0776503  
-0.000132445  0.000408871  -0.000423641  -0.00936594  -0.0774642  -0.0988328  
0.00114867  0.000330872  -9.85599e-05  -0.0103787  -0.0369642  0.00225019  
0.000948844  0.000248224  -0.000218142  0.003699  -0.0681936  -0.0154676  
0.000205568  0.000264719  -0.000194344  -0.00381573  -0.089083  -0.0739019  
0.00114644  -8.1287e-06  0.000191938  0.0145264  -0.145087  -0.0662467  
-0.000133784  -8.1287e-06  0.000200123  0.00170336  -0.00790637  -0.00223297  
0.0018085  0.000452224  -0.000348903  0.00171809  -0.15096  -0.0931349  
0.000129767  0.000452224  -0.000214733  -0.00940152  -0.0386299  -0.0568133  
0.00142985  0.000625555  -0.000209233  0.00140365  -0.140986  -0.0928624  
0.000690258  0.000623025  -0.000201914  -0.0094465  -0.0534061  -0.0796703  
0.000939762  0.000607761  -9.5708e-05  -0.00962153  -0.142589  -0.144107  
0.000408602  0.000452224  -0.00019746  -0.00415779  -0.0542258  -0.120865  
0.000973285  0.000452224  -6.78119e-07  -0.0060033  -0.137432  -0.148902  
0.000406804  0.000452224  5.96611e-06  -0.0082602  -0.0628717  -0.108405  
0.000797422  0.000452224  0.000165487  -0.0026324  -0.114752  -0.122555  
0.000422448  0.000452224  1.62477e-05  -0.00553821  -0.107814  -0.148376  
0.000789448  0.000452224  -0.000129706  -0.00823395  -0.080728  -0.135756  
0.000774183  0.000452224  -7.47821e-05  -0.00130527  -0.135572  -0.156301  
0.000341123  0.000452224  -0.000157206  -0.0114188  -0.0733455  -0.128492  
0.000653953  0.000389001  -0.000133156  -0.00989325  -0.113808  -0.140909  
0.000375207  0.000273738  -0.000101479  -0.00645473  -0.121376  -0.143982  
0.000422193  0.000359759  -0.000212497  -0.0125405  -0.0766689  -0.123508  
-0.00117021  -0.000836797  0.000248419  -0.0169605  0.11856  0.0507393  
-0.00138897  -0.00118265  0.00061661  -0.0060591  -0.0810575  -0.0194787  
-0.00239887  -0.000612804  0.000882058  -0.00121261  -0.149469  -0.0780259  
-0.000942965  -0.000107541  0.000482984  -0.00588906  -0.195334  -0.157903  
-0.000479344  0.000323303  0.000586881  -0.015316  -0.122756  -0.13231  
-0.00051416  1.91829e-05  0.000516507  -0.0184758  -0.0763267  -0.0843426  
-0.00131101  2.92012e-05  0.000469116  -0.0171515  -0.0983194  -0.040635  
-0.00148151  3.88298e-05  0.000356276  -0.014106  -0.0495342  -0.00660612  
-0.00140169  2.28186e-05  0.000382922  -0.0161034  -0.0969063  -0.0313609  
-0.00130974  -0.000200217  0.000335556  -0.0109087  -0.0510935  -0.00844584  
-0.000708125  -4.2394e-05  0.000149846  -0.0165021  -0.102807  -0.0529956  
-0.00155185  -0.000100839  0.000149846  -0.0191935  -0.0443952  -0.0377269  
-0.00109966  5.62653e-06  0.000374444  -0.0162652  -0.0768914  -0.0176242  
-0.000709218  -7.28837e-05  0.000355593  -0.0130556  -0.101675  -0.0652788  
-0.00158973  -0.000113798  0.000365327  -0.0121557  -0.0623314  -0.0528839  
-0.00114456  -0.000115677  0.00038566  -0.0151297  -0.087033  -0.0615396  
-0.00117567  5.62653e-06  0.000149846  -0.0116829  -0.0852125  -0.0895417  
-0.00130079  5.62653e-06  0.000149846  -0.00958803  -0.0632142  -0.064081  
-0.00126798  5.62653e-06  0.000271922  -0.0113457  -0.0949155  -0.0770058  
-0.00162106  5.62653e-06  0.000313855  -0.00549978  -0.0298548  -0.064566  
-0.00140102  0.000133772  0.000149846  -0.00403585  -0.0560644  -0.0573805  
-0.0012385  3.97781e-05  0.000275221  -0.00528293  -0.0504484  -0.0756144  
-0.00160869  -4.69142e-06  0.000149846  -0.00795504  -0.0393393  -0.0349102  
-0.00195033  0.000175702  0.000149846  -0.0182495  -0.0807759  -0.0650033  
-0.002283  -0.000120533  0.000579998  -0.0128974  -0.0271939  -0.000188199  
-0.00133581  -4.4381e-06  0.000619354  -0.0167508  -0.0892678  -0.0834741  
-0.00199735  1.68929e-05  0.000231183  -0.0116778  -0.0219925  -0.00590393  
-0.00139449  -5.59832e-05  0.000343314  -0.0168019  -0.080283  -0.0141952  
-0.00150042  0.000520416  0.000344043  -0.0166702  -0.0587874  -0.0265089  
-0.00174471  0.000329101  0.000149846  -0.025244  -0.00938803  0.0253406  
-0.00167354  0.000328345  0.000253902  -0.0127256  -0.0669344  -0.0199499  
-0.00191978  0.00034051  0.000149846  -0.0044899  -0.0451163  -0.0368052  
-0.00173311  0.000331313  0.000149846  -0.00829781  -0.0346134  -0.0149908  
-0.00177972  0.000261024  0.000149846  -0.00746802  -0.0587194  -0.0352695  
-0.00210536  9.12991e-05  0.000286489  -0.00746759  0.0172835  -0.00973307  
-0.000767204  -8.8028e-06  0.000370798  -0.00749342  -0.0740208  -0.0481919  
-0.00228768  0.000228655  0.000334121  -0.00747432  -0.0323149  -0.0489637  
-0.00201288  0.000116839  0.000402074  -0.00747919  -0.0475448  0.00657494  
-0.00176003  0.000352916  0.000259886  -0.0074906  -0.0822878  -0.0229599  
-0.00209139  0.000116839  0.000271755  -0.00747622  0.00302793  0.00335225  
-0.00165752  0.000116839  0.000149846  -0.00748157  -0.082301  0.0118656  
-0.0022687  2.52772e-05  0.000962214  -0.00170115  -0.062565  0.0391222  
-0.00202002  -0.000234319  0.000554904  -0.00764252  0.00587262  0.0620256  
-0.00127146  0.000364086  0.000470412  -0.00759292  -0.11482  -0.0459836  
-0.000968069  0.000364086  6.31432e-05  -0.00756705  -0.0441664  -0.0246893  
-0.00278759  0.000847512  -0.000215459  -0.040821  0.0458908  0.197719  
-0.00261983  0.000721456  -0.000414407  -0.0451627  0.0182438  0.120979  
-0.00210821  0.000761623  -5.65169e-05  -0.0403543  -0.048556  0.0390175  
-0.00249402  0.000853295  8.6255e-05  -0.0396777  -0.0118703  0.0230459  
-0.00183974  0.000695667  0.000253053  -0.0416357  -0.0744072  -0.00916525  
-0.0025528  0.000690482  0.000102128  -0.0403392  -0.0259557  0.00466523  
-0.00226288  0.000529646  2.95186e-05  -0.03741  -0.0534299  0.0139238  
-0.00219204  0.000364086  -8.15113e-05  -0.0379484  -0.0672333  -0.0112049  
-0.00189622  0.000364086  0.000451206  -0.0212115  -0.0170178  -0.0204126  
-0.00234097  0.000364086  0.000595662  -0.0293757  -0.0656709  -0.033576  
-0.00206508  -7.73996e-05  0.000434655  -0.0212053  -0.00184094  0.0079766  
-0.00157651  -0.000128619  0.00084757  -0.0168824  -0.141897  -0.0531522  
-0.00218474  0.000474709  0.00171698  -0.0119037  -0.116079  0.0130755  
0.00188871  -0.000615565  0.00132007  -0.0295641  -0.0765082  -0.137945  
0.00106587  0.000678877  0.00175267  -0.0536856  -0.131305  -0.15201  
0.00101741  4.73933e-05  0.00163574  -0.0443446  0.00212063  -0.146934  
0.00175734  -7.83089e-05  0.00166333  -0.0508048  -0.12039  -0.270232  
0.00179546  -0.000889587  0.000908435  -0.0418109  -0.102976  -0.185157  
0.0015607  -0.000889587  0.0012549  -0.0418307  -0.0911284  -0.199895  
0.00146201  -0.000889587  0.00120802  -0.0418273  -0.0829029  -0.146411  
0.000577517  -0.000961079  0.00138845  -0.0418248  -0.0615762  -0.168103  
0.000754593  -0.000889587  0.00105936  -0.0418098  -0.062424  -0.151438  
0.000376778  -0.000532834  0.000933813  -0.0345252  -0.0830894  -0.18763  
0.000548927  -0.000889587  0.00106392  -0.0252673  -0.0306225  -0.175726  
0.000667728  -0.000401913  0.00106807  -0.0360552  -0.062192  -0.21014  
0.000704792  -0.000758  0.00101067  -0.0417537  -0.0441  -0.196993  
0.00134878  -0.000462903  0.00106669  -0.0417171  -0.0823274  -0.216948  
0.000927245  -0.000602353  0.00114228  -0.0417534  -0.070137  -0.206094  
0.000675185  -0.000704136  0.00101809  -0.0381237  -0.0762283  -0.207893  
0.00101762  -0.000776821  0.00118167  -0.0384057  -0.0899193  -0.187851  
0.00180046  -0.0005289  0.00106946  -0.0386206  -0.10022  -0.199991  
0.000452727  -0.000678065  0.000873926  -0.0417103  -0.0365235  -0.181411  
0.00135837  -0.000465001  0.000952122  -0.0417024  -0.116241  -0.191276  
0.000255844  -0.000504126  0.000971926  -0.0416752  -0.0207077  -0.182878  
0.00111624  -0.000826904  0.00104504  -0.0418089  -0.0921755  -0.176556  
0.000885028  -0.00096953  0.00118243  -0.0377518  -0.0999909  -0.171895  
0.00135115  -0.000251091  0.00135068  -0.0511363  -0.111389  -0.129319  
-0.000213432  -0.000492822  0.0013218  -0.0417096  0.00414355  -0.105241  
0.000439723  -0.000456913  0.00143388  -0.0416211  -0.0790252  -0.119571  
-0.000193701  -0.000700362  0.00153071  -0.0510354  -0.0691928  -0.150743  
-0.000417389  -0.000489743  0.00125625  -0.0539168  -0.0631107  -0.131671  
0.000571583  -0.000341813  0.00145197  -0.0481886  -0.0906909  -0.167176  
-0.000209899  -0.000602987  0.0011196  -0.0595067  0.0188741  -0.120409  
0.000194935  -0.000376357  0.00133107  -0.0554624  -0.130062  -0.189637  
0.000608018  -0.000354235  0.00107921  -0.0641721  -0.0906261  -0.285066  
0.00140824  0.000636467  0.000547276  -0.0985154  -0.147836  -0.365659  
0.000652337  0.000393511  0.000772561  -0.08452  -0.0439931  -0.179618  
-0.000338289  0.000393511  0.000729275  -0.0850933  -0.0533236  -0.126309  
0.000234702  0.000946086  0.000808575  -0.0785392  -0.139096  -0.210228  
-0.0016216  -6.28513e-05  0.000574295  -0.0641302  0.00421382  -0.124984  
-0.00231455  -6.28513e-05  0.00113252  -0.0557956  0.0348974  -0.0778147  
-0.000872897  -6.28513e-05  0.000696171  -0.0568385  -0.249192  -0.205798  
0.00039755  0.000387786  0.000470556  -0.0502532  -0.167394  -0.171148  
0.000637146  0.000348092  0.000521576  -0.0548171  -0.115778  -0.201094  
9.26374e-05  0.00049344  0.000446909  -0.0606776  -0.0970087  -0.208086  
-9.54219e-05  0.000601846  0.000608541  -0.0602343  -0.0170492  -0.174693  
0.000506877  0.000816307  0.000643121  -0.0607383  -0.0898861  -0.173724  
-0.000172661  0.000678188  0.000588741  -0.0669128  -0.0520758  -0.165419  
0.000637146  0.00131427  0.000182615  -0.0702741  -0.115566  -0.157134  
-4.3035e-05  0.000868502  0.0005461  -0.0650681  -0.0169965  -0.172837  
0.000863306  0.000959455  0.000363175  -0.0611907  -0.116011  -0.195729  
-0.000493136  0.000660472  0.000615768  -0.0677107  -0.040574  -0.159927  
0.000481716  0.000925974  0.000501081  -0.0638696  -0.122844  -0.217595  
0.000216951  0.000502823  0.000460762  -0.0757627  0.0119114  -0.153668  
7.52237e-05  0.000759568  0.000459432  -0.0673629  -0.129107  -0.217464  
-0.000264603  0.000715733  0.000460335  -0.0795583  -0.0286635  -0.141203  
0.000131742  0.00092338  0.000528996  -0.0822741  -0.136804  -0.208064  
-0.00051303  0.000754428  0.000721821  -0.0822169  -0.0457405  -0.150148  
-8.00389e-05  0.000726217  0.000574589  -0.0821832  -0.0719939  -0.151382  
-0.00106406  0.000812578  0.000845173  -0.0861328  -0.0135683  -0.102596  
-0.000341484  0.000408193  0.000574589  -0.0822323  -0.122298  -0.184056  
-6.90873e-05  0.000408193  0.000574589  -0.0822323  -0.0783696  -0.208575  
-0.000163999  0.000408192  0.000574589  -0.0822323  -0.0922174  -0.17919  
-0.000765618  0.000794801  0.000738795  -0.0944519  -0.0671763  -0.194399  
-0.000103242  0.000855418  0.000604598  -0.0821585  -0.059452  -0.181199  
-0.000967774  0.000979348  0.000795338  -0.0920711  -0.0537685  -0.195765  
-0.000372079  0.000900532  0.000830934  -0.083869  -0.0713902  -0.187755  
5.86174e-06  0.00083408  0.000774252  -0.0840979  -0.0808832  -0.21856  
-0.000929163  0.000819867  0.000699945  -0.089089  -0.036816  -0.201686  
-0.000386658  0.000819867  0.000730326  -0.086805  -0.0832638  -0.197707  
-0.000520166  0.000819867  0.000750736  -0.0926707  -0.0971303  -0.210899  
-0.000656364  0.00101265  0.000546203  -0.0940089  -0.0443269  -0.180621  
-0.000421108  0.00115199  0.000627119  -0.0917087  -0.110109  -0.21464  
-0.000776189  0.00120552  0.000451878  -0.0899771  -0.055081  -0.190212  
-0.000508224  0.00112623  0.000589012  -0.0912288  -0.0775436  -0.187903  
-0.000764637  0.0006508  0.000410875  -0.0890466  0.0146085  -0.200303  
0.000570338  0.000645908  0.000356917  -0.0864129  -0.132174  -0.281209  
