0.8 9.987201e+03 9.961393e+03 9.971343e+03 9.997151e+03
1.8 1.000339e+04 9.960057e+03 9.974144e+03 1.001748e+04
2.8 1.001324e+04 9.998982e+03 9.974663e+03 9.988924e+03
3.8 1.001249e+04 1.002086e+04 9.973230e+03 9.964862e+03
4.8 1.005041e+04 1.001504e+04 9.971983e+03 1.000736e+04
5.8 1.004843e+04 9.986632e+03 9.971329e+03 1.003313e+04
6.8 9.987405e+03 9.971204e+03 9.971073e+03 9.987274e+03
7.8 9.903937e+03 9.957351e+03 9.971050e+03 9.917636e+03
8.8 9.915056e+03 9.950822e+03 9.971151e+03 9.935386e+03
9.8 9.909924e+03 9.941846e+03 9.971291e+03 9.939368e+03
10.8 9.892099e+03 9.931415e+03 9.971416e+03 9.932101e+03
11.8 9.897836e+03 9.923732e+03 9.971513e+03 9.945617e+03
12.8 9.939121e+03 9.948069e+03 9.971583e+03 9.962634e+03
13.8 9.930713e+03 9.984303e+03 9.971635e+03 9.918046e+03
14.8 9.973334e+03 9.993104e+03 9.971677e+03 9.951906e+03
15.8 9.992795e+03 9.998402e+03 9.971712e+03 9.966106e+03
16.8 9.971861e+03 9.993827e+03 9.971745e+03 9.949778e+03
17.8 9.952765e+03 9.982855e+03 9.971774e+03 9.941684e+03
0.7 9.978865e+03 9.960462e+03 9.972254e+03 9.990658e+03
1.7 9.943711e+03 9.955962e+03 9.971808e+03 9.959557e+03
2.7 9.983596e+03 9.957998e+03 9.970030e+03 9.995628e+03
3.7 9.975310e+03 9.962628e+03 9.970103e+03 9.982785e+03
4.7 9.905582e+03 9.970083e+03 9.971086e+03 9.906585e+03
5.7 9.894613e+03 9.974087e+03 9.972713e+03 9.893239e+03
6.7 9.934062e+03 9.971309e+03 9.973291e+03 9.936044e+03
7.7 9.998201e+03 9.996049e+03 9.972700e+03 9.974851e+03
8.7 9.983743e+03 9.997910e+03 9.972371e+03 9.958204e+03
9.7 9.965286e+03 9.980594e+03 9.972383e+03 9.957074e+03
10.7 9.963960e+03 9.962811e+03 9.970198e+03 9.971348e+03
11.7 9.993753e+03 9.997323e+03 9.969094e+03 9.965524e+03
12.7 9.945698e+03 1.000313e+04 9.970116e+03 9.912687e+03
13.6 9.976674e+03 1.001328e+04 9.971307e+03 9.934705e+03
14.6 9.994032e+03 9.992267e+03 9.972013e+03 9.973778e+03
15.6 1.001189e+04 9.978380e+03 9.972339e+03 1.000585e+04
16.6 9.945274e+03 9.963045e+03 9.972434e+03 9.954663e+03
17.6 9.892170e+03 9.953427e+03 9.972398e+03 9.911140e+03
0.3 9.905582e+03 9.970083e+03 9.971086e+03 9.906585e+03
1.3 9.894613e+03 9.974087e+03 9.972713e+03 9.893239e+03
2.3 9.934062e+03 9.971309e+03 9.973291e+03 9.936044e+03
3.3 9.998201e+03 9.996049e+03 9.972700e+03 9.974851e+03
4.3 9.983743e+03 9.997910e+03 9.972371e+03 9.958204e+03
5.3 9.965286e+03 9.980594e+03 9.972383e+03 9.957074e+03
6.3 9.963960e+03 9.962811e+03 9.970198e+03 9.971348e+03
7.3 9.993753e+03 9.997323e+03 9.969094e+03 9.965524e+03
8.3 9.945698e+03 1.000313e+04 9.970116e+03 9.912687e+03
9.3 9.976674e+03 1.001328e+04 9.971307e+03 9.934705e+03
10.3 9.994032e+03 9.992267e+03 9.972013e+03 9.973778e+03
11.3 1.001189e+04 9.978380e+03 9.972339e+03 1.000585e+04
12.3 9.945274e+03 9.963045e+03 9.972434e+03 9.954663e+03
13.3 9.892170e+03 9.953427e+03 9.972398e+03 9.911140e+03
14.3 9.903338e+03 9.951505e+03 9.972309e+03 9.924142e+03
15.3 9.927473e+03 9.925624e+03 9.972219e+03 9.974069e+03
16.3 9.978463e+03 9.921048e+03 9.972150e+03 1.002956e+04
17.3 9.915198e+03 9.935324e+03 9.972103e+03 9.951977e+03
0.2 9.983743e+03 9.997910e+03 9.972371e+03 9.958204e+03
1.2 9.965286e+03 9.980594e+03 9.972383e+03 9.957074e+03
2.2 9.963960e+03 9.962811e+03 9.970198e+03 9.971348e+03
3.2 9.993753e+03 9.997323e+03 9.969094e+03 9.965524e+03
4.2 9.945698e+03 1.000313e+04 9.970116e+03 9.912687e+03
5.2 9.976674e+03 1.001328e+04 9.971307e+03 9.934705e+03
6.2 9.994032e+03 9.992267e+03 9.972013e+03 9.973778e+03
7.2 1.001189e+04 9.978380e+03 9.972339e+03 1.000585e+04
8.2 9.945274e+03 9.963045e+03 9.972434e+03 9.954663e+03
9.2 9.892170e+03 9.953427e+03 9.972398e+03 9.911140e+03
10.2 9.903338e+03 9.951505e+03 9.972309e+03 9.924142e+03
11.2 9.927473e+03 9.925624e+03 9.972219e+03 9.974069e+03
12.2 9.978463e+03 9.921048e+03 9.972150e+03 1.002956e+04
13.2 9.915198e+03 9.935324e+03 9.972103e+03 9.951977e+03
14.2 9.887469e+03 9.952541e+03 9.972069e+03 9.906997e+03
15.2 9.936009e+03 9.951020e+03 9.972044e+03 9.957033e+03
16.2 1.000607e+04 9.945953e+03 9.972022e+03 1.003214e+04
17.2 9.995004e+03 9.951234e+03 9.972002e+03 1.001577e+04
0.8 9.947576e+03 9.985310e+03 9.972065e+03 9.934330e+03
1.8 9.988500e+03 9.963492e+03 9.972711e+03 9.997720e+03
2.8 9.958454e+03 9.977698e+03 9.971759e+03 9.952515e+03
3.8 9.969455e+03 1.000526e+04 9.971272e+03 9.935463e+03
4.8 9.938328e+03 9.998234e+03 9.971372e+03 9.911466e+03
5.8 9.939628e+03 9.982721e+03 9.971622e+03 9.928529e+03
6.8 9.991008e+03 9.969813e+03 9.972538e+03 9.993732e+03
7.8 9.978461e+03 9.979192e+03 9.971767e+03 9.971036e+03
8.8 9.973406e+03 9.992281e+03 9.971182e+03 9.952306e+03
9.8 9.975142e+03 9.994682e+03 9.971242e+03 9.951703e+03
10.8 9.985153e+03 9.973664e+03 9.971405e+03 9.982894e+03
11.8 9.976801e+03 9.975687e+03 9.971500e+03 9.972615e+03
12.8 1.001114e+04 9.986073e+03 9.971546e+03 9.996609e+03
13.8 1.000322e+04 9.986050e+03 9.971559e+03 9.988728e+03
14.8 9.981280e+03 9.977959e+03 9.971548e+03 9.974868e+03
15.8 9.965219e+03 9.970262e+03 9.971523e+03 9.966480e+03
16.8 9.960384e+03 9.979481e+03 9.971494e+03 9.952397e+03
17.8 9.928429e+03 9.941488e+03 9.971469e+03 9.958411e+03
0.6 9.939628e+03 9.982721e+03 9.971622e+03 9.928529e+03
1.6 9.991008e+03 9.969813e+03 9.972538e+03 9.993732e+03
2.6 9.978461e+03 9.979192e+03 9.971767e+03 9.971036e+03
3.6 9.973406e+03 9.992281e+03 9.971182e+03 9.952306e+03
4.6 9.975142e+03 9.994682e+03 9.971242e+03 9.951703e+03
5.6 9.985153e+03 9.973664e+03 9.971405e+03 9.982894e+03
6.6 9.976801e+03 9.975687e+03 9.971500e+03 9.972615e+03
7.6 1.001114e+04 9.986073e+03 9.971546e+03 9.996609e+03
8.6 1.000322e+04 9.986050e+03 9.971559e+03 9.988728e+03
9.6 9.981280e+03 9.977959e+03 9.971548e+03 9.974868e+03
10.6 9.965219e+03 9.970262e+03 9.971523e+03 9.966480e+03
11.6 9.960384e+03 9.979481e+03 9.971494e+03 9.952397e+03
12.6 9.928429e+03 9.941488e+03 9.971469e+03 9.958411e+03
13.6 9.900656e+03 9.922880e+03 9.971451e+03 9.949228e+03
14.6 9.930593e+03 9.936842e+03 9.971439e+03 9.965189e+03
15.6 1.000758e+04 9.994730e+03 9.971432e+03 9.984282e+03
16.6 1.004234e+04 9.995229e+03 9.972675e+03 1.001979e+04
17.6 9.998512e+03 9.950776e+03 9.977293e+03 1.002503e+04
0.1 1.000758e+04 9.994730e+03 9.971432e+03 9.984282e+03
1.1 1.004234e+04 9.995229e+03 9.972675e+03 1.001979e+04
2.1 9.998512e+03 9.950776e+03 9.977293e+03 1.002503e+04
3.1 9.994220e+03 1.000258e+04 9.977580e+03 9.969218e+03
4.1 1.003100e+04 1.003137e+04 9.974927e+03 9.974555e+03
5.1 1.002058e+04 1.002803e+04 9.972712e+03 9.965256e+03
6.1 1.003017e+04 1.001006e+04 9.971520e+03 9.991632e+03
7.1 9.994909e+03 9.995326e+03 9.971020e+03 9.970603e+03
8.1 9.986557e+03 9.983258e+03 9.970932e+03 9.974230e+03
9.1 9.995753e+03 9.967832e+03 9.971060e+03 9.998980e+03
10.1 9.994511e+03 9.947119e+03 9.971253e+03 1.001865e+04
11.1 1.001645e+04 9.953862e+03 9.971428e+03 1.003402e+04
12.1 9.973408e+03 9.945320e+03 9.971556e+03 9.999645e+03
13.1 9.937991e+03 9.942478e+03 9.971645e+03 9.967158e+03
14.1 9.936063e+03 9.951133e+03 9.971708e+03 9.956637e+03
15.1 9.948931e+03 9.951563e+03 9.971757e+03 9.969126e+03
16.1 9.934504e+03 9.945842e+03 9.971800e+03 9.960462e+03
17.1 9.895378e+03 9.936270e+03 9.971840e+03 9.930948e+03
0.6 1.001340e+04 9.985297e+03 9.972166e+03 1.000027e+04
1.6 9.980843e+03 9.972369e+03 9.971155e+03 9.979629e+03
2.6 9.959360e+03 9.970494e+03 9.968586e+03 9.957453e+03
3.6 9.978344e+03 9.983542e+03 9.968858e+03 9.963659e+03
4.6 9.954259e+03 9.977661e+03 9.970425e+03 9.947023e+03
5.6 9.967974e+03 9.985357e+03 9.971598e+03 9.954215e+03
6.6 9.974865e+03 9.980293e+03 9.972210e+03 9.966782e+03
7.6 9.959940e+03 9.985099e+03 9.972461e+03 9.947302e+03
8.6 9.986257e+03 9.998754e+03 9.972497e+03 9.959999e+03
9.6 1.000440e+04 1.000199e+04 9.972425e+03 9.974829e+03
10.6 9.985853e+03 9.979742e+03 9.972326e+03 9.978437e+03
11.6 9.966448e+03 9.971981e+03 9.972243e+03 9.966709e+03
12.6 9.980946e+03 9.983757e+03 9.972186e+03 9.969375e+03
13.6 9.987182e+03 1.000361e+04 9.972153e+03 9.955724e+03
14.6 1.002719e+04 9.987510e+03 9.972133e+03 1.001182e+04
15.6 9.944325e+03 9.975424e+03 9.972119e+03 9.941020e+03
16.6 9.933214e+03 9.959054e+03 9.972108e+03 9.946268e+03
17.6 9.956786e+03 9.950592e+03 9.972099e+03 9.978293e+03
0.5 1.000260e+04 9.971589e+03 9.972079e+03 1.000309e+04
1.5 9.990586e+03 9.985070e+03 9.972348e+03 9.977864e+03
2.5 9.998348e+03 9.977827e+03 9.970823e+03 9.991345e+03
3.5 1.002575e+04 9.990787e+03 9.970362e+03 1.000532e+04
4.5 1.001279e+04 9.972540e+03 9.970998e+03 1.001125e+04
5.5 9.978878e+03 9.979186e+03 9.971619e+03 9.971310e+03
6.5 9.957577e+03 9.996777e+03 9.971971e+03 9.932770e+03
7.5 9.949941e+03 9.977860e+03 9.972135e+03 9.944216e+03
8.5 9.967709e+03 9.960092e+03 9.972185e+03 9.979802e+03
9.5 1.000095e+04 9.970136e+03 9.972169e+03 1.000298e+04
10.5 1.001063e+04 1.000487e+04 9.972127e+03 9.977894e+03
11.5 9.994649e+03 9.985098e+03 9.972086e+03 9.981637e+03
12.5 9.952935e+03 9.943859e+03 9.972057e+03 9.981133e+03
13.5 9.862610e+03 9.907936e+03 9.972040e+03 9.926713e+03
14.5 9.883762e+03 9.926044e+03 9.972030e+03 9.929748e+03
15.5 9.954135e+03 9.944737e+03 9.972024e+03 9.981422e+03
16.5 9.959550e+03 9.961868e+03 9.972020e+03 9.969703e+03
17.5 9.959615e+03 9.987693e+03 9.972016e+03 9.943938e+03
0.5 9.947907e+03 9.979831e+03 9.972031e+03 9.940107e+03
1.5 9.922138e+03 9.960343e+03 9.972486e+03 9.934280e+03
2.5 9.980144e+03 9.972368e+03 9.971454e+03 9.979230e+03
3.5 1.001527e+04 9.993569e+03 9.970966e+03 9.992667e+03
4.5 1.004617e+04 1.000604e+04 9.971297e+03 1.001143e+04
5.5 1.002521e+04 1.000693e+04 9.971679e+03 9.989962e+03
6.5 1.004238e+04 9.988168e+03 9.971903e+03 1.002611e+04
7.5 1.004239e+04 9.990866e+03 9.972012e+03 1.002354e+04
8.5 1.003644e+04 1.000811e+04 9.972049e+03 1.000038e+04
9.5 9.993954e+03 9.977186e+03 9.972044e+03 9.988811e+03
10.5 1.000031e+04 9.943714e+03 9.972019e+03 1.002861e+04
11.5 9.985080e+03 9.963630e+03 9.971992e+03 9.993442e+03
12.5 9.990644e+03 9.965261e+03 9.971971e+03 9.997354e+03
13.5 1.000310e+04 9.975842e+03 9.971956e+03 9.999212e+03
14.5 1.001397e+04 9.992795e+03 9.971947e+03 9.993121e+03
15.5 9.906201e+03 9.967379e+03 9.971939e+03 9.910760e+03
16.5 9.902546e+03 9.966097e+03 9.971933e+03 9.908381e+03
17.5 9.914411e+03 9.953600e+03 9.971927e+03 9.932738e+03
1.0 9.927099e+03 9.958440e+03 9.972213e+03 9.940872e+03
2.0 9.911604e+03 9.947756e+03 9.973557e+03 9.937405e+03
3.0 9.950390e+03 9.984766e+03 9.972970e+03 9.938594e+03
4.0 1.000399e+04 1.000711e+04 9.972136e+03 9.969013e+03
5.0 1.003563e+04 1.000433e+04 9.971739e+03 1.000303e+04
6.0 1.004174e+04 9.985759e+03 9.971675e+03 1.002766e+04
7.0 1.000698e+04 9.972248e+03 9.972707e+03 1.000744e+04
8.0 9.991092e+03 9.974915e+03 9.972368e+03 9.988545e+03
9.0 9.968942e+03 9.980924e+03 9.971730e+03 9.959748e+03
10.0 9.923397e+03 9.980088e+03 9.971543e+03 9.914852e+03
11.0 9.943220e+03 9.975676e+03 9.971542e+03 9.939087e+03
12.0 9.941743e+03 9.968104e+03 9.971573e+03 9.945212e+03
13.0 9.991747e+03 9.972838e+03 9.971611e+03 9.990519e+03
14.0 1.004347e+04 9.998250e+03 9.971649e+03 1.001687e+04
15.0 9.995889e+03 9.982293e+03 9.971677e+03 9.985273e+03
16.0 9.964243e+03 9.955455e+03 9.971693e+03 9.980481e+03
17.0 9.963744e+03 9.946269e+03 9.971700e+03 9.989175e+03
18.0 9.975031e+03 9.960092e+03 9.971703e+03 9.986642e+03
0.6 1.004174e+04 9.985759e+03 9.971675e+03 1.002766e+04
1.6 1.000698e+04 9.972248e+03 9.972707e+03 1.000744e+04
2.6 9.991092e+03 9.974915e+03 9.972368e+03 9.988545e+03
3.6 9.968942e+03 9.980924e+03 9.971730e+03 9.959748e+03
4.6 9.923397e+03 9.980088e+03 9.971543e+03 9.914852e+03
5.6 9.943220e+03 9.975676e+03 9.971542e+03 9.939087e+03
6.6 9.941743e+03 9.968104e+03 9.971573e+03 9.945212e+03
7.6 9.991747e+03 9.972838e+03 9.971611e+03 9.990519e+03
8.6 1.004347e+04 9.998250e+03 9.971649e+03 1.001687e+04
9.6 9.995889e+03 9.982293e+03 9.971677e+03 9.985273e+03
10.6 9.964243e+03 9.955455e+03 9.971693e+03 9.980481e+03
11.6 9.963744e+03 9.946269e+03 9.971700e+03 9.989175e+03
12.6 9.975031e+03 9.960092e+03 9.971703e+03 9.986642e+03
13.6 9.946814e+03 9.971534e+03 9.971704e+03 9.946984e+03
14.6 9.938084e+03 9.973269e+03 9.971765e+03 9.936581e+03
15.6 9.915066e+03 9.958808e+03 9.972841e+03 9.929098e+03
16.6 9.966098e+03 9.963878e+03 9.972558e+03 9.974778e+03
17.6 1.000732e+04 1.000165e+04 9.971863e+03 9.977529e+03
0.6 9.938084e+03 9.973269e+03 9.971765e+03 9.936581e+03
1.6 9.915066e+03 9.958808e+03 9.972841e+03 9.929098e+03
2.6 9.966098e+03 9.963878e+03 9.972558e+03 9.974778e+03
3.6 1.000732e+04 1.000165e+04 9.971863e+03 9.977529e+03
4.6 9.994355e+03 9.972942e+03 9.971621e+03 9.993034e+03
5.6 1.001835e+04 9.956845e+03 9.971593e+03 1.003309e+04
6.6 9.999326e+03 9.960462e+03 9.971611e+03 1.001048e+04
7.6 1.000432e+04 9.953263e+03 9.971647e+03 1.002270e+04
8.6 9.963723e+03 9.935106e+03 9.971687e+03 1.000030e+04
9.6 9.946544e+03 9.928968e+03 9.971834e+03 9.989410e+03
10.6 9.921592e+03 9.945462e+03 9.973384e+03 9.949514e+03
11.6 9.954164e+03 9.979828e+03 9.973298e+03 9.947634e+03
12.6 1.001088e+04 1.000441e+04 9.972396e+03 9.978864e+03
13.6 1.002820e+04 1.000226e+04 9.971891e+03 9.997830e+03
14.6 9.978636e+03 9.995821e+03 9.971699e+03 9.954514e+03
15.6 1.000510e+04 9.994629e+03 9.971642e+03 9.982115e+03
16.6 1.004423e+04 1.000832e+04 9.971657e+03 1.000756e+04
17.6 9.976250e+03 9.989334e+03 9.971707e+03 9.958624e+03
0.6 9.946544e+03 9.928968e+03 9.971834e+03 9.989410e+03
1.6 9.921592e+03 9.945462e+03 9.973384e+03 9.949514e+03
2.6 9.954164e+03 9.979828e+03 9.973298e+03 9.947634e+03
3.6 1.001088e+04 1.000441e+04 9.972396e+03 9.978864e+03
4.6 1.002820e+04 1.000226e+04 9.971891e+03 9.997830e+03
5.6 9.978636e+03 9.995821e+03 9.971699e+03 9.954514e+03
6.6 1.000510e+04 9.994629e+03 9.971642e+03 9.982115e+03
7.6 1.004423e+04 1.000832e+04 9.971657e+03 1.000756e+04
8.6 9.976250e+03 9.989334e+03 9.971707e+03 9.958624e+03
9.6 9.932354e+03 9.956774e+03 9.971762e+03 9.947342e+03
10.6 9.922410e+03 9.960841e+03 9.971806e+03 9.933375e+03
11.6 9.922504e+03 9.968893e+03 9.971837e+03 9.925448e+03
12.6 9.981870e+03 9.986717e+03 9.971858e+03 9.967011e+03
13.6 9.979811e+03 9.975561e+03 9.971875e+03 9.976125e+03
14.6 9.957741e+03 9.956501e+03 9.971890e+03 9.973130e+03
15.6 9.937601e+03 9.948940e+03 9.971904e+03 9.960565e+03
16.6 9.966124e+03 9.949238e+03 9.971918e+03 9.988804e+03
17.6 9.973484e+03 9.944876e+03 9.971931e+03 1.000054e+04
0.2 9.998664e+03 1.000408e+04 9.972031e+03 9.966612e+03
1.2 9.939083e+03 9.978769e+03 9.972441e+03 9.932755e+03
2.2 9.965659e+03 9.971352e+03 9.971293e+03 9.965600e+03
3.2 1.002516e+04 1.000177e+04 9.970328e+03 9.993723e+03
4.2 9.964917e+03 9.975917e+03 9.970791e+03 9.959791e+03
5.2 9.932236e+03 9.946557e+03 9.971486e+03 9.957165e+03
6.2 9.971371e+03 9.927304e+03 9.971922e+03 1.001599e+04
7.2 1.000425e+04 9.945195e+03 9.972142e+03 1.003120e+04
8.2 9.972629e+03 9.965895e+03 9.972229e+03 9.978963e+03
9.2 9.988496e+03 9.982978e+03 9.972237e+03 9.977755e+03
10.2 9.985273e+03 9.974312e+03 9.972209e+03 9.983170e+03
11.2 9.979776e+03 9.985679e+03 9.972177e+03 9.966274e+03
12.2 9.967031e+03 9.997207e+03 9.972155e+03 9.941980e+03
13.2 9.982422e+03 9.982025e+03 9.972146e+03 9.972544e+03
14.2 9.973421e+03 9.967893e+03 9.972146e+03 9.977674e+03
15.2 9.954421e+03 9.965454e+03 9.972151e+03 9.961118e+03
16.2 9.923628e+03 9.953748e+03 9.972160e+03 9.942039e+03
17.2 9.943841e+03 9.953200e+03 9.972170e+03 9.962811e+03
0.1 9.910380e+03 9.967403e+03 9.972236e+03 9.915214e+03
1.1 9.955575e+03 9.959359e+03 9.972443e+03 9.968659e+03
2.1 1.001160e+04 9.976110e+03 9.970911e+03 1.000640e+04
3.1 1.002622e+04 9.988822e+03 9.969909e+03 1.000730e+04
4.1 1.002526e+04 9.985313e+03 9.970640e+03 1.001058e+04
5.1 1.000568e+04 9.979271e+03 9.971583e+03 9.997989e+03
6.1 9.964787e+03 9.977098e+03 9.972164e+03 9.959854e+03
7.1 9.961988e+03 9.979581e+03 9.972451e+03 9.954857e+03
8.1 9.974539e+03 9.974105e+03 9.972558e+03 9.972991e+03
