0.8 1.079665e+04 1.074630e+04 1.072731e+04 1.077766e+04
1.8 1.074545e+04 1.076809e+04 1.072334e+04 1.070070e+04
2.8 1.077198e+04 1.075909e+04 1.073667e+04 1.074956e+04
3.8 1.076120e+04 1.074895e+04 1.074679e+04 1.075904e+04
4.8 1.068399e+04 1.073935e+04 1.074559e+04 1.069023e+04
5.8 1.073603e+04 1.073279e+04 1.074172e+04 1.074496e+04
6.8 1.067912e+04 1.073869e+04 1.073895e+04 1.067937e+04
7.8 1.071169e+04 1.073642e+04 1.073733e+04 1.071260e+04
8.8 1.076530e+04 1.074488e+04 1.073654e+04 1.075696e+04
9.8 1.074615e+04 1.075002e+04 1.073633e+04 1.073246e+04
10.8 1.072194e+04 1.073866e+04 1.073646e+04 1.071973e+04
11.8 1.073156e+04 1.072687e+04 1.073668e+04 1.074138e+04
12.8 1.081612e+04 1.074227e+04 1.073689e+04 1.081073e+04
13.8 1.068354e+04 1.074134e+04 1.073703e+04 1.067923e+04
14.8 1.079511e+04 1.073812e+04 1.073712e+04 1.079411e+04
15.8 1.075506e+04 1.073315e+04 1.073718e+04 1.075910e+04
16.8 1.076186e+04 1.073397e+04 1.073723e+04 1.076512e+04
17.8 1.069689e+04 1.074252e+04 1.073726e+04 1.069164e+04
0.7 1.076076e+04 1.073694e+04 1.073018e+04 1.075400e+04
1.7 1.063221e+04 1.073839e+04 1.072354e+04 1.061736e+04
2.7 1.073951e+04 1.072662e+04 1.073404e+04 1.074693e+04
3.7 1.087967e+04 1.073327e+04 1.074652e+04 1.089292e+04
4.7 1.061568e+04 1.073716e+04 1.074319e+04 1.062171e+04
5.7 1.078146e+04 1.074407e+04 1.072992e+04 1.076731e+04
6.7 1.083839e+04 1.075560e+04 1.073087e+04 1.081366e+04
7.7 1.076872e+04 1.075501e+04 1.074412e+04 1.075784e+04
8.7 1.067791e+04 1.075135e+04 1.074462e+04 1.067117e+04
9.7 1.073074e+04 1.074787e+04 1.073058e+04 1.071346e+04
10.7 1.077318e+04 1.073488e+04 1.072859e+04 1.076689e+04
11.7 1.076171e+04 1.074875e+04 1.074278e+04 1.075573e+04
12.7 1.079688e+04 1.076747e+04 1.074799e+04 1.077740e+04
13.6 1.073725e+04 1.077415e+04 1.074449e+04 1.070759e+04
14.6 1.083487e+04 1.076930e+04 1.074057e+04 1.080614e+04
15.6 1.079549e+04 1.077068e+04 1.073820e+04 1.076301e+04
16.6 1.078249e+04 1.076679e+04 1.073695e+04 1.075266e+04
17.6 1.075414e+04 1.076671e+04 1.073645e+04 1.072388e+04
0.3 1.061568e+04 1.073716e+04 1.074319e+04 1.062171e+04
1.3 1.078146e+04 1.074407e+04 1.072992e+04 1.076731e+04
2.3 1.083839e+04 1.075560e+04 1.073087e+04 1.081366e+04
3.3 1.076872e+04 1.075501e+04 1.074412e+04 1.075784e+04
4.3 1.067791e+04 1.075135e+04 1.074462e+04 1.067117e+04
5.3 1.073074e+04 1.074787e+04 1.073058e+04 1.071346e+04
6.3 1.077318e+04 1.073488e+04 1.072859e+04 1.076689e+04
7.3 1.076171e+04 1.074875e+04 1.074278e+04 1.075573e+04
8.3 1.079688e+04 1.076747e+04 1.074799e+04 1.077740e+04
9.3 1.073725e+04 1.077415e+04 1.074449e+04 1.070759e+04
10.3 1.083487e+04 1.076930e+04 1.074057e+04 1.080614e+04
11.3 1.079549e+04 1.077068e+04 1.073820e+04 1.076301e+04
12.3 1.078249e+04 1.076679e+04 1.073695e+04 1.075266e+04
13.3 1.075414e+04 1.076671e+04 1.073645e+04 1.072388e+04
14.3 1.070649e+04 1.075184e+04 1.073643e+04 1.069108e+04
15.3 1.066362e+04 1.069591e+04 1.073663e+04 1.070433e+04
16.3 1.065842e+04 1.070914e+04 1.073686e+04 1.068615e+04
17.3 1.076516e+04 1.073217e+04 1.073704e+04 1.077003e+04
0.2 1.067791e+04 1.075135e+04 1.074462e+04 1.067117e+04
1.2 1.073074e+04 1.074787e+04 1.073058e+04 1.071346e+04
2.2 1.077318e+04 1.073488e+04 1.072859e+04 1.076689e+04
3.2 1.076171e+04 1.074875e+04 1.074278e+04 1.075573e+04
4.2 1.079688e+04 1.076747e+04 1.074799e+04 1.077740e+04
5.2 1.073725e+04 1.077415e+04 1.074449e+04 1.070759e+04
6.2 1.083487e+04 1.076930e+04 1.074057e+04 1.080614e+04
7.2 1.079549e+04 1.077068e+04 1.073820e+04 1.076301e+04
8.2 1.078249e+04 1.076679e+04 1.073695e+04 1.075266e+04
9.2 1.075414e+04 1.076671e+04 1.073645e+04 1.072388e+04
10.2 1.070649e+04 1.075184e+04 1.073643e+04 1.069108e+04
11.2 1.066362e+04 1.069591e+04 1.073663e+04 1.070433e+04
12.2 1.065842e+04 1.070914e+04 1.073686e+04 1.068615e+04
13.2 1.076516e+04 1.073217e+04 1.073704e+04 1.077003e+04
14.2 1.072793e+04 1.073386e+04 1.073715e+04 1.073122e+04
15.2 1.073436e+04 1.072234e+04 1.073722e+04 1.074924e+04
16.2 1.074142e+04 1.070732e+04 1.073726e+04 1.077136e+04
17.2 1.061645e+04 1.071730e+04 1.073728e+04 1.063643e+04
0.8 1.071314e+04 1.076479e+04 1.072822e+04 1.067657e+04
1.8 1.075218e+04 1.076130e+04 1.072267e+04 1.071355e+04
2.8 1.071972e+04 1.074581e+04 1.073568e+04 1.070959e+04
3.8 1.078992e+04 1.074795e+04 1.074760e+04 1.078957e+04
4.8 1.071945e+04 1.074511e+04 1.074684e+04 1.072117e+04
5.8 1.080849e+04 1.075050e+04 1.073542e+04 1.079340e+04
6.8 1.072243e+04 1.076510e+04 1.072481e+04 1.068214e+04
7.8 1.081838e+04 1.075149e+04 1.073349e+04 1.080038e+04
8.8 1.071377e+04 1.072869e+04 1.074628e+04 1.073136e+04
9.8 1.070138e+04 1.072120e+04 1.074675e+04 1.072693e+04
10.8 1.072485e+04 1.070906e+04 1.074271e+04 1.075851e+04
11.8 1.077828e+04 1.071674e+04 1.073958e+04 1.080112e+04
12.8 1.072501e+04 1.074022e+04 1.073774e+04 1.072252e+04
13.8 1.080266e+04 1.076977e+04 1.073678e+04 1.076967e+04
14.8 1.079731e+04 1.076930e+04 1.073645e+04 1.076446e+04
15.8 1.076852e+04 1.070983e+04 1.073651e+04 1.079519e+04
16.8 1.071378e+04 1.068843e+04 1.073670e+04 1.076205e+04
17.8 1.060169e+04 1.065501e+04 1.073689e+04 1.068358e+04
0.6 1.080849e+04 1.075050e+04 1.073542e+04 1.079340e+04
1.6 1.072243e+04 1.076510e+04 1.072481e+04 1.068214e+04
2.6 1.081838e+04 1.075149e+04 1.073349e+04 1.080038e+04
3.6 1.071377e+04 1.072869e+04 1.074628e+04 1.073136e+04
4.6 1.070138e+04 1.072120e+04 1.074675e+04 1.072693e+04
5.6 1.072485e+04 1.070906e+04 1.074271e+04 1.075851e+04
6.6 1.077828e+04 1.071674e+04 1.073958e+04 1.080112e+04
7.6 1.072501e+04 1.074022e+04 1.073774e+04 1.072252e+04
8.6 1.080266e+04 1.076977e+04 1.073678e+04 1.076967e+04
9.6 1.079731e+04 1.076930e+04 1.073645e+04 1.076446e+04
10.6 1.076852e+04 1.070983e+04 1.073651e+04 1.079519e+04
11.6 1.071378e+04 1.068843e+04 1.073670e+04 1.076205e+04
12.6 1.060169e+04 1.065501e+04 1.073689e+04 1.068358e+04
13.6 1.064454e+04 1.065760e+04 1.073702e+04 1.072396e+04
14.6 1.071356e+04 1.070990e+04 1.073709e+04 1.074076e+04
15.6 1.079620e+04 1.079080e+04 1.073512e+04 1.074052e+04
16.6 1.078075e+04 1.080303e+04 1.072542e+04 1.070314e+04
17.6 1.066079e+04 1.073116e+04 1.072567e+04 1.065529e+04
0.1 1.079620e+04 1.079080e+04 1.073512e+04 1.074052e+04
1.1 1.078075e+04 1.080303e+04 1.072542e+04 1.070314e+04
2.1 1.066079e+04 1.073116e+04 1.072567e+04 1.065529e+04
3.1 1.079552e+04 1.073921e+04 1.074081e+04 1.079711e+04
4.1 1.075626e+04 1.075391e+04 1.074755e+04 1.074989e+04
5.1 1.072321e+04 1.076256e+04 1.074492e+04 1.070557e+04
6.1 1.080481e+04 1.077203e+04 1.074119e+04 1.077397e+04
7.1 1.070074e+04 1.076949e+04 1.073872e+04 1.066997e+04
8.1 1.081022e+04 1.076993e+04 1.073731e+04 1.077760e+04
9.1 1.077524e+04 1.075920e+04 1.073666e+04 1.075270e+04
10.1 1.078601e+04 1.075431e+04 1.073654e+04 1.076825e+04
11.1 1.073293e+04 1.075186e+04 1.073669e+04 1.071776e+04
12.1 1.077089e+04 1.074570e+04 1.073689e+04 1.076208e+04
13.1 1.083101e+04 1.074140e+04 1.073705e+04 1.082666e+04
14.1 1.064449e+04 1.073375e+04 1.073716e+04 1.064790e+04
15.1 1.080934e+04 1.072781e+04 1.073721e+04 1.081874e+04
16.1 1.074162e+04 1.071999e+04 1.073725e+04 1.075888e+04
17.1 1.069265e+04 1.072019e+04 1.073726e+04 1.070972e+04
0.6 1.071270e+04 1.074561e+04 1.073077e+04 1.069786e+04
1.6 1.077153e+04 1.074082e+04 1.072335e+04 1.075406e+04
2.6 1.069433e+04 1.073282e+04 1.073260e+04 1.069411e+04
3.6 1.068551e+04 1.073369e+04 1.074588e+04 1.069769e+04
4.6 1.077243e+04 1.072827e+04 1.074695e+04 1.079111e+04
5.6 1.070251e+04 1.072449e+04 1.074313e+04 1.072114e+04
6.6 1.071880e+04 1.072257e+04 1.073996e+04 1.073619e+04
7.6 1.070419e+04 1.073715e+04 1.073803e+04 1.070507e+04
8.6 1.079656e+04 1.076612e+04 1.073700e+04 1.076744e+04
9.6 1.071011e+04 1.079315e+04 1.073663e+04 1.065358e+04
10.6 1.072940e+04 1.076652e+04 1.073665e+04 1.069953e+04
11.6 1.075660e+04 1.072835e+04 1.073684e+04 1.076509e+04
12.6 1.072415e+04 1.073297e+04 1.073702e+04 1.072820e+04
13.6 1.075923e+04 1.073140e+04 1.073714e+04 1.076498e+04
14.6 1.078075e+04 1.075826e+04 1.073722e+04 1.075972e+04
15.6 1.067215e+04 1.075802e+04 1.073727e+04 1.065141e+04
16.6 1.072014e+04 1.074564e+04 1.073730e+04 1.071180e+04
17.6 1.065343e+04 1.073591e+04 1.073731e+04 1.065484e+04
0.5 1.086885e+04 1.073855e+04 1.073141e+04 1.086170e+04
1.5 1.072692e+04 1.075411e+04 1.072266e+04 1.069547e+04
2.5 1.076755e+04 1.076398e+04 1.073082e+04 1.073439e+04
3.5 1.075132e+04 1.075365e+04 1.074580e+04 1.074347e+04
4.5 1.078905e+04 1.072606e+04 1.074791e+04 1.081090e+04
5.5 1.069401e+04 1.073501e+04 1.074394e+04 1.070295e+04
6.5 1.073578e+04 1.076399e+04 1.074043e+04 1.071222e+04
7.5 1.073053e+04 1.077003e+04 1.073827e+04 1.069877e+04
8.5 1.076911e+04 1.074770e+04 1.073709e+04 1.075850e+04
9.5 1.069473e+04 1.073068e+04 1.073663e+04 1.070068e+04
10.5 1.074524e+04 1.073277e+04 1.073663e+04 1.074910e+04
11.5 1.071036e+04 1.070436e+04 1.073682e+04 1.074282e+04
12.5 1.062925e+04 1.065562e+04 1.073701e+04 1.071064e+04
13.5 1.065921e+04 1.065080e+04 1.073714e+04 1.074555e+04
14.5 1.062788e+04 1.068388e+04 1.073722e+04 1.068122e+04
15.5 1.075909e+04 1.072033e+04 1.073725e+04 1.077601e+04
16.5 1.078686e+04 1.076107e+04 1.073726e+04 1.076304e+04
17.5 1.074162e+04 1.078988e+04 1.073726e+04 1.068899e+04
0.5 1.077411e+04 1.078900e+04 1.073153e+04 1.071664e+04
1.5 1.075052e+04 1.078305e+04 1.072341e+04 1.069087e+04
2.5 1.079573e+04 1.076354e+04 1.073130e+04 1.076349e+04
3.5 1.077882e+04 1.073521e+04 1.074525e+04 1.078886e+04
4.5 1.076886e+04 1.075305e+04 1.074709e+04 1.076290e+04
5.5 1.073401e+04 1.075136e+04 1.074335e+04 1.072601e+04
6.5 1.078607e+04 1.074942e+04 1.074008e+04 1.077672e+04
7.5 1.082449e+04 1.076684e+04 1.073807e+04 1.079573e+04
8.5 1.088636e+04 1.079252e+04 1.073699e+04 1.083083e+04
9.5 1.072165e+04 1.076425e+04 1.073657e+04 1.069396e+04
10.5 1.071133e+04 1.074476e+04 1.073657e+04 1.070313e+04
11.5 1.076887e+04 1.073604e+04 1.073675e+04 1.076958e+04
12.5 1.073466e+04 1.073755e+04 1.073694e+04 1.073405e+04
13.5 1.069812e+04 1.074850e+04 1.073707e+04 1.068670e+04
14.5 1.078364e+04 1.074205e+04 1.073715e+04 1.077874e+04
15.5 1.071418e+04 1.071443e+04 1.073719e+04 1.073694e+04
16.5 1.067701e+04 1.074139e+04 1.073721e+04 1.067283e+04
17.5 1.082925e+04 1.074519e+04 1.073723e+04 1.082130e+04
1.0 1.070829e+04 1.073772e+04 1.072650e+04 1.069707e+04
2.0 1.079306e+04 1.075142e+04 1.072374e+04 1.076538e+04
3.0 1.080200e+04 1.073117e+04 1.073882e+04 1.080965e+04
4.0 1.060151e+04 1.072659e+04 1.074832e+04 1.062324e+04
5.0 1.071107e+04 1.072938e+04 1.074626e+04 1.072795e+04
6.0 1.077107e+04 1.074473e+04 1.073521e+04 1.076155e+04
7.0 1.076295e+04 1.078925e+04 1.072543e+04 1.069913e+04
8.0 1.083256e+04 1.077561e+04 1.073386e+04 1.079082e+04
9.0 1.068675e+04 1.074629e+04 1.074581e+04 1.068626e+04
10.0 1.074313e+04 1.074940e+04 1.074618e+04 1.073992e+04
11.0 1.072385e+04 1.074852e+04 1.074242e+04 1.071775e+04
12.0 1.078407e+04 1.073748e+04 1.073951e+04 1.078610e+04
13.0 1.077027e+04 1.073043e+04 1.073780e+04 1.077764e+04
14.0 1.070941e+04 1.072899e+04 1.073690e+04 1.071733e+04
15.0 1.075784e+04 1.070440e+04 1.073660e+04 1.079004e+04
16.0 1.077438e+04 1.067520e+04 1.073665e+04 1.083584e+04
17.0 1.076806e+04 1.069055e+04 1.073684e+04 1.081435e+04
18.0 1.075570e+04 1.073717e+04 1.073701e+04 1.075553e+04
0.6 1.077107e+04 1.074473e+04 1.073521e+04 1.076155e+04
1.6 1.076295e+04 1.078925e+04 1.072543e+04 1.069913e+04
2.6 1.083256e+04 1.077561e+04 1.073386e+04 1.079082e+04
3.6 1.068675e+04 1.074629e+04 1.074581e+04 1.068626e+04
4.6 1.074313e+04 1.074940e+04 1.074618e+04 1.073992e+04
5.6 1.072385e+04 1.074852e+04 1.074242e+04 1.071775e+04
6.6 1.078407e+04 1.073748e+04 1.073951e+04 1.078610e+04
7.6 1.077027e+04 1.073043e+04 1.073780e+04 1.077764e+04
8.6 1.070941e+04 1.072899e+04 1.073690e+04 1.071733e+04
9.6 1.075784e+04 1.070440e+04 1.073660e+04 1.079004e+04
10.6 1.077438e+04 1.067520e+04 1.073665e+04 1.083584e+04
11.6 1.076806e+04 1.069055e+04 1.073684e+04 1.081435e+04
12.6 1.075570e+04 1.073717e+04 1.073701e+04 1.075553e+04
13.6 1.067806e+04 1.078468e+04 1.073703e+04 1.063041e+04
14.6 1.078458e+04 1.078632e+04 1.073067e+04 1.072892e+04
15.6 1.076572e+04 1.070537e+04 1.072327e+04 1.078362e+04
16.6 1.064264e+04 1.068256e+04 1.073253e+04 1.069261e+04
17.6 1.081335e+04 1.074859e+04 1.074581e+04 1.081058e+04
0.6 1.078458e+04 1.078632e+04 1.073067e+04 1.072892e+04
1.6 1.076572e+04 1.070537e+04 1.072327e+04 1.078362e+04
2.6 1.064264e+04 1.068256e+04 1.073253e+04 1.069261e+04
3.6 1.081335e+04 1.074859e+04 1.074581e+04 1.081058e+04
4.6 1.072713e+04 1.075957e+04 1.074688e+04 1.071444e+04
5.6 1.073064e+04 1.074107e+04 1.074305e+04 1.073262e+04
6.6 1.070601e+04 1.072476e+04 1.073987e+04 1.072112e+04
7.6 1.072033e+04 1.071402e+04 1.073794e+04 1.074425e+04
8.6 1.066571e+04 1.070872e+04 1.073673e+04 1.069372e+04
9.6 1.074800e+04 1.070694e+04 1.072884e+04 1.076990e+04
10.6 1.070607e+04 1.073151e+04 1.072167e+04 1.069623e+04
11.6 1.078280e+04 1.074337e+04 1.073284e+04 1.077227e+04
12.6 1.076220e+04 1.073358e+04 1.074649e+04 1.077511e+04
13.6 1.079025e+04 1.072214e+04 1.074714e+04 1.081525e+04
14.6 1.063944e+04 1.072117e+04 1.074309e+04 1.066136e+04
15.6 1.077899e+04 1.071971e+04 1.073983e+04 1.079911e+04
16.6 1.068090e+04 1.074333e+04 1.073787e+04 1.067544e+04
17.6 1.080273e+04 1.075526e+04 1.073683e+04 1.078430e+04
0.6 1.074800e+04 1.070694e+04 1.072884e+04 1.076990e+04
1.6 1.070607e+04 1.073151e+04 1.072167e+04 1.069623e+04
2.6 1.078280e+04 1.074337e+04 1.073284e+04 1.077227e+04
3.6 1.076220e+04 1.073358e+04 1.074649e+04 1.077511e+04
4.6 1.079025e+04 1.072214e+04 1.074714e+04 1.081525e+04
5.6 1.063944e+04 1.072117e+04 1.074309e+04 1.066136e+04
6.6 1.077899e+04 1.071971e+04 1.073983e+04 1.079911e+04
7.6 1.068090e+04 1.074333e+04 1.073787e+04 1.067544e+04
8.6 1.080273e+04 1.075526e+04 1.073683e+04 1.078430e+04
9.6 1.076539e+04 1.072057e+04 1.073648e+04 1.078129e+04
10.6 1.074687e+04 1.070198e+04 1.073653e+04 1.078141e+04
11.6 1.066606e+04 1.070834e+04 1.073673e+04 1.069445e+04
12.6 1.074092e+04 1.073855e+04 1.073694e+04 1.073931e+04
13.6 1.080309e+04 1.074866e+04 1.073709e+04 1.079152e+04
14.6 1.078256e+04 1.076413e+04 1.073717e+04 1.075561e+04
15.6 1.074010e+04 1.077031e+04 1.073721e+04 1.070700e+04
16.6 1.077144e+04 1.075642e+04 1.073723e+04 1.075226e+04
17.6 1.069065e+04 1.076158e+04 1.073725e+04 1.066632e+04
0.2 1.070702e+04 1.076102e+04 1.073446e+04 1.068045e+04
1.2 1.073305e+04 1.076034e+04 1.072415e+04 1.069686e+04
2.2 1.073159e+04 1.075733e+04 1.072616e+04 1.070042e+04
3.2 1.073370e+04 1.074644e+04 1.074244e+04 1.072969e+04
4.2 1.061006e+04 1.069508e+04 1.074839e+04 1.066337e+04
5.2 1.058897e+04 1.067826e+04 1.074521e+04 1.065591e+04
6.2 1.071992e+04 1.069827e+04 1.074132e+04 1.076298e+04
7.2 1.081269e+04 1.074413e+04 1.073880e+04 1.080737e+04
8.2 1.072098e+04 1.074581e+04 1.073738e+04 1.071254e+04
9.2 1.082655e+04 1.074713e+04 1.073674e+04 1.081616e+04
10.2 1.076250e+04 1.074463e+04 1.073663e+04 1.075451e+04
11.2 1.083380e+04 1.075769e+04 1.073679e+04 1.081290e+04
12.2 1.076555e+04 1.075224e+04 1.073700e+04 1.075031e+04
13.2 1.074985e+04 1.075605e+04 1.073716e+04 1.073097e+04
14.2 1.085238e+04 1.074335e+04 1.073726e+04 1.084630e+04
15.2 1.065583e+04 1.073979e+04 1.073732e+04 1.065335e+04
16.2 1.065555e+04 1.073124e+04 1.073735e+04 1.066166e+04
17.2 1.082393e+04 1.073538e+04 1.073737e+04 1.082592e+04
0.1 1.071614e+04 1.074187e+04 1.073523e+04 1.070950e+04
1.1 1.069199e+04 1.075547e+04 1.072551e+04 1.066203e+04
2.1 1.075453e+04 1.077092e+04 1.072622e+04 1.070983e+04
3.1 1.073800e+04 1.075946e+04 1.074142e+04 1.071996e+04
4.1 1.071261e+04 1.074171e+04 1.074782e+04 1.071872e+04
5.1 1.069503e+04 1.071720e+04 1.074508e+04 1.072291e+04
6.1 1.074178e+04 1.072739e+04 1.074135e+04 1.075575e+04
7.1 1.078177e+04 1.073022e+04 1.073890e+04 1.079045e+04
8.1 1.061181e+04 1.074065e+04 1.073748e+04 1.060864e+04
