0.2 1.001249e+04 1.002086e+04 9.972609e+03 9.964242e+03
1.2 1.005041e+04 1.001504e+04 9.976111e+03 1.001149e+04
2.2 1.004843e+04 9.986632e+03 9.978585e+03 1.004038e+04
3.2 9.987405e+03 9.971204e+03 9.974293e+03 9.990493e+03
4.2 9.903937e+03 9.957351e+03 9.969969e+03 9.916555e+03
5.2 9.915056e+03 9.950822e+03 9.971196e+03 9.935430e+03
6.2 9.909924e+03 9.941846e+03 9.970725e+03 9.938803e+03
7.2 9.892099e+03 9.931415e+03 9.962261e+03 9.922946e+03
8.2 9.897836e+03 9.923732e+03 9.954338e+03 9.928442e+03
9.2 9.939121e+03 9.948069e+03 9.963702e+03 9.954753e+03
10.2 9.930713e+03 9.984303e+03 9.979398e+03 9.925808e+03
11.2 9.973334e+03 9.993104e+03 9.982476e+03 9.962705e+03
12.2 9.992795e+03 9.998402e+03 9.978922e+03 9.973315e+03
13.2 9.971861e+03 9.993827e+03 9.975445e+03 9.953479e+03
14.2 9.952765e+03 9.982855e+03 9.973195e+03 9.943105e+03
15.2 9.976582e+03 9.969874e+03 9.971907e+03 9.978614e+03
16.2 1.000667e+04 9.973813e+03 9.971354e+03 1.000422e+04
17.2 9.965395e+03 9.972822e+03 9.971287e+03 9.963860e+03
0.4 1.005041e+04 1.001504e+04 9.976111e+03 1.001149e+04
1.4 1.004843e+04 9.986632e+03 9.978585e+03 1.004038e+04
2.4 9.987405e+03 9.971204e+03 9.974293e+03 9.990493e+03
3.4 9.903937e+03 9.957351e+03 9.969969e+03 9.916555e+03
4.4 9.915056e+03 9.950822e+03 9.971196e+03 9.935430e+03
5.4 9.909924e+03 9.941846e+03 9.970725e+03 9.938803e+03
6.4 9.892099e+03 9.931415e+03 9.962261e+03 9.922946e+03
7.4 9.897836e+03 9.923732e+03 9.954338e+03 9.928442e+03
8.4 9.939121e+03 9.948069e+03 9.963702e+03 9.954753e+03
9.4 9.930713e+03 9.984303e+03 9.979398e+03 9.925808e+03
10.4 9.973334e+03 9.993104e+03 9.982476e+03 9.962705e+03
11.4 9.992795e+03 9.998402e+03 9.978922e+03 9.973315e+03
12.4 9.971861e+03 9.993827e+03 9.975445e+03 9.953479e+03
13.4 9.952765e+03 9.982855e+03 9.973195e+03 9.943105e+03
14.4 9.976582e+03 9.969874e+03 9.971907e+03 9.978614e+03
15.4 1.000667e+04 9.973813e+03 9.971354e+03 1.000422e+04
16.4 9.965395e+03 9.972822e+03 9.971287e+03 9.963860e+03
17.4 9.958665e+03 9.970399e+03 9.971431e+03 9.959696e+03
0.9 9.987405e+03 9.971204e+03 9.974293e+03 9.990493e+03
1.9 9.903937e+03 9.957351e+03 9.969969e+03 9.916555e+03
2.9 9.915056e+03 9.950822e+03 9.971196e+03 9.935430e+03
3.9 9.909924e+03 9.941846e+03 9.970725e+03 9.938803e+03
4.9 9.892099e+03 9.931415e+03 9.962261e+03 9.922946e+03
5.9 9.897836e+03 9.923732e+03 9.954338e+03 9.928442e+03
6.9 9.939121e+03 9.948069e+03 9.963702e+03 9.954753e+03
7.9 9.930713e+03 9.984303e+03 9.979398e+03 9.925808e+03
8.9 9.973334e+03 9.993104e+03 9.982476e+03 9.962705e+03
9.9 9.992795e+03 9.998402e+03 9.978922e+03 9.973315e+03
10.9 9.971861e+03 9.993827e+03 9.975445e+03 9.953479e+03
11.9 9.952765e+03 9.982855e+03 9.973195e+03 9.943105e+03
12.9 9.976582e+03 9.969874e+03 9.971907e+03 9.978614e+03
13.9 1.000667e+04 9.973813e+03 9.971354e+03 1.000422e+04
14.9 9.965395e+03 9.972822e+03 9.971287e+03 9.963860e+03
15.9 9.958665e+03 9.970399e+03 9.971431e+03 9.959696e+03
16.9 9.981446e+03 9.969090e+03 9.971596e+03 9.983951e+03
17.9 1.000069e+04 9.983329e+03 9.971711e+03 9.989074e+03
0.9 9.903937e+03 9.957351e+03 9.969969e+03 9.916555e+03
1.9 9.915056e+03 9.950822e+03 9.971196e+03 9.935430e+03
2.9 9.909924e+03 9.941846e+03 9.970725e+03 9.938803e+03
3.9 9.892099e+03 9.931415e+03 9.962261e+03 9.922946e+03
4.9 9.897836e+03 9.923732e+03 9.954338e+03 9.928442e+03
5.9 9.939121e+03 9.948069e+03 9.963702e+03 9.954753e+03
6.9 9.930713e+03 9.984303e+03 9.979398e+03 9.925808e+03
7.9 9.973334e+03 9.993104e+03 9.982476e+03 9.962705e+03
8.9 9.992795e+03 9.998402e+03 9.978922e+03 9.973315e+03
9.9 9.971861e+03 9.993827e+03 9.975445e+03 9.953479e+03
10.9 9.952765e+03 9.982855e+03 9.973195e+03 9.943105e+03
11.9 9.976582e+03 9.969874e+03 9.971907e+03 9.978614e+03
12.9 1.000667e+04 9.973813e+03 9.971354e+03 1.000422e+04
13.9 9.965395e+03 9.972822e+03 9.971287e+03 9.963860e+03
14.9 9.958665e+03 9.970399e+03 9.971431e+03 9.959696e+03
15.9 9.981446e+03 9.969090e+03 9.971596e+03 9.983951e+03
16.9 1.000069e+04 9.983329e+03 9.971711e+03 9.989074e+03
17.9 1.002198e+04 9.980692e+03 9.971772e+03 1.001306e+04
1.0 9.915056e+03 9.950822e+03 9.971196e+03 9.935430e+03
2.0 9.909924e+03 9.941846e+03 9.970725e+03 9.938803e+03
3.0 9.892099e+03 9.931415e+03 9.962261e+03 9.922946e+03
4.0 9.897836e+03 9.923732e+03 9.954338e+03 9.928442e+03
5.0 9.939121e+03 9.948069e+03 9.963702e+03 9.954753e+03
6.0 9.930713e+03 9.984303e+03 9.979398e+03 9.925808e+03
7.0 9.973334e+03 9.993104e+03 9.982476e+03 9.962705e+03
8.0 9.992795e+03 9.998402e+03 9.978922e+03 9.973315e+03
9.0 9.971861e+03 9.993827e+03 9.975445e+03 9.953479e+03
10.0 9.952765e+03 9.982855e+03 9.973195e+03 9.943105e+03
11.0 9.976582e+03 9.969874e+03 9.971907e+03 9.978614e+03
12.0 1.000667e+04 9.973813e+03 9.971354e+03 1.000422e+04
13.0 9.965395e+03 9.972822e+03 9.971287e+03 9.963860e+03
14.0 9.958665e+03 9.970399e+03 9.971431e+03 9.959696e+03
15.0 9.981446e+03 9.969090e+03 9.971596e+03 9.983951e+03
16.0 1.000069e+04 9.983329e+03 9.971711e+03 9.989074e+03
17.0 1.002198e+04 9.980692e+03 9.971772e+03 1.001306e+04
18.0 1.001277e+04 9.981001e+03 9.971455e+03 1.000322e+04
0.6 9.909924e+03 9.941846e+03 9.970725e+03 9.938803e+03
1.6 9.892099e+03 9.931415e+03 9.962261e+03 9.922946e+03
2.6 9.897836e+03 9.923732e+03 9.954338e+03 9.928442e+03
3.6 9.939121e+03 9.948069e+03 9.963702e+03 9.954753e+03
4.6 9.930713e+03 9.984303e+03 9.979398e+03 9.925808e+03
5.6 9.973334e+03 9.993104e+03 9.982476e+03 9.962705e+03
6.6 9.992795e+03 9.998402e+03 9.978922e+03 9.973315e+03
7.6 9.971861e+03 9.993827e+03 9.975445e+03 9.953479e+03
8.6 9.952765e+03 9.982855e+03 9.973195e+03 9.943105e+03
9.6 9.976582e+03 9.969874e+03 9.971907e+03 9.978614e+03
10.6 1.000667e+04 9.973813e+03 9.971354e+03 1.000422e+04
11.6 9.965395e+03 9.972822e+03 9.971287e+03 9.963860e+03
12.6 9.958665e+03 9.970399e+03 9.971431e+03 9.959696e+03
13.6 9.981446e+03 9.969090e+03 9.971596e+03 9.983951e+03
14.6 1.000069e+04 9.983329e+03 9.971711e+03 9.989074e+03
15.6 1.002198e+04 9.980692e+03 9.971772e+03 1.001306e+04
16.6 1.001277e+04 9.981001e+03 9.971455e+03 1.000322e+04
17.6 9.991800e+03 9.984359e+03 9.968935e+03 9.976375e+03
0.6 9.892099e+03 9.931415e+03 9.962261e+03 9.922946e+03
1.6 9.897836e+03 9.923732e+03 9.954338e+03 9.928442e+03
2.6 9.939121e+03 9.948069e+03 9.963702e+03 9.954753e+03
3.6 9.930713e+03 9.984303e+03 9.979398e+03 9.925808e+03
4.6 9.973334e+03 9.993104e+03 9.982476e+03 9.962705e+03
5.6 9.992795e+03 9.998402e+03 9.978922e+03 9.973315e+03
6.6 9.971861e+03 9.993827e+03 9.975445e+03 9.953479e+03
7.6 9.952765e+03 9.982855e+03 9.973195e+03 9.943105e+03
8.6 9.976582e+03 9.969874e+03 9.971907e+03 9.978614e+03
9.6 1.000667e+04 9.973813e+03 9.971354e+03 1.000422e+04
10.6 9.965395e+03 9.972822e+03 9.971287e+03 9.963860e+03
11.6 9.958665e+03 9.970399e+03 9.971431e+03 9.959696e+03
12.6 9.981446e+03 9.969090e+03 9.971596e+03 9.983951e+03
13.6 1.000069e+04 9.983329e+03 9.971711e+03 9.989074e+03
14.6 1.002198e+04 9.980692e+03 9.971772e+03 1.001306e+04
15.6 1.001277e+04 9.981001e+03 9.971455e+03 1.000322e+04
16.6 9.991800e+03 9.984359e+03 9.968935e+03 9.976375e+03
17.6 9.975910e+03 9.972807e+03 9.967846e+03 9.970949e+03
1.0 9.991800e+03 9.984359e+03 9.968935e+03 9.976375e+03
2.0 9.975910e+03 9.972807e+03 9.967846e+03 9.970949e+03
3.0 9.982913e+03 9.970269e+03 9.971768e+03 9.984412e+03
4.0 9.993270e+03 9.973086e+03 9.974874e+03 9.995058e+03
5.0 1.002692e+04 9.977314e+03 9.974456e+03 1.002406e+04
6.0 1.001282e+04 9.977160e+03 9.973222e+03 1.000889e+04
7.0 1.002109e+04 9.972650e+03 9.972369e+03 1.002081e+04
8.0 1.000974e+04 9.983658e+03 9.971879e+03 9.997963e+03
9.0 9.995077e+03 9.984156e+03 9.971638e+03 9.982559e+03
10.0 9.992092e+03 9.986273e+03 9.971575e+03 9.977394e+03
11.0 1.000396e+04 9.983097e+03 9.971610e+03 9.992476e+03
12.0 9.978865e+03 9.960462e+03 9.971675e+03 9.990079e+03
13.0 9.943711e+03 9.955962e+03 9.971733e+03 9.959482e+03
14.0 9.983596e+03 9.957998e+03 9.971774e+03 9.997372e+03
15.0 9.975310e+03 9.962628e+03 9.971801e+03 9.984483e+03
16.0 9.905582e+03 9.970083e+03 9.971821e+03 9.907320e+03
17.0 9.894613e+03 9.974087e+03 9.971839e+03 9.892365e+03
18.0 9.934062e+03 9.971309e+03 9.971856e+03 9.934609e+03
1.0 9.975910e+03 9.972807e+03 9.967846e+03 9.970949e+03
2.0 9.982913e+03 9.970269e+03 9.971768e+03 9.984412e+03
3.0 9.993270e+03 9.973086e+03 9.974874e+03 9.995058e+03
4.0 1.002692e+04 9.977314e+03 9.974456e+03 1.002406e+04
5.0 1.001282e+04 9.977160e+03 9.973222e+03 1.000889e+04
6.0 1.002109e+04 9.972650e+03 9.972369e+03 1.002081e+04
7.0 1.000974e+04 9.983658e+03 9.971879e+03 9.997963e+03
8.0 9.995077e+03 9.984156e+03 9.971638e+03 9.982559e+03
9.0 9.992092e+03 9.986273e+03 9.971575e+03 9.977394e+03
10.0 1.000396e+04 9.983097e+03 9.971610e+03 9.992476e+03
11.0 9.978865e+03 9.960462e+03 9.971675e+03 9.990079e+03
12.0 9.943711e+03 9.955962e+03 9.971733e+03 9.959482e+03
13.0 9.983596e+03 9.957998e+03 9.971774e+03 9.997372e+03
14.0 9.975310e+03 9.962628e+03 9.971801e+03 9.984483e+03
15.0 9.905582e+03 9.970083e+03 9.971821e+03 9.907320e+03
16.0 9.894613e+03 9.974087e+03 9.971839e+03 9.892365e+03
17.0 9.934062e+03 9.971309e+03 9.971856e+03 9.934609e+03
18.0 9.998201e+03 9.996049e+03 9.971871e+03 9.974023e+03
0.4 9.963960e+03 9.962811e+03 9.972331e+03 9.973480e+03
1.4 9.993753e+03 9.997323e+03 9.974828e+03 9.971257e+03
2.4 9.945698e+03 1.000313e+04 9.978272e+03 9.920843e+03
3.4 9.976674e+03 1.001328e+04 9.978997e+03 9.942395e+03
4.4 9.994032e+03 9.992267e+03 9.975028e+03 9.976793e+03
5.4 1.001189e+04 9.978380e+03 9.970466e+03 1.000397e+04
6.4 9.945274e+03 9.963045e+03 9.967406e+03 9.949635e+03
7.4 9.892170e+03 9.953427e+03 9.965614e+03 9.904356e+03
8.4 9.903338e+03 9.951505e+03 9.966967e+03 9.918800e+03
9.4 9.927473e+03 9.925624e+03 9.962726e+03 9.964576e+03
10.4 9.978463e+03 9.921048e+03 9.953526e+03 1.001094e+04
11.4 9.915198e+03 9.935324e+03 9.963398e+03 9.943273e+03
12.4 9.887469e+03 9.952541e+03 9.982066e+03 9.916994e+03
13.4 9.936009e+03 9.951020e+03 9.984610e+03 9.969599e+03
14.4 1.000607e+04 9.945953e+03 9.980054e+03 1.004017e+04
15.4 9.995004e+03 9.951234e+03 9.977308e+03 1.002108e+04
16.4 1.000444e+04 9.949883e+03 9.974465e+03 1.002902e+04
17.4 1.000189e+04 9.964517e+03 9.971416e+03 1.000879e+04
0.0 9.993753e+03 9.997323e+03 9.974828e+03 9.971257e+03
1.0 9.945698e+03 1.000313e+04 9.978272e+03 9.920843e+03
2.0 9.976674e+03 1.001328e+04 9.978997e+03 9.942395e+03
3.0 9.994032e+03 9.992267e+03 9.975028e+03 9.976793e+03
4.0 1.001189e+04 9.978380e+03 9.970466e+03 1.000397e+04
5.0 9.945274e+03 9.963045e+03 9.967406e+03 9.949635e+03
6.0 9.892170e+03 9.953427e+03 9.965614e+03 9.904356e+03
7.0 9.903338e+03 9.951505e+03 9.966967e+03 9.918800e+03
8.0 9.927473e+03 9.925624e+03 9.962726e+03 9.964576e+03
9.0 9.978463e+03 9.921048e+03 9.953526e+03 1.001094e+04
10.0 9.915198e+03 9.935324e+03 9.963398e+03 9.943273e+03
11.0 9.887469e+03 9.952541e+03 9.982066e+03 9.916994e+03
12.0 9.936009e+03 9.951020e+03 9.984610e+03 9.969599e+03
13.0 1.000607e+04 9.945953e+03 9.980054e+03 1.004017e+04
14.0 9.995004e+03 9.951234e+03 9.977308e+03 1.002108e+04
15.0 1.000444e+04 9.949883e+03 9.974465e+03 1.002902e+04
16.0 1.000189e+04 9.964517e+03 9.971416e+03 1.000879e+04
17.0 1.003298e+04 9.969869e+03 9.970356e+03 1.003346e+04
0.9 9.976674e+03 1.001328e+04 9.978997e+03 9.942395e+03
1.9 9.994032e+03 9.992267e+03 9.975028e+03 9.976793e+03
2.9 1.001189e+04 9.978380e+03 9.970466e+03 1.000397e+04
3.9 9.945274e+03 9.963045e+03 9.967406e+03 9.949635e+03
4.9 9.892170e+03 9.953427e+03 9.965614e+03 9.904356e+03
5.9 9.903338e+03 9.951505e+03 9.966967e+03 9.918800e+03
6.9 9.927473e+03 9.925624e+03 9.962726e+03 9.964576e+03
7.9 9.978463e+03 9.921048e+03 9.953526e+03 1.001094e+04
8.9 9.915198e+03 9.935324e+03 9.963398e+03 9.943273e+03
9.9 9.887469e+03 9.952541e+03 9.982066e+03 9.916994e+03
10.9 9.936009e+03 9.951020e+03 9.984610e+03 9.969599e+03
11.9 1.000607e+04 9.945953e+03 9.980054e+03 1.004017e+04
12.9 9.995004e+03 9.951234e+03 9.977308e+03 1.002108e+04
13.9 1.000444e+04 9.949883e+03 9.974465e+03 1.002902e+04
14.9 1.000189e+04 9.964517e+03 9.971416e+03 1.000879e+04
15.9 1.003298e+04 9.969869e+03 9.970356e+03 1.003346e+04
16.9 1.003557e+04 9.974053e+03 9.970556e+03 1.003207e+04
17.9 9.970333e+03 9.980014e+03 9.971017e+03 9.961336e+03
0.2 9.976674e+03 1.001328e+04 9.978997e+03 9.942395e+03
1.2 9.994032e+03 9.992267e+03 9.975028e+03 9.976793e+03
2.2 1.001189e+04 9.978380e+03 9.970466e+03 1.000397e+04
3.2 9.945274e+03 9.963045e+03 9.967406e+03 9.949635e+03
4.2 9.892170e+03 9.953427e+03 9.965614e+03 9.904356e+03
5.2 9.903338e+03 9.951505e+03 9.966967e+03 9.918800e+03
6.2 9.927473e+03 9.925624e+03 9.962726e+03 9.964576e+03
7.2 9.978463e+03 9.921048e+03 9.953526e+03 1.001094e+04
8.2 9.915198e+03 9.935324e+03 9.963398e+03 9.943273e+03
9.2 9.887469e+03 9.952541e+03 9.982066e+03 9.916994e+03
10.2 9.936009e+03 9.951020e+03 9.984610e+03 9.969599e+03
11.2 1.000607e+04 9.945953e+03 9.980054e+03 1.004017e+04
12.2 9.995004e+03 9.951234e+03 9.977308e+03 1.002108e+04
13.1 1.000444e+04 9.949883e+03 9.974465e+03 1.002902e+04
14.1 1.000189e+04 9.964517e+03 9.971416e+03 1.000879e+04
15.1 1.003298e+04 9.969869e+03 9.970356e+03 1.003346e+04
16.1 1.003557e+04 9.974053e+03 9.970556e+03 1.003207e+04
17.1 9.970333e+03 9.980014e+03 9.971017e+03 9.961336e+03
0.1 9.994032e+03 9.992267e+03 9.975028e+03 9.976793e+03
1.1 1.001189e+04 9.978380e+03 9.970466e+03 1.000397e+04
2.1 9.945274e+03 9.963045e+03 9.967406e+03 9.949635e+03
3.1 9.892170e+03 9.953427e+03 9.965614e+03 9.904356e+03
4.1 9.903338e+03 9.951505e+03 9.966967e+03 9.918800e+03
5.1 9.927473e+03 9.925624e+03 9.962726e+03 9.964576e+03
6.1 9.978463e+03 9.921048e+03 9.953526e+03 1.001094e+04
7.1 9.915198e+03 9.935324e+03 9.963398e+03 9.943273e+03
8.1 9.887469e+03 9.952541e+03 9.982066e+03 9.916994e+03
9.1 9.936009e+03 9.951020e+03 9.984610e+03 9.969599e+03
10.1 1.000607e+04 9.945953e+03 9.980054e+03 1.004017e+04
11.1 9.995004e+03 9.951234e+03 9.977308e+03 1.002108e+04
12.1 1.000444e+04 9.949883e+03 9.974465e+03 1.002902e+04
13.1 1.000189e+04 9.964517e+03 9.971416e+03 1.000879e+04
14.1 1.003298e+04 9.969869e+03 9.970356e+03 1.003346e+04
15.1 1.003557e+04 9.974053e+03 9.970556e+03 1.003207e+04
16.1 9.970333e+03 9.980014e+03 9.971017e+03 9.961336e+03
17.1 9.928227e+03 9.988592e+03 9.971404e+03 9.911039e+03
0.7 9.945274e+03 9.963045e+03 9.967406e+03 9.949635e+03
1.7 9.892170e+03 9.953427e+03 9.965614e+03 9.904356e+03
2.7 9.903338e+03 9.951505e+03 9.966967e+03 9.918800e+03
3.7 9.927473e+03 9.925624e+03 9.962726e+03 9.964576e+03
4.7 9.978463e+03 9.921048e+03 9.953526e+03 1.001094e+04
5.7 9.915198e+03 9.935324e+03 9.963398e+03 9.943273e+03
6.7 9.887469e+03 9.952541e+03 9.982066e+03 9.916994e+03
7.7 9.936009e+03 9.951020e+03 9.984610e+03 9.969599e+03
8.7 1.000607e+04 9.945953e+03 9.980054e+03 1.004017e+04
9.7 9.995004e+03 9.951234e+03 9.977308e+03 1.002108e+04
10.7 1.000444e+04 9.949883e+03 9.974465e+03 1.002902e+04
11.7 1.000189e+04 9.964517e+03 9.971416e+03 1.000879e+04
12.7 1.003298e+04 9.969869e+03 9.970356e+03 1.003346e+04
13.7 1.003557e+04 9.974053e+03 9.970556e+03 1.003207e+04
14.7 9.970333e+03 9.980014e+03 9.971017e+03 9.961336e+03
15.7 9.928227e+03 9.988592e+03 9.971404e+03 9.911039e+03
16.7 9.947576e+03 9.985310e+03 9.971657e+03 9.933923e+03
17.7 9.988500e+03 9.963492e+03 9.971787e+03 9.996796e+03
1.0 9.903338e+03 9.951505e+03 9.966967e+03 9.918800e+03
2.0 9.927473e+03 9.925624e+03 9.962726e+03 9.964576e+03
3.0 9.978463e+03 9.921048e+03 9.953526e+03 1.001094e+04
4.0 9.915198e+03 9.935324e+03 9.963398e+03 9.943273e+03
5.0 9.887469e+03 9.952541e+03 9.982066e+03 9.916994e+03
6.0 9.936009e+03 9.951020e+03 9.984610e+03 9.969599e+03
7.0 1.000607e+04 9.945953e+03 9.980054e+03 1.004017e+04
8.0 9.995004e+03 9.951234e+03 9.977308e+03 1.002108e+04
9.0 1.000444e+04 9.949883e+03 9.974465e+03 1.002902e+04
10.0 1.000189e+04 9.964517e+03 9.971416e+03 1.000879e+04
11.0 1.003298e+04 9.969869e+03 9.970356e+03 1.003346e+04
12.0 1.003557e+04 9.974053e+03 9.970556e+03 1.003207e+04
13.0 9.970333e+03 9.980014e+03 9.971017e+03 9.961336e+03
14.0 9.928227e+03 9.988592e+03 9.971404e+03 9.911039e+03
15.0 9.947576e+03 9.985310e+03 9.971657e+03 9.933923e+03
16.0 9.988500e+03 9.963492e+03 9.971787e+03 9.996796e+03
17.0 9.958454e+03 9.977698e+03 9.971831e+03 9.952587e+03
18.0 9.969455e+03 1.000526e+04 9.971830e+03 9.936021e+03
0.8 9.927473e+03 9.925624e+03 9.962726e+03 9.964576e+03
1.8 9.978463e+03 9.921048e+03 9.953526e+03 1.001094e+04
2.8 9.915198e+03 9.935324e+03 9.963398e+03 9.943273e+03
3.8 9.887469e+03 9.952541e+03 9.982066e+03 9.916994e+03
4.8 9.936009e+03 9.951020e+03 9.984610e+03 9.969599e+03
5.8 1.000607e+04 9.945953e+03 9.980054e+03 1.004017e+04
6.8 9.995004e+03 9.951234e+03 9.977308e+03 1.002108e+04
7.8 1.000444e+04 9.949883e+03 9.974465e+03 1.002902e+04
8.8 1.000189e+04 9.964517e+03 9.971416e+03 1.000879e+04
9.8 1.003298e+04 9.969869e+03 9.970356e+03 1.003346e+04
10.8 1.003557e+04 9.974053e+03 9.970556e+03 1.003207e+04
11.8 9.970333e+03 9.980014e+03 9.971017e+03 9.961336e+03
12.8 9.928227e+03 9.988592e+03 9.971404e+03 9.911039e+03
13.8 9.947576e+03 9.985310e+03 9.971657e+03 9.933923e+03
14.8 9.988500e+03 9.963492e+03 9.971787e+03 9.996796e+03
15.8 9.958454e+03 9.977698e+03 9.971831e+03 9.952587e+03
16.8 9.969455e+03 1.000526e+04 9.971830e+03 9.936021e+03
17.8 9.938328e+03 9.998234e+03 9.971815e+03 9.911909e+03
0.8 9.915198e+03 9.935324e+03 9.963398e+03 9.943273e+03
1.8 9.887469e+03 9.952541e+03 9.982066e+03 9.916994e+03
2.8 9.936009e+03 9.951020e+03 9.984610e+03 9.969599e+03
3.8 1.000607e+04 9.945953e+03 9.980054e+03 1.004017e+04
4.8 9.995004e+03 9.951234e+03 9.977308e+03 1.002108e+04
5.8 1.000444e+04 9.949883e+03 9.974465e+03 1.002902e+04
6.8 1.000189e+04 9.964517e+03 9.971416e+03 1.000879e+04
7.8 1.003298e+04 9.969869e+03 9.970356e+03 1.003346e+04
8.8 1.003557e+04 9.974053e+03 9.970556e+03 1.003207e+04
9.8 9.970333e+03 9.980014e+03 9.971017e+03 9.961336e+03
10.8 9.928227e+03 9.988592e+03 9.971404e+03 9.911039e+03
11.8 9.947576e+03 9.985310e+03 9.971657e+03 9.933923e+03
12.8 9.988500e+03 9.963492e+03 9.971787e+03 9.996796e+03
13.8 9.958454e+03 9.977698e+03 9.971831e+03 9.952587e+03
14.8 9.969455e+03 1.000526e+04 9.971830e+03 9.936021e+03
15.8 9.938328e+03 9.998234e+03 9.971815e+03 9.911909e+03
16.8 9.939628e+03 9.982721e+03 9.971799e+03 9.928706e+03
17.8 9.991008e+03 9.969813e+03 9.971787e+03 9.992981e+03
0.4 9.887469e+03 9.952541e+03 9.982066e+03 9.916994e+03
1.4 9.936009e+03 9.951020e+03 9.984610e+03 9.969599e+03
2.4 1.000607e+04 9.945953e+03 9.980054e+03 1.004017e+04
3.4 9.995004e+03 9.951234e+03 9.977308e+03 1.002108e+04
4.4 1.000444e+04 9.949883e+03 9.974465e+03 1.002902e+04
5.4 1.000189e+04 9.964517e+03 9.971416e+03 1.000879e+04
6.4 1.003298e+04 9.969869e+03 9.970356e+03 1.003346e+04
7.4 1.003557e+04 9.974053e+03 9.970556e+03 1.003207e+04
8.4 9.970333e+03 9.980014e+03 9.971017e+03 9.961336e+03
9.4 9.928227e+03 9.988592e+03 9.971404e+03 9.911039e+03
10.4 9.947576e+03 9.985310e+03 9.971657e+03 9.933923e+03
11.4 9.988500e+03 9.963492e+03 9.971787e+03 9.996796e+03
12.4 9.958454e+03 9.977698e+03 9.971831e+03 9.952587e+03
13.4 9.969455e+03 1.000526e+04 9.971830e+03 9.936021e+03
14.4 9.938328e+03 9.998234e+03 9.971815e+03 9.911909e+03
15.4 9.939628e+03 9.982721e+03 9.971799e+03 9.928706e+03
16.4 9.991008e+03 9.969813e+03 9.971787e+03 9.992981e+03
17.4 9.978461e+03 9.979192e+03 9.971776e+03 9.971045e+03
0.7 1.000607e+04 9.945953e+03 9.980054e+03 1.004017e+04
1.7 9.995004e+03 9.951234e+03 9.977308e+03 1.002108e+04
2.7 1.000444e+04 9.949883e+03 9.974465e+03 1.002902e+04
3.7 1.000189e+04 9.964517e+03 9.971416e+03 1.000879e+04
4.7 1.003298e+04 9.969869e+03 9.970356e+03 1.003346e+04
5.7 1.003557e+04 9.974053e+03 9.970556e+03 1.003207e+04
6.7 9.970333e+03 9.980014e+03 9.971017e+03 9.961336e+03
7.7 9.928227e+03 9.988592e+03 9.971404e+03 9.911039e+03
8.7 9.947576e+03 9.985310e+03 9.971657e+03 9.933923e+03
9.7 9.988500e+03 9.963492e+03 9.971787e+03 9.996796e+03
10.7 9.958454e+03 9.977698e+03 9.971831e+03 9.952587e+03
11.7 9.969455e+03 1.000526e+04 9.971830e+03 9.936021e+03
12.7 9.938328e+03 9.998234e+03 9.971815e+03 9.911909e+03
13.7 9.939628e+03 9.982721e+03 9.971799e+03 9.928706e+03
14.7 9.991008e+03 9.969813e+03 9.971787e+03 9.992981e+03
15.7 9.978461e+03 9.979192e+03 9.971776e+03 9.971045e+03
16.7 9.973406e+03 9.992281e+03 9.971769e+03 9.952893e+03
17.7 9.975142e+03 9.994682e+03 9.971763e+03 9.952224e+03
1.0 1.003100e+04 1.003137e+04 9.973586e+03 9.973215e+03
2.0 1.002058e+04 1.002803e+04 9.975891e+03 9.968435e+03
3.0 1.003017e+04 1.001006e+04 9.975183e+03 9.995295e+03
4.0 9.994909e+03 9.995326e+03 9.974226e+03 9.973810e+03
5.0 9.986557e+03 9.983258e+03 9.972875e+03 9.976174e+03
6.0 9.995753e+03 9.967832e+03 9.968874e+03 9.996794e+03
7.0 9.994511e+03 9.947119e+03 9.966030e+03 1.001342e+04
8.0 1.001645e+04 9.953862e+03 9.967709e+03 1.003030e+04
9.0 9.973408e+03 9.945320e+03 9.971178e+03 9.999266e+03
10.0 9.937991e+03 9.942478e+03 9.972565e+03 9.968078e+03
11.0 9.936063e+03 9.951133e+03 9.973131e+03 9.958060e+03
12.0 9.948931e+03 9.951563e+03 9.973376e+03 9.970745e+03
13.0 9.934504e+03 9.945842e+03 9.973686e+03 9.962348e+03
14.0 9.895378e+03 9.936270e+03 9.974160e+03 9.933267e+03
15.0 9.889987e+03 9.937075e+03 9.973250e+03 9.926162e+03
16.0 9.920577e+03 9.925815e+03 9.971589e+03 9.966351e+03
17.0 9.939078e+03 9.943983e+03 9.969705e+03 9.964800e+03
18.0 9.933831e+03 9.966665e+03 9.969021e+03 9.936186e+03
0.8 1.002058e+04 1.002803e+04 9.975891e+03 9.968435e+03
1.8 1.003017e+04 1.001006e+04 9.975183e+03 9.995295e+03
2.8 9.994909e+03 9.995326e+03 9.974226e+03 9.973810e+03
3.8 9.986557e+03 9.983258e+03 9.972875e+03 9.976174e+03
4.8 9.995753e+03 9.967832e+03 9.968874e+03 9.996794e+03
5.8 9.994511e+03 9.947119e+03 9.966030e+03 1.001342e+04
6.8 1.001645e+04 9.953862e+03 9.967709e+03 1.003030e+04
7.8 9.973408e+03 9.945320e+03 9.971178e+03 9.999266e+03
8.8 9.937991e+03 9.942478e+03 9.972565e+03 9.968078e+03
9.8 9.936063e+03 9.951133e+03 9.973131e+03 9.958060e+03
10.8 9.948931e+03 9.951563e+03 9.973376e+03 9.970745e+03
11.8 9.934504e+03 9.945842e+03 9.973686e+03 9.962348e+03
12.8 9.895378e+03 9.936270e+03 9.974160e+03 9.933267e+03
13.8 9.889987e+03 9.937075e+03 9.973250e+03 9.926162e+03
14.8 9.920577e+03 9.925815e+03 9.971589e+03 9.966351e+03
15.8 9.939078e+03 9.943983e+03 9.969705e+03 9.964800e+03
16.8 9.933831e+03 9.966665e+03 9.969021e+03 9.936186e+03
17.8 9.974627e+03 9.978384e+03 9.969976e+03 9.966219e+03
0.4 1.003017e+04 1.001006e+04 9.975183e+03 9.995295e+03
1.4 9.994909e+03 9.995326e+03 9.974226e+03 9.973810e+03
2.4 9.986557e+03 9.983258e+03 9.972875e+03 9.976174e+03
3.4 9.995753e+03 9.967832e+03 9.968874e+03 9.996794e+03
4.4 9.994511e+03 9.947119e+03 9.966030e+03 1.001342e+04
5.4 1.001645e+04 9.953862e+03 9.967709e+03 1.003030e+04
6.4 9.973408e+03 9.945320e+03 9.971178e+03 9.999266e+03
7.4 9.937991e+03 9.942478e+03 9.972565e+03 9.968078e+03
8.4 9.936063e+03 9.951133e+03 9.973131e+03 9.958060e+03
9.4 9.948931e+03 9.951563e+03 9.973376e+03 9.970745e+03
10.4 9.934504e+03 9.945842e+03 9.973686e+03 9.962348e+03
11.4 9.895378e+03 9.936270e+03 9.974160e+03 9.933267e+03
12.4 9.889987e+03 9.937075e+03 9.973250e+03 9.926162e+03
13.4 9.920577e+03 9.925815e+03 9.971589e+03 9.966351e+03
14.4 9.939078e+03 9.943983e+03 9.969705e+03 9.964800e+03
15.4 9.933831e+03 9.966665e+03 9.969021e+03 9.936186e+03
16.4 9.974627e+03 9.978384e+03 9.969976e+03 9.966219e+03
17.4 1.001566e+04 9.982216e+03 9.971069e+03 1.000452e+04
0.3 9.994909e+03 9.995326e+03 9.974226e+03 9.973810e+03
1.3 9.986557e+03 9.983258e+03 9.972875e+03 9.976174e+03
2.3 9.995753e+03 9.967832e+03 9.968874e+03 9.996794e+03
3.3 9.994511e+03 9.947119e+03 9.966030e+03 1.001342e+04
4.3 1.001645e+04 9.953862e+03 9.967709e+03 1.003030e+04
5.3 9.973408e+03 9.945320e+03 9.971178e+03 9.999266e+03
6.3 9.937991e+03 9.942478e+03 9.972565e+03 9.968078e+03
7.3 9.936063e+03 9.951133e+03 9.973131e+03 9.958060e+03
8.3 9.948931e+03 9.951563e+03 9.973376e+03 9.970745e+03
9.3 9.934504e+03 9.945842e+03 9.973686e+03 9.962348e+03
10.3 9.895378e+03 9.936270e+03 9.974160e+03 9.933267e+03
11.3 9.889987e+03 9.937075e+03 9.973250e+03 9.926162e+03
12.3 9.920577e+03 9.925815e+03 9.971589e+03 9.966351e+03
13.3 9.939078e+03 9.943983e+03 9.969705e+03 9.964800e+03
14.3 9.933831e+03 9.966665e+03 9.969021e+03 9.936186e+03
15.3 9.974627e+03 9.978384e+03 9.969976e+03 9.966219e+03
16.3 1.001566e+04 9.982216e+03 9.971069e+03 1.000452e+04
17.3 1.000344e+04 9.991938e+03 9.971746e+03 9.983247e+03
0.2 9.986557e+03 9.983258e+03 9.972875e+03 9.976174e+03
1.2 9.995753e+03 9.967832e+03 9.968874e+03 9.996794e+03
2.2 9.994511e+03 9.947119e+03 9.966030e+03 1.001342e+04
3.2 1.001645e+04 9.953862e+03 9.967709e+03 1.003030e+04
4.2 9.973408e+03 9.945320e+03 9.971178e+03 9.999266e+03
5.2 9.937991e+03 9.942478e+03 9.972565e+03 9.968078e+03
6.2 9.936063e+03 9.951133e+03 9.973131e+03 9.958060e+03
7.2 9.948931e+03 9.951563e+03 9.973376e+03 9.970745e+03
8.2 9.934504e+03 9.945842e+03 9.973686e+03 9.962348e+03
9.2 9.895378e+03 9.936270e+03 9.974160e+03 9.933267e+03
10.2 9.889987e+03 9.937075e+03 9.973250e+03 9.926162e+03
11.2 9.920577e+03 9.925815e+03 9.971589e+03 9.966351e+03
12.2 9.939078e+03 9.943983e+03 9.969705e+03 9.964800e+03
13.2 9.933831e+03 9.966665e+03 9.969021e+03 9.936186e+03
14.2 9.974627e+03 9.978384e+03 9.969976e+03 9.966219e+03
15.2 1.001566e+04 9.982216e+03 9.971069e+03 1.000452e+04
16.2 1.000344e+04 9.991938e+03 9.971746e+03 9.983247e+03
17.2 9.986048e+03 9.988439e+03 9.972073e+03 9.969682e+03
1.0 9.994511e+03 9.947119e+03 9.966030e+03 1.001342e+04
2.0 1.001645e+04 9.953862e+03 9.967709e+03 1.003030e+04
3.0 9.973408e+03 9.945320e+03 9.971178e+03 9.999266e+03
4.0 9.937991e+03 9.942478e+03 9.972565e+03 9.968078e+03
5.0 9.936063e+03 9.951133e+03 9.973131e+03 9.958060e+03
6.0 9.948931e+03 9.951563e+03 9.973376e+03 9.970745e+03
7.0 9.934504e+03 9.945842e+03 9.973686e+03 9.962348e+03
8.0 9.895378e+03 9.936270e+03 9.974160e+03 9.933267e+03
9.0 9.889987e+03 9.937075e+03 9.973250e+03 9.926162e+03
10.0 9.920577e+03 9.925815e+03 9.971589e+03 9.966351e+03
11.0 9.939078e+03 9.943983e+03 9.969705e+03 9.964800e+03
12.0 9.933831e+03 9.966665e+03 9.969021e+03 9.936186e+03
13.0 9.974627e+03 9.978384e+03 9.969976e+03 9.966219e+03
14.0 1.001566e+04 9.982216e+03 9.971069e+03 1.000452e+04
15.0 1.000344e+04 9.991938e+03 9.971746e+03 9.983247e+03
16.0 9.986048e+03 9.988439e+03 9.972073e+03 9.969682e+03
17.0 1.001242e+04 9.977485e+03 9.972179e+03 1.000711e+04
18.0 1.001340e+04 9.985297e+03 9.972161e+03 1.000027e+04
0.8 1.001645e+04 9.953862e+03 9.967709e+03 1.003030e+04
1.8 9.973408e+03 9.945320e+03 9.971178e+03 9.999266e+03
2.8 9.937991e+03 9.942478e+03 9.972565e+03 9.968078e+03
3.8 9.936063e+03 9.951133e+03 9.973131e+03 9.958060e+03
4.8 9.948931e+03 9.951563e+03 9.973376e+03 9.970745e+03
5.8 9.934504e+03 9.945842e+03 9.973686e+03 9.962348e+03
6.8 9.895378e+03 9.936270e+03 9.974160e+03 9.933267e+03
7.8 9.889987e+03 9.937075e+03 9.973250e+03 9.926162e+03
8.8 9.920577e+03 9.925815e+03 9.971589e+03 9.966351e+03
9.8 9.939078e+03 9.943983e+03 9.969705e+03 9.964800e+03
10.8 9.933831e+03 9.966665e+03 9.969021e+03 9.936186e+03
11.8 9.974627e+03 9.978384e+03 9.969976e+03 9.966219e+03
12.8 1.001566e+04 9.982216e+03 9.971069e+03 1.000452e+04
13.8 1.000344e+04 9.991938e+03 9.971746e+03 9.983247e+03
14.8 9.986048e+03 9.988439e+03 9.972073e+03 9.969682e+03
15.8 1.001242e+04 9.977485e+03 9.972179e+03 1.000711e+04
16.8 1.001340e+04 9.985297e+03 9.972161e+03 1.000027e+04
17.8 9.980843e+03 9.972369e+03 9.972095e+03 9.980569e+03
0.7 9.973408e+03 9.945320e+03 9.971178e+03 9.999266e+03
1.7 9.937991e+03 9.942478e+03 9.972565e+03 9.968078e+03
2.7 9.936063e+03 9.951133e+03 9.973131e+03 9.958060e+03
3.7 9.948931e+03 9.951563e+03 9.973376e+03 9.970745e+03
4.7 9.934504e+03 9.945842e+03 9.973686e+03 9.962348e+03
5.7 9.895378e+03 9.936270e+03 9.974160e+03 9.933267e+03
6.7 9.889987e+03 9.937075e+03 9.973250e+03 9.926162e+03
7.7 9.920577e+03 9.925815e+03 9.971589e+03 9.966351e+03
8.7 9.939078e+03 9.943983e+03 9.969705e+03 9.964800e+03
9.7 9.933831e+03 9.966665e+03 9.969021e+03 9.936186e+03
10.7 9.974627e+03 9.978384e+03 9.969976e+03 9.966219e+03
11.7 1.001566e+04 9.982216e+03 9.971069e+03 1.000452e+04
12.7 1.000344e+04 9.991938e+03 9.971746e+03 9.983247e+03
13.7 9.986048e+03 9.988439e+03 9.972073e+03 9.969682e+03
14.7 1.001242e+04 9.977485e+03 9.972179e+03 1.000711e+04
15.7 1.001340e+04 9.985297e+03 9.972161e+03 1.000027e+04
16.7 9.980843e+03 9.972369e+03 9.972095e+03 9.980569e+03
17.7 9.959360e+03 9.970494e+03 9.972029e+03 9.960895e+03
0.3 9.937991e+03 9.942478e+03 9.972565e+03 9.968078e+03
1.3 9.936063e+03 9.951133e+03 9.973131e+03 9.958060e+03
2.3 9.948931e+03 9.951563e+03 9.973376e+03 9.970745e+03
3.3 9.934504e+03 9.945842e+03 9.973686e+03 9.962348e+03
4.3 9.895378e+03 9.936270e+03 9.974160e+03 9.933267e+03
5.3 9.889987e+03 9.937075e+03 9.973250e+03 9.926162e+03
6.3 9.920577e+03 9.925815e+03 9.971589e+03 9.966351e+03
7.3 9.939078e+03 9.943983e+03 9.969705e+03 9.964800e+03
8.3 9.933831e+03 9.966665e+03 9.969021e+03 9.936186e+03
9.3 9.974627e+03 9.978384e+03 9.969976e+03 9.966219e+03
10.3 1.001566e+04 9.982216e+03 9.971069e+03 1.000452e+04
11.3 1.000344e+04 9.991938e+03 9.971746e+03 9.983247e+03
12.3 9.986048e+03 9.988439e+03 9.972073e+03 9.969682e+03
13.3 1.001242e+04 9.977485e+03 9.972179e+03 1.000711e+04
14.3 1.001340e+04 9.985297e+03 9.972161e+03 1.000027e+04
15.3 9.980843e+03 9.972369e+03 9.972095e+03 9.980569e+03
16.3 9.959360e+03 9.970494e+03 9.972029e+03 9.960895e+03
17.3 9.978344e+03 9.983542e+03 9.971980e+03 9.966781e+03
0.6 9.948931e+03 9.951563e+03 9.973376e+03 9.970745e+03
1.6 9.934504e+03 9.945842e+03 9.973686e+03 9.962348e+03
2.6 9.895378e+03 9.936270e+03 9.974160e+03 9.933267e+03
3.6 9.889987e+03 9.937075e+03 9.973250e+03 9.926162e+03
4.6 9.920577e+03 9.925815e+03 9.971589e+03 9.966351e+03
5.6 9.939078e+03 9.943983e+03 9.969705e+03 9.964800e+03
6.6 9.933831e+03 9.966665e+03 9.969021e+03 9.936186e+03
7.6 9.974627e+03 9.978384e+03 9.969976e+03 9.966219e+03
8.6 1.001566e+04 9.982216e+03 9.971069e+03 1.000452e+04
9.6 1.000344e+04 9.991938e+03 9.971746e+03 9.983247e+03
10.6 9.986048e+03 9.988439e+03 9.972073e+03 9.969682e+03
11.6 1.001242e+04 9.977485e+03 9.972179e+03 1.000711e+04
12.6 1.001340e+04 9.985297e+03 9.972161e+03 1.000027e+04
13.6 9.980843e+03 9.972369e+03 9.972095e+03 9.980569e+03
14.6 9.959360e+03 9.970494e+03 9.972029e+03 9.960895e+03
15.6 9.978344e+03 9.983542e+03 9.971980e+03 9.966781e+03
16.6 9.954259e+03 9.977661e+03 9.971950e+03 9.948548e+03
17.6 9.967974e+03 9.985357e+03 9.971933e+03 9.954550e+03
0.4 9.934504e+03 9.945842e+03 9.973686e+03 9.962348e+03
1.4 9.895378e+03 9.936270e+03 9.974160e+03 9.933267e+03
2.4 9.889987e+03 9.937075e+03 9.973250e+03 9.926162e+03
3.4 9.920577e+03 9.925815e+03 9.971589e+03 9.966351e+03
4.4 9.939078e+03 9.943983e+03 9.969705e+03 9.964800e+03
5.4 9.933831e+03 9.966665e+03 9.969021e+03 9.936186e+03
6.4 9.974627e+03 9.978384e+03 9.969976e+03 9.966219e+03
7.4 1.001566e+04 9.982216e+03 9.971069e+03 1.000452e+04
8.4 1.000344e+04 9.991938e+03 9.971746e+03 9.983247e+03
9.4 9.986048e+03 9.988439e+03 9.972073e+03 9.969682e+03
10.4 1.001242e+04 9.977485e+03 9.972179e+03 1.000711e+04
11.4 1.001340e+04 9.985297e+03 9.972161e+03 1.000027e+04
12.4 9.980843e+03 9.972369e+03 9.972095e+03 9.980569e+03
13.4 9.959360e+03 9.970494e+03 9.972029e+03 9.960895e+03
14.4 9.978344e+03 9.983542e+03 9.971980e+03 9.966781e+03
15.4 9.954259e+03 9.977661e+03 9.971950e+03 9.948548e+03
16.4 9.967974e+03 9.985357e+03 9.971933e+03 9.954550e+03
17.4 9.974865e+03 9.980293e+03 9.971924e+03 9.966496e+03
0.0 9.895378e+03 9.936270e+03 9.974160e+03 9.933267e+03
1.0 9.889987e+03 9.937075e+03 9.973250e+03 9.926162e+03
2.0 9.920577e+03 9.925815e+03 9.971589e+03 9.966351e+03
3.0 9.939078e+03 9.943983e+03 9.969705e+03 9.964800e+03
4.0 9.933831e+03 9.966665e+03 9.969021e+03 9.936186e+03
5.0 9.974627e+03 9.978384e+03 9.969976e+03 9.966219e+03
6.0 1.001566e+04 9.982216e+03 9.971069e+03 1.000452e+04
7.0 1.000344e+04 9.991938e+03 9.971746e+03 9.983247e+03
8.0 9.986048e+03 9.988439e+03 9.972073e+03 9.969682e+03
9.0 1.001242e+04 9.977485e+03 9.972179e+03 1.000711e+04
10.0 1.001340e+04 9.985297e+03 9.972161e+03 1.000027e+04
11.0 9.980843e+03 9.972369e+03 9.972095e+03 9.980569e+03
12.0 9.959360e+03 9.970494e+03 9.972029e+03 9.960895e+03
13.0 9.978344e+03 9.983542e+03 9.971980e+03 9.966781e+03
14.0 9.954259e+03 9.977661e+03 9.971950e+03 9.948548e+03
15.0 9.967974e+03 9.985357e+03 9.971933e+03 9.954550e+03
16.0 9.974865e+03 9.980293e+03 9.971924e+03 9.966496e+03
17.0 9.959940e+03 9.985099e+03 9.971918e+03 9.946759e+03
0.8 9.985853e+03 9.979742e+03 9.970229e+03 9.976340e+03
1.8 9.966448e+03 9.971981e+03 9.971674e+03 9.966140e+03
2.8 9.980946e+03 9.983757e+03 9.977236e+03 9.974426e+03
3.8 9.987182e+03 1.000361e+04 9.978192e+03 9.961763e+03
4.8 1.002719e+04 9.987510e+03 9.973686e+03 1.001337e+04
5.8 9.944325e+03 9.975424e+03 9.970590e+03 9.939491e+03
6.8 9.933214e+03 9.959054e+03 9.968824e+03 9.942984e+03
7.8 9.956786e+03 9.950592e+03 9.967930e+03 9.974125e+03
8.8 9.985904e+03 9.955466e+03 9.968087e+03 9.998524e+03
9.8 9.976758e+03 9.951650e+03 9.969094e+03 9.994201e+03
10.8 9.975232e+03 9.942476e+03 9.972482e+03 1.000524e+04
11.8 9.966172e+03 9.937731e+03 9.974811e+03 1.000325e+04
12.8 9.920540e+03 9.940328e+03 9.975051e+03 9.955264e+03
13.8 9.918130e+03 9.929588e+03 9.972613e+03 9.961154e+03
14.8 9.925246e+03 9.936123e+03 9.970093e+03 9.959216e+03
15.8 9.935938e+03 9.968655e+03 9.970598e+03 9.937880e+03
16.8 9.949360e+03 9.988265e+03 9.971493e+03 9.932587e+03
17.8 9.974103e+03 9.993758e+03 9.971848e+03 9.952192e+03
0.7 9.966448e+03 9.971981e+03 9.971674e+03 9.966140e+03
1.7 9.980946e+03 9.983757e+03 9.977236e+03 9.974426e+03
2.7 9.987182e+03 1.000361e+04 9.978192e+03 9.961763e+03
3.7 1.002719e+04 9.987510e+03 9.973686e+03 1.001337e+04
4.7 9.944325e+03 9.975424e+03 9.970590e+03 9.939491e+03
5.7 9.933214e+03 9.959054e+03 9.968824e+03 9.942984e+03
6.7 9.956786e+03 9.950592e+03 9.967930e+03 9.974125e+03
7.7 9.985904e+03 9.955466e+03 9.968087e+03 9.998524e+03
8.7 9.976758e+03 9.951650e+03 9.969094e+03 9.994201e+03
9.7 9.975232e+03 9.942476e+03 9.972482e+03 1.000524e+04
10.7 9.966172e+03 9.937731e+03 9.974811e+03 1.000325e+04
11.7 9.920540e+03 9.940328e+03 9.975051e+03 9.955264e+03
12.7 9.918130e+03 9.929588e+03 9.972613e+03 9.961154e+03
13.7 9.925246e+03 9.936123e+03 9.970093e+03 9.959216e+03
14.7 9.935938e+03 9.968655e+03 9.970598e+03 9.937880e+03
15.7 9.949360e+03 9.988265e+03 9.971493e+03 9.932587e+03
16.7 9.974103e+03 9.993758e+03 9.971848e+03 9.952192e+03
17.7 1.001144e+04 9.982676e+03 9.971987e+03 1.000075e+04
0.8 9.980946e+03 9.983757e+03 9.977236e+03 9.974426e+03
1.8 9.987182e+03 1.000361e+04 9.978192e+03 9.961763e+03
2.8 1.002719e+04 9.987510e+03 9.973686e+03 1.001337e+04
3.8 9.944325e+03 9.975424e+03 9.970590e+03 9.939491e+03
4.8 9.933214e+03 9.959054e+03 9.968824e+03 9.942984e+03
5.8 9.956786e+03 9.950592e+03 9.967930e+03 9.974125e+03
6.8 9.985904e+03 9.955466e+03 9.968087e+03 9.998524e+03
7.8 9.976758e+03 9.951650e+03 9.969094e+03 9.994201e+03
8.8 9.975232e+03 9.942476e+03 9.972482e+03 1.000524e+04
9.8 9.966172e+03 9.937731e+03 9.974811e+03 1.000325e+04
10.8 9.920540e+03 9.940328e+03 9.975051e+03 9.955264e+03
11.8 9.918130e+03 9.929588e+03 9.972613e+03 9.961154e+03
12.8 9.925246e+03 9.936123e+03 9.970093e+03 9.959216e+03
13.8 9.935938e+03 9.968655e+03 9.970598e+03 9.937880e+03
14.8 9.949360e+03 9.988265e+03 9.971493e+03 9.932587e+03
15.8 9.974103e+03 9.993758e+03 9.971848e+03 9.952192e+03
16.8 1.001144e+04 9.982676e+03 9.971987e+03 1.000075e+04
17.8 1.001131e+04 9.981967e+03 9.972049e+03 1.000139e+04
0.9 9.987182e+03 1.000361e+04 9.978192e+03 9.961763e+03
1.9 1.002719e+04 9.987510e+03 9.973686e+03 1.001337e+04
2.9 9.944325e+03 9.975424e+03 9.970590e+03 9.939491e+03
3.9 9.933214e+03 9.959054e+03 9.968824e+03 9.942984e+03
4.9 9.956786e+03 9.950592e+03 9.967930e+03 9.974125e+03
5.9 9.985904e+03 9.955466e+03 9.968087e+03 9.998524e+03
6.9 9.976758e+03 9.951650e+03 9.969094e+03 9.994201e+03
7.9 9.975232e+03 9.942476e+03 9.972482e+03 1.000524e+04
8.9 9.966172e+03 9.937731e+03 9.974811e+03 1.000325e+04
9.9 9.920540e+03 9.940328e+03 9.975051e+03 9.955264e+03
10.9 9.918130e+03 9.929588e+03 9.972613e+03 9.961154e+03
11.9 9.925246e+03 9.936123e+03 9.970093e+03 9.959216e+03
12.9 9.935938e+03 9.968655e+03 9.970598e+03 9.937880e+03
13.9 9.949360e+03 9.988265e+03 9.971493e+03 9.932587e+03
14.9 9.974103e+03 9.993758e+03 9.971848e+03 9.952192e+03
15.9 1.001144e+04 9.982676e+03 9.971987e+03 1.000075e+04
16.9 1.001131e+04 9.981967e+03 9.972049e+03 1.000139e+04
17.9 1.000260e+04 9.971589e+03 9.972049e+03 1.000306e+04
0.4 1.002719e+04 9.987510e+03 9.973686e+03 1.001337e+04
1.4 9.944325e+03 9.975424e+03 9.970590e+03 9.939491e+03
2.4 9.933214e+03 9.959054e+03 9.968824e+03 9.942984e+03
3.4 9.956786e+03 9.950592e+03 9.967930e+03 9.974125e+03
4.4 9.985904e+03 9.955466e+03 9.968087e+03 9.998524e+03
5.4 9.976758e+03 9.951650e+03 9.969094e+03 9.994201e+03
6.4 9.975232e+03 9.942476e+03 9.972482e+03 1.000524e+04
7.4 9.966172e+03 9.937731e+03 9.974811e+03 1.000325e+04
8.4 9.920540e+03 9.940328e+03 9.975051e+03 9.955264e+03
9.4 9.918130e+03 9.929588e+03 9.972613e+03 9.961154e+03
10.4 9.925246e+03 9.936123e+03 9.970093e+03 9.959216e+03
11.4 9.935938e+03 9.968655e+03 9.970598e+03 9.937880e+03
12.4 9.949360e+03 9.988265e+03 9.971493e+03 9.932587e+03
13.4 9.974103e+03 9.993758e+03 9.971848e+03 9.952192e+03
14.4 1.001144e+04 9.982676e+03 9.971987e+03 1.000075e+04
15.4 1.001131e+04 9.981967e+03 9.972049e+03 1.000139e+04
16.4 1.000260e+04 9.971589e+03 9.972049e+03 1.000306e+04
17.4 9.990586e+03 9.985070e+03 9.972014e+03 9.977530e+03
0.6 9.933214e+03 9.959054e+03 9.968824e+03 9.942984e+03
1.6 9.956786e+03 9.950592e+03 9.967930e+03 9.974125e+03
2.6 9.985904e+03 9.955466e+03 9.968087e+03 9.998524e+03
3.6 9.976758e+03 9.951650e+03 9.969094e+03 9.994201e+03
4.6 9.975232e+03 9.942476e+03 9.972482e+03 1.000524e+04
5.6 9.966172e+03 9.937731e+03 9.974811e+03 1.000325e+04
6.6 9.920540e+03 9.940328e+03 9.975051e+03 9.955264e+03
7.6 9.918130e+03 9.929588e+03 9.972613e+03 9.961154e+03
8.6 9.925246e+03 9.936123e+03 9.970093e+03 9.959216e+03
9.6 9.935938e+03 9.968655e+03 9.970598e+03 9.937880e+03
10.6 9.949360e+03 9.988265e+03 9.971493e+03 9.932587e+03
11.6 9.974103e+03 9.993758e+03 9.971848e+03 9.952192e+03
12.6 1.001144e+04 9.982676e+03 9.971987e+03 1.000075e+04
13.6 1.001131e+04 9.981967e+03 9.972049e+03 1.000139e+04
14.6 1.000260e+04 9.971589e+03 9.972049e+03 1.000306e+04
15.6 9.990586e+03 9.985070e+03 9.972014e+03 9.977530e+03
16.6 9.998348e+03 9.977827e+03 9.971976e+03 9.992497e+03
17.6 1.002575e+04 9.990787e+03 9.971950e+03 1.000691e+04
0.9 9.985904e+03 9.955466e+03 9.968087e+03 9.998524e+03
1.9 9.976758e+03 9.951650e+03 9.969094e+03 9.994201e+03
2.9 9.975232e+03 9.942476e+03 9.972482e+03 1.000524e+04
3.9 9.966172e+03 9.937731e+03 9.974811e+03 1.000325e+04
4.9 9.920540e+03 9.940328e+03 9.975051e+03 9.955264e+03
5.9 9.918130e+03 9.929588e+03 9.972613e+03 9.961154e+03
6.9 9.925246e+03 9.936123e+03 9.970093e+03 9.959216e+03
7.9 9.935938e+03 9.968655e+03 9.970598e+03 9.937880e+03
8.9 9.949360e+03 9.988265e+03 9.971493e+03 9.932587e+03
9.9 9.974103e+03 9.993758e+03 9.971848e+03 9.952192e+03
10.9 1.001144e+04 9.982676e+03 9.971987e+03 1.000075e+04
11.9 1.001131e+04 9.981967e+03 9.972049e+03 1.000139e+04
12.9 1.000260e+04 9.971589e+03 9.972049e+03 1.000306e+04
13.9 9.990586e+03 9.985070e+03 9.972014e+03 9.977530e+03
14.9 9.998348e+03 9.977827e+03 9.971976e+03 9.992497e+03
15.9 1.002575e+04 9.990787e+03 9.971950e+03 1.000691e+04
16.9 1.001279e+04 9.972540e+03 9.971936e+03 1.001218e+04
17.9 9.978878e+03 9.979186e+03 9.971929e+03 9.971621e+03
1.0 9.976758e+03 9.951650e+03 9.969094e+03 9.994201e+03
2.0 9.975232e+03 9.942476e+03 9.972482e+03 1.000524e+04
3.0 9.966172e+03 9.937731e+03 9.974811e+03 1.000325e+04
4.0 9.920540e+03 9.940328e+03 9.975051e+03 9.955264e+03
5.0 9.918130e+03 9.929588e+03 9.972613e+03 9.961154e+03
6.0 9.925246e+03 9.936123e+03 9.970093e+03 9.959216e+03
7.0 9.935938e+03 9.968655e+03 9.970598e+03 9.937880e+03
8.0 9.949360e+03 9.988265e+03 9.971493e+03 9.932587e+03
9.0 9.974103e+03 9.993758e+03 9.971848e+03 9.952192e+03
10.0 1.001144e+04 9.982676e+03 9.971987e+03 1.000075e+04
11.0 1.001131e+04 9.981967e+03 9.972049e+03 1.000139e+04
12.0 1.000260e+04 9.971589e+03 9.972049e+03 1.000306e+04
13.0 9.990586e+03 9.985070e+03 9.972014e+03 9.977530e+03
14.0 9.998348e+03 9.977827e+03 9.971976e+03 9.992497e+03
15.0 1.002575e+04 9.990787e+03 9.971950e+03 1.000691e+04
16.0 1.001279e+04 9.972540e+03 9.971936e+03 1.001218e+04
17.0 9.978878e+03 9.979186e+03 9.971929e+03 9.971621e+03
18.0 9.957577e+03 9.996777e+03 9.971925e+03 9.932724e+03
1.0 9.975232e+03 9.942476e+03 9.972482e+03 1.000524e+04
2.0 9.966172e+03 9.937731e+03 9.974811e+03 1.000325e+04
3.0 9.920540e+03 9.940328e+03 9.975051e+03 9.955264e+03
4.0 9.918130e+03 9.929588e+03 9.972613e+03 9.961154e+03
5.0 9.925246e+03 9.936123e+03 9.970093e+03 9.959216e+03
6.0 9.935938e+03 9.968655e+03 9.970598e+03 9.937880e+03
7.0 9.949360e+03 9.988265e+03 9.971493e+03 9.932587e+03
8.0 9.974103e+03 9.993758e+03 9.971848e+03 9.952192e+03
9.0 1.001144e+04 9.982676e+03 9.971987e+03 1.000075e+04
10.0 1.001131e+04 9.981967e+03 9.972049e+03 1.000139e+04
11.0 1.000260e+04 9.971589e+03 9.972049e+03 1.000306e+04
12.0 9.990586e+03 9.985070e+03 9.972014e+03 9.977530e+03
13.0 9.998348e+03 9.977827e+03 9.971976e+03 9.992497e+03
14.0 1.002575e+04 9.990787e+03 9.971950e+03 1.000691e+04
15.0 1.001279e+04 9.972540e+03 9.971936e+03 1.001218e+04
16.0 9.978878e+03 9.979186e+03 9.971929e+03 9.971621e+03
17.0 9.957577e+03 9.996777e+03 9.971925e+03 9.932724e+03
18.0 9.949941e+03 9.977860e+03 9.971921e+03 9.944002e+03
0.2 9.966172e+03 9.937731e+03 9.974811e+03 1.000325e+04
1.2 9.920540e+03 9.940328e+03 9.975051e+03 9.955264e+03
2.2 9.918130e+03 9.929588e+03 9.972613e+03 9.961154e+03
3.2 9.925246e+03 9.936123e+03 9.970093e+03 9.959216e+03
4.2 9.935938e+03 9.968655e+03 9.970598e+03 9.937880e+03
5.2 9.949360e+03 9.988265e+03 9.971493e+03 9.932587e+03
6.2 9.974103e+03 9.993758e+03 9.971848e+03 9.952192e+03
7.2 1.001144e+04 9.982676e+03 9.971987e+03 1.000075e+04
8.2 1.001131e+04 9.981967e+03 9.972049e+03 1.000139e+04
9.2 1.000260e+04 9.971589e+03 9.972049e+03 1.000306e+04
10.2 9.990586e+03 9.985070e+03 9.972014e+03 9.977530e+03
11.2 9.998348e+03 9.977827e+03 9.971976e+03 9.992497e+03
12.2 1.002575e+04 9.990787e+03 9.971950e+03 1.000691e+04
13.2 1.001279e+04 9.972540e+03 9.971936e+03 1.001218e+04
14.2 9.978878e+03 9.979186e+03 9.971929e+03 9.971621e+03
15.2 9.957577e+03 9.996777e+03 9.971925e+03 9.932724e+03
16.2 9.949941e+03 9.977860e+03 9.971921e+03 9.944002e+03
17.2 9.967709e+03 9.960092e+03 9.971918e+03 9.979535e+03
0.3 9.920540e+03 9.940328e+03 9.975051e+03 9.955264e+03
1.3 9.918130e+03 9.929588e+03 9.972613e+03 9.961154e+03
2.3 9.925246e+03 9.936123e+03 9.970093e+03 9.959216e+03
3.3 9.935938e+03 9.968655e+03 9.970598e+03 9.937880e+03
4.3 9.949360e+03 9.988265e+03 9.971493e+03 9.932587e+03
5.3 9.974103e+03 9.993758e+03 9.971848e+03 9.952192e+03
6.3 1.001144e+04 9.982676e+03 9.971987e+03 1.000075e+04
7.3 1.001131e+04 9.981967e+03 9.972049e+03 1.000139e+04
8.3 1.000260e+04 9.971589e+03 9.972049e+03 1.000306e+04
9.3 9.990586e+03 9.985070e+03 9.972014e+03 9.977530e+03
10.3 9.998348e+03 9.977827e+03 9.971976e+03 9.992497e+03
11.3 1.002575e+04 9.990787e+03 9.971950e+03 1.000691e+04
12.3 1.001279e+04 9.972540e+03 9.971936e+03 1.001218e+04
13.3 9.978878e+03 9.979186e+03 9.971929e+03 9.971621e+03
14.3 9.957577e+03 9.996777e+03 9.971925e+03 9.932724e+03
15.3 9.949941e+03 9.977860e+03 9.971921e+03 9.944002e+03
16.3 9.967709e+03 9.960092e+03 9.971918e+03 9.979535e+03
17.3 1.000095e+04 9.970136e+03 9.971916e+03 1.000273e+04
0.7 1.000031e+04 9.943714e+03 9.971968e+03 1.002856e+04
1.7 9.985080e+03 9.963630e+03 9.972993e+03 9.994442e+03
2.7 9.990644e+03 9.965261e+03 9.972948e+03 9.998331e+03
3.7 1.000310e+04 9.975842e+03 9.971502e+03 9.998757e+03
4.7 1.001397e+04 9.992795e+03 9.971068e+03 9.992243e+03
5.7 9.906201e+03 9.967379e+03 9.971340e+03 9.910161e+03
6.7 9.902546e+03 9.966097e+03 9.971632e+03 9.908080e+03
7.7 9.914411e+03 9.953600e+03 9.971818e+03 9.932629e+03
8.7 9.927385e+03 9.960552e+03 9.971926e+03 9.938759e+03
9.7 9.938196e+03 9.969119e+03 9.971975e+03 9.941051e+03
10.7 9.927034e+03 9.970247e+03 9.971982e+03 9.928769e+03
11.7 9.950888e+03 9.968426e+03 9.971969e+03 9.954431e+03
12.7 9.971214e+03 9.997764e+03 9.971951e+03 9.945401e+03
13.7 9.976236e+03 9.980972e+03 9.971937e+03 9.967201e+03
14.7 9.994309e+03 9.981462e+03 9.971374e+03 9.984222e+03
15.7 9.987792e+03 9.968512e+03 9.967760e+03 9.987040e+03
16.7 1.000759e+04 9.980170e+03 9.969919e+03 9.997336e+03
17.7 9.986903e+03 9.990167e+03 9.980007e+03 9.976743e+03
0.0 9.994309e+03 9.981462e+03 9.971374e+03 9.984222e+03
1.0 9.987792e+03 9.968512e+03 9.967760e+03 9.987040e+03
2.0 1.000759e+04 9.980170e+03 9.969919e+03 9.997336e+03
3.0 9.986903e+03 9.990167e+03 9.980007e+03 9.976743e+03
4.0 9.995654e+03 9.995124e+03 9.981117e+03 9.981647e+03
5.0 9.984696e+03 9.972628e+03 9.966003e+03 9.978071e+03
6.0 9.929996e+03 9.952976e+03 9.954778e+03 9.931797e+03
7.0 9.955515e+03 9.954576e+03 9.965266e+03 9.966206e+03
8.0 9.991136e+03 9.955528e+03 9.979929e+03 1.001554e+04
9.0 9.979609e+03 9.957972e+03 9.982613e+03 1.000425e+04
10.0 9.980987e+03 9.954856e+03 9.977080e+03 1.000321e+04
11.0 9.994317e+03 9.963212e+03 9.971712e+03 1.000282e+04
12.0 9.988215e+03 9.965362e+03 9.970211e+03 9.993064e+03
13.0 1.000643e+04 9.980197e+03 9.970367e+03 9.996598e+03
14.0 9.977668e+03 9.984811e+03 9.970807e+03 9.963663e+03
15.0 9.899934e+03 9.965382e+03 9.971262e+03 9.905813e+03
16.0 9.864702e+03 9.970711e+03 9.971628e+03 9.865620e+03
17.0 9.916570e+03 9.972687e+03 9.971840e+03 9.915723e+03
0.6 1.000759e+04 9.980170e+03 9.969919e+03 9.997336e+03
1.6 9.986903e+03 9.990167e+03 9.980007e+03 9.976743e+03
2.6 9.995654e+03 9.995124e+03 9.981117e+03 9.981647e+03
3.6 9.984696e+03 9.972628e+03 9.966003e+03 9.978071e+03
4.6 9.929996e+03 9.952976e+03 9.954778e+03 9.931797e+03
5.6 9.955515e+03 9.954576e+03 9.965266e+03 9.966206e+03
6.6 9.991136e+03 9.955528e+03 9.979929e+03 1.001554e+04
7.6 9.979609e+03 9.957972e+03 9.982613e+03 1.000425e+04
8.6 9.980987e+03 9.954856e+03 9.977080e+03 1.000321e+04
9.6 9.994317e+03 9.963212e+03 9.971712e+03 1.000282e+04
10.6 9.988215e+03 9.965362e+03 9.970211e+03 9.993064e+03
11.6 1.000643e+04 9.980197e+03 9.970367e+03 9.996598e+03
12.6 9.977668e+03 9.984811e+03 9.970807e+03 9.963663e+03
13.6 9.899934e+03 9.965382e+03 9.971262e+03 9.905813e+03
14.6 9.864702e+03 9.970711e+03 9.971628e+03 9.865620e+03
15.6 9.916570e+03 9.972687e+03 9.971840e+03 9.915723e+03
16.6 9.951331e+03 9.975557e+03 9.971916e+03 9.947690e+03
17.6 9.927099e+03 9.958440e+03 9.971918e+03 9.940577e+03
0.5 9.986903e+03 9.990167e+03 9.980007e+03 9.976743e+03
1.5 9.995654e+03 9.995124e+03 9.981117e+03 9.981647e+03
2.5 9.984696e+03 9.972628e+03 9.966003e+03 9.978071e+03
3.5 9.929996e+03 9.952976e+03 9.954778e+03 9.931797e+03
4.5 9.955515e+03 9.954576e+03 9.965266e+03 9.966206e+03
5.5 9.991136e+03 9.955528e+03 9.979929e+03 1.001554e+04
6.5 9.979609e+03 9.957972e+03 9.982613e+03 1.000425e+04
7.5 9.980987e+03 9.954856e+03 9.977080e+03 1.000321e+04
8.5 9.994317e+03 9.963212e+03 9.971712e+03 1.000282e+04
9.5 9.988215e+03 9.965362e+03 9.970211e+03 9.993064e+03
10.5 1.000643e+04 9.980197e+03 9.970367e+03 9.996598e+03
11.5 9.977668e+03 9.984811e+03 9.970807e+03 9.963663e+03
12.5 9.899934e+03 9.965382e+03 9.971262e+03 9.905813e+03
13.5 9.864702e+03 9.970711e+03 9.971628e+03 9.865620e+03
14.5 9.916570e+03 9.972687e+03 9.971840e+03 9.915723e+03
15.5 9.951331e+03 9.975557e+03 9.971916e+03 9.947690e+03
16.5 9.927099e+03 9.958440e+03 9.971918e+03 9.940577e+03
17.5 9.911604e+03 9.947756e+03 9.971897e+03 9.935745e+03
0.9 9.984696e+03 9.972628e+03 9.966003e+03 9.978071e+03
1.9 9.929996e+03 9.952976e+03 9.954778e+03 9.931797e+03
2.9 9.955515e+03 9.954576e+03 9.965266e+03 9.966206e+03
3.9 9.991136e+03 9.955528e+03 9.979929e+03 1.001554e+04
4.9 9.979609e+03 9.957972e+03 9.982613e+03 1.000425e+04
5.9 9.980987e+03 9.954856e+03 9.977080e+03 1.000321e+04
6.9 9.994317e+03 9.963212e+03 9.971712e+03 1.000282e+04
7.9 9.988215e+03 9.965362e+03 9.970211e+03 9.993064e+03
8.9 1.000643e+04 9.980197e+03 9.970367e+03 9.996598e+03
9.9 9.977668e+03 9.984811e+03 9.970807e+03 9.963663e+03
10.9 9.899934e+03 9.965382e+03 9.971262e+03 9.905813e+03
11.9 9.864702e+03 9.970711e+03 9.971628e+03 9.865620e+03
12.9 9.916570e+03 9.972687e+03 9.971840e+03 9.915723e+03
13.9 9.951331e+03 9.975557e+03 9.971916e+03 9.947690e+03
14.9 9.927099e+03 9.958440e+03 9.971918e+03 9.940577e+03
15.9 9.911604e+03 9.947756e+03 9.971897e+03 9.935745e+03
16.9 9.950390e+03 9.984766e+03 9.971879e+03 9.937503e+03
17.9 1.000399e+04 1.000711e+04 9.971866e+03 9.968744e+03
0.0 9.929996e+03 9.952976e+03 9.954778e+03 9.931797e+03
1.0 9.955515e+03 9.954576e+03 9.965266e+03 9.966206e+03
2.0 9.991136e+03 9.955528e+03 9.979929e+03 1.001554e+04
3.0 9.979609e+03 9.957972e+03 9.982613e+03 1.000425e+04
4.0 9.980987e+03 9.954856e+03 9.977080e+03 1.000321e+04
5.0 9.994317e+03 9.963212e+03 9.971712e+03 1.000282e+04
6.0 9.988215e+03 9.965362e+03 9.970211e+03 9.993064e+03
7.0 1.000643e+04 9.980197e+03 9.970367e+03 9.996598e+03
8.0 9.977668e+03 9.984811e+03 9.970807e+03 9.963663e+03
9.0 9.899934e+03 9.965382e+03 9.971262e+03 9.905813e+03
10.0 9.864702e+03 9.970711e+03 9.971628e+03 9.865620e+03
11.0 9.916570e+03 9.972687e+03 9.971840e+03 9.915723e+03
12.0 9.951331e+03 9.975557e+03 9.971916e+03 9.947690e+03
13.0 9.927099e+03 9.958440e+03 9.971918e+03 9.940577e+03
14.0 9.911604e+03 9.947756e+03 9.971897e+03 9.935745e+03
15.0 9.950390e+03 9.984766e+03 9.971879e+03 9.937503e+03
16.0 1.000399e+04 1.000711e+04 9.971866e+03 9.968744e+03
17.0 1.003563e+04 1.000433e+04 9.971862e+03 1.000316e+04
0.8 9.991136e+03 9.955528e+03 9.979929e+03 1.001554e+04
1.8 9.979609e+03 9.957972e+03 9.982613e+03 1.000425e+04
2.8 9.980987e+03 9.954856e+03 9.977080e+03 1.000321e+04
3.8 9.994317e+03 9.963212e+03 9.971712e+03 1.000282e+04
4.8 9.988215e+03 9.965362e+03 9.970211e+03 9.993064e+03
5.8 1.000643e+04 9.980197e+03 9.970367e+03 9.996598e+03
6.8 9.977668e+03 9.984811e+03 9.970807e+03 9.963663e+03
7.8 9.899934e+03 9.965382e+03 9.971262e+03 9.905813e+03
8.8 9.864702e+03 9.970711e+03 9.971628e+03 9.865620e+03
9.8 9.916570e+03 9.972687e+03 9.971840e+03 9.915723e+03
10.8 9.951331e+03 9.975557e+03 9.971916e+03 9.947690e+03
11.8 9.927099e+03 9.958440e+03 9.971918e+03 9.940577e+03
12.8 9.911604e+03 9.947756e+03 9.971897e+03 9.935745e+03
13.8 9.950390e+03 9.984766e+03 9.971879e+03 9.937503e+03
14.8 1.000399e+04 1.000711e+04 9.971866e+03 9.968744e+03
15.8 1.003563e+04 1.000433e+04 9.971862e+03 1.000316e+04
16.8 1.004174e+04 9.985759e+03 9.971866e+03 1.002785e+04
17.8 1.000698e+04 9.972248e+03 9.971861e+03 1.000659e+04
0.5 9.991092e+03 9.974915e+03 9.969817e+03 9.985994e+03
1.5 9.968942e+03 9.980924e+03 9.967052e+03 9.955071e+03
2.5 9.923397e+03 9.980088e+03 9.973583e+03 9.916892e+03
3.5 9.943220e+03 9.975676e+03 9.979497e+03 9.947041e+03
4.5 9.941743e+03 9.968104e+03 9.974660e+03 9.948299e+03
5.5 9.991747e+03 9.972838e+03 9.970494e+03 9.989402e+03
6.5 1.004347e+04 9.998250e+03 9.970141e+03 1.001536e+04
7.5 9.995889e+03 9.982293e+03 9.970761e+03 9.984356e+03
8.5 9.964243e+03 9.955455e+03 9.971275e+03 9.980063e+03
9.5 9.963744e+03 9.946269e+03 9.971659e+03 9.989134e+03
10.5 9.975031e+03 9.960092e+03 9.971927e+03 9.986867e+03
11.5 9.946814e+03 9.971534e+03 9.972066e+03 9.947347e+03
12.5 9.938084e+03 9.973269e+03 9.972108e+03 9.936924e+03
13.5 9.915066e+03 9.958808e+03 9.972105e+03 9.928362e+03
14.5 9.966098e+03 9.963878e+03 9.972095e+03 9.974315e+03
15.5 1.000732e+04 1.000165e+04 9.972097e+03 9.977762e+03
16.5 9.994355e+03 9.972942e+03 9.972107e+03 9.993520e+03
17.5 1.001835e+04 9.956845e+03 9.972118e+03 1.003362e+04
0.2 9.968942e+03 9.980924e+03 9.967052e+03 9.955071e+03
1.2 9.923397e+03 9.980088e+03 9.973583e+03 9.916892e+03
2.2 9.943220e+03 9.975676e+03 9.979497e+03 9.947041e+03
3.2 9.941743e+03 9.968104e+03 9.974660e+03 9.948299e+03
4.2 9.991747e+03 9.972838e+03 9.970494e+03 9.989402e+03
5.2 1.004347e+04 9.998250e+03 9.970141e+03 1.001536e+04
6.2 9.995889e+03 9.982293e+03 9.970761e+03 9.984356e+03
7.2 9.964243e+03 9.955455e+03 9.971275e+03 9.980063e+03
8.2 9.963744e+03 9.946269e+03 9.971659e+03 9.989134e+03
9.2 9.975031e+03 9.960092e+03 9.971927e+03 9.986867e+03
10.2 9.946814e+03 9.971534e+03 9.972066e+03 9.947347e+03
11.2 9.938084e+03 9.973269e+03 9.972108e+03 9.936924e+03
12.2 9.915066e+03 9.958808e+03 9.972105e+03 9.928362e+03
13.2 9.966098e+03 9.963878e+03 9.972095e+03 9.974315e+03
14.2 1.000732e+04 1.000165e+04 9.972097e+03 9.977762e+03
15.2 9.994355e+03 9.972942e+03 9.972107e+03 9.993520e+03
16.2 1.001835e+04 9.956845e+03 9.972118e+03 1.003362e+04
17.2 9.999326e+03 9.960462e+03 9.972129e+03 1.001099e+04
0.7 9.922410e+03 9.960841e+03 9.969632e+03 9.931201e+03
1.7 9.922504e+03 9.968893e+03 9.968570e+03 9.922182e+03
2.7 9.981870e+03 9.986717e+03 9.973280e+03 9.968433e+03
3.7 9.979811e+03 9.975561e+03 9.970913e+03 9.975163e+03
4.7 9.957741e+03 9.956501e+03 9.962079e+03 9.963319e+03
5.7 9.937601e+03 9.948940e+03 9.958259e+03 9.946920e+03
6.7 9.966124e+03 9.949238e+03 9.963422e+03 9.980308e+03
7.7 9.973484e+03 9.944876e+03 9.971035e+03 9.999643e+03
8.7 9.973418e+03 9.941399e+03 9.973985e+03 1.000600e+04
9.7 9.935083e+03 9.939168e+03 9.978917e+03 9.974832e+03
10.7 9.954180e+03 9.952869e+03 9.984591e+03 9.985901e+03
11.7 9.993185e+03 9.965506e+03 9.983909e+03 1.001159e+04
12.7 9.984867e+03 9.970543e+03 9.978180e+03 9.992505e+03
13.7 9.972828e+03 9.978258e+03 9.973584e+03 9.968155e+03
14.7 9.996854e+03 9.984529e+03 9.971286e+03 9.983611e+03
15.7 1.001472e+04 9.991039e+03 9.970408e+03 9.994091e+03
16.7 9.998664e+03 1.000408e+04 9.970288e+03 9.964869e+03
17.7 9.939083e+03 9.978769e+03 9.970523e+03 9.930837e+03
0.3 9.922504e+03 9.968893e+03 9.968570e+03 9.922182e+03
1.3 9.981870e+03 9.986717e+03 9.973280e+03 9.968433e+03
2.3 9.979811e+03 9.975561e+03 9.970913e+03 9.975163e+03
3.3 9.957741e+03 9.956501e+03 9.962079e+03 9.963319e+03
4.3 9.937601e+03 9.948940e+03 9.958259e+03 9.946920e+03
5.3 9.966124e+03 9.949238e+03 9.963422e+03 9.980308e+03
6.3 9.973484e+03 9.944876e+03 9.971035e+03 9.999643e+03
7.3 9.973418e+03 9.941399e+03 9.973985e+03 1.000600e+04
8.3 9.935083e+03 9.939168e+03 9.978917e+03 9.974832e+03
9.3 9.954180e+03 9.952869e+03 9.984591e+03 9.985901e+03
10.3 9.993185e+03 9.965506e+03 9.983909e+03 1.001159e+04
11.3 9.984867e+03 9.970543e+03 9.978180e+03 9.992505e+03
12.3 9.972828e+03 9.978258e+03 9.973584e+03 9.968155e+03
13.3 9.996854e+03 9.984529e+03 9.971286e+03 9.983611e+03
14.3 1.001472e+04 9.991039e+03 9.970408e+03 9.994091e+03
15.3 9.998664e+03 1.000408e+04 9.970288e+03 9.964869e+03
16.3 9.939083e+03 9.978769e+03 9.970523e+03 9.930837e+03
17.3 9.965659e+03 9.971352e+03 9.970842e+03 9.965149e+03
0.5 9.981870e+03 9.986717e+03 9.973280e+03 9.968433e+03
1.5 9.979811e+03 9.975561e+03 9.970913e+03 9.975163e+03
2.5 9.957741e+03 9.956501e+03 9.962079e+03 9.963319e+03
3.5 9.937601e+03 9.948940e+03 9.958259e+03 9.946920e+03
4.5 9.966124e+03 9.949238e+03 9.963422e+03 9.980308e+03
5.5 9.973484e+03 9.944876e+03 9.971035e+03 9.999643e+03
6.5 9.973418e+03 9.941399e+03 9.973985e+03 1.000600e+04
7.5 9.935083e+03 9.939168e+03 9.978917e+03 9.974832e+03
8.5 9.954180e+03 9.952869e+03 9.984591e+03 9.985901e+03
9.5 9.993185e+03 9.965506e+03 9.983909e+03 1.001159e+04
10.5 9.984867e+03 9.970543e+03 9.978180e+03 9.992505e+03
11.5 9.972828e+03 9.978258e+03 9.973584e+03 9.968155e+03
12.5 9.996854e+03 9.984529e+03 9.971286e+03 9.983611e+03
13.5 1.001472e+04 9.991039e+03 9.970408e+03 9.994091e+03
14.5 9.998664e+03 1.000408e+04 9.970288e+03 9.964869e+03
15.5 9.939083e+03 9.978769e+03 9.970523e+03 9.930837e+03
16.5 9.965659e+03 9.971352e+03 9.970842e+03 9.965149e+03
17.5 1.002516e+04 1.000177e+04 9.971101e+03 9.994496e+03
0.7 9.957741e+03 9.956501e+03 9.962079e+03 9.963319e+03
1.7 9.937601e+03 9.948940e+03 9.958259e+03 9.946920e+03
2.7 9.966124e+03 9.949238e+03 9.963422e+03 9.980308e+03
3.7 9.973484e+03 9.944876e+03 9.971035e+03 9.999643e+03
4.7 9.973418e+03 9.941399e+03 9.973985e+03 1.000600e+04
5.7 9.935083e+03 9.939168e+03 9.978917e+03 9.974832e+03
6.7 9.954180e+03 9.952869e+03 9.984591e+03 9.985901e+03
7.7 9.993185e+03 9.965506e+03 9.983909e+03 1.001159e+04
8.7 9.984867e+03 9.970543e+03 9.978180e+03 9.992505e+03
9.7 9.972828e+03 9.978258e+03 9.973584e+03 9.968155e+03
10.7 9.996854e+03 9.984529e+03 9.971286e+03 9.983611e+03
11.7 1.001472e+04 9.991039e+03 9.970408e+03 9.994091e+03
12.7 9.998664e+03 1.000408e+04 9.970288e+03 9.964869e+03
13.7 9.939083e+03 9.978769e+03 9.970523e+03 9.930837e+03
14.7 9.965659e+03 9.971352e+03 9.970842e+03 9.965149e+03
15.7 1.002516e+04 1.000177e+04 9.971101e+03 9.994496e+03
16.7 9.964917e+03 9.975917e+03 9.971266e+03 9.960266e+03
17.7 9.932236e+03 9.946557e+03 9.971357e+03 9.957036e+03
0.5 9.937601e+03 9.948940e+03 9.958259e+03 9.946920e+03
1.5 9.966124e+03 9.949238e+03 9.963422e+03 9.980308e+03
2.5 9.973484e+03 9.944876e+03 9.971035e+03 9.999643e+03
3.5 9.973418e+03 9.941399e+03 9.973985e+03 1.000600e+04
4.5 9.935083e+03 9.939168e+03 9.978917e+03 9.974832e+03
5.5 9.954180e+03 9.952869e+03 9.984591e+03 9.985901e+03
6.5 9.993185e+03 9.965506e+03 9.983909e+03 1.001159e+04
7.5 9.984867e+03 9.970543e+03 9.978180e+03 9.992505e+03
8.5 9.972828e+03 9.978258e+03 9.973584e+03 9.968155e+03
9.5 9.996854e+03 9.984529e+03 9.971286e+03 9.983611e+03
10.5 1.001472e+04 9.991039e+03 9.970408e+03 9.994091e+03
11.5 9.998664e+03 1.000408e+04 9.970288e+03 9.964869e+03
12.5 9.939083e+03 9.978769e+03 9.970523e+03 9.930837e+03
13.5 9.965659e+03 9.971352e+03 9.970842e+03 9.965149e+03
14.5 1.002516e+04 1.000177e+04 9.971101e+03 9.994496e+03
15.5 9.964917e+03 9.975917e+03 9.971266e+03 9.960266e+03
16.5 9.932236e+03 9.946557e+03 9.971357e+03 9.957036e+03
17.5 9.971371e+03 9.927304e+03 9.971406e+03 1.001547e+04
0.5 9.966124e+03 9.949238e+03 9.963422e+03 9.980308e+03
1.5 9.973484e+03 9.944876e+03 9.971035e+03 9.999643e+03
2.5 9.973418e+03 9.941399e+03 9.973985e+03 1.000600e+04
3.5 9.935083e+03 9.939168e+03 9.978917e+03 9.974832e+03
4.5 9.954180e+03 9.952869e+03 9.984591e+03 9.985901e+03
5.5 9.993185e+03 9.965506e+03 9.983909e+03 1.001159e+04
6.5 9.984867e+03 9.970543e+03 9.978180e+03 9.992505e+03
7.5 9.972828e+03 9.978258e+03 9.973584e+03 9.968155e+03
8.5 9.996854e+03 9.984529e+03 9.971286e+03 9.983611e+03
9.5 1.001472e+04 9.991039e+03 9.970408e+03 9.994091e+03
10.5 9.998664e+03 1.000408e+04 9.970288e+03 9.964869e+03
11.5 9.939083e+03 9.978769e+03 9.970523e+03 9.930837e+03
12.5 9.965659e+03 9.971352e+03 9.970842e+03 9.965149e+03
13.5 1.002516e+04 1.000177e+04 9.971101e+03 9.994496e+03
14.5 9.964917e+03 9.975917e+03 9.971266e+03 9.960266e+03
15.5 9.932236e+03 9.946557e+03 9.971357e+03 9.957036e+03
16.5 9.971371e+03 9.927304e+03 9.971406e+03 1.001547e+04
17.5 1.000425e+04 9.945195e+03 9.971437e+03 1.003050e+04
0.1 9.973484e+03 9.944876e+03 9.971035e+03 9.999643e+03
1.1 9.973418e+03 9.941399e+03 9.973985e+03 1.000600e+04
2.1 9.935083e+03 9.939168e+03 9.978917e+03 9.974832e+03
3.1 9.954180e+03 9.952869e+03 9.984591e+03 9.985901e+03
4.1 9.993185e+03 9.965506e+03 9.983909e+03 1.001159e+04
5.1 9.984867e+03 9.970543e+03 9.978180e+03 9.992505e+03
6.1 9.972828e+03 9.978258e+03 9.973584e+03 9.968155e+03
7.1 9.996854e+03 9.984529e+03 9.971286e+03 9.983611e+03
8.1 1.001472e+04 9.991039e+03 9.970408e+03 9.994091e+03
9.1 9.998664e+03 1.000408e+04 9.970288e+03 9.964869e+03
10.1 9.939083e+03 9.978769e+03 9.970523e+03 9.930837e+03
11.1 9.965659e+03 9.971352e+03 9.970842e+03 9.965149e+03
12.1 1.002516e+04 1.000177e+04 9.971101e+03 9.994496e+03
13.1 9.964917e+03 9.975917e+03 9.971266e+03 9.960266e+03
14.1 9.932236e+03 9.946557e+03 9.971357e+03 9.957036e+03
15.1 9.971371e+03 9.927304e+03 9.971406e+03 1.001547e+04
16.1 1.000425e+04 9.945195e+03 9.971437e+03 1.003050e+04
17.1 9.972629e+03 9.965895e+03 9.971462e+03 9.978196e+03
0.7 9.935083e+03 9.939168e+03 9.978917e+03 9.974832e+03
1.7 9.954180e+03 9.952869e+03 9.984591e+03 9.985901e+03
2.7 9.993185e+03 9.965506e+03 9.983909e+03 1.001159e+04
3.7 9.984867e+03 9.970543e+03 9.978180e+03 9.992505e+03
4.7 9.972828e+03 9.978258e+03 9.973584e+03 9.968155e+03
5.7 9.996854e+03 9.984529e+03 9.971286e+03 9.983611e+03
6.7 1.001472e+04 9.991039e+03 9.970408e+03 9.994091e+03
7.7 9.998664e+03 1.000408e+04 9.970288e+03 9.964869e+03
8.7 9.939083e+03 9.978769e+03 9.970523e+03 9.930837e+03
9.7 9.965659e+03 9.971352e+03 9.970842e+03 9.965149e+03
10.7 1.002516e+04 1.000177e+04 9.971101e+03 9.994496e+03
11.7 9.964917e+03 9.975917e+03 9.971266e+03 9.960266e+03
12.7 9.932236e+03 9.946557e+03 9.971357e+03 9.957036e+03
13.7 9.971371e+03 9.927304e+03 9.971406e+03 1.001547e+04
14.7 1.000425e+04 9.945195e+03 9.971437e+03 1.003050e+04
15.7 9.972629e+03 9.965895e+03 9.971462e+03 9.978196e+03
16.7 9.988496e+03 9.982978e+03 9.971487e+03 9.977005e+03
17.7 9.985273e+03 9.974312e+03 9.971514e+03 9.982475e+03
0.2 9.979776e+03 9.985679e+03 9.972285e+03 9.966382e+03
1.2 9.967031e+03 9.997207e+03 9.976205e+03 9.946030e+03
2.2 9.982422e+03 9.982025e+03 9.977570e+03 9.977968e+03
3.2 9.973421e+03 9.967893e+03 9.973788e+03 9.979316e+03
4.2 9.954421e+03 9.965454e+03 9.971811e+03 9.960777e+03
5.2 9.923628e+03 9.953748e+03 9.971410e+03 9.941290e+03
6.2 9.943841e+03 9.953200e+03 9.969165e+03 9.959806e+03
7.2 9.940745e+03 9.959809e+03 9.966940e+03 9.947876e+03
8.2 9.921293e+03 9.974114e+03 9.967602e+03 9.914781e+03
9.2 9.913289e+03 9.976317e+03 9.969637e+03 9.906610e+03
10.2 9.914104e+03 9.970913e+03 9.971192e+03 9.914383e+03
11.2 9.910380e+03 9.967403e+03 9.972031e+03 9.915008e+03
12.2 9.955575e+03 9.959359e+03 9.972394e+03 9.968610e+03
13.2 1.001160e+04 9.976110e+03 9.972479e+03 1.000797e+04
14.2 1.002622e+04 9.988822e+03 9.972434e+03 1.000983e+04
15.2 1.002526e+04 9.985313e+03 9.972367e+03 1.001231e+04
16.2 1.000568e+04 9.979271e+03 9.972327e+03 9.998732e+03
17.2 9.964787e+03 9.977098e+03 9.972317e+03 9.960007e+03
0.5 9.967031e+03 9.997207e+03 9.976205e+03 9.946030e+03
1.5 9.982422e+03 9.982025e+03 9.977570e+03 9.977968e+03
2.5 9.973421e+03 9.967893e+03 9.973788e+03 9.979316e+03
3.5 9.954421e+03 9.965454e+03 9.971811e+03 9.960777e+03
4.5 9.923628e+03 9.953748e+03 9.971410e+03 9.941290e+03
5.5 9.943841e+03 9.953200e+03 9.969165e+03 9.959806e+03
6.5 9.940745e+03 9.959809e+03 9.966940e+03 9.947876e+03
7.5 9.921293e+03 9.974114e+03 9.967602e+03 9.914781e+03
8.5 9.913289e+03 9.976317e+03 9.969637e+03 9.906610e+03
9.5 9.914104e+03 9.970913e+03 9.971192e+03 9.914383e+03
10.5 9.910380e+03 9.967403e+03 9.972031e+03 9.915008e+03
11.5 9.955575e+03 9.959359e+03 9.972394e+03 9.968610e+03
12.5 1.001160e+04 9.976110e+03 9.972479e+03 1.000797e+04
13.5 1.002622e+04 9.988822e+03 9.972434e+03 1.000983e+04
14.5 1.002526e+04 9.985313e+03 9.972367e+03 1.001231e+04
15.5 1.000568e+04 9.979271e+03 9.972327e+03 9.998732e+03
16.5 9.964787e+03 9.977098e+03 9.972317e+03 9.960007e+03
17.5 9.961988e+03 9.979581e+03 9.972325e+03 9.954731e+03
0.7 9.973421e+03 9.967893e+03 9.973788e+03 9.979316e+03
1.7 9.954421e+03 9.965454e+03 9.971811e+03 9.960777e+03
2.7 9.923628e+03 9.953748e+03 9.971410e+03 9.941290e+03
3.7 9.943841e+03 9.953200e+03 9.969165e+03 9.959806e+03
4.7 9.940745e+03 9.959809e+03 9.966940e+03 9.947876e+03
5.7 9.921293e+03 9.974114e+03 9.967602e+03 9.914781e+03
6.7 9.913289e+03 9.976317e+03 9.969637e+03 9.906610e+03
7.7 9.914104e+03 9.970913e+03 9.971192e+03 9.914383e+03
8.7 9.910380e+03 9.967403e+03 9.972031e+03 9.915008e+03
9.7 9.955575e+03 9.959359e+03 9.972394e+03 9.968610e+03
10.7 1.001160e+04 9.976110e+03 9.972479e+03 1.000797e+04
11.7 1.002622e+04 9.988822e+03 9.972434e+03 1.000983e+04
12.7 1.002526e+04 9.985313e+03 9.972367e+03 1.001231e+04
13.7 1.000568e+04 9.979271e+03 9.972327e+03 9.998732e+03
14.7 9.964787e+03 9.977098e+03 9.972317e+03 9.960007e+03
15.7 9.961988e+03 9.979581e+03 9.972325e+03 9.954731e+03
16.7 9.974539e+03 9.974105e+03 9.972341e+03 9.972774e+03
0.4 9.954421e+03 9.965454e+03 9.971811e+03 9.960777e+03
1.4 9.923628e+03 9.953748e+03 9.971410e+03 9.941290e+03
2.4 9.943841e+03 9.953200e+03 9.969165e+03 9.959806e+03
3.4 9.940745e+03 9.959809e+03 9.966940e+03 9.947876e+03
4.4 9.921293e+03 9.974114e+03 9.967602e+03 9.914781e+03
5.4 9.913289e+03 9.976317e+03 9.969637e+03 9.906610e+03
6.4 9.914104e+03 9.970913e+03 9.971192e+03 9.914383e+03
7.4 9.910380e+03 9.967403e+03 9.972031e+03 9.915008e+03
8.4 9.955575e+03 9.959359e+03 9.972394e+03 9.968610e+03
9.4 1.001160e+04 9.976110e+03 9.972479e+03 1.000797e+04
10.4 1.002622e+04 9.988822e+03 9.972434e+03 1.000983e+04
11.4 1.002526e+04 9.985313e+03 9.972367e+03 1.001231e+04
12.4 1.000568e+04 9.979271e+03 9.972327e+03 9.998732e+03
13.4 9.964787e+03 9.977098e+03 9.972317e+03 9.960007e+03
14.4 9.961988e+03 9.979581e+03 9.972325e+03 9.954731e+03
15.4 9.974539e+03 9.974105e+03 9.972341e+03 9.972774e+03
