0.6 6.270054e+03 6.249744e+03 6.154717e+03 6.175027e+03
1.6 6.204159e+03 6.222526e+03 6.144055e+03 6.125689e+03
2.6 6.220741e+03 6.203336e+03 6.159109e+03 6.176514e+03
3.6 6.197598e+03 6.216035e+03 6.178229e+03 6.159792e+03
4.6 6.260008e+03 6.231279e+03 6.179056e+03 6.207785e+03
5.6 6.218828e+03 6.213700e+03 6.173209e+03 6.178337e+03
6.6 6.164898e+03 6.162850e+03 6.168518e+03 6.170567e+03
7.6 6.126323e+03 6.135105e+03 6.165689e+03 6.156906e+03
8.6 6.200314e+03 6.133092e+03 6.165852e+03 6.233074e+03
9.6 6.092101e+03 6.123204e+03 6.171582e+03 6.140479e+03
10.6 6.126654e+03 6.167871e+03 6.170570e+03 6.129353e+03
11.6 6.103893e+03 6.181994e+03 6.160980e+03 6.082879e+03
12.6 6.231251e+03 6.222534e+03 6.157542e+03 6.166259e+03
13.6 6.146679e+03 6.217263e+03 6.159618e+03 6.089034e+03
14.6 6.235270e+03 6.131264e+03 6.162080e+03 6.266087e+03
15.6 6.126382e+03 6.120666e+03 6.163662e+03 6.169378e+03
16.6 6.061182e+03 6.093150e+03 6.164552e+03 6.132584e+03
17.6 6.104503e+03 6.066130e+03 6.164949e+03 6.203322e+03
0.7 6.275928e+03 6.215680e+03 6.144043e+03 6.204291e+03
1.7 6.160423e+03 6.175385e+03 6.126247e+03 6.111285e+03
2.7 6.243657e+03 6.243977e+03 6.155753e+03 6.155434e+03
3.7 6.304022e+03 6.283050e+03 6.189761e+03 6.210733e+03
4.7 6.314775e+03 6.222510e+03 6.190664e+03 6.282928e+03
5.7 6.184783e+03 6.156977e+03 6.191468e+03 6.219274e+03
6.7 6.183034e+03 6.137061e+03 6.195374e+03 6.241347e+03
7.7 6.112431e+03 6.139997e+03 6.173618e+03 6.146052e+03
8.7 6.178989e+03 6.187598e+03 6.148518e+03 6.139909e+03
9.7 6.307564e+03 6.162848e+03 6.146167e+03 6.290883e+03
10.7 6.111793e+03 6.082667e+03 6.152899e+03 6.182026e+03
11.7 6.031538e+03 6.049973e+03 6.158792e+03 6.140356e+03
12.7 6.044994e+03 6.072987e+03 6.162524e+03 6.134531e+03
13.7 6.107408e+03 6.121045e+03 6.164564e+03 6.150927e+03
14.7 6.141110e+03 6.149160e+03 6.165281e+03 6.157231e+03
15.7 6.278399e+03 6.206307e+03 6.151443e+03 6.223535e+03
16.7 6.172454e+03 6.179156e+03 6.127529e+03 6.120826e+03
17.7 6.210111e+03 6.211220e+03 6.145714e+03 6.144605e+03
0.5 6.278399e+03 6.206307e+03 6.151443e+03 6.223535e+03
1.5 6.172454e+03 6.179156e+03 6.127529e+03 6.120826e+03
2.5 6.210111e+03 6.211220e+03 6.145714e+03 6.144605e+03
3.5 6.163445e+03 6.261173e+03 6.185164e+03 6.087436e+03
4.5 6.176365e+03 6.252532e+03 6.191986e+03 6.115819e+03
5.5 6.233951e+03 6.216005e+03 6.181892e+03 6.199838e+03
6.5 6.275458e+03 6.176418e+03 6.172614e+03 6.271655e+03
7.5 6.155940e+03 6.158757e+03 6.166873e+03 6.164056e+03
8.5 6.156584e+03 6.170278e+03 6.163723e+03 6.150029e+03
9.5 6.156243e+03 6.164462e+03 6.162463e+03 6.154244e+03
10.5 6.150263e+03 6.192226e+03 6.162415e+03 6.120452e+03
11.5 6.201017e+03 6.184286e+03 6.162877e+03 6.179607e+03
12.5 6.157184e+03 6.176308e+03 6.163375e+03 6.144251e+03
13.5 6.174649e+03 6.189599e+03 6.163728e+03 6.148778e+03
14.5 6.169849e+03 6.154524e+03 6.163929e+03 6.179254e+03
15.5 6.149590e+03 6.181143e+03 6.164029e+03 6.132476e+03
16.5 6.124307e+03 6.141929e+03 6.164075e+03 6.146453e+03
17.5 6.085129e+03 6.121431e+03 6.164096e+03 6.127794e+03
0.7 6.300754e+03 6.202688e+03 6.152256e+03 6.250322e+03
1.7 6.299942e+03 6.212964e+03 6.143649e+03 6.230626e+03
2.7 6.227822e+03 6.212784e+03 6.161239e+03 6.176277e+03
3.7 6.338420e+03 6.265036e+03 6.178745e+03 6.252130e+03
4.7 6.293433e+03 6.257425e+03 6.178286e+03 6.214295e+03
5.7 6.202271e+03 6.209625e+03 6.172380e+03 6.165026e+03
6.7 6.207354e+03 6.197315e+03 6.167882e+03 6.177922e+03
7.7 6.107827e+03 6.145935e+03 6.165189e+03 6.127081e+03
8.7 6.137932e+03 6.129384e+03 6.163784e+03 6.172332e+03
9.7 6.113585e+03 6.131908e+03 6.163311e+03 6.144987e+03
10.7 6.031442e+03 6.145378e+03 6.163383e+03 6.049447e+03
11.7 6.066618e+03 6.143848e+03 6.163643e+03 6.086413e+03
12.7 6.100466e+03 6.143612e+03 6.163881e+03 6.120735e+03
13.7 6.076714e+03 6.115735e+03 6.164032e+03 6.125011e+03
14.7 6.170294e+03 6.137338e+03 6.164067e+03 6.197023e+03
15.7 6.026897e+03 6.134810e+03 6.161203e+03 6.053291e+03
16.7 6.151339e+03 6.138638e+03 6.157756e+03 6.170458e+03
17.7 6.219984e+03 6.173528e+03 6.161898e+03 6.208354e+03
0.6 6.026897e+03 6.134810e+03 6.161203e+03 6.053291e+03
1.6 6.151339e+03 6.138638e+03 6.157756e+03 6.170458e+03
2.6 6.219984e+03 6.173528e+03 6.161898e+03 6.208354e+03
3.6 6.190554e+03 6.222867e+03 6.168036e+03 6.135724e+03
4.6 6.247039e+03 6.206970e+03 6.168580e+03 6.208649e+03
5.6 6.211798e+03 6.198292e+03 6.166825e+03 6.180330e+03
6.6 6.118054e+03 6.164243e+03 6.165357e+03 6.119168e+03
7.6 6.115135e+03 6.130745e+03 6.164467e+03 6.148857e+03
8.6 6.130110e+03 6.114524e+03 6.163993e+03 6.179579e+03
9.6 6.157935e+03 6.147569e+03 6.163285e+03 6.173651e+03
10.6 6.269158e+03 6.166682e+03 6.159007e+03 6.261483e+03
11.6 6.084377e+03 6.172414e+03 6.158113e+03 6.070076e+03
12.6 6.223319e+03 6.165849e+03 6.164802e+03 6.222272e+03
13.6 6.207787e+03 6.193987e+03 6.168814e+03 6.182614e+03
14.6 6.178536e+03 6.169612e+03 6.167978e+03 6.176902e+03
15.6 6.171393e+03 6.144722e+03 6.166252e+03 6.192922e+03
16.6 6.205415e+03 6.154038e+03 6.166558e+03 6.217934e+03
17.6 6.148593e+03 6.170873e+03 6.181521e+03 6.159242e+03
1.0 6.269158e+03 6.166682e+03 6.159007e+03 6.261483e+03
2.0 6.084377e+03 6.172414e+03 6.158113e+03 6.070076e+03
3.0 6.223319e+03 6.165849e+03 6.164802e+03 6.222272e+03
4.0 6.207787e+03 6.193987e+03 6.168814e+03 6.182614e+03
5.0 6.178536e+03 6.169612e+03 6.167978e+03 6.176902e+03
6.0 6.171393e+03 6.144722e+03 6.166252e+03 6.192922e+03
7.0 6.205415e+03 6.154038e+03 6.166558e+03 6.217934e+03
8.0 6.148593e+03 6.170873e+03 6.181521e+03 6.159242e+03
9.0 6.285057e+03 6.152089e+03 6.186686e+03 6.319654e+03
10.0 6.174060e+03 6.200184e+03 6.162802e+03 6.136678e+03
11.0 6.164060e+03 6.191976e+03 6.146672e+03 6.118756e+03
12.0 6.247783e+03 6.175509e+03 6.149480e+03 6.221753e+03
13.0 6.219434e+03 6.174344e+03 6.156255e+03 6.201346e+03
14.0 6.230811e+03 6.198963e+03 6.161026e+03 6.192875e+03
15.0 6.129488e+03 6.190234e+03 6.163822e+03 6.103076e+03
16.0 6.196762e+03 6.189445e+03 6.165216e+03 6.172534e+03
17.0 6.189675e+03 6.185989e+03 6.165616e+03 6.169302e+03
18.0 6.187859e+03 6.177378e+03 6.165465e+03 6.175946e+03
