0.0 1.153398e+03 1.044796e+03 1.060557e+03 1.169159e+03
1.0 1.279116e+03 1.048352e+03 1.058745e+03 1.289509e+03
2.0 1.183658e+03 1.050467e+03 1.055600e+03 1.188791e+03
3.0 9.820722e+02 1.034433e+03 1.051496e+03 9.991350e+02
4.0 8.696340e+02 1.034798e+03 1.047860e+03 8.826957e+02
5.0 1.007289e+03 1.022548e+03 1.046855e+03 1.031596e+03
6.0 1.083455e+03 1.037282e+03 1.049959e+03 1.096133e+03
7.0 9.245635e+02 1.047765e+03 1.053388e+03 9.301860e+02
8.0 1.074127e+03 1.051900e+03 1.055547e+03 1.077775e+03
9.0 9.787012e+02 1.075188e+03 1.057643e+03 9.611558e+02
10.0 1.128348e+03 1.099895e+03 1.065142e+03 1.093594e+03
11.0 1.219397e+03 1.088843e+03 1.071785e+03 1.202339e+03
12.0 1.125236e+03 1.072760e+03 1.073101e+03 1.125577e+03
13.0 1.244573e+03 1.071153e+03 1.070247e+03 1.243667e+03
14.0 9.627521e+02 1.042190e+03 1.064739e+03 9.853015e+02
15.0 8.917476e+02 1.020196e+03 1.059319e+03 9.308710e+02
16.0 1.023330e+03 1.039787e+03 1.053588e+03 1.037131e+03
17.0 9.829388e+02 1.028208e+03 1.049243e+03 1.003973e+03
0.1 1.279116e+03 1.048352e+03 1.058745e+03 1.289509e+03
1.1 1.183658e+03 1.050467e+03 1.055600e+03 1.188791e+03
2.1 9.820722e+02 1.034433e+03 1.051496e+03 9.991350e+02
3.1 8.696340e+02 1.034798e+03 1.047860e+03 8.826957e+02
4.1 1.007289e+03 1.022548e+03 1.046855e+03 1.031596e+03
5.1 1.083455e+03 1.037282e+03 1.049959e+03 1.096133e+03
6.1 9.245635e+02 1.047765e+03 1.053388e+03 9.301860e+02
7.1 1.074127e+03 1.051900e+03 1.055547e+03 1.077775e+03
8.1 9.787012e+02 1.075188e+03 1.057643e+03 9.611558e+02
9.1 1.128348e+03 1.099895e+03 1.065142e+03 1.093594e+03
10.1 1.219397e+03 1.088843e+03 1.071785e+03 1.202339e+03
11.1 1.125236e+03 1.072760e+03 1.073101e+03 1.125577e+03
12.1 1.244573e+03 1.071153e+03 1.070247e+03 1.243667e+03
13.1 9.627521e+02 1.042190e+03 1.064739e+03 9.853015e+02
14.1 8.917476e+02 1.020196e+03 1.059319e+03 9.308710e+02
15.1 1.023330e+03 1.039787e+03 1.053588e+03 1.037131e+03
16.1 9.829388e+02 1.028208e+03 1.049243e+03 1.003973e+03
17.1 1.082056e+03 1.021735e+03 1.046778e+03 1.107099e+03
0.7 9.820722e+02 1.034433e+03 1.051496e+03 9.991350e+02
1.7 8.696340e+02 1.034798e+03 1.047860e+03 8.826957e+02
2.7 1.007289e+03 1.022548e+03 1.046855e+03 1.031596e+03
3.7 1.083455e+03 1.037282e+03 1.049959e+03 1.096133e+03
4.7 9.245635e+02 1.047765e+03 1.053388e+03 9.301860e+02
5.7 1.074127e+03 1.051900e+03 1.055547e+03 1.077775e+03
6.7 9.787012e+02 1.075188e+03 1.057643e+03 9.611558e+02
7.7 1.128348e+03 1.099895e+03 1.065142e+03 1.093594e+03
8.7 1.219397e+03 1.088843e+03 1.071785e+03 1.202339e+03
9.7 1.125236e+03 1.072760e+03 1.073101e+03 1.125577e+03
10.7 1.244573e+03 1.071153e+03 1.070247e+03 1.243667e+03
11.7 9.627521e+02 1.042190e+03 1.064739e+03 9.853015e+02
12.7 8.917476e+02 1.020196e+03 1.059319e+03 9.308710e+02
13.7 1.023330e+03 1.039787e+03 1.053588e+03 1.037131e+03
14.7 9.829388e+02 1.028208e+03 1.049243e+03 1.003973e+03
15.7 1.082056e+03 1.021735e+03 1.046778e+03 1.107099e+03
16.7 1.004713e+03 1.028599e+03 1.043000e+03 1.019114e+03
17.7 9.991842e+02 1.017244e+03 1.040828e+03 1.022768e+03
0.1 9.627521e+02 1.042190e+03 1.064739e+03 9.853015e+02
1.1 8.917476e+02 1.020196e+03 1.059319e+03 9.308710e+02
2.1 1.023330e+03 1.039787e+03 1.053588e+03 1.037131e+03
3.1 9.829388e+02 1.028208e+03 1.049243e+03 1.003973e+03
4.1 1.082056e+03 1.021735e+03 1.046778e+03 1.107099e+03
5.1 1.004713e+03 1.028599e+03 1.043000e+03 1.019114e+03
6.1 9.991842e+02 1.017244e+03 1.040828e+03 1.022768e+03
7.1 1.028821e+03 1.023891e+03 1.046084e+03 1.051014e+03
8.1 1.088590e+03 1.045010e+03 1.052776e+03 1.096357e+03
9.1 1.028220e+03 1.080467e+03 1.056978e+03 1.004731e+03
10.1 1.077228e+03 1.099033e+03 1.058870e+03 1.037065e+03
11.1 1.152588e+03 1.076454e+03 1.059388e+03 1.135522e+03
12.1 1.032210e+03 1.067986e+03 1.059201e+03 1.023424e+03
13.1 1.012777e+03 1.073425e+03 1.058752e+03 9.981038e+02
14.1 1.152149e+03 1.090617e+03 1.058306e+03 1.119838e+03
15.1 1.068961e+03 1.074108e+03 1.057971e+03 1.052825e+03
16.1 9.799911e+02 1.036114e+03 1.057752e+03 1.001630e+03
17.1 1.138240e+03 1.041783e+03 1.057613e+03 1.154069e+03
0.3 8.917476e+02 1.020196e+03 1.059319e+03 9.308710e+02
1.3 1.023330e+03 1.039787e+03 1.053588e+03 1.037131e+03
2.3 9.829388e+02 1.028208e+03 1.049243e+03 1.003973e+03
3.3 1.082056e+03 1.021735e+03 1.046778e+03 1.107099e+03
4.3 1.004713e+03 1.028599e+03 1.043000e+03 1.019114e+03
5.3 9.991842e+02 1.017244e+03 1.040828e+03 1.022768e+03
6.3 1.028821e+03 1.023891e+03 1.046084e+03 1.051014e+03
7.3 1.088590e+03 1.045010e+03 1.052776e+03 1.096357e+03
8.3 1.028220e+03 1.080467e+03 1.056978e+03 1.004731e+03
9.3 1.077228e+03 1.099033e+03 1.058870e+03 1.037065e+03
10.3 1.152588e+03 1.076454e+03 1.059388e+03 1.135522e+03
11.3 1.032210e+03 1.067986e+03 1.059201e+03 1.023424e+03
12.3 1.012777e+03 1.073425e+03 1.058752e+03 9.981038e+02
13.3 1.152149e+03 1.090617e+03 1.058306e+03 1.119838e+03
14.3 1.068961e+03 1.074108e+03 1.057971e+03 1.052825e+03
15.3 9.799911e+02 1.036114e+03 1.057752e+03 1.001630e+03
16.3 1.138240e+03 1.041783e+03 1.057613e+03 1.154069e+03
17.3 1.115912e+03 1.051392e+03 1.057520e+03 1.122040e+03
0.6 9.829388e+02 1.028208e+03 1.049243e+03 1.003973e+03
1.6 1.082056e+03 1.021735e+03 1.046778e+03 1.107099e+03
2.6 1.004713e+03 1.028599e+03 1.043000e+03 1.019114e+03
3.6 9.991842e+02 1.017244e+03 1.040828e+03 1.022768e+03
4.6 1.028821e+03 1.023891e+03 1.046084e+03 1.051014e+03
5.6 1.088590e+03 1.045010e+03 1.052776e+03 1.096357e+03
6.6 1.028220e+03 1.080467e+03 1.056978e+03 1.004731e+03
7.6 1.077228e+03 1.099033e+03 1.058870e+03 1.037065e+03
8.6 1.152588e+03 1.076454e+03 1.059388e+03 1.135522e+03
9.6 1.032210e+03 1.067986e+03 1.059201e+03 1.023424e+03
10.6 1.012777e+03 1.073425e+03 1.058752e+03 9.981038e+02
11.6 1.152149e+03 1.090617e+03 1.058306e+03 1.119838e+03
12.6 1.068961e+03 1.074108e+03 1.057971e+03 1.052825e+03
13.6 9.799911e+02 1.036114e+03 1.057752e+03 1.001630e+03
14.6 1.138240e+03 1.041783e+03 1.057613e+03 1.154069e+03
15.6 1.115912e+03 1.051392e+03 1.057520e+03 1.122040e+03
16.6 1.259131e+03 1.103130e+03 1.057444e+03 1.213445e+03
17.6 9.633129e+02 1.080729e+03 1.057371e+03 9.399548e+02
0.4 1.082056e+03 1.021735e+03 1.046778e+03 1.107099e+03
1.4 1.004713e+03 1.028599e+03 1.043000e+03 1.019114e+03
2.4 9.991842e+02 1.017244e+03 1.040828e+03 1.022768e+03
3.4 1.028821e+03 1.023891e+03 1.046084e+03 1.051014e+03
4.4 1.088590e+03 1.045010e+03 1.052776e+03 1.096357e+03
5.4 1.028220e+03 1.080467e+03 1.056978e+03 1.004731e+03
6.4 1.077228e+03 1.099033e+03 1.058870e+03 1.037065e+03
7.4 1.152588e+03 1.076454e+03 1.059388e+03 1.135522e+03
8.4 1.032210e+03 1.067986e+03 1.059201e+03 1.023424e+03
9.4 1.012777e+03 1.073425e+03 1.058752e+03 9.981038e+02
10.4 1.152149e+03 1.090617e+03 1.058306e+03 1.119838e+03
11.4 1.068961e+03 1.074108e+03 1.057971e+03 1.052825e+03
12.4 9.799911e+02 1.036114e+03 1.057752e+03 1.001630e+03
13.4 1.138240e+03 1.041783e+03 1.057613e+03 1.154069e+03
14.4 1.115912e+03 1.051392e+03 1.057520e+03 1.122040e+03
15.4 1.259131e+03 1.103130e+03 1.057444e+03 1.213445e+03
16.4 9.633129e+02 1.080729e+03 1.057371e+03 9.399548e+02
17.4 8.919821e+02 1.040493e+03 1.057296e+03 9.087854e+02
0.8 8.771137e+02 1.031095e+03 1.067399e+03 9.134175e+02
1.8 9.612156e+02 1.025232e+03 1.061336e+03 9.973196e+02
2.8 1.119930e+03 1.039161e+03 1.055689e+03 1.136458e+03
3.8 1.242053e+03 1.035277e+03 1.050299e+03 1.257076e+03
4.8 1.235708e+03 1.033782e+03 1.046277e+03 1.248203e+03
5.8 9.679301e+02 1.016066e+03 1.041200e+03 9.930645e+02
6.8 9.660317e+02 1.013408e+03 1.035163e+03 9.877865e+02
7.8 9.627100e+02 1.010583e+03 1.039966e+03 9.920933e+02
8.8 1.117637e+03 1.018121e+03 1.049169e+03 1.148685e+03
9.8 1.183551e+03 1.053794e+03 1.055645e+03 1.185403e+03
10.8 1.151437e+03 1.091507e+03 1.058825e+03 1.118755e+03
11.8 9.222933e+02 1.069463e+03 1.059926e+03 9.127567e+02
12.8 1.034836e+03 1.080253e+03 1.059904e+03 1.014487e+03
13.8 9.208536e+02 1.043596e+03 1.059400e+03 9.366580e+02
14.8 1.107526e+03 9.960066e+02 1.058829e+03 1.170348e+03
15.8 9.625700e+02 1.045728e+03 1.058383e+03 9.752255e+02
16.8 9.217698e+02 1.034920e+03 1.058095e+03 9.449445e+02
17.8 1.243052e+03 1.072968e+03 1.057926e+03 1.228010e+03
0.4 9.612156e+02 1.025232e+03 1.061336e+03 9.973196e+02
1.4 1.119930e+03 1.039161e+03 1.055689e+03 1.136458e+03
2.4 1.242053e+03 1.035277e+03 1.050299e+03 1.257076e+03
3.4 1.235708e+03 1.033782e+03 1.046277e+03 1.248203e+03
4.4 9.679301e+02 1.016066e+03 1.041200e+03 9.930645e+02
5.4 9.660317e+02 1.013408e+03 1.035163e+03 9.877865e+02
6.4 9.627100e+02 1.010583e+03 1.039966e+03 9.920933e+02
7.4 1.117637e+03 1.018121e+03 1.049169e+03 1.148685e+03
8.4 1.183551e+03 1.053794e+03 1.055645e+03 1.185403e+03
9.4 1.151437e+03 1.091507e+03 1.058825e+03 1.118755e+03
10.4 9.222933e+02 1.069463e+03 1.059926e+03 9.127567e+02
11.4 1.034836e+03 1.080253e+03 1.059904e+03 1.014487e+03
12.4 9.208536e+02 1.043596e+03 1.059400e+03 9.366580e+02
13.4 1.107526e+03 9.960066e+02 1.058829e+03 1.170348e+03
14.4 9.625700e+02 1.045728e+03 1.058383e+03 9.752255e+02
15.4 9.217698e+02 1.034920e+03 1.058095e+03 9.449445e+02
16.4 1.243052e+03 1.072968e+03 1.057926e+03 1.228010e+03
17.4 1.315429e+03 1.101434e+03 1.057825e+03 1.271820e+03
0.3 1.119930e+03 1.039161e+03 1.055689e+03 1.136458e+03
1.3 1.242053e+03 1.035277e+03 1.050299e+03 1.257076e+03
2.3 1.235708e+03 1.033782e+03 1.046277e+03 1.248203e+03
3.3 9.679301e+02 1.016066e+03 1.041200e+03 9.930645e+02
4.3 9.660317e+02 1.013408e+03 1.035163e+03 9.877865e+02
5.3 9.627100e+02 1.010583e+03 1.039966e+03 9.920933e+02
6.3 1.117637e+03 1.018121e+03 1.049169e+03 1.148685e+03
7.3 1.183551e+03 1.053794e+03 1.055645e+03 1.185403e+03
8.3 1.151437e+03 1.091507e+03 1.058825e+03 1.118755e+03
9.3 9.222933e+02 1.069463e+03 1.059926e+03 9.127567e+02
10.3 1.034836e+03 1.080253e+03 1.059904e+03 1.014487e+03
11.3 9.208536e+02 1.043596e+03 1.059400e+03 9.366580e+02
12.3 1.107526e+03 9.960066e+02 1.058829e+03 1.170348e+03
13.3 9.625700e+02 1.045728e+03 1.058383e+03 9.752255e+02
14.3 9.217698e+02 1.034920e+03 1.058095e+03 9.449445e+02
15.3 1.243052e+03 1.072968e+03 1.057926e+03 1.228010e+03
16.3 1.315429e+03 1.101434e+03 1.057825e+03 1.271820e+03
17.3 8.884923e+02 1.020465e+03 1.057756e+03 9.257833e+02
0.9 1.235708e+03 1.033782e+03 1.046277e+03 1.248203e+03
1.9 9.679301e+02 1.016066e+03 1.041200e+03 9.930645e+02
2.9 9.660317e+02 1.013408e+03 1.035163e+03 9.877865e+02
3.9 9.627100e+02 1.010583e+03 1.039966e+03 9.920933e+02
4.9 1.117637e+03 1.018121e+03 1.049169e+03 1.148685e+03
5.9 1.183551e+03 1.053794e+03 1.055645e+03 1.185403e+03
6.9 1.151437e+03 1.091507e+03 1.058825e+03 1.118755e+03
7.9 9.222933e+02 1.069463e+03 1.059926e+03 9.127567e+02
8.9 1.034836e+03 1.080253e+03 1.059904e+03 1.014487e+03
9.9 9.208536e+02 1.043596e+03 1.059400e+03 9.366580e+02
10.9 1.107526e+03 9.960066e+02 1.058829e+03 1.170348e+03
11.9 9.625700e+02 1.045728e+03 1.058383e+03 9.752255e+02
12.9 9.217698e+02 1.034920e+03 1.058095e+03 9.449445e+02
13.9 1.243052e+03 1.072968e+03 1.057926e+03 1.228010e+03
14.9 1.315429e+03 1.101434e+03 1.057825e+03 1.271820e+03
15.9 8.884923e+02 1.020465e+03 1.057756e+03 9.257833e+02
16.9 9.822947e+02 9.832504e+02 1.057700e+03 1.056744e+03
17.9 1.148230e+03 1.009616e+03 1.057648e+03 1.196262e+03
0.1 1.235708e+03 1.033782e+03 1.046277e+03 1.248203e+03
1.1 9.679301e+02 1.016066e+03 1.041200e+03 9.930645e+02
2.1 9.660317e+02 1.013408e+03 1.035163e+03 9.877865e+02
3.1 9.627100e+02 1.010583e+03 1.039966e+03 9.920933e+02
4.1 1.117637e+03 1.018121e+03 1.049169e+03 1.148685e+03
5.1 1.183551e+03 1.053794e+03 1.055645e+03 1.185403e+03
6.1 1.151437e+03 1.091507e+03 1.058825e+03 1.118755e+03
7.1 9.222933e+02 1.069463e+03 1.059926e+03 9.127567e+02
8.1 1.034836e+03 1.080253e+03 1.059904e+03 1.014487e+03
9.1 9.208536e+02 1.043596e+03 1.059400e+03 9.366580e+02
10.1 1.107526e+03 9.960066e+02 1.058829e+03 1.170348e+03
11.1 9.625700e+02 1.045728e+03 1.058383e+03 9.752255e+02
12.1 9.217698e+02 1.034920e+03 1.058095e+03 9.449445e+02
13.1 1.243052e+03 1.072968e+03 1.057926e+03 1.228010e+03
14.1 1.315429e+03 1.101434e+03 1.057825e+03 1.271820e+03
15.1 8.884923e+02 1.020465e+03 1.057756e+03 9.257833e+02
16.1 9.822947e+02 9.832504e+02 1.057700e+03 1.056744e+03
17.1 1.148230e+03 1.009616e+03 1.057648e+03 1.196262e+03
0.1 1.129346e+03 1.040200e+03 1.059515e+03 1.148661e+03
1.1 1.056506e+03 1.026239e+03 1.056593e+03 1.086860e+03
2.1 1.112511e+03 1.020385e+03 1.053534e+03 1.145660e+03
3.1 9.493445e+02 1.028143e+03 1.050129e+03 9.713307e+02
4.1 9.878276e+02 1.026641e+03 1.047704e+03 1.008890e+03
5.1 1.029870e+03 1.028577e+03 1.043801e+03 1.045094e+03
6.1 9.910477e+02 1.020290e+03 1.040661e+03 1.011419e+03
7.1 1.005797e+03 1.013500e+03 1.039057e+03 1.031355e+03
8.1 9.998464e+02 1.017292e+03 1.040150e+03 1.022704e+03
9.1 9.577499e+02 1.021141e+03 1.047675e+03 9.842837e+02
10.1 1.083044e+03 1.006147e+03 1.054737e+03 1.131634e+03
11.1 1.079819e+03 9.999607e+02 1.058587e+03 1.138445e+03
12.1 1.065666e+03 1.031901e+03 1.060015e+03 1.093780e+03
13.1 8.425964e+02 1.067896e+03 1.060115e+03 8.348159e+02
14.1 1.153124e+03 1.091371e+03 1.059611e+03 1.121364e+03
15.1 1.059641e+03 1.025569e+03 1.058951e+03 1.093022e+03
16.1 9.707023e+02 9.774458e+02 1.058373e+03 1.051629e+03
17.1 1.055711e+03 9.779730e+02 1.057949e+03 1.135687e+03
1.0 1.112511e+03 1.020385e+03 1.053534e+03 1.145660e+03
2.0 9.493445e+02 1.028143e+03 1.050129e+03 9.713307e+02
3.0 9.878276e+02 1.026641e+03 1.047704e+03 1.008890e+03
4.0 1.029870e+03 1.028577e+03 1.043801e+03 1.045094e+03
5.0 9.910477e+02 1.020290e+03 1.040661e+03 1.011419e+03
6.0 1.005797e+03 1.013500e+03 1.039057e+03 1.031355e+03
7.0 9.998464e+02 1.017292e+03 1.040150e+03 1.022704e+03
8.0 9.577499e+02 1.021141e+03 1.047675e+03 9.842837e+02
9.0 1.083044e+03 1.006147e+03 1.054737e+03 1.131634e+03
10.0 1.079819e+03 9.999607e+02 1.058587e+03 1.138445e+03
11.0 1.065666e+03 1.031901e+03 1.060015e+03 1.093780e+03
12.0 8.425964e+02 1.067896e+03 1.060115e+03 8.348159e+02
13.0 1.153124e+03 1.091371e+03 1.059611e+03 1.121364e+03
14.0 1.059641e+03 1.025569e+03 1.058951e+03 1.093022e+03
15.0 9.707023e+02 9.774458e+02 1.058373e+03 1.051629e+03
16.0 1.055711e+03 9.779730e+02 1.057949e+03 1.135687e+03
17.0 8.870309e+02 1.013919e+03 1.057657e+03 9.307696e+02
18.0 1.112001e+03 1.063323e+03 1.057451e+03 1.106129e+03
0.5 9.493445e+02 1.028143e+03 1.050129e+03 9.713307e+02
1.5 9.878276e+02 1.026641e+03 1.047704e+03 1.008890e+03
2.5 1.029870e+03 1.028577e+03 1.043801e+03 1.045094e+03
3.5 9.910477e+02 1.020290e+03 1.040661e+03 1.011419e+03
4.5 1.005797e+03 1.013500e+03 1.039057e+03 1.031355e+03
5.5 9.998464e+02 1.017292e+03 1.040150e+03 1.022704e+03
6.5 9.577499e+02 1.021141e+03 1.047675e+03 9.842837e+02
7.5 1.083044e+03 1.006147e+03 1.054737e+03 1.131634e+03
8.5 1.079819e+03 9.999607e+02 1.058587e+03 1.138445e+03
9.5 1.065666e+03 1.031901e+03 1.060015e+03 1.093780e+03
10.5 8.425964e+02 1.067896e+03 1.060115e+03 8.348159e+02
11.5 1.153124e+03 1.091371e+03 1.059611e+03 1.121364e+03
12.5 1.059641e+03 1.025569e+03 1.058951e+03 1.093022e+03
13.5 9.707023e+02 9.774458e+02 1.058373e+03 1.051629e+03
14.5 1.055711e+03 9.779730e+02 1.057949e+03 1.135687e+03
15.5 8.870309e+02 1.013919e+03 1.057657e+03 9.307696e+02
16.5 1.112001e+03 1.063323e+03 1.057451e+03 1.106129e+03
17.5 1.103342e+03 1.098232e+03 1.057292e+03 1.062402e+03
0.3 9.878276e+02 1.026641e+03 1.047704e+03 1.008890e+03
1.3 1.029870e+03 1.028577e+03 1.043801e+03 1.045094e+03
2.3 9.910477e+02 1.020290e+03 1.040661e+03 1.011419e+03
3.3 1.005797e+03 1.013500e+03 1.039057e+03 1.031355e+03
4.3 9.998464e+02 1.017292e+03 1.040150e+03 1.022704e+03
5.3 9.577499e+02 1.021141e+03 1.047675e+03 9.842837e+02
6.3 1.083044e+03 1.006147e+03 1.054737e+03 1.131634e+03
7.3 1.079819e+03 9.999607e+02 1.058587e+03 1.138445e+03
8.3 1.065666e+03 1.031901e+03 1.060015e+03 1.093780e+03
9.3 8.425964e+02 1.067896e+03 1.060115e+03 8.348159e+02
10.3 1.153124e+03 1.091371e+03 1.059611e+03 1.121364e+03
11.3 1.059641e+03 1.025569e+03 1.058951e+03 1.093022e+03
12.3 9.707023e+02 9.774458e+02 1.058373e+03 1.051629e+03
13.3 1.055711e+03 9.779730e+02 1.057949e+03 1.135687e+03
14.3 8.870309e+02 1.013919e+03 1.057657e+03 9.307696e+02
15.3 1.112001e+03 1.063323e+03 1.057451e+03 1.106129e+03
16.3 1.103342e+03 1.098232e+03 1.057292e+03 1.062402e+03
17.3 1.228278e+03 1.161998e+03 1.057156e+03 1.123435e+03
0.7 9.910477e+02 1.020290e+03 1.040661e+03 1.011419e+03
1.7 1.005797e+03 1.013500e+03 1.039057e+03 1.031355e+03
2.7 9.998464e+02 1.017292e+03 1.040150e+03 1.022704e+03
3.7 9.577499e+02 1.021141e+03 1.047675e+03 9.842837e+02
4.7 1.083044e+03 1.006147e+03 1.054737e+03 1.131634e+03
5.7 1.079819e+03 9.999607e+02 1.058587e+03 1.138445e+03
6.7 1.065666e+03 1.031901e+03 1.060015e+03 1.093780e+03
7.7 8.425964e+02 1.067896e+03 1.060115e+03 8.348159e+02
8.7 1.153124e+03 1.091371e+03 1.059611e+03 1.121364e+03
9.7 1.059641e+03 1.025569e+03 1.058951e+03 1.093022e+03
10.7 9.707023e+02 9.774458e+02 1.058373e+03 1.051629e+03
11.7 1.055711e+03 9.779730e+02 1.057949e+03 1.135687e+03
12.7 8.870309e+02 1.013919e+03 1.057657e+03 9.307696e+02
13.7 1.112001e+03 1.063323e+03 1.057451e+03 1.106129e+03
14.7 1.103342e+03 1.098232e+03 1.057292e+03 1.062402e+03
15.7 1.228278e+03 1.161998e+03 1.057156e+03 1.123435e+03
16.7 1.307535e+03 1.211957e+03 1.057033e+03 1.152611e+03
17.7 1.113544e+03 1.162769e+03 1.056919e+03 1.007694e+03
0.9 9.663339e+02 1.044406e+03 1.062330e+03 9.842579e+02
1.9 9.639379e+02 1.041554e+03 1.058027e+03 9.804112e+02
2.9 9.279373e+02 1.032407e+03 1.053746e+03 9.492767e+02
3.9 9.771796e+02 1.027895e+03 1.050163e+03 9.994477e+02
4.9 1.024892e+03 1.014384e+03 1.047237e+03 1.057746e+03
5.9 1.093518e+03 1.018418e+03 1.045469e+03 1.120568e+03
6.9 1.196726e+03 1.038041e+03 1.045292e+03 1.203976e+03
7.9 9.592642e+02 1.056972e+03 1.047384e+03 9.496759e+02
8.9 1.032832e+03 1.054020e+03 1.045240e+03 1.024052e+03
9.9 1.023875e+03 1.019174e+03 1.048159e+03 1.052860e+03
10.9 9.922108e+02 1.039667e+03 1.053569e+03 1.006113e+03
11.9 9.530964e+02 1.044523e+03 1.057223e+03 9.657957e+02
12.9 1.248734e+03 1.131839e+03 1.058858e+03 1.175753e+03
13.9 1.285576e+03 1.104638e+03 1.059305e+03 1.240243e+03
14.9 9.967952e+02 1.008060e+03 1.059160e+03 1.047895e+03
15.9 1.040342e+03 1.028746e+03 1.058786e+03 1.070381e+03
16.9 9.566740e+02 1.064864e+03 1.058403e+03 9.502128e+02
17.9 1.083340e+03 1.051450e+03 1.058111e+03 1.090001e+03
0.6 9.639379e+02 1.041554e+03 1.058027e+03 9.804112e+02
1.6 9.279373e+02 1.032407e+03 1.053746e+03 9.492767e+02
2.6 9.771796e+02 1.027895e+03 1.050163e+03 9.994477e+02
3.6 1.024892e+03 1.014384e+03 1.047237e+03 1.057746e+03
4.6 1.093518e+03 1.018418e+03 1.045469e+03 1.120568e+03
5.6 1.196726e+03 1.038041e+03 1.045292e+03 1.203976e+03
6.6 9.592642e+02 1.056972e+03 1.047384e+03 9.496759e+02
7.6 1.032832e+03 1.054020e+03 1.045240e+03 1.024052e+03
8.6 1.023875e+03 1.019174e+03 1.048159e+03 1.052860e+03
9.6 9.922108e+02 1.039667e+03 1.053569e+03 1.006113e+03
10.6 9.530964e+02 1.044523e+03 1.057223e+03 9.657957e+02
11.6 1.248734e+03 1.131839e+03 1.058858e+03 1.175753e+03
12.6 1.285576e+03 1.104638e+03 1.059305e+03 1.240243e+03
13.6 9.967952e+02 1.008060e+03 1.059160e+03 1.047895e+03
14.6 1.040342e+03 1.028746e+03 1.058786e+03 1.070381e+03
15.6 9.566740e+02 1.064864e+03 1.058403e+03 9.502128e+02
16.6 1.083340e+03 1.051450e+03 1.058111e+03 1.090001e+03
17.6 1.052168e+03 1.069174e+03 1.057922e+03 1.040916e+03
0.3 9.279373e+02 1.032407e+03 1.053746e+03 9.492767e+02
1.3 9.771796e+02 1.027895e+03 1.050163e+03 9.994477e+02
2.3 1.024892e+03 1.014384e+03 1.047237e+03 1.057746e+03
3.3 1.093518e+03 1.018418e+03 1.045469e+03 1.120568e+03
4.3 1.196726e+03 1.038041e+03 1.045292e+03 1.203976e+03
5.3 9.592642e+02 1.056972e+03 1.047384e+03 9.496759e+02
6.3 1.032832e+03 1.054020e+03 1.045240e+03 1.024052e+03
7.3 1.023875e+03 1.019174e+03 1.048159e+03 1.052860e+03
8.3 9.922108e+02 1.039667e+03 1.053569e+03 1.006113e+03
9.3 9.530964e+02 1.044523e+03 1.057223e+03 9.657957e+02
10.3 1.248734e+03 1.131839e+03 1.058858e+03 1.175753e+03
11.3 1.285576e+03 1.104638e+03 1.059305e+03 1.240243e+03
12.3 9.967952e+02 1.008060e+03 1.059160e+03 1.047895e+03
13.3 1.040342e+03 1.028746e+03 1.058786e+03 1.070381e+03
14.3 9.566740e+02 1.064864e+03 1.058403e+03 9.502128e+02
15.3 1.083340e+03 1.051450e+03 1.058111e+03 1.090001e+03
16.3 1.052168e+03 1.069174e+03 1.057922e+03 1.040916e+03
17.3 1.010635e+03 1.037577e+03 1.057807e+03 1.030865e+03
0.6 1.024892e+03 1.014384e+03 1.047237e+03 1.057746e+03
1.6 1.093518e+03 1.018418e+03 1.045469e+03 1.120568e+03
2.6 1.196726e+03 1.038041e+03 1.045292e+03 1.203976e+03
3.6 9.592642e+02 1.056972e+03 1.047384e+03 9.496759e+02
4.6 1.032832e+03 1.054020e+03 1.045240e+03 1.024052e+03
5.6 1.023875e+03 1.019174e+03 1.048159e+03 1.052860e+03
6.6 9.922108e+02 1.039667e+03 1.053569e+03 1.006113e+03
7.6 9.530964e+02 1.044523e+03 1.057223e+03 9.657957e+02
8.6 1.248734e+03 1.131839e+03 1.058858e+03 1.175753e+03
9.6 1.285576e+03 1.104638e+03 1.059305e+03 1.240243e+03
10.6 9.967952e+02 1.008060e+03 1.059160e+03 1.047895e+03
11.6 1.040342e+03 1.028746e+03 1.058786e+03 1.070381e+03
12.6 9.566740e+02 1.064864e+03 1.058403e+03 9.502128e+02
13.6 1.083340e+03 1.051450e+03 1.058111e+03 1.090001e+03
14.6 1.052168e+03 1.069174e+03 1.057922e+03 1.040916e+03
15.6 1.010635e+03 1.037577e+03 1.057807e+03 1.030865e+03
16.6 1.010821e+03 1.060450e+03 1.057735e+03 1.008106e+03
17.6 9.845215e+02 1.057147e+03 1.057685e+03 9.850597e+02
0.3 1.196726e+03 1.038041e+03 1.045292e+03 1.203976e+03
1.3 9.592642e+02 1.056972e+03 1.047384e+03 9.496759e+02
2.3 1.032832e+03 1.054020e+03 1.045240e+03 1.024052e+03
3.3 1.023875e+03 1.019174e+03 1.048159e+03 1.052860e+03
4.3 9.922108e+02 1.039667e+03 1.053569e+03 1.006113e+03
5.3 9.530964e+02 1.044523e+03 1.057223e+03 9.657957e+02
6.3 1.248734e+03 1.131839e+03 1.058858e+03 1.175753e+03
7.3 1.285576e+03 1.104638e+03 1.059305e+03 1.240243e+03
8.3 9.967952e+02 1.008060e+03 1.059160e+03 1.047895e+03
9.3 1.040342e+03 1.028746e+03 1.058786e+03 1.070381e+03
10.3 9.566740e+02 1.064864e+03 1.058403e+03 9.502128e+02
11.3 1.083340e+03 1.051450e+03 1.058111e+03 1.090001e+03
12.3 1.052168e+03 1.069174e+03 1.057922e+03 1.040916e+03
13.3 1.010635e+03 1.037577e+03 1.057807e+03 1.030865e+03
14.3 1.010821e+03 1.060450e+03 1.057735e+03 1.008106e+03
15.3 9.845215e+02 1.057147e+03 1.057685e+03 9.850597e+02
16.3 9.730989e+02 1.080569e+03 1.058696e+03 9.512253e+02
17.3 1.082083e+03 1.065958e+03 1.062918e+03 1.079042e+03
0.7 1.048962e+03 1.056771e+03 1.064439e+03 1.056630e+03
1.7 1.054431e+03 1.049650e+03 1.061206e+03 1.065987e+03
2.7 1.033078e+03 1.035751e+03 1.056266e+03 1.053593e+03
3.7 1.077551e+03 1.024233e+03 1.050876e+03 1.104194e+03
4.7 1.073004e+03 1.034721e+03 1.047672e+03 1.085956e+03
5.7 1.229353e+03 1.036803e+03 1.050010e+03 1.242560e+03
6.7 9.425114e+02 1.033738e+03 1.053766e+03 9.625391e+02
7.7 1.032232e+03 1.071313e+03 1.056326e+03 1.017245e+03
8.7 1.033594e+03 1.029738e+03 1.057618e+03 1.061473e+03
9.7 1.076236e+03 9.760958e+02 1.058085e+03 1.158225e+03
10.7 9.188422e+02 9.505412e+02 1.058084e+03 1.026385e+03
11.7 9.712695e+02 9.533205e+02 1.057882e+03 1.075831e+03
12.7 1.163808e+03 1.064270e+03 1.057653e+03 1.157191e+03
13.7 8.872581e+02 1.110972e+03 1.057474e+03 8.337595e+02
14.7 1.310064e+03 1.132626e+03 1.057354e+03 1.234792e+03
15.7 1.188950e+03 1.086068e+03 1.057278e+03 1.160159e+03
16.7 1.236537e+03 1.109865e+03 1.057226e+03 1.183899e+03
17.7 1.071563e+03 1.195448e+03 1.057187e+03 9.333020e+02
0.6 1.054431e+03 1.049650e+03 1.061206e+03 1.065987e+03
1.6 1.033078e+03 1.035751e+03 1.056266e+03 1.053593e+03
2.6 1.077551e+03 1.024233e+03 1.050876e+03 1.104194e+03
3.6 1.073004e+03 1.034721e+03 1.047672e+03 1.085956e+03
4.6 1.229353e+03 1.036803e+03 1.050010e+03 1.242560e+03
5.6 9.425114e+02 1.033738e+03 1.053766e+03 9.625391e+02
6.6 1.032232e+03 1.071313e+03 1.056326e+03 1.017245e+03
7.6 1.033594e+03 1.029738e+03 1.057618e+03 1.061473e+03
8.6 1.076236e+03 9.760958e+02 1.058085e+03 1.158225e+03
9.6 9.188422e+02 9.505412e+02 1.058084e+03 1.026385e+03
10.6 9.712695e+02 9.533205e+02 1.057882e+03 1.075831e+03
11.6 1.163808e+03 1.064270e+03 1.057653e+03 1.157191e+03
12.6 8.872581e+02 1.110972e+03 1.057474e+03 8.337595e+02
13.6 1.310064e+03 1.132626e+03 1.057354e+03 1.234792e+03
14.6 1.188950e+03 1.086068e+03 1.057278e+03 1.160159e+03
15.6 1.236537e+03 1.109865e+03 1.057226e+03 1.183899e+03
16.6 1.071563e+03 1.195448e+03 1.057187e+03 9.333020e+02
17.6 1.281466e+03 1.107464e+03 1.057153e+03 1.231156e+03
0.5 1.033078e+03 1.035751e+03 1.056266e+03 1.053593e+03
1.5 1.077551e+03 1.024233e+03 1.050876e+03 1.104194e+03
2.5 1.073004e+03 1.034721e+03 1.047672e+03 1.085956e+03
3.5 1.229353e+03 1.036803e+03 1.050010e+03 1.242560e+03
4.5 9.425114e+02 1.033738e+03 1.053766e+03 9.625391e+02
5.5 1.032232e+03 1.071313e+03 1.056326e+03 1.017245e+03
6.5 1.033594e+03 1.029738e+03 1.057618e+03 1.061473e+03
7.5 1.076236e+03 9.760958e+02 1.058085e+03 1.158225e+03
8.5 9.188422e+02 9.505412e+02 1.058084e+03 1.026385e+03
9.5 9.712695e+02 9.533205e+02 1.057882e+03 1.075831e+03
10.5 1.163808e+03 1.064270e+03 1.057653e+03 1.157191e+03
11.5 8.872581e+02 1.110972e+03 1.057474e+03 8.337595e+02
12.5 1.310064e+03 1.132626e+03 1.057354e+03 1.234792e+03
13.5 1.188950e+03 1.086068e+03 1.057278e+03 1.160159e+03
14.5 1.236537e+03 1.109865e+03 1.057226e+03 1.183899e+03
15.5 1.071563e+03 1.195448e+03 1.057187e+03 9.333020e+02
16.5 1.281466e+03 1.107464e+03 1.057153e+03 1.231156e+03
17.5 1.279460e+03 1.099535e+03 1.057122e+03 1.237047e+03
1.0 1.012855e+03 1.052828e+03 1.056608e+03 1.016636e+03
2.0 1.066181e+03 1.043525e+03 1.053529e+03 1.076185e+03
3.0 1.048381e+03 1.043178e+03 1.050166e+03 1.055370e+03
4.0 9.261779e+02 1.022630e+03 1.047400e+03 9.509481e+02
5.0 1.069338e+03 1.017345e+03 1.045432e+03 1.097425e+03
6.0 1.031885e+03 1.031538e+03 1.044192e+03 1.044538e+03
7.0 1.059654e+03 1.028960e+03 1.043900e+03 1.074594e+03
8.0 8.696259e+02 1.012642e+03 1.048796e+03 9.057792e+02
9.0 9.621590e+02 1.060856e+03 1.053921e+03 9.552242e+02
10.0 1.057233e+03 1.081407e+03 1.056844e+03 1.032670e+03
11.0 9.643787e+02 1.056856e+03 1.057999e+03 9.655219e+02
12.0 1.093489e+03 1.054180e+03 1.058168e+03 1.097477e+03
13.0 1.334302e+03 1.035671e+03 1.057874e+03 1.356506e+03
14.0 1.123040e+03 1.045834e+03 1.057447e+03 1.134653e+03
15.0 1.059040e+03 1.068109e+03 1.057072e+03 1.048003e+03
16.0 1.059544e+03 1.046454e+03 1.056814e+03 1.069904e+03
17.0 1.019644e+03 1.031205e+03 1.056666e+03 1.045106e+03
18.0 1.057878e+03 1.066108e+03 1.056600e+03 1.048370e+03
0.7 1.066181e+03 1.043525e+03 1.053529e+03 1.076185e+03
1.7 1.048381e+03 1.043178e+03 1.050166e+03 1.055370e+03
2.7 9.261779e+02 1.022630e+03 1.047400e+03 9.509481e+02
3.7 1.069338e+03 1.017345e+03 1.045432e+03 1.097425e+03
4.7 1.031885e+03 1.031538e+03 1.044192e+03 1.044538e+03
5.7 1.059654e+03 1.028960e+03 1.043900e+03 1.074594e+03
6.7 8.696259e+02 1.012642e+03 1.048796e+03 9.057792e+02
7.7 9.621590e+02 1.060856e+03 1.053921e+03 9.552242e+02
8.7 1.057233e+03 1.081407e+03 1.056844e+03 1.032670e+03
9.7 9.643787e+02 1.056856e+03 1.057999e+03 9.655219e+02
10.7 1.093489e+03 1.054180e+03 1.058168e+03 1.097477e+03
11.7 1.334302e+03 1.035671e+03 1.057874e+03 1.356506e+03
12.7 1.123040e+03 1.045834e+03 1.057447e+03 1.134653e+03
13.7 1.059040e+03 1.068109e+03 1.057072e+03 1.048003e+03
14.7 1.059544e+03 1.046454e+03 1.056814e+03 1.069904e+03
15.7 1.019644e+03 1.031205e+03 1.056666e+03 1.045106e+03
16.7 1.057878e+03 1.066108e+03 1.056600e+03 1.048370e+03
17.7 1.091010e+03 1.133084e+03 1.056590e+03 1.014515e+03
0.4 1.048381e+03 1.043178e+03 1.050166e+03 1.055370e+03
1.4 9.261779e+02 1.022630e+03 1.047400e+03 9.509481e+02
2.4 1.069338e+03 1.017345e+03 1.045432e+03 1.097425e+03
3.4 1.031885e+03 1.031538e+03 1.044192e+03 1.044538e+03
4.4 1.059654e+03 1.028960e+03 1.043900e+03 1.074594e+03
5.4 8.696259e+02 1.012642e+03 1.048796e+03 9.057792e+02
6.4 9.621590e+02 1.060856e+03 1.053921e+03 9.552242e+02
7.4 1.057233e+03 1.081407e+03 1.056844e+03 1.032670e+03
8.4 9.643787e+02 1.056856e+03 1.057999e+03 9.655219e+02
9.4 1.093489e+03 1.054180e+03 1.058168e+03 1.097477e+03
10.4 1.334302e+03 1.035671e+03 1.057874e+03 1.356506e+03
11.4 1.123040e+03 1.045834e+03 1.057447e+03 1.134653e+03
12.4 1.059040e+03 1.068109e+03 1.057072e+03 1.048003e+03
13.4 1.059544e+03 1.046454e+03 1.056814e+03 1.069904e+03
14.4 1.019644e+03 1.031205e+03 1.056666e+03 1.045106e+03
15.4 1.057878e+03 1.066108e+03 1.056600e+03 1.048370e+03
16.4 1.091010e+03 1.133084e+03 1.056590e+03 1.014515e+03
17.4 1.041913e+03 1.083663e+03 1.056620e+03 1.014871e+03
0.6 1.069338e+03 1.017345e+03 1.045432e+03 1.097425e+03
1.6 1.031885e+03 1.031538e+03 1.044192e+03 1.044538e+03
2.6 1.059654e+03 1.028960e+03 1.043900e+03 1.074594e+03
3.6 8.696259e+02 1.012642e+03 1.048796e+03 9.057792e+02
4.6 9.621590e+02 1.060856e+03 1.053921e+03 9.552242e+02
5.6 1.057233e+03 1.081407e+03 1.056844e+03 1.032670e+03
6.6 9.643787e+02 1.056856e+03 1.057999e+03 9.655219e+02
7.6 1.093489e+03 1.054180e+03 1.058168e+03 1.097477e+03
8.6 1.334302e+03 1.035671e+03 1.057874e+03 1.356506e+03
9.6 1.123040e+03 1.045834e+03 1.057447e+03 1.134653e+03
10.6 1.059040e+03 1.068109e+03 1.057072e+03 1.048003e+03
11.6 1.059544e+03 1.046454e+03 1.056814e+03 1.069904e+03
12.6 1.019644e+03 1.031205e+03 1.056666e+03 1.045106e+03
13.6 1.057878e+03 1.066108e+03 1.056600e+03 1.048370e+03
14.6 1.091010e+03 1.133084e+03 1.056590e+03 1.014515e+03
15.6 1.041913e+03 1.083663e+03 1.056620e+03 1.014871e+03
16.6 9.155838e+02 1.050094e+03 1.056686e+03 9.221763e+02
17.6 1.089152e+03 1.074982e+03 1.058783e+03 1.072953e+03
0.9 1.077387e+03 1.060346e+03 1.059644e+03 1.076685e+03
1.9 1.149823e+03 1.063082e+03 1.055985e+03 1.142727e+03
2.9 1.228286e+03 1.046523e+03 1.052168e+03 1.233931e+03
3.9 9.746371e+02 1.041241e+03 1.047272e+03 9.806677e+02
4.9 9.362570e+02 1.042866e+03 1.042881e+03 9.362719e+02
5.9 1.072700e+03 1.035222e+03 1.038860e+03 1.076338e+03
6.9 1.052100e+03 1.041334e+03 1.040497e+03 1.051264e+03
7.9 1.066194e+03 1.058869e+03 1.050256e+03 1.057580e+03
8.9 9.846171e+02 1.103630e+03 1.059533e+03 9.405208e+02
9.9 1.172618e+03 1.099045e+03 1.065112e+03 1.138685e+03
0.7 1.149823e+03 1.063082e+03 1.055985e+03 1.142727e+03
1.7 1.228286e+03 1.046523e+03 1.052168e+03 1.233931e+03
2.7 9.746371e+02 1.041241e+03 1.047272e+03 9.806677e+02
3.7 9.362570e+02 1.042866e+03 1.042881e+03 9.362719e+02
4.7 1.072700e+03 1.035222e+03 1.038860e+03 1.076338e+03
5.7 1.052100e+03 1.041334e+03 1.040497e+03 1.051264e+03
6.7 1.066194e+03 1.058869e+03 1.050256e+03 1.057580e+03
7.7 9.846171e+02 1.103630e+03 1.059533e+03 9.405208e+02
8.7 1.172618e+03 1.099045e+03 1.065112e+03 1.138685e+03
0.8 1.228286e+03 1.046523e+03 1.052168e+03 1.233931e+03
1.8 9.746371e+02 1.041241e+03 1.047272e+03 9.806677e+02
2.8 9.362570e+02 1.042866e+03 1.042881e+03 9.362719e+02
3.8 1.072700e+03 1.035222e+03 1.038860e+03 1.076338e+03
4.8 1.052100e+03 1.041334e+03 1.040497e+03 1.051264e+03
5.8 1.066194e+03 1.058869e+03 1.050256e+03 1.057580e+03
6.8 9.846171e+02 1.103630e+03 1.059533e+03 9.405208e+02
7.8 1.172618e+03 1.099045e+03 1.065112e+03 1.138685e+03
0.7 9.746371e+02 1.041241e+03 1.047272e+03 9.806677e+02
1.7 9.362570e+02 1.042866e+03 1.042881e+03 9.362719e+02
2.7 1.072700e+03 1.035222e+03 1.038860e+03 1.076338e+03
3.7 1.052100e+03 1.041334e+03 1.040497e+03 1.051264e+03
4.7 1.066194e+03 1.058869e+03 1.050256e+03 1.057580e+03
5.7 9.846171e+02 1.103630e+03 1.059533e+03 9.405208e+02
6.7 1.172618e+03 1.099045e+03 1.065112e+03 1.138685e+03
0.6 9.362570e+02 1.042866e+03 1.042881e+03 9.362719e+02
1.6 1.072700e+03 1.035222e+03 1.038860e+03 1.076338e+03
2.6 1.052100e+03 1.041334e+03 1.040497e+03 1.051264e+03
3.6 1.066194e+03 1.058869e+03 1.050256e+03 1.057580e+03
4.6 9.846171e+02 1.103630e+03 1.059533e+03 9.405208e+02
5.6 1.172618e+03 1.099045e+03 1.065112e+03 1.138685e+03
