0.3 1.012777e+03 1.073425e+03 1.057319e+03 9.966704e+02
1.3 1.152149e+03 1.090617e+03 1.056603e+03 1.118134e+03
2.3 1.068961e+03 1.074108e+03 1.054695e+03 1.049548e+03
3.3 9.799911e+02 1.036114e+03 1.054758e+03 9.986357e+02
4.3 1.138240e+03 1.041783e+03 1.055937e+03 1.152394e+03
5.3 1.115912e+03 1.051392e+03 1.056877e+03 1.121398e+03
6.3 1.259131e+03 1.103130e+03 1.057383e+03 1.213384e+03
7.3 9.633129e+02 1.080729e+03 1.057600e+03 9.401842e+02
8.3 8.919821e+02 1.040493e+03 1.057648e+03 9.091370e+02
9.3 9.608348e+02 1.016513e+03 1.057609e+03 1.001930e+03
10.3 9.796207e+02 1.007058e+03 1.057546e+03 1.030109e+03
11.3 1.276153e+03 1.081080e+03 1.057495e+03 1.252568e+03
12.3 1.065985e+03 1.110207e+03 1.057465e+03 1.013243e+03
13.3 1.153504e+03 1.136412e+03 1.057453e+03 1.074544e+03
14.3 1.181378e+03 1.116584e+03 1.057452e+03 1.122245e+03
15.3 1.161471e+03 1.068123e+03 1.057456e+03 1.150805e+03
16.3 9.098438e+02 1.012659e+03 1.057464e+03 9.546482e+02
17.3 9.205624e+02 1.020641e+03 1.057472e+03 9.573933e+02
0.8 1.317216e+03 1.150425e+03 1.057380e+03 1.224171e+03
1.8 1.047383e+03 1.144591e+03 1.055609e+03 9.584007e+02
2.8 1.172619e+03 1.137411e+03 1.054638e+03 1.089845e+03
3.8 1.204610e+03 1.135753e+03 1.055546e+03 1.124403e+03
4.8 1.155757e+03 1.121342e+03 1.056658e+03 1.091073e+03
5.8 1.013517e+03 1.136553e+03 1.057303e+03 9.342671e+02
6.8 1.013831e+03 1.090071e+03 1.056292e+03 9.800514e+02
7.8 9.547397e+02 1.019104e+03 1.055041e+03 9.906763e+02
8.8 9.886192e+02 9.882920e+02 1.055623e+03 1.055950e+03
9.8 1.098517e+03 1.010373e+03 1.056641e+03 1.144785e+03
10.8 1.137118e+03 1.006657e+03 1.057283e+03 1.187744e+03
11.8 7.964950e+02 1.035405e+03 1.057577e+03 8.186676e+02
12.8 9.665662e+02 1.050481e+03 1.057663e+03 9.737479e+02
13.8 8.771137e+02 1.031095e+03 1.057631e+03 9.036496e+02
14.8 9.612156e+02 1.025232e+03 1.057548e+03 9.935315e+02
15.8 1.119930e+03 1.039161e+03 1.057461e+03 1.138230e+03
16.8 1.242053e+03 1.035277e+03 1.057390e+03 1.264167e+03
17.8 1.235708e+03 1.033782e+03 1.057339e+03 1.259265e+03
0.6 1.013517e+03 1.136553e+03 1.057303e+03 9.342671e+02
1.6 1.013831e+03 1.090071e+03 1.056292e+03 9.800514e+02
2.6 9.547397e+02 1.019104e+03 1.055041e+03 9.906763e+02
3.6 9.886192e+02 9.882920e+02 1.055623e+03 1.055950e+03
4.6 1.098517e+03 1.010373e+03 1.056641e+03 1.144785e+03
5.6 1.137118e+03 1.006657e+03 1.057283e+03 1.187744e+03
6.6 7.964950e+02 1.035405e+03 1.057577e+03 8.186676e+02
7.6 9.665662e+02 1.050481e+03 1.057663e+03 9.737479e+02
8.6 8.771137e+02 1.031095e+03 1.057631e+03 9.036496e+02
9.6 9.612156e+02 1.025232e+03 1.057548e+03 9.935315e+02
10.6 1.119930e+03 1.039161e+03 1.057461e+03 1.138230e+03
11.6 1.242053e+03 1.035277e+03 1.057390e+03 1.264167e+03
12.6 1.235708e+03 1.033782e+03 1.057339e+03 1.259265e+03
13.6 9.679301e+02 1.016066e+03 1.057303e+03 1.009167e+03
14.6 9.660317e+02 1.013408e+03 1.057277e+03 1.009901e+03
15.6 9.627100e+02 1.010583e+03 1.057256e+03 1.009383e+03
16.6 1.117637e+03 1.018121e+03 1.057239e+03 1.156754e+03
17.6 1.183551e+03 1.053794e+03 1.057223e+03 1.186981e+03
0.7 1.166053e+03 1.181702e+03 1.057235e+03 1.041586e+03
1.7 1.048612e+03 1.124158e+03 1.055753e+03 9.802079e+02
2.7 1.324914e+03 1.055714e+03 1.054396e+03 1.323596e+03
3.7 8.284507e+02 1.020216e+03 1.055099e+03 8.633333e+02
4.7 8.405258e+02 9.376241e+02 1.056260e+03 9.591612e+02
5.7 9.925909e+02 8.678359e+02 1.057012e+03 1.181767e+03
6.7 1.064902e+03 8.823302e+02 1.057379e+03 1.239950e+03
7.7 9.804834e+02 9.092476e+02 1.057506e+03 1.128742e+03
8.7 1.022488e+03 1.043807e+03 1.057496e+03 1.036177e+03
9.7 1.110531e+03 1.136200e+03 1.057425e+03 1.031756e+03
10.7 1.166372e+03 1.168497e+03 1.057346e+03 1.055221e+03
11.7 1.157982e+03 1.153061e+03 1.057284e+03 1.062205e+03
12.7 1.224618e+03 1.152164e+03 1.057242e+03 1.129695e+03
13.7 1.053114e+03 1.179550e+03 1.057214e+03 9.307776e+02
14.7 1.342500e+03 1.177589e+03 1.057196e+03 1.222107e+03
15.7 1.130723e+03 1.125121e+03 1.057182e+03 1.062784e+03
16.7 1.189915e+03 1.003693e+03 1.057170e+03 1.243391e+03
17.7 9.395413e+02 1.015934e+03 1.057159e+03 9.807657e+02
0.9 1.103342e+03 1.098232e+03 1.057098e+03 1.062208e+03
1.9 1.228278e+03 1.161998e+03 1.055238e+03 1.121518e+03
2.9 1.307535e+03 1.211957e+03 1.054444e+03 1.150022e+03
3.9 1.113544e+03 1.162769e+03 1.055425e+03 1.006200e+03
4.9 1.081394e+03 1.131531e+03 1.056516e+03 1.006379e+03
5.9 1.212286e+03 1.125182e+03 1.057161e+03 1.144266e+03
6.9 1.002192e+03 1.031070e+03 1.057461e+03 1.028583e+03
7.9 9.840801e+02 1.023774e+03 1.057551e+03 1.017858e+03
8.9 1.260718e+03 1.068033e+03 1.057526e+03 1.250210e+03
9.9 1.146263e+03 1.076593e+03 1.057456e+03 1.127127e+03
10.9 1.013213e+03 1.078660e+03 1.057387e+03 9.919403e+02
11.9 9.581686e+02 1.077687e+03 1.057338e+03 9.378197e+02
12.9 1.037519e+03 1.081440e+03 1.057309e+03 1.013388e+03
13.9 1.098234e+03 1.050513e+03 1.057294e+03 1.105014e+03
14.9 1.031691e+03 1.069477e+03 1.057287e+03 1.019501e+03
15.9 1.045202e+03 1.053600e+03 1.057283e+03 1.048885e+03
16.9 1.118189e+03 1.044133e+03 1.057282e+03 1.131338e+03
17.9 9.663339e+02 1.044406e+03 1.057282e+03 9.792097e+02
0.1 9.530964e+02 1.044523e+03 1.057299e+03 9.658722e+02
1.1 1.248734e+03 1.131839e+03 1.056870e+03 1.173764e+03
2.1 1.285576e+03 1.104638e+03 1.054890e+03 1.235828e+03
3.1 9.967952e+02 1.008060e+03 1.054559e+03 1.043294e+03
4.1 1.040342e+03 1.028746e+03 1.055667e+03 1.067263e+03
5.1 9.566740e+02 1.064864e+03 1.056674e+03 9.484832e+02
6.1 1.083340e+03 1.051450e+03 1.057233e+03 1.089123e+03
7.1 1.052168e+03 1.069174e+03 1.057478e+03 1.040472e+03
8.1 1.010635e+03 1.037577e+03 1.057535e+03 1.030592e+03
9.1 1.010821e+03 1.060450e+03 1.057491e+03 1.007862e+03
10.1 9.845215e+02 1.057147e+03 1.057415e+03 9.847894e+02
11.1 9.730989e+02 1.080569e+03 1.057345e+03 9.498751e+02
12.1 1.082083e+03 1.065958e+03 1.057296e+03 1.073421e+03
13.1 9.794397e+02 1.058803e+03 1.057267e+03 9.779035e+02
14.1 1.048962e+03 1.056771e+03 1.057250e+03 1.049441e+03
15.1 1.054431e+03 1.049650e+03 1.057241e+03 1.062022e+03
16.1 1.033078e+03 1.035751e+03 1.057235e+03 1.054562e+03
17.1 1.077551e+03 1.024233e+03 1.057231e+03 1.110550e+03
0.7 1.085235e+03 1.078475e+03 1.057229e+03 1.063989e+03
1.7 8.423702e+02 1.059448e+03 1.055815e+03 8.387366e+02
2.7 9.867104e+02 1.022727e+03 1.054564e+03 1.018547e+03
3.7 1.008193e+03 1.011981e+03 1.055239e+03 1.051452e+03
4.7 9.158767e+02 1.053906e+03 1.056324e+03 9.182945e+02
5.7 1.015738e+03 1.028716e+03 1.057023e+03 1.044045e+03
6.7 9.036133e+02 1.004927e+03 1.057362e+03 9.560485e+02
7.7 1.073141e+03 1.015725e+03 1.057478e+03 1.114894e+03
8.7 9.564866e+02 1.033197e+03 1.057467e+03 9.807562e+02
9.7 8.715945e+02 1.031936e+03 1.057400e+03 8.970588e+02
10.7 8.538661e+02 1.009789e+03 1.057326e+03 9.014035e+02
11.7 1.123443e+03 1.100613e+03 1.057268e+03 1.080098e+03
12.7 1.163861e+03 1.206721e+03 1.057229e+03 1.014369e+03
13.7 1.433859e+03 1.181764e+03 1.057204e+03 1.309299e+03
14.7 1.107005e+03 1.148493e+03 1.057187e+03 1.015698e+03
15.7 8.896912e+02 1.103545e+03 1.057174e+03 8.433196e+02
16.7 8.894413e+02 1.033888e+03 1.057162e+03 9.127160e+02
17.7 1.004694e+03 1.011010e+03 1.057152e+03 1.050836e+03
0.7 1.091010e+03 1.133084e+03 1.057221e+03 1.015147e+03
1.7 1.041913e+03 1.083663e+03 1.055724e+03 1.013975e+03
2.7 9.155838e+02 1.050094e+03 1.054576e+03 9.200656e+02
3.7 1.089152e+03 1.074982e+03 1.055312e+03 1.069482e+03
4.7 1.133341e+03 1.080049e+03 1.056387e+03 1.109679e+03
5.7 1.085479e+03 1.063299e+03 1.057065e+03 1.079244e+03
6.7 1.066614e+03 1.060622e+03 1.057389e+03 1.063380e+03
7.7 1.111785e+03 1.073256e+03 1.057494e+03 1.096023e+03
8.7 1.034113e+03 1.037784e+03 1.057475e+03 1.053804e+03
9.7 9.890380e+02 1.055802e+03 1.057402e+03 9.906379e+02
10.7 1.077387e+03 1.060346e+03 1.057322e+03 1.074362e+03
11.7 1.149823e+03 1.063082e+03 1.057256e+03 1.143997e+03
12.7 1.228286e+03 1.046523e+03 1.057208e+03 1.238971e+03
13.7 9.746371e+02 1.041241e+03 1.057171e+03 9.905670e+02
14.7 9.362570e+02 1.042866e+03 1.057141e+03 9.505323e+02
15.7 1.072700e+03 1.035222e+03 1.057113e+03 1.094592e+03
16.7 1.052100e+03 1.041334e+03 1.057086e+03 1.067852e+03
17.7 1.066194e+03 1.058869e+03 1.057057e+03 1.064382e+03
