0.2 1.082996e+04 1.077290e+04 1.074848e+04 1.080555e+04
1.2 1.064904e+04 1.068824e+04 1.073606e+04 1.069686e+04
2.2 1.078960e+04 1.072786e+04 1.072805e+04 1.078979e+04
3.2 1.078301e+04 1.071802e+04 1.072984e+04 1.079483e+04
4.2 1.074677e+04 1.074367e+04 1.073622e+04 1.073932e+04
5.2 1.065825e+04 1.073533e+04 1.074151e+04 1.066443e+04
6.2 1.071147e+04 1.073750e+04 1.075316e+04 1.072714e+04
7.2 1.077646e+04 1.075386e+04 1.076497e+04 1.078757e+04
8.2 1.068243e+04 1.070367e+04 1.077056e+04 1.074931e+04
9.2 1.067756e+04 1.073884e+04 1.077782e+04 1.071654e+04
10.2 1.071078e+04 1.070914e+04 1.077413e+04 1.077576e+04
11.2 1.073332e+04 1.071264e+04 1.076311e+04 1.078379e+04
12.2 1.052614e+04 1.068524e+04 1.075454e+04 1.059544e+04
13.2 1.076380e+04 1.075387e+04 1.075011e+04 1.076004e+04
14.2 1.082316e+04 1.077906e+04 1.074844e+04 1.079254e+04
15.2 1.078901e+04 1.079353e+04 1.074829e+04 1.074377e+04
16.2 1.081036e+04 1.077682e+04 1.074882e+04 1.078236e+04
17.2 1.077415e+04 1.069829e+04 1.074949e+04 1.082536e+04
0.8 1.078960e+04 1.072786e+04 1.072805e+04 1.078979e+04
1.8 1.078301e+04 1.071802e+04 1.072984e+04 1.079483e+04
2.8 1.074677e+04 1.074367e+04 1.073622e+04 1.073932e+04
3.8 1.065825e+04 1.073533e+04 1.074151e+04 1.066443e+04
4.8 1.071147e+04 1.073750e+04 1.075316e+04 1.072714e+04
5.8 1.077646e+04 1.075386e+04 1.076497e+04 1.078757e+04
6.8 1.068243e+04 1.070367e+04 1.077056e+04 1.074931e+04
7.8 1.067756e+04 1.073884e+04 1.077782e+04 1.071654e+04
8.8 1.071078e+04 1.070914e+04 1.077413e+04 1.077576e+04
9.8 1.073332e+04 1.071264e+04 1.076311e+04 1.078379e+04
10.8 1.052614e+04 1.068524e+04 1.075454e+04 1.059544e+04
11.8 1.076380e+04 1.075387e+04 1.075011e+04 1.076004e+04
12.8 1.082316e+04 1.077906e+04 1.074844e+04 1.079254e+04
13.8 1.078901e+04 1.079353e+04 1.074829e+04 1.074377e+04
14.8 1.081036e+04 1.077682e+04 1.074882e+04 1.078236e+04
15.8 1.077415e+04 1.069829e+04 1.074949e+04 1.082536e+04
16.8 1.081562e+04 1.073032e+04 1.075004e+04 1.083535e+04
17.8 1.062067e+04 1.071897e+04 1.075040e+04 1.065210e+04
0.7 1.078301e+04 1.071802e+04 1.072984e+04 1.079483e+04
1.7 1.074677e+04 1.074367e+04 1.073622e+04 1.073932e+04
2.7 1.065825e+04 1.073533e+04 1.074151e+04 1.066443e+04
3.7 1.071147e+04 1.073750e+04 1.075316e+04 1.072714e+04
4.7 1.077646e+04 1.075386e+04 1.076497e+04 1.078757e+04
5.7 1.068243e+04 1.070367e+04 1.077056e+04 1.074931e+04
6.7 1.067756e+04 1.073884e+04 1.077782e+04 1.071654e+04
7.7 1.071078e+04 1.070914e+04 1.077413e+04 1.077576e+04
8.7 1.073332e+04 1.071264e+04 1.076311e+04 1.078379e+04
9.7 1.052614e+04 1.068524e+04 1.075454e+04 1.059544e+04
10.7 1.076380e+04 1.075387e+04 1.075011e+04 1.076004e+04
11.7 1.082316e+04 1.077906e+04 1.074844e+04 1.079254e+04
12.7 1.078901e+04 1.079353e+04 1.074829e+04 1.074377e+04
13.7 1.081036e+04 1.077682e+04 1.074882e+04 1.078236e+04
14.7 1.077415e+04 1.069829e+04 1.074949e+04 1.082536e+04
15.7 1.081562e+04 1.073032e+04 1.075004e+04 1.083535e+04
16.7 1.062067e+04 1.071897e+04 1.075040e+04 1.065210e+04
17.7 1.072666e+04 1.074700e+04 1.075061e+04 1.073027e+04
0.6 1.074677e+04 1.074367e+04 1.073622e+04 1.073932e+04
1.6 1.065825e+04 1.073533e+04 1.074151e+04 1.066443e+04
2.6 1.071147e+04 1.073750e+04 1.075316e+04 1.072714e+04
3.6 1.077646e+04 1.075386e+04 1.076497e+04 1.078757e+04
4.6 1.068243e+04 1.070367e+04 1.077056e+04 1.074931e+04
5.6 1.067756e+04 1.073884e+04 1.077782e+04 1.071654e+04
6.6 1.071078e+04 1.070914e+04 1.077413e+04 1.077576e+04
7.6 1.073332e+04 1.071264e+04 1.076311e+04 1.078379e+04
8.6 1.052614e+04 1.068524e+04 1.075454e+04 1.059544e+04
9.6 1.076380e+04 1.075387e+04 1.075011e+04 1.076004e+04
10.6 1.082316e+04 1.077906e+04 1.074844e+04 1.079254e+04
11.6 1.078901e+04 1.079353e+04 1.074829e+04 1.074377e+04
12.6 1.081036e+04 1.077682e+04 1.074882e+04 1.078236e+04
13.6 1.077415e+04 1.069829e+04 1.074949e+04 1.082536e+04
14.6 1.081562e+04 1.073032e+04 1.075004e+04 1.083535e+04
15.6 1.062067e+04 1.071897e+04 1.075040e+04 1.065210e+04
16.6 1.072666e+04 1.074700e+04 1.075061e+04 1.073027e+04
17.6 1.081321e+04 1.076077e+04 1.075073e+04 1.080317e+04
0.8 1.065825e+04 1.073533e+04 1.074151e+04 1.066443e+04
1.8 1.071147e+04 1.073750e+04 1.075316e+04 1.072714e+04
2.8 1.077646e+04 1.075386e+04 1.076497e+04 1.078757e+04
3.8 1.068243e+04 1.070367e+04 1.077056e+04 1.074931e+04
4.8 1.067756e+04 1.073884e+04 1.077782e+04 1.071654e+04
5.8 1.071078e+04 1.070914e+04 1.077413e+04 1.077576e+04
6.8 1.073332e+04 1.071264e+04 1.076311e+04 1.078379e+04
7.8 1.052614e+04 1.068524e+04 1.075454e+04 1.059544e+04
8.8 1.076380e+04 1.075387e+04 1.075011e+04 1.076004e+04
9.8 1.082316e+04 1.077906e+04 1.074844e+04 1.079254e+04
10.8 1.078901e+04 1.079353e+04 1.074829e+04 1.074377e+04
11.8 1.081036e+04 1.077682e+04 1.074882e+04 1.078236e+04
12.8 1.077415e+04 1.069829e+04 1.074949e+04 1.082536e+04
13.8 1.081562e+04 1.073032e+04 1.075004e+04 1.083535e+04
14.8 1.062067e+04 1.071897e+04 1.075040e+04 1.065210e+04
15.8 1.072666e+04 1.074700e+04 1.075061e+04 1.073027e+04
16.8 1.081321e+04 1.076077e+04 1.075073e+04 1.080317e+04
17.8 1.080785e+04 1.077062e+04 1.075081e+04 1.078804e+04
0.1 1.071147e+04 1.073750e+04 1.075316e+04 1.072714e+04
1.1 1.077646e+04 1.075386e+04 1.076497e+04 1.078757e+04
2.1 1.068243e+04 1.070367e+04 1.077056e+04 1.074931e+04
3.1 1.067756e+04 1.073884e+04 1.077782e+04 1.071654e+04
4.1 1.071078e+04 1.070914e+04 1.077413e+04 1.077576e+04
5.1 1.073332e+04 1.071264e+04 1.076311e+04 1.078379e+04
6.1 1.052614e+04 1.068524e+04 1.075454e+04 1.059544e+04
7.1 1.076380e+04 1.075387e+04 1.075011e+04 1.076004e+04
8.1 1.082316e+04 1.077906e+04 1.074844e+04 1.079254e+04
9.1 1.078901e+04 1.079353e+04 1.074829e+04 1.074377e+04
10.1 1.081036e+04 1.077682e+04 1.074882e+04 1.078236e+04
11.1 1.077415e+04 1.069829e+04 1.074949e+04 1.082536e+04
12.1 1.081562e+04 1.073032e+04 1.075004e+04 1.083535e+04
13.1 1.062067e+04 1.071897e+04 1.075040e+04 1.065210e+04
14.1 1.072666e+04 1.074700e+04 1.075061e+04 1.073027e+04
15.1 1.081321e+04 1.076077e+04 1.075073e+04 1.080317e+04
16.1 1.080785e+04 1.077062e+04 1.075081e+04 1.078804e+04
17.1 1.082605e+04 1.078772e+04 1.075087e+04 1.078920e+04
0.3 1.076219e+04 1.072902e+04 1.074694e+04 1.078012e+04
1.3 1.083186e+04 1.072880e+04 1.073558e+04 1.083864e+04
2.3 1.068104e+04 1.067937e+04 1.073606e+04 1.073773e+04
3.3 1.073366e+04 1.068155e+04 1.074327e+04 1.079537e+04
4.3 1.069159e+04 1.065478e+04 1.075412e+04 1.079092e+04
5.3 1.073416e+04 1.076115e+04 1.076822e+04 1.074123e+04
6.3 1.073028e+04 1.076081e+04 1.076826e+04 1.073773e+04
7.3 1.077769e+04 1.075193e+04 1.076133e+04 1.078709e+04
8.3 1.085179e+04 1.073368e+04 1.075560e+04 1.087371e+04
9.3 1.077828e+04 1.076102e+04 1.075232e+04 1.076958e+04
10.3 1.083983e+04 1.074424e+04 1.075081e+04 1.084639e+04
11.3 1.071651e+04 1.072563e+04 1.075042e+04 1.074130e+04
12.3 1.077972e+04 1.075863e+04 1.075063e+04 1.077172e+04
13.3 1.073127e+04 1.075452e+04 1.075104e+04 1.072778e+04
14.3 1.064335e+04 1.080050e+04 1.075140e+04 1.059424e+04
15.3 1.082489e+04 1.083057e+04 1.075166e+04 1.074598e+04
16.3 1.060805e+04 1.075143e+04 1.075181e+04 1.060843e+04
17.3 1.085899e+04 1.079510e+04 1.075191e+04 1.081579e+04
0.3 1.068104e+04 1.067937e+04 1.073606e+04 1.073773e+04
1.3 1.073366e+04 1.068155e+04 1.074327e+04 1.079537e+04
2.3 1.069159e+04 1.065478e+04 1.075412e+04 1.079092e+04
3.3 1.073416e+04 1.076115e+04 1.076822e+04 1.074123e+04
4.3 1.073028e+04 1.076081e+04 1.076826e+04 1.073773e+04
5.3 1.077769e+04 1.075193e+04 1.076133e+04 1.078709e+04
6.3 1.085179e+04 1.073368e+04 1.075560e+04 1.087371e+04
7.3 1.077828e+04 1.076102e+04 1.075232e+04 1.076958e+04
8.3 1.083983e+04 1.074424e+04 1.075081e+04 1.084639e+04
9.3 1.071651e+04 1.072563e+04 1.075042e+04 1.074130e+04
10.3 1.077972e+04 1.075863e+04 1.075063e+04 1.077172e+04
11.3 1.073127e+04 1.075452e+04 1.075104e+04 1.072778e+04
12.3 1.064335e+04 1.080050e+04 1.075140e+04 1.059424e+04
13.3 1.082489e+04 1.083057e+04 1.075166e+04 1.074598e+04
14.3 1.060805e+04 1.075143e+04 1.075181e+04 1.060843e+04
15.3 1.085899e+04 1.079510e+04 1.075191e+04 1.081579e+04
16.3 1.071081e+04 1.073219e+04 1.075197e+04 1.073059e+04
17.3 1.073097e+04 1.073570e+04 1.075201e+04 1.074728e+04
0.3 1.062398e+04 1.070567e+04 1.074713e+04 1.066545e+04
1.3 1.069507e+04 1.072342e+04 1.073573e+04 1.070738e+04
2.3 1.078074e+04 1.071633e+04 1.073563e+04 1.080004e+04
3.3 1.069000e+04 1.073227e+04 1.073656e+04 1.069429e+04
4.3 1.064089e+04 1.073477e+04 1.073593e+04 1.064205e+04
5.3 1.076319e+04 1.078223e+04 1.074817e+04 1.072913e+04
6.3 1.071355e+04 1.076588e+04 1.075039e+04 1.069806e+04
7.3 1.077969e+04 1.075891e+04 1.075271e+04 1.077350e+04
8.3 1.068878e+04 1.073817e+04 1.075962e+04 1.071023e+04
9.3 1.077950e+04 1.073789e+04 1.076457e+04 1.080618e+04
10.3 1.075716e+04 1.073338e+04 1.077296e+04 1.079675e+04
11.3 1.081168e+04 1.074487e+04 1.077148e+04 1.083828e+04
12.3 1.079079e+04 1.073367e+04 1.076221e+04 1.081933e+04
13.3 1.080311e+04 1.076342e+04 1.075458e+04 1.079426e+04
14.3 1.078519e+04 1.074452e+04 1.075051e+04 1.079118e+04
15.3 1.072941e+04 1.074194e+04 1.074888e+04 1.073635e+04
16.3 1.064055e+04 1.074659e+04 1.074863e+04 1.064260e+04
17.3 1.077573e+04 1.077768e+04 1.074904e+04 1.074709e+04
0.4 1.078074e+04 1.071633e+04 1.073563e+04 1.080004e+04
1.4 1.069000e+04 1.073227e+04 1.073656e+04 1.069429e+04
2.4 1.064089e+04 1.073477e+04 1.073593e+04 1.064205e+04
3.4 1.076319e+04 1.078223e+04 1.074817e+04 1.072913e+04
4.4 1.071355e+04 1.076588e+04 1.075039e+04 1.069806e+04
5.4 1.077969e+04 1.075891e+04 1.075271e+04 1.077350e+04
6.4 1.068878e+04 1.073817e+04 1.075962e+04 1.071023e+04
7.4 1.077950e+04 1.073789e+04 1.076457e+04 1.080618e+04
8.4 1.075716e+04 1.073338e+04 1.077296e+04 1.079675e+04
9.4 1.081168e+04 1.074487e+04 1.077148e+04 1.083828e+04
10.4 1.079079e+04 1.073367e+04 1.076221e+04 1.081933e+04
11.4 1.080311e+04 1.076342e+04 1.075458e+04 1.079426e+04
12.4 1.078519e+04 1.074452e+04 1.075051e+04 1.079118e+04
13.4 1.072941e+04 1.074194e+04 1.074888e+04 1.073635e+04
14.4 1.064055e+04 1.074659e+04 1.074863e+04 1.064260e+04
15.4 1.077573e+04 1.077768e+04 1.074904e+04 1.074709e+04
16.4 1.084693e+04 1.081166e+04 1.074961e+04 1.078488e+04
17.4 1.088265e+04 1.081391e+04 1.075010e+04 1.081884e+04
0.4 1.069000e+04 1.073227e+04 1.073656e+04 1.069429e+04
1.4 1.064089e+04 1.073477e+04 1.073593e+04 1.064205e+04
2.4 1.076319e+04 1.078223e+04 1.074817e+04 1.072913e+04
3.4 1.071355e+04 1.076588e+04 1.075039e+04 1.069806e+04
4.4 1.077969e+04 1.075891e+04 1.075271e+04 1.077350e+04
5.4 1.068878e+04 1.073817e+04 1.075962e+04 1.071023e+04
6.4 1.077950e+04 1.073789e+04 1.076457e+04 1.080618e+04
7.4 1.075716e+04 1.073338e+04 1.077296e+04 1.079675e+04
8.4 1.081168e+04 1.074487e+04 1.077148e+04 1.083828e+04
9.4 1.079079e+04 1.073367e+04 1.076221e+04 1.081933e+04
10.4 1.080311e+04 1.076342e+04 1.075458e+04 1.079426e+04
11.4 1.078519e+04 1.074452e+04 1.075051e+04 1.079118e+04
12.4 1.072941e+04 1.074194e+04 1.074888e+04 1.073635e+04
13.4 1.064055e+04 1.074659e+04 1.074863e+04 1.064260e+04
14.4 1.077573e+04 1.077768e+04 1.074904e+04 1.074709e+04
15.4 1.084693e+04 1.081166e+04 1.074961e+04 1.078488e+04
16.4 1.088265e+04 1.081391e+04 1.075010e+04 1.081884e+04
17.4 1.084104e+04 1.076429e+04 1.075042e+04 1.082717e+04
0.7 1.076319e+04 1.078223e+04 1.074817e+04 1.072913e+04
1.7 1.071355e+04 1.076588e+04 1.075039e+04 1.069806e+04
2.7 1.077969e+04 1.075891e+04 1.075271e+04 1.077350e+04
3.7 1.068878e+04 1.073817e+04 1.075962e+04 1.071023e+04
4.7 1.077950e+04 1.073789e+04 1.076457e+04 1.080618e+04
5.7 1.075716e+04 1.073338e+04 1.077296e+04 1.079675e+04
6.7 1.081168e+04 1.074487e+04 1.077148e+04 1.083828e+04
7.7 1.079079e+04 1.073367e+04 1.076221e+04 1.081933e+04
8.7 1.080311e+04 1.076342e+04 1.075458e+04 1.079426e+04
9.7 1.078519e+04 1.074452e+04 1.075051e+04 1.079118e+04
10.7 1.072941e+04 1.074194e+04 1.074888e+04 1.073635e+04
11.7 1.064055e+04 1.074659e+04 1.074863e+04 1.064260e+04
12.7 1.077573e+04 1.077768e+04 1.074904e+04 1.074709e+04
13.7 1.084693e+04 1.081166e+04 1.074961e+04 1.078488e+04
14.7 1.088265e+04 1.081391e+04 1.075010e+04 1.081884e+04
15.7 1.084104e+04 1.076429e+04 1.075042e+04 1.082717e+04
16.7 1.075318e+04 1.074875e+04 1.075061e+04 1.075504e+04
17.7 1.075556e+04 1.074378e+04 1.075072e+04 1.076251e+04
0.8 1.071355e+04 1.076588e+04 1.075039e+04 1.069806e+04
1.8 1.077969e+04 1.075891e+04 1.075271e+04 1.077350e+04
2.8 1.068878e+04 1.073817e+04 1.075962e+04 1.071023e+04
3.8 1.077950e+04 1.073789e+04 1.076457e+04 1.080618e+04
4.8 1.075716e+04 1.073338e+04 1.077296e+04 1.079675e+04
5.8 1.081168e+04 1.074487e+04 1.077148e+04 1.083828e+04
6.8 1.079079e+04 1.073367e+04 1.076221e+04 1.081933e+04
7.8 1.080311e+04 1.076342e+04 1.075458e+04 1.079426e+04
8.8 1.078519e+04 1.074452e+04 1.075051e+04 1.079118e+04
9.8 1.072941e+04 1.074194e+04 1.074888e+04 1.073635e+04
10.8 1.064055e+04 1.074659e+04 1.074863e+04 1.064260e+04
11.8 1.077573e+04 1.077768e+04 1.074904e+04 1.074709e+04
12.8 1.084693e+04 1.081166e+04 1.074961e+04 1.078488e+04
13.8 1.088265e+04 1.081391e+04 1.075010e+04 1.081884e+04
14.8 1.084104e+04 1.076429e+04 1.075042e+04 1.082717e+04
15.8 1.075318e+04 1.074875e+04 1.075061e+04 1.075504e+04
16.8 1.075556e+04 1.074378e+04 1.075072e+04 1.076251e+04
17.8 1.074088e+04 1.076431e+04 1.075079e+04 1.072736e+04
0.0 1.077969e+04 1.075891e+04 1.075271e+04 1.077350e+04
1.0 1.068878e+04 1.073817e+04 1.075962e+04 1.071023e+04
2.0 1.077950e+04 1.073789e+04 1.076457e+04 1.080618e+04
3.0 1.075716e+04 1.073338e+04 1.077296e+04 1.079675e+04
4.0 1.081168e+04 1.074487e+04 1.077148e+04 1.083828e+04
5.0 1.079079e+04 1.073367e+04 1.076221e+04 1.081933e+04
6.0 1.080311e+04 1.076342e+04 1.075458e+04 1.079426e+04
7.0 1.078519e+04 1.074452e+04 1.075051e+04 1.079118e+04
8.0 1.072941e+04 1.074194e+04 1.074888e+04 1.073635e+04
9.0 1.064055e+04 1.074659e+04 1.074863e+04 1.064260e+04
10.0 1.077573e+04 1.077768e+04 1.074904e+04 1.074709e+04
11.0 1.084693e+04 1.081166e+04 1.074961e+04 1.078488e+04
12.0 1.088265e+04 1.081391e+04 1.075010e+04 1.081884e+04
13.0 1.084104e+04 1.076429e+04 1.075042e+04 1.082717e+04
14.0 1.075318e+04 1.074875e+04 1.075061e+04 1.075504e+04
15.0 1.075556e+04 1.074378e+04 1.075072e+04 1.076251e+04
16.0 1.074088e+04 1.076431e+04 1.075079e+04 1.072736e+04
17.0 1.076854e+04 1.073483e+04 1.075084e+04 1.078456e+04
0.2 1.076671e+04 1.074363e+04 1.074926e+04 1.077233e+04
1.2 1.079515e+04 1.074703e+04 1.073522e+04 1.078334e+04
2.2 1.062993e+04 1.073876e+04 1.072554e+04 1.061671e+04
3.2 1.081484e+04 1.077340e+04 1.073635e+04 1.077779e+04
4.2 1.075771e+04 1.076637e+04 1.075083e+04 1.074216e+04
5.2 1.085117e+04 1.077491e+04 1.075490e+04 1.083116e+04
6.2 1.080466e+04 1.075104e+04 1.074711e+04 1.080073e+04
7.2 1.077334e+04 1.074350e+04 1.074533e+04 1.077517e+04
8.2 1.066430e+04 1.074542e+04 1.075227e+04 1.067114e+04
9.2 1.073191e+04 1.071579e+04 1.075608e+04 1.077220e+04
10.2 1.075218e+04 1.071134e+04 1.076926e+04 1.081010e+04
11.2 1.080900e+04 1.073463e+04 1.077964e+04 1.085401e+04
12.2 1.076270e+04 1.072574e+04 1.076335e+04 1.080032e+04
13.2 1.070470e+04 1.073271e+04 1.073477e+04 1.070676e+04
14.2 1.073810e+04 1.072184e+04 1.073062e+04 1.074688e+04
15.2 1.075139e+04 1.073676e+04 1.074276e+04 1.075739e+04
16.2 1.072040e+04 1.073994e+04 1.074562e+04 1.072608e+04
17.2 1.078821e+04 1.072952e+04 1.075650e+04 1.081520e+04
1.0 1.062993e+04 1.073876e+04 1.072554e+04 1.061671e+04
2.0 1.081484e+04 1.077340e+04 1.073635e+04 1.077779e+04
3.0 1.075771e+04 1.076637e+04 1.075083e+04 1.074216e+04
4.0 1.085117e+04 1.077491e+04 1.075490e+04 1.083116e+04
5.0 1.080466e+04 1.075104e+04 1.074711e+04 1.080073e+04
6.0 1.077334e+04 1.074350e+04 1.074533e+04 1.077517e+04
7.0 1.066430e+04 1.074542e+04 1.075227e+04 1.067114e+04
8.0 1.073191e+04 1.071579e+04 1.075608e+04 1.077220e+04
9.0 1.075218e+04 1.071134e+04 1.076926e+04 1.081010e+04
10.0 1.080900e+04 1.073463e+04 1.077964e+04 1.085401e+04
11.0 1.076270e+04 1.072574e+04 1.076335e+04 1.080032e+04
12.0 1.070470e+04 1.073271e+04 1.073477e+04 1.070676e+04
13.0 1.073810e+04 1.072184e+04 1.073062e+04 1.074688e+04
14.0 1.075139e+04 1.073676e+04 1.074276e+04 1.075739e+04
15.0 1.072040e+04 1.073994e+04 1.074562e+04 1.072608e+04
16.0 1.078821e+04 1.072952e+04 1.075650e+04 1.081520e+04
17.0 1.063794e+04 1.076119e+04 1.077464e+04 1.065139e+04
18.0 1.087984e+04 1.076022e+04 1.077668e+04 1.089631e+04
0.4 1.081484e+04 1.077340e+04 1.073635e+04 1.077779e+04
1.4 1.075771e+04 1.076637e+04 1.075083e+04 1.074216e+04
2.4 1.085117e+04 1.077491e+04 1.075490e+04 1.083116e+04
3.4 1.080466e+04 1.075104e+04 1.074711e+04 1.080073e+04
4.4 1.077334e+04 1.074350e+04 1.074533e+04 1.077517e+04
5.4 1.066430e+04 1.074542e+04 1.075227e+04 1.067114e+04
6.4 1.073191e+04 1.071579e+04 1.075608e+04 1.077220e+04
7.4 1.075218e+04 1.071134e+04 1.076926e+04 1.081010e+04
8.4 1.080900e+04 1.073463e+04 1.077964e+04 1.085401e+04
9.4 1.076270e+04 1.072574e+04 1.076335e+04 1.080032e+04
10.4 1.070470e+04 1.073271e+04 1.073477e+04 1.070676e+04
11.4 1.073810e+04 1.072184e+04 1.073062e+04 1.074688e+04
12.4 1.075139e+04 1.073676e+04 1.074276e+04 1.075739e+04
13.4 1.072040e+04 1.073994e+04 1.074562e+04 1.072608e+04
14.4 1.078821e+04 1.072952e+04 1.075650e+04 1.081520e+04
15.4 1.063794e+04 1.076119e+04 1.077464e+04 1.065139e+04
16.4 1.087984e+04 1.076022e+04 1.077668e+04 1.089631e+04
17.4 1.076969e+04 1.075911e+04 1.076663e+04 1.077721e+04
0.7 1.085117e+04 1.077491e+04 1.075490e+04 1.083116e+04
1.7 1.080466e+04 1.075104e+04 1.074711e+04 1.080073e+04
2.7 1.077334e+04 1.074350e+04 1.074533e+04 1.077517e+04
3.7 1.066430e+04 1.074542e+04 1.075227e+04 1.067114e+04
4.7 1.073191e+04 1.071579e+04 1.075608e+04 1.077220e+04
5.7 1.075218e+04 1.071134e+04 1.076926e+04 1.081010e+04
6.7 1.080900e+04 1.073463e+04 1.077964e+04 1.085401e+04
7.7 1.076270e+04 1.072574e+04 1.076335e+04 1.080032e+04
8.7 1.070470e+04 1.073271e+04 1.073477e+04 1.070676e+04
9.7 1.073810e+04 1.072184e+04 1.073062e+04 1.074688e+04
10.7 1.075139e+04 1.073676e+04 1.074276e+04 1.075739e+04
11.7 1.072040e+04 1.073994e+04 1.074562e+04 1.072608e+04
12.7 1.078821e+04 1.072952e+04 1.075650e+04 1.081520e+04
13.7 1.063794e+04 1.076119e+04 1.077464e+04 1.065139e+04
14.7 1.087984e+04 1.076022e+04 1.077668e+04 1.089631e+04
15.7 1.076969e+04 1.075911e+04 1.076663e+04 1.077721e+04
16.7 1.070836e+04 1.072047e+04 1.075745e+04 1.074535e+04
17.7 1.069312e+04 1.071145e+04 1.075222e+04 1.073390e+04
1.0 1.080466e+04 1.075104e+04 1.074711e+04 1.080073e+04
2.0 1.077334e+04 1.074350e+04 1.074533e+04 1.077517e+04
3.0 1.066430e+04 1.074542e+04 1.075227e+04 1.067114e+04
4.0 1.073191e+04 1.071579e+04 1.075608e+04 1.077220e+04
5.0 1.075218e+04 1.071134e+04 1.076926e+04 1.081010e+04
6.0 1.080900e+04 1.073463e+04 1.077964e+04 1.085401e+04
7.0 1.076270e+04 1.072574e+04 1.076335e+04 1.080032e+04
8.0 1.070470e+04 1.073271e+04 1.073477e+04 1.070676e+04
9.0 1.073810e+04 1.072184e+04 1.073062e+04 1.074688e+04
10.0 1.075139e+04 1.073676e+04 1.074276e+04 1.075739e+04
11.0 1.072040e+04 1.073994e+04 1.074562e+04 1.072608e+04
12.0 1.078821e+04 1.072952e+04 1.075650e+04 1.081520e+04
13.0 1.063794e+04 1.076119e+04 1.077464e+04 1.065139e+04
14.0 1.087984e+04 1.076022e+04 1.077668e+04 1.089631e+04
15.0 1.076969e+04 1.075911e+04 1.076663e+04 1.077721e+04
16.0 1.070836e+04 1.072047e+04 1.075745e+04 1.074535e+04
17.0 1.069312e+04 1.071145e+04 1.075222e+04 1.073390e+04
18.0 1.063441e+04 1.073964e+04 1.074990e+04 1.064467e+04
0.6 1.077334e+04 1.074350e+04 1.074533e+04 1.077517e+04
1.6 1.066430e+04 1.074542e+04 1.075227e+04 1.067114e+04
2.6 1.073191e+04 1.071579e+04 1.075608e+04 1.077220e+04
3.6 1.075218e+04 1.071134e+04 1.076926e+04 1.081010e+04
4.6 1.080900e+04 1.073463e+04 1.077964e+04 1.085401e+04
5.6 1.076270e+04 1.072574e+04 1.076335e+04 1.080032e+04
6.6 1.070470e+04 1.073271e+04 1.073477e+04 1.070676e+04
7.6 1.073810e+04 1.072184e+04 1.073062e+04 1.074688e+04
8.6 1.075139e+04 1.073676e+04 1.074276e+04 1.075739e+04
9.6 1.072040e+04 1.073994e+04 1.074562e+04 1.072608e+04
10.6 1.078821e+04 1.072952e+04 1.075650e+04 1.081520e+04
11.6 1.063794e+04 1.076119e+04 1.077464e+04 1.065139e+04
12.6 1.087984e+04 1.076022e+04 1.077668e+04 1.089631e+04
13.6 1.076969e+04 1.075911e+04 1.076663e+04 1.077721e+04
14.6 1.070836e+04 1.072047e+04 1.075745e+04 1.074535e+04
15.6 1.069312e+04 1.071145e+04 1.075222e+04 1.073390e+04
16.6 1.063441e+04 1.073964e+04 1.074990e+04 1.064467e+04
17.6 1.074029e+04 1.073575e+04 1.074934e+04 1.075388e+04
0.4 1.066430e+04 1.074542e+04 1.075227e+04 1.067114e+04
1.4 1.073191e+04 1.071579e+04 1.075608e+04 1.077220e+04
2.4 1.075218e+04 1.071134e+04 1.076926e+04 1.081010e+04
3.4 1.080900e+04 1.073463e+04 1.077964e+04 1.085401e+04
4.4 1.076270e+04 1.072574e+04 1.076335e+04 1.080032e+04
5.4 1.070470e+04 1.073271e+04 1.073477e+04 1.070676e+04
6.4 1.073810e+04 1.072184e+04 1.073062e+04 1.074688e+04
7.4 1.075139e+04 1.073676e+04 1.074276e+04 1.075739e+04
8.4 1.072040e+04 1.073994e+04 1.074562e+04 1.072608e+04
9.4 1.078821e+04 1.072952e+04 1.075650e+04 1.081520e+04
10.4 1.063794e+04 1.076119e+04 1.077464e+04 1.065139e+04
11.4 1.087984e+04 1.076022e+04 1.077668e+04 1.089631e+04
12.4 1.076969e+04 1.075911e+04 1.076663e+04 1.077721e+04
13.4 1.070836e+04 1.072047e+04 1.075745e+04 1.074535e+04
14.4 1.069312e+04 1.071145e+04 1.075222e+04 1.073390e+04
15.4 1.063441e+04 1.073964e+04 1.074990e+04 1.064467e+04
16.4 1.074029e+04 1.073575e+04 1.074934e+04 1.075388e+04
17.4 1.083732e+04 1.083120e+04 1.074971e+04 1.075583e+04
0.7 1.076270e+04 1.072574e+04 1.076335e+04 1.080032e+04
1.7 1.070470e+04 1.073271e+04 1.073477e+04 1.070676e+04
2.7 1.073810e+04 1.072184e+04 1.073062e+04 1.074688e+04
3.7 1.075139e+04 1.073676e+04 1.074276e+04 1.075739e+04
4.7 1.072040e+04 1.073994e+04 1.074562e+04 1.072608e+04
5.7 1.078821e+04 1.072952e+04 1.075650e+04 1.081520e+04
6.7 1.063794e+04 1.076119e+04 1.077464e+04 1.065139e+04
7.7 1.087984e+04 1.076022e+04 1.077668e+04 1.089631e+04
8.7 1.076969e+04 1.075911e+04 1.076663e+04 1.077721e+04
9.7 1.070836e+04 1.072047e+04 1.075745e+04 1.074535e+04
10.7 1.069312e+04 1.071145e+04 1.075222e+04 1.073390e+04
11.7 1.063441e+04 1.073964e+04 1.074990e+04 1.064467e+04
12.7 1.074029e+04 1.073575e+04 1.074934e+04 1.075388e+04
13.7 1.083732e+04 1.083120e+04 1.074971e+04 1.075583e+04
14.7 1.077360e+04 1.085236e+04 1.075038e+04 1.067162e+04
15.7 1.074258e+04 1.078570e+04 1.075092e+04 1.070780e+04
16.7 1.088404e+04 1.075964e+04 1.074378e+04 1.086818e+04
17.7 1.074250e+04 1.076758e+04 1.072924e+04 1.070416e+04
0.6 1.070470e+04 1.073271e+04 1.073477e+04 1.070676e+04
1.6 1.073810e+04 1.072184e+04 1.073062e+04 1.074688e+04
2.6 1.075139e+04 1.073676e+04 1.074276e+04 1.075739e+04
3.6 1.072040e+04 1.073994e+04 1.074562e+04 1.072608e+04
4.6 1.078821e+04 1.072952e+04 1.075650e+04 1.081520e+04
5.6 1.063794e+04 1.076119e+04 1.077464e+04 1.065139e+04
6.6 1.087984e+04 1.076022e+04 1.077668e+04 1.089631e+04
7.6 1.076969e+04 1.075911e+04 1.076663e+04 1.077721e+04
8.6 1.070836e+04 1.072047e+04 1.075745e+04 1.074535e+04
9.6 1.069312e+04 1.071145e+04 1.075222e+04 1.073390e+04
10.6 1.063441e+04 1.073964e+04 1.074990e+04 1.064467e+04
11.6 1.074029e+04 1.073575e+04 1.074934e+04 1.075388e+04
12.6 1.083732e+04 1.083120e+04 1.074971e+04 1.075583e+04
13.6 1.077360e+04 1.085236e+04 1.075038e+04 1.067162e+04
14.6 1.074258e+04 1.078570e+04 1.075092e+04 1.070780e+04
15.6 1.088404e+04 1.075964e+04 1.074378e+04 1.086818e+04
16.6 1.074250e+04 1.076758e+04 1.072924e+04 1.070416e+04
17.6 1.070326e+04 1.075937e+04 1.072104e+04 1.066493e+04
0.0 1.073810e+04 1.072184e+04 1.073062e+04 1.074688e+04
1.0 1.075139e+04 1.073676e+04 1.074276e+04 1.075739e+04
2.0 1.072040e+04 1.073994e+04 1.074562e+04 1.072608e+04
3.0 1.078821e+04 1.072952e+04 1.075650e+04 1.081520e+04
4.0 1.063794e+04 1.076119e+04 1.077464e+04 1.065139e+04
5.0 1.087984e+04 1.076022e+04 1.077668e+04 1.089631e+04
6.0 1.076969e+04 1.075911e+04 1.076663e+04 1.077721e+04
7.0 1.070836e+04 1.072047e+04 1.075745e+04 1.074535e+04
8.0 1.069312e+04 1.071145e+04 1.075222e+04 1.073390e+04
9.0 1.063441e+04 1.073964e+04 1.074990e+04 1.064467e+04
10.0 1.074029e+04 1.073575e+04 1.074934e+04 1.075388e+04
11.0 1.083732e+04 1.083120e+04 1.074971e+04 1.075583e+04
12.0 1.077360e+04 1.085236e+04 1.075038e+04 1.067162e+04
13.0 1.074258e+04 1.078570e+04 1.075092e+04 1.070780e+04
14.0 1.088404e+04 1.075964e+04 1.074378e+04 1.086818e+04
15.0 1.074250e+04 1.076758e+04 1.072924e+04 1.070416e+04
16.0 1.070326e+04 1.075937e+04 1.072104e+04 1.066493e+04
17.0 1.075277e+04 1.075930e+04 1.073235e+04 1.072582e+04
1.0 1.072040e+04 1.073994e+04 1.074562e+04 1.072608e+04
2.0 1.078821e+04 1.072952e+04 1.075650e+04 1.081520e+04
3.0 1.063794e+04 1.076119e+04 1.077464e+04 1.065139e+04
4.0 1.087984e+04 1.076022e+04 1.077668e+04 1.089631e+04
5.0 1.076969e+04 1.075911e+04 1.076663e+04 1.077721e+04
6.0 1.070836e+04 1.072047e+04 1.075745e+04 1.074535e+04
7.0 1.069312e+04 1.071145e+04 1.075222e+04 1.073390e+04
8.0 1.063441e+04 1.073964e+04 1.074990e+04 1.064467e+04
9.0 1.074029e+04 1.073575e+04 1.074934e+04 1.075388e+04
10.0 1.083732e+04 1.083120e+04 1.074971e+04 1.075583e+04
11.0 1.077360e+04 1.085236e+04 1.075038e+04 1.067162e+04
12.0 1.074258e+04 1.078570e+04 1.075092e+04 1.070780e+04
13.0 1.088404e+04 1.075964e+04 1.074378e+04 1.086818e+04
14.0 1.074250e+04 1.076758e+04 1.072924e+04 1.070416e+04
15.0 1.070326e+04 1.075937e+04 1.072104e+04 1.066493e+04
16.0 1.075277e+04 1.075930e+04 1.073235e+04 1.072582e+04
17.0 1.079243e+04 1.076708e+04 1.076324e+04 1.078859e+04
18.0 1.072861e+04 1.076691e+04 1.078320e+04 1.074490e+04
0.5 1.088404e+04 1.075964e+04 1.074378e+04 1.086818e+04
1.5 1.074250e+04 1.076758e+04 1.072924e+04 1.070416e+04
2.5 1.070326e+04 1.075937e+04 1.072104e+04 1.066493e+04
3.5 1.075277e+04 1.075930e+04 1.073235e+04 1.072582e+04
4.5 1.079243e+04 1.076708e+04 1.076324e+04 1.078859e+04
5.5 1.072861e+04 1.076691e+04 1.078320e+04 1.074490e+04
6.5 1.072866e+04 1.075779e+04 1.077697e+04 1.074785e+04
7.5 1.071558e+04 1.073132e+04 1.075382e+04 1.073808e+04
8.5 1.073278e+04 1.076861e+04 1.073867e+04 1.070284e+04
9.5 1.074862e+04 1.077375e+04 1.073874e+04 1.071361e+04
10.5 1.091977e+04 1.079616e+04 1.074176e+04 1.086537e+04
11.5 1.069638e+04 1.080033e+04 1.074476e+04 1.064081e+04
12.5 1.087481e+04 1.081886e+04 1.074490e+04 1.080085e+04
13.5 1.082843e+04 1.082112e+04 1.075307e+04 1.076038e+04
14.5 1.072441e+04 1.079970e+04 1.075755e+04 1.068226e+04
15.5 1.078912e+04 1.080219e+04 1.075584e+04 1.074276e+04
16.5 1.064574e+04 1.074118e+04 1.075309e+04 1.065764e+04
17.5 1.070720e+04 1.074321e+04 1.074984e+04 1.071384e+04
0.3 1.074250e+04 1.076758e+04 1.072924e+04 1.070416e+04
1.3 1.070326e+04 1.075937e+04 1.072104e+04 1.066493e+04
2.3 1.075277e+04 1.075930e+04 1.073235e+04 1.072582e+04
3.3 1.079243e+04 1.076708e+04 1.076324e+04 1.078859e+04
4.3 1.072861e+04 1.076691e+04 1.078320e+04 1.074490e+04
5.3 1.072866e+04 1.075779e+04 1.077697e+04 1.074785e+04
6.3 1.071558e+04 1.073132e+04 1.075382e+04 1.073808e+04
7.3 1.073278e+04 1.076861e+04 1.073867e+04 1.070284e+04
8.3 1.074862e+04 1.077375e+04 1.073874e+04 1.071361e+04
9.3 1.091977e+04 1.079616e+04 1.074176e+04 1.086537e+04
10.3 1.069638e+04 1.080033e+04 1.074476e+04 1.064081e+04
11.3 1.087481e+04 1.081886e+04 1.074490e+04 1.080085e+04
12.3 1.082843e+04 1.082112e+04 1.075307e+04 1.076038e+04
13.3 1.072441e+04 1.079970e+04 1.075755e+04 1.068226e+04
14.3 1.078912e+04 1.080219e+04 1.075584e+04 1.074276e+04
15.3 1.064574e+04 1.074118e+04 1.075309e+04 1.065764e+04
16.3 1.070720e+04 1.074321e+04 1.074984e+04 1.071384e+04
17.3 1.072911e+04 1.070886e+04 1.074873e+04 1.076898e+04
0.5 1.070326e+04 1.075937e+04 1.072104e+04 1.066493e+04
1.5 1.075277e+04 1.075930e+04 1.073235e+04 1.072582e+04
2.5 1.079243e+04 1.076708e+04 1.076324e+04 1.078859e+04
3.5 1.072861e+04 1.076691e+04 1.078320e+04 1.074490e+04
4.5 1.072866e+04 1.075779e+04 1.077697e+04 1.074785e+04
5.5 1.071558e+04 1.073132e+04 1.075382e+04 1.073808e+04
6.5 1.073278e+04 1.076861e+04 1.073867e+04 1.070284e+04
7.5 1.074862e+04 1.077375e+04 1.073874e+04 1.071361e+04
8.5 1.091977e+04 1.079616e+04 1.074176e+04 1.086537e+04
9.5 1.069638e+04 1.080033e+04 1.074476e+04 1.064081e+04
10.5 1.087481e+04 1.081886e+04 1.074490e+04 1.080085e+04
11.5 1.082843e+04 1.082112e+04 1.075307e+04 1.076038e+04
12.5 1.072441e+04 1.079970e+04 1.075755e+04 1.068226e+04
13.5 1.078912e+04 1.080219e+04 1.075584e+04 1.074276e+04
14.5 1.064574e+04 1.074118e+04 1.075309e+04 1.065764e+04
15.5 1.070720e+04 1.074321e+04 1.074984e+04 1.071384e+04
16.5 1.072911e+04 1.070886e+04 1.074873e+04 1.076898e+04
17.5 1.082842e+04 1.073159e+04 1.074531e+04 1.084214e+04
0.9 1.071558e+04 1.073132e+04 1.075382e+04 1.073808e+04
1.9 1.073278e+04 1.076861e+04 1.073867e+04 1.070284e+04
2.9 1.074862e+04 1.077375e+04 1.073874e+04 1.071361e+04
3.9 1.091977e+04 1.079616e+04 1.074176e+04 1.086537e+04
4.9 1.069638e+04 1.080033e+04 1.074476e+04 1.064081e+04
5.9 1.087481e+04 1.081886e+04 1.074490e+04 1.080085e+04
6.9 1.082843e+04 1.082112e+04 1.075307e+04 1.076038e+04
7.9 1.072441e+04 1.079970e+04 1.075755e+04 1.068226e+04
8.9 1.078912e+04 1.080219e+04 1.075584e+04 1.074276e+04
9.9 1.064574e+04 1.074118e+04 1.075309e+04 1.065764e+04
10.9 1.070720e+04 1.074321e+04 1.074984e+04 1.071384e+04
11.9 1.072911e+04 1.070886e+04 1.074873e+04 1.076898e+04
12.9 1.082842e+04 1.073159e+04 1.074531e+04 1.084214e+04
13.9 1.081077e+04 1.073250e+04 1.074447e+04 1.082274e+04
14.9 1.065985e+04 1.068161e+04 1.074437e+04 1.072261e+04
15.9 1.074058e+04 1.070337e+04 1.074938e+04 1.078660e+04
16.9 1.059195e+04 1.065354e+04 1.075498e+04 1.069338e+04
17.9 1.075838e+04 1.068896e+04 1.075852e+04 1.082794e+04
0.1 1.073278e+04 1.076861e+04 1.073867e+04 1.070284e+04
1.1 1.074862e+04 1.077375e+04 1.073874e+04 1.071361e+04
2.1 1.091977e+04 1.079616e+04 1.074176e+04 1.086537e+04
3.1 1.069638e+04 1.080033e+04 1.074476e+04 1.064081e+04
4.1 1.087481e+04 1.081886e+04 1.074490e+04 1.080085e+04
5.1 1.082843e+04 1.082112e+04 1.075307e+04 1.076038e+04
6.1 1.072441e+04 1.079970e+04 1.075755e+04 1.068226e+04
7.1 1.078912e+04 1.080219e+04 1.075584e+04 1.074276e+04
8.1 1.064574e+04 1.074118e+04 1.075309e+04 1.065764e+04
9.1 1.070720e+04 1.074321e+04 1.074984e+04 1.071384e+04
10.1 1.072911e+04 1.070886e+04 1.074873e+04 1.076898e+04
11.1 1.082842e+04 1.073159e+04 1.074531e+04 1.084214e+04
12.1 1.081077e+04 1.073250e+04 1.074447e+04 1.082274e+04
13.1 1.065985e+04 1.068161e+04 1.074437e+04 1.072261e+04
14.1 1.074058e+04 1.070337e+04 1.074938e+04 1.078660e+04
15.1 1.059195e+04 1.065354e+04 1.075498e+04 1.069338e+04
16.1 1.075838e+04 1.068896e+04 1.075852e+04 1.082794e+04
17.1 1.065133e+04 1.064762e+04 1.075685e+04 1.076056e+04
0.5 1.091977e+04 1.079616e+04 1.074176e+04 1.086537e+04
1.5 1.069638e+04 1.080033e+04 1.074476e+04 1.064081e+04
2.5 1.087481e+04 1.081886e+04 1.074490e+04 1.080085e+04
3.5 1.082843e+04 1.082112e+04 1.075307e+04 1.076038e+04
4.5 1.072441e+04 1.079970e+04 1.075755e+04 1.068226e+04
5.5 1.078912e+04 1.080219e+04 1.075584e+04 1.074276e+04
6.5 1.064574e+04 1.074118e+04 1.075309e+04 1.065764e+04
7.5 1.070720e+04 1.074321e+04 1.074984e+04 1.071384e+04
8.5 1.072911e+04 1.070886e+04 1.074873e+04 1.076898e+04
9.5 1.082842e+04 1.073159e+04 1.074531e+04 1.084214e+04
10.5 1.081077e+04 1.073250e+04 1.074447e+04 1.082274e+04
11.5 1.065985e+04 1.068161e+04 1.074437e+04 1.072261e+04
12.5 1.074058e+04 1.070337e+04 1.074938e+04 1.078660e+04
13.5 1.059195e+04 1.065354e+04 1.075498e+04 1.069338e+04
14.5 1.075838e+04 1.068896e+04 1.075852e+04 1.082794e+04
15.5 1.065133e+04 1.064762e+04 1.075685e+04 1.076056e+04
16.5 1.067861e+04 1.066920e+04 1.075846e+04 1.076787e+04
17.5 1.069065e+04 1.068530e+04 1.076878e+04 1.077413e+04
1.0 1.087481e+04 1.081886e+04 1.074490e+04 1.080085e+04
2.0 1.082843e+04 1.082112e+04 1.075307e+04 1.076038e+04
3.0 1.072441e+04 1.079970e+04 1.075755e+04 1.068226e+04
4.0 1.078912e+04 1.080219e+04 1.075584e+04 1.074276e+04
5.0 1.064574e+04 1.074118e+04 1.075309e+04 1.065764e+04
6.0 1.070720e+04 1.074321e+04 1.074984e+04 1.071384e+04
7.0 1.072911e+04 1.070886e+04 1.074873e+04 1.076898e+04
8.0 1.082842e+04 1.073159e+04 1.074531e+04 1.084214e+04
9.0 1.081077e+04 1.073250e+04 1.074447e+04 1.082274e+04
10.0 1.065985e+04 1.068161e+04 1.074437e+04 1.072261e+04
11.0 1.074058e+04 1.070337e+04 1.074938e+04 1.078660e+04
12.0 1.059195e+04 1.065354e+04 1.075498e+04 1.069338e+04
13.0 1.075838e+04 1.068896e+04 1.075852e+04 1.082794e+04
14.0 1.065133e+04 1.064762e+04 1.075685e+04 1.076056e+04
15.0 1.067861e+04 1.066920e+04 1.075846e+04 1.076787e+04
16.0 1.069065e+04 1.068530e+04 1.076878e+04 1.077413e+04
17.0 1.062568e+04 1.074365e+04 1.076826e+04 1.065030e+04
18.0 1.069677e+04 1.071901e+04 1.076003e+04 1.073779e+04
0.1 1.082843e+04 1.082112e+04 1.075307e+04 1.076038e+04
1.1 1.072441e+04 1.079970e+04 1.075755e+04 1.068226e+04
2.1 1.078912e+04 1.080219e+04 1.075584e+04 1.074276e+04
3.1 1.064574e+04 1.074118e+04 1.075309e+04 1.065764e+04
4.1 1.070720e+04 1.074321e+04 1.074984e+04 1.071384e+04
5.1 1.072911e+04 1.070886e+04 1.074873e+04 1.076898e+04
6.1 1.082842e+04 1.073159e+04 1.074531e+04 1.084214e+04
7.1 1.081077e+04 1.073250e+04 1.074447e+04 1.082274e+04
8.1 1.065985e+04 1.068161e+04 1.074437e+04 1.072261e+04
9.1 1.074058e+04 1.070337e+04 1.074938e+04 1.078660e+04
10.1 1.059195e+04 1.065354e+04 1.075498e+04 1.069338e+04
11.1 1.075838e+04 1.068896e+04 1.075852e+04 1.082794e+04
12.1 1.065133e+04 1.064762e+04 1.075685e+04 1.076056e+04
13.1 1.067861e+04 1.066920e+04 1.075846e+04 1.076787e+04
14.1 1.069065e+04 1.068530e+04 1.076878e+04 1.077413e+04
15.1 1.062568e+04 1.074365e+04 1.076826e+04 1.065030e+04
16.1 1.069677e+04 1.071901e+04 1.076003e+04 1.073779e+04
17.1 1.066193e+04 1.072943e+04 1.075342e+04 1.068593e+04
0.3 1.078912e+04 1.080219e+04 1.075584e+04 1.074276e+04
1.3 1.064574e+04 1.074118e+04 1.075309e+04 1.065764e+04
2.3 1.070720e+04 1.074321e+04 1.074984e+04 1.071384e+04
3.3 1.072911e+04 1.070886e+04 1.074873e+04 1.076898e+04
4.3 1.082842e+04 1.073159e+04 1.074531e+04 1.084214e+04
5.3 1.081077e+04 1.073250e+04 1.074447e+04 1.082274e+04
6.3 1.065985e+04 1.068161e+04 1.074437e+04 1.072261e+04
7.3 1.074058e+04 1.070337e+04 1.074938e+04 1.078660e+04
8.3 1.059195e+04 1.065354e+04 1.075498e+04 1.069338e+04
9.3 1.075838e+04 1.068896e+04 1.075852e+04 1.082794e+04
10.3 1.065133e+04 1.064762e+04 1.075685e+04 1.076056e+04
11.3 1.067861e+04 1.066920e+04 1.075846e+04 1.076787e+04
12.3 1.069065e+04 1.068530e+04 1.076878e+04 1.077413e+04
13.3 1.062568e+04 1.074365e+04 1.076826e+04 1.065030e+04
14.3 1.069677e+04 1.071901e+04 1.076003e+04 1.073779e+04
15.3 1.066193e+04 1.072943e+04 1.075342e+04 1.068593e+04
16.3 1.070947e+04 1.074556e+04 1.075001e+04 1.071392e+04
17.3 1.084117e+04 1.074967e+04 1.074871e+04 1.084021e+04
0.5 1.070720e+04 1.074321e+04 1.074984e+04 1.071384e+04
1.5 1.072911e+04 1.070886e+04 1.074873e+04 1.076898e+04
2.5 1.082842e+04 1.073159e+04 1.074531e+04 1.084214e+04
3.5 1.081077e+04 1.073250e+04 1.074447e+04 1.082274e+04
4.5 1.065985e+04 1.068161e+04 1.074437e+04 1.072261e+04
5.5 1.074058e+04 1.070337e+04 1.074938e+04 1.078660e+04
6.5 1.059195e+04 1.065354e+04 1.075498e+04 1.069338e+04
7.5 1.075838e+04 1.068896e+04 1.075852e+04 1.082794e+04
8.5 1.065133e+04 1.064762e+04 1.075685e+04 1.076056e+04
9.5 1.067861e+04 1.066920e+04 1.075846e+04 1.076787e+04
10.5 1.069065e+04 1.068530e+04 1.076878e+04 1.077413e+04
11.5 1.062568e+04 1.074365e+04 1.076826e+04 1.065030e+04
12.5 1.069677e+04 1.071901e+04 1.076003e+04 1.073779e+04
13.5 1.066193e+04 1.072943e+04 1.075342e+04 1.068593e+04
14.5 1.070947e+04 1.074556e+04 1.075001e+04 1.071392e+04
15.5 1.084117e+04 1.074967e+04 1.074871e+04 1.084021e+04
16.5 1.081279e+04 1.075963e+04 1.074860e+04 1.080176e+04
17.5 1.072851e+04 1.077469e+04 1.074908e+04 1.070291e+04
0.1 1.072911e+04 1.070886e+04 1.074873e+04 1.076898e+04
1.1 1.082842e+04 1.073159e+04 1.074531e+04 1.084214e+04
2.1 1.081077e+04 1.073250e+04 1.074447e+04 1.082274e+04
3.1 1.065985e+04 1.068161e+04 1.074437e+04 1.072261e+04
4.1 1.074058e+04 1.070337e+04 1.074938e+04 1.078660e+04
5.1 1.059195e+04 1.065354e+04 1.075498e+04 1.069338e+04
6.1 1.075838e+04 1.068896e+04 1.075852e+04 1.082794e+04
7.1 1.065133e+04 1.064762e+04 1.075685e+04 1.076056e+04
8.1 1.067861e+04 1.066920e+04 1.075846e+04 1.076787e+04
9.1 1.069065e+04 1.068530e+04 1.076878e+04 1.077413e+04
10.1 1.062568e+04 1.074365e+04 1.076826e+04 1.065030e+04
11.1 1.069677e+04 1.071901e+04 1.076003e+04 1.073779e+04
12.1 1.066193e+04 1.072943e+04 1.075342e+04 1.068593e+04
13.1 1.070947e+04 1.074556e+04 1.075001e+04 1.071392e+04
14.1 1.084117e+04 1.074967e+04 1.074871e+04 1.084021e+04
15.1 1.081279e+04 1.075963e+04 1.074860e+04 1.080176e+04
16.1 1.072851e+04 1.077469e+04 1.074908e+04 1.070291e+04
17.1 1.083976e+04 1.078726e+04 1.074973e+04 1.080223e+04
0.7 1.081077e+04 1.073250e+04 1.074447e+04 1.082274e+04
1.7 1.065985e+04 1.068161e+04 1.074437e+04 1.072261e+04
2.7 1.074058e+04 1.070337e+04 1.074938e+04 1.078660e+04
3.7 1.059195e+04 1.065354e+04 1.075498e+04 1.069338e+04
4.7 1.075838e+04 1.068896e+04 1.075852e+04 1.082794e+04
5.7 1.065133e+04 1.064762e+04 1.075685e+04 1.076056e+04
6.7 1.067861e+04 1.066920e+04 1.075846e+04 1.076787e+04
7.7 1.069065e+04 1.068530e+04 1.076878e+04 1.077413e+04
8.7 1.062568e+04 1.074365e+04 1.076826e+04 1.065030e+04
9.7 1.069677e+04 1.071901e+04 1.076003e+04 1.073779e+04
10.7 1.066193e+04 1.072943e+04 1.075342e+04 1.068593e+04
11.7 1.070947e+04 1.074556e+04 1.075001e+04 1.071392e+04
12.7 1.084117e+04 1.074967e+04 1.074871e+04 1.084021e+04
13.7 1.081279e+04 1.075963e+04 1.074860e+04 1.080176e+04
14.7 1.072851e+04 1.077469e+04 1.074908e+04 1.070291e+04
15.7 1.083976e+04 1.078726e+04 1.074973e+04 1.080223e+04
16.7 1.070899e+04 1.075839e+04 1.075030e+04 1.070090e+04
17.7 1.084585e+04 1.077283e+04 1.075073e+04 1.082375e+04
0.6 1.065985e+04 1.068161e+04 1.074437e+04 1.072261e+04
1.6 1.074058e+04 1.070337e+04 1.074938e+04 1.078660e+04
2.6 1.059195e+04 1.065354e+04 1.075498e+04 1.069338e+04
3.6 1.075838e+04 1.068896e+04 1.075852e+04 1.082794e+04
4.6 1.065133e+04 1.064762e+04 1.075685e+04 1.076056e+04
5.6 1.067861e+04 1.066920e+04 1.075846e+04 1.076787e+04
6.6 1.069065e+04 1.068530e+04 1.076878e+04 1.077413e+04
7.6 1.062568e+04 1.074365e+04 1.076826e+04 1.065030e+04
8.6 1.069677e+04 1.071901e+04 1.076003e+04 1.073779e+04
9.6 1.066193e+04 1.072943e+04 1.075342e+04 1.068593e+04
10.6 1.070947e+04 1.074556e+04 1.075001e+04 1.071392e+04
11.6 1.084117e+04 1.074967e+04 1.074871e+04 1.084021e+04
12.6 1.081279e+04 1.075963e+04 1.074860e+04 1.080176e+04
13.6 1.072851e+04 1.077469e+04 1.074908e+04 1.070291e+04
14.6 1.083976e+04 1.078726e+04 1.074973e+04 1.080223e+04
15.6 1.070899e+04 1.075839e+04 1.075030e+04 1.070090e+04
16.6 1.084585e+04 1.077283e+04 1.075073e+04 1.082375e+04
17.6 1.085641e+04 1.074605e+04 1.075104e+04 1.086140e+04
1.0 1.059195e+04 1.065354e+04 1.075498e+04 1.069338e+04
2.0 1.075838e+04 1.068896e+04 1.075852e+04 1.082794e+04
3.0 1.065133e+04 1.064762e+04 1.075685e+04 1.076056e+04
4.0 1.067861e+04 1.066920e+04 1.075846e+04 1.076787e+04
5.0 1.069065e+04 1.068530e+04 1.076878e+04 1.077413e+04
6.0 1.062568e+04 1.074365e+04 1.076826e+04 1.065030e+04
7.0 1.069677e+04 1.071901e+04 1.076003e+04 1.073779e+04
8.0 1.066193e+04 1.072943e+04 1.075342e+04 1.068593e+04
9.0 1.070947e+04 1.074556e+04 1.075001e+04 1.071392e+04
10.0 1.084117e+04 1.074967e+04 1.074871e+04 1.084021e+04
11.0 1.081279e+04 1.075963e+04 1.074860e+04 1.080176e+04
12.0 1.072851e+04 1.077469e+04 1.074908e+04 1.070291e+04
13.0 1.083976e+04 1.078726e+04 1.074973e+04 1.080223e+04
14.0 1.070899e+04 1.075839e+04 1.075030e+04 1.070090e+04
15.0 1.084585e+04 1.077283e+04 1.075073e+04 1.082375e+04
16.0 1.085641e+04 1.074605e+04 1.075104e+04 1.086140e+04
17.0 1.080726e+04 1.071638e+04 1.075126e+04 1.084214e+04
18.0 1.079009e+04 1.072213e+04 1.075143e+04 1.081939e+04
0.2 1.075838e+04 1.068896e+04 1.075852e+04 1.082794e+04
1.2 1.065133e+04 1.064762e+04 1.075685e+04 1.076056e+04
2.2 1.067861e+04 1.066920e+04 1.075846e+04 1.076787e+04
3.2 1.069065e+04 1.068530e+04 1.076878e+04 1.077413e+04
4.2 1.062568e+04 1.074365e+04 1.076826e+04 1.065030e+04
5.2 1.069677e+04 1.071901e+04 1.076003e+04 1.073779e+04
6.2 1.066193e+04 1.072943e+04 1.075342e+04 1.068593e+04
7.2 1.070947e+04 1.074556e+04 1.075001e+04 1.071392e+04
8.2 1.084117e+04 1.074967e+04 1.074871e+04 1.084021e+04
9.2 1.081279e+04 1.075963e+04 1.074860e+04 1.080176e+04
10.2 1.072851e+04 1.077469e+04 1.074908e+04 1.070291e+04
11.2 1.083976e+04 1.078726e+04 1.074973e+04 1.080223e+04
12.2 1.070899e+04 1.075839e+04 1.075030e+04 1.070090e+04
13.2 1.084585e+04 1.077283e+04 1.075073e+04 1.082375e+04
14.2 1.085641e+04 1.074605e+04 1.075104e+04 1.086140e+04
15.2 1.080726e+04 1.071638e+04 1.075126e+04 1.084214e+04
16.2 1.079009e+04 1.072213e+04 1.075143e+04 1.081939e+04
17.2 1.085119e+04 1.076577e+04 1.075158e+04 1.083701e+04
0.7 1.080758e+04 1.082718e+04 1.074208e+04 1.072248e+04
1.7 1.101667e+04 1.085868e+04 1.073258e+04 1.089057e+04
2.7 1.080371e+04 1.085080e+04 1.073579e+04 1.068871e+04
3.7 1.085048e+04 1.081651e+04 1.074379e+04 1.077775e+04
4.7 1.082916e+04 1.079379e+04 1.074965e+04 1.078502e+04
5.7 1.071940e+04 1.081458e+04 1.075041e+04 1.065523e+04
6.7 1.083031e+04 1.078869e+04 1.075155e+04 1.079316e+04
7.7 1.079121e+04 1.077876e+04 1.075282e+04 1.076528e+04
8.7 1.077051e+04 1.076634e+04 1.075240e+04 1.075657e+04
9.7 1.073984e+04 1.076540e+04 1.075536e+04 1.072981e+04
10.7 1.076012e+04 1.073550e+04 1.075483e+04 1.077945e+04
11.7 1.073748e+04 1.073062e+04 1.074849e+04 1.075536e+04
12.7 1.071609e+04 1.071214e+04 1.075266e+04 1.075662e+04
13.7 1.067970e+04 1.071532e+04 1.075552e+04 1.071990e+04
14.7 1.071500e+04 1.069793e+04 1.075418e+04 1.077125e+04
15.7 1.059737e+04 1.069868e+04 1.075288e+04 1.065157e+04
16.7 1.073877e+04 1.068770e+04 1.075803e+04 1.080910e+04
17.7 1.065883e+04 1.072319e+04 1.076909e+04 1.070473e+04
1.0 1.080371e+04 1.085080e+04 1.073579e+04 1.068871e+04
2.0 1.085048e+04 1.081651e+04 1.074379e+04 1.077775e+04
3.0 1.082916e+04 1.079379e+04 1.074965e+04 1.078502e+04
4.0 1.071940e+04 1.081458e+04 1.075041e+04 1.065523e+04
5.0 1.083031e+04 1.078869e+04 1.075155e+04 1.079316e+04
6.0 1.079121e+04 1.077876e+04 1.075282e+04 1.076528e+04
7.0 1.077051e+04 1.076634e+04 1.075240e+04 1.075657e+04
8.0 1.073984e+04 1.076540e+04 1.075536e+04 1.072981e+04
9.0 1.076012e+04 1.073550e+04 1.075483e+04 1.077945e+04
10.0 1.073748e+04 1.073062e+04 1.074849e+04 1.075536e+04
11.0 1.071609e+04 1.071214e+04 1.075266e+04 1.075662e+04
12.0 1.067970e+04 1.071532e+04 1.075552e+04 1.071990e+04
13.0 1.071500e+04 1.069793e+04 1.075418e+04 1.077125e+04
14.0 1.059737e+04 1.069868e+04 1.075288e+04 1.065157e+04
15.0 1.073877e+04 1.068770e+04 1.075803e+04 1.080910e+04
16.0 1.065883e+04 1.072319e+04 1.076909e+04 1.070473e+04
17.0 1.069838e+04 1.072972e+04 1.076715e+04 1.073581e+04
18.0 1.071347e+04 1.073923e+04 1.075442e+04 1.072866e+04
0.4 1.085048e+04 1.081651e+04 1.074379e+04 1.077775e+04
1.4 1.082916e+04 1.079379e+04 1.074965e+04 1.078502e+04
2.4 1.071940e+04 1.081458e+04 1.075041e+04 1.065523e+04
3.4 1.083031e+04 1.078869e+04 1.075155e+04 1.079316e+04
4.4 1.079121e+04 1.077876e+04 1.075282e+04 1.076528e+04
5.4 1.077051e+04 1.076634e+04 1.075240e+04 1.075657e+04
6.4 1.073984e+04 1.076540e+04 1.075536e+04 1.072981e+04
7.4 1.076012e+04 1.073550e+04 1.075483e+04 1.077945e+04
8.4 1.073748e+04 1.073062e+04 1.074849e+04 1.075536e+04
9.4 1.071609e+04 1.071214e+04 1.075266e+04 1.075662e+04
10.4 1.067970e+04 1.071532e+04 1.075552e+04 1.071990e+04
11.4 1.071500e+04 1.069793e+04 1.075418e+04 1.077125e+04
12.4 1.059737e+04 1.069868e+04 1.075288e+04 1.065157e+04
13.4 1.073877e+04 1.068770e+04 1.075803e+04 1.080910e+04
14.4 1.065883e+04 1.072319e+04 1.076909e+04 1.070473e+04
15.4 1.069838e+04 1.072972e+04 1.076715e+04 1.073581e+04
16.4 1.071347e+04 1.073923e+04 1.075442e+04 1.072866e+04
17.4 1.075421e+04 1.074387e+04 1.073604e+04 1.074638e+04
1.0 1.071940e+04 1.081458e+04 1.075041e+04 1.065523e+04
2.0 1.083031e+04 1.078869e+04 1.075155e+04 1.079316e+04
3.0 1.079121e+04 1.077876e+04 1.075282e+04 1.076528e+04
4.0 1.077051e+04 1.076634e+04 1.075240e+04 1.075657e+04
5.0 1.073984e+04 1.076540e+04 1.075536e+04 1.072981e+04
6.0 1.076012e+04 1.073550e+04 1.075483e+04 1.077945e+04
7.0 1.073748e+04 1.073062e+04 1.074849e+04 1.075536e+04
8.0 1.071609e+04 1.071214e+04 1.075266e+04 1.075662e+04
9.0 1.067970e+04 1.071532e+04 1.075552e+04 1.071990e+04
10.0 1.071500e+04 1.069793e+04 1.075418e+04 1.077125e+04
11.0 1.059737e+04 1.069868e+04 1.075288e+04 1.065157e+04
12.0 1.073877e+04 1.068770e+04 1.075803e+04 1.080910e+04
13.0 1.065883e+04 1.072319e+04 1.076909e+04 1.070473e+04
14.0 1.069838e+04 1.072972e+04 1.076715e+04 1.073581e+04
15.0 1.071347e+04 1.073923e+04 1.075442e+04 1.072866e+04
16.0 1.075421e+04 1.074387e+04 1.073604e+04 1.074638e+04
17.0 1.060278e+04 1.073663e+04 1.073063e+04 1.059678e+04
18.0 1.079938e+04 1.072129e+04 1.073408e+04 1.081217e+04
0.5 1.083031e+04 1.078869e+04 1.075155e+04 1.079316e+04
1.5 1.079121e+04 1.077876e+04 1.075282e+04 1.076528e+04
2.5 1.077051e+04 1.076634e+04 1.075240e+04 1.075657e+04
3.5 1.073984e+04 1.076540e+04 1.075536e+04 1.072981e+04
4.5 1.076012e+04 1.073550e+04 1.075483e+04 1.077945e+04
5.5 1.073748e+04 1.073062e+04 1.074849e+04 1.075536e+04
6.5 1.071609e+04 1.071214e+04 1.075266e+04 1.075662e+04
7.5 1.067970e+04 1.071532e+04 1.075552e+04 1.071990e+04
8.5 1.071500e+04 1.069793e+04 1.075418e+04 1.077125e+04
9.5 1.059737e+04 1.069868e+04 1.075288e+04 1.065157e+04
10.5 1.073877e+04 1.068770e+04 1.075803e+04 1.080910e+04
11.5 1.065883e+04 1.072319e+04 1.076909e+04 1.070473e+04
12.5 1.069838e+04 1.072972e+04 1.076715e+04 1.073581e+04
13.5 1.071347e+04 1.073923e+04 1.075442e+04 1.072866e+04
14.5 1.075421e+04 1.074387e+04 1.073604e+04 1.074638e+04
15.5 1.060278e+04 1.073663e+04 1.073063e+04 1.059678e+04
16.5 1.079938e+04 1.072129e+04 1.073408e+04 1.081217e+04
17.5 1.066707e+04 1.071566e+04 1.073872e+04 1.069012e+04
0.1 1.079121e+04 1.077876e+04 1.075282e+04 1.076528e+04
1.1 1.077051e+04 1.076634e+04 1.075240e+04 1.075657e+04
2.1 1.073984e+04 1.076540e+04 1.075536e+04 1.072981e+04
3.1 1.076012e+04 1.073550e+04 1.075483e+04 1.077945e+04
4.1 1.073748e+04 1.073062e+04 1.074849e+04 1.075536e+04
5.1 1.071609e+04 1.071214e+04 1.075266e+04 1.075662e+04
6.1 1.067970e+04 1.071532e+04 1.075552e+04 1.071990e+04
7.1 1.071500e+04 1.069793e+04 1.075418e+04 1.077125e+04
8.1 1.059737e+04 1.069868e+04 1.075288e+04 1.065157e+04
9.1 1.073877e+04 1.068770e+04 1.075803e+04 1.080910e+04
10.1 1.065883e+04 1.072319e+04 1.076909e+04 1.070473e+04
11.1 1.069838e+04 1.072972e+04 1.076715e+04 1.073581e+04
12.1 1.071347e+04 1.073923e+04 1.075442e+04 1.072866e+04
13.1 1.075421e+04 1.074387e+04 1.073604e+04 1.074638e+04
14.1 1.060278e+04 1.073663e+04 1.073063e+04 1.059678e+04
15.1 1.079938e+04 1.072129e+04 1.073408e+04 1.081217e+04
16.1 1.066707e+04 1.071566e+04 1.073872e+04 1.069012e+04
17.1 1.072646e+04 1.074293e+04 1.075831e+04 1.074183e+04
0.4 1.073984e+04 1.076540e+04 1.075536e+04 1.072981e+04
1.4 1.076012e+04 1.073550e+04 1.075483e+04 1.077945e+04
2.4 1.073748e+04 1.073062e+04 1.074849e+04 1.075536e+04
3.4 1.071609e+04 1.071214e+04 1.075266e+04 1.075662e+04
4.4 1.067970e+04 1.071532e+04 1.075552e+04 1.071990e+04
5.4 1.071500e+04 1.069793e+04 1.075418e+04 1.077125e+04
6.4 1.059737e+04 1.069868e+04 1.075288e+04 1.065157e+04
7.4 1.073877e+04 1.068770e+04 1.075803e+04 1.080910e+04
8.4 1.065883e+04 1.072319e+04 1.076909e+04 1.070473e+04
9.4 1.069838e+04 1.072972e+04 1.076715e+04 1.073581e+04
10.4 1.071347e+04 1.073923e+04 1.075442e+04 1.072866e+04
11.4 1.075421e+04 1.074387e+04 1.073604e+04 1.074638e+04
12.4 1.060278e+04 1.073663e+04 1.073063e+04 1.059678e+04
13.4 1.079938e+04 1.072129e+04 1.073408e+04 1.081217e+04
14.4 1.066707e+04 1.071566e+04 1.073872e+04 1.069012e+04
15.4 1.072646e+04 1.074293e+04 1.075831e+04 1.074183e+04
16.4 1.078296e+04 1.073874e+04 1.077419e+04 1.081840e+04
17.4 1.085489e+04 1.072557e+04 1.077096e+04 1.090028e+04
0.1 1.076012e+04 1.073550e+04 1.075483e+04 1.077945e+04
1.1 1.073748e+04 1.073062e+04 1.074849e+04 1.075536e+04
2.1 1.071609e+04 1.071214e+04 1.075266e+04 1.075662e+04
3.1 1.067970e+04 1.071532e+04 1.075552e+04 1.071990e+04
4.1 1.071500e+04 1.069793e+04 1.075418e+04 1.077125e+04
5.1 1.059737e+04 1.069868e+04 1.075288e+04 1.065157e+04
6.1 1.073877e+04 1.068770e+04 1.075803e+04 1.080910e+04
7.1 1.065883e+04 1.072319e+04 1.076909e+04 1.070473e+04
8.1 1.069838e+04 1.072972e+04 1.076715e+04 1.073581e+04
9.1 1.071347e+04 1.073923e+04 1.075442e+04 1.072866e+04
10.1 1.075421e+04 1.074387e+04 1.073604e+04 1.074638e+04
11.1 1.060278e+04 1.073663e+04 1.073063e+04 1.059678e+04
12.1 1.079938e+04 1.072129e+04 1.073408e+04 1.081217e+04
13.1 1.066707e+04 1.071566e+04 1.073872e+04 1.069012e+04
14.1 1.072646e+04 1.074293e+04 1.075831e+04 1.074183e+04
15.1 1.078296e+04 1.073874e+04 1.077419e+04 1.081840e+04
16.1 1.085489e+04 1.072557e+04 1.077096e+04 1.090028e+04
17.1 1.060592e+04 1.072604e+04 1.076127e+04 1.064114e+04
0.2 1.071609e+04 1.071214e+04 1.075266e+04 1.075662e+04
1.2 1.067970e+04 1.071532e+04 1.075552e+04 1.071990e+04
2.2 1.071500e+04 1.069793e+04 1.075418e+04 1.077125e+04
3.2 1.059737e+04 1.069868e+04 1.075288e+04 1.065157e+04
4.2 1.073877e+04 1.068770e+04 1.075803e+04 1.080910e+04
5.2 1.065883e+04 1.072319e+04 1.076909e+04 1.070473e+04
6.2 1.069838e+04 1.072972e+04 1.076715e+04 1.073581e+04
7.2 1.071347e+04 1.073923e+04 1.075442e+04 1.072866e+04
8.2 1.075421e+04 1.074387e+04 1.073604e+04 1.074638e+04
9.2 1.060278e+04 1.073663e+04 1.073063e+04 1.059678e+04
10.2 1.079938e+04 1.072129e+04 1.073408e+04 1.081217e+04
11.2 1.066707e+04 1.071566e+04 1.073872e+04 1.069012e+04
12.2 1.072646e+04 1.074293e+04 1.075831e+04 1.074183e+04
13.2 1.078296e+04 1.073874e+04 1.077419e+04 1.081840e+04
14.2 1.085489e+04 1.072557e+04 1.077096e+04 1.090028e+04
15.2 1.060592e+04 1.072604e+04 1.076127e+04 1.064114e+04
16.2 1.083809e+04 1.074408e+04 1.075406e+04 1.084807e+04
17.2 1.083971e+04 1.073575e+04 1.075011e+04 1.085407e+04
0.4 1.071500e+04 1.069793e+04 1.075418e+04 1.077125e+04
1.4 1.059737e+04 1.069868e+04 1.075288e+04 1.065157e+04
2.4 1.073877e+04 1.068770e+04 1.075803e+04 1.080910e+04
3.4 1.065883e+04 1.072319e+04 1.076909e+04 1.070473e+04
4.4 1.069838e+04 1.072972e+04 1.076715e+04 1.073581e+04
5.4 1.071347e+04 1.073923e+04 1.075442e+04 1.072866e+04
6.4 1.075421e+04 1.074387e+04 1.073604e+04 1.074638e+04
7.4 1.060278e+04 1.073663e+04 1.073063e+04 1.059678e+04
8.4 1.079938e+04 1.072129e+04 1.073408e+04 1.081217e+04
9.4 1.066707e+04 1.071566e+04 1.073872e+04 1.069012e+04
10.4 1.072646e+04 1.074293e+04 1.075831e+04 1.074183e+04
11.4 1.078296e+04 1.073874e+04 1.077419e+04 1.081840e+04
12.4 1.085489e+04 1.072557e+04 1.077096e+04 1.090028e+04
13.4 1.060592e+04 1.072604e+04 1.076127e+04 1.064114e+04
14.4 1.083809e+04 1.074408e+04 1.075406e+04 1.084807e+04
15.4 1.083971e+04 1.073575e+04 1.075011e+04 1.085407e+04
16.4 1.075831e+04 1.075444e+04 1.074841e+04 1.075227e+04
17.4 1.082797e+04 1.074473e+04 1.074810e+04 1.083135e+04
0.3 1.071347e+04 1.073923e+04 1.075442e+04 1.072866e+04
1.3 1.075421e+04 1.074387e+04 1.073604e+04 1.074638e+04
2.3 1.060278e+04 1.073663e+04 1.073063e+04 1.059678e+04
3.3 1.079938e+04 1.072129e+04 1.073408e+04 1.081217e+04
4.3 1.066707e+04 1.071566e+04 1.073872e+04 1.069012e+04
5.3 1.072646e+04 1.074293e+04 1.075831e+04 1.074183e+04
6.3 1.078296e+04 1.073874e+04 1.077419e+04 1.081840e+04
7.3 1.085489e+04 1.072557e+04 1.077096e+04 1.090028e+04
8.3 1.060592e+04 1.072604e+04 1.076127e+04 1.064114e+04
9.3 1.083809e+04 1.074408e+04 1.075406e+04 1.084807e+04
10.3 1.083971e+04 1.073575e+04 1.075011e+04 1.085407e+04
11.3 1.075831e+04 1.075444e+04 1.074841e+04 1.075227e+04
12.3 1.082797e+04 1.074473e+04 1.074810e+04 1.083135e+04
13.3 1.071063e+04 1.073221e+04 1.074849e+04 1.072692e+04
14.3 1.073872e+04 1.077282e+04 1.074906e+04 1.071497e+04
15.3 1.075820e+04 1.077678e+04 1.074954e+04 1.073096e+04
16.3 1.072308e+04 1.073958e+04 1.074986e+04 1.073336e+04
17.3 1.088848e+04 1.075490e+04 1.075006e+04 1.088364e+04
0.5 1.060278e+04 1.073663e+04 1.073063e+04 1.059678e+04
1.5 1.079938e+04 1.072129e+04 1.073408e+04 1.081217e+04
2.5 1.066707e+04 1.071566e+04 1.073872e+04 1.069012e+04
3.5 1.072646e+04 1.074293e+04 1.075831e+04 1.074183e+04
4.5 1.078296e+04 1.073874e+04 1.077419e+04 1.081840e+04
5.5 1.085489e+04 1.072557e+04 1.077096e+04 1.090028e+04
6.5 1.060592e+04 1.072604e+04 1.076127e+04 1.064114e+04
7.5 1.083809e+04 1.074408e+04 1.075406e+04 1.084807e+04
8.5 1.083971e+04 1.073575e+04 1.075011e+04 1.085407e+04
9.5 1.075831e+04 1.075444e+04 1.074841e+04 1.075227e+04
10.5 1.082797e+04 1.074473e+04 1.074810e+04 1.083135e+04
11.5 1.071063e+04 1.073221e+04 1.074849e+04 1.072692e+04
12.5 1.073872e+04 1.077282e+04 1.074906e+04 1.071497e+04
13.5 1.075820e+04 1.077678e+04 1.074954e+04 1.073096e+04
14.5 1.072308e+04 1.073958e+04 1.074986e+04 1.073336e+04
15.5 1.088848e+04 1.075490e+04 1.075006e+04 1.088364e+04
16.5 1.075263e+04 1.076299e+04 1.075019e+04 1.073984e+04
17.5 1.072731e+04 1.082222e+04 1.075029e+04 1.065537e+04
0.4 1.079938e+04 1.072129e+04 1.073408e+04 1.081217e+04
1.4 1.066707e+04 1.071566e+04 1.073872e+04 1.069012e+04
2.4 1.072646e+04 1.074293e+04 1.075831e+04 1.074183e+04
3.4 1.078296e+04 1.073874e+04 1.077419e+04 1.081840e+04
4.4 1.085489e+04 1.072557e+04 1.077096e+04 1.090028e+04
5.4 1.060592e+04 1.072604e+04 1.076127e+04 1.064114e+04
6.4 1.083809e+04 1.074408e+04 1.075406e+04 1.084807e+04
7.4 1.083971e+04 1.073575e+04 1.075011e+04 1.085407e+04
8.4 1.075831e+04 1.075444e+04 1.074841e+04 1.075227e+04
9.4 1.082797e+04 1.074473e+04 1.074810e+04 1.083135e+04
10.4 1.071063e+04 1.073221e+04 1.074849e+04 1.072692e+04
11.4 1.073872e+04 1.077282e+04 1.074906e+04 1.071497e+04
12.4 1.075820e+04 1.077678e+04 1.074954e+04 1.073096e+04
13.4 1.072308e+04 1.073958e+04 1.074986e+04 1.073336e+04
14.4 1.088848e+04 1.075490e+04 1.075006e+04 1.088364e+04
15.4 1.075263e+04 1.076299e+04 1.075019e+04 1.073984e+04
16.4 1.072731e+04 1.082222e+04 1.075029e+04 1.065537e+04
17.4 1.086890e+04 1.082676e+04 1.075038e+04 1.079252e+04
