0.2 1.089772e+04 1.091683e+04 1.089385e+04 1.087473e+04
1.2 1.085844e+04 1.086219e+04 1.089311e+04 1.088936e+04
2.2 1.095406e+04 1.089302e+04 1.089079e+04 1.095183e+04
3.2 1.097892e+04 1.088453e+04 1.089248e+04 1.098686e+04
4.2 1.094672e+04 1.090631e+04 1.089729e+04 1.093770e+04
5.2 1.088651e+04 1.089510e+04 1.090097e+04 1.089237e+04
6.2 1.082548e+04 1.090522e+04 1.090302e+04 1.082328e+04
7.2 1.085881e+04 1.088418e+04 1.090131e+04 1.087594e+04
8.2 1.080218e+04 1.086791e+04 1.089687e+04 1.083114e+04
9.2 1.085066e+04 1.088783e+04 1.089410e+04 1.085693e+04
10.2 1.081452e+04 1.087144e+04 1.089305e+04 1.083613e+04
11.2 1.084331e+04 1.086867e+04 1.089282e+04 1.086746e+04
12.2 1.076084e+04 1.085385e+04 1.089298e+04 1.079997e+04
13.2 1.083780e+04 1.088464e+04 1.089327e+04 1.084643e+04
14.2 1.088283e+04 1.087164e+04 1.089356e+04 1.090475e+04
15.2 1.088519e+04 1.090070e+04 1.089377e+04 1.087827e+04
16.2 1.091271e+04 1.091564e+04 1.089391e+04 1.089098e+04
17.2 1.088799e+04 1.088214e+04 1.089399e+04 1.089985e+04
0.8 1.095406e+04 1.089302e+04 1.089079e+04 1.095183e+04
1.8 1.097892e+04 1.088453e+04 1.089248e+04 1.098686e+04
2.8 1.094672e+04 1.090631e+04 1.089729e+04 1.093770e+04
3.8 1.088651e+04 1.089510e+04 1.090097e+04 1.089237e+04
4.8 1.082548e+04 1.090522e+04 1.090302e+04 1.082328e+04
5.8 1.085881e+04 1.088418e+04 1.090131e+04 1.087594e+04
6.8 1.080218e+04 1.086791e+04 1.089687e+04 1.083114e+04
7.8 1.085066e+04 1.088783e+04 1.089410e+04 1.085693e+04
8.8 1.081452e+04 1.087144e+04 1.089305e+04 1.083613e+04
9.8 1.084331e+04 1.086867e+04 1.089282e+04 1.086746e+04
10.8 1.076084e+04 1.085385e+04 1.089298e+04 1.079997e+04
11.8 1.083780e+04 1.088464e+04 1.089327e+04 1.084643e+04
12.8 1.088283e+04 1.087164e+04 1.089356e+04 1.090475e+04
13.8 1.088519e+04 1.090070e+04 1.089377e+04 1.087827e+04
14.8 1.091271e+04 1.091564e+04 1.089391e+04 1.089098e+04
15.8 1.088799e+04 1.088214e+04 1.089399e+04 1.089985e+04
16.8 1.094068e+04 1.089166e+04 1.089405e+04 1.094307e+04
17.8 1.089711e+04 1.088600e+04 1.089410e+04 1.090521e+04
0.7 1.097892e+04 1.088453e+04 1.089248e+04 1.098686e+04
1.7 1.094672e+04 1.090631e+04 1.089729e+04 1.093770e+04
2.7 1.088651e+04 1.089510e+04 1.090097e+04 1.089237e+04
3.7 1.082548e+04 1.090522e+04 1.090302e+04 1.082328e+04
4.7 1.085881e+04 1.088418e+04 1.090131e+04 1.087594e+04
5.7 1.080218e+04 1.086791e+04 1.089687e+04 1.083114e+04
6.7 1.085066e+04 1.088783e+04 1.089410e+04 1.085693e+04
7.7 1.081452e+04 1.087144e+04 1.089305e+04 1.083613e+04
8.7 1.084331e+04 1.086867e+04 1.089282e+04 1.086746e+04
9.7 1.076084e+04 1.085385e+04 1.089298e+04 1.079997e+04
10.7 1.083780e+04 1.088464e+04 1.089327e+04 1.084643e+04
11.7 1.088283e+04 1.087164e+04 1.089356e+04 1.090475e+04
12.7 1.088519e+04 1.090070e+04 1.089377e+04 1.087827e+04
13.7 1.091271e+04 1.091564e+04 1.089391e+04 1.089098e+04
14.7 1.088799e+04 1.088214e+04 1.089399e+04 1.089985e+04
15.7 1.094068e+04 1.089166e+04 1.089405e+04 1.094307e+04
16.7 1.089711e+04 1.088600e+04 1.089410e+04 1.090521e+04
17.7 1.093070e+04 1.090223e+04 1.089414e+04 1.092262e+04
0.6 1.094672e+04 1.090631e+04 1.089729e+04 1.093770e+04
1.6 1.088651e+04 1.089510e+04 1.090097e+04 1.089237e+04
2.6 1.082548e+04 1.090522e+04 1.090302e+04 1.082328e+04
3.6 1.085881e+04 1.088418e+04 1.090131e+04 1.087594e+04
4.6 1.080218e+04 1.086791e+04 1.089687e+04 1.083114e+04
5.6 1.085066e+04 1.088783e+04 1.089410e+04 1.085693e+04
6.6 1.081452e+04 1.087144e+04 1.089305e+04 1.083613e+04
7.6 1.084331e+04 1.086867e+04 1.089282e+04 1.086746e+04
8.6 1.076084e+04 1.085385e+04 1.089298e+04 1.079997e+04
9.6 1.083780e+04 1.088464e+04 1.089327e+04 1.084643e+04
10.6 1.088283e+04 1.087164e+04 1.089356e+04 1.090475e+04
11.6 1.088519e+04 1.090070e+04 1.089377e+04 1.087827e+04
12.6 1.091271e+04 1.091564e+04 1.089391e+04 1.089098e+04
13.6 1.088799e+04 1.088214e+04 1.089399e+04 1.089985e+04
14.6 1.094068e+04 1.089166e+04 1.089405e+04 1.094307e+04
15.6 1.089711e+04 1.088600e+04 1.089410e+04 1.090521e+04
16.6 1.093070e+04 1.090223e+04 1.089414e+04 1.092262e+04
17.6 1.095017e+04 1.088977e+04 1.089418e+04 1.095459e+04
0.8 1.088651e+04 1.089510e+04 1.090097e+04 1.089237e+04
1.8 1.082548e+04 1.090522e+04 1.090302e+04 1.082328e+04
2.8 1.085881e+04 1.088418e+04 1.090131e+04 1.087594e+04
3.8 1.080218e+04 1.086791e+04 1.089687e+04 1.083114e+04
4.8 1.085066e+04 1.088783e+04 1.089410e+04 1.085693e+04
5.8 1.081452e+04 1.087144e+04 1.089305e+04 1.083613e+04
6.8 1.084331e+04 1.086867e+04 1.089282e+04 1.086746e+04
7.8 1.076084e+04 1.085385e+04 1.089298e+04 1.079997e+04
8.8 1.083780e+04 1.088464e+04 1.089327e+04 1.084643e+04
9.8 1.088283e+04 1.087164e+04 1.089356e+04 1.090475e+04
10.8 1.088519e+04 1.090070e+04 1.089377e+04 1.087827e+04
11.8 1.091271e+04 1.091564e+04 1.089391e+04 1.089098e+04
12.8 1.088799e+04 1.088214e+04 1.089399e+04 1.089985e+04
13.8 1.094068e+04 1.089166e+04 1.089405e+04 1.094307e+04
14.8 1.089711e+04 1.088600e+04 1.089410e+04 1.090521e+04
15.8 1.093070e+04 1.090223e+04 1.089414e+04 1.092262e+04
16.8 1.095017e+04 1.088977e+04 1.089418e+04 1.095459e+04
17.8 1.093147e+04 1.089805e+04 1.089422e+04 1.092765e+04
0.1 1.082548e+04 1.090522e+04 1.090302e+04 1.082328e+04
1.1 1.085881e+04 1.088418e+04 1.090131e+04 1.087594e+04
2.1 1.080218e+04 1.086791e+04 1.089687e+04 1.083114e+04
3.1 1.085066e+04 1.088783e+04 1.089410e+04 1.085693e+04
4.1 1.081452e+04 1.087144e+04 1.089305e+04 1.083613e+04
5.1 1.084331e+04 1.086867e+04 1.089282e+04 1.086746e+04
6.1 1.076084e+04 1.085385e+04 1.089298e+04 1.079997e+04
7.1 1.083780e+04 1.088464e+04 1.089327e+04 1.084643e+04
8.1 1.088283e+04 1.087164e+04 1.089356e+04 1.090475e+04
9.1 1.088519e+04 1.090070e+04 1.089377e+04 1.087827e+04
10.1 1.091271e+04 1.091564e+04 1.089391e+04 1.089098e+04
11.1 1.088799e+04 1.088214e+04 1.089399e+04 1.089985e+04
12.1 1.094068e+04 1.089166e+04 1.089405e+04 1.094307e+04
13.1 1.089711e+04 1.088600e+04 1.089410e+04 1.090521e+04
14.1 1.093070e+04 1.090223e+04 1.089414e+04 1.092262e+04
15.1 1.095017e+04 1.088977e+04 1.089418e+04 1.095459e+04
16.1 1.093147e+04 1.089805e+04 1.089422e+04 1.092765e+04
17.1 1.094821e+04 1.091453e+04 1.089426e+04 1.092795e+04
0.3 1.091343e+04 1.089303e+04 1.089497e+04 1.091537e+04
1.3 1.093157e+04 1.088562e+04 1.089340e+04 1.093935e+04
2.3 1.084324e+04 1.085155e+04 1.088723e+04 1.087892e+04
3.3 1.089148e+04 1.089764e+04 1.088698e+04 1.088082e+04
4.3 1.082987e+04 1.085784e+04 1.089280e+04 1.086483e+04
5.3 1.095139e+04 1.091451e+04 1.089612e+04 1.093301e+04
6.3 1.089427e+04 1.089274e+04 1.089656e+04 1.089808e+04
7.3 1.086746e+04 1.088228e+04 1.089622e+04 1.088139e+04
8.3 1.091801e+04 1.086352e+04 1.089579e+04 1.095028e+04
9.3 1.090943e+04 1.088255e+04 1.089540e+04 1.092228e+04
10.3 1.091387e+04 1.087239e+04 1.089510e+04 1.093658e+04
11.3 1.089064e+04 1.088821e+04 1.089494e+04 1.089737e+04
12.3 1.092252e+04 1.091251e+04 1.089487e+04 1.090489e+04
13.3 1.089057e+04 1.090927e+04 1.089485e+04 1.087615e+04
14.3 1.090544e+04 1.093231e+04 1.089485e+04 1.086799e+04
15.3 1.092800e+04 1.093878e+04 1.089484e+04 1.088406e+04
16.3 1.089365e+04 1.092361e+04 1.089483e+04 1.086487e+04
17.3 1.094954e+04 1.092609e+04 1.089482e+04 1.091827e+04
0.3 1.084324e+04 1.085155e+04 1.088723e+04 1.087892e+04
1.3 1.089148e+04 1.089764e+04 1.088698e+04 1.088082e+04
2.3 1.082987e+04 1.085784e+04 1.089280e+04 1.086483e+04
3.3 1.095139e+04 1.091451e+04 1.089612e+04 1.093301e+04
4.3 1.089427e+04 1.089274e+04 1.089656e+04 1.089808e+04
5.3 1.086746e+04 1.088228e+04 1.089622e+04 1.088139e+04
6.3 1.091801e+04 1.086352e+04 1.089579e+04 1.095028e+04
7.3 1.090943e+04 1.088255e+04 1.089540e+04 1.092228e+04
8.3 1.091387e+04 1.087239e+04 1.089510e+04 1.093658e+04
9.3 1.089064e+04 1.088821e+04 1.089494e+04 1.089737e+04
10.3 1.092252e+04 1.091251e+04 1.089487e+04 1.090489e+04
11.3 1.089057e+04 1.090927e+04 1.089485e+04 1.087615e+04
12.3 1.090544e+04 1.093231e+04 1.089485e+04 1.086799e+04
13.3 1.092800e+04 1.093878e+04 1.089484e+04 1.088406e+04
14.3 1.089365e+04 1.092361e+04 1.089483e+04 1.086487e+04
15.3 1.094954e+04 1.092609e+04 1.089482e+04 1.091827e+04
16.3 1.090452e+04 1.090361e+04 1.089481e+04 1.089572e+04
17.3 1.089163e+04 1.090528e+04 1.089479e+04 1.088115e+04
0.3 1.077808e+04 1.084518e+04 1.089463e+04 1.082754e+04
1.3 1.081551e+04 1.084855e+04 1.089335e+04 1.086031e+04
2.3 1.085997e+04 1.084729e+04 1.088941e+04 1.090208e+04
3.3 1.085654e+04 1.086301e+04 1.088921e+04 1.088274e+04
4.3 1.077675e+04 1.086653e+04 1.089180e+04 1.080202e+04
5.3 1.083198e+04 1.089754e+04 1.089286e+04 1.082729e+04
6.3 1.084624e+04 1.088004e+04 1.089456e+04 1.086076e+04
7.3 1.086573e+04 1.087945e+04 1.089687e+04 1.088315e+04
8.3 1.088072e+04 1.086856e+04 1.089765e+04 1.090982e+04
9.3 1.091020e+04 1.086203e+04 1.089881e+04 1.094697e+04
10.3 1.091187e+04 1.087571e+04 1.089867e+04 1.093484e+04
11.3 1.086374e+04 1.088982e+04 1.089685e+04 1.087077e+04
12.3 1.088479e+04 1.086203e+04 1.089524e+04 1.091800e+04
13.3 1.091246e+04 1.087452e+04 1.089436e+04 1.093229e+04
14.3 1.090549e+04 1.085464e+04 1.089400e+04 1.094485e+04
15.3 1.089287e+04 1.087021e+04 1.089394e+04 1.091660e+04
16.3 1.086784e+04 1.087050e+04 1.089402e+04 1.089136e+04
17.3 1.090191e+04 1.089803e+04 1.089413e+04 1.089801e+04
0.4 1.085997e+04 1.084729e+04 1.088941e+04 1.090208e+04
1.4 1.085654e+04 1.086301e+04 1.088921e+04 1.088274e+04
2.4 1.077675e+04 1.086653e+04 1.089180e+04 1.080202e+04
3.4 1.083198e+04 1.089754e+04 1.089286e+04 1.082729e+04
4.4 1.084624e+04 1.088004e+04 1.089456e+04 1.086076e+04
5.4 1.086573e+04 1.087945e+04 1.089687e+04 1.088315e+04
6.4 1.088072e+04 1.086856e+04 1.089765e+04 1.090982e+04
7.4 1.091020e+04 1.086203e+04 1.089881e+04 1.094697e+04
8.4 1.091187e+04 1.087571e+04 1.089867e+04 1.093484e+04
9.4 1.086374e+04 1.088982e+04 1.089685e+04 1.087077e+04
10.4 1.088479e+04 1.086203e+04 1.089524e+04 1.091800e+04
11.4 1.091246e+04 1.087452e+04 1.089436e+04 1.093229e+04
12.4 1.090549e+04 1.085464e+04 1.089400e+04 1.094485e+04
13.4 1.089287e+04 1.087021e+04 1.089394e+04 1.091660e+04
14.4 1.086784e+04 1.087050e+04 1.089402e+04 1.089136e+04
15.4 1.090191e+04 1.089803e+04 1.089413e+04 1.089801e+04
16.4 1.094750e+04 1.094366e+04 1.089423e+04 1.089807e+04
17.4 1.096104e+04 1.095128e+04 1.089429e+04 1.090405e+04
0.4 1.085654e+04 1.086301e+04 1.088921e+04 1.088274e+04
1.4 1.077675e+04 1.086653e+04 1.089180e+04 1.080202e+04
2.4 1.083198e+04 1.089754e+04 1.089286e+04 1.082729e+04
3.4 1.084624e+04 1.088004e+04 1.089456e+04 1.086076e+04
4.4 1.086573e+04 1.087945e+04 1.089687e+04 1.088315e+04
5.4 1.088072e+04 1.086856e+04 1.089765e+04 1.090982e+04
6.4 1.091020e+04 1.086203e+04 1.089881e+04 1.094697e+04
7.4 1.091187e+04 1.087571e+04 1.089867e+04 1.093484e+04
8.4 1.086374e+04 1.088982e+04 1.089685e+04 1.087077e+04
9.4 1.088479e+04 1.086203e+04 1.089524e+04 1.091800e+04
10.4 1.091246e+04 1.087452e+04 1.089436e+04 1.093229e+04
11.4 1.090549e+04 1.085464e+04 1.089400e+04 1.094485e+04
12.4 1.089287e+04 1.087021e+04 1.089394e+04 1.091660e+04
13.4 1.086784e+04 1.087050e+04 1.089402e+04 1.089136e+04
14.4 1.090191e+04 1.089803e+04 1.089413e+04 1.089801e+04
15.4 1.094750e+04 1.094366e+04 1.089423e+04 1.089807e+04
16.4 1.096104e+04 1.095128e+04 1.089429e+04 1.090405e+04
17.4 1.095999e+04 1.093199e+04 1.089433e+04 1.092233e+04
0.7 1.083198e+04 1.089754e+04 1.089286e+04 1.082729e+04
1.7 1.084624e+04 1.088004e+04 1.089456e+04 1.086076e+04
2.7 1.086573e+04 1.087945e+04 1.089687e+04 1.088315e+04
3.7 1.088072e+04 1.086856e+04 1.089765e+04 1.090982e+04
4.7 1.091020e+04 1.086203e+04 1.089881e+04 1.094697e+04
5.7 1.091187e+04 1.087571e+04 1.089867e+04 1.093484e+04
6.7 1.086374e+04 1.088982e+04 1.089685e+04 1.087077e+04
7.7 1.088479e+04 1.086203e+04 1.089524e+04 1.091800e+04
8.7 1.091246e+04 1.087452e+04 1.089436e+04 1.093229e+04
9.7 1.090549e+04 1.085464e+04 1.089400e+04 1.094485e+04
10.7 1.089287e+04 1.087021e+04 1.089394e+04 1.091660e+04
11.7 1.086784e+04 1.087050e+04 1.089402e+04 1.089136e+04
12.7 1.090191e+04 1.089803e+04 1.089413e+04 1.089801e+04
13.7 1.094750e+04 1.094366e+04 1.089423e+04 1.089807e+04
14.7 1.096104e+04 1.095128e+04 1.089429e+04 1.090405e+04
15.7 1.095999e+04 1.093199e+04 1.089433e+04 1.092233e+04
16.7 1.092403e+04 1.090498e+04 1.089435e+04 1.091340e+04
17.7 1.091261e+04 1.090132e+04 1.089437e+04 1.090565e+04
0.8 1.084624e+04 1.088004e+04 1.089456e+04 1.086076e+04
1.8 1.086573e+04 1.087945e+04 1.089687e+04 1.088315e+04
2.8 1.088072e+04 1.086856e+04 1.089765e+04 1.090982e+04
3.8 1.091020e+04 1.086203e+04 1.089881e+04 1.094697e+04
4.8 1.091187e+04 1.087571e+04 1.089867e+04 1.093484e+04
5.8 1.086374e+04 1.088982e+04 1.089685e+04 1.087077e+04
6.8 1.088479e+04 1.086203e+04 1.089524e+04 1.091800e+04
7.8 1.091246e+04 1.087452e+04 1.089436e+04 1.093229e+04
8.8 1.090549e+04 1.085464e+04 1.089400e+04 1.094485e+04
9.8 1.089287e+04 1.087021e+04 1.089394e+04 1.091660e+04
10.8 1.086784e+04 1.087050e+04 1.089402e+04 1.089136e+04
11.8 1.090191e+04 1.089803e+04 1.089413e+04 1.089801e+04
12.8 1.094750e+04 1.094366e+04 1.089423e+04 1.089807e+04
13.8 1.096104e+04 1.095128e+04 1.089429e+04 1.090405e+04
14.8 1.095999e+04 1.093199e+04 1.089433e+04 1.092233e+04
15.8 1.092403e+04 1.090498e+04 1.089435e+04 1.091340e+04
16.8 1.091261e+04 1.090132e+04 1.089437e+04 1.090565e+04
17.8 1.092870e+04 1.091383e+04 1.089437e+04 1.090925e+04
0.0 1.086573e+04 1.087945e+04 1.089687e+04 1.088315e+04
1.0 1.088072e+04 1.086856e+04 1.089765e+04 1.090982e+04
2.0 1.091020e+04 1.086203e+04 1.089881e+04 1.094697e+04
3.0 1.091187e+04 1.087571e+04 1.089867e+04 1.093484e+04
4.0 1.086374e+04 1.088982e+04 1.089685e+04 1.087077e+04
5.0 1.088479e+04 1.086203e+04 1.089524e+04 1.091800e+04
6.0 1.091246e+04 1.087452e+04 1.089436e+04 1.093229e+04
7.0 1.090549e+04 1.085464e+04 1.089400e+04 1.094485e+04
8.0 1.089287e+04 1.087021e+04 1.089394e+04 1.091660e+04
9.0 1.086784e+04 1.087050e+04 1.089402e+04 1.089136e+04
10.0 1.090191e+04 1.089803e+04 1.089413e+04 1.089801e+04
11.0 1.094750e+04 1.094366e+04 1.089423e+04 1.089807e+04
12.0 1.096104e+04 1.095128e+04 1.089429e+04 1.090405e+04
13.0 1.095999e+04 1.093199e+04 1.089433e+04 1.092233e+04
14.0 1.092403e+04 1.090498e+04 1.089435e+04 1.091340e+04
15.0 1.091261e+04 1.090132e+04 1.089437e+04 1.090565e+04
16.0 1.092870e+04 1.091383e+04 1.089437e+04 1.090925e+04
17.0 1.094602e+04 1.088181e+04 1.089438e+04 1.095860e+04
0.2 1.088943e+04 1.089300e+04 1.089517e+04 1.089159e+04
1.2 1.093769e+04 1.089586e+04 1.089433e+04 1.093616e+04
2.2 1.088144e+04 1.089023e+04 1.089025e+04 1.088146e+04
3.2 1.094107e+04 1.092866e+04 1.089118e+04 1.090359e+04
4.2 1.093631e+04 1.090366e+04 1.089403e+04 1.092668e+04
5.2 1.094130e+04 1.090976e+04 1.089431e+04 1.092586e+04
6.2 1.091752e+04 1.089150e+04 1.089543e+04 1.092145e+04
7.2 1.087999e+04 1.087887e+04 1.089662e+04 1.089775e+04
8.2 1.084916e+04 1.086608e+04 1.089396e+04 1.087704e+04
9.2 1.089431e+04 1.084506e+04 1.088935e+04 1.093860e+04
10.2 1.093260e+04 1.088096e+04 1.089089e+04 1.094254e+04
11.2 1.092242e+04 1.089686e+04 1.089375e+04 1.091930e+04
12.2 1.089706e+04 1.088168e+04 1.089502e+04 1.091040e+04
13.2 1.088381e+04 1.088039e+04 1.089354e+04 1.089697e+04
14.2 1.087448e+04 1.087781e+04 1.089224e+04 1.088891e+04
15.2 1.088593e+04 1.089913e+04 1.089393e+04 1.088072e+04
16.2 1.086268e+04 1.090121e+04 1.089493e+04 1.085640e+04
17.2 1.087088e+04 1.089100e+04 1.089578e+04 1.087566e+04
1.0 1.088144e+04 1.089023e+04 1.089025e+04 1.088146e+04
2.0 1.094107e+04 1.092866e+04 1.089118e+04 1.090359e+04
3.0 1.093631e+04 1.090366e+04 1.089403e+04 1.092668e+04
4.0 1.094130e+04 1.090976e+04 1.089431e+04 1.092586e+04
5.0 1.091752e+04 1.089150e+04 1.089543e+04 1.092145e+04
6.0 1.087999e+04 1.087887e+04 1.089662e+04 1.089775e+04
7.0 1.084916e+04 1.086608e+04 1.089396e+04 1.087704e+04
8.0 1.089431e+04 1.084506e+04 1.088935e+04 1.093860e+04
9.0 1.093260e+04 1.088096e+04 1.089089e+04 1.094254e+04
10.0 1.092242e+04 1.089686e+04 1.089375e+04 1.091930e+04
11.0 1.089706e+04 1.088168e+04 1.089502e+04 1.091040e+04
12.0 1.088381e+04 1.088039e+04 1.089354e+04 1.089697e+04
13.0 1.087448e+04 1.087781e+04 1.089224e+04 1.088891e+04
14.0 1.088593e+04 1.089913e+04 1.089393e+04 1.088072e+04
15.0 1.086268e+04 1.090121e+04 1.089493e+04 1.085640e+04
16.0 1.087088e+04 1.089100e+04 1.089578e+04 1.087566e+04
17.0 1.087335e+04 1.089771e+04 1.089639e+04 1.087204e+04
18.0 1.086552e+04 1.088837e+04 1.089610e+04 1.087324e+04
0.4 1.094107e+04 1.092866e+04 1.089118e+04 1.090359e+04
1.4 1.093631e+04 1.090366e+04 1.089403e+04 1.092668e+04
2.4 1.094130e+04 1.090976e+04 1.089431e+04 1.092586e+04
3.4 1.091752e+04 1.089150e+04 1.089543e+04 1.092145e+04
4.4 1.087999e+04 1.087887e+04 1.089662e+04 1.089775e+04
5.4 1.084916e+04 1.086608e+04 1.089396e+04 1.087704e+04
6.4 1.089431e+04 1.084506e+04 1.088935e+04 1.093860e+04
7.4 1.093260e+04 1.088096e+04 1.089089e+04 1.094254e+04
8.4 1.092242e+04 1.089686e+04 1.089375e+04 1.091930e+04
9.4 1.089706e+04 1.088168e+04 1.089502e+04 1.091040e+04
10.4 1.088381e+04 1.088039e+04 1.089354e+04 1.089697e+04
11.4 1.087448e+04 1.087781e+04 1.089224e+04 1.088891e+04
12.4 1.088593e+04 1.089913e+04 1.089393e+04 1.088072e+04
13.4 1.086268e+04 1.090121e+04 1.089493e+04 1.085640e+04
14.4 1.087088e+04 1.089100e+04 1.089578e+04 1.087566e+04
15.4 1.087335e+04 1.089771e+04 1.089639e+04 1.087204e+04
16.4 1.086552e+04 1.088837e+04 1.089610e+04 1.087324e+04
17.4 1.086241e+04 1.088614e+04 1.089556e+04 1.087183e+04
0.7 1.094130e+04 1.090976e+04 1.089431e+04 1.092586e+04
1.7 1.091752e+04 1.089150e+04 1.089543e+04 1.092145e+04
2.7 1.087999e+04 1.087887e+04 1.089662e+04 1.089775e+04
3.7 1.084916e+04 1.086608e+04 1.089396e+04 1.087704e+04
4.7 1.089431e+04 1.084506e+04 1.088935e+04 1.093860e+04
5.7 1.093260e+04 1.088096e+04 1.089089e+04 1.094254e+04
6.7 1.092242e+04 1.089686e+04 1.089375e+04 1.091930e+04
7.7 1.089706e+04 1.088168e+04 1.089502e+04 1.091040e+04
8.7 1.088381e+04 1.088039e+04 1.089354e+04 1.089697e+04
9.7 1.087448e+04 1.087781e+04 1.089224e+04 1.088891e+04
10.7 1.088593e+04 1.089913e+04 1.089393e+04 1.088072e+04
11.7 1.086268e+04 1.090121e+04 1.089493e+04 1.085640e+04
12.7 1.087088e+04 1.089100e+04 1.089578e+04 1.087566e+04
13.7 1.087335e+04 1.089771e+04 1.089639e+04 1.087204e+04
14.7 1.086552e+04 1.088837e+04 1.089610e+04 1.087324e+04
15.7 1.086241e+04 1.088614e+04 1.089556e+04 1.087183e+04
16.7 1.087343e+04 1.086644e+04 1.089517e+04 1.090216e+04
17.7 1.086816e+04 1.086824e+04 1.089496e+04 1.089488e+04
1.0 1.091752e+04 1.089150e+04 1.089543e+04 1.092145e+04
2.0 1.087999e+04 1.087887e+04 1.089662e+04 1.089775e+04
3.0 1.084916e+04 1.086608e+04 1.089396e+04 1.087704e+04
4.0 1.089431e+04 1.084506e+04 1.088935e+04 1.093860e+04
5.0 1.093260e+04 1.088096e+04 1.089089e+04 1.094254e+04
6.0 1.092242e+04 1.089686e+04 1.089375e+04 1.091930e+04
7.0 1.089706e+04 1.088168e+04 1.089502e+04 1.091040e+04
8.0 1.088381e+04 1.088039e+04 1.089354e+04 1.089697e+04
9.0 1.087448e+04 1.087781e+04 1.089224e+04 1.088891e+04
10.0 1.088593e+04 1.089913e+04 1.089393e+04 1.088072e+04
11.0 1.086268e+04 1.090121e+04 1.089493e+04 1.085640e+04
12.0 1.087088e+04 1.089100e+04 1.089578e+04 1.087566e+04
13.0 1.087335e+04 1.089771e+04 1.089639e+04 1.087204e+04
14.0 1.086552e+04 1.088837e+04 1.089610e+04 1.087324e+04
15.0 1.086241e+04 1.088614e+04 1.089556e+04 1.087183e+04
16.0 1.087343e+04 1.086644e+04 1.089517e+04 1.090216e+04
17.0 1.086816e+04 1.086824e+04 1.089496e+04 1.089488e+04
18.0 1.083266e+04 1.089239e+04 1.089487e+04 1.083514e+04
0.6 1.087999e+04 1.087887e+04 1.089662e+04 1.089775e+04
1.6 1.084916e+04 1.086608e+04 1.089396e+04 1.087704e+04
2.6 1.089431e+04 1.084506e+04 1.088935e+04 1.093860e+04
3.6 1.093260e+04 1.088096e+04 1.089089e+04 1.094254e+04
4.6 1.092242e+04 1.089686e+04 1.089375e+04 1.091930e+04
5.6 1.089706e+04 1.088168e+04 1.089502e+04 1.091040e+04
6.6 1.088381e+04 1.088039e+04 1.089354e+04 1.089697e+04
7.6 1.087448e+04 1.087781e+04 1.089224e+04 1.088891e+04
8.6 1.088593e+04 1.089913e+04 1.089393e+04 1.088072e+04
9.6 1.086268e+04 1.090121e+04 1.089493e+04 1.085640e+04
10.6 1.087088e+04 1.089100e+04 1.089578e+04 1.087566e+04
11.6 1.087335e+04 1.089771e+04 1.089639e+04 1.087204e+04
12.6 1.086552e+04 1.088837e+04 1.089610e+04 1.087324e+04
13.6 1.086241e+04 1.088614e+04 1.089556e+04 1.087183e+04
14.6 1.087343e+04 1.086644e+04 1.089517e+04 1.090216e+04
15.6 1.086816e+04 1.086824e+04 1.089496e+04 1.089488e+04
16.6 1.083266e+04 1.089239e+04 1.089487e+04 1.083514e+04
17.6 1.082716e+04 1.087840e+04 1.089486e+04 1.084362e+04
0.4 1.084916e+04 1.086608e+04 1.089396e+04 1.087704e+04
1.4 1.089431e+04 1.084506e+04 1.088935e+04 1.093860e+04
2.4 1.093260e+04 1.088096e+04 1.089089e+04 1.094254e+04
3.4 1.092242e+04 1.089686e+04 1.089375e+04 1.091930e+04
4.4 1.089706e+04 1.088168e+04 1.089502e+04 1.091040e+04
5.4 1.088381e+04 1.088039e+04 1.089354e+04 1.089697e+04
6.4 1.087448e+04 1.087781e+04 1.089224e+04 1.088891e+04
7.4 1.088593e+04 1.089913e+04 1.089393e+04 1.088072e+04
8.4 1.086268e+04 1.090121e+04 1.089493e+04 1.085640e+04
9.4 1.087088e+04 1.089100e+04 1.089578e+04 1.087566e+04
10.4 1.087335e+04 1.089771e+04 1.089639e+04 1.087204e+04
11.4 1.086552e+04 1.088837e+04 1.089610e+04 1.087324e+04
12.4 1.086241e+04 1.088614e+04 1.089556e+04 1.087183e+04
13.4 1.087343e+04 1.086644e+04 1.089517e+04 1.090216e+04
14.4 1.086816e+04 1.086824e+04 1.089496e+04 1.089488e+04
15.4 1.083266e+04 1.089239e+04 1.089487e+04 1.083514e+04
16.4 1.082716e+04 1.087840e+04 1.089486e+04 1.084362e+04
17.4 1.089872e+04 1.094503e+04 1.089489e+04 1.084858e+04
0.7 1.089706e+04 1.088168e+04 1.089502e+04 1.091040e+04
1.7 1.088381e+04 1.088039e+04 1.089354e+04 1.089697e+04
2.7 1.087448e+04 1.087781e+04 1.089224e+04 1.088891e+04
3.7 1.088593e+04 1.089913e+04 1.089393e+04 1.088072e+04
4.7 1.086268e+04 1.090121e+04 1.089493e+04 1.085640e+04
5.7 1.087088e+04 1.089100e+04 1.089578e+04 1.087566e+04
6.7 1.087335e+04 1.089771e+04 1.089639e+04 1.087204e+04
7.7 1.086552e+04 1.088837e+04 1.089610e+04 1.087324e+04
8.7 1.086241e+04 1.088614e+04 1.089556e+04 1.087183e+04
9.7 1.087343e+04 1.086644e+04 1.089517e+04 1.090216e+04
10.7 1.086816e+04 1.086824e+04 1.089496e+04 1.089488e+04
11.7 1.083266e+04 1.089239e+04 1.089487e+04 1.083514e+04
12.7 1.082716e+04 1.087840e+04 1.089486e+04 1.084362e+04
13.7 1.089872e+04 1.094503e+04 1.089489e+04 1.084858e+04
14.7 1.096127e+04 1.097976e+04 1.089495e+04 1.087645e+04
15.7 1.093553e+04 1.093751e+04 1.089500e+04 1.089302e+04
16.7 1.093337e+04 1.091055e+04 1.089505e+04 1.091787e+04
17.7 1.089604e+04 1.090827e+04 1.089620e+04 1.088397e+04
0.6 1.088381e+04 1.088039e+04 1.089354e+04 1.089697e+04
1.6 1.087448e+04 1.087781e+04 1.089224e+04 1.088891e+04
2.6 1.088593e+04 1.089913e+04 1.089393e+04 1.088072e+04
3.6 1.086268e+04 1.090121e+04 1.089493e+04 1.085640e+04
4.6 1.087088e+04 1.089100e+04 1.089578e+04 1.087566e+04
5.6 1.087335e+04 1.089771e+04 1.089639e+04 1.087204e+04
6.6 1.086552e+04 1.088837e+04 1.089610e+04 1.087324e+04
7.6 1.086241e+04 1.088614e+04 1.089556e+04 1.087183e+04
8.6 1.087343e+04 1.086644e+04 1.089517e+04 1.090216e+04
9.6 1.086816e+04 1.086824e+04 1.089496e+04 1.089488e+04
10.6 1.083266e+04 1.089239e+04 1.089487e+04 1.083514e+04
11.6 1.082716e+04 1.087840e+04 1.089486e+04 1.084362e+04
12.6 1.089872e+04 1.094503e+04 1.089489e+04 1.084858e+04
13.6 1.096127e+04 1.097976e+04 1.089495e+04 1.087645e+04
14.6 1.093553e+04 1.093751e+04 1.089500e+04 1.089302e+04
15.6 1.093337e+04 1.091055e+04 1.089505e+04 1.091787e+04
16.6 1.089604e+04 1.090827e+04 1.089620e+04 1.088397e+04
17.6 1.088372e+04 1.089864e+04 1.089889e+04 1.088397e+04
0.0 1.087448e+04 1.087781e+04 1.089224e+04 1.088891e+04
1.0 1.088593e+04 1.089913e+04 1.089393e+04 1.088072e+04
2.0 1.086268e+04 1.090121e+04 1.089493e+04 1.085640e+04
3.0 1.087088e+04 1.089100e+04 1.089578e+04 1.087566e+04
4.0 1.087335e+04 1.089771e+04 1.089639e+04 1.087204e+04
5.0 1.086552e+04 1.088837e+04 1.089610e+04 1.087324e+04
6.0 1.086241e+04 1.088614e+04 1.089556e+04 1.087183e+04
7.0 1.087343e+04 1.086644e+04 1.089517e+04 1.090216e+04
8.0 1.086816e+04 1.086824e+04 1.089496e+04 1.089488e+04
9.0 1.083266e+04 1.089239e+04 1.089487e+04 1.083514e+04
10.0 1.082716e+04 1.087840e+04 1.089486e+04 1.084362e+04
11.0 1.089872e+04 1.094503e+04 1.089489e+04 1.084858e+04
12.0 1.096127e+04 1.097976e+04 1.089495e+04 1.087645e+04
13.0 1.093553e+04 1.093751e+04 1.089500e+04 1.089302e+04
14.0 1.093337e+04 1.091055e+04 1.089505e+04 1.091787e+04
15.0 1.089604e+04 1.090827e+04 1.089620e+04 1.088397e+04
16.0 1.088372e+04 1.089864e+04 1.089889e+04 1.088397e+04
17.0 1.091060e+04 1.089622e+04 1.089960e+04 1.091399e+04
1.0 1.086268e+04 1.090121e+04 1.089493e+04 1.085640e+04
2.0 1.087088e+04 1.089100e+04 1.089578e+04 1.087566e+04
3.0 1.087335e+04 1.089771e+04 1.089639e+04 1.087204e+04
4.0 1.086552e+04 1.088837e+04 1.089610e+04 1.087324e+04
5.0 1.086241e+04 1.088614e+04 1.089556e+04 1.087183e+04
6.0 1.087343e+04 1.086644e+04 1.089517e+04 1.090216e+04
7.0 1.086816e+04 1.086824e+04 1.089496e+04 1.089488e+04
8.0 1.083266e+04 1.089239e+04 1.089487e+04 1.083514e+04
9.0 1.082716e+04 1.087840e+04 1.089486e+04 1.084362e+04
10.0 1.089872e+04 1.094503e+04 1.089489e+04 1.084858e+04
11.0 1.096127e+04 1.097976e+04 1.089495e+04 1.087645e+04
12.0 1.093553e+04 1.093751e+04 1.089500e+04 1.089302e+04
13.0 1.093337e+04 1.091055e+04 1.089505e+04 1.091787e+04
14.0 1.089604e+04 1.090827e+04 1.089620e+04 1.088397e+04
15.0 1.088372e+04 1.089864e+04 1.089889e+04 1.088397e+04
16.0 1.091060e+04 1.089622e+04 1.089960e+04 1.091399e+04
17.0 1.096928e+04 1.090478e+04 1.089808e+04 1.096258e+04
18.0 1.096765e+04 1.091348e+04 1.089656e+04 1.095074e+04
0.5 1.093337e+04 1.091055e+04 1.089505e+04 1.091787e+04
1.5 1.089604e+04 1.090827e+04 1.089620e+04 1.088397e+04
2.5 1.088372e+04 1.089864e+04 1.089889e+04 1.088397e+04
3.5 1.091060e+04 1.089622e+04 1.089960e+04 1.091399e+04
4.5 1.096928e+04 1.090478e+04 1.089808e+04 1.096258e+04
5.5 1.096765e+04 1.091348e+04 1.089656e+04 1.095074e+04
6.5 1.093236e+04 1.090366e+04 1.089570e+04 1.092440e+04
7.5 1.089795e+04 1.089137e+04 1.089515e+04 1.090173e+04
8.5 1.089401e+04 1.091197e+04 1.089296e+04 1.087501e+04
9.5 1.090653e+04 1.091899e+04 1.089231e+04 1.087986e+04
10.5 1.088370e+04 1.093818e+04 1.089582e+04 1.084134e+04
11.5 1.090227e+04 1.093845e+04 1.089792e+04 1.086175e+04
12.5 1.093355e+04 1.092884e+04 1.089798e+04 1.090269e+04
13.5 1.094350e+04 1.092607e+04 1.089616e+04 1.091359e+04
14.5 1.089643e+04 1.090091e+04 1.089447e+04 1.088999e+04
15.5 1.089851e+04 1.089031e+04 1.088875e+04 1.089695e+04
16.5 1.085581e+04 1.087361e+04 1.088641e+04 1.086861e+04
17.5 1.093215e+04 1.090363e+04 1.088870e+04 1.091721e+04
0.3 1.089604e+04 1.090827e+04 1.089620e+04 1.088397e+04
1.3 1.088372e+04 1.089864e+04 1.089889e+04 1.088397e+04
2.3 1.091060e+04 1.089622e+04 1.089960e+04 1.091399e+04
3.3 1.096928e+04 1.090478e+04 1.089808e+04 1.096258e+04
4.3 1.096765e+04 1.091348e+04 1.089656e+04 1.095074e+04
5.3 1.093236e+04 1.090366e+04 1.089570e+04 1.092440e+04
6.3 1.089795e+04 1.089137e+04 1.089515e+04 1.090173e+04
7.3 1.089401e+04 1.091197e+04 1.089296e+04 1.087501e+04
8.3 1.090653e+04 1.091899e+04 1.089231e+04 1.087986e+04
9.3 1.088370e+04 1.093818e+04 1.089582e+04 1.084134e+04
10.3 1.090227e+04 1.093845e+04 1.089792e+04 1.086175e+04
11.3 1.093355e+04 1.092884e+04 1.089798e+04 1.090269e+04
12.3 1.094350e+04 1.092607e+04 1.089616e+04 1.091359e+04
13.3 1.089643e+04 1.090091e+04 1.089447e+04 1.088999e+04
14.3 1.089851e+04 1.089031e+04 1.088875e+04 1.089695e+04
15.3 1.085581e+04 1.087361e+04 1.088641e+04 1.086861e+04
16.3 1.093215e+04 1.090363e+04 1.088870e+04 1.091721e+04
17.3 1.089229e+04 1.087433e+04 1.089204e+04 1.091000e+04
0.5 1.088372e+04 1.089864e+04 1.089889e+04 1.088397e+04
1.5 1.091060e+04 1.089622e+04 1.089960e+04 1.091399e+04
2.5 1.096928e+04 1.090478e+04 1.089808e+04 1.096258e+04
3.5 1.096765e+04 1.091348e+04 1.089656e+04 1.095074e+04
4.5 1.093236e+04 1.090366e+04 1.089570e+04 1.092440e+04
5.5 1.089795e+04 1.089137e+04 1.089515e+04 1.090173e+04
6.5 1.089401e+04 1.091197e+04 1.089296e+04 1.087501e+04
7.5 1.090653e+04 1.091899e+04 1.089231e+04 1.087986e+04
8.5 1.088370e+04 1.093818e+04 1.089582e+04 1.084134e+04
9.5 1.090227e+04 1.093845e+04 1.089792e+04 1.086175e+04
10.5 1.093355e+04 1.092884e+04 1.089798e+04 1.090269e+04
11.5 1.094350e+04 1.092607e+04 1.089616e+04 1.091359e+04
12.5 1.089643e+04 1.090091e+04 1.089447e+04 1.088999e+04
13.5 1.089851e+04 1.089031e+04 1.088875e+04 1.089695e+04
14.5 1.085581e+04 1.087361e+04 1.088641e+04 1.086861e+04
15.5 1.093215e+04 1.090363e+04 1.088870e+04 1.091721e+04
16.5 1.089229e+04 1.087433e+04 1.089204e+04 1.091000e+04
17.5 1.085583e+04 1.088012e+04 1.089449e+04 1.087020e+04
0.9 1.089795e+04 1.089137e+04 1.089515e+04 1.090173e+04
1.9 1.089401e+04 1.091197e+04 1.089296e+04 1.087501e+04
2.9 1.090653e+04 1.091899e+04 1.089231e+04 1.087986e+04
3.9 1.088370e+04 1.093818e+04 1.089582e+04 1.084134e+04
4.9 1.090227e+04 1.093845e+04 1.089792e+04 1.086175e+04
5.9 1.093355e+04 1.092884e+04 1.089798e+04 1.090269e+04
6.9 1.094350e+04 1.092607e+04 1.089616e+04 1.091359e+04
7.9 1.089643e+04 1.090091e+04 1.089447e+04 1.088999e+04
8.9 1.089851e+04 1.089031e+04 1.088875e+04 1.089695e+04
9.9 1.085581e+04 1.087361e+04 1.088641e+04 1.086861e+04
10.9 1.093215e+04 1.090363e+04 1.088870e+04 1.091721e+04
11.9 1.089229e+04 1.087433e+04 1.089204e+04 1.091000e+04
12.9 1.085583e+04 1.088012e+04 1.089449e+04 1.087020e+04
13.9 1.091120e+04 1.088776e+04 1.089228e+04 1.091571e+04
14.9 1.083546e+04 1.083558e+04 1.088886e+04 1.088874e+04
15.9 1.084139e+04 1.084936e+04 1.088726e+04 1.087929e+04
16.9 1.076179e+04 1.082518e+04 1.088892e+04 1.082553e+04
17.9 1.081889e+04 1.085911e+04 1.089175e+04 1.085153e+04
0.1 1.089401e+04 1.091197e+04 1.089296e+04 1.087501e+04
1.1 1.090653e+04 1.091899e+04 1.089231e+04 1.087986e+04
2.1 1.088370e+04 1.093818e+04 1.089582e+04 1.084134e+04
3.1 1.090227e+04 1.093845e+04 1.089792e+04 1.086175e+04
4.1 1.093355e+04 1.092884e+04 1.089798e+04 1.090269e+04
5.1 1.094350e+04 1.092607e+04 1.089616e+04 1.091359e+04
6.1 1.089643e+04 1.090091e+04 1.089447e+04 1.088999e+04
7.1 1.089851e+04 1.089031e+04 1.088875e+04 1.089695e+04
8.1 1.085581e+04 1.087361e+04 1.088641e+04 1.086861e+04
9.1 1.093215e+04 1.090363e+04 1.088870e+04 1.091721e+04
10.1 1.089229e+04 1.087433e+04 1.089204e+04 1.091000e+04
11.1 1.085583e+04 1.088012e+04 1.089449e+04 1.087020e+04
12.1 1.091120e+04 1.088776e+04 1.089228e+04 1.091571e+04
13.1 1.083546e+04 1.083558e+04 1.088886e+04 1.088874e+04
14.1 1.084139e+04 1.084936e+04 1.088726e+04 1.087929e+04
15.1 1.076179e+04 1.082518e+04 1.088892e+04 1.082553e+04
16.1 1.081889e+04 1.085911e+04 1.089175e+04 1.085153e+04
17.1 1.085182e+04 1.083095e+04 1.089412e+04 1.091499e+04
0.5 1.088370e+04 1.093818e+04 1.089582e+04 1.084134e+04
1.5 1.090227e+04 1.093845e+04 1.089792e+04 1.086175e+04
2.5 1.093355e+04 1.092884e+04 1.089798e+04 1.090269e+04
3.5 1.094350e+04 1.092607e+04 1.089616e+04 1.091359e+04
4.5 1.089643e+04 1.090091e+04 1.089447e+04 1.088999e+04
5.5 1.089851e+04 1.089031e+04 1.088875e+04 1.089695e+04
6.5 1.085581e+04 1.087361e+04 1.088641e+04 1.086861e+04
7.5 1.093215e+04 1.090363e+04 1.088870e+04 1.091721e+04
8.5 1.089229e+04 1.087433e+04 1.089204e+04 1.091000e+04
9.5 1.085583e+04 1.088012e+04 1.089449e+04 1.087020e+04
10.5 1.091120e+04 1.088776e+04 1.089228e+04 1.091571e+04
11.5 1.083546e+04 1.083558e+04 1.088886e+04 1.088874e+04
12.5 1.084139e+04 1.084936e+04 1.088726e+04 1.087929e+04
13.5 1.076179e+04 1.082518e+04 1.088892e+04 1.082553e+04
14.5 1.081889e+04 1.085911e+04 1.089175e+04 1.085153e+04
15.5 1.085182e+04 1.083095e+04 1.089412e+04 1.091499e+04
16.5 1.092528e+04 1.084960e+04 1.089463e+04 1.097031e+04
17.5 1.091538e+04 1.086969e+04 1.089545e+04 1.094115e+04
1.0 1.093355e+04 1.092884e+04 1.089798e+04 1.090269e+04
2.0 1.094350e+04 1.092607e+04 1.089616e+04 1.091359e+04
3.0 1.089643e+04 1.090091e+04 1.089447e+04 1.088999e+04
4.0 1.089851e+04 1.089031e+04 1.088875e+04 1.089695e+04
5.0 1.085581e+04 1.087361e+04 1.088641e+04 1.086861e+04
6.0 1.093215e+04 1.090363e+04 1.088870e+04 1.091721e+04
7.0 1.089229e+04 1.087433e+04 1.089204e+04 1.091000e+04
8.0 1.085583e+04 1.088012e+04 1.089449e+04 1.087020e+04
9.0 1.091120e+04 1.088776e+04 1.089228e+04 1.091571e+04
10.0 1.083546e+04 1.083558e+04 1.088886e+04 1.088874e+04
11.0 1.084139e+04 1.084936e+04 1.088726e+04 1.087929e+04
12.0 1.076179e+04 1.082518e+04 1.088892e+04 1.082553e+04
13.0 1.081889e+04 1.085911e+04 1.089175e+04 1.085153e+04
14.0 1.085182e+04 1.083095e+04 1.089412e+04 1.091499e+04
15.0 1.092528e+04 1.084960e+04 1.089463e+04 1.097031e+04
16.0 1.091538e+04 1.086969e+04 1.089545e+04 1.094115e+04
17.0 1.087256e+04 1.089477e+04 1.089631e+04 1.087410e+04
18.0 1.087950e+04 1.088462e+04 1.089666e+04 1.089154e+04
0.1 1.094350e+04 1.092607e+04 1.089616e+04 1.091359e+04
1.1 1.089643e+04 1.090091e+04 1.089447e+04 1.088999e+04
2.1 1.089851e+04 1.089031e+04 1.088875e+04 1.089695e+04
3.1 1.085581e+04 1.087361e+04 1.088641e+04 1.086861e+04
4.1 1.093215e+04 1.090363e+04 1.088870e+04 1.091721e+04
5.1 1.089229e+04 1.087433e+04 1.089204e+04 1.091000e+04
6.1 1.085583e+04 1.088012e+04 1.089449e+04 1.087020e+04
7.1 1.091120e+04 1.088776e+04 1.089228e+04 1.091571e+04
8.1 1.083546e+04 1.083558e+04 1.088886e+04 1.088874e+04
9.1 1.084139e+04 1.084936e+04 1.088726e+04 1.087929e+04
10.1 1.076179e+04 1.082518e+04 1.088892e+04 1.082553e+04
11.1 1.081889e+04 1.085911e+04 1.089175e+04 1.085153e+04
12.1 1.085182e+04 1.083095e+04 1.089412e+04 1.091499e+04
13.1 1.092528e+04 1.084960e+04 1.089463e+04 1.097031e+04
14.1 1.091538e+04 1.086969e+04 1.089545e+04 1.094115e+04
15.1 1.087256e+04 1.089477e+04 1.089631e+04 1.087410e+04
16.1 1.087950e+04 1.088462e+04 1.089666e+04 1.089154e+04
17.1 1.087013e+04 1.089229e+04 1.089663e+04 1.087448e+04
0.3 1.089851e+04 1.089031e+04 1.088875e+04 1.089695e+04
1.3 1.085581e+04 1.087361e+04 1.088641e+04 1.086861e+04
2.3 1.093215e+04 1.090363e+04 1.088870e+04 1.091721e+04
3.3 1.089229e+04 1.087433e+04 1.089204e+04 1.091000e+04
4.3 1.085583e+04 1.088012e+04 1.089449e+04 1.087020e+04
5.3 1.091120e+04 1.088776e+04 1.089228e+04 1.091571e+04
6.3 1.083546e+04 1.083558e+04 1.088886e+04 1.088874e+04
7.3 1.084139e+04 1.084936e+04 1.088726e+04 1.087929e+04
8.3 1.076179e+04 1.082518e+04 1.088892e+04 1.082553e+04
9.3 1.081889e+04 1.085911e+04 1.089175e+04 1.085153e+04
10.3 1.085182e+04 1.083095e+04 1.089412e+04 1.091499e+04
11.3 1.092528e+04 1.084960e+04 1.089463e+04 1.097031e+04
12.3 1.091538e+04 1.086969e+04 1.089545e+04 1.094115e+04
13.3 1.087256e+04 1.089477e+04 1.089631e+04 1.087410e+04
14.3 1.087950e+04 1.088462e+04 1.089666e+04 1.089154e+04
15.3 1.087013e+04 1.089229e+04 1.089663e+04 1.087448e+04
16.3 1.090654e+04 1.088461e+04 1.089645e+04 1.091837e+04
17.3 1.085756e+04 1.090050e+04 1.089622e+04 1.085328e+04
0.5 1.093215e+04 1.090363e+04 1.088870e+04 1.091721e+04
1.5 1.089229e+04 1.087433e+04 1.089204e+04 1.091000e+04
2.5 1.085583e+04 1.088012e+04 1.089449e+04 1.087020e+04
3.5 1.091120e+04 1.088776e+04 1.089228e+04 1.091571e+04
4.5 1.083546e+04 1.083558e+04 1.088886e+04 1.088874e+04
5.5 1.084139e+04 1.084936e+04 1.088726e+04 1.087929e+04
6.5 1.076179e+04 1.082518e+04 1.088892e+04 1.082553e+04
7.5 1.081889e+04 1.085911e+04 1.089175e+04 1.085153e+04
8.5 1.085182e+04 1.083095e+04 1.089412e+04 1.091499e+04
9.5 1.092528e+04 1.084960e+04 1.089463e+04 1.097031e+04
10.5 1.091538e+04 1.086969e+04 1.089545e+04 1.094115e+04
11.5 1.087256e+04 1.089477e+04 1.089631e+04 1.087410e+04
12.5 1.087950e+04 1.088462e+04 1.089666e+04 1.089154e+04
13.5 1.087013e+04 1.089229e+04 1.089663e+04 1.087448e+04
14.5 1.090654e+04 1.088461e+04 1.089645e+04 1.091837e+04
15.5 1.085756e+04 1.090050e+04 1.089622e+04 1.085328e+04
16.5 1.090992e+04 1.090026e+04 1.089600e+04 1.090567e+04
17.5 1.088373e+04 1.090630e+04 1.089582e+04 1.087325e+04
0.1 1.089229e+04 1.087433e+04 1.089204e+04 1.091000e+04
1.1 1.085583e+04 1.088012e+04 1.089449e+04 1.087020e+04
2.1 1.091120e+04 1.088776e+04 1.089228e+04 1.091571e+04
3.1 1.083546e+04 1.083558e+04 1.088886e+04 1.088874e+04
4.1 1.084139e+04 1.084936e+04 1.088726e+04 1.087929e+04
5.1 1.076179e+04 1.082518e+04 1.088892e+04 1.082553e+04
6.1 1.081889e+04 1.085911e+04 1.089175e+04 1.085153e+04
7.1 1.085182e+04 1.083095e+04 1.089412e+04 1.091499e+04
8.1 1.092528e+04 1.084960e+04 1.089463e+04 1.097031e+04
9.1 1.091538e+04 1.086969e+04 1.089545e+04 1.094115e+04
10.1 1.087256e+04 1.089477e+04 1.089631e+04 1.087410e+04
11.1 1.087950e+04 1.088462e+04 1.089666e+04 1.089154e+04
12.1 1.087013e+04 1.089229e+04 1.089663e+04 1.087448e+04
13.1 1.090654e+04 1.088461e+04 1.089645e+04 1.091837e+04
14.1 1.085756e+04 1.090050e+04 1.089622e+04 1.085328e+04
15.1 1.090992e+04 1.090026e+04 1.089600e+04 1.090567e+04
16.1 1.088373e+04 1.090630e+04 1.089582e+04 1.087325e+04
17.1 1.090150e+04 1.091762e+04 1.089567e+04 1.087955e+04
0.7 1.091120e+04 1.088776e+04 1.089228e+04 1.091571e+04
1.7 1.083546e+04 1.083558e+04 1.088886e+04 1.088874e+04
2.7 1.084139e+04 1.084936e+04 1.088726e+04 1.087929e+04
3.7 1.076179e+04 1.082518e+04 1.088892e+04 1.082553e+04
4.7 1.081889e+04 1.085911e+04 1.089175e+04 1.085153e+04
5.7 1.085182e+04 1.083095e+04 1.089412e+04 1.091499e+04
6.7 1.092528e+04 1.084960e+04 1.089463e+04 1.097031e+04
7.7 1.091538e+04 1.086969e+04 1.089545e+04 1.094115e+04
8.7 1.087256e+04 1.089477e+04 1.089631e+04 1.087410e+04
9.7 1.087950e+04 1.088462e+04 1.089666e+04 1.089154e+04
10.7 1.087013e+04 1.089229e+04 1.089663e+04 1.087448e+04
11.7 1.090654e+04 1.088461e+04 1.089645e+04 1.091837e+04
12.7 1.085756e+04 1.090050e+04 1.089622e+04 1.085328e+04
13.7 1.090992e+04 1.090026e+04 1.089600e+04 1.090567e+04
14.7 1.088373e+04 1.090630e+04 1.089582e+04 1.087325e+04
15.7 1.090150e+04 1.091762e+04 1.089567e+04 1.087955e+04
16.7 1.090781e+04 1.087447e+04 1.089555e+04 1.092888e+04
17.7 1.090796e+04 1.090473e+04 1.089546e+04 1.089869e+04
0.6 1.083546e+04 1.083558e+04 1.088886e+04 1.088874e+04
1.6 1.084139e+04 1.084936e+04 1.088726e+04 1.087929e+04
2.6 1.076179e+04 1.082518e+04 1.088892e+04 1.082553e+04
3.6 1.081889e+04 1.085911e+04 1.089175e+04 1.085153e+04
4.6 1.085182e+04 1.083095e+04 1.089412e+04 1.091499e+04
5.6 1.092528e+04 1.084960e+04 1.089463e+04 1.097031e+04
6.6 1.091538e+04 1.086969e+04 1.089545e+04 1.094115e+04
7.6 1.087256e+04 1.089477e+04 1.089631e+04 1.087410e+04
8.6 1.087950e+04 1.088462e+04 1.089666e+04 1.089154e+04
9.6 1.087013e+04 1.089229e+04 1.089663e+04 1.087448e+04
10.6 1.090654e+04 1.088461e+04 1.089645e+04 1.091837e+04
11.6 1.085756e+04 1.090050e+04 1.089622e+04 1.085328e+04
12.6 1.090992e+04 1.090026e+04 1.089600e+04 1.090567e+04
13.6 1.088373e+04 1.090630e+04 1.089582e+04 1.087325e+04
14.6 1.090150e+04 1.091762e+04 1.089567e+04 1.087955e+04
15.6 1.090781e+04 1.087447e+04 1.089555e+04 1.092888e+04
16.6 1.090796e+04 1.090473e+04 1.089546e+04 1.089869e+04
17.6 1.090591e+04 1.089582e+04 1.089538e+04 1.090546e+04
1.0 1.076179e+04 1.082518e+04 1.088892e+04 1.082553e+04
2.0 1.081889e+04 1.085911e+04 1.089175e+04 1.085153e+04
3.0 1.085182e+04 1.083095e+04 1.089412e+04 1.091499e+04
4.0 1.092528e+04 1.084960e+04 1.089463e+04 1.097031e+04
5.0 1.091538e+04 1.086969e+04 1.089545e+04 1.094115e+04
6.0 1.087256e+04 1.089477e+04 1.089631e+04 1.087410e+04
7.0 1.087950e+04 1.088462e+04 1.089666e+04 1.089154e+04
8.0 1.087013e+04 1.089229e+04 1.089663e+04 1.087448e+04
9.0 1.090654e+04 1.088461e+04 1.089645e+04 1.091837e+04
10.0 1.085756e+04 1.090050e+04 1.089622e+04 1.085328e+04
11.0 1.090992e+04 1.090026e+04 1.089600e+04 1.090567e+04
12.0 1.088373e+04 1.090630e+04 1.089582e+04 1.087325e+04
13.0 1.090150e+04 1.091762e+04 1.089567e+04 1.087955e+04
14.0 1.090781e+04 1.087447e+04 1.089555e+04 1.092888e+04
15.0 1.090796e+04 1.090473e+04 1.089546e+04 1.089869e+04
16.0 1.090591e+04 1.089582e+04 1.089538e+04 1.090546e+04
17.0 1.091223e+04 1.087450e+04 1.089531e+04 1.093304e+04
18.0 1.089646e+04 1.086385e+04 1.089525e+04 1.092786e+04
0.2 1.081889e+04 1.085911e+04 1.089175e+04 1.085153e+04
1.2 1.085182e+04 1.083095e+04 1.089412e+04 1.091499e+04
2.2 1.092528e+04 1.084960e+04 1.089463e+04 1.097031e+04
3.2 1.091538e+04 1.086969e+04 1.089545e+04 1.094115e+04
4.2 1.087256e+04 1.089477e+04 1.089631e+04 1.087410e+04
5.2 1.087950e+04 1.088462e+04 1.089666e+04 1.089154e+04
6.2 1.087013e+04 1.089229e+04 1.089663e+04 1.087448e+04
7.2 1.090654e+04 1.088461e+04 1.089645e+04 1.091837e+04
8.2 1.085756e+04 1.090050e+04 1.089622e+04 1.085328e+04
9.2 1.090992e+04 1.090026e+04 1.089600e+04 1.090567e+04
10.2 1.088373e+04 1.090630e+04 1.089582e+04 1.087325e+04
11.2 1.090150e+04 1.091762e+04 1.089567e+04 1.087955e+04
12.2 1.090781e+04 1.087447e+04 1.089555e+04 1.092888e+04
13.2 1.090796e+04 1.090473e+04 1.089546e+04 1.089869e+04
14.2 1.090591e+04 1.089582e+04 1.089538e+04 1.090546e+04
15.2 1.091223e+04 1.087450e+04 1.089531e+04 1.093304e+04
16.2 1.089646e+04 1.086385e+04 1.089525e+04 1.092786e+04
17.2 1.089186e+04 1.087492e+04 1.089520e+04 1.091213e+04
0.7 1.096874e+04 1.093136e+04 1.089497e+04 1.093235e+04
1.7 1.095587e+04 1.094764e+04 1.089154e+04 1.089977e+04
2.7 1.095212e+04 1.096199e+04 1.088751e+04 1.087764e+04
3.7 1.097016e+04 1.094820e+04 1.089053e+04 1.091249e+04
4.7 1.097329e+04 1.093787e+04 1.089558e+04 1.093101e+04
5.7 1.095105e+04 1.094528e+04 1.089971e+04 1.090548e+04
6.7 1.091589e+04 1.090871e+04 1.090114e+04 1.090832e+04
7.7 1.088619e+04 1.091704e+04 1.089952e+04 1.086867e+04
8.7 1.087924e+04 1.088233e+04 1.089616e+04 1.089307e+04
9.7 1.087337e+04 1.089861e+04 1.089406e+04 1.086882e+04
10.7 1.088816e+04 1.088168e+04 1.089428e+04 1.090075e+04
11.7 1.090297e+04 1.088215e+04 1.089608e+04 1.091690e+04
12.7 1.090789e+04 1.085952e+04 1.089475e+04 1.094312e+04
13.7 1.085578e+04 1.087099e+04 1.089316e+04 1.087794e+04
14.7 1.082437e+04 1.085089e+04 1.089174e+04 1.086522e+04
15.7 1.081483e+04 1.085699e+04 1.089123e+04 1.084907e+04
16.7 1.083092e+04 1.084831e+04 1.088982e+04 1.087242e+04
17.7 1.082708e+04 1.087990e+04 1.089102e+04 1.083819e+04
1.0 1.095212e+04 1.096199e+04 1.088751e+04 1.087764e+04
2.0 1.097016e+04 1.094820e+04 1.089053e+04 1.091249e+04
3.0 1.097329e+04 1.093787e+04 1.089558e+04 1.093101e+04
4.0 1.095105e+04 1.094528e+04 1.089971e+04 1.090548e+04
5.0 1.091589e+04 1.090871e+04 1.090114e+04 1.090832e+04
6.0 1.088619e+04 1.091704e+04 1.089952e+04 1.086867e+04
7.0 1.087924e+04 1.088233e+04 1.089616e+04 1.089307e+04
8.0 1.087337e+04 1.089861e+04 1.089406e+04 1.086882e+04
9.0 1.088816e+04 1.088168e+04 1.089428e+04 1.090075e+04
10.0 1.090297e+04 1.088215e+04 1.089608e+04 1.091690e+04
11.0 1.090789e+04 1.085952e+04 1.089475e+04 1.094312e+04
12.0 1.085578e+04 1.087099e+04 1.089316e+04 1.087794e+04
13.0 1.082437e+04 1.085089e+04 1.089174e+04 1.086522e+04
14.0 1.081483e+04 1.085699e+04 1.089123e+04 1.084907e+04
15.0 1.083092e+04 1.084831e+04 1.088982e+04 1.087242e+04
16.0 1.082708e+04 1.087990e+04 1.089102e+04 1.083819e+04
17.0 1.081857e+04 1.087671e+04 1.089336e+04 1.083522e+04
18.0 1.080916e+04 1.087780e+04 1.089498e+04 1.082635e+04
0.4 1.097016e+04 1.094820e+04 1.089053e+04 1.091249e+04
1.4 1.097329e+04 1.093787e+04 1.089558e+04 1.093101e+04
2.4 1.095105e+04 1.094528e+04 1.089971e+04 1.090548e+04
3.4 1.091589e+04 1.090871e+04 1.090114e+04 1.090832e+04
4.4 1.088619e+04 1.091704e+04 1.089952e+04 1.086867e+04
5.4 1.087924e+04 1.088233e+04 1.089616e+04 1.089307e+04
6.4 1.087337e+04 1.089861e+04 1.089406e+04 1.086882e+04
7.4 1.088816e+04 1.088168e+04 1.089428e+04 1.090075e+04
8.4 1.090297e+04 1.088215e+04 1.089608e+04 1.091690e+04
9.4 1.090789e+04 1.085952e+04 1.089475e+04 1.094312e+04
10.4 1.085578e+04 1.087099e+04 1.089316e+04 1.087794e+04
11.4 1.082437e+04 1.085089e+04 1.089174e+04 1.086522e+04
12.4 1.081483e+04 1.085699e+04 1.089123e+04 1.084907e+04
13.4 1.083092e+04 1.084831e+04 1.088982e+04 1.087242e+04
14.4 1.082708e+04 1.087990e+04 1.089102e+04 1.083819e+04
15.4 1.081857e+04 1.087671e+04 1.089336e+04 1.083522e+04
16.4 1.080916e+04 1.087780e+04 1.089498e+04 1.082635e+04
17.4 1.084303e+04 1.088050e+04 1.089484e+04 1.085737e+04
1.0 1.095105e+04 1.094528e+04 1.089971e+04 1.090548e+04
2.0 1.091589e+04 1.090871e+04 1.090114e+04 1.090832e+04
3.0 1.088619e+04 1.091704e+04 1.089952e+04 1.086867e+04
4.0 1.087924e+04 1.088233e+04 1.089616e+04 1.089307e+04
5.0 1.087337e+04 1.089861e+04 1.089406e+04 1.086882e+04
6.0 1.088816e+04 1.088168e+04 1.089428e+04 1.090075e+04
7.0 1.090297e+04 1.088215e+04 1.089608e+04 1.091690e+04
8.0 1.090789e+04 1.085952e+04 1.089475e+04 1.094312e+04
9.0 1.085578e+04 1.087099e+04 1.089316e+04 1.087794e+04
10.0 1.082437e+04 1.085089e+04 1.089174e+04 1.086522e+04
11.0 1.081483e+04 1.085699e+04 1.089123e+04 1.084907e+04
12.0 1.083092e+04 1.084831e+04 1.088982e+04 1.087242e+04
13.0 1.082708e+04 1.087990e+04 1.089102e+04 1.083819e+04
14.0 1.081857e+04 1.087671e+04 1.089336e+04 1.083522e+04
15.0 1.080916e+04 1.087780e+04 1.089498e+04 1.082635e+04
16.0 1.084303e+04 1.088050e+04 1.089484e+04 1.085737e+04
17.0 1.081302e+04 1.087779e+04 1.089266e+04 1.082790e+04
18.0 1.089479e+04 1.087978e+04 1.089292e+04 1.090792e+04
0.5 1.091589e+04 1.090871e+04 1.090114e+04 1.090832e+04
1.5 1.088619e+04 1.091704e+04 1.089952e+04 1.086867e+04
2.5 1.087924e+04 1.088233e+04 1.089616e+04 1.089307e+04
3.5 1.087337e+04 1.089861e+04 1.089406e+04 1.086882e+04
4.5 1.088816e+04 1.088168e+04 1.089428e+04 1.090075e+04
5.5 1.090297e+04 1.088215e+04 1.089608e+04 1.091690e+04
6.5 1.090789e+04 1.085952e+04 1.089475e+04 1.094312e+04
7.5 1.085578e+04 1.087099e+04 1.089316e+04 1.087794e+04
8.5 1.082437e+04 1.085089e+04 1.089174e+04 1.086522e+04
9.5 1.081483e+04 1.085699e+04 1.089123e+04 1.084907e+04
10.5 1.083092e+04 1.084831e+04 1.088982e+04 1.087242e+04
11.5 1.082708e+04 1.087990e+04 1.089102e+04 1.083819e+04
12.5 1.081857e+04 1.087671e+04 1.089336e+04 1.083522e+04
13.5 1.080916e+04 1.087780e+04 1.089498e+04 1.082635e+04
14.5 1.084303e+04 1.088050e+04 1.089484e+04 1.085737e+04
15.5 1.081302e+04 1.087779e+04 1.089266e+04 1.082790e+04
16.5 1.089479e+04 1.087978e+04 1.089292e+04 1.090792e+04
17.5 1.088518e+04 1.087126e+04 1.089451e+04 1.090842e+04
0.1 1.088619e+04 1.091704e+04 1.089952e+04 1.086867e+04
1.1 1.087924e+04 1.088233e+04 1.089616e+04 1.089307e+04
2.1 1.087337e+04 1.089861e+04 1.089406e+04 1.086882e+04
3.1 1.088816e+04 1.088168e+04 1.089428e+04 1.090075e+04
4.1 1.090297e+04 1.088215e+04 1.089608e+04 1.091690e+04
5.1 1.090789e+04 1.085952e+04 1.089475e+04 1.094312e+04
6.1 1.085578e+04 1.087099e+04 1.089316e+04 1.087794e+04
7.1 1.082437e+04 1.085089e+04 1.089174e+04 1.086522e+04
8.1 1.081483e+04 1.085699e+04 1.089123e+04 1.084907e+04
9.1 1.083092e+04 1.084831e+04 1.088982e+04 1.087242e+04
10.1 1.082708e+04 1.087990e+04 1.089102e+04 1.083819e+04
11.1 1.081857e+04 1.087671e+04 1.089336e+04 1.083522e+04
12.1 1.080916e+04 1.087780e+04 1.089498e+04 1.082635e+04
13.1 1.084303e+04 1.088050e+04 1.089484e+04 1.085737e+04
14.1 1.081302e+04 1.087779e+04 1.089266e+04 1.082790e+04
15.1 1.089479e+04 1.087978e+04 1.089292e+04 1.090792e+04
16.1 1.088518e+04 1.087126e+04 1.089451e+04 1.090842e+04
17.1 1.092080e+04 1.088760e+04 1.089395e+04 1.092715e+04
0.4 1.087337e+04 1.089861e+04 1.089406e+04 1.086882e+04
1.4 1.088816e+04 1.088168e+04 1.089428e+04 1.090075e+04
2.4 1.090297e+04 1.088215e+04 1.089608e+04 1.091690e+04
3.4 1.090789e+04 1.085952e+04 1.089475e+04 1.094312e+04
4.4 1.085578e+04 1.087099e+04 1.089316e+04 1.087794e+04
5.4 1.082437e+04 1.085089e+04 1.089174e+04 1.086522e+04
6.4 1.081483e+04 1.085699e+04 1.089123e+04 1.084907e+04
7.4 1.083092e+04 1.084831e+04 1.088982e+04 1.087242e+04
8.4 1.082708e+04 1.087990e+04 1.089102e+04 1.083819e+04
9.4 1.081857e+04 1.087671e+04 1.089336e+04 1.083522e+04
10.4 1.080916e+04 1.087780e+04 1.089498e+04 1.082635e+04
11.4 1.084303e+04 1.088050e+04 1.089484e+04 1.085737e+04
12.4 1.081302e+04 1.087779e+04 1.089266e+04 1.082790e+04
13.4 1.089479e+04 1.087978e+04 1.089292e+04 1.090792e+04
14.4 1.088518e+04 1.087126e+04 1.089451e+04 1.090842e+04
15.4 1.092080e+04 1.088760e+04 1.089395e+04 1.092715e+04
16.4 1.088560e+04 1.088547e+04 1.089407e+04 1.089420e+04
17.4 1.091707e+04 1.088539e+04 1.089474e+04 1.092641e+04
0.1 1.088816e+04 1.088168e+04 1.089428e+04 1.090075e+04
1.1 1.090297e+04 1.088215e+04 1.089608e+04 1.091690e+04
2.1 1.090789e+04 1.085952e+04 1.089475e+04 1.094312e+04
3.1 1.085578e+04 1.087099e+04 1.089316e+04 1.087794e+04
4.1 1.082437e+04 1.085089e+04 1.089174e+04 1.086522e+04
5.1 1.081483e+04 1.085699e+04 1.089123e+04 1.084907e+04
6.1 1.083092e+04 1.084831e+04 1.088982e+04 1.087242e+04
7.1 1.082708e+04 1.087990e+04 1.089102e+04 1.083819e+04
8.1 1.081857e+04 1.087671e+04 1.089336e+04 1.083522e+04
9.1 1.080916e+04 1.087780e+04 1.089498e+04 1.082635e+04
10.1 1.084303e+04 1.088050e+04 1.089484e+04 1.085737e+04
11.1 1.081302e+04 1.087779e+04 1.089266e+04 1.082790e+04
12.1 1.089479e+04 1.087978e+04 1.089292e+04 1.090792e+04
13.1 1.088518e+04 1.087126e+04 1.089451e+04 1.090842e+04
14.1 1.092080e+04 1.088760e+04 1.089395e+04 1.092715e+04
15.1 1.088560e+04 1.088547e+04 1.089407e+04 1.089420e+04
16.1 1.091707e+04 1.088539e+04 1.089474e+04 1.092641e+04
17.1 1.092627e+04 1.088131e+04 1.089518e+04 1.094013e+04
0.2 1.090789e+04 1.085952e+04 1.089475e+04 1.094312e+04
1.2 1.085578e+04 1.087099e+04 1.089316e+04 1.087794e+04
2.2 1.082437e+04 1.085089e+04 1.089174e+04 1.086522e+04
3.2 1.081483e+04 1.085699e+04 1.089123e+04 1.084907e+04
4.2 1.083092e+04 1.084831e+04 1.088982e+04 1.087242e+04
5.2 1.082708e+04 1.087990e+04 1.089102e+04 1.083819e+04
6.2 1.081857e+04 1.087671e+04 1.089336e+04 1.083522e+04
7.2 1.080916e+04 1.087780e+04 1.089498e+04 1.082635e+04
8.2 1.084303e+04 1.088050e+04 1.089484e+04 1.085737e+04
9.2 1.081302e+04 1.087779e+04 1.089266e+04 1.082790e+04
10.2 1.089479e+04 1.087978e+04 1.089292e+04 1.090792e+04
11.2 1.088518e+04 1.087126e+04 1.089451e+04 1.090842e+04
12.2 1.092080e+04 1.088760e+04 1.089395e+04 1.092715e+04
13.2 1.088560e+04 1.088547e+04 1.089407e+04 1.089420e+04
14.2 1.091707e+04 1.088539e+04 1.089474e+04 1.092641e+04
15.2 1.092627e+04 1.088131e+04 1.089518e+04 1.094013e+04
16.2 1.091944e+04 1.089429e+04 1.089532e+04 1.092048e+04
17.2 1.088940e+04 1.088036e+04 1.089530e+04 1.090434e+04
0.4 1.082437e+04 1.085089e+04 1.089174e+04 1.086522e+04
1.4 1.081483e+04 1.085699e+04 1.089123e+04 1.084907e+04
2.4 1.083092e+04 1.084831e+04 1.088982e+04 1.087242e+04
3.4 1.082708e+04 1.087990e+04 1.089102e+04 1.083819e+04
4.4 1.081857e+04 1.087671e+04 1.089336e+04 1.083522e+04
5.4 1.080916e+04 1.087780e+04 1.089498e+04 1.082635e+04
6.4 1.084303e+04 1.088050e+04 1.089484e+04 1.085737e+04
7.4 1.081302e+04 1.087779e+04 1.089266e+04 1.082790e+04
8.4 1.089479e+04 1.087978e+04 1.089292e+04 1.090792e+04
9.4 1.088518e+04 1.087126e+04 1.089451e+04 1.090842e+04
10.4 1.092080e+04 1.088760e+04 1.089395e+04 1.092715e+04
11.4 1.088560e+04 1.088547e+04 1.089407e+04 1.089420e+04
12.4 1.091707e+04 1.088539e+04 1.089474e+04 1.092641e+04
13.4 1.092627e+04 1.088131e+04 1.089518e+04 1.094013e+04
14.4 1.091944e+04 1.089429e+04 1.089532e+04 1.092048e+04
15.4 1.088940e+04 1.088036e+04 1.089530e+04 1.090434e+04
16.4 1.088673e+04 1.090584e+04 1.089521e+04 1.087609e+04
17.4 1.092893e+04 1.089549e+04 1.089509e+04 1.092853e+04
0.3 1.080916e+04 1.087780e+04 1.089498e+04 1.082635e+04
1.3 1.084303e+04 1.088050e+04 1.089484e+04 1.085737e+04
2.3 1.081302e+04 1.087779e+04 1.089266e+04 1.082790e+04
3.3 1.089479e+04 1.087978e+04 1.089292e+04 1.090792e+04
4.3 1.088518e+04 1.087126e+04 1.089451e+04 1.090842e+04
5.3 1.092080e+04 1.088760e+04 1.089395e+04 1.092715e+04
6.3 1.088560e+04 1.088547e+04 1.089407e+04 1.089420e+04
7.3 1.091707e+04 1.088539e+04 1.089474e+04 1.092641e+04
8.3 1.092627e+04 1.088131e+04 1.089518e+04 1.094013e+04
9.3 1.091944e+04 1.089429e+04 1.089532e+04 1.092048e+04
10.3 1.088940e+04 1.088036e+04 1.089530e+04 1.090434e+04
11.3 1.088673e+04 1.090584e+04 1.089521e+04 1.087609e+04
12.3 1.092893e+04 1.089549e+04 1.089509e+04 1.092853e+04
13.3 1.086569e+04 1.088473e+04 1.089497e+04 1.087594e+04
14.3 1.088180e+04 1.091909e+04 1.089487e+04 1.085758e+04
15.3 1.092078e+04 1.091206e+04 1.089479e+04 1.090350e+04
16.3 1.090199e+04 1.089064e+04 1.089471e+04 1.090606e+04
17.3 1.095310e+04 1.090524e+04 1.089464e+04 1.094250e+04
0.5 1.081302e+04 1.087779e+04 1.089266e+04 1.082790e+04
1.5 1.089479e+04 1.087978e+04 1.089292e+04 1.090792e+04
2.5 1.088518e+04 1.087126e+04 1.089451e+04 1.090842e+04
3.5 1.092080e+04 1.088760e+04 1.089395e+04 1.092715e+04
4.5 1.088560e+04 1.088547e+04 1.089407e+04 1.089420e+04
5.5 1.091707e+04 1.088539e+04 1.089474e+04 1.092641e+04
6.5 1.092627e+04 1.088131e+04 1.089518e+04 1.094013e+04
7.5 1.091944e+04 1.089429e+04 1.089532e+04 1.092048e+04
8.5 1.088940e+04 1.088036e+04 1.089530e+04 1.090434e+04
9.5 1.088673e+04 1.090584e+04 1.089521e+04 1.087609e+04
10.5 1.092893e+04 1.089549e+04 1.089509e+04 1.092853e+04
11.5 1.086569e+04 1.088473e+04 1.089497e+04 1.087594e+04
12.5 1.088180e+04 1.091909e+04 1.089487e+04 1.085758e+04
13.5 1.092078e+04 1.091206e+04 1.089479e+04 1.090350e+04
14.5 1.090199e+04 1.089064e+04 1.089471e+04 1.090606e+04
15.5 1.095310e+04 1.090524e+04 1.089464e+04 1.094250e+04
16.5 1.093382e+04 1.089067e+04 1.089458e+04 1.093773e+04
17.5 1.084526e+04 1.090346e+04 1.089453e+04 1.083632e+04
0.4 1.089479e+04 1.087978e+04 1.089292e+04 1.090792e+04
1.4 1.088518e+04 1.087126e+04 1.089451e+04 1.090842e+04
2.4 1.092080e+04 1.088760e+04 1.089395e+04 1.092715e+04
3.4 1.088560e+04 1.088547e+04 1.089407e+04 1.089420e+04
4.4 1.091707e+04 1.088539e+04 1.089474e+04 1.092641e+04
5.4 1.092627e+04 1.088131e+04 1.089518e+04 1.094013e+04
6.4 1.091944e+04 1.089429e+04 1.089532e+04 1.092048e+04
7.4 1.088940e+04 1.088036e+04 1.089530e+04 1.090434e+04
8.4 1.088673e+04 1.090584e+04 1.089521e+04 1.087609e+04
9.4 1.092893e+04 1.089549e+04 1.089509e+04 1.092853e+04
10.4 1.086569e+04 1.088473e+04 1.089497e+04 1.087594e+04
11.4 1.088180e+04 1.091909e+04 1.089487e+04 1.085758e+04
12.4 1.092078e+04 1.091206e+04 1.089479e+04 1.090350e+04
13.4 1.090199e+04 1.089064e+04 1.089471e+04 1.090606e+04
14.4 1.095310e+04 1.090524e+04 1.089464e+04 1.094250e+04
15.4 1.093382e+04 1.089067e+04 1.089458e+04 1.093773e+04
16.4 1.084526e+04 1.090346e+04 1.089453e+04 1.083632e+04
17.4 1.088520e+04 1.091589e+04 1.089447e+04 1.086378e+04
