0.2 1.089772e+04 1.091683e+04 1.089214e+04 1.087302e+04
1.2 1.085844e+04 1.086219e+04 1.088248e+04 1.087874e+04
2.2 1.095406e+04 1.089302e+04 1.087626e+04 1.093730e+04
3.2 1.097892e+04 1.088453e+04 1.087765e+04 1.097203e+04
4.2 1.094672e+04 1.090631e+04 1.088261e+04 1.092302e+04
5.2 1.088651e+04 1.089510e+04 1.088672e+04 1.087813e+04
6.2 1.082548e+04 1.090522e+04 1.089578e+04 1.081603e+04
7.2 1.085881e+04 1.088418e+04 1.090495e+04 1.087958e+04
8.2 1.080218e+04 1.086791e+04 1.090930e+04 1.084357e+04
9.2 1.085066e+04 1.088783e+04 1.091494e+04 1.087777e+04
10.2 1.081452e+04 1.087144e+04 1.091207e+04 1.085515e+04
11.2 1.084331e+04 1.086867e+04 1.090351e+04 1.087814e+04
12.2 1.076084e+04 1.085385e+04 1.089684e+04 1.080383e+04
13.2 1.083780e+04 1.088464e+04 1.089340e+04 1.084656e+04
14.2 1.088283e+04 1.087164e+04 1.089211e+04 1.090330e+04
15.2 1.088519e+04 1.090070e+04 1.089199e+04 1.087649e+04
16.2 1.091271e+04 1.091564e+04 1.089240e+04 1.088948e+04
17.2 1.088799e+04 1.088214e+04 1.089292e+04 1.089877e+04
0.8 1.095406e+04 1.089302e+04 1.087626e+04 1.093730e+04
1.8 1.097892e+04 1.088453e+04 1.087765e+04 1.097203e+04
2.8 1.094672e+04 1.090631e+04 1.088261e+04 1.092302e+04
3.8 1.088651e+04 1.089510e+04 1.088672e+04 1.087813e+04
4.8 1.082548e+04 1.090522e+04 1.089578e+04 1.081603e+04
5.8 1.085881e+04 1.088418e+04 1.090495e+04 1.087958e+04
6.8 1.080218e+04 1.086791e+04 1.090930e+04 1.084357e+04
7.8 1.085066e+04 1.088783e+04 1.091494e+04 1.087777e+04
8.8 1.081452e+04 1.087144e+04 1.091207e+04 1.085515e+04
9.8 1.084331e+04 1.086867e+04 1.090351e+04 1.087814e+04
10.8 1.076084e+04 1.085385e+04 1.089684e+04 1.080383e+04
11.8 1.083780e+04 1.088464e+04 1.089340e+04 1.084656e+04
12.8 1.088283e+04 1.087164e+04 1.089211e+04 1.090330e+04
13.8 1.088519e+04 1.090070e+04 1.089199e+04 1.087649e+04
14.8 1.091271e+04 1.091564e+04 1.089240e+04 1.088948e+04
15.8 1.088799e+04 1.088214e+04 1.089292e+04 1.089877e+04
16.8 1.094068e+04 1.089166e+04 1.089335e+04 1.094237e+04
17.8 1.089711e+04 1.088600e+04 1.089363e+04 1.090474e+04
0.7 1.097892e+04 1.088453e+04 1.087765e+04 1.097203e+04
1.7 1.094672e+04 1.090631e+04 1.088261e+04 1.092302e+04
2.7 1.088651e+04 1.089510e+04 1.088672e+04 1.087813e+04
3.7 1.082548e+04 1.090522e+04 1.089578e+04 1.081603e+04
4.7 1.085881e+04 1.088418e+04 1.090495e+04 1.087958e+04
5.7 1.080218e+04 1.086791e+04 1.090930e+04 1.084357e+04
6.7 1.085066e+04 1.088783e+04 1.091494e+04 1.087777e+04
7.7 1.081452e+04 1.087144e+04 1.091207e+04 1.085515e+04
8.7 1.084331e+04 1.086867e+04 1.090351e+04 1.087814e+04
9.7 1.076084e+04 1.085385e+04 1.089684e+04 1.080383e+04
10.7 1.083780e+04 1.088464e+04 1.089340e+04 1.084656e+04
11.7 1.088283e+04 1.087164e+04 1.089211e+04 1.090330e+04
12.7 1.088519e+04 1.090070e+04 1.089199e+04 1.087649e+04
13.7 1.091271e+04 1.091564e+04 1.089240e+04 1.088948e+04
14.7 1.088799e+04 1.088214e+04 1.089292e+04 1.089877e+04
15.7 1.094068e+04 1.089166e+04 1.089335e+04 1.094237e+04
16.7 1.089711e+04 1.088600e+04 1.089363e+04 1.090474e+04
17.7 1.093070e+04 1.090223e+04 1.089379e+04 1.092227e+04
0.6 1.094672e+04 1.090631e+04 1.088261e+04 1.092302e+04
1.6 1.088651e+04 1.089510e+04 1.088672e+04 1.087813e+04
2.6 1.082548e+04 1.090522e+04 1.089578e+04 1.081603e+04
3.6 1.085881e+04 1.088418e+04 1.090495e+04 1.087958e+04
4.6 1.080218e+04 1.086791e+04 1.090930e+04 1.084357e+04
5.6 1.085066e+04 1.088783e+04 1.091494e+04 1.087777e+04
6.6 1.081452e+04 1.087144e+04 1.091207e+04 1.085515e+04
7.6 1.084331e+04 1.086867e+04 1.090351e+04 1.087814e+04
8.6 1.076084e+04 1.085385e+04 1.089684e+04 1.080383e+04
9.6 1.083780e+04 1.088464e+04 1.089340e+04 1.084656e+04
10.6 1.088283e+04 1.087164e+04 1.089211e+04 1.090330e+04
11.6 1.088519e+04 1.090070e+04 1.089199e+04 1.087649e+04
12.6 1.091271e+04 1.091564e+04 1.089240e+04 1.088948e+04
13.6 1.088799e+04 1.088214e+04 1.089292e+04 1.089877e+04
14.6 1.094068e+04 1.089166e+04 1.089335e+04 1.094237e+04
15.6 1.089711e+04 1.088600e+04 1.089363e+04 1.090474e+04
16.6 1.093070e+04 1.090223e+04 1.089379e+04 1.092227e+04
17.6 1.095017e+04 1.088977e+04 1.089389e+04 1.095429e+04
0.8 1.088651e+04 1.089510e+04 1.088672e+04 1.087813e+04
1.8 1.082548e+04 1.090522e+04 1.089578e+04 1.081603e+04
2.8 1.085881e+04 1.088418e+04 1.090495e+04 1.087958e+04
3.8 1.080218e+04 1.086791e+04 1.090930e+04 1.084357e+04
4.8 1.085066e+04 1.088783e+04 1.091494e+04 1.087777e+04
5.8 1.081452e+04 1.087144e+04 1.091207e+04 1.085515e+04
6.8 1.084331e+04 1.086867e+04 1.090351e+04 1.087814e+04
7.8 1.076084e+04 1.085385e+04 1.089684e+04 1.080383e+04
8.8 1.083780e+04 1.088464e+04 1.089340e+04 1.084656e+04
9.8 1.088283e+04 1.087164e+04 1.089211e+04 1.090330e+04
10.8 1.088519e+04 1.090070e+04 1.089199e+04 1.087649e+04
11.8 1.091271e+04 1.091564e+04 1.089240e+04 1.088948e+04
12.8 1.088799e+04 1.088214e+04 1.089292e+04 1.089877e+04
13.8 1.094068e+04 1.089166e+04 1.089335e+04 1.094237e+04
14.8 1.089711e+04 1.088600e+04 1.089363e+04 1.090474e+04
15.8 1.093070e+04 1.090223e+04 1.089379e+04 1.092227e+04
16.8 1.095017e+04 1.088977e+04 1.089389e+04 1.095429e+04
17.8 1.093147e+04 1.089805e+04 1.089395e+04 1.092737e+04
0.1 1.082548e+04 1.090522e+04 1.089578e+04 1.081603e+04
1.1 1.085881e+04 1.088418e+04 1.090495e+04 1.087958e+04
2.1 1.080218e+04 1.086791e+04 1.090930e+04 1.084357e+04
3.1 1.085066e+04 1.088783e+04 1.091494e+04 1.087777e+04
4.1 1.081452e+04 1.087144e+04 1.091207e+04 1.085515e+04
5.1 1.084331e+04 1.086867e+04 1.090351e+04 1.087814e+04
6.1 1.076084e+04 1.085385e+04 1.089684e+04 1.080383e+04
7.1 1.083780e+04 1.088464e+04 1.089340e+04 1.084656e+04
8.1 1.088283e+04 1.087164e+04 1.089211e+04 1.090330e+04
9.1 1.088519e+04 1.090070e+04 1.089199e+04 1.087649e+04
10.1 1.091271e+04 1.091564e+04 1.089240e+04 1.088948e+04
11.1 1.088799e+04 1.088214e+04 1.089292e+04 1.089877e+04
12.1 1.094068e+04 1.089166e+04 1.089335e+04 1.094237e+04
13.1 1.089711e+04 1.088600e+04 1.089363e+04 1.090474e+04
14.1 1.093070e+04 1.090223e+04 1.089379e+04 1.092227e+04
15.1 1.095017e+04 1.088977e+04 1.089389e+04 1.095429e+04
16.1 1.093147e+04 1.089805e+04 1.089395e+04 1.092737e+04
17.1 1.094821e+04 1.091453e+04 1.089400e+04 1.092768e+04
0.3 1.091343e+04 1.089303e+04 1.089094e+04 1.091133e+04
1.3 1.093157e+04 1.088562e+04 1.088211e+04 1.092806e+04
2.3 1.084324e+04 1.085155e+04 1.088248e+04 1.087417e+04
3.3 1.089148e+04 1.089764e+04 1.088808e+04 1.088193e+04
4.3 1.082987e+04 1.085784e+04 1.089652e+04 1.086855e+04
5.3 1.095139e+04 1.091451e+04 1.090748e+04 1.094437e+04
6.3 1.089427e+04 1.089274e+04 1.090751e+04 1.090904e+04
7.3 1.086746e+04 1.088228e+04 1.090212e+04 1.088730e+04
8.3 1.091801e+04 1.086352e+04 1.089767e+04 1.095216e+04
9.3 1.090943e+04 1.088255e+04 1.089512e+04 1.092200e+04
10.3 1.091387e+04 1.087239e+04 1.089395e+04 1.093542e+04
11.3 1.089064e+04 1.088821e+04 1.089364e+04 1.089608e+04
12.3 1.092252e+04 1.091251e+04 1.089381e+04 1.090382e+04
13.3 1.089057e+04 1.090927e+04 1.089412e+04 1.087542e+04
14.3 1.090544e+04 1.093231e+04 1.089441e+04 1.086755e+04
15.3 1.092800e+04 1.093878e+04 1.089461e+04 1.088383e+04
16.3 1.089365e+04 1.092361e+04 1.089473e+04 1.086477e+04
17.3 1.094954e+04 1.092609e+04 1.089480e+04 1.091825e+04
0.3 1.084324e+04 1.085155e+04 1.088248e+04 1.087417e+04
1.3 1.089148e+04 1.089764e+04 1.088808e+04 1.088193e+04
2.3 1.082987e+04 1.085784e+04 1.089652e+04 1.086855e+04
3.3 1.095139e+04 1.091451e+04 1.090748e+04 1.094437e+04
4.3 1.089427e+04 1.089274e+04 1.090751e+04 1.090904e+04
5.3 1.086746e+04 1.088228e+04 1.090212e+04 1.088730e+04
6.3 1.091801e+04 1.086352e+04 1.089767e+04 1.095216e+04
7.3 1.090943e+04 1.088255e+04 1.089512e+04 1.092200e+04
8.3 1.091387e+04 1.087239e+04 1.089395e+04 1.093542e+04
9.3 1.089064e+04 1.088821e+04 1.089364e+04 1.089608e+04
10.3 1.092252e+04 1.091251e+04 1.089381e+04 1.090382e+04
11.3 1.089057e+04 1.090927e+04 1.089412e+04 1.087542e+04
12.3 1.090544e+04 1.093231e+04 1.089441e+04 1.086755e+04
13.3 1.092800e+04 1.093878e+04 1.089461e+04 1.088383e+04
14.3 1.089365e+04 1.092361e+04 1.089473e+04 1.086477e+04
15.3 1.094954e+04 1.092609e+04 1.089480e+04 1.091825e+04
16.3 1.090452e+04 1.090361e+04 1.089485e+04 1.089576e+04
17.3 1.089163e+04 1.090528e+04 1.089488e+04 1.088124e+04
0.3 1.077808e+04 1.084518e+04 1.089109e+04 1.082399e+04
1.3 1.081551e+04 1.084855e+04 1.088223e+04 1.084919e+04
2.3 1.085997e+04 1.084729e+04 1.088215e+04 1.089483e+04
3.3 1.085654e+04 1.086301e+04 1.088287e+04 1.087640e+04
4.3 1.077675e+04 1.086653e+04 1.088238e+04 1.079259e+04
5.3 1.083198e+04 1.089754e+04 1.089189e+04 1.082633e+04
6.3 1.084624e+04 1.088004e+04 1.089362e+04 1.085982e+04
7.3 1.086573e+04 1.087945e+04 1.089543e+04 1.088171e+04
8.3 1.088072e+04 1.086856e+04 1.090080e+04 1.091296e+04
9.3 1.091020e+04 1.086203e+04 1.090464e+04 1.095281e+04
10.3 1.091187e+04 1.087571e+04 1.091117e+04 1.094733e+04
11.3 1.086374e+04 1.088982e+04 1.091001e+04 1.088393e+04
12.3 1.088479e+04 1.086203e+04 1.090281e+04 1.092557e+04
13.3 1.091246e+04 1.087452e+04 1.089688e+04 1.093481e+04
14.3 1.090549e+04 1.085464e+04 1.089371e+04 1.094456e+04
15.3 1.089287e+04 1.087021e+04 1.089245e+04 1.091511e+04
16.3 1.086784e+04 1.087050e+04 1.089226e+04 1.088960e+04
17.3 1.090191e+04 1.089803e+04 1.089257e+04 1.089645e+04
0.4 1.085997e+04 1.084729e+04 1.088215e+04 1.089483e+04
1.4 1.085654e+04 1.086301e+04 1.088287e+04 1.087640e+04
2.4 1.077675e+04 1.086653e+04 1.088238e+04 1.079259e+04
3.4 1.083198e+04 1.089754e+04 1.089189e+04 1.082633e+04
4.4 1.084624e+04 1.088004e+04 1.089362e+04 1.085982e+04
5.4 1.086573e+04 1.087945e+04 1.089543e+04 1.088171e+04
6.4 1.088072e+04 1.086856e+04 1.090080e+04 1.091296e+04
7.4 1.091020e+04 1.086203e+04 1.090464e+04 1.095281e+04
8.4 1.091187e+04 1.087571e+04 1.091117e+04 1.094733e+04
9.4 1.086374e+04 1.088982e+04 1.091001e+04 1.088393e+04
10.4 1.088479e+04 1.086203e+04 1.090281e+04 1.092557e+04
11.4 1.091246e+04 1.087452e+04 1.089688e+04 1.093481e+04
12.4 1.090549e+04 1.085464e+04 1.089371e+04 1.094456e+04
13.4 1.089287e+04 1.087021e+04 1.089245e+04 1.091511e+04
14.4 1.086784e+04 1.087050e+04 1.089226e+04 1.088960e+04
15.4 1.090191e+04 1.089803e+04 1.089257e+04 1.089645e+04
16.4 1.094750e+04 1.094366e+04 1.089302e+04 1.089686e+04
17.4 1.096104e+04 1.095128e+04 1.089340e+04 1.090316e+04
0.4 1.085654e+04 1.086301e+04 1.088287e+04 1.087640e+04
1.4 1.077675e+04 1.086653e+04 1.088238e+04 1.079259e+04
2.4 1.083198e+04 1.089754e+04 1.089189e+04 1.082633e+04
3.4 1.084624e+04 1.088004e+04 1.089362e+04 1.085982e+04
4.4 1.086573e+04 1.087945e+04 1.089543e+04 1.088171e+04
5.4 1.088072e+04 1.086856e+04 1.090080e+04 1.091296e+04
6.4 1.091020e+04 1.086203e+04 1.090464e+04 1.095281e+04
7.4 1.091187e+04 1.087571e+04 1.091117e+04 1.094733e+04
8.4 1.086374e+04 1.088982e+04 1.091001e+04 1.088393e+04
9.4 1.088479e+04 1.086203e+04 1.090281e+04 1.092557e+04
10.4 1.091246e+04 1.087452e+04 1.089688e+04 1.093481e+04
11.4 1.090549e+04 1.085464e+04 1.089371e+04 1.094456e+04
12.4 1.089287e+04 1.087021e+04 1.089245e+04 1.091511e+04
13.4 1.086784e+04 1.087050e+04 1.089226e+04 1.088960e+04
14.4 1.090191e+04 1.089803e+04 1.089257e+04 1.089645e+04
15.4 1.094750e+04 1.094366e+04 1.089302e+04 1.089686e+04
16.4 1.096104e+04 1.095128e+04 1.089340e+04 1.090316e+04
17.4 1.095999e+04 1.093199e+04 1.089365e+04 1.092165e+04
0.7 1.083198e+04 1.089754e+04 1.089189e+04 1.082633e+04
1.7 1.084624e+04 1.088004e+04 1.089362e+04 1.085982e+04
2.7 1.086573e+04 1.087945e+04 1.089543e+04 1.088171e+04
3.7 1.088072e+04 1.086856e+04 1.090080e+04 1.091296e+04
4.7 1.091020e+04 1.086203e+04 1.090464e+04 1.095281e+04
5.7 1.091187e+04 1.087571e+04 1.091117e+04 1.094733e+04
6.7 1.086374e+04 1.088982e+04 1.091001e+04 1.088393e+04
7.7 1.088479e+04 1.086203e+04 1.090281e+04 1.092557e+04
8.7 1.091246e+04 1.087452e+04 1.089688e+04 1.093481e+04
9.7 1.090549e+04 1.085464e+04 1.089371e+04 1.094456e+04
10.7 1.089287e+04 1.087021e+04 1.089245e+04 1.091511e+04
11.7 1.086784e+04 1.087050e+04 1.089226e+04 1.088960e+04
12.7 1.090191e+04 1.089803e+04 1.089257e+04 1.089645e+04
13.7 1.094750e+04 1.094366e+04 1.089302e+04 1.089686e+04
14.7 1.096104e+04 1.095128e+04 1.089340e+04 1.090316e+04
15.7 1.095999e+04 1.093199e+04 1.089365e+04 1.092165e+04
16.7 1.092403e+04 1.090498e+04 1.089380e+04 1.091284e+04
17.7 1.091261e+04 1.090132e+04 1.089388e+04 1.090517e+04
0.8 1.084624e+04 1.088004e+04 1.089362e+04 1.085982e+04
1.8 1.086573e+04 1.087945e+04 1.089543e+04 1.088171e+04
2.8 1.088072e+04 1.086856e+04 1.090080e+04 1.091296e+04
3.8 1.091020e+04 1.086203e+04 1.090464e+04 1.095281e+04
4.8 1.091187e+04 1.087571e+04 1.091117e+04 1.094733e+04
5.8 1.086374e+04 1.088982e+04 1.091001e+04 1.088393e+04
6.8 1.088479e+04 1.086203e+04 1.090281e+04 1.092557e+04
7.8 1.091246e+04 1.087452e+04 1.089688e+04 1.093481e+04
8.8 1.090549e+04 1.085464e+04 1.089371e+04 1.094456e+04
9.8 1.089287e+04 1.087021e+04 1.089245e+04 1.091511e+04
10.8 1.086784e+04 1.087050e+04 1.089226e+04 1.088960e+04
11.8 1.090191e+04 1.089803e+04 1.089257e+04 1.089645e+04
12.8 1.094750e+04 1.094366e+04 1.089302e+04 1.089686e+04
13.8 1.096104e+04 1.095128e+04 1.089340e+04 1.090316e+04
14.8 1.095999e+04 1.093199e+04 1.089365e+04 1.092165e+04
15.8 1.092403e+04 1.090498e+04 1.089380e+04 1.091284e+04
16.8 1.091261e+04 1.090132e+04 1.089388e+04 1.090517e+04
17.8 1.092870e+04 1.091383e+04 1.089393e+04 1.090881e+04
0.0 1.086573e+04 1.087945e+04 1.089543e+04 1.088171e+04
1.0 1.088072e+04 1.086856e+04 1.090080e+04 1.091296e+04
2.0 1.091020e+04 1.086203e+04 1.090464e+04 1.095281e+04
3.0 1.091187e+04 1.087571e+04 1.091117e+04 1.094733e+04
4.0 1.086374e+04 1.088982e+04 1.091001e+04 1.088393e+04
5.0 1.088479e+04 1.086203e+04 1.090281e+04 1.092557e+04
6.0 1.091246e+04 1.087452e+04 1.089688e+04 1.093481e+04
7.0 1.090549e+04 1.085464e+04 1.089371e+04 1.094456e+04
8.0 1.089287e+04 1.087021e+04 1.089245e+04 1.091511e+04
9.0 1.086784e+04 1.087050e+04 1.089226e+04 1.088960e+04
10.0 1.090191e+04 1.089803e+04 1.089257e+04 1.089645e+04
11.0 1.094750e+04 1.094366e+04 1.089302e+04 1.089686e+04
12.0 1.096104e+04 1.095128e+04 1.089340e+04 1.090316e+04
13.0 1.095999e+04 1.093199e+04 1.089365e+04 1.092165e+04
14.0 1.092403e+04 1.090498e+04 1.089380e+04 1.091284e+04
15.0 1.091261e+04 1.090132e+04 1.089388e+04 1.090517e+04
16.0 1.092870e+04 1.091383e+04 1.089393e+04 1.090881e+04
17.0 1.094602e+04 1.088181e+04 1.089397e+04 1.095819e+04
0.2 1.088943e+04 1.089300e+04 1.089274e+04 1.088916e+04
1.2 1.093769e+04 1.089586e+04 1.088183e+04 1.092366e+04
2.2 1.088144e+04 1.089023e+04 1.087431e+04 1.086552e+04
3.2 1.094107e+04 1.092866e+04 1.088271e+04 1.089512e+04
4.2 1.093631e+04 1.090366e+04 1.089396e+04 1.092661e+04
5.2 1.094130e+04 1.090976e+04 1.089712e+04 1.092867e+04
6.2 1.091752e+04 1.089150e+04 1.089107e+04 1.091709e+04
7.2 1.087999e+04 1.087887e+04 1.088969e+04 1.089082e+04
8.2 1.084916e+04 1.086608e+04 1.089508e+04 1.087816e+04
9.2 1.089431e+04 1.084506e+04 1.089805e+04 1.094730e+04
10.2 1.093260e+04 1.088096e+04 1.090829e+04 1.095993e+04
11.2 1.092242e+04 1.089686e+04 1.091636e+04 1.094191e+04
12.2 1.089706e+04 1.088168e+04 1.090370e+04 1.091907e+04
13.2 1.088381e+04 1.088039e+04 1.088148e+04 1.088491e+04
14.2 1.087448e+04 1.087781e+04 1.087826e+04 1.087493e+04
15.2 1.088593e+04 1.089913e+04 1.088769e+04 1.087449e+04
16.2 1.086268e+04 1.090121e+04 1.088991e+04 1.085138e+04
17.2 1.087088e+04 1.089100e+04 1.089837e+04 1.087825e+04
1.0 1.088144e+04 1.089023e+04 1.087431e+04 1.086552e+04
2.0 1.094107e+04 1.092866e+04 1.088271e+04 1.089512e+04
3.0 1.093631e+04 1.090366e+04 1.089396e+04 1.092661e+04
4.0 1.094130e+04 1.090976e+04 1.089712e+04 1.092867e+04
5.0 1.091752e+04 1.089150e+04 1.089107e+04 1.091709e+04
6.0 1.087999e+04 1.087887e+04 1.088969e+04 1.089082e+04
7.0 1.084916e+04 1.086608e+04 1.089508e+04 1.087816e+04
8.0 1.089431e+04 1.084506e+04 1.089805e+04 1.094730e+04
9.0 1.093260e+04 1.088096e+04 1.090829e+04 1.095993e+04
10.0 1.092242e+04 1.089686e+04 1.091636e+04 1.094191e+04
11.0 1.089706e+04 1.088168e+04 1.090370e+04 1.091907e+04
12.0 1.088381e+04 1.088039e+04 1.088148e+04 1.088491e+04
13.0 1.087448e+04 1.087781e+04 1.087826e+04 1.087493e+04
14.0 1.088593e+04 1.089913e+04 1.088769e+04 1.087449e+04
15.0 1.086268e+04 1.090121e+04 1.088991e+04 1.085138e+04
16.0 1.087088e+04 1.089100e+04 1.089837e+04 1.087825e+04
17.0 1.087335e+04 1.089771e+04 1.091247e+04 1.088811e+04
18.0 1.086552e+04 1.088837e+04 1.091406e+04 1.089120e+04
0.4 1.094107e+04 1.092866e+04 1.088271e+04 1.089512e+04
1.4 1.093631e+04 1.090366e+04 1.089396e+04 1.092661e+04
2.4 1.094130e+04 1.090976e+04 1.089712e+04 1.092867e+04
3.4 1.091752e+04 1.089150e+04 1.089107e+04 1.091709e+04
4.4 1.087999e+04 1.087887e+04 1.088969e+04 1.089082e+04
5.4 1.084916e+04 1.086608e+04 1.089508e+04 1.087816e+04
6.4 1.089431e+04 1.084506e+04 1.089805e+04 1.094730e+04
7.4 1.093260e+04 1.088096e+04 1.090829e+04 1.095993e+04
8.4 1.092242e+04 1.089686e+04 1.091636e+04 1.094191e+04
9.4 1.089706e+04 1.088168e+04 1.090370e+04 1.091907e+04
10.4 1.088381e+04 1.088039e+04 1.088148e+04 1.088491e+04
11.4 1.087448e+04 1.087781e+04 1.087826e+04 1.087493e+04
12.4 1.088593e+04 1.089913e+04 1.088769e+04 1.087449e+04
13.4 1.086268e+04 1.090121e+04 1.088991e+04 1.085138e+04
14.4 1.087088e+04 1.089100e+04 1.089837e+04 1.087825e+04
15.4 1.087335e+04 1.089771e+04 1.091247e+04 1.088811e+04
16.4 1.086552e+04 1.088837e+04 1.091406e+04 1.089120e+04
17.4 1.086241e+04 1.088614e+04 1.090624e+04 1.088251e+04
0.7 1.094130e+04 1.090976e+04 1.089712e+04 1.092867e+04
1.7 1.091752e+04 1.089150e+04 1.089107e+04 1.091709e+04
2.7 1.087999e+04 1.087887e+04 1.088969e+04 1.089082e+04
3.7 1.084916e+04 1.086608e+04 1.089508e+04 1.087816e+04
4.7 1.089431e+04 1.084506e+04 1.089805e+04 1.094730e+04
5.7 1.093260e+04 1.088096e+04 1.090829e+04 1.095993e+04
6.7 1.092242e+04 1.089686e+04 1.091636e+04 1.094191e+04
7.7 1.089706e+04 1.088168e+04 1.090370e+04 1.091907e+04
8.7 1.088381e+04 1.088039e+04 1.088148e+04 1.088491e+04
9.7 1.087448e+04 1.087781e+04 1.087826e+04 1.087493e+04
10.7 1.088593e+04 1.089913e+04 1.088769e+04 1.087449e+04
11.7 1.086268e+04 1.090121e+04 1.088991e+04 1.085138e+04
12.7 1.087088e+04 1.089100e+04 1.089837e+04 1.087825e+04
13.7 1.087335e+04 1.089771e+04 1.091247e+04 1.088811e+04
14.7 1.086552e+04 1.088837e+04 1.091406e+04 1.089120e+04
15.7 1.086241e+04 1.088614e+04 1.090624e+04 1.088251e+04
16.7 1.087343e+04 1.086644e+04 1.089911e+04 1.090610e+04
17.7 1.086816e+04 1.086824e+04 1.089505e+04 1.089497e+04
1.0 1.091752e+04 1.089150e+04 1.089107e+04 1.091709e+04
2.0 1.087999e+04 1.087887e+04 1.088969e+04 1.089082e+04
3.0 1.084916e+04 1.086608e+04 1.089508e+04 1.087816e+04
4.0 1.089431e+04 1.084506e+04 1.089805e+04 1.094730e+04
5.0 1.093260e+04 1.088096e+04 1.090829e+04 1.095993e+04
6.0 1.092242e+04 1.089686e+04 1.091636e+04 1.094191e+04
7.0 1.089706e+04 1.088168e+04 1.090370e+04 1.091907e+04
8.0 1.088381e+04 1.088039e+04 1.088148e+04 1.088491e+04
9.0 1.087448e+04 1.087781e+04 1.087826e+04 1.087493e+04
10.0 1.088593e+04 1.089913e+04 1.088769e+04 1.087449e+04
11.0 1.086268e+04 1.090121e+04 1.088991e+04 1.085138e+04
12.0 1.087088e+04 1.089100e+04 1.089837e+04 1.087825e+04
13.0 1.087335e+04 1.089771e+04 1.091247e+04 1.088811e+04
14.0 1.086552e+04 1.088837e+04 1.091406e+04 1.089120e+04
15.0 1.086241e+04 1.088614e+04 1.090624e+04 1.088251e+04
16.0 1.087343e+04 1.086644e+04 1.089911e+04 1.090610e+04
17.0 1.086816e+04 1.086824e+04 1.089505e+04 1.089497e+04
18.0 1.083266e+04 1.089239e+04 1.089324e+04 1.083351e+04
0.6 1.087999e+04 1.087887e+04 1.088969e+04 1.089082e+04
1.6 1.084916e+04 1.086608e+04 1.089508e+04 1.087816e+04
2.6 1.089431e+04 1.084506e+04 1.089805e+04 1.094730e+04
3.6 1.093260e+04 1.088096e+04 1.090829e+04 1.095993e+04
4.6 1.092242e+04 1.089686e+04 1.091636e+04 1.094191e+04
5.6 1.089706e+04 1.088168e+04 1.090370e+04 1.091907e+04
6.6 1.088381e+04 1.088039e+04 1.088148e+04 1.088491e+04
7.6 1.087448e+04 1.087781e+04 1.087826e+04 1.087493e+04
8.6 1.088593e+04 1.089913e+04 1.088769e+04 1.087449e+04
9.6 1.086268e+04 1.090121e+04 1.088991e+04 1.085138e+04
10.6 1.087088e+04 1.089100e+04 1.089837e+04 1.087825e+04
11.6 1.087335e+04 1.089771e+04 1.091247e+04 1.088811e+04
12.6 1.086552e+04 1.088837e+04 1.091406e+04 1.089120e+04
13.6 1.086241e+04 1.088614e+04 1.090624e+04 1.088251e+04
14.6 1.087343e+04 1.086644e+04 1.089911e+04 1.090610e+04
15.6 1.086816e+04 1.086824e+04 1.089505e+04 1.089497e+04
16.6 1.083266e+04 1.089239e+04 1.089324e+04 1.083351e+04
17.6 1.082716e+04 1.087840e+04 1.089281e+04 1.084156e+04
0.4 1.084916e+04 1.086608e+04 1.089508e+04 1.087816e+04
1.4 1.089431e+04 1.084506e+04 1.089805e+04 1.094730e+04
2.4 1.093260e+04 1.088096e+04 1.090829e+04 1.095993e+04
3.4 1.092242e+04 1.089686e+04 1.091636e+04 1.094191e+04
4.4 1.089706e+04 1.088168e+04 1.090370e+04 1.091907e+04
5.4 1.088381e+04 1.088039e+04 1.088148e+04 1.088491e+04
6.4 1.087448e+04 1.087781e+04 1.087826e+04 1.087493e+04
7.4 1.088593e+04 1.089913e+04 1.088769e+04 1.087449e+04
8.4 1.086268e+04 1.090121e+04 1.088991e+04 1.085138e+04
9.4 1.087088e+04 1.089100e+04 1.089837e+04 1.087825e+04
10.4 1.087335e+04 1.089771e+04 1.091247e+04 1.088811e+04
11.4 1.086552e+04 1.088837e+04 1.091406e+04 1.089120e+04
12.4 1.086241e+04 1.088614e+04 1.090624e+04 1.088251e+04
13.4 1.087343e+04 1.086644e+04 1.089911e+04 1.090610e+04
14.4 1.086816e+04 1.086824e+04 1.089505e+04 1.089497e+04
15.4 1.083266e+04 1.089239e+04 1.089324e+04 1.083351e+04
16.4 1.082716e+04 1.087840e+04 1.089281e+04 1.084156e+04
17.4 1.089872e+04 1.094503e+04 1.089309e+04 1.084678e+04
0.7 1.089706e+04 1.088168e+04 1.090370e+04 1.091907e+04
1.7 1.088381e+04 1.088039e+04 1.088148e+04 1.088491e+04
2.7 1.087448e+04 1.087781e+04 1.087826e+04 1.087493e+04
3.7 1.088593e+04 1.089913e+04 1.088769e+04 1.087449e+04
4.7 1.086268e+04 1.090121e+04 1.088991e+04 1.085138e+04
5.7 1.087088e+04 1.089100e+04 1.089837e+04 1.087825e+04
6.7 1.087335e+04 1.089771e+04 1.091247e+04 1.088811e+04
7.7 1.086552e+04 1.088837e+04 1.091406e+04 1.089120e+04
8.7 1.086241e+04 1.088614e+04 1.090624e+04 1.088251e+04
9.7 1.087343e+04 1.086644e+04 1.089911e+04 1.090610e+04
10.7 1.086816e+04 1.086824e+04 1.089505e+04 1.089497e+04
11.7 1.083266e+04 1.089239e+04 1.089324e+04 1.083351e+04
12.7 1.082716e+04 1.087840e+04 1.089281e+04 1.084156e+04
13.7 1.089872e+04 1.094503e+04 1.089309e+04 1.084678e+04
14.7 1.096127e+04 1.097976e+04 1.089361e+04 1.087512e+04
15.7 1.093553e+04 1.093751e+04 1.089403e+04 1.089205e+04
16.7 1.093337e+04 1.091055e+04 1.088848e+04 1.091130e+04
17.7 1.089604e+04 1.090827e+04 1.087718e+04 1.086496e+04
0.6 1.088381e+04 1.088039e+04 1.088148e+04 1.088491e+04
1.6 1.087448e+04 1.087781e+04 1.087826e+04 1.087493e+04
2.6 1.088593e+04 1.089913e+04 1.088769e+04 1.087449e+04
3.6 1.086268e+04 1.090121e+04 1.088991e+04 1.085138e+04
4.6 1.087088e+04 1.089100e+04 1.089837e+04 1.087825e+04
5.6 1.087335e+04 1.089771e+04 1.091247e+04 1.088811e+04
6.6 1.086552e+04 1.088837e+04 1.091406e+04 1.089120e+04
7.6 1.086241e+04 1.088614e+04 1.090624e+04 1.088251e+04
8.6 1.087343e+04 1.086644e+04 1.089911e+04 1.090610e+04
9.6 1.086816e+04 1.086824e+04 1.089505e+04 1.089497e+04
10.6 1.083266e+04 1.089239e+04 1.089324e+04 1.083351e+04
11.6 1.082716e+04 1.087840e+04 1.089281e+04 1.084156e+04
12.6 1.089872e+04 1.094503e+04 1.089309e+04 1.084678e+04
13.6 1.096127e+04 1.097976e+04 1.089361e+04 1.087512e+04
14.6 1.093553e+04 1.093751e+04 1.089403e+04 1.089205e+04
15.6 1.093337e+04 1.091055e+04 1.088848e+04 1.091130e+04
16.6 1.089604e+04 1.090827e+04 1.087718e+04 1.086496e+04
17.6 1.088372e+04 1.089864e+04 1.087081e+04 1.085589e+04
0.0 1.087448e+04 1.087781e+04 1.087826e+04 1.087493e+04
1.0 1.088593e+04 1.089913e+04 1.088769e+04 1.087449e+04
2.0 1.086268e+04 1.090121e+04 1.088991e+04 1.085138e+04
3.0 1.087088e+04 1.089100e+04 1.089837e+04 1.087825e+04
4.0 1.087335e+04 1.089771e+04 1.091247e+04 1.088811e+04
5.0 1.086552e+04 1.088837e+04 1.091406e+04 1.089120e+04
6.0 1.086241e+04 1.088614e+04 1.090624e+04 1.088251e+04
7.0 1.087343e+04 1.086644e+04 1.089911e+04 1.090610e+04
8.0 1.086816e+04 1.086824e+04 1.089505e+04 1.089497e+04
9.0 1.083266e+04 1.089239e+04 1.089324e+04 1.083351e+04
10.0 1.082716e+04 1.087840e+04 1.089281e+04 1.084156e+04
11.0 1.089872e+04 1.094503e+04 1.089309e+04 1.084678e+04
12.0 1.096127e+04 1.097976e+04 1.089361e+04 1.087512e+04
13.0 1.093553e+04 1.093751e+04 1.089403e+04 1.089205e+04
14.0 1.093337e+04 1.091055e+04 1.088848e+04 1.091130e+04
15.0 1.089604e+04 1.090827e+04 1.087718e+04 1.086496e+04
16.0 1.088372e+04 1.089864e+04 1.087081e+04 1.085589e+04
17.0 1.091060e+04 1.089622e+04 1.087960e+04 1.089398e+04
1.0 1.086268e+04 1.090121e+04 1.088991e+04 1.085138e+04
2.0 1.087088e+04 1.089100e+04 1.089837e+04 1.087825e+04
3.0 1.087335e+04 1.089771e+04 1.091247e+04 1.088811e+04
4.0 1.086552e+04 1.088837e+04 1.091406e+04 1.089120e+04
5.0 1.086241e+04 1.088614e+04 1.090624e+04 1.088251e+04
6.0 1.087343e+04 1.086644e+04 1.089911e+04 1.090610e+04
7.0 1.086816e+04 1.086824e+04 1.089505e+04 1.089497e+04
8.0 1.083266e+04 1.089239e+04 1.089324e+04 1.083351e+04
9.0 1.082716e+04 1.087840e+04 1.089281e+04 1.084156e+04
10.0 1.089872e+04 1.094503e+04 1.089309e+04 1.084678e+04
11.0 1.096127e+04 1.097976e+04 1.089361e+04 1.087512e+04
12.0 1.093553e+04 1.093751e+04 1.089403e+04 1.089205e+04
13.0 1.093337e+04 1.091055e+04 1.088848e+04 1.091130e+04
14.0 1.089604e+04 1.090827e+04 1.087718e+04 1.086496e+04
15.0 1.088372e+04 1.089864e+04 1.087081e+04 1.085589e+04
16.0 1.091060e+04 1.089622e+04 1.087960e+04 1.089398e+04
17.0 1.096928e+04 1.090478e+04 1.090361e+04 1.096811e+04
18.0 1.096765e+04 1.091348e+04 1.091912e+04 1.097329e+04
0.5 1.093337e+04 1.091055e+04 1.088848e+04 1.091130e+04
1.5 1.089604e+04 1.090827e+04 1.087718e+04 1.086496e+04
2.5 1.088372e+04 1.089864e+04 1.087081e+04 1.085589e+04
3.5 1.091060e+04 1.089622e+04 1.087960e+04 1.089398e+04
4.5 1.096928e+04 1.090478e+04 1.090361e+04 1.096811e+04
5.5 1.096765e+04 1.091348e+04 1.091912e+04 1.097329e+04
6.5 1.093236e+04 1.090366e+04 1.091428e+04 1.094298e+04
7.5 1.089795e+04 1.089137e+04 1.089628e+04 1.090286e+04
8.5 1.089401e+04 1.091197e+04 1.088451e+04 1.086656e+04
9.5 1.090653e+04 1.091899e+04 1.088457e+04 1.087211e+04
10.5 1.088370e+04 1.093818e+04 1.088691e+04 1.083243e+04
11.5 1.090227e+04 1.093845e+04 1.088924e+04 1.085307e+04
12.5 1.093355e+04 1.092884e+04 1.088935e+04 1.089406e+04
13.5 1.094350e+04 1.092607e+04 1.089570e+04 1.091313e+04
14.5 1.089643e+04 1.090091e+04 1.089918e+04 1.089471e+04
15.5 1.089851e+04 1.089031e+04 1.089786e+04 1.090605e+04
16.5 1.085581e+04 1.087361e+04 1.089572e+04 1.087792e+04
17.5 1.093215e+04 1.090363e+04 1.089320e+04 1.092171e+04
0.3 1.089604e+04 1.090827e+04 1.087718e+04 1.086496e+04
1.3 1.088372e+04 1.089864e+04 1.087081e+04 1.085589e+04
2.3 1.091060e+04 1.089622e+04 1.087960e+04 1.089398e+04
3.3 1.096928e+04 1.090478e+04 1.090361e+04 1.096811e+04
4.3 1.096765e+04 1.091348e+04 1.091912e+04 1.097329e+04
5.3 1.093236e+04 1.090366e+04 1.091428e+04 1.094298e+04
6.3 1.089795e+04 1.089137e+04 1.089628e+04 1.090286e+04
7.3 1.089401e+04 1.091197e+04 1.088451e+04 1.086656e+04
8.3 1.090653e+04 1.091899e+04 1.088457e+04 1.087211e+04
9.3 1.088370e+04 1.093818e+04 1.088691e+04 1.083243e+04
10.3 1.090227e+04 1.093845e+04 1.088924e+04 1.085307e+04
11.3 1.093355e+04 1.092884e+04 1.088935e+04 1.089406e+04
12.3 1.094350e+04 1.092607e+04 1.089570e+04 1.091313e+04
13.3 1.089643e+04 1.090091e+04 1.089918e+04 1.089471e+04
14.3 1.089851e+04 1.089031e+04 1.089786e+04 1.090605e+04
15.3 1.085581e+04 1.087361e+04 1.089572e+04 1.087792e+04
16.3 1.093215e+04 1.090363e+04 1.089320e+04 1.092171e+04
17.3 1.089229e+04 1.087433e+04 1.089233e+04 1.091029e+04
0.5 1.088372e+04 1.089864e+04 1.087081e+04 1.085589e+04
1.5 1.091060e+04 1.089622e+04 1.087960e+04 1.089398e+04
2.5 1.096928e+04 1.090478e+04 1.090361e+04 1.096811e+04
3.5 1.096765e+04 1.091348e+04 1.091912e+04 1.097329e+04
4.5 1.093236e+04 1.090366e+04 1.091428e+04 1.094298e+04
5.5 1.089795e+04 1.089137e+04 1.089628e+04 1.090286e+04
6.5 1.089401e+04 1.091197e+04 1.088451e+04 1.086656e+04
7.5 1.090653e+04 1.091899e+04 1.088457e+04 1.087211e+04
8.5 1.088370e+04 1.093818e+04 1.088691e+04 1.083243e+04
9.5 1.090227e+04 1.093845e+04 1.088924e+04 1.085307e+04
10.5 1.093355e+04 1.092884e+04 1.088935e+04 1.089406e+04
11.5 1.094350e+04 1.092607e+04 1.089570e+04 1.091313e+04
12.5 1.089643e+04 1.090091e+04 1.089918e+04 1.089471e+04
13.5 1.089851e+04 1.089031e+04 1.089786e+04 1.090605e+04
14.5 1.085581e+04 1.087361e+04 1.089572e+04 1.087792e+04
15.5 1.093215e+04 1.090363e+04 1.089320e+04 1.092171e+04
16.5 1.089229e+04 1.087433e+04 1.089233e+04 1.091029e+04
17.5 1.085583e+04 1.088012e+04 1.088967e+04 1.086538e+04
0.9 1.089795e+04 1.089137e+04 1.089628e+04 1.090286e+04
1.9 1.089401e+04 1.091197e+04 1.088451e+04 1.086656e+04
2.9 1.090653e+04 1.091899e+04 1.088457e+04 1.087211e+04
3.9 1.088370e+04 1.093818e+04 1.088691e+04 1.083243e+04
4.9 1.090227e+04 1.093845e+04 1.088924e+04 1.085307e+04
5.9 1.093355e+04 1.092884e+04 1.088935e+04 1.089406e+04
6.9 1.094350e+04 1.092607e+04 1.089570e+04 1.091313e+04
7.9 1.089643e+04 1.090091e+04 1.089918e+04 1.089471e+04
8.9 1.089851e+04 1.089031e+04 1.089786e+04 1.090605e+04
9.9 1.085581e+04 1.087361e+04 1.089572e+04 1.087792e+04
10.9 1.093215e+04 1.090363e+04 1.089320e+04 1.092171e+04
11.9 1.089229e+04 1.087433e+04 1.089233e+04 1.091029e+04
12.9 1.085583e+04 1.088012e+04 1.088967e+04 1.086538e+04
13.9 1.091120e+04 1.088776e+04 1.088902e+04 1.091246e+04
14.9 1.083546e+04 1.083558e+04 1.088894e+04 1.088882e+04
15.9 1.084139e+04 1.084936e+04 1.089284e+04 1.088486e+04
16.9 1.076179e+04 1.082518e+04 1.089719e+04 1.083379e+04
17.9 1.081889e+04 1.085911e+04 1.089994e+04 1.085973e+04
0.1 1.089401e+04 1.091197e+04 1.088451e+04 1.086656e+04
1.1 1.090653e+04 1.091899e+04 1.088457e+04 1.087211e+04
2.1 1.088370e+04 1.093818e+04 1.088691e+04 1.083243e+04
3.1 1.090227e+04 1.093845e+04 1.088924e+04 1.085307e+04
4.1 1.093355e+04 1.092884e+04 1.088935e+04 1.089406e+04
5.1 1.094350e+04 1.092607e+04 1.089570e+04 1.091313e+04
6.1 1.089643e+04 1.090091e+04 1.089918e+04 1.089471e+04
7.1 1.089851e+04 1.089031e+04 1.089786e+04 1.090605e+04
8.1 1.085581e+04 1.087361e+04 1.089572e+04 1.087792e+04
9.1 1.093215e+04 1.090363e+04 1.089320e+04 1.092171e+04
10.1 1.089229e+04 1.087433e+04 1.089233e+04 1.091029e+04
11.1 1.085583e+04 1.088012e+04 1.088967e+04 1.086538e+04
12.1 1.091120e+04 1.088776e+04 1.088902e+04 1.091246e+04
13.1 1.083546e+04 1.083558e+04 1.088894e+04 1.088882e+04
14.1 1.084139e+04 1.084936e+04 1.089284e+04 1.088486e+04
15.1 1.076179e+04 1.082518e+04 1.089719e+04 1.083379e+04
16.1 1.081889e+04 1.085911e+04 1.089994e+04 1.085973e+04
17.1 1.085182e+04 1.083095e+04 1.089865e+04 1.091952e+04
0.5 1.088370e+04 1.093818e+04 1.088691e+04 1.083243e+04
1.5 1.090227e+04 1.093845e+04 1.088924e+04 1.085307e+04
2.5 1.093355e+04 1.092884e+04 1.088935e+04 1.089406e+04
3.5 1.094350e+04 1.092607e+04 1.089570e+04 1.091313e+04
4.5 1.089643e+04 1.090091e+04 1.089918e+04 1.089471e+04
5.5 1.089851e+04 1.089031e+04 1.089786e+04 1.090605e+04
6.5 1.085581e+04 1.087361e+04 1.089572e+04 1.087792e+04
7.5 1.093215e+04 1.090363e+04 1.089320e+04 1.092171e+04
8.5 1.089229e+04 1.087433e+04 1.089233e+04 1.091029e+04
9.5 1.085583e+04 1.088012e+04 1.088967e+04 1.086538e+04
10.5 1.091120e+04 1.088776e+04 1.088902e+04 1.091246e+04
11.5 1.083546e+04 1.083558e+04 1.088894e+04 1.088882e+04
12.5 1.084139e+04 1.084936e+04 1.089284e+04 1.088486e+04
13.5 1.076179e+04 1.082518e+04 1.089719e+04 1.083379e+04
14.5 1.081889e+04 1.085911e+04 1.089994e+04 1.085973e+04
15.5 1.085182e+04 1.083095e+04 1.089865e+04 1.091952e+04
16.5 1.092528e+04 1.084960e+04 1.089989e+04 1.097557e+04
17.5 1.091538e+04 1.086969e+04 1.090792e+04 1.095361e+04
1.0 1.093355e+04 1.092884e+04 1.088935e+04 1.089406e+04
2.0 1.094350e+04 1.092607e+04 1.089570e+04 1.091313e+04
3.0 1.089643e+04 1.090091e+04 1.089918e+04 1.089471e+04
4.0 1.089851e+04 1.089031e+04 1.089786e+04 1.090605e+04
5.0 1.085581e+04 1.087361e+04 1.089572e+04 1.087792e+04
6.0 1.093215e+04 1.090363e+04 1.089320e+04 1.092171e+04
7.0 1.089229e+04 1.087433e+04 1.089233e+04 1.091029e+04
8.0 1.085583e+04 1.088012e+04 1.088967e+04 1.086538e+04
9.0 1.091120e+04 1.088776e+04 1.088902e+04 1.091246e+04
10.0 1.083546e+04 1.083558e+04 1.088894e+04 1.088882e+04
11.0 1.084139e+04 1.084936e+04 1.089284e+04 1.088486e+04
12.0 1.076179e+04 1.082518e+04 1.089719e+04 1.083379e+04
13.0 1.081889e+04 1.085911e+04 1.089994e+04 1.085973e+04
14.0 1.085182e+04 1.083095e+04 1.089865e+04 1.091952e+04
15.0 1.092528e+04 1.084960e+04 1.089989e+04 1.097557e+04
16.0 1.091538e+04 1.086969e+04 1.090792e+04 1.095361e+04
17.0 1.087256e+04 1.089477e+04 1.090751e+04 1.088530e+04
18.0 1.087950e+04 1.088462e+04 1.090112e+04 1.089599e+04
0.1 1.094350e+04 1.092607e+04 1.089570e+04 1.091313e+04
1.1 1.089643e+04 1.090091e+04 1.089918e+04 1.089471e+04
2.1 1.089851e+04 1.089031e+04 1.089786e+04 1.090605e+04
3.1 1.085581e+04 1.087361e+04 1.089572e+04 1.087792e+04
4.1 1.093215e+04 1.090363e+04 1.089320e+04 1.092171e+04
5.1 1.089229e+04 1.087433e+04 1.089233e+04 1.091029e+04
6.1 1.085583e+04 1.088012e+04 1.088967e+04 1.086538e+04
7.1 1.091120e+04 1.088776e+04 1.088902e+04 1.091246e+04
8.1 1.083546e+04 1.083558e+04 1.088894e+04 1.088882e+04
9.1 1.084139e+04 1.084936e+04 1.089284e+04 1.088486e+04
10.1 1.076179e+04 1.082518e+04 1.089719e+04 1.083379e+04
11.1 1.081889e+04 1.085911e+04 1.089994e+04 1.085973e+04
12.1 1.085182e+04 1.083095e+04 1.089865e+04 1.091952e+04
13.1 1.092528e+04 1.084960e+04 1.089989e+04 1.097557e+04
14.1 1.091538e+04 1.086969e+04 1.090792e+04 1.095361e+04
15.1 1.087256e+04 1.089477e+04 1.090751e+04 1.088530e+04
16.1 1.087950e+04 1.088462e+04 1.090112e+04 1.089599e+04
17.1 1.087013e+04 1.089229e+04 1.089598e+04 1.087382e+04
0.3 1.089851e+04 1.089031e+04 1.089786e+04 1.090605e+04
1.3 1.085581e+04 1.087361e+04 1.089572e+04 1.087792e+04
2.3 1.093215e+04 1.090363e+04 1.089320e+04 1.092171e+04
3.3 1.089229e+04 1.087433e+04 1.089233e+04 1.091029e+04
4.3 1.085583e+04 1.088012e+04 1.088967e+04 1.086538e+04
5.3 1.091120e+04 1.088776e+04 1.088902e+04 1.091246e+04
6.3 1.083546e+04 1.083558e+04 1.088894e+04 1.088882e+04
7.3 1.084139e+04 1.084936e+04 1.089284e+04 1.088486e+04
8.3 1.076179e+04 1.082518e+04 1.089719e+04 1.083379e+04
9.3 1.081889e+04 1.085911e+04 1.089994e+04 1.085973e+04
10.3 1.085182e+04 1.083095e+04 1.089865e+04 1.091952e+04
11.3 1.092528e+04 1.084960e+04 1.089989e+04 1.097557e+04
12.3 1.091538e+04 1.086969e+04 1.090792e+04 1.095361e+04
13.3 1.087256e+04 1.089477e+04 1.090751e+04 1.088530e+04
14.3 1.087950e+04 1.088462e+04 1.090112e+04 1.089599e+04
15.3 1.087013e+04 1.089229e+04 1.089598e+04 1.087382e+04
16.3 1.090654e+04 1.088461e+04 1.089333e+04 1.091525e+04
17.3 1.085756e+04 1.090050e+04 1.089231e+04 1.084938e+04
0.5 1.093215e+04 1.090363e+04 1.089320e+04 1.092171e+04
1.5 1.089229e+04 1.087433e+04 1.089233e+04 1.091029e+04
2.5 1.085583e+04 1.088012e+04 1.088967e+04 1.086538e+04
3.5 1.091120e+04 1.088776e+04 1.088902e+04 1.091246e+04
4.5 1.083546e+04 1.083558e+04 1.088894e+04 1.088882e+04
5.5 1.084139e+04 1.084936e+04 1.089284e+04 1.088486e+04
6.5 1.076179e+04 1.082518e+04 1.089719e+04 1.083379e+04
7.5 1.081889e+04 1.085911e+04 1.089994e+04 1.085973e+04
8.5 1.085182e+04 1.083095e+04 1.089865e+04 1.091952e+04
9.5 1.092528e+04 1.084960e+04 1.089989e+04 1.097557e+04
10.5 1.091538e+04 1.086969e+04 1.090792e+04 1.095361e+04
11.5 1.087256e+04 1.089477e+04 1.090751e+04 1.088530e+04
12.5 1.087950e+04 1.088462e+04 1.090112e+04 1.089599e+04
13.5 1.087013e+04 1.089229e+04 1.089598e+04 1.087382e+04
14.5 1.090654e+04 1.088461e+04 1.089333e+04 1.091525e+04
15.5 1.085756e+04 1.090050e+04 1.089231e+04 1.084938e+04
16.5 1.090992e+04 1.090026e+04 1.089223e+04 1.090189e+04
17.5 1.088373e+04 1.090630e+04 1.089260e+04 1.087004e+04
0.1 1.089229e+04 1.087433e+04 1.089233e+04 1.091029e+04
1.1 1.085583e+04 1.088012e+04 1.088967e+04 1.086538e+04
2.1 1.091120e+04 1.088776e+04 1.088902e+04 1.091246e+04
3.1 1.083546e+04 1.083558e+04 1.088894e+04 1.088882e+04
4.1 1.084139e+04 1.084936e+04 1.089284e+04 1.088486e+04
5.1 1.076179e+04 1.082518e+04 1.089719e+04 1.083379e+04
6.1 1.081889e+04 1.085911e+04 1.089994e+04 1.085973e+04
7.1 1.085182e+04 1.083095e+04 1.089865e+04 1.091952e+04
8.1 1.092528e+04 1.084960e+04 1.089989e+04 1.097557e+04
9.1 1.091538e+04 1.086969e+04 1.090792e+04 1.095361e+04
10.1 1.087256e+04 1.089477e+04 1.090751e+04 1.088530e+04
11.1 1.087950e+04 1.088462e+04 1.090112e+04 1.089599e+04
12.1 1.087013e+04 1.089229e+04 1.089598e+04 1.087382e+04
13.1 1.090654e+04 1.088461e+04 1.089333e+04 1.091525e+04
14.1 1.085756e+04 1.090050e+04 1.089231e+04 1.084938e+04
15.1 1.090992e+04 1.090026e+04 1.089223e+04 1.090189e+04
16.1 1.088373e+04 1.090630e+04 1.089260e+04 1.087004e+04
17.1 1.090150e+04 1.091762e+04 1.089311e+04 1.087699e+04
0.7 1.091120e+04 1.088776e+04 1.088902e+04 1.091246e+04
1.7 1.083546e+04 1.083558e+04 1.088894e+04 1.088882e+04
2.7 1.084139e+04 1.084936e+04 1.089284e+04 1.088486e+04
3.7 1.076179e+04 1.082518e+04 1.089719e+04 1.083379e+04
4.7 1.081889e+04 1.085911e+04 1.089994e+04 1.085973e+04
5.7 1.085182e+04 1.083095e+04 1.089865e+04 1.091952e+04
6.7 1.092528e+04 1.084960e+04 1.089989e+04 1.097557e+04
7.7 1.091538e+04 1.086969e+04 1.090792e+04 1.095361e+04
8.7 1.087256e+04 1.089477e+04 1.090751e+04 1.088530e+04
9.7 1.087950e+04 1.088462e+04 1.090112e+04 1.089599e+04
10.7 1.087013e+04 1.089229e+04 1.089598e+04 1.087382e+04
11.7 1.090654e+04 1.088461e+04 1.089333e+04 1.091525e+04
12.7 1.085756e+04 1.090050e+04 1.089231e+04 1.084938e+04
13.7 1.090992e+04 1.090026e+04 1.089223e+04 1.090189e+04
14.7 1.088373e+04 1.090630e+04 1.089260e+04 1.087004e+04
15.7 1.090150e+04 1.091762e+04 1.089311e+04 1.087699e+04
16.7 1.090781e+04 1.087447e+04 1.089355e+04 1.092689e+04
17.7 1.090796e+04 1.090473e+04 1.089389e+04 1.089712e+04
0.6 1.083546e+04 1.083558e+04 1.088894e+04 1.088882e+04
1.6 1.084139e+04 1.084936e+04 1.089284e+04 1.088486e+04
2.6 1.076179e+04 1.082518e+04 1.089719e+04 1.083379e+04
3.6 1.081889e+04 1.085911e+04 1.089994e+04 1.085973e+04
4.6 1.085182e+04 1.083095e+04 1.089865e+04 1.091952e+04
5.6 1.092528e+04 1.084960e+04 1.089989e+04 1.097557e+04
6.6 1.091538e+04 1.086969e+04 1.090792e+04 1.095361e+04
7.6 1.087256e+04 1.089477e+04 1.090751e+04 1.088530e+04
8.6 1.087950e+04 1.088462e+04 1.090112e+04 1.089599e+04
9.6 1.087013e+04 1.089229e+04 1.089598e+04 1.087382e+04
10.6 1.090654e+04 1.088461e+04 1.089333e+04 1.091525e+04
11.6 1.085756e+04 1.090050e+04 1.089231e+04 1.084938e+04
12.6 1.090992e+04 1.090026e+04 1.089223e+04 1.090189e+04
13.6 1.088373e+04 1.090630e+04 1.089260e+04 1.087004e+04
14.6 1.090150e+04 1.091762e+04 1.089311e+04 1.087699e+04
15.6 1.090781e+04 1.087447e+04 1.089355e+04 1.092689e+04
16.6 1.090796e+04 1.090473e+04 1.089389e+04 1.089712e+04
17.6 1.090591e+04 1.089582e+04 1.089412e+04 1.090421e+04
1.0 1.076179e+04 1.082518e+04 1.089719e+04 1.083379e+04
2.0 1.081889e+04 1.085911e+04 1.089994e+04 1.085973e+04
3.0 1.085182e+04 1.083095e+04 1.089865e+04 1.091952e+04
4.0 1.092528e+04 1.084960e+04 1.089989e+04 1.097557e+04
5.0 1.091538e+04 1.086969e+04 1.090792e+04 1.095361e+04
6.0 1.087256e+04 1.089477e+04 1.090751e+04 1.088530e+04
7.0 1.087950e+04 1.088462e+04 1.090112e+04 1.089599e+04
8.0 1.087013e+04 1.089229e+04 1.089598e+04 1.087382e+04
9.0 1.090654e+04 1.088461e+04 1.089333e+04 1.091525e+04
10.0 1.085756e+04 1.090050e+04 1.089231e+04 1.084938e+04
11.0 1.090992e+04 1.090026e+04 1.089223e+04 1.090189e+04
12.0 1.088373e+04 1.090630e+04 1.089260e+04 1.087004e+04
13.0 1.090150e+04 1.091762e+04 1.089311e+04 1.087699e+04
14.0 1.090781e+04 1.087447e+04 1.089355e+04 1.092689e+04
15.0 1.090796e+04 1.090473e+04 1.089389e+04 1.089712e+04
16.0 1.090591e+04 1.089582e+04 1.089412e+04 1.090421e+04
17.0 1.091223e+04 1.087450e+04 1.089429e+04 1.093202e+04
18.0 1.089646e+04 1.086385e+04 1.089443e+04 1.092704e+04
0.2 1.081889e+04 1.085911e+04 1.089994e+04 1.085973e+04
1.2 1.085182e+04 1.083095e+04 1.089865e+04 1.091952e+04
2.2 1.092528e+04 1.084960e+04 1.089989e+04 1.097557e+04
3.2 1.091538e+04 1.086969e+04 1.090792e+04 1.095361e+04
4.2 1.087256e+04 1.089477e+04 1.090751e+04 1.088530e+04
5.2 1.087950e+04 1.088462e+04 1.090112e+04 1.089599e+04
6.2 1.087013e+04 1.089229e+04 1.089598e+04 1.087382e+04
7.2 1.090654e+04 1.088461e+04 1.089333e+04 1.091525e+04
8.2 1.085756e+04 1.090050e+04 1.089231e+04 1.084938e+04
9.2 1.090992e+04 1.090026e+04 1.089223e+04 1.090189e+04
10.2 1.088373e+04 1.090630e+04 1.089260e+04 1.087004e+04
11.2 1.090150e+04 1.091762e+04 1.089311e+04 1.087699e+04
12.2 1.090781e+04 1.087447e+04 1.089355e+04 1.092689e+04
13.2 1.090796e+04 1.090473e+04 1.089389e+04 1.089712e+04
14.2 1.090591e+04 1.089582e+04 1.089412e+04 1.090421e+04
15.2 1.091223e+04 1.087450e+04 1.089429e+04 1.093202e+04
16.2 1.089646e+04 1.086385e+04 1.089443e+04 1.092704e+04
17.2 1.089186e+04 1.087492e+04 1.089455e+04 1.091148e+04
0.7 1.096874e+04 1.093136e+04 1.088716e+04 1.092454e+04
1.7 1.095587e+04 1.094764e+04 1.087978e+04 1.088801e+04
2.7 1.095212e+04 1.096199e+04 1.088228e+04 1.087240e+04
3.7 1.097016e+04 1.094820e+04 1.088849e+04 1.091045e+04
4.7 1.097329e+04 1.093787e+04 1.089304e+04 1.092847e+04
5.7 1.095105e+04 1.094528e+04 1.089364e+04 1.089940e+04
6.7 1.091589e+04 1.090871e+04 1.089452e+04 1.090170e+04
7.7 1.088619e+04 1.091704e+04 1.089551e+04 1.086466e+04
8.7 1.087924e+04 1.088233e+04 1.089518e+04 1.089210e+04
9.7 1.087337e+04 1.089861e+04 1.089749e+04 1.087225e+04
10.7 1.088816e+04 1.088168e+04 1.089708e+04 1.090355e+04
11.7 1.090297e+04 1.088215e+04 1.089215e+04 1.091297e+04
12.7 1.090789e+04 1.085952e+04 1.089539e+04 1.094376e+04
13.7 1.085578e+04 1.087099e+04 1.089761e+04 1.088239e+04
14.7 1.082437e+04 1.085089e+04 1.089656e+04 1.087004e+04
15.7 1.081483e+04 1.085699e+04 1.089556e+04 1.085340e+04
16.7 1.083092e+04 1.084831e+04 1.089956e+04 1.088216e+04
17.7 1.082708e+04 1.087990e+04 1.090816e+04 1.085533e+04
1.0 1.095212e+04 1.096199e+04 1.088228e+04 1.087240e+04
2.0 1.097016e+04 1.094820e+04 1.088849e+04 1.091045e+04
3.0 1.097329e+04 1.093787e+04 1.089304e+04 1.092847e+04
4.0 1.095105e+04 1.094528e+04 1.089364e+04 1.089940e+04
5.0 1.091589e+04 1.090871e+04 1.089452e+04 1.090170e+04
6.0 1.088619e+04 1.091704e+04 1.089551e+04 1.086466e+04
7.0 1.087924e+04 1.088233e+04 1.089518e+04 1.089210e+04
8.0 1.087337e+04 1.089861e+04 1.089749e+04 1.087225e+04
9.0 1.088816e+04 1.088168e+04 1.089708e+04 1.090355e+04
10.0 1.090297e+04 1.088215e+04 1.089215e+04 1.091297e+04
11.0 1.090789e+04 1.085952e+04 1.089539e+04 1.094376e+04
12.0 1.085578e+04 1.087099e+04 1.089761e+04 1.088239e+04
13.0 1.082437e+04 1.085089e+04 1.089656e+04 1.087004e+04
14.0 1.081483e+04 1.085699e+04 1.089556e+04 1.085340e+04
15.0 1.083092e+04 1.084831e+04 1.089956e+04 1.088216e+04
16.0 1.082708e+04 1.087990e+04 1.090816e+04 1.085533e+04
17.0 1.081857e+04 1.087671e+04 1.090665e+04 1.084850e+04
18.0 1.080916e+04 1.087780e+04 1.089676e+04 1.082812e+04
0.4 1.097016e+04 1.094820e+04 1.088849e+04 1.091045e+04
1.4 1.097329e+04 1.093787e+04 1.089304e+04 1.092847e+04
2.4 1.095105e+04 1.094528e+04 1.089364e+04 1.089940e+04
3.4 1.091589e+04 1.090871e+04 1.089452e+04 1.090170e+04
4.4 1.088619e+04 1.091704e+04 1.089551e+04 1.086466e+04
5.4 1.087924e+04 1.088233e+04 1.089518e+04 1.089210e+04
6.4 1.087337e+04 1.089861e+04 1.089749e+04 1.087225e+04
7.4 1.088816e+04 1.088168e+04 1.089708e+04 1.090355e+04
8.4 1.090297e+04 1.088215e+04 1.089215e+04 1.091297e+04
9.4 1.090789e+04 1.085952e+04 1.089539e+04 1.094376e+04
10.4 1.085578e+04 1.087099e+04 1.089761e+04 1.088239e+04
11.4 1.082437e+04 1.085089e+04 1.089656e+04 1.087004e+04
12.4 1.081483e+04 1.085699e+04 1.089556e+04 1.085340e+04
13.4 1.083092e+04 1.084831e+04 1.089956e+04 1.088216e+04
14.4 1.082708e+04 1.087990e+04 1.090816e+04 1.085533e+04
15.4 1.081857e+04 1.087671e+04 1.090665e+04 1.084850e+04
16.4 1.080916e+04 1.087780e+04 1.089676e+04 1.082812e+04
17.4 1.084303e+04 1.088050e+04 1.088247e+04 1.084501e+04
1.0 1.095105e+04 1.094528e+04 1.089364e+04 1.089940e+04
2.0 1.091589e+04 1.090871e+04 1.089452e+04 1.090170e+04
3.0 1.088619e+04 1.091704e+04 1.089551e+04 1.086466e+04
4.0 1.087924e+04 1.088233e+04 1.089518e+04 1.089210e+04
5.0 1.087337e+04 1.089861e+04 1.089749e+04 1.087225e+04
6.0 1.088816e+04 1.088168e+04 1.089708e+04 1.090355e+04
7.0 1.090297e+04 1.088215e+04 1.089215e+04 1.091297e+04
8.0 1.090789e+04 1.085952e+04 1.089539e+04 1.094376e+04
9.0 1.085578e+04 1.087099e+04 1.089761e+04 1.088239e+04
10.0 1.082437e+04 1.085089e+04 1.089656e+04 1.087004e+04
11.0 1.081483e+04 1.085699e+04 1.089556e+04 1.085340e+04
12.0 1.083092e+04 1.084831e+04 1.089956e+04 1.088216e+04
13.0 1.082708e+04 1.087990e+04 1.090816e+04 1.085533e+04
14.0 1.081857e+04 1.087671e+04 1.090665e+04 1.084850e+04
15.0 1.080916e+04 1.087780e+04 1.089676e+04 1.082812e+04
16.0 1.084303e+04 1.088050e+04 1.088247e+04 1.084501e+04
17.0 1.081302e+04 1.087779e+04 1.087826e+04 1.081350e+04
18.0 1.089479e+04 1.087978e+04 1.088094e+04 1.089595e+04
0.5 1.091589e+04 1.090871e+04 1.089452e+04 1.090170e+04
1.5 1.088619e+04 1.091704e+04 1.089551e+04 1.086466e+04
2.5 1.087924e+04 1.088233e+04 1.089518e+04 1.089210e+04
3.5 1.087337e+04 1.089861e+04 1.089749e+04 1.087225e+04
4.5 1.088816e+04 1.088168e+04 1.089708e+04 1.090355e+04
5.5 1.090297e+04 1.088215e+04 1.089215e+04 1.091297e+04
6.5 1.090789e+04 1.085952e+04 1.089539e+04 1.094376e+04
7.5 1.085578e+04 1.087099e+04 1.089761e+04 1.088239e+04
8.5 1.082437e+04 1.085089e+04 1.089656e+04 1.087004e+04
9.5 1.081483e+04 1.085699e+04 1.089556e+04 1.085340e+04
10.5 1.083092e+04 1.084831e+04 1.089956e+04 1.088216e+04
11.5 1.082708e+04 1.087990e+04 1.090816e+04 1.085533e+04
12.5 1.081857e+04 1.087671e+04 1.090665e+04 1.084850e+04
13.5 1.080916e+04 1.087780e+04 1.089676e+04 1.082812e+04
14.5 1.084303e+04 1.088050e+04 1.088247e+04 1.084501e+04
15.5 1.081302e+04 1.087779e+04 1.087826e+04 1.081350e+04
16.5 1.089479e+04 1.087978e+04 1.088094e+04 1.089595e+04
17.5 1.088518e+04 1.087126e+04 1.088455e+04 1.089846e+04
0.1 1.088619e+04 1.091704e+04 1.089551e+04 1.086466e+04
1.1 1.087924e+04 1.088233e+04 1.089518e+04 1.089210e+04
2.1 1.087337e+04 1.089861e+04 1.089749e+04 1.087225e+04
3.1 1.088816e+04 1.088168e+04 1.089708e+04 1.090355e+04
4.1 1.090297e+04 1.088215e+04 1.089215e+04 1.091297e+04
5.1 1.090789e+04 1.085952e+04 1.089539e+04 1.094376e+04
6.1 1.085578e+04 1.087099e+04 1.089761e+04 1.088239e+04
7.1 1.082437e+04 1.085089e+04 1.089656e+04 1.087004e+04
8.1 1.081483e+04 1.085699e+04 1.089556e+04 1.085340e+04
9.1 1.083092e+04 1.084831e+04 1.089956e+04 1.088216e+04
10.1 1.082708e+04 1.087990e+04 1.090816e+04 1.085533e+04
11.1 1.081857e+04 1.087671e+04 1.090665e+04 1.084850e+04
12.1 1.080916e+04 1.087780e+04 1.089676e+04 1.082812e+04
13.1 1.084303e+04 1.088050e+04 1.088247e+04 1.084501e+04
14.1 1.081302e+04 1.087779e+04 1.087826e+04 1.081350e+04
15.1 1.089479e+04 1.087978e+04 1.088094e+04 1.089595e+04
16.1 1.088518e+04 1.087126e+04 1.088455e+04 1.089846e+04
17.1 1.092080e+04 1.088760e+04 1.089978e+04 1.093298e+04
0.4 1.087337e+04 1.089861e+04 1.089749e+04 1.087225e+04
1.4 1.088816e+04 1.088168e+04 1.089708e+04 1.090355e+04
2.4 1.090297e+04 1.088215e+04 1.089215e+04 1.091297e+04
3.4 1.090789e+04 1.085952e+04 1.089539e+04 1.094376e+04
4.4 1.085578e+04 1.087099e+04 1.089761e+04 1.088239e+04
5.4 1.082437e+04 1.085089e+04 1.089656e+04 1.087004e+04
6.4 1.081483e+04 1.085699e+04 1.089556e+04 1.085340e+04
7.4 1.083092e+04 1.084831e+04 1.089956e+04 1.088216e+04
8.4 1.082708e+04 1.087990e+04 1.090816e+04 1.085533e+04
9.4 1.081857e+04 1.087671e+04 1.090665e+04 1.084850e+04
10.4 1.080916e+04 1.087780e+04 1.089676e+04 1.082812e+04
11.4 1.084303e+04 1.088050e+04 1.088247e+04 1.084501e+04
12.4 1.081302e+04 1.087779e+04 1.087826e+04 1.081350e+04
13.4 1.089479e+04 1.087978e+04 1.088094e+04 1.089595e+04
14.4 1.088518e+04 1.087126e+04 1.088455e+04 1.089846e+04
15.4 1.092080e+04 1.088760e+04 1.089978e+04 1.093298e+04
16.4 1.088560e+04 1.088547e+04 1.091212e+04 1.091224e+04
17.4 1.091707e+04 1.088539e+04 1.090961e+04 1.094128e+04
0.1 1.088816e+04 1.088168e+04 1.089708e+04 1.090355e+04
1.1 1.090297e+04 1.088215e+04 1.089215e+04 1.091297e+04
2.1 1.090789e+04 1.085952e+04 1.089539e+04 1.094376e+04
3.1 1.085578e+04 1.087099e+04 1.089761e+04 1.088239e+04
4.1 1.082437e+04 1.085089e+04 1.089656e+04 1.087004e+04
5.1 1.081483e+04 1.085699e+04 1.089556e+04 1.085340e+04
6.1 1.083092e+04 1.084831e+04 1.089956e+04 1.088216e+04
7.1 1.082708e+04 1.087990e+04 1.090816e+04 1.085533e+04
8.1 1.081857e+04 1.087671e+04 1.090665e+04 1.084850e+04
9.1 1.080916e+04 1.087780e+04 1.089676e+04 1.082812e+04
10.1 1.084303e+04 1.088050e+04 1.088247e+04 1.084501e+04
11.1 1.081302e+04 1.087779e+04 1.087826e+04 1.081350e+04
12.1 1.089479e+04 1.087978e+04 1.088094e+04 1.089595e+04
13.1 1.088518e+04 1.087126e+04 1.088455e+04 1.089846e+04
14.1 1.092080e+04 1.088760e+04 1.089978e+04 1.093298e+04
15.1 1.088560e+04 1.088547e+04 1.091212e+04 1.091224e+04
16.1 1.091707e+04 1.088539e+04 1.090961e+04 1.094128e+04
17.1 1.092627e+04 1.088131e+04 1.090208e+04 1.094704e+04
0.2 1.090789e+04 1.085952e+04 1.089539e+04 1.094376e+04
1.2 1.085578e+04 1.087099e+04 1.089761e+04 1.088239e+04
2.2 1.082437e+04 1.085089e+04 1.089656e+04 1.087004e+04
3.2 1.081483e+04 1.085699e+04 1.089556e+04 1.085340e+04
4.2 1.083092e+04 1.084831e+04 1.089956e+04 1.088216e+04
5.2 1.082708e+04 1.087990e+04 1.090816e+04 1.085533e+04
6.2 1.081857e+04 1.087671e+04 1.090665e+04 1.084850e+04
7.2 1.080916e+04 1.087780e+04 1.089676e+04 1.082812e+04
8.2 1.084303e+04 1.088050e+04 1.088247e+04 1.084501e+04
9.2 1.081302e+04 1.087779e+04 1.087826e+04 1.081350e+04
10.2 1.089479e+04 1.087978e+04 1.088094e+04 1.089595e+04
11.2 1.088518e+04 1.087126e+04 1.088455e+04 1.089846e+04
12.2 1.092080e+04 1.088760e+04 1.089978e+04 1.093298e+04
13.2 1.088560e+04 1.088547e+04 1.091212e+04 1.091224e+04
14.2 1.091707e+04 1.088539e+04 1.090961e+04 1.094128e+04
15.2 1.092627e+04 1.088131e+04 1.090208e+04 1.094704e+04
16.2 1.091944e+04 1.089429e+04 1.089648e+04 1.092163e+04
17.2 1.088940e+04 1.088036e+04 1.089341e+04 1.090245e+04
0.4 1.082437e+04 1.085089e+04 1.089656e+04 1.087004e+04
1.4 1.081483e+04 1.085699e+04 1.089556e+04 1.085340e+04
2.4 1.083092e+04 1.084831e+04 1.089956e+04 1.088216e+04
3.4 1.082708e+04 1.087990e+04 1.090816e+04 1.085533e+04
4.4 1.081857e+04 1.087671e+04 1.090665e+04 1.084850e+04
5.4 1.080916e+04 1.087780e+04 1.089676e+04 1.082812e+04
6.4 1.084303e+04 1.088050e+04 1.088247e+04 1.084501e+04
7.4 1.081302e+04 1.087779e+04 1.087826e+04 1.081350e+04
8.4 1.089479e+04 1.087978e+04 1.088094e+04 1.089595e+04
9.4 1.088518e+04 1.087126e+04 1.088455e+04 1.089846e+04
10.4 1.092080e+04 1.088760e+04 1.089978e+04 1.093298e+04
11.4 1.088560e+04 1.088547e+04 1.091212e+04 1.091224e+04
12.4 1.091707e+04 1.088539e+04 1.090961e+04 1.094128e+04
13.4 1.092627e+04 1.088131e+04 1.090208e+04 1.094704e+04
14.4 1.091944e+04 1.089429e+04 1.089648e+04 1.092163e+04
15.4 1.088940e+04 1.088036e+04 1.089341e+04 1.090245e+04
16.4 1.088673e+04 1.090584e+04 1.089208e+04 1.087297e+04
17.4 1.092893e+04 1.089549e+04 1.089184e+04 1.092529e+04
0.3 1.080916e+04 1.087780e+04 1.089676e+04 1.082812e+04
1.3 1.084303e+04 1.088050e+04 1.088247e+04 1.084501e+04
2.3 1.081302e+04 1.087779e+04 1.087826e+04 1.081350e+04
3.3 1.089479e+04 1.087978e+04 1.088094e+04 1.089595e+04
4.3 1.088518e+04 1.087126e+04 1.088455e+04 1.089846e+04
5.3 1.092080e+04 1.088760e+04 1.089978e+04 1.093298e+04
6.3 1.088560e+04 1.088547e+04 1.091212e+04 1.091224e+04
7.3 1.091707e+04 1.088539e+04 1.090961e+04 1.094128e+04
8.3 1.092627e+04 1.088131e+04 1.090208e+04 1.094704e+04
9.3 1.091944e+04 1.089429e+04 1.089648e+04 1.092163e+04
10.3 1.088940e+04 1.088036e+04 1.089341e+04 1.090245e+04
11.3 1.088673e+04 1.090584e+04 1.089208e+04 1.087297e+04
12.3 1.092893e+04 1.089549e+04 1.089184e+04 1.092529e+04
13.3 1.086569e+04 1.088473e+04 1.089215e+04 1.087311e+04
14.3 1.088180e+04 1.091909e+04 1.089259e+04 1.085530e+04
15.3 1.092078e+04 1.091206e+04 1.089296e+04 1.090168e+04
16.3 1.090199e+04 1.089064e+04 1.089321e+04 1.090456e+04
17.3 1.095310e+04 1.090524e+04 1.089337e+04 1.094123e+04
0.5 1.081302e+04 1.087779e+04 1.087826e+04 1.081350e+04
1.5 1.089479e+04 1.087978e+04 1.088094e+04 1.089595e+04
2.5 1.088518e+04 1.087126e+04 1.088455e+04 1.089846e+04
3.5 1.092080e+04 1.088760e+04 1.089978e+04 1.093298e+04
4.5 1.088560e+04 1.088547e+04 1.091212e+04 1.091224e+04
5.5 1.091707e+04 1.088539e+04 1.090961e+04 1.094128e+04
6.5 1.092627e+04 1.088131e+04 1.090208e+04 1.094704e+04
7.5 1.091944e+04 1.089429e+04 1.089648e+04 1.092163e+04
8.5 1.088940e+04 1.088036e+04 1.089341e+04 1.090245e+04
9.5 1.088673e+04 1.090584e+04 1.089208e+04 1.087297e+04
10.5 1.092893e+04 1.089549e+04 1.089184e+04 1.092529e+04
11.5 1.086569e+04 1.088473e+04 1.089215e+04 1.087311e+04
12.5 1.088180e+04 1.091909e+04 1.089259e+04 1.085530e+04
13.5 1.092078e+04 1.091206e+04 1.089296e+04 1.090168e+04
14.5 1.090199e+04 1.089064e+04 1.089321e+04 1.090456e+04
15.5 1.095310e+04 1.090524e+04 1.089337e+04 1.094123e+04
16.5 1.093382e+04 1.089067e+04 1.089347e+04 1.093661e+04
17.5 1.084526e+04 1.090346e+04 1.089354e+04 1.083534e+04
0.4 1.089479e+04 1.087978e+04 1.088094e+04 1.089595e+04
1.4 1.088518e+04 1.087126e+04 1.088455e+04 1.089846e+04
2.4 1.092080e+04 1.088760e+04 1.089978e+04 1.093298e+04
3.4 1.088560e+04 1.088547e+04 1.091212e+04 1.091224e+04
4.4 1.091707e+04 1.088539e+04 1.090961e+04 1.094128e+04
5.4 1.092627e+04 1.088131e+04 1.090208e+04 1.094704e+04
6.4 1.091944e+04 1.089429e+04 1.089648e+04 1.092163e+04
7.4 1.088940e+04 1.088036e+04 1.089341e+04 1.090245e+04
8.4 1.088673e+04 1.090584e+04 1.089208e+04 1.087297e+04
9.4 1.092893e+04 1.089549e+04 1.089184e+04 1.092529e+04
10.4 1.086569e+04 1.088473e+04 1.089215e+04 1.087311e+04
11.4 1.088180e+04 1.091909e+04 1.089259e+04 1.085530e+04
12.4 1.092078e+04 1.091206e+04 1.089296e+04 1.090168e+04
13.4 1.090199e+04 1.089064e+04 1.089321e+04 1.090456e+04
14.4 1.095310e+04 1.090524e+04 1.089337e+04 1.094123e+04
15.4 1.093382e+04 1.089067e+04 1.089347e+04 1.093661e+04
16.4 1.084526e+04 1.090346e+04 1.089354e+04 1.083534e+04
17.4 1.088520e+04 1.091589e+04 1.089362e+04 1.086292e+04
