0.2 1.089772e+04 1.091683e+04 1.088823e+04 1.086912e+04
1.2 1.085844e+04 1.086219e+04 1.089086e+04 1.088712e+04
2.2 1.095406e+04 1.089302e+04 1.090027e+04 1.096131e+04
3.2 1.097892e+04 1.088453e+04 1.090914e+04 1.100352e+04
4.2 1.094672e+04 1.090631e+04 1.091715e+04 1.095756e+04
5.2 1.088651e+04 1.089510e+04 1.092105e+04 1.091246e+04
6.2 1.082548e+04 1.090522e+04 1.092494e+04 1.084520e+04
7.2 1.085881e+04 1.088418e+04 1.091976e+04 1.089439e+04
8.2 1.080218e+04 1.086791e+04 1.091444e+04 1.084871e+04
9.2 1.085066e+04 1.088783e+04 1.090491e+04 1.086773e+04
10.2 1.081452e+04 1.087144e+04 1.089393e+04 1.083701e+04
11.2 1.084331e+04 1.086867e+04 1.088728e+04 1.086191e+04
12.2 1.076084e+04 1.085385e+04 1.088489e+04 1.079188e+04
13.2 1.083780e+04 1.088464e+04 1.088492e+04 1.083807e+04
14.2 1.088283e+04 1.087164e+04 1.088598e+04 1.089717e+04
15.2 1.088519e+04 1.090070e+04 1.088731e+04 1.087180e+04
16.2 1.091271e+04 1.091564e+04 1.088849e+04 1.088556e+04
17.2 1.088799e+04 1.088214e+04 1.088940e+04 1.089525e+04
0.8 1.095406e+04 1.089302e+04 1.090027e+04 1.096131e+04
1.8 1.097892e+04 1.088453e+04 1.090914e+04 1.100352e+04
2.8 1.094672e+04 1.090631e+04 1.091715e+04 1.095756e+04
3.8 1.088651e+04 1.089510e+04 1.092105e+04 1.091246e+04
4.8 1.082548e+04 1.090522e+04 1.092494e+04 1.084520e+04
5.8 1.085881e+04 1.088418e+04 1.091976e+04 1.089439e+04
6.8 1.080218e+04 1.086791e+04 1.091444e+04 1.084871e+04
7.8 1.085066e+04 1.088783e+04 1.090491e+04 1.086773e+04
8.8 1.081452e+04 1.087144e+04 1.089393e+04 1.083701e+04
9.8 1.084331e+04 1.086867e+04 1.088728e+04 1.086191e+04
10.8 1.076084e+04 1.085385e+04 1.088489e+04 1.079188e+04
11.8 1.083780e+04 1.088464e+04 1.088492e+04 1.083807e+04
12.8 1.088283e+04 1.087164e+04 1.088598e+04 1.089717e+04
13.8 1.088519e+04 1.090070e+04 1.088731e+04 1.087180e+04
14.8 1.091271e+04 1.091564e+04 1.088849e+04 1.088556e+04
15.8 1.088799e+04 1.088214e+04 1.088940e+04 1.089525e+04
16.8 1.094068e+04 1.089166e+04 1.089006e+04 1.093908e+04
17.8 1.089711e+04 1.088600e+04 1.089054e+04 1.090165e+04
0.7 1.097892e+04 1.088453e+04 1.090914e+04 1.100352e+04
1.7 1.094672e+04 1.090631e+04 1.091715e+04 1.095756e+04
2.7 1.088651e+04 1.089510e+04 1.092105e+04 1.091246e+04
3.7 1.082548e+04 1.090522e+04 1.092494e+04 1.084520e+04
4.7 1.085881e+04 1.088418e+04 1.091976e+04 1.089439e+04
5.7 1.080218e+04 1.086791e+04 1.091444e+04 1.084871e+04
6.7 1.085066e+04 1.088783e+04 1.090491e+04 1.086773e+04
7.7 1.081452e+04 1.087144e+04 1.089393e+04 1.083701e+04
8.7 1.084331e+04 1.086867e+04 1.088728e+04 1.086191e+04
9.7 1.076084e+04 1.085385e+04 1.088489e+04 1.079188e+04
10.7 1.083780e+04 1.088464e+04 1.088492e+04 1.083807e+04
11.7 1.088283e+04 1.087164e+04 1.088598e+04 1.089717e+04
12.7 1.088519e+04 1.090070e+04 1.088731e+04 1.087180e+04
13.7 1.091271e+04 1.091564e+04 1.088849e+04 1.088556e+04
14.7 1.088799e+04 1.088214e+04 1.088940e+04 1.089525e+04
15.7 1.094068e+04 1.089166e+04 1.089006e+04 1.093908e+04
16.7 1.089711e+04 1.088600e+04 1.089054e+04 1.090165e+04
17.7 1.093070e+04 1.090223e+04 1.089092e+04 1.091939e+04
0.6 1.094672e+04 1.090631e+04 1.091715e+04 1.095756e+04
1.6 1.088651e+04 1.089510e+04 1.092105e+04 1.091246e+04
2.6 1.082548e+04 1.090522e+04 1.092494e+04 1.084520e+04
3.6 1.085881e+04 1.088418e+04 1.091976e+04 1.089439e+04
4.6 1.080218e+04 1.086791e+04 1.091444e+04 1.084871e+04
5.6 1.085066e+04 1.088783e+04 1.090491e+04 1.086773e+04
6.6 1.081452e+04 1.087144e+04 1.089393e+04 1.083701e+04
7.6 1.084331e+04 1.086867e+04 1.088728e+04 1.086191e+04
8.6 1.076084e+04 1.085385e+04 1.088489e+04 1.079188e+04
9.6 1.083780e+04 1.088464e+04 1.088492e+04 1.083807e+04
10.6 1.088283e+04 1.087164e+04 1.088598e+04 1.089717e+04
11.6 1.088519e+04 1.090070e+04 1.088731e+04 1.087180e+04
12.6 1.091271e+04 1.091564e+04 1.088849e+04 1.088556e+04
13.6 1.088799e+04 1.088214e+04 1.088940e+04 1.089525e+04
14.6 1.094068e+04 1.089166e+04 1.089006e+04 1.093908e+04
15.6 1.089711e+04 1.088600e+04 1.089054e+04 1.090165e+04
16.6 1.093070e+04 1.090223e+04 1.089092e+04 1.091939e+04
17.6 1.095017e+04 1.088977e+04 1.089124e+04 1.095164e+04
0.8 1.088651e+04 1.089510e+04 1.092105e+04 1.091246e+04
1.8 1.082548e+04 1.090522e+04 1.092494e+04 1.084520e+04
2.8 1.085881e+04 1.088418e+04 1.091976e+04 1.089439e+04
3.8 1.080218e+04 1.086791e+04 1.091444e+04 1.084871e+04
4.8 1.085066e+04 1.088783e+04 1.090491e+04 1.086773e+04
5.8 1.081452e+04 1.087144e+04 1.089393e+04 1.083701e+04
6.8 1.084331e+04 1.086867e+04 1.088728e+04 1.086191e+04
7.8 1.076084e+04 1.085385e+04 1.088489e+04 1.079188e+04
8.8 1.083780e+04 1.088464e+04 1.088492e+04 1.083807e+04
9.8 1.088283e+04 1.087164e+04 1.088598e+04 1.089717e+04
10.8 1.088519e+04 1.090070e+04 1.088731e+04 1.087180e+04
11.8 1.091271e+04 1.091564e+04 1.088849e+04 1.088556e+04
12.8 1.088799e+04 1.088214e+04 1.088940e+04 1.089525e+04
13.8 1.094068e+04 1.089166e+04 1.089006e+04 1.093908e+04
14.8 1.089711e+04 1.088600e+04 1.089054e+04 1.090165e+04
15.8 1.093070e+04 1.090223e+04 1.089092e+04 1.091939e+04
16.8 1.095017e+04 1.088977e+04 1.089124e+04 1.095164e+04
17.8 1.093147e+04 1.089805e+04 1.089152e+04 1.092495e+04
0.1 1.082548e+04 1.090522e+04 1.092494e+04 1.084520e+04
1.1 1.085881e+04 1.088418e+04 1.091976e+04 1.089439e+04
2.1 1.080218e+04 1.086791e+04 1.091444e+04 1.084871e+04
3.1 1.085066e+04 1.088783e+04 1.090491e+04 1.086773e+04
4.1 1.081452e+04 1.087144e+04 1.089393e+04 1.083701e+04
5.1 1.084331e+04 1.086867e+04 1.088728e+04 1.086191e+04
6.1 1.076084e+04 1.085385e+04 1.088489e+04 1.079188e+04
7.1 1.083780e+04 1.088464e+04 1.088492e+04 1.083807e+04
8.1 1.088283e+04 1.087164e+04 1.088598e+04 1.089717e+04
9.1 1.088519e+04 1.090070e+04 1.088731e+04 1.087180e+04
10.1 1.091271e+04 1.091564e+04 1.088849e+04 1.088556e+04
11.1 1.088799e+04 1.088214e+04 1.088940e+04 1.089525e+04
12.1 1.094068e+04 1.089166e+04 1.089006e+04 1.093908e+04
13.1 1.089711e+04 1.088600e+04 1.089054e+04 1.090165e+04
14.1 1.093070e+04 1.090223e+04 1.089092e+04 1.091939e+04
15.1 1.095017e+04 1.088977e+04 1.089124e+04 1.095164e+04
16.1 1.093147e+04 1.089805e+04 1.089152e+04 1.092495e+04
17.1 1.094821e+04 1.091453e+04 1.089178e+04 1.092547e+04
0.3 1.091343e+04 1.089303e+04 1.089206e+04 1.091245e+04
1.3 1.093157e+04 1.088562e+04 1.089570e+04 1.094165e+04
2.3 1.084324e+04 1.085155e+04 1.090446e+04 1.089615e+04
3.3 1.089148e+04 1.089764e+04 1.090774e+04 1.090158e+04
4.3 1.082987e+04 1.085784e+04 1.091088e+04 1.088291e+04
5.3 1.095139e+04 1.091451e+04 1.090570e+04 1.094259e+04
6.3 1.089427e+04 1.089274e+04 1.089786e+04 1.089938e+04
7.3 1.086746e+04 1.088228e+04 1.089264e+04 1.087781e+04
8.3 1.091801e+04 1.086352e+04 1.089020e+04 1.094469e+04
9.3 1.090943e+04 1.088255e+04 1.088945e+04 1.091633e+04
10.3 1.091387e+04 1.087239e+04 1.088956e+04 1.093104e+04
11.3 1.089064e+04 1.088821e+04 1.088999e+04 1.089243e+04
12.3 1.092252e+04 1.091251e+04 1.089041e+04 1.090043e+04
13.3 1.089057e+04 1.090927e+04 1.089068e+04 1.087197e+04
14.3 1.090544e+04 1.093231e+04 1.089078e+04 1.086391e+04
15.3 1.092800e+04 1.093878e+04 1.089076e+04 1.087998e+04
16.3 1.089365e+04 1.092361e+04 1.089066e+04 1.086070e+04
17.3 1.094954e+04 1.092609e+04 1.089052e+04 1.091397e+04
0.3 1.084324e+04 1.085155e+04 1.090446e+04 1.089615e+04
1.3 1.089148e+04 1.089764e+04 1.090774e+04 1.090158e+04
2.3 1.082987e+04 1.085784e+04 1.091088e+04 1.088291e+04
3.3 1.095139e+04 1.091451e+04 1.090570e+04 1.094259e+04
4.3 1.089427e+04 1.089274e+04 1.089786e+04 1.089938e+04
5.3 1.086746e+04 1.088228e+04 1.089264e+04 1.087781e+04
6.3 1.091801e+04 1.086352e+04 1.089020e+04 1.094469e+04
7.3 1.090943e+04 1.088255e+04 1.088945e+04 1.091633e+04
8.3 1.091387e+04 1.087239e+04 1.088956e+04 1.093104e+04
9.3 1.089064e+04 1.088821e+04 1.088999e+04 1.089243e+04
10.3 1.092252e+04 1.091251e+04 1.089041e+04 1.090043e+04
11.3 1.089057e+04 1.090927e+04 1.089068e+04 1.087197e+04
12.3 1.090544e+04 1.093231e+04 1.089078e+04 1.086391e+04
13.3 1.092800e+04 1.093878e+04 1.089076e+04 1.087998e+04
14.3 1.089365e+04 1.092361e+04 1.089066e+04 1.086070e+04
15.3 1.094954e+04 1.092609e+04 1.089052e+04 1.091397e+04
16.3 1.090452e+04 1.090361e+04 1.089035e+04 1.089126e+04
17.3 1.089163e+04 1.090528e+04 1.089016e+04 1.087652e+04
0.3 1.077808e+04 1.084518e+04 1.088830e+04 1.082121e+04
1.3 1.081551e+04 1.084855e+04 1.089188e+04 1.085884e+04
2.3 1.085997e+04 1.084729e+04 1.090060e+04 1.091328e+04
3.3 1.085654e+04 1.086301e+04 1.090425e+04 1.089778e+04
4.3 1.077675e+04 1.086653e+04 1.091224e+04 1.082246e+04
5.3 1.083198e+04 1.089754e+04 1.091639e+04 1.085082e+04
6.3 1.084624e+04 1.088004e+04 1.091484e+04 1.088105e+04
7.3 1.086573e+04 1.087945e+04 1.091725e+04 1.090353e+04
8.3 1.088072e+04 1.086856e+04 1.091390e+04 1.092606e+04
9.3 1.091020e+04 1.086203e+04 1.091093e+04 1.095909e+04
10.3 1.091187e+04 1.087571e+04 1.090372e+04 1.093988e+04
11.3 1.086374e+04 1.088982e+04 1.089420e+04 1.086812e+04
12.3 1.088479e+04 1.086203e+04 1.088815e+04 1.091091e+04
13.3 1.091246e+04 1.087452e+04 1.088586e+04 1.092379e+04
14.3 1.090549e+04 1.085464e+04 1.088576e+04 1.093661e+04
15.3 1.089287e+04 1.087021e+04 1.088664e+04 1.090929e+04
16.3 1.086784e+04 1.087050e+04 1.088780e+04 1.088514e+04
17.3 1.090191e+04 1.089803e+04 1.088888e+04 1.089276e+04
0.4 1.085997e+04 1.084729e+04 1.090060e+04 1.091328e+04
1.4 1.085654e+04 1.086301e+04 1.090425e+04 1.089778e+04
2.4 1.077675e+04 1.086653e+04 1.091224e+04 1.082246e+04
3.4 1.083198e+04 1.089754e+04 1.091639e+04 1.085082e+04
4.4 1.084624e+04 1.088004e+04 1.091484e+04 1.088105e+04
5.4 1.086573e+04 1.087945e+04 1.091725e+04 1.090353e+04
6.4 1.088072e+04 1.086856e+04 1.091390e+04 1.092606e+04
7.4 1.091020e+04 1.086203e+04 1.091093e+04 1.095909e+04
8.4 1.091187e+04 1.087571e+04 1.090372e+04 1.093988e+04
9.4 1.086374e+04 1.088982e+04 1.089420e+04 1.086812e+04
10.4 1.088479e+04 1.086203e+04 1.088815e+04 1.091091e+04
11.4 1.091246e+04 1.087452e+04 1.088586e+04 1.092379e+04
12.4 1.090549e+04 1.085464e+04 1.088576e+04 1.093661e+04
13.4 1.089287e+04 1.087021e+04 1.088664e+04 1.090929e+04
14.4 1.086784e+04 1.087050e+04 1.088780e+04 1.088514e+04
15.4 1.090191e+04 1.089803e+04 1.088888e+04 1.089276e+04
16.4 1.094750e+04 1.094366e+04 1.088973e+04 1.089357e+04
17.4 1.096104e+04 1.095128e+04 1.089035e+04 1.090011e+04
0.4 1.085654e+04 1.086301e+04 1.090425e+04 1.089778e+04
1.4 1.077675e+04 1.086653e+04 1.091224e+04 1.082246e+04
2.4 1.083198e+04 1.089754e+04 1.091639e+04 1.085082e+04
3.4 1.084624e+04 1.088004e+04 1.091484e+04 1.088105e+04
4.4 1.086573e+04 1.087945e+04 1.091725e+04 1.090353e+04
5.4 1.088072e+04 1.086856e+04 1.091390e+04 1.092606e+04
6.4 1.091020e+04 1.086203e+04 1.091093e+04 1.095909e+04
7.4 1.091187e+04 1.087571e+04 1.090372e+04 1.093988e+04
8.4 1.086374e+04 1.088982e+04 1.089420e+04 1.086812e+04
9.4 1.088479e+04 1.086203e+04 1.088815e+04 1.091091e+04
10.4 1.091246e+04 1.087452e+04 1.088586e+04 1.092379e+04
11.4 1.090549e+04 1.085464e+04 1.088576e+04 1.093661e+04
12.4 1.089287e+04 1.087021e+04 1.088664e+04 1.090929e+04
13.4 1.086784e+04 1.087050e+04 1.088780e+04 1.088514e+04
14.4 1.090191e+04 1.089803e+04 1.088888e+04 1.089276e+04
15.4 1.094750e+04 1.094366e+04 1.088973e+04 1.089357e+04
16.4 1.096104e+04 1.095128e+04 1.089035e+04 1.090011e+04
17.4 1.095999e+04 1.093199e+04 1.089082e+04 1.091882e+04
0.7 1.083198e+04 1.089754e+04 1.091639e+04 1.085082e+04
1.7 1.084624e+04 1.088004e+04 1.091484e+04 1.088105e+04
2.7 1.086573e+04 1.087945e+04 1.091725e+04 1.090353e+04
3.7 1.088072e+04 1.086856e+04 1.091390e+04 1.092606e+04
4.7 1.091020e+04 1.086203e+04 1.091093e+04 1.095909e+04
5.7 1.091187e+04 1.087571e+04 1.090372e+04 1.093988e+04
6.7 1.086374e+04 1.088982e+04 1.089420e+04 1.086812e+04
7.7 1.088479e+04 1.086203e+04 1.088815e+04 1.091091e+04
8.7 1.091246e+04 1.087452e+04 1.088586e+04 1.092379e+04
9.7 1.090549e+04 1.085464e+04 1.088576e+04 1.093661e+04
10.7 1.089287e+04 1.087021e+04 1.088664e+04 1.090929e+04
11.7 1.086784e+04 1.087050e+04 1.088780e+04 1.088514e+04
12.7 1.090191e+04 1.089803e+04 1.088888e+04 1.089276e+04
13.7 1.094750e+04 1.094366e+04 1.088973e+04 1.089357e+04
14.7 1.096104e+04 1.095128e+04 1.089035e+04 1.090011e+04
15.7 1.095999e+04 1.093199e+04 1.089082e+04 1.091882e+04
16.7 1.092403e+04 1.090498e+04 1.089120e+04 1.091024e+04
17.7 1.091261e+04 1.090132e+04 1.089152e+04 1.090280e+04
0.8 1.084624e+04 1.088004e+04 1.091484e+04 1.088105e+04
1.8 1.086573e+04 1.087945e+04 1.091725e+04 1.090353e+04
2.8 1.088072e+04 1.086856e+04 1.091390e+04 1.092606e+04
3.8 1.091020e+04 1.086203e+04 1.091093e+04 1.095909e+04
4.8 1.091187e+04 1.087571e+04 1.090372e+04 1.093988e+04
5.8 1.086374e+04 1.088982e+04 1.089420e+04 1.086812e+04
6.8 1.088479e+04 1.086203e+04 1.088815e+04 1.091091e+04
7.8 1.091246e+04 1.087452e+04 1.088586e+04 1.092379e+04
8.8 1.090549e+04 1.085464e+04 1.088576e+04 1.093661e+04
9.8 1.089287e+04 1.087021e+04 1.088664e+04 1.090929e+04
10.8 1.086784e+04 1.087050e+04 1.088780e+04 1.088514e+04
11.8 1.090191e+04 1.089803e+04 1.088888e+04 1.089276e+04
12.8 1.094750e+04 1.094366e+04 1.088973e+04 1.089357e+04
13.8 1.096104e+04 1.095128e+04 1.089035e+04 1.090011e+04
14.8 1.095999e+04 1.093199e+04 1.089082e+04 1.091882e+04
15.8 1.092403e+04 1.090498e+04 1.089120e+04 1.091024e+04
16.8 1.091261e+04 1.090132e+04 1.089152e+04 1.090280e+04
17.8 1.092870e+04 1.091383e+04 1.089180e+04 1.090668e+04
0.0 1.086573e+04 1.087945e+04 1.091725e+04 1.090353e+04
1.0 1.088072e+04 1.086856e+04 1.091390e+04 1.092606e+04
2.0 1.091020e+04 1.086203e+04 1.091093e+04 1.095909e+04
3.0 1.091187e+04 1.087571e+04 1.090372e+04 1.093988e+04
4.0 1.086374e+04 1.088982e+04 1.089420e+04 1.086812e+04
5.0 1.088479e+04 1.086203e+04 1.088815e+04 1.091091e+04
6.0 1.091246e+04 1.087452e+04 1.088586e+04 1.092379e+04
7.0 1.090549e+04 1.085464e+04 1.088576e+04 1.093661e+04
8.0 1.089287e+04 1.087021e+04 1.088664e+04 1.090929e+04
9.0 1.086784e+04 1.087050e+04 1.088780e+04 1.088514e+04
10.0 1.090191e+04 1.089803e+04 1.088888e+04 1.089276e+04
11.0 1.094750e+04 1.094366e+04 1.088973e+04 1.089357e+04
12.0 1.096104e+04 1.095128e+04 1.089035e+04 1.090011e+04
13.0 1.095999e+04 1.093199e+04 1.089082e+04 1.091882e+04
14.0 1.092403e+04 1.090498e+04 1.089120e+04 1.091024e+04
15.0 1.091261e+04 1.090132e+04 1.089152e+04 1.090280e+04
16.0 1.092870e+04 1.091383e+04 1.089180e+04 1.090668e+04
17.0 1.094602e+04 1.088181e+04 1.089207e+04 1.095629e+04
0.2 1.088943e+04 1.089300e+04 1.088550e+04 1.088193e+04
1.2 1.093769e+04 1.089586e+04 1.088775e+04 1.092958e+04
2.2 1.088144e+04 1.089023e+04 1.089819e+04 1.088940e+04
3.2 1.094107e+04 1.092866e+04 1.090799e+04 1.092040e+04
4.2 1.093631e+04 1.090366e+04 1.091000e+04 1.094265e+04
5.2 1.094130e+04 1.090976e+04 1.090851e+04 1.094006e+04
6.2 1.091752e+04 1.089150e+04 1.090735e+04 1.093337e+04
7.2 1.087999e+04 1.087887e+04 1.091194e+04 1.091307e+04
8.2 1.084916e+04 1.086608e+04 1.091216e+04 1.089524e+04
9.2 1.089431e+04 1.084506e+04 1.091134e+04 1.096060e+04
10.2 1.093260e+04 1.088096e+04 1.090859e+04 1.096024e+04
11.2 1.092242e+04 1.089686e+04 1.089751e+04 1.092307e+04
12.2 1.089706e+04 1.088168e+04 1.088667e+04 1.090204e+04
13.2 1.088381e+04 1.088039e+04 1.088828e+04 1.089170e+04
14.2 1.087448e+04 1.087781e+04 1.089971e+04 1.089638e+04
15.2 1.088593e+04 1.089913e+04 1.090455e+04 1.089134e+04
16.2 1.086268e+04 1.090121e+04 1.090652e+04 1.086799e+04
17.2 1.087088e+04 1.089100e+04 1.090913e+04 1.088902e+04
1.0 1.088144e+04 1.089023e+04 1.089819e+04 1.088940e+04
2.0 1.094107e+04 1.092866e+04 1.090799e+04 1.092040e+04
3.0 1.093631e+04 1.090366e+04 1.091000e+04 1.094265e+04
4.0 1.094130e+04 1.090976e+04 1.090851e+04 1.094006e+04
5.0 1.091752e+04 1.089150e+04 1.090735e+04 1.093337e+04
6.0 1.087999e+04 1.087887e+04 1.091194e+04 1.091307e+04
7.0 1.084916e+04 1.086608e+04 1.091216e+04 1.089524e+04
8.0 1.089431e+04 1.084506e+04 1.091134e+04 1.096060e+04
9.0 1.093260e+04 1.088096e+04 1.090859e+04 1.096024e+04
10.0 1.092242e+04 1.089686e+04 1.089751e+04 1.092307e+04
11.0 1.089706e+04 1.088168e+04 1.088667e+04 1.090204e+04
12.0 1.088381e+04 1.088039e+04 1.088828e+04 1.089170e+04
13.0 1.087448e+04 1.087781e+04 1.089971e+04 1.089638e+04
14.0 1.088593e+04 1.089913e+04 1.090455e+04 1.089134e+04
15.0 1.086268e+04 1.090121e+04 1.090652e+04 1.086799e+04
16.0 1.087088e+04 1.089100e+04 1.090913e+04 1.088902e+04
17.0 1.087335e+04 1.089771e+04 1.090263e+04 1.087827e+04
18.0 1.086552e+04 1.088837e+04 1.089111e+04 1.086826e+04
0.4 1.094107e+04 1.092866e+04 1.090799e+04 1.092040e+04
1.4 1.093631e+04 1.090366e+04 1.091000e+04 1.094265e+04
2.4 1.094130e+04 1.090976e+04 1.090851e+04 1.094006e+04
3.4 1.091752e+04 1.089150e+04 1.090735e+04 1.093337e+04
4.4 1.087999e+04 1.087887e+04 1.091194e+04 1.091307e+04
5.4 1.084916e+04 1.086608e+04 1.091216e+04 1.089524e+04
6.4 1.089431e+04 1.084506e+04 1.091134e+04 1.096060e+04
7.4 1.093260e+04 1.088096e+04 1.090859e+04 1.096024e+04
8.4 1.092242e+04 1.089686e+04 1.089751e+04 1.092307e+04
9.4 1.089706e+04 1.088168e+04 1.088667e+04 1.090204e+04
10.4 1.088381e+04 1.088039e+04 1.088828e+04 1.089170e+04
11.4 1.087448e+04 1.087781e+04 1.089971e+04 1.089638e+04
12.4 1.088593e+04 1.089913e+04 1.090455e+04 1.089134e+04
13.4 1.086268e+04 1.090121e+04 1.090652e+04 1.086799e+04
14.4 1.087088e+04 1.089100e+04 1.090913e+04 1.088902e+04
15.4 1.087335e+04 1.089771e+04 1.090263e+04 1.087827e+04
16.4 1.086552e+04 1.088837e+04 1.089111e+04 1.086826e+04
17.4 1.086241e+04 1.088614e+04 1.088301e+04 1.085928e+04
0.7 1.094130e+04 1.090976e+04 1.090851e+04 1.094006e+04
1.7 1.091752e+04 1.089150e+04 1.090735e+04 1.093337e+04
2.7 1.087999e+04 1.087887e+04 1.091194e+04 1.091307e+04
3.7 1.084916e+04 1.086608e+04 1.091216e+04 1.089524e+04
4.7 1.089431e+04 1.084506e+04 1.091134e+04 1.096060e+04
5.7 1.093260e+04 1.088096e+04 1.090859e+04 1.096024e+04
6.7 1.092242e+04 1.089686e+04 1.089751e+04 1.092307e+04
7.7 1.089706e+04 1.088168e+04 1.088667e+04 1.090204e+04
8.7 1.088381e+04 1.088039e+04 1.088828e+04 1.089170e+04
9.7 1.087448e+04 1.087781e+04 1.089971e+04 1.089638e+04
10.7 1.088593e+04 1.089913e+04 1.090455e+04 1.089134e+04
11.7 1.086268e+04 1.090121e+04 1.090652e+04 1.086799e+04
12.7 1.087088e+04 1.089100e+04 1.090913e+04 1.088902e+04
13.7 1.087335e+04 1.089771e+04 1.090263e+04 1.087827e+04
14.7 1.086552e+04 1.088837e+04 1.089111e+04 1.086826e+04
15.7 1.086241e+04 1.088614e+04 1.088301e+04 1.085928e+04
16.7 1.087343e+04 1.086644e+04 1.087932e+04 1.088631e+04
17.7 1.086816e+04 1.086824e+04 1.087837e+04 1.087830e+04
1.0 1.091752e+04 1.089150e+04 1.090735e+04 1.093337e+04
2.0 1.087999e+04 1.087887e+04 1.091194e+04 1.091307e+04
3.0 1.084916e+04 1.086608e+04 1.091216e+04 1.089524e+04
4.0 1.089431e+04 1.084506e+04 1.091134e+04 1.096060e+04
5.0 1.093260e+04 1.088096e+04 1.090859e+04 1.096024e+04
6.0 1.092242e+04 1.089686e+04 1.089751e+04 1.092307e+04
7.0 1.089706e+04 1.088168e+04 1.088667e+04 1.090204e+04
8.0 1.088381e+04 1.088039e+04 1.088828e+04 1.089170e+04
9.0 1.087448e+04 1.087781e+04 1.089971e+04 1.089638e+04
10.0 1.088593e+04 1.089913e+04 1.090455e+04 1.089134e+04
11.0 1.086268e+04 1.090121e+04 1.090652e+04 1.086799e+04
12.0 1.087088e+04 1.089100e+04 1.090913e+04 1.088902e+04
13.0 1.087335e+04 1.089771e+04 1.090263e+04 1.087827e+04
14.0 1.086552e+04 1.088837e+04 1.089111e+04 1.086826e+04
15.0 1.086241e+04 1.088614e+04 1.088301e+04 1.085928e+04
16.0 1.087343e+04 1.086644e+04 1.087932e+04 1.088631e+04
17.0 1.086816e+04 1.086824e+04 1.087837e+04 1.087830e+04
18.0 1.083266e+04 1.089239e+04 1.087877e+04 1.081904e+04
0.6 1.087999e+04 1.087887e+04 1.091194e+04 1.091307e+04
1.6 1.084916e+04 1.086608e+04 1.091216e+04 1.089524e+04
2.6 1.089431e+04 1.084506e+04 1.091134e+04 1.096060e+04
3.6 1.093260e+04 1.088096e+04 1.090859e+04 1.096024e+04
4.6 1.092242e+04 1.089686e+04 1.089751e+04 1.092307e+04
5.6 1.089706e+04 1.088168e+04 1.088667e+04 1.090204e+04
6.6 1.088381e+04 1.088039e+04 1.088828e+04 1.089170e+04
7.6 1.087448e+04 1.087781e+04 1.089971e+04 1.089638e+04
8.6 1.088593e+04 1.089913e+04 1.090455e+04 1.089134e+04
9.6 1.086268e+04 1.090121e+04 1.090652e+04 1.086799e+04
10.6 1.087088e+04 1.089100e+04 1.090913e+04 1.088902e+04
11.6 1.087335e+04 1.089771e+04 1.090263e+04 1.087827e+04
12.6 1.086552e+04 1.088837e+04 1.089111e+04 1.086826e+04
13.6 1.086241e+04 1.088614e+04 1.088301e+04 1.085928e+04
14.6 1.087343e+04 1.086644e+04 1.087932e+04 1.088631e+04
15.6 1.086816e+04 1.086824e+04 1.087837e+04 1.087830e+04
16.6 1.083266e+04 1.089239e+04 1.087877e+04 1.081904e+04
17.6 1.082716e+04 1.087840e+04 1.087963e+04 1.082838e+04
0.4 1.084916e+04 1.086608e+04 1.091216e+04 1.089524e+04
1.4 1.089431e+04 1.084506e+04 1.091134e+04 1.096060e+04
2.4 1.093260e+04 1.088096e+04 1.090859e+04 1.096024e+04
3.4 1.092242e+04 1.089686e+04 1.089751e+04 1.092307e+04
4.4 1.089706e+04 1.088168e+04 1.088667e+04 1.090204e+04
5.4 1.088381e+04 1.088039e+04 1.088828e+04 1.089170e+04
6.4 1.087448e+04 1.087781e+04 1.089971e+04 1.089638e+04
7.4 1.088593e+04 1.089913e+04 1.090455e+04 1.089134e+04
8.4 1.086268e+04 1.090121e+04 1.090652e+04 1.086799e+04
9.4 1.087088e+04 1.089100e+04 1.090913e+04 1.088902e+04
10.4 1.087335e+04 1.089771e+04 1.090263e+04 1.087827e+04
11.4 1.086552e+04 1.088837e+04 1.089111e+04 1.086826e+04
12.4 1.086241e+04 1.088614e+04 1.088301e+04 1.085928e+04
13.4 1.087343e+04 1.086644e+04 1.087932e+04 1.088631e+04
14.4 1.086816e+04 1.086824e+04 1.087837e+04 1.087830e+04
15.4 1.083266e+04 1.089239e+04 1.087877e+04 1.081904e+04
16.4 1.082716e+04 1.087840e+04 1.087963e+04 1.082838e+04
17.4 1.089872e+04 1.094503e+04 1.088046e+04 1.083415e+04
0.7 1.089706e+04 1.088168e+04 1.088667e+04 1.090204e+04
1.7 1.088381e+04 1.088039e+04 1.088828e+04 1.089170e+04
2.7 1.087448e+04 1.087781e+04 1.089971e+04 1.089638e+04
3.7 1.088593e+04 1.089913e+04 1.090455e+04 1.089134e+04
4.7 1.086268e+04 1.090121e+04 1.090652e+04 1.086799e+04
5.7 1.087088e+04 1.089100e+04 1.090913e+04 1.088902e+04
6.7 1.087335e+04 1.089771e+04 1.090263e+04 1.087827e+04
7.7 1.086552e+04 1.088837e+04 1.089111e+04 1.086826e+04
8.7 1.086241e+04 1.088614e+04 1.088301e+04 1.085928e+04
9.7 1.087343e+04 1.086644e+04 1.087932e+04 1.088631e+04
10.7 1.086816e+04 1.086824e+04 1.087837e+04 1.087830e+04
11.7 1.083266e+04 1.089239e+04 1.087877e+04 1.081904e+04
12.7 1.082716e+04 1.087840e+04 1.087963e+04 1.082838e+04
13.7 1.089872e+04 1.094503e+04 1.088046e+04 1.083415e+04
14.7 1.096127e+04 1.097976e+04 1.088103e+04 1.086254e+04
15.7 1.093553e+04 1.093751e+04 1.088133e+04 1.087936e+04
16.7 1.093337e+04 1.091055e+04 1.088149e+04 1.090431e+04
17.7 1.089604e+04 1.090827e+04 1.088736e+04 1.087513e+04
0.6 1.088381e+04 1.088039e+04 1.088828e+04 1.089170e+04
1.6 1.087448e+04 1.087781e+04 1.089971e+04 1.089638e+04
2.6 1.088593e+04 1.089913e+04 1.090455e+04 1.089134e+04
3.6 1.086268e+04 1.090121e+04 1.090652e+04 1.086799e+04
4.6 1.087088e+04 1.089100e+04 1.090913e+04 1.088902e+04
5.6 1.087335e+04 1.089771e+04 1.090263e+04 1.087827e+04
6.6 1.086552e+04 1.088837e+04 1.089111e+04 1.086826e+04
7.6 1.086241e+04 1.088614e+04 1.088301e+04 1.085928e+04
8.6 1.087343e+04 1.086644e+04 1.087932e+04 1.088631e+04
9.6 1.086816e+04 1.086824e+04 1.087837e+04 1.087830e+04
10.6 1.083266e+04 1.089239e+04 1.087877e+04 1.081904e+04
11.6 1.082716e+04 1.087840e+04 1.087963e+04 1.082838e+04
12.6 1.089872e+04 1.094503e+04 1.088046e+04 1.083415e+04
13.6 1.096127e+04 1.097976e+04 1.088103e+04 1.086254e+04
14.6 1.093553e+04 1.093751e+04 1.088133e+04 1.087936e+04
15.6 1.093337e+04 1.091055e+04 1.088149e+04 1.090431e+04
16.6 1.089604e+04 1.090827e+04 1.088736e+04 1.087513e+04
17.6 1.088372e+04 1.089864e+04 1.089884e+04 1.088392e+04
0.0 1.087448e+04 1.087781e+04 1.089971e+04 1.089638e+04
1.0 1.088593e+04 1.089913e+04 1.090455e+04 1.089134e+04
2.0 1.086268e+04 1.090121e+04 1.090652e+04 1.086799e+04
3.0 1.087088e+04 1.089100e+04 1.090913e+04 1.088902e+04
4.0 1.087335e+04 1.089771e+04 1.090263e+04 1.087827e+04
5.0 1.086552e+04 1.088837e+04 1.089111e+04 1.086826e+04
6.0 1.086241e+04 1.088614e+04 1.088301e+04 1.085928e+04
7.0 1.087343e+04 1.086644e+04 1.087932e+04 1.088631e+04
8.0 1.086816e+04 1.086824e+04 1.087837e+04 1.087830e+04
9.0 1.083266e+04 1.089239e+04 1.087877e+04 1.081904e+04
10.0 1.082716e+04 1.087840e+04 1.087963e+04 1.082838e+04
11.0 1.089872e+04 1.094503e+04 1.088046e+04 1.083415e+04
12.0 1.096127e+04 1.097976e+04 1.088103e+04 1.086254e+04
13.0 1.093553e+04 1.093751e+04 1.088133e+04 1.087936e+04
14.0 1.093337e+04 1.091055e+04 1.088149e+04 1.090431e+04
15.0 1.089604e+04 1.090827e+04 1.088736e+04 1.087513e+04
16.0 1.088372e+04 1.089864e+04 1.089884e+04 1.088392e+04
17.0 1.091060e+04 1.089622e+04 1.091110e+04 1.092548e+04
1.0 1.086268e+04 1.090121e+04 1.090652e+04 1.086799e+04
2.0 1.087088e+04 1.089100e+04 1.090913e+04 1.088902e+04
3.0 1.087335e+04 1.089771e+04 1.090263e+04 1.087827e+04
4.0 1.086552e+04 1.088837e+04 1.089111e+04 1.086826e+04
5.0 1.086241e+04 1.088614e+04 1.088301e+04 1.085928e+04
6.0 1.087343e+04 1.086644e+04 1.087932e+04 1.088631e+04
7.0 1.086816e+04 1.086824e+04 1.087837e+04 1.087830e+04
8.0 1.083266e+04 1.089239e+04 1.087877e+04 1.081904e+04
9.0 1.082716e+04 1.087840e+04 1.087963e+04 1.082838e+04
10.0 1.089872e+04 1.094503e+04 1.088046e+04 1.083415e+04
11.0 1.096127e+04 1.097976e+04 1.088103e+04 1.086254e+04
12.0 1.093553e+04 1.093751e+04 1.088133e+04 1.087936e+04
13.0 1.093337e+04 1.091055e+04 1.088149e+04 1.090431e+04
14.0 1.089604e+04 1.090827e+04 1.088736e+04 1.087513e+04
15.0 1.088372e+04 1.089864e+04 1.089884e+04 1.088392e+04
16.0 1.091060e+04 1.089622e+04 1.091110e+04 1.092548e+04
17.0 1.096928e+04 1.090478e+04 1.091377e+04 1.097827e+04
18.0 1.096765e+04 1.091348e+04 1.090195e+04 1.095612e+04
0.5 1.093337e+04 1.091055e+04 1.088149e+04 1.090431e+04
1.5 1.089604e+04 1.090827e+04 1.088736e+04 1.087513e+04
2.5 1.088372e+04 1.089864e+04 1.089884e+04 1.088392e+04
3.5 1.091060e+04 1.089622e+04 1.091110e+04 1.092548e+04
4.5 1.096928e+04 1.090478e+04 1.091377e+04 1.097827e+04
5.5 1.096765e+04 1.091348e+04 1.090195e+04 1.095612e+04
6.5 1.093236e+04 1.090366e+04 1.088907e+04 1.091777e+04
7.5 1.089795e+04 1.089137e+04 1.088211e+04 1.088868e+04
8.5 1.089401e+04 1.091197e+04 1.088727e+04 1.086932e+04
9.5 1.090653e+04 1.091899e+04 1.089211e+04 1.087965e+04
10.5 1.088370e+04 1.093818e+04 1.089722e+04 1.084274e+04
11.5 1.090227e+04 1.093845e+04 1.089970e+04 1.086353e+04
12.5 1.093355e+04 1.092884e+04 1.090248e+04 1.090719e+04
13.5 1.094350e+04 1.092607e+04 1.090485e+04 1.092228e+04
14.5 1.089643e+04 1.090091e+04 1.090126e+04 1.089679e+04
15.5 1.089851e+04 1.089031e+04 1.090014e+04 1.090834e+04
16.5 1.085581e+04 1.087361e+04 1.089789e+04 1.088009e+04
17.5 1.093215e+04 1.090363e+04 1.089891e+04 1.092743e+04
0.3 1.089604e+04 1.090827e+04 1.088736e+04 1.087513e+04
1.3 1.088372e+04 1.089864e+04 1.089884e+04 1.088392e+04
2.3 1.091060e+04 1.089622e+04 1.091110e+04 1.092548e+04
3.3 1.096928e+04 1.090478e+04 1.091377e+04 1.097827e+04
4.3 1.096765e+04 1.091348e+04 1.090195e+04 1.095612e+04
5.3 1.093236e+04 1.090366e+04 1.088907e+04 1.091777e+04
6.3 1.089795e+04 1.089137e+04 1.088211e+04 1.088868e+04
7.3 1.089401e+04 1.091197e+04 1.088727e+04 1.086932e+04
8.3 1.090653e+04 1.091899e+04 1.089211e+04 1.087965e+04
9.3 1.088370e+04 1.093818e+04 1.089722e+04 1.084274e+04
10.3 1.090227e+04 1.093845e+04 1.089970e+04 1.086353e+04
11.3 1.093355e+04 1.092884e+04 1.090248e+04 1.090719e+04
12.3 1.094350e+04 1.092607e+04 1.090485e+04 1.092228e+04
13.3 1.089643e+04 1.090091e+04 1.090126e+04 1.089679e+04
14.3 1.089851e+04 1.089031e+04 1.090014e+04 1.090834e+04
15.3 1.085581e+04 1.087361e+04 1.089789e+04 1.088009e+04
16.3 1.093215e+04 1.090363e+04 1.089891e+04 1.092743e+04
17.3 1.089229e+04 1.087433e+04 1.089918e+04 1.091714e+04
0.5 1.088372e+04 1.089864e+04 1.089884e+04 1.088392e+04
1.5 1.091060e+04 1.089622e+04 1.091110e+04 1.092548e+04
2.5 1.096928e+04 1.090478e+04 1.091377e+04 1.097827e+04
3.5 1.096765e+04 1.091348e+04 1.090195e+04 1.095612e+04
4.5 1.093236e+04 1.090366e+04 1.088907e+04 1.091777e+04
5.5 1.089795e+04 1.089137e+04 1.088211e+04 1.088868e+04
6.5 1.089401e+04 1.091197e+04 1.088727e+04 1.086932e+04
7.5 1.090653e+04 1.091899e+04 1.089211e+04 1.087965e+04
8.5 1.088370e+04 1.093818e+04 1.089722e+04 1.084274e+04
9.5 1.090227e+04 1.093845e+04 1.089970e+04 1.086353e+04
10.5 1.093355e+04 1.092884e+04 1.090248e+04 1.090719e+04
11.5 1.094350e+04 1.092607e+04 1.090485e+04 1.092228e+04
12.5 1.089643e+04 1.090091e+04 1.090126e+04 1.089679e+04
13.5 1.089851e+04 1.089031e+04 1.090014e+04 1.090834e+04
14.5 1.085581e+04 1.087361e+04 1.089789e+04 1.088009e+04
15.5 1.093215e+04 1.090363e+04 1.089891e+04 1.092743e+04
16.5 1.089229e+04 1.087433e+04 1.089918e+04 1.091714e+04
17.5 1.085583e+04 1.088012e+04 1.090107e+04 1.087678e+04
0.9 1.089795e+04 1.089137e+04 1.088211e+04 1.088868e+04
1.9 1.089401e+04 1.091197e+04 1.088727e+04 1.086932e+04
2.9 1.090653e+04 1.091899e+04 1.089211e+04 1.087965e+04
3.9 1.088370e+04 1.093818e+04 1.089722e+04 1.084274e+04
4.9 1.090227e+04 1.093845e+04 1.089970e+04 1.086353e+04
5.9 1.093355e+04 1.092884e+04 1.090248e+04 1.090719e+04
6.9 1.094350e+04 1.092607e+04 1.090485e+04 1.092228e+04
7.9 1.089643e+04 1.090091e+04 1.090126e+04 1.089679e+04
8.9 1.089851e+04 1.089031e+04 1.090014e+04 1.090834e+04
9.9 1.085581e+04 1.087361e+04 1.089789e+04 1.088009e+04
10.9 1.093215e+04 1.090363e+04 1.089891e+04 1.092743e+04
11.9 1.089229e+04 1.087433e+04 1.089918e+04 1.091714e+04
12.9 1.085583e+04 1.088012e+04 1.090107e+04 1.087678e+04
13.9 1.091120e+04 1.088776e+04 1.090401e+04 1.092745e+04
14.9 1.083546e+04 1.083558e+04 1.090655e+04 1.090643e+04
15.9 1.084139e+04 1.084936e+04 1.090957e+04 1.090160e+04
16.9 1.076179e+04 1.082518e+04 1.090820e+04 1.084481e+04
17.9 1.081889e+04 1.085911e+04 1.090686e+04 1.086665e+04
0.1 1.089401e+04 1.091197e+04 1.088727e+04 1.086932e+04
1.1 1.090653e+04 1.091899e+04 1.089211e+04 1.087965e+04
2.1 1.088370e+04 1.093818e+04 1.089722e+04 1.084274e+04
3.1 1.090227e+04 1.093845e+04 1.089970e+04 1.086353e+04
4.1 1.093355e+04 1.092884e+04 1.090248e+04 1.090719e+04
5.1 1.094350e+04 1.092607e+04 1.090485e+04 1.092228e+04
6.1 1.089643e+04 1.090091e+04 1.090126e+04 1.089679e+04
7.1 1.089851e+04 1.089031e+04 1.090014e+04 1.090834e+04
8.1 1.085581e+04 1.087361e+04 1.089789e+04 1.088009e+04
9.1 1.093215e+04 1.090363e+04 1.089891e+04 1.092743e+04
10.1 1.089229e+04 1.087433e+04 1.089918e+04 1.091714e+04
11.1 1.085583e+04 1.088012e+04 1.090107e+04 1.087678e+04
12.1 1.091120e+04 1.088776e+04 1.090401e+04 1.092745e+04
13.1 1.083546e+04 1.083558e+04 1.090655e+04 1.090643e+04
14.1 1.084139e+04 1.084936e+04 1.090957e+04 1.090160e+04
15.1 1.076179e+04 1.082518e+04 1.090820e+04 1.084481e+04
16.1 1.081889e+04 1.085911e+04 1.090686e+04 1.086665e+04
17.1 1.085182e+04 1.083095e+04 1.090273e+04 1.092360e+04
0.5 1.088370e+04 1.093818e+04 1.089722e+04 1.084274e+04
1.5 1.090227e+04 1.093845e+04 1.089970e+04 1.086353e+04
2.5 1.093355e+04 1.092884e+04 1.090248e+04 1.090719e+04
3.5 1.094350e+04 1.092607e+04 1.090485e+04 1.092228e+04
4.5 1.089643e+04 1.090091e+04 1.090126e+04 1.089679e+04
5.5 1.089851e+04 1.089031e+04 1.090014e+04 1.090834e+04
6.5 1.085581e+04 1.087361e+04 1.089789e+04 1.088009e+04
7.5 1.093215e+04 1.090363e+04 1.089891e+04 1.092743e+04
8.5 1.089229e+04 1.087433e+04 1.089918e+04 1.091714e+04
9.5 1.085583e+04 1.088012e+04 1.090107e+04 1.087678e+04
10.5 1.091120e+04 1.088776e+04 1.090401e+04 1.092745e+04
11.5 1.083546e+04 1.083558e+04 1.090655e+04 1.090643e+04
12.5 1.084139e+04 1.084936e+04 1.090957e+04 1.090160e+04
13.5 1.076179e+04 1.082518e+04 1.090820e+04 1.084481e+04
14.5 1.081889e+04 1.085911e+04 1.090686e+04 1.086665e+04
15.5 1.085182e+04 1.083095e+04 1.090273e+04 1.092360e+04
16.5 1.092528e+04 1.084960e+04 1.090269e+04 1.097837e+04
17.5 1.091538e+04 1.086969e+04 1.089731e+04 1.094300e+04
1.0 1.093355e+04 1.092884e+04 1.090248e+04 1.090719e+04
2.0 1.094350e+04 1.092607e+04 1.090485e+04 1.092228e+04
3.0 1.089643e+04 1.090091e+04 1.090126e+04 1.089679e+04
4.0 1.089851e+04 1.089031e+04 1.090014e+04 1.090834e+04
5.0 1.085581e+04 1.087361e+04 1.089789e+04 1.088009e+04
6.0 1.093215e+04 1.090363e+04 1.089891e+04 1.092743e+04
7.0 1.089229e+04 1.087433e+04 1.089918e+04 1.091714e+04
8.0 1.085583e+04 1.088012e+04 1.090107e+04 1.087678e+04
9.0 1.091120e+04 1.088776e+04 1.090401e+04 1.092745e+04
10.0 1.083546e+04 1.083558e+04 1.090655e+04 1.090643e+04
11.0 1.084139e+04 1.084936e+04 1.090957e+04 1.090160e+04
12.0 1.076179e+04 1.082518e+04 1.090820e+04 1.084481e+04
13.0 1.081889e+04 1.085911e+04 1.090686e+04 1.086665e+04
14.0 1.085182e+04 1.083095e+04 1.090273e+04 1.092360e+04
15.0 1.092528e+04 1.084960e+04 1.090269e+04 1.097837e+04
16.0 1.091538e+04 1.086969e+04 1.089731e+04 1.094300e+04
17.0 1.087256e+04 1.089477e+04 1.088923e+04 1.086701e+04
18.0 1.087950e+04 1.088462e+04 1.088425e+04 1.087913e+04
0.1 1.094350e+04 1.092607e+04 1.090485e+04 1.092228e+04
1.1 1.089643e+04 1.090091e+04 1.090126e+04 1.089679e+04
2.1 1.089851e+04 1.089031e+04 1.090014e+04 1.090834e+04
3.1 1.085581e+04 1.087361e+04 1.089789e+04 1.088009e+04
4.1 1.093215e+04 1.090363e+04 1.089891e+04 1.092743e+04
5.1 1.089229e+04 1.087433e+04 1.089918e+04 1.091714e+04
6.1 1.085583e+04 1.088012e+04 1.090107e+04 1.087678e+04
7.1 1.091120e+04 1.088776e+04 1.090401e+04 1.092745e+04
8.1 1.083546e+04 1.083558e+04 1.090655e+04 1.090643e+04
9.1 1.084139e+04 1.084936e+04 1.090957e+04 1.090160e+04
10.1 1.076179e+04 1.082518e+04 1.090820e+04 1.084481e+04
11.1 1.081889e+04 1.085911e+04 1.090686e+04 1.086665e+04
12.1 1.085182e+04 1.083095e+04 1.090273e+04 1.092360e+04
13.1 1.092528e+04 1.084960e+04 1.090269e+04 1.097837e+04
14.1 1.091538e+04 1.086969e+04 1.089731e+04 1.094300e+04
15.1 1.087256e+04 1.089477e+04 1.088923e+04 1.086701e+04
16.1 1.087950e+04 1.088462e+04 1.088425e+04 1.087913e+04
17.1 1.087013e+04 1.089229e+04 1.088258e+04 1.086043e+04
0.3 1.089851e+04 1.089031e+04 1.090014e+04 1.090834e+04
1.3 1.085581e+04 1.087361e+04 1.089789e+04 1.088009e+04
2.3 1.093215e+04 1.090363e+04 1.089891e+04 1.092743e+04
3.3 1.089229e+04 1.087433e+04 1.089918e+04 1.091714e+04
4.3 1.085583e+04 1.088012e+04 1.090107e+04 1.087678e+04
5.3 1.091120e+04 1.088776e+04 1.090401e+04 1.092745e+04
6.3 1.083546e+04 1.083558e+04 1.090655e+04 1.090643e+04
7.3 1.084139e+04 1.084936e+04 1.090957e+04 1.090160e+04
8.3 1.076179e+04 1.082518e+04 1.090820e+04 1.084481e+04
9.3 1.081889e+04 1.085911e+04 1.090686e+04 1.086665e+04
10.3 1.085182e+04 1.083095e+04 1.090273e+04 1.092360e+04
11.3 1.092528e+04 1.084960e+04 1.090269e+04 1.097837e+04
12.3 1.091538e+04 1.086969e+04 1.089731e+04 1.094300e+04
13.3 1.087256e+04 1.089477e+04 1.088923e+04 1.086701e+04
14.3 1.087950e+04 1.088462e+04 1.088425e+04 1.087913e+04
15.3 1.087013e+04 1.089229e+04 1.088258e+04 1.086043e+04
16.3 1.090654e+04 1.088461e+04 1.088276e+04 1.090468e+04
17.3 1.085756e+04 1.090050e+04 1.088375e+04 1.084081e+04
0.5 1.093215e+04 1.090363e+04 1.089891e+04 1.092743e+04
1.5 1.089229e+04 1.087433e+04 1.089918e+04 1.091714e+04
2.5 1.085583e+04 1.088012e+04 1.090107e+04 1.087678e+04
3.5 1.091120e+04 1.088776e+04 1.090401e+04 1.092745e+04
4.5 1.083546e+04 1.083558e+04 1.090655e+04 1.090643e+04
5.5 1.084139e+04 1.084936e+04 1.090957e+04 1.090160e+04
6.5 1.076179e+04 1.082518e+04 1.090820e+04 1.084481e+04
7.5 1.081889e+04 1.085911e+04 1.090686e+04 1.086665e+04
8.5 1.085182e+04 1.083095e+04 1.090273e+04 1.092360e+04
9.5 1.092528e+04 1.084960e+04 1.090269e+04 1.097837e+04
10.5 1.091538e+04 1.086969e+04 1.089731e+04 1.094300e+04
11.5 1.087256e+04 1.089477e+04 1.088923e+04 1.086701e+04
12.5 1.087950e+04 1.088462e+04 1.088425e+04 1.087913e+04
13.5 1.087013e+04 1.089229e+04 1.088258e+04 1.086043e+04
14.5 1.090654e+04 1.088461e+04 1.088276e+04 1.090468e+04
15.5 1.085756e+04 1.090050e+04 1.088375e+04 1.084081e+04
16.5 1.090992e+04 1.090026e+04 1.088494e+04 1.089461e+04
17.5 1.088373e+04 1.090630e+04 1.088601e+04 1.086345e+04
0.1 1.089229e+04 1.087433e+04 1.089918e+04 1.091714e+04
1.1 1.085583e+04 1.088012e+04 1.090107e+04 1.087678e+04
2.1 1.091120e+04 1.088776e+04 1.090401e+04 1.092745e+04
3.1 1.083546e+04 1.083558e+04 1.090655e+04 1.090643e+04
4.1 1.084139e+04 1.084936e+04 1.090957e+04 1.090160e+04
5.1 1.076179e+04 1.082518e+04 1.090820e+04 1.084481e+04
6.1 1.081889e+04 1.085911e+04 1.090686e+04 1.086665e+04
7.1 1.085182e+04 1.083095e+04 1.090273e+04 1.092360e+04
8.1 1.092528e+04 1.084960e+04 1.090269e+04 1.097837e+04
9.1 1.091538e+04 1.086969e+04 1.089731e+04 1.094300e+04
10.1 1.087256e+04 1.089477e+04 1.088923e+04 1.086701e+04
11.1 1.087950e+04 1.088462e+04 1.088425e+04 1.087913e+04
12.1 1.087013e+04 1.089229e+04 1.088258e+04 1.086043e+04
13.1 1.090654e+04 1.088461e+04 1.088276e+04 1.090468e+04
14.1 1.085756e+04 1.090050e+04 1.088375e+04 1.084081e+04
15.1 1.090992e+04 1.090026e+04 1.088494e+04 1.089461e+04
16.1 1.088373e+04 1.090630e+04 1.088601e+04 1.086345e+04
17.1 1.090150e+04 1.091762e+04 1.088683e+04 1.087071e+04
0.7 1.091120e+04 1.088776e+04 1.090401e+04 1.092745e+04
1.7 1.083546e+04 1.083558e+04 1.090655e+04 1.090643e+04
2.7 1.084139e+04 1.084936e+04 1.090957e+04 1.090160e+04
3.7 1.076179e+04 1.082518e+04 1.090820e+04 1.084481e+04
4.7 1.081889e+04 1.085911e+04 1.090686e+04 1.086665e+04
5.7 1.085182e+04 1.083095e+04 1.090273e+04 1.092360e+04
6.7 1.092528e+04 1.084960e+04 1.090269e+04 1.097837e+04
7.7 1.091538e+04 1.086969e+04 1.089731e+04 1.094300e+04
8.7 1.087256e+04 1.089477e+04 1.088923e+04 1.086701e+04
9.7 1.087950e+04 1.088462e+04 1.088425e+04 1.087913e+04
10.7 1.087013e+04 1.089229e+04 1.088258e+04 1.086043e+04
11.7 1.090654e+04 1.088461e+04 1.088276e+04 1.090468e+04
12.7 1.085756e+04 1.090050e+04 1.088375e+04 1.084081e+04
13.7 1.090992e+04 1.090026e+04 1.088494e+04 1.089461e+04
14.7 1.088373e+04 1.090630e+04 1.088601e+04 1.086345e+04
15.7 1.090150e+04 1.091762e+04 1.088683e+04 1.087071e+04
16.7 1.090781e+04 1.087447e+04 1.088740e+04 1.092073e+04
17.7 1.090796e+04 1.090473e+04 1.088777e+04 1.089100e+04
0.6 1.083546e+04 1.083558e+04 1.090655e+04 1.090643e+04
1.6 1.084139e+04 1.084936e+04 1.090957e+04 1.090160e+04
2.6 1.076179e+04 1.082518e+04 1.090820e+04 1.084481e+04
3.6 1.081889e+04 1.085911e+04 1.090686e+04 1.086665e+04
4.6 1.085182e+04 1.083095e+04 1.090273e+04 1.092360e+04
5.6 1.092528e+04 1.084960e+04 1.090269e+04 1.097837e+04
6.6 1.091538e+04 1.086969e+04 1.089731e+04 1.094300e+04
7.6 1.087256e+04 1.089477e+04 1.088923e+04 1.086701e+04
8.6 1.087950e+04 1.088462e+04 1.088425e+04 1.087913e+04
9.6 1.087013e+04 1.089229e+04 1.088258e+04 1.086043e+04
10.6 1.090654e+04 1.088461e+04 1.088276e+04 1.090468e+04
11.6 1.085756e+04 1.090050e+04 1.088375e+04 1.084081e+04
12.6 1.090992e+04 1.090026e+04 1.088494e+04 1.089461e+04
13.6 1.088373e+04 1.090630e+04 1.088601e+04 1.086345e+04
14.6 1.090150e+04 1.091762e+04 1.088683e+04 1.087071e+04
15.6 1.090781e+04 1.087447e+04 1.088740e+04 1.092073e+04
16.6 1.090796e+04 1.090473e+04 1.088777e+04 1.089100e+04
17.6 1.090591e+04 1.089582e+04 1.088800e+04 1.089809e+04
1.0 1.076179e+04 1.082518e+04 1.090820e+04 1.084481e+04
2.0 1.081889e+04 1.085911e+04 1.090686e+04 1.086665e+04
3.0 1.085182e+04 1.083095e+04 1.090273e+04 1.092360e+04
4.0 1.092528e+04 1.084960e+04 1.090269e+04 1.097837e+04
5.0 1.091538e+04 1.086969e+04 1.089731e+04 1.094300e+04
6.0 1.087256e+04 1.089477e+04 1.088923e+04 1.086701e+04
7.0 1.087950e+04 1.088462e+04 1.088425e+04 1.087913e+04
8.0 1.087013e+04 1.089229e+04 1.088258e+04 1.086043e+04
9.0 1.090654e+04 1.088461e+04 1.088276e+04 1.090468e+04
10.0 1.085756e+04 1.090050e+04 1.088375e+04 1.084081e+04
11.0 1.090992e+04 1.090026e+04 1.088494e+04 1.089461e+04
12.0 1.088373e+04 1.090630e+04 1.088601e+04 1.086345e+04
13.0 1.090150e+04 1.091762e+04 1.088683e+04 1.087071e+04
14.0 1.090781e+04 1.087447e+04 1.088740e+04 1.092073e+04
15.0 1.090796e+04 1.090473e+04 1.088777e+04 1.089100e+04
16.0 1.090591e+04 1.089582e+04 1.088800e+04 1.089809e+04
17.0 1.091223e+04 1.087450e+04 1.088814e+04 1.092587e+04
18.0 1.089646e+04 1.086385e+04 1.088820e+04 1.092081e+04
0.2 1.081889e+04 1.085911e+04 1.090686e+04 1.086665e+04
1.2 1.085182e+04 1.083095e+04 1.090273e+04 1.092360e+04
2.2 1.092528e+04 1.084960e+04 1.090269e+04 1.097837e+04
3.2 1.091538e+04 1.086969e+04 1.089731e+04 1.094300e+04
4.2 1.087256e+04 1.089477e+04 1.088923e+04 1.086701e+04
5.2 1.087950e+04 1.088462e+04 1.088425e+04 1.087913e+04
6.2 1.087013e+04 1.089229e+04 1.088258e+04 1.086043e+04
7.2 1.090654e+04 1.088461e+04 1.088276e+04 1.090468e+04
8.2 1.085756e+04 1.090050e+04 1.088375e+04 1.084081e+04
9.2 1.090992e+04 1.090026e+04 1.088494e+04 1.089461e+04
10.2 1.088373e+04 1.090630e+04 1.088601e+04 1.086345e+04
11.2 1.090150e+04 1.091762e+04 1.088683e+04 1.087071e+04
12.2 1.090781e+04 1.087447e+04 1.088740e+04 1.092073e+04
13.2 1.090796e+04 1.090473e+04 1.088777e+04 1.089100e+04
14.2 1.090591e+04 1.089582e+04 1.088800e+04 1.089809e+04
15.2 1.091223e+04 1.087450e+04 1.088814e+04 1.092587e+04
16.2 1.089646e+04 1.086385e+04 1.088820e+04 1.092081e+04
17.2 1.089186e+04 1.087492e+04 1.088820e+04 1.090513e+04
0.7 1.096874e+04 1.093136e+04 1.088543e+04 1.092281e+04
1.7 1.095587e+04 1.094764e+04 1.089289e+04 1.090112e+04
2.7 1.095212e+04 1.096199e+04 1.090018e+04 1.089031e+04
3.7 1.097016e+04 1.094820e+04 1.090513e+04 1.092709e+04
4.7 1.097329e+04 1.093787e+04 1.090619e+04 1.094162e+04
5.7 1.095105e+04 1.094528e+04 1.090658e+04 1.091234e+04
6.7 1.091589e+04 1.090871e+04 1.090704e+04 1.091422e+04
7.7 1.088619e+04 1.091704e+04 1.090654e+04 1.087569e+04
8.7 1.087924e+04 1.088233e+04 1.090602e+04 1.090293e+04
9.7 1.087337e+04 1.089861e+04 1.090585e+04 1.088061e+04
10.7 1.088816e+04 1.088168e+04 1.090301e+04 1.090948e+04
11.7 1.090297e+04 1.088215e+04 1.090325e+04 1.092407e+04
12.7 1.090789e+04 1.085952e+04 1.090535e+04 1.095372e+04
13.7 1.085578e+04 1.087099e+04 1.090235e+04 1.088713e+04
14.7 1.082437e+04 1.085089e+04 1.090222e+04 1.087570e+04
15.7 1.081483e+04 1.085699e+04 1.090026e+04 1.085810e+04
16.7 1.083092e+04 1.084831e+04 1.090115e+04 1.088375e+04
17.7 1.082708e+04 1.087990e+04 1.089518e+04 1.084235e+04
1.0 1.095212e+04 1.096199e+04 1.090018e+04 1.089031e+04
2.0 1.097016e+04 1.094820e+04 1.090513e+04 1.092709e+04
3.0 1.097329e+04 1.093787e+04 1.090619e+04 1.094162e+04
4.0 1.095105e+04 1.094528e+04 1.090658e+04 1.091234e+04
5.0 1.091589e+04 1.090871e+04 1.090704e+04 1.091422e+04
6.0 1.088619e+04 1.091704e+04 1.090654e+04 1.087569e+04
7.0 1.087924e+04 1.088233e+04 1.090602e+04 1.090293e+04
8.0 1.087337e+04 1.089861e+04 1.090585e+04 1.088061e+04
9.0 1.088816e+04 1.088168e+04 1.090301e+04 1.090948e+04
10.0 1.090297e+04 1.088215e+04 1.090325e+04 1.092407e+04
11.0 1.090789e+04 1.085952e+04 1.090535e+04 1.095372e+04
12.0 1.085578e+04 1.087099e+04 1.090235e+04 1.088713e+04
13.0 1.082437e+04 1.085089e+04 1.090222e+04 1.087570e+04
14.0 1.081483e+04 1.085699e+04 1.090026e+04 1.085810e+04
15.0 1.083092e+04 1.084831e+04 1.090115e+04 1.088375e+04
16.0 1.082708e+04 1.087990e+04 1.089518e+04 1.084235e+04
17.0 1.081857e+04 1.087671e+04 1.088745e+04 1.082930e+04
18.0 1.080916e+04 1.087780e+04 1.088299e+04 1.081435e+04
0.4 1.097016e+04 1.094820e+04 1.090513e+04 1.092709e+04
1.4 1.097329e+04 1.093787e+04 1.090619e+04 1.094162e+04
2.4 1.095105e+04 1.094528e+04 1.090658e+04 1.091234e+04
3.4 1.091589e+04 1.090871e+04 1.090704e+04 1.091422e+04
4.4 1.088619e+04 1.091704e+04 1.090654e+04 1.087569e+04
5.4 1.087924e+04 1.088233e+04 1.090602e+04 1.090293e+04
6.4 1.087337e+04 1.089861e+04 1.090585e+04 1.088061e+04
7.4 1.088816e+04 1.088168e+04 1.090301e+04 1.090948e+04
8.4 1.090297e+04 1.088215e+04 1.090325e+04 1.092407e+04
9.4 1.090789e+04 1.085952e+04 1.090535e+04 1.095372e+04
10.4 1.085578e+04 1.087099e+04 1.090235e+04 1.088713e+04
11.4 1.082437e+04 1.085089e+04 1.090222e+04 1.087570e+04
12.4 1.081483e+04 1.085699e+04 1.090026e+04 1.085810e+04
13.4 1.083092e+04 1.084831e+04 1.090115e+04 1.088375e+04
14.4 1.082708e+04 1.087990e+04 1.089518e+04 1.084235e+04
15.4 1.081857e+04 1.087671e+04 1.088745e+04 1.082930e+04
16.4 1.080916e+04 1.087780e+04 1.088299e+04 1.081435e+04
17.4 1.084303e+04 1.088050e+04 1.088518e+04 1.084771e+04
1.0 1.095105e+04 1.094528e+04 1.090658e+04 1.091234e+04
2.0 1.091589e+04 1.090871e+04 1.090704e+04 1.091422e+04
3.0 1.088619e+04 1.091704e+04 1.090654e+04 1.087569e+04
4.0 1.087924e+04 1.088233e+04 1.090602e+04 1.090293e+04
5.0 1.087337e+04 1.089861e+04 1.090585e+04 1.088061e+04
6.0 1.088816e+04 1.088168e+04 1.090301e+04 1.090948e+04
7.0 1.090297e+04 1.088215e+04 1.090325e+04 1.092407e+04
8.0 1.090789e+04 1.085952e+04 1.090535e+04 1.095372e+04
9.0 1.085578e+04 1.087099e+04 1.090235e+04 1.088713e+04
10.0 1.082437e+04 1.085089e+04 1.090222e+04 1.087570e+04
11.0 1.081483e+04 1.085699e+04 1.090026e+04 1.085810e+04
12.0 1.083092e+04 1.084831e+04 1.090115e+04 1.088375e+04
13.0 1.082708e+04 1.087990e+04 1.089518e+04 1.084235e+04
14.0 1.081857e+04 1.087671e+04 1.088745e+04 1.082930e+04
15.0 1.080916e+04 1.087780e+04 1.088299e+04 1.081435e+04
16.0 1.084303e+04 1.088050e+04 1.088518e+04 1.084771e+04
17.0 1.081302e+04 1.087779e+04 1.089504e+04 1.083028e+04
18.0 1.089479e+04 1.087978e+04 1.090144e+04 1.091645e+04
0.5 1.091589e+04 1.090871e+04 1.090704e+04 1.091422e+04
1.5 1.088619e+04 1.091704e+04 1.090654e+04 1.087569e+04
2.5 1.087924e+04 1.088233e+04 1.090602e+04 1.090293e+04
3.5 1.087337e+04 1.089861e+04 1.090585e+04 1.088061e+04
4.5 1.088816e+04 1.088168e+04 1.090301e+04 1.090948e+04
5.5 1.090297e+04 1.088215e+04 1.090325e+04 1.092407e+04
6.5 1.090789e+04 1.085952e+04 1.090535e+04 1.095372e+04
7.5 1.085578e+04 1.087099e+04 1.090235e+04 1.088713e+04
8.5 1.082437e+04 1.085089e+04 1.090222e+04 1.087570e+04
9.5 1.081483e+04 1.085699e+04 1.090026e+04 1.085810e+04
10.5 1.083092e+04 1.084831e+04 1.090115e+04 1.088375e+04
11.5 1.082708e+04 1.087990e+04 1.089518e+04 1.084235e+04
12.5 1.081857e+04 1.087671e+04 1.088745e+04 1.082930e+04
13.5 1.080916e+04 1.087780e+04 1.088299e+04 1.081435e+04
14.5 1.084303e+04 1.088050e+04 1.088518e+04 1.084771e+04
15.5 1.081302e+04 1.087779e+04 1.089504e+04 1.083028e+04
16.5 1.089479e+04 1.087978e+04 1.090144e+04 1.091645e+04
17.5 1.088518e+04 1.087126e+04 1.090862e+04 1.092253e+04
0.1 1.088619e+04 1.091704e+04 1.090654e+04 1.087569e+04
1.1 1.087924e+04 1.088233e+04 1.090602e+04 1.090293e+04
2.1 1.087337e+04 1.089861e+04 1.090585e+04 1.088061e+04
3.1 1.088816e+04 1.088168e+04 1.090301e+04 1.090948e+04
4.1 1.090297e+04 1.088215e+04 1.090325e+04 1.092407e+04
5.1 1.090789e+04 1.085952e+04 1.090535e+04 1.095372e+04
6.1 1.085578e+04 1.087099e+04 1.090235e+04 1.088713e+04
7.1 1.082437e+04 1.085089e+04 1.090222e+04 1.087570e+04
8.1 1.081483e+04 1.085699e+04 1.090026e+04 1.085810e+04
9.1 1.083092e+04 1.084831e+04 1.090115e+04 1.088375e+04
10.1 1.082708e+04 1.087990e+04 1.089518e+04 1.084235e+04
11.1 1.081857e+04 1.087671e+04 1.088745e+04 1.082930e+04
12.1 1.080916e+04 1.087780e+04 1.088299e+04 1.081435e+04
13.1 1.084303e+04 1.088050e+04 1.088518e+04 1.084771e+04
14.1 1.081302e+04 1.087779e+04 1.089504e+04 1.083028e+04
15.1 1.089479e+04 1.087978e+04 1.090144e+04 1.091645e+04
16.1 1.088518e+04 1.087126e+04 1.090862e+04 1.092253e+04
17.1 1.092080e+04 1.088760e+04 1.091141e+04 1.094461e+04
0.4 1.087337e+04 1.089861e+04 1.090585e+04 1.088061e+04
1.4 1.088816e+04 1.088168e+04 1.090301e+04 1.090948e+04
2.4 1.090297e+04 1.088215e+04 1.090325e+04 1.092407e+04
3.4 1.090789e+04 1.085952e+04 1.090535e+04 1.095372e+04
4.4 1.085578e+04 1.087099e+04 1.090235e+04 1.088713e+04
5.4 1.082437e+04 1.085089e+04 1.090222e+04 1.087570e+04
6.4 1.081483e+04 1.085699e+04 1.090026e+04 1.085810e+04
7.4 1.083092e+04 1.084831e+04 1.090115e+04 1.088375e+04
8.4 1.082708e+04 1.087990e+04 1.089518e+04 1.084235e+04
9.4 1.081857e+04 1.087671e+04 1.088745e+04 1.082930e+04
10.4 1.080916e+04 1.087780e+04 1.088299e+04 1.081435e+04
11.4 1.084303e+04 1.088050e+04 1.088518e+04 1.084771e+04
12.4 1.081302e+04 1.087779e+04 1.089504e+04 1.083028e+04
13.4 1.089479e+04 1.087978e+04 1.090144e+04 1.091645e+04
14.4 1.088518e+04 1.087126e+04 1.090862e+04 1.092253e+04
15.4 1.092080e+04 1.088760e+04 1.091141e+04 1.094461e+04
16.4 1.088560e+04 1.088547e+04 1.090332e+04 1.090344e+04
17.4 1.091707e+04 1.088539e+04 1.089373e+04 1.092541e+04
0.1 1.088816e+04 1.088168e+04 1.090301e+04 1.090948e+04
1.1 1.090297e+04 1.088215e+04 1.090325e+04 1.092407e+04
2.1 1.090789e+04 1.085952e+04 1.090535e+04 1.095372e+04
3.1 1.085578e+04 1.087099e+04 1.090235e+04 1.088713e+04
4.1 1.082437e+04 1.085089e+04 1.090222e+04 1.087570e+04
5.1 1.081483e+04 1.085699e+04 1.090026e+04 1.085810e+04
6.1 1.083092e+04 1.084831e+04 1.090115e+04 1.088375e+04
7.1 1.082708e+04 1.087990e+04 1.089518e+04 1.084235e+04
8.1 1.081857e+04 1.087671e+04 1.088745e+04 1.082930e+04
9.1 1.080916e+04 1.087780e+04 1.088299e+04 1.081435e+04
10.1 1.084303e+04 1.088050e+04 1.088518e+04 1.084771e+04
11.1 1.081302e+04 1.087779e+04 1.089504e+04 1.083028e+04
12.1 1.089479e+04 1.087978e+04 1.090144e+04 1.091645e+04
13.1 1.088518e+04 1.087126e+04 1.090862e+04 1.092253e+04
14.1 1.092080e+04 1.088760e+04 1.091141e+04 1.094461e+04
15.1 1.088560e+04 1.088547e+04 1.090332e+04 1.090344e+04
16.1 1.091707e+04 1.088539e+04 1.089373e+04 1.092541e+04
17.1 1.092627e+04 1.088131e+04 1.088816e+04 1.093311e+04
0.2 1.090789e+04 1.085952e+04 1.090535e+04 1.095372e+04
1.2 1.085578e+04 1.087099e+04 1.090235e+04 1.088713e+04
2.2 1.082437e+04 1.085089e+04 1.090222e+04 1.087570e+04
3.2 1.081483e+04 1.085699e+04 1.090026e+04 1.085810e+04
4.2 1.083092e+04 1.084831e+04 1.090115e+04 1.088375e+04
5.2 1.082708e+04 1.087990e+04 1.089518e+04 1.084235e+04
6.2 1.081857e+04 1.087671e+04 1.088745e+04 1.082930e+04
7.2 1.080916e+04 1.087780e+04 1.088299e+04 1.081435e+04
8.2 1.084303e+04 1.088050e+04 1.088518e+04 1.084771e+04
9.2 1.081302e+04 1.087779e+04 1.089504e+04 1.083028e+04
10.2 1.089479e+04 1.087978e+04 1.090144e+04 1.091645e+04
11.2 1.088518e+04 1.087126e+04 1.090862e+04 1.092253e+04
12.2 1.092080e+04 1.088760e+04 1.091141e+04 1.094461e+04
13.2 1.088560e+04 1.088547e+04 1.090332e+04 1.090344e+04
14.2 1.091707e+04 1.088539e+04 1.089373e+04 1.092541e+04
15.2 1.092627e+04 1.088131e+04 1.088816e+04 1.093311e+04
16.2 1.091944e+04 1.089429e+04 1.088612e+04 1.091128e+04
17.2 1.088940e+04 1.088036e+04 1.088616e+04 1.089520e+04
0.4 1.082437e+04 1.085089e+04 1.090222e+04 1.087570e+04
1.4 1.081483e+04 1.085699e+04 1.090026e+04 1.085810e+04
2.4 1.083092e+04 1.084831e+04 1.090115e+04 1.088375e+04
3.4 1.082708e+04 1.087990e+04 1.089518e+04 1.084235e+04
4.4 1.081857e+04 1.087671e+04 1.088745e+04 1.082930e+04
5.4 1.080916e+04 1.087780e+04 1.088299e+04 1.081435e+04
6.4 1.084303e+04 1.088050e+04 1.088518e+04 1.084771e+04
7.4 1.081302e+04 1.087779e+04 1.089504e+04 1.083028e+04
8.4 1.089479e+04 1.087978e+04 1.090144e+04 1.091645e+04
9.4 1.088518e+04 1.087126e+04 1.090862e+04 1.092253e+04
10.4 1.092080e+04 1.088760e+04 1.091141e+04 1.094461e+04
11.4 1.088560e+04 1.088547e+04 1.090332e+04 1.090344e+04
12.4 1.091707e+04 1.088539e+04 1.089373e+04 1.092541e+04
13.4 1.092627e+04 1.088131e+04 1.088816e+04 1.093311e+04
14.4 1.091944e+04 1.089429e+04 1.088612e+04 1.091128e+04
15.4 1.088940e+04 1.088036e+04 1.088616e+04 1.089520e+04
16.4 1.088673e+04 1.090584e+04 1.088721e+04 1.086810e+04
17.4 1.092893e+04 1.089549e+04 1.088858e+04 1.092202e+04
0.3 1.080916e+04 1.087780e+04 1.088299e+04 1.081435e+04
1.3 1.084303e+04 1.088050e+04 1.088518e+04 1.084771e+04
2.3 1.081302e+04 1.087779e+04 1.089504e+04 1.083028e+04
3.3 1.089479e+04 1.087978e+04 1.090144e+04 1.091645e+04
4.3 1.088518e+04 1.087126e+04 1.090862e+04 1.092253e+04
5.3 1.092080e+04 1.088760e+04 1.091141e+04 1.094461e+04
6.3 1.088560e+04 1.088547e+04 1.090332e+04 1.090344e+04
7.3 1.091707e+04 1.088539e+04 1.089373e+04 1.092541e+04
8.3 1.092627e+04 1.088131e+04 1.088816e+04 1.093311e+04
9.3 1.091944e+04 1.089429e+04 1.088612e+04 1.091128e+04
10.3 1.088940e+04 1.088036e+04 1.088616e+04 1.089520e+04
11.3 1.088673e+04 1.090584e+04 1.088721e+04 1.086810e+04
12.3 1.092893e+04 1.089549e+04 1.088858e+04 1.092202e+04
13.3 1.086569e+04 1.088473e+04 1.088986e+04 1.087082e+04
14.3 1.088180e+04 1.091909e+04 1.089092e+04 1.085363e+04
15.3 1.092078e+04 1.091206e+04 1.089177e+04 1.090048e+04
16.3 1.090199e+04 1.089064e+04 1.089245e+04 1.090381e+04
17.3 1.095310e+04 1.090524e+04 1.089305e+04 1.094091e+04
0.5 1.081302e+04 1.087779e+04 1.089504e+04 1.083028e+04
1.5 1.089479e+04 1.087978e+04 1.090144e+04 1.091645e+04
2.5 1.088518e+04 1.087126e+04 1.090862e+04 1.092253e+04
3.5 1.092080e+04 1.088760e+04 1.091141e+04 1.094461e+04
4.5 1.088560e+04 1.088547e+04 1.090332e+04 1.090344e+04
5.5 1.091707e+04 1.088539e+04 1.089373e+04 1.092541e+04
6.5 1.092627e+04 1.088131e+04 1.088816e+04 1.093311e+04
7.5 1.091944e+04 1.089429e+04 1.088612e+04 1.091128e+04
8.5 1.088940e+04 1.088036e+04 1.088616e+04 1.089520e+04
9.5 1.088673e+04 1.090584e+04 1.088721e+04 1.086810e+04
10.5 1.092893e+04 1.089549e+04 1.088858e+04 1.092202e+04
11.5 1.086569e+04 1.088473e+04 1.088986e+04 1.087082e+04
12.5 1.088180e+04 1.091909e+04 1.089092e+04 1.085363e+04
13.5 1.092078e+04 1.091206e+04 1.089177e+04 1.090048e+04
14.5 1.090199e+04 1.089064e+04 1.089245e+04 1.090381e+04
15.5 1.095310e+04 1.090524e+04 1.089305e+04 1.094091e+04
16.5 1.093382e+04 1.089067e+04 1.089358e+04 1.093673e+04
17.5 1.084526e+04 1.090346e+04 1.089407e+04 1.083587e+04
0.4 1.089479e+04 1.087978e+04 1.090144e+04 1.091645e+04
1.4 1.088518e+04 1.087126e+04 1.090862e+04 1.092253e+04
2.4 1.092080e+04 1.088760e+04 1.091141e+04 1.094461e+04
3.4 1.088560e+04 1.088547e+04 1.090332e+04 1.090344e+04
4.4 1.091707e+04 1.088539e+04 1.089373e+04 1.092541e+04
5.4 1.092627e+04 1.088131e+04 1.088816e+04 1.093311e+04
6.4 1.091944e+04 1.089429e+04 1.088612e+04 1.091128e+04
7.4 1.088940e+04 1.088036e+04 1.088616e+04 1.089520e+04
8.4 1.088673e+04 1.090584e+04 1.088721e+04 1.086810e+04
9.4 1.092893e+04 1.089549e+04 1.088858e+04 1.092202e+04
10.4 1.086569e+04 1.088473e+04 1.088986e+04 1.087082e+04
11.4 1.088180e+04 1.091909e+04 1.089092e+04 1.085363e+04
12.4 1.092078e+04 1.091206e+04 1.089177e+04 1.090048e+04
13.4 1.090199e+04 1.089064e+04 1.089245e+04 1.090381e+04
14.4 1.095310e+04 1.090524e+04 1.089305e+04 1.094091e+04
15.4 1.093382e+04 1.089067e+04 1.089358e+04 1.093673e+04
16.4 1.084526e+04 1.090346e+04 1.089407e+04 1.083587e+04
17.4 1.088520e+04 1.091589e+04 1.089453e+04 1.086384e+04
