0.4 1.093851e+04 1.092171e+04 1.088615e+04 1.090296e+04
1.3 1.089752e+04 1.090238e+04 1.089466e+04 1.088981e+04
2.3 1.088901e+04 1.086735e+04 1.091386e+04 1.093553e+04
3.3 1.090138e+04 1.089936e+04 1.091250e+04 1.091451e+04
4.3 1.086484e+04 1.088974e+04 1.090076e+04 1.087586e+04
5.3 1.084346e+04 1.089217e+04 1.089180e+04 1.084308e+04
6.3 1.085998e+04 1.086858e+04 1.088721e+04 1.087861e+04
7.3 1.085042e+04 1.087931e+04 1.088548e+04 1.085659e+04
8.3 1.090421e+04 1.088195e+04 1.088544e+04 1.090770e+04
9.3 1.088384e+04 1.088673e+04 1.088625e+04 1.088336e+04
10.3 1.090108e+04 1.090921e+04 1.088763e+04 1.087950e+04
11.3 1.091802e+04 1.088971e+04 1.090311e+04 1.093143e+04
12.3 1.090862e+04 1.091143e+04 1.091810e+04 1.091529e+04
13.3 1.097214e+04 1.096170e+04 1.091183e+04 1.092227e+04
14.3 1.097446e+04 1.090920e+04 1.090038e+04 1.096564e+04
15.3 1.093618e+04 1.090039e+04 1.089293e+04 1.092872e+04
16.3 1.089218e+04 1.091596e+04 1.088939e+04 1.086560e+04
17.3 1.089772e+04 1.091683e+04 1.088827e+04 1.086915e+04
0.6 1.090108e+04 1.090921e+04 1.088763e+04 1.087950e+04
1.6 1.091802e+04 1.088971e+04 1.090311e+04 1.093143e+04
2.6 1.090862e+04 1.091143e+04 1.091810e+04 1.091529e+04
3.6 1.097214e+04 1.096170e+04 1.091183e+04 1.092227e+04
4.6 1.097446e+04 1.090920e+04 1.090038e+04 1.096564e+04
5.6 1.093618e+04 1.090039e+04 1.089293e+04 1.092872e+04
6.6 1.089218e+04 1.091596e+04 1.088939e+04 1.086560e+04
7.6 1.089772e+04 1.091683e+04 1.088827e+04 1.086915e+04
8.6 1.085844e+04 1.086219e+04 1.088854e+04 1.088479e+04
9.6 1.095406e+04 1.089302e+04 1.088941e+04 1.095045e+04
10.6 1.097892e+04 1.088453e+04 1.089035e+04 1.098473e+04
11.6 1.094672e+04 1.090631e+04 1.089110e+04 1.093151e+04
12.6 1.088651e+04 1.089510e+04 1.089162e+04 1.088303e+04
13.6 1.082548e+04 1.090522e+04 1.089196e+04 1.081222e+04
14.6 1.085881e+04 1.088418e+04 1.089219e+04 1.086682e+04
15.6 1.080218e+04 1.086791e+04 1.089235e+04 1.082662e+04
16.6 1.085066e+04 1.088783e+04 1.089246e+04 1.085529e+04
17.6 1.081452e+04 1.087144e+04 1.089254e+04 1.083561e+04
0.9 1.083671e+04 1.087284e+04 1.089213e+04 1.085600e+04
1.9 1.089326e+04 1.089610e+04 1.091004e+04 1.090721e+04
2.9 1.088856e+04 1.088253e+04 1.091659e+04 1.092263e+04
3.9 1.091427e+04 1.088920e+04 1.090680e+04 1.093187e+04
4.9 1.086622e+04 1.090392e+04 1.089641e+04 1.085871e+04
5.9 1.087567e+04 1.090009e+04 1.089028e+04 1.086587e+04
6.9 1.089397e+04 1.088801e+04 1.088741e+04 1.089336e+04
7.9 1.088516e+04 1.089454e+04 1.088649e+04 1.087711e+04
8.9 1.091371e+04 1.091081e+04 1.088671e+04 1.088960e+04
9.9 1.086698e+04 1.087599e+04 1.089771e+04 1.088871e+04
10.9 1.093581e+04 1.091038e+04 1.091611e+04 1.094154e+04
11.9 1.086400e+04 1.090002e+04 1.091304e+04 1.087702e+04
12.9 1.086774e+04 1.090777e+04 1.090128e+04 1.086125e+04
13.9 1.086758e+04 1.090570e+04 1.089272e+04 1.085460e+04
14.9 1.090054e+04 1.090756e+04 1.088835e+04 1.088132e+04
15.9 1.091353e+04 1.091239e+04 1.088667e+04 1.088782e+04
16.9 1.086064e+04 1.089329e+04 1.088701e+04 1.085436e+04
17.9 1.088866e+04 1.088440e+04 1.090276e+04 1.090703e+04
0.4 1.091371e+04 1.091081e+04 1.088671e+04 1.088960e+04
1.4 1.086698e+04 1.087599e+04 1.089771e+04 1.088871e+04
2.4 1.093581e+04 1.091038e+04 1.091611e+04 1.094154e+04
3.4 1.086400e+04 1.090002e+04 1.091304e+04 1.087702e+04
4.4 1.086774e+04 1.090777e+04 1.090128e+04 1.086125e+04
5.4 1.086758e+04 1.090570e+04 1.089272e+04 1.085460e+04
6.4 1.090054e+04 1.090756e+04 1.088835e+04 1.088132e+04
7.4 1.091353e+04 1.091239e+04 1.088667e+04 1.088782e+04
8.4 1.086064e+04 1.089329e+04 1.088701e+04 1.085436e+04
9.4 1.088866e+04 1.088440e+04 1.090276e+04 1.090703e+04
10.4 1.091083e+04 1.090689e+04 1.091741e+04 1.092135e+04
11.4 1.094636e+04 1.095585e+04 1.091101e+04 1.090152e+04
12.4 1.091343e+04 1.089303e+04 1.089975e+04 1.092014e+04
13.4 1.093157e+04 1.088562e+04 1.089244e+04 1.093839e+04
14.4 1.084324e+04 1.085155e+04 1.088895e+04 1.088064e+04
15.4 1.089148e+04 1.089764e+04 1.088781e+04 1.088165e+04
16.4 1.082987e+04 1.085784e+04 1.088803e+04 1.086006e+04
17.4 1.095139e+04 1.091451e+04 1.088885e+04 1.092573e+04
0.7 1.086064e+04 1.089329e+04 1.088701e+04 1.085436e+04
1.7 1.088866e+04 1.088440e+04 1.090276e+04 1.090703e+04
2.7 1.091083e+04 1.090689e+04 1.091741e+04 1.092135e+04
3.7 1.094636e+04 1.095585e+04 1.091101e+04 1.090152e+04
4.7 1.091343e+04 1.089303e+04 1.089975e+04 1.092014e+04
5.7 1.093157e+04 1.088562e+04 1.089244e+04 1.093839e+04
6.7 1.084324e+04 1.085155e+04 1.088895e+04 1.088064e+04
7.7 1.089148e+04 1.089764e+04 1.088781e+04 1.088165e+04
8.7 1.082987e+04 1.085784e+04 1.088803e+04 1.086006e+04
9.7 1.095139e+04 1.091451e+04 1.088885e+04 1.092573e+04
10.7 1.089427e+04 1.089274e+04 1.088972e+04 1.089124e+04
11.7 1.086746e+04 1.088228e+04 1.089041e+04 1.087558e+04
12.7 1.091801e+04 1.086352e+04 1.089088e+04 1.094536e+04
13.7 1.090943e+04 1.088255e+04 1.089118e+04 1.091806e+04
14.7 1.091387e+04 1.087239e+04 1.089137e+04 1.093285e+04
15.7 1.089064e+04 1.088821e+04 1.089151e+04 1.089394e+04
16.7 1.092252e+04 1.091251e+04 1.089161e+04 1.090163e+04
17.7 1.089057e+04 1.090927e+04 1.089170e+04 1.087299e+04
0.3 1.095509e+04 1.092705e+04 1.089205e+04 1.092009e+04
1.3 1.097868e+04 1.092320e+04 1.089992e+04 1.095540e+04
2.3 1.084846e+04 1.088339e+04 1.091919e+04 1.088426e+04
3.3 1.088889e+04 1.091334e+04 1.091816e+04 1.089371e+04
4.3 1.086958e+04 1.089269e+04 1.090628e+04 1.088317e+04
5.3 1.077808e+04 1.084518e+04 1.089700e+04 1.082990e+04
6.3 1.081551e+04 1.084855e+04 1.089211e+04 1.085907e+04
7.3 1.085997e+04 1.084729e+04 1.089010e+04 1.090278e+04
8.3 1.085654e+04 1.086301e+04 1.088980e+04 1.088333e+04
9.3 1.077675e+04 1.086653e+04 1.089035e+04 1.080056e+04
10.3 1.083198e+04 1.089754e+04 1.089112e+04 1.082555e+04
11.3 1.084624e+04 1.088004e+04 1.089177e+04 1.085798e+04
12.3 1.086573e+04 1.087945e+04 1.089222e+04 1.087850e+04
13.3 1.088072e+04 1.086856e+04 1.089249e+04 1.090465e+04
14.3 1.091020e+04 1.086203e+04 1.089263e+04 1.094080e+04
15.3 1.091187e+04 1.087571e+04 1.089271e+04 1.092888e+04
16.3 1.086374e+04 1.088982e+04 1.089275e+04 1.086667e+04
17.3 1.088479e+04 1.086203e+04 1.089276e+04 1.091552e+04
0.8 1.093793e+04 1.092539e+04 1.089127e+04 1.090381e+04
1.8 1.092039e+04 1.092421e+04 1.090833e+04 1.090450e+04
2.8 1.091303e+04 1.090536e+04 1.091915e+04 1.092682e+04
3.8 1.093204e+04 1.091537e+04 1.091025e+04 1.092693e+04
4.8 1.083420e+04 1.088172e+04 1.089859e+04 1.085106e+04
5.8 1.081587e+04 1.087064e+04 1.089131e+04 1.083654e+04
6.8 1.081634e+04 1.087363e+04 1.088775e+04 1.083047e+04
7.8 1.085559e+04 1.085314e+04 1.088646e+04 1.088891e+04
8.8 1.089395e+04 1.086175e+04 1.088644e+04 1.091865e+04
9.8 1.093422e+04 1.088047e+04 1.088697e+04 1.094072e+04
10.8 1.085884e+04 1.089590e+04 1.088851e+04 1.085145e+04
11.8 1.086670e+04 1.095095e+04 1.090530e+04 1.082104e+04
12.8 1.091666e+04 1.092393e+04 1.091557e+04 1.090830e+04
13.8 1.095789e+04 1.094154e+04 1.090734e+04 1.092369e+04
14.8 1.091561e+04 1.093417e+04 1.089662e+04 1.087805e+04
15.8 1.087461e+04 1.092587e+04 1.088999e+04 1.083873e+04
16.8 1.083812e+04 1.087667e+04 1.088682e+04 1.084827e+04
17.8 1.086042e+04 1.088175e+04 1.088576e+04 1.086442e+04
0.8 1.085884e+04 1.089590e+04 1.088851e+04 1.085145e+04
1.8 1.086670e+04 1.095095e+04 1.090530e+04 1.082104e+04
2.8 1.091666e+04 1.092393e+04 1.091557e+04 1.090830e+04
3.8 1.095789e+04 1.094154e+04 1.090734e+04 1.092369e+04
4.8 1.091561e+04 1.093417e+04 1.089662e+04 1.087805e+04
5.8 1.087461e+04 1.092587e+04 1.088999e+04 1.083873e+04
6.8 1.083812e+04 1.087667e+04 1.088682e+04 1.084827e+04
7.8 1.086042e+04 1.088175e+04 1.088576e+04 1.086442e+04
8.8 1.090223e+04 1.088598e+04 1.088589e+04 1.090214e+04
9.8 1.089985e+04 1.089569e+04 1.088671e+04 1.089086e+04
10.8 1.095187e+04 1.090715e+04 1.089985e+04 1.094457e+04
11.8 1.090324e+04 1.090396e+04 1.091492e+04 1.091420e+04
12.8 1.093544e+04 1.089848e+04 1.090973e+04 1.094669e+04
13.8 1.086189e+04 1.086853e+04 1.089871e+04 1.089208e+04
14.8 1.081778e+04 1.086476e+04 1.089126e+04 1.084428e+04
15.8 1.087906e+04 1.088577e+04 1.088757e+04 1.088087e+04
16.8 1.088940e+04 1.089798e+04 1.088624e+04 1.087766e+04
17.8 1.091256e+04 1.092462e+04 1.088627e+04 1.087422e+04
0.6 1.089985e+04 1.089569e+04 1.088671e+04 1.089086e+04
1.6 1.095187e+04 1.090715e+04 1.089985e+04 1.094457e+04
2.6 1.090324e+04 1.090396e+04 1.091492e+04 1.091420e+04
3.6 1.093544e+04 1.089848e+04 1.090973e+04 1.094669e+04
4.6 1.086189e+04 1.086853e+04 1.089871e+04 1.089208e+04
5.6 1.081778e+04 1.086476e+04 1.089126e+04 1.084428e+04
6.6 1.087906e+04 1.088577e+04 1.088757e+04 1.088087e+04
7.6 1.088940e+04 1.089798e+04 1.088624e+04 1.087766e+04
8.6 1.091256e+04 1.092462e+04 1.088627e+04 1.087422e+04
9.6 1.088911e+04 1.090677e+04 1.088824e+04 1.087059e+04
10.6 1.087935e+04 1.088272e+04 1.090608e+04 1.090271e+04
11.6 1.092324e+04 1.091239e+04 1.091569e+04 1.092654e+04
12.6 1.095083e+04 1.093098e+04 1.090733e+04 1.092718e+04
13.6 1.089943e+04 1.089726e+04 1.089704e+04 1.089921e+04
14.6 1.090775e+04 1.089239e+04 1.089085e+04 1.090621e+04
15.6 1.091274e+04 1.088241e+04 1.088800e+04 1.091833e+04
16.6 1.089266e+04 1.089868e+04 1.088719e+04 1.088117e+04
17.6 1.093193e+04 1.091721e+04 1.088751e+04 1.090223e+04
0.9 1.088911e+04 1.090677e+04 1.088824e+04 1.087059e+04
1.9 1.087935e+04 1.088272e+04 1.090608e+04 1.090271e+04
2.9 1.092324e+04 1.091239e+04 1.091569e+04 1.092654e+04
3.9 1.095083e+04 1.093098e+04 1.090733e+04 1.092718e+04
4.9 1.089943e+04 1.089726e+04 1.089704e+04 1.089921e+04
5.9 1.090775e+04 1.089239e+04 1.089085e+04 1.090621e+04
6.9 1.091274e+04 1.088241e+04 1.088800e+04 1.091833e+04
7.9 1.089266e+04 1.089868e+04 1.088719e+04 1.088117e+04
8.9 1.093193e+04 1.091721e+04 1.088751e+04 1.090223e+04
9.9 1.089016e+04 1.087892e+04 1.088830e+04 1.089953e+04
10.9 1.088569e+04 1.089226e+04 1.088909e+04 1.088252e+04
11.9 1.084845e+04 1.089777e+04 1.088971e+04 1.084039e+04
12.9 1.087520e+04 1.089328e+04 1.089014e+04 1.087206e+04
13.9 1.091001e+04 1.091421e+04 1.089044e+04 1.088623e+04
14.9 1.090365e+04 1.089938e+04 1.089066e+04 1.089493e+04
15.9 1.087976e+04 1.088374e+04 1.089378e+04 1.088981e+04
16.9 1.083851e+04 1.088092e+04 1.091257e+04 1.087016e+04
17.9 1.088943e+04 1.089300e+04 1.091780e+04 1.091423e+04
1.0 1.087976e+04 1.088374e+04 1.089378e+04 1.088981e+04
2.0 1.083851e+04 1.088092e+04 1.091257e+04 1.087016e+04
3.0 1.088943e+04 1.089300e+04 1.091780e+04 1.091423e+04
4.0 1.093769e+04 1.089586e+04 1.090785e+04 1.094968e+04
5.0 1.088144e+04 1.089023e+04 1.089806e+04 1.088927e+04
6.0 1.094107e+04 1.092866e+04 1.089254e+04 1.090495e+04
7.0 1.093631e+04 1.090366e+04 1.089014e+04 1.092279e+04
8.0 1.094130e+04 1.090976e+04 1.088961e+04 1.092116e+04
9.0 1.091752e+04 1.089150e+04 1.089009e+04 1.091611e+04
10.0 1.087999e+04 1.087887e+04 1.089092e+04 1.089205e+04
11.0 1.084916e+04 1.086608e+04 1.089170e+04 1.087478e+04
12.0 1.089431e+04 1.084506e+04 1.089228e+04 1.094153e+04
13.0 1.093260e+04 1.088096e+04 1.089267e+04 1.094432e+04
14.0 1.092242e+04 1.089686e+04 1.089294e+04 1.091850e+04
15.0 1.089706e+04 1.088168e+04 1.089314e+04 1.090852e+04
16.0 1.088381e+04 1.088039e+04 1.089331e+04 1.089673e+04
17.0 1.087448e+04 1.087781e+04 1.089345e+04 1.089013e+04
18.0 1.088593e+04 1.089913e+04 1.089359e+04 1.088038e+04
0.4 1.088373e+04 1.090630e+04 1.089177e+04 1.086921e+04
1.4 1.090150e+04 1.091762e+04 1.089971e+04 1.088359e+04
2.4 1.090781e+04 1.087447e+04 1.091735e+04 1.095068e+04
3.4 1.090796e+04 1.090473e+04 1.091553e+04 1.091876e+04
4.4 1.090591e+04 1.089582e+04 1.090421e+04 1.091430e+04
5.4 1.091223e+04 1.087450e+04 1.089555e+04 1.093328e+04
6.4 1.089646e+04 1.086385e+04 1.089098e+04 1.092360e+04
7.4 1.089186e+04 1.087492e+04 1.088908e+04 1.090601e+04
8.4 1.093461e+04 1.089393e+04 1.088875e+04 1.092943e+04
9.4 1.090807e+04 1.090017e+04 1.088921e+04 1.089711e+04
10.4 1.089042e+04 1.092251e+04 1.088989e+04 1.085780e+04
11.4 1.085695e+04 1.090403e+04 1.089045e+04 1.084337e+04
12.4 1.087209e+04 1.087090e+04 1.089083e+04 1.089202e+04
13.4 1.087088e+04 1.089715e+04 1.089106e+04 1.086480e+04
14.4 1.088851e+04 1.088594e+04 1.089120e+04 1.089377e+04
15.4 1.093386e+04 1.093053e+04 1.089130e+04 1.089462e+04
16.4 1.096655e+04 1.094240e+04 1.089145e+04 1.091560e+04
17.4 1.095383e+04 1.091787e+04 1.090204e+04 1.093799e+04
0.5 1.096655e+04 1.094240e+04 1.089145e+04 1.091560e+04
1.5 1.095383e+04 1.091787e+04 1.090204e+04 1.093799e+04
2.5 1.096874e+04 1.093136e+04 1.091832e+04 1.095570e+04
3.5 1.095587e+04 1.094764e+04 1.091448e+04 1.092271e+04
4.5 1.095212e+04 1.096199e+04 1.090328e+04 1.089341e+04
5.5 1.097016e+04 1.094820e+04 1.089536e+04 1.091732e+04
6.5 1.097329e+04 1.093787e+04 1.089137e+04 1.092680e+04
7.5 1.095105e+04 1.094528e+04 1.088988e+04 1.089564e+04
8.5 1.091589e+04 1.090871e+04 1.088984e+04 1.089702e+04
9.5 1.088619e+04 1.091704e+04 1.089050e+04 1.085965e+04
10.5 1.087924e+04 1.088233e+04 1.089129e+04 1.088821e+04
11.5 1.087337e+04 1.089861e+04 1.089195e+04 1.086672e+04
12.5 1.088816e+04 1.088168e+04 1.089240e+04 1.089887e+04
13.5 1.090297e+04 1.088215e+04 1.089268e+04 1.091350e+04
14.5 1.090789e+04 1.085952e+04 1.089287e+04 1.094124e+04
15.5 1.085578e+04 1.087099e+04 1.089299e+04 1.087778e+04
16.5 1.082437e+04 1.085089e+04 1.089309e+04 1.086656e+04
17.5 1.081483e+04 1.085699e+04 1.089316e+04 1.085100e+04
0.8 1.093382e+04 1.089067e+04 1.089176e+04 1.093491e+04
1.8 1.084526e+04 1.090346e+04 1.090917e+04 1.085097e+04
2.8 1.088520e+04 1.091589e+04 1.091940e+04 1.088871e+04
3.8 1.091467e+04 1.089518e+04 1.091022e+04 1.092971e+04
4.8 1.092617e+04 1.088521e+04 1.089864e+04 1.093961e+04
5.8 1.088717e+04 1.088311e+04 1.089150e+04 1.089556e+04
6.8 1.086662e+04 1.087017e+04 1.088806e+04 1.088451e+04
7.8 1.090263e+04 1.088541e+04 1.088688e+04 1.090410e+04
8.8 1.088799e+04 1.088192e+04 1.088699e+04 1.089306e+04
