0.9 1.093618e+04 1.090039e+04 1.088062e+04 1.091641e+04
1.9 1.089218e+04 1.091596e+04 1.087530e+04 1.085151e+04
2.9 1.089772e+04 1.091683e+04 1.089578e+04 1.087666e+04
3.9 1.085844e+04 1.086219e+04 1.091065e+04 1.090691e+04
4.9 1.095406e+04 1.089302e+04 1.090836e+04 1.096940e+04
5.9 1.097892e+04 1.088453e+04 1.090220e+04 1.099658e+04
6.8 1.094672e+04 1.090631e+04 1.089783e+04 1.093824e+04
7.8 1.088651e+04 1.089510e+04 1.089529e+04 1.088670e+04
8.8 1.082548e+04 1.090522e+04 1.089403e+04 1.081429e+04
9.8 1.085881e+04 1.088418e+04 1.089368e+04 1.086831e+04
10.8 1.080218e+04 1.086791e+04 1.089383e+04 1.082809e+04
11.8 1.085066e+04 1.088783e+04 1.089411e+04 1.085694e+04
12.8 1.081452e+04 1.087144e+04 1.089435e+04 1.083743e+04
13.8 1.084331e+04 1.086867e+04 1.089449e+04 1.086913e+04
14.8 1.076084e+04 1.085385e+04 1.089455e+04 1.080154e+04
15.8 1.083780e+04 1.088464e+04 1.089245e+04 1.084560e+04
16.8 1.088283e+04 1.087164e+04 1.087728e+04 1.088847e+04
17.8 1.088519e+04 1.090070e+04 1.087523e+04 1.085973e+04
1.0 1.088283e+04 1.087164e+04 1.087728e+04 1.088847e+04
2.0 1.088519e+04 1.090070e+04 1.087523e+04 1.085973e+04
3.0 1.091271e+04 1.091564e+04 1.089890e+04 1.089598e+04
4.0 1.088799e+04 1.088214e+04 1.091174e+04 1.091759e+04
5.0 1.094068e+04 1.089166e+04 1.090793e+04 1.095695e+04
6.0 1.089711e+04 1.088600e+04 1.089661e+04 1.090772e+04
7.0 1.093070e+04 1.090223e+04 1.087805e+04 1.090653e+04
8.0 1.095017e+04 1.088977e+04 1.088094e+04 1.094134e+04
9.0 1.093147e+04 1.089805e+04 1.090278e+04 1.093621e+04
10.0 1.094821e+04 1.091453e+04 1.090926e+04 1.094294e+04
11.0 1.085929e+04 1.090596e+04 1.090307e+04 1.085640e+04
12.0 1.093650e+04 1.092220e+04 1.088354e+04 1.089784e+04
13.0 1.093566e+04 1.089933e+04 1.087490e+04 1.091123e+04
14.0 1.092935e+04 1.090390e+04 1.089511e+04 1.092056e+04
15.0 1.090096e+04 1.089603e+04 1.090996e+04 1.091489e+04
16.0 1.083671e+04 1.087284e+04 1.090735e+04 1.087122e+04
17.0 1.089326e+04 1.089610e+04 1.090106e+04 1.089823e+04
18.0 1.088856e+04 1.088253e+04 1.089675e+04 1.090279e+04
0.3 1.089711e+04 1.088600e+04 1.089661e+04 1.090772e+04
1.3 1.093070e+04 1.090223e+04 1.087805e+04 1.090653e+04
2.3 1.095017e+04 1.088977e+04 1.088094e+04 1.094134e+04
3.3 1.093147e+04 1.089805e+04 1.090278e+04 1.093621e+04
4.3 1.094821e+04 1.091453e+04 1.090926e+04 1.094294e+04
5.3 1.085929e+04 1.090596e+04 1.090307e+04 1.085640e+04
6.3 1.093650e+04 1.092220e+04 1.088354e+04 1.089784e+04
7.3 1.093566e+04 1.089933e+04 1.087490e+04 1.091123e+04
8.3 1.092935e+04 1.090390e+04 1.089511e+04 1.092056e+04
9.3 1.090096e+04 1.089603e+04 1.090996e+04 1.091489e+04
10.3 1.083671e+04 1.087284e+04 1.090735e+04 1.087122e+04
11.3 1.089326e+04 1.089610e+04 1.090106e+04 1.089823e+04
12.3 1.088856e+04 1.088253e+04 1.089675e+04 1.090279e+04
13.3 1.091427e+04 1.088920e+04 1.089430e+04 1.091937e+04
14.3 1.086622e+04 1.090392e+04 1.089313e+04 1.085543e+04
15.3 1.087567e+04 1.090009e+04 1.089287e+04 1.086845e+04
16.3 1.089397e+04 1.088801e+04 1.089309e+04 1.089905e+04
17.3 1.088516e+04 1.089454e+04 1.089345e+04 1.088407e+04
0.9 1.093650e+04 1.092220e+04 1.088354e+04 1.089784e+04
1.9 1.093566e+04 1.089933e+04 1.087490e+04 1.091123e+04
2.9 1.092935e+04 1.090390e+04 1.089511e+04 1.092056e+04
3.9 1.090096e+04 1.089603e+04 1.090996e+04 1.091489e+04
4.9 1.083671e+04 1.087284e+04 1.090735e+04 1.087122e+04
5.9 1.089326e+04 1.089610e+04 1.090106e+04 1.089823e+04
6.9 1.088856e+04 1.088253e+04 1.089675e+04 1.090279e+04
7.9 1.091427e+04 1.088920e+04 1.089430e+04 1.091937e+04
8.9 1.086622e+04 1.090392e+04 1.089313e+04 1.085543e+04
9.9 1.087567e+04 1.090009e+04 1.089287e+04 1.086845e+04
10.9 1.089397e+04 1.088801e+04 1.089309e+04 1.089905e+04
11.9 1.088516e+04 1.089454e+04 1.089345e+04 1.088407e+04
12.9 1.091371e+04 1.091081e+04 1.089376e+04 1.089665e+04
13.9 1.086698e+04 1.087599e+04 1.089397e+04 1.088497e+04
14.9 1.093581e+04 1.091038e+04 1.089411e+04 1.091953e+04
15.9 1.086400e+04 1.090002e+04 1.089420e+04 1.085817e+04
16.9 1.086774e+04 1.090777e+04 1.089425e+04 1.085422e+04
17.9 1.086758e+04 1.090570e+04 1.089430e+04 1.085618e+04
0.4 1.092800e+04 1.093878e+04 1.088728e+04 1.087650e+04
1.4 1.089365e+04 1.092361e+04 1.087327e+04 1.084331e+04
2.4 1.094954e+04 1.092609e+04 1.088328e+04 1.090674e+04
3.4 1.090452e+04 1.090361e+04 1.090691e+04 1.090782e+04
4.4 1.089163e+04 1.090528e+04 1.091141e+04 1.089777e+04
5.4 1.091191e+04 1.089620e+04 1.090533e+04 1.092105e+04
6.4 1.091916e+04 1.090528e+04 1.089962e+04 1.091350e+04
7.4 1.091139e+04 1.090900e+04 1.089609e+04 1.089848e+04
8.4 1.095509e+04 1.092705e+04 1.089418e+04 1.092223e+04
9.4 1.097868e+04 1.092320e+04 1.089342e+04 1.094891e+04
10.4 1.084846e+04 1.088339e+04 1.089341e+04 1.085847e+04
11.4 1.088889e+04 1.091334e+04 1.089370e+04 1.086925e+04
12.4 1.086958e+04 1.089269e+04 1.089402e+04 1.087091e+04
13.4 1.077808e+04 1.084518e+04 1.089425e+04 1.082716e+04
14.4 1.081551e+04 1.084855e+04 1.089439e+04 1.086135e+04
15.4 1.085997e+04 1.084729e+04 1.089447e+04 1.090714e+04
16.4 1.085654e+04 1.086301e+04 1.089451e+04 1.088804e+04
17.4 1.077675e+04 1.086653e+04 1.089453e+04 1.080475e+04
0.1 1.096104e+04 1.095128e+04 1.089120e+04 1.090096e+04
1.1 1.095999e+04 1.093199e+04 1.087572e+04 1.090372e+04
2.1 1.092403e+04 1.090498e+04 1.087730e+04 1.089634e+04
3.1 1.091261e+04 1.090132e+04 1.090184e+04 1.091313e+04
4.1 1.092870e+04 1.091383e+04 1.091198e+04 1.092685e+04
5.1 1.094602e+04 1.088181e+04 1.090723e+04 1.097145e+04
6.1 1.092861e+04 1.087787e+04 1.090098e+04 1.095172e+04
7.1 1.092083e+04 1.086875e+04 1.089690e+04 1.094898e+04
8.1 1.090037e+04 1.086861e+04 1.089460e+04 1.092637e+04
9.1 1.094364e+04 1.091292e+04 1.089357e+04 1.092430e+04
10.1 1.095818e+04 1.092691e+04 1.089341e+04 1.092468e+04
11.1 1.093793e+04 1.092539e+04 1.089367e+04 1.090621e+04
12.1 1.092039e+04 1.092421e+04 1.089400e+04 1.089017e+04
13.1 1.091303e+04 1.090536e+04 1.089425e+04 1.090191e+04
14.1 1.093204e+04 1.091537e+04 1.089440e+04 1.091107e+04
15.1 1.083420e+04 1.088172e+04 1.089448e+04 1.084695e+04
16.1 1.081587e+04 1.087064e+04 1.089452e+04 1.083974e+04
17.1 1.081634e+04 1.087363e+04 1.089454e+04 1.083725e+04
0.9 1.087461e+04 1.092587e+04 1.087922e+04 1.082796e+04
1.9 1.083812e+04 1.087667e+04 1.087572e+04 1.083717e+04
2.9 1.086042e+04 1.088175e+04 1.089729e+04 1.087595e+04
3.9 1.090223e+04 1.088598e+04 1.091065e+04 1.092690e+04
4.9 1.089985e+04 1.089569e+04 1.090763e+04 1.091179e+04
5.9 1.095187e+04 1.090715e+04 1.090154e+04 1.094626e+04
6.9 1.090324e+04 1.090396e+04 1.089734e+04 1.089662e+04
7.9 1.093544e+04 1.089848e+04 1.089492e+04 1.093187e+04
8.9 1.086189e+04 1.086853e+04 1.089375e+04 1.088712e+04
9.9 1.081778e+04 1.086476e+04 1.089347e+04 1.084649e+04
10.9 1.087906e+04 1.088577e+04 1.089365e+04 1.088694e+04
11.9 1.088940e+04 1.089798e+04 1.089395e+04 1.088538e+04
12.9 1.091256e+04 1.092462e+04 1.089420e+04 1.088215e+04
13.9 1.088911e+04 1.090677e+04 1.089435e+04 1.087669e+04
14.9 1.087935e+04 1.088272e+04 1.089442e+04 1.089104e+04
15.9 1.092324e+04 1.091239e+04 1.089446e+04 1.090531e+04
16.9 1.095083e+04 1.093098e+04 1.089447e+04 1.091432e+04
17.9 1.089943e+04 1.089726e+04 1.089447e+04 1.089664e+04
1.0 1.093193e+04 1.091721e+04 1.087791e+04 1.089263e+04
2.0 1.089016e+04 1.087892e+04 1.087452e+04 1.088575e+04
3.0 1.088569e+04 1.089226e+04 1.089764e+04 1.089107e+04
4.0 1.084845e+04 1.089777e+04 1.091160e+04 1.086229e+04
5.0 1.087520e+04 1.089328e+04 1.090828e+04 1.089020e+04
6.0 1.091001e+04 1.091421e+04 1.090180e+04 1.089759e+04
7.0 1.090365e+04 1.089938e+04 1.089735e+04 1.090162e+04
8.0 1.087976e+04 1.088374e+04 1.089479e+04 1.089082e+04
9.0 1.083851e+04 1.088092e+04 1.089357e+04 1.085116e+04
10.0 1.088943e+04 1.089300e+04 1.089328e+04 1.088970e+04
11.0 1.093769e+04 1.089586e+04 1.089349e+04 1.093531e+04
12.0 1.088144e+04 1.089023e+04 1.089383e+04 1.088504e+04
13.0 1.094107e+04 1.092866e+04 1.089411e+04 1.090652e+04
14.0 1.093631e+04 1.090366e+04 1.089429e+04 1.092694e+04
15.0 1.094130e+04 1.090976e+04 1.089439e+04 1.092594e+04
16.0 1.091752e+04 1.089150e+04 1.089445e+04 1.092047e+04
17.0 1.087999e+04 1.087887e+04 1.089449e+04 1.089561e+04
18.0 1.084916e+04 1.086608e+04 1.089451e+04 1.087759e+04
0.6 1.096127e+04 1.097976e+04 1.088430e+04 1.086581e+04
1.6 1.093553e+04 1.093751e+04 1.087398e+04 1.087200e+04
2.6 1.093337e+04 1.091055e+04 1.088918e+04 1.091200e+04
3.6 1.089604e+04 1.090827e+04 1.090863e+04 1.089641e+04
4.6 1.088372e+04 1.089864e+04 1.090942e+04 1.089450e+04
5.6 1.091060e+04 1.089622e+04 1.090330e+04 1.091768e+04
6.6 1.096928e+04 1.090478e+04 1.089840e+04 1.096290e+04
7.6 1.096765e+04 1.091348e+04 1.089547e+04 1.094965e+04
8.6 1.093236e+04 1.090366e+04 1.089395e+04 1.092265e+04
9.6 1.089795e+04 1.089137e+04 1.089341e+04 1.089999e+04
10.6 1.089401e+04 1.091197e+04 1.089348e+04 1.087553e+04
11.6 1.090653e+04 1.091899e+04 1.089377e+04 1.088132e+04
12.6 1.088370e+04 1.093818e+04 1.089405e+04 1.083958e+04
13.6 1.090227e+04 1.093845e+04 1.089425e+04 1.085807e+04
14.6 1.093355e+04 1.092884e+04 1.089436e+04 1.089907e+04
15.6 1.094350e+04 1.092607e+04 1.089442e+04 1.091184e+04
16.6 1.089643e+04 1.090091e+04 1.089445e+04 1.088998e+04
17.6 1.089851e+04 1.089031e+04 1.089447e+04 1.090267e+04
0.1 1.089186e+04 1.087492e+04 1.089129e+04 1.090823e+04
1.1 1.093461e+04 1.089393e+04 1.087674e+04 1.091742e+04
2.1 1.090807e+04 1.090017e+04 1.087855e+04 1.088644e+04
3.1 1.089042e+04 1.092251e+04 1.090163e+04 1.086953e+04
4.1 1.085695e+04 1.090403e+04 1.091085e+04 1.086377e+04
5.1 1.087209e+04 1.087090e+04 1.090631e+04 1.090750e+04
6.1 1.087088e+04 1.089715e+04 1.090048e+04 1.087421e+04
7.1 1.088851e+04 1.088594e+04 1.089668e+04 1.089925e+04
8.1 1.093386e+04 1.093053e+04 1.089453e+04 1.089785e+04
9.1 1.096655e+04 1.094240e+04 1.089356e+04 1.091771e+04
10.1 1.095383e+04 1.091787e+04 1.089340e+04 1.092935e+04
11.1 1.096874e+04 1.093136e+04 1.089363e+04 1.093101e+04
12.1 1.095587e+04 1.094764e+04 1.089394e+04 1.090217e+04
13.1 1.095212e+04 1.096199e+04 1.089418e+04 1.088430e+04
14.1 1.097016e+04 1.094820e+04 1.089433e+04 1.091629e+04
15.1 1.097329e+04 1.093787e+04 1.089441e+04 1.092983e+04
16.1 1.095105e+04 1.094528e+04 1.089445e+04 1.090022e+04
17.1 1.091589e+04 1.090871e+04 1.089448e+04 1.090166e+04
1.0 1.092893e+04 1.089549e+04 1.087788e+04 1.091133e+04
2.0 1.086569e+04 1.088473e+04 1.087516e+04 1.085613e+04
3.0 1.088180e+04 1.091909e+04 1.089859e+04 1.086130e+04
4.0 1.092078e+04 1.091206e+04 1.091200e+04 1.092072e+04
5.0 1.090199e+04 1.089064e+04 1.090844e+04 1.091979e+04
6.0 1.095310e+04 1.090524e+04 1.090197e+04 1.094983e+04
7.0 1.093382e+04 1.089067e+04 1.089757e+04 1.094071e+04
8.0 1.084526e+04 1.090346e+04 1.089503e+04 1.083683e+04
9.0 1.088520e+04 1.091589e+04 1.089383e+04 1.086314e+04
10.0 1.091467e+04 1.089518e+04 1.089355e+04 1.091304e+04
11.0 1.092617e+04 1.088521e+04 1.089375e+04 1.093471e+04
12.0 1.088717e+04 1.088311e+04 1.089408e+04 1.089814e+04
13.0 1.086662e+04 1.087017e+04 1.089433e+04 1.089078e+04
14.0 1.090263e+04 1.088541e+04 1.088748e+04 1.090470e+04
15.0 1.088799e+04 1.088192e+04 1.087457e+04 1.088064e+04
0.4 1.090263e+04 1.088541e+04 1.088748e+04 1.090470e+04
1.4 1.088799e+04 1.088192e+04 1.087457e+04 1.088064e+04
