0.000212948  -0.000331598  0.000500817  -1.15546e-05  -1.12119e-05  -0.0494342  
-0.000478367  -0.000409555  0.000428836  -0.0179323  0.0763676  -0.00714697  
8.88074e-05  -5.23104e-05  0.000736707  3.36188e-05  -0.0529699  -0.0425973  
-0.000691833  -0.000292096  0.00043509  0.0106265  0.0591156  -0.00588879  
-9.60641e-05  -0.000234384  0.000736707  -0.00219005  -0.0372879  -0.0390752  
-0.000294446  -0.000546105  0.000736707  0.00604244  0.0332084  -0.0338354  
-0.000448485  -0.000234384  0.000736707  0.0124679  0.0383278  -0.0131767  
7.63675e-05  -0.000459067  0.000736707  0.0154469  -0.0234341  -0.0338437  
-0.00041238  -0.000638551  0.000478281  -1.73377e-05  0.0542286  -0.0120956  
0.000175692  -0.000653834  0.000289195  0.0277988  -0.0699968  -0.0583257  
-0.000385748  -0.00073246  0.000195037  1.57729e-05  0.0525601  -0.0110341  
0.000276996  -0.00069811  0.000289195  -2.47089e-05  -0.0850542  -0.105694  
-0.000343949  -0.00077225  -0.00014636  0.0372984  0.0318902  -0.0873255  
0.000397806  -0.00104158  -0.00014636  -0.0310128  -0.0379338  -0.0945203  
-0.000342125  -0.000872518  -0.00014636  -0.0172641  0.0351975  -0.0567067  
7.2107e-05  -0.000981351  3.83936e-05  -0.0310151  -0.0365133  -0.0970637  
-0.000542981  -0.000872518  -0.00014636  -0.00467015  0.0229806  -0.0500667  
0.00017765  -0.000872518  0.000446541  -0.0448366  -0.0387489  -0.0629347  
-0.000320418  -0.000872518  8.0709e-05  0.0223013  0.0696635  -0.0293488  
0.000263382  -0.000582645  0.000339677  -0.00915723  -0.0524707  -0.0526545  
-0.000327017  -0.000670094  0.000311879  -0.00141613  0.063722  -0.0146717  
0.000324186  -0.000684752  0.000261488  0.00614539  -0.0675706  -0.086641  
-0.000165119  -0.000882236  -0.00014636  -0.00696931  0.0414889  -0.0380155  
0.000363776  -0.000911257  0.00028556  -0.0231959  -0.0418636  -0.086719  
-0.000242914  -0.000734243  0.000193248  0.00319699  0.0316084  -0.0051731  
0.000150561  -0.000611311  0.000228583  -0.012074  -0.0398372  -0.0527249  
-0.000242914  -0.000697231  4.15624e-05  0.00520686  0.0248477  -0.0182859  
0.000183324  -0.000684472  0.000276944  -0.0258215  -0.0458974  -0.074429  
8.45443e-06  -0.00073529  0.000331679  0.0183097  0.0215823  -0.0503635  
0.000879872  -0.000351241  0.000455735  -0.00937136  -0.0385106  -0.136163  
0.000204444  -0.000320594  0.000461346  -0.0238665  0.069107  -0.0895416  
-3.48713e-05  -0.000329022  0.000294835  0.0116133  -0.023116  -0.0599628  
0.000378286  -0.000480434  3.52289e-05  0.00122206  -0.0304263  -0.0859711  
0.000370695  -0.000366172  0.000105451  -0.0255834  0.0319407  -0.0685166  
-8.9944e-05  -0.000248148  0.000212412  -0.00930955  0.037183  -0.0115076  
0.00062525  -0.000258418  0.000294835  -0.00931944  -0.0340278  -0.036558  
-0.000210403  -0.000139865  0.00020767  -0.00931153  0.0739718  -0.00509745  
0.000261815  -0.00026586  0.000221362  0.0107644  -0.0738078  -0.0180148  
-0.000334186  -0.000197185  0.000294835  0.00487923  0.0640933  0.0147237  
0.000696075  7.12569e-05  0.000294835  -0.00930081  -0.0634727  -0.025987  
-0.00012709  4.55442e-06  0.000294836  -0.000184614  0.0679609  0.00493159  
0.000178135  7.12569e-05  0.000294836  0.00213992  -0.0656733  -0.0547233  
-0.000878989  7.12569e-05  0.000294836  0.0161148  0.0463386  -0.0154392  
4.84346e-05  -0.000145  0.000294836  0.00369973  -0.0626642  -0.00496757  
-0.0005458  -0.000328667  0.000294836  -0.00930992  0.0535841  0.00218879  
0.000310113  -0.000198012  0.000294836  0.00435337  -0.0499136  -0.0502709  
-0.000415826  -0.000287675  0.000294836  -0.00931524  0.0452788  -0.0247359  
0.000244138  -3.4091e-05  0.000453746  -0.00931682  -0.0435523  -0.0724432  
-0.000633828  -0.000118551  0.000294836  0.000979408  0.0868214  -0.0156229  
0.000206383  -4.54953e-05  0.000388544  0.000244347  -0.0374949  -0.0282369  
-0.000355913  -7.52991e-05  0.000294836  -0.00930176  0.0998444  0.0124746  
0.000159593  7.12569e-05  0.000359015  0.0282277  -0.0463364  0.0153  
6.85915e-05  -0.000226725  0.000294836  0.0107688  0.046759  0.0752137  
0.000446782  -5.79242e-05  0.000294836  -0.0328187  -0.0298414  0.0495194  
-0.000231877  0.000130001  0.000294836  0.0201234  0.0214487  0.0678588  
0.000394315  -6.83586e-05  0.000294836  0.0124564  -0.0450429  0.0453637  
-0.000177707  -6.83586e-05  0.000215069  0.0201126  0.0582657  0.0861338  
0.000722019  0.000188542  0.000714378  -0.00882243  -0.0690622  0.0238975  
-2.07513e-05  6.68303e-05  0.000294836  0.00787218  0.0610236  0.0778416  
0.000697352  1.22979e-05  0.000727618  -0.0120851  -0.0496625  0.0239796  
-9.83028e-05  -6.83586e-05  0.000537002  0.0147343  0.0493505  0.0754025  
0.000568832  -6.83586e-05  0.000513893  -0.0120627  -0.0358067  0.0394706  
0.00023423  0.000132694  0.000701713  0.00133517  0.047514  0.0692254  
0.000181825  0.000203579  0.000461351  0.00299013  0.0158388  0.0661122  
0.000108939  0.000129369  0.000682677  0.00642766  0.010314  0.077909  
0.000309317  0.000129369  0.000294836  0.00614985  0.0330819  0.0778822  
0.000558592  0.000129369  0.00019367  0.0125639  -0.023444  0.0544928  
0.000306703  -3.99137e-05  0.000294836  -0.0120548  0.0476346  0.0607681  
0.000589274  -9.10121e-05  0.000294836  0.00796559  -0.0436695  0.0611893  
-0.000115364  -0.000117004  0.000139212  -0.0120415  0.0454878  0.0893825  
0.000735373  -0.000150627  0.000294836  -0.012039  -0.0588219  0.0580016  
-0.00016708  2.03641e-05  7.21666e-05  0.00170807  0.052718  0.0759581  
0.000680599  -8.24581e-06  0.000294836  0.00418895  -0.0723107  0.0389205  
-0.000134885  -0.000104787  0.000164439  0.00270843  0.062358  0.0514419  
0.000630366  0.000133944  0.000294837  -0.0120786  -0.0617181  0.01166  
5.51905e-05  0.000133944  8.18343e-05  0.00961323  0.0446726  0.0428163  
0.000340663  -0.000187662  8.77566e-05  -0.0316864  -0.0095888  0.0166325  
5.99457e-05  -0.000404111  0.000294837  -0.0317508  0.0278774  -0.0725891  
0.000296415  0.000133944  0.000294837  -0.0121324  -0.00610672  -0.0413535  
0.000678937  0.000208102  -8.32643e-05  0.0395399  -0.00611832  -0.0109704  
0.000654601  0.000123351  -0.000267546  -0.00315211  0.00367865  -0.042803  
0.000607569  -0.000132702  -0.000267546  -0.00314948  -0.00613129  -0.0249217  
0.00053562  -0.000175149  -0.000611423  -0.00314364  0.010814  -0.0249224  
0.000995165  -3.9683e-05  -0.000267546  -0.0125306  -0.0271193  -0.0196044  
0.000921446  0.000132152  -0.000267546  -0.020609  -0.00610786  -0.00420996  
0.000538755  4.54922e-05  -0.000267546  0.00313805  0.00178987  0.0328657  
0.00107147  0.000313593  -0.000267546  -0.0206053  -0.0236975  0.00487612  
0.000827613  0.000313593  -0.000267546  0.00241989  -0.00612425  -0.0438448  
0.000800319  6.33362e-05  -0.000145355  -0.0206177  -0.00612385  -0.024346  
3.3977e-06  0.000143563  -1.4377e-05  -0.000366569  -0.00612502  0.000566648  
0.00038535  0.000228859  0.000144363  -0.0342607  0.00777963  0.0156672  
0.000274127  0.000192939  0.000143877  -0.00642335  -0.00614326  0.0228522  
6.15891e-05  0.000455136  0.000197056  -0.0075657  0.0375723  0.0228818  
0.000669653  0.000153503  3.67184e-05  0.00712964  -0.0183167  0.00841647  
0.000142537  0.000162838  -6.40806e-05  -0.0205712  0.0669884  0.0184618  
0.000714858  5.79932e-05  2.4061e-05  0.00450898  -0.0338  0.0024161  
0.000201698  9.73774e-05  -7.70782e-05  0.0074494  0.0697709  0.0307609  
0.000651508  -6.13059e-05  -0.00014294  0.00256638  -0.0512101  0.03212  
3.03405e-05  -0.000292367  -0.000267546  -0.037143  0.0591393  0.075013  
0.000569298  -6.13059e-05  -0.000367666  0.0151591  -0.0470753  0.058457  
-0.000194564  -0.000318005  -0.000381239  -0.0172238  0.0607008  0.0738879  
0.000514273  -0.000314323  -0.000407055  0.0101981  -0.0424512  0.0285704  
0.000273814  -0.000447793  -0.00062625  -0.0113241  0.0266171  0.0518814  
0.000426246  -0.00049235  -0.000702584  -0.0144715  -0.0177612  0.0548247  
0.00037474  -0.000331102  -0.000692079  -0.0275788  -0.0016203  0.0348111  
2.02422e-05  -0.000469996  -0.000772228  -0.0064722  0.00396985  0.0486869  
0.00037474  -0.0003658  -0.00108513  -0.0275764  0.0181176  0.0523747  
-0.000288549  -0.000360209  -0.00111944  -0.008946  0.00912255  0.103368  
0.000323963  -0.000164091  -0.000692078  -0.0442024  -0.0152923  0.0669148  
2.8566e-05  -0.000310534  -0.000692079  -0.0083394  0.0253916  0.10261  
0.000217894  -0.000497196  -0.000692079  -0.0145007  -0.00890657  0.0926844  
3.04143e-05  -0.000764355  -0.00109003  0.029654  -0.0408978  0.0777522  
0.000848486  -0.000129188  -0.000692079  -0.0850397  -0.121907  0.0214332  
-0.000648975  -0.00018269  -0.000905122  -0.058262  0.181189  0.042551  
-0.00103216  -0.00010992  -0.000912491  -0.005512  -0.031245  0.0858679  
-0.000499835  0.000284354  -0.00110181  -0.00977357  -0.0312127  0.0856143  
-0.000808157  -0.000163994  -0.00100697  -0.0200481  0.0264124  0.0997136  
-0.000897906  -6.18607e-05  -0.0011742  -0.00973111  -0.00327375  0.171772  
0.000168476  -0.000132425  -0.000692079  -0.0456899  -0.0153242  0.152265  
-0.000487186  0.000363799  -0.000692079  -0.0119757  0.0696923  0.176766  
0.000615201  0.000532008  -0.00074388  -0.0169959  -0.0315332  0.146167  
2.66171e-05  0.000284354  -0.000692079  -0.0216114  0.0642551  0.154777  
0.000640144  0.000284354  -0.00103552  -0.00421804  -0.023796  0.154798  
6.74005e-05  0.000284354  -0.00108328  -0.0118373  0.0465735  0.173633  
0.0010869  -0.00015516  0.000813619  0.0229922  -0.0399889  -0.170488  
0.000315971  2.83722e-05  0.000888005  -0.00709661  0.0268972  -0.0604185  
0.00118851  0.000389772  0.00108829  0.0311743  -0.0818941  -0.100937  
0.000493439  2.27752e-05  0.000749103  0.0204329  0.0436297  -0.058911  
0.0012304  -0.000202186  0.000749103  0.0158288  -0.0694873  -0.115226  
0.000446344  -6.94865e-05  0.000749103  -0.00713943  0.0367185  -0.0815375  
0.00166885  0.000389772  0.000815754  0.00270195  -0.0720697  -0.152001  
0.000777194  -0.000159983  0.000749103  0.016248  0.0453984  -0.086776  
0.00120191  -9.11504e-05  0.000749103  0.0169142  -0.0776651  -0.124935  
0.000693737  -0.000205808  0.000643161  0.0146319  0.0237037  -0.106874  
0.00149676  5.107e-05  0.00103819  0.00123078  -0.0566923  -0.17297  
0.000566227  -9.3625e-05  0.000691753  0.0115437  0.0208409  -0.123205  
0.00136191  0.000204765  0.000868672  0.00845306  -0.0156644  -0.12936  
0.000878712  -0.000262753  0.000749104  0.00995228  0.0226446  -0.0911247  
0.00107541  -5.75476e-05  0.000749104  -0.00707969  -0.0178537  -0.100645  
0.00117391  -0.000134538  0.000749104  0.00984548  -0.00612269  -0.1122  
0.000725792  -0.000127362  0.000879596  -0.00708173  0.0244842  -0.0951085  
0.00145376  -7.34307e-06  0.000999104  0.0192132  -0.0570761  -0.134118  
0.00050156  -0.000205174  0.000999104  0.00975387  0.0252797  -0.0775967  
0.00140448  -7.34307e-06  0.000876872  0.0238567  -0.0763428  -0.116428  
0.000649372  -7.34307e-06  0.000749104  0.0229188  0.0126749  -0.0702909  
0.00135956  0.000322347  0.00119591  -0.00708102  -0.0771301  -0.111347  
0.000752009  -2.10968e-06  0.00120144  0.0391815  0.0362079  -0.0854732  
0.0012642  4.87988e-05  0.00128666  0.00787517  -0.0680698  -0.112442  
0.000366507  -0.000365459  0.00110555  -0.00113378  0.0410272  -0.108446  
-0.000277542  -0.000756253  0.000847884  -0.0172759  -0.00578778  -0.147109  
0.000764244  -0.000598961  0.000655745  0.0186769  -0.00591952  -0.138826  
0.00146326  0.000451812  0.000579505  0.0599102  -0.0410282  -0.117096  
0.00131451  0.000397122  0.00087682  0.0098581  -0.0132583  -0.160399  
0.00278542  0.000397122  0.000927399  0.0282539  -0.0878716  -0.195983  
-0.00153401  -0.00101071  0.000579505  -0.0162048  0.0700288  0.0305063  
0.00168128  0.000256182  0.000579505  0.0145573  -0.0420741  -0.120955  
0.00106749  -0.000564065  -2.44908e-05  0.0434644  0.00585897  -0.0645679  
0.00168719  -0.000769914  0.000114116  -0.0222091  -0.0875245  -0.122844  
0.000859038  -0.000692819  0.000114116  0.0215047  0.0226702  -0.0930628  
0.000494741  -0.00042933  -0.000403622  -0.0139001  -0.0843076  -0.19953  
2.42004e-05  -0.00038329  -0.000356917  -0.00136748  0.036221  -0.126549  
0.000930435  -0.000320435  -0.000328182  -0.0205281  -0.0837729  -0.165303  
0.000234158  -4.14164e-05  -0.000395261  -0.0204967  0.05118  -0.124776  
0.000405273  -9.61204e-05  -9.80267e-05  -0.0346094  -0.0613803  -0.137411  
0.000108222  0.00028825  -0.000305889  0.00471258  0.0437341  -0.102362  
0.000666265  5.14981e-05  -0.000305889  0.000459296  -0.0481208  -0.0997047  
0.000431906  -0.000102263  -0.000305889  -0.0205254  0.0315854  -0.102497  
0.000681295  -0.000162643  -0.000305889  0.0082522  -0.0439888  -0.118141  
0.000529818  -0.000385936  -0.000305889  -0.0205241  0.0307972  -0.0824756  
0.000841426  -0.000591145  -0.000471444  0.017047  -0.0720348  -0.125051  
0.000670311  -0.000454208  -0.00068731  -0.0312461  0.0156553  -0.0911635  
0.000553972  -0.000354544  -0.000305889  -0.0205039  -0.041817  -0.0771447  
7.71267e-05  -7.82502e-05  -0.000305889  0.000326716  0.0335109  -0.067509  
0.00119766  5.8615e-05  -0.000305889  -0.020483  -0.0686534  -0.0853198  
0.000389797  -0.000225279  -0.000500592  -0.0113827  0.0441857  -0.0557209  
0.00103735  5.8615e-05  -0.000305889  -0.020483  -0.0765848  -0.0836523  
0.000205409  5.8615e-05  -0.000305889  -0.020483  0.0506484  -0.0555856  
0.00117975  5.8615e-05  -0.000305889  0.00754415  -0.0833076  -0.108602  
0.000423737  -0.000168546  -0.000257503  -0.02205  0.0589938  -0.063765  
