0.7 1.101595e+04 1.087928e+04 1.078607e+04 1.092273e+04
1.7 1.075294e+04 1.080998e+04 1.080063e+04 1.074359e+04
2.7 1.071840e+04 1.072902e+04 1.081005e+04 1.079943e+04
3.7 1.051093e+04 1.076660e+04 1.080563e+04 1.054997e+04
4.7 1.080146e+04 1.089297e+04 1.079987e+04 1.070836e+04
5.7 1.080322e+04 1.085803e+04 1.080186e+04 1.074704e+04
6.7 1.071057e+04 1.076142e+04 1.080351e+04 1.075266e+04
7.7 1.079203e+04 1.069611e+04 1.080505e+04 1.090097e+04
8.7 1.086227e+04 1.066358e+04 1.078256e+04 1.098124e+04
9.7 1.081101e+04 1.064854e+04 1.074013e+04 1.090259e+04
10.7 1.051982e+04 1.073686e+04 1.071875e+04 1.050170e+04
11.7 1.081609e+04 1.084443e+04 1.070865e+04 1.068031e+04
12.7 1.077401e+04 1.081303e+04 1.068256e+04 1.064354e+04
13.7 1.081844e+04 1.061408e+04 1.066748e+04 1.087185e+04
14.7 1.076950e+04 1.063703e+04 1.071032e+04 1.084279e+04
15.7 1.115488e+04 1.083199e+04 1.075756e+04 1.108045e+04
16.7 1.093840e+04 1.094662e+04 1.078650e+04 1.077827e+04
17.7 1.078613e+04 1.091431e+04 1.081427e+04 1.068609e+04
0.9 1.080146e+04 1.089297e+04 1.079987e+04 1.070836e+04
1.9 1.080322e+04 1.085803e+04 1.080186e+04 1.074704e+04
2.9 1.071057e+04 1.076142e+04 1.080351e+04 1.075266e+04
3.9 1.079203e+04 1.069611e+04 1.080505e+04 1.090097e+04
4.9 1.086227e+04 1.066358e+04 1.078256e+04 1.098124e+04
5.9 1.081101e+04 1.064854e+04 1.074013e+04 1.090259e+04
6.9 1.051982e+04 1.073686e+04 1.071875e+04 1.050170e+04
7.9 1.081609e+04 1.084443e+04 1.070865e+04 1.068031e+04
8.9 1.077401e+04 1.081303e+04 1.068256e+04 1.064354e+04
9.9 1.081844e+04 1.061408e+04 1.066748e+04 1.087185e+04
10.9 1.076950e+04 1.063703e+04 1.071032e+04 1.084279e+04
11.9 1.115488e+04 1.083199e+04 1.075756e+04 1.108045e+04
12.9 1.093840e+04 1.094662e+04 1.078650e+04 1.077827e+04
13.9 1.078613e+04 1.091431e+04 1.081427e+04 1.068609e+04
14.9 1.089029e+04 1.089250e+04 1.083586e+04 1.083364e+04
15.9 1.075373e+04 1.089144e+04 1.086618e+04 1.072847e+04
16.9 1.100219e+04 1.089815e+04 1.086763e+04 1.097166e+04
17.9 1.054216e+04 1.083974e+04 1.082899e+04 1.053141e+04
0.3 1.080322e+04 1.085803e+04 1.080186e+04 1.074704e+04
1.3 1.071057e+04 1.076142e+04 1.080351e+04 1.075266e+04
2.3 1.079203e+04 1.069611e+04 1.080505e+04 1.090097e+04
3.3 1.086227e+04 1.066358e+04 1.078256e+04 1.098124e+04
4.3 1.081101e+04 1.064854e+04 1.074013e+04 1.090259e+04
5.3 1.051982e+04 1.073686e+04 1.071875e+04 1.050170e+04
6.3 1.081609e+04 1.084443e+04 1.070865e+04 1.068031e+04
7.3 1.077401e+04 1.081303e+04 1.068256e+04 1.064354e+04
8.3 1.081844e+04 1.061408e+04 1.066748e+04 1.087185e+04
9.3 1.076950e+04 1.063703e+04 1.071032e+04 1.084279e+04
10.3 1.115488e+04 1.083199e+04 1.075756e+04 1.108045e+04
11.3 1.093840e+04 1.094662e+04 1.078650e+04 1.077827e+04
12.3 1.078613e+04 1.091431e+04 1.081427e+04 1.068609e+04
13.3 1.089029e+04 1.089250e+04 1.083586e+04 1.083364e+04
14.3 1.075373e+04 1.089144e+04 1.086618e+04 1.072847e+04
15.3 1.100219e+04 1.089815e+04 1.086763e+04 1.097166e+04
16.3 1.054216e+04 1.083974e+04 1.082899e+04 1.053141e+04
17.3 1.084848e+04 1.071830e+04 1.078794e+04 1.091811e+04
1.0 1.079203e+04 1.069611e+04 1.080505e+04 1.090097e+04
2.0 1.086227e+04 1.066358e+04 1.078256e+04 1.098124e+04
3.0 1.081101e+04 1.064854e+04 1.074013e+04 1.090259e+04
4.0 1.051982e+04 1.073686e+04 1.071875e+04 1.050170e+04
5.0 1.081609e+04 1.084443e+04 1.070865e+04 1.068031e+04
6.0 1.077401e+04 1.081303e+04 1.068256e+04 1.064354e+04
7.0 1.081844e+04 1.061408e+04 1.066748e+04 1.087185e+04
8.0 1.076950e+04 1.063703e+04 1.071032e+04 1.084279e+04
9.0 1.115488e+04 1.083199e+04 1.075756e+04 1.108045e+04
10.0 1.093840e+04 1.094662e+04 1.078650e+04 1.077827e+04
11.0 1.078613e+04 1.091431e+04 1.081427e+04 1.068609e+04
12.0 1.089029e+04 1.089250e+04 1.083586e+04 1.083364e+04
13.0 1.075373e+04 1.089144e+04 1.086618e+04 1.072847e+04
14.0 1.100219e+04 1.089815e+04 1.086763e+04 1.097166e+04
15.0 1.054216e+04 1.083974e+04 1.082899e+04 1.053141e+04
16.0 1.084848e+04 1.071830e+04 1.078794e+04 1.091811e+04
17.0 1.078167e+04 1.083700e+04 1.077002e+04 1.071469e+04
18.0 1.086444e+04 1.084817e+04 1.076563e+04 1.078190e+04
0.1 1.086227e+04 1.066358e+04 1.078256e+04 1.098124e+04
1.1 1.081101e+04 1.064854e+04 1.074013e+04 1.090259e+04
2.1 1.051982e+04 1.073686e+04 1.071875e+04 1.050170e+04
3.1 1.081609e+04 1.084443e+04 1.070865e+04 1.068031e+04
4.1 1.077401e+04 1.081303e+04 1.068256e+04 1.064354e+04
5.1 1.081844e+04 1.061408e+04 1.066748e+04 1.087185e+04
6.1 1.076950e+04 1.063703e+04 1.071032e+04 1.084279e+04
7.1 1.115488e+04 1.083199e+04 1.075756e+04 1.108045e+04
8.1 1.093840e+04 1.094662e+04 1.078650e+04 1.077827e+04
9.1 1.078613e+04 1.091431e+04 1.081427e+04 1.068609e+04
10.1 1.089029e+04 1.089250e+04 1.083586e+04 1.083364e+04
11.1 1.075373e+04 1.089144e+04 1.086618e+04 1.072847e+04
12.1 1.100219e+04 1.089815e+04 1.086763e+04 1.097166e+04
13.1 1.054216e+04 1.083974e+04 1.082899e+04 1.053141e+04
14.1 1.084848e+04 1.071830e+04 1.078794e+04 1.091811e+04
15.1 1.078167e+04 1.083700e+04 1.077002e+04 1.071469e+04
16.1 1.086444e+04 1.084817e+04 1.076563e+04 1.078190e+04
17.1 1.057231e+04 1.087154e+04 1.076877e+04 1.046954e+04
0.4 1.051982e+04 1.073686e+04 1.071875e+04 1.050170e+04
1.4 1.081609e+04 1.084443e+04 1.070865e+04 1.068031e+04
2.4 1.077401e+04 1.081303e+04 1.068256e+04 1.064354e+04
3.4 1.081844e+04 1.061408e+04 1.066748e+04 1.087185e+04
4.4 1.076950e+04 1.063703e+04 1.071032e+04 1.084279e+04
5.4 1.115488e+04 1.083199e+04 1.075756e+04 1.108045e+04
6.4 1.093840e+04 1.094662e+04 1.078650e+04 1.077827e+04
7.3 1.078613e+04 1.091431e+04 1.081427e+04 1.068609e+04
8.3 1.089029e+04 1.089250e+04 1.083586e+04 1.083364e+04
9.3 1.075373e+04 1.089144e+04 1.086618e+04 1.072847e+04
10.3 1.100219e+04 1.089815e+04 1.086763e+04 1.097166e+04
11.3 1.054216e+04 1.083974e+04 1.082899e+04 1.053141e+04
12.3 1.084848e+04 1.071830e+04 1.078794e+04 1.091811e+04
13.3 1.078167e+04 1.083700e+04 1.077002e+04 1.071469e+04
14.3 1.086444e+04 1.084817e+04 1.076563e+04 1.078190e+04
15.3 1.057231e+04 1.087154e+04 1.076877e+04 1.046954e+04
16.3 1.064902e+04 1.082648e+04 1.077905e+04 1.060160e+04
17.3 1.091843e+04 1.076467e+04 1.078872e+04 1.094248e+04
1.0 1.093840e+04 1.094662e+04 1.078650e+04 1.077827e+04
2.0 1.078613e+04 1.091431e+04 1.081427e+04 1.068609e+04
3.0 1.089029e+04 1.089250e+04 1.083586e+04 1.083364e+04
4.0 1.075373e+04 1.089144e+04 1.086618e+04 1.072847e+04
5.0 1.100219e+04 1.089815e+04 1.086763e+04 1.097166e+04
6.0 1.054216e+04 1.083974e+04 1.082899e+04 1.053141e+04
7.0 1.084848e+04 1.071830e+04 1.078794e+04 1.091811e+04
8.0 1.078167e+04 1.083700e+04 1.077002e+04 1.071469e+04
9.0 1.086444e+04 1.084817e+04 1.076563e+04 1.078190e+04
10.0 1.057231e+04 1.087154e+04 1.076877e+04 1.046954e+04
11.0 1.064902e+04 1.082648e+04 1.077905e+04 1.060160e+04
12.0 1.091843e+04 1.076467e+04 1.078872e+04 1.094248e+04
13.0 1.046569e+04 1.081374e+04 1.080690e+04 1.045886e+04
14.0 1.079403e+04 1.077101e+04 1.079934e+04 1.082236e+04
15.0 1.060370e+04 1.070505e+04 1.076598e+04 1.066463e+04
16.0 1.085792e+04 1.073589e+04 1.075490e+04 1.087692e+04
17.0 1.104262e+04 1.084004e+04 1.075986e+04 1.096244e+04
18.0 1.075920e+04 1.092410e+04 1.078867e+04 1.062377e+04
0.5 1.078613e+04 1.091431e+04 1.081427e+04 1.068609e+04
1.5 1.089029e+04 1.089250e+04 1.083586e+04 1.083364e+04
2.5 1.075373e+04 1.089144e+04 1.086618e+04 1.072847e+04
3.5 1.100219e+04 1.089815e+04 1.086763e+04 1.097166e+04
4.5 1.054216e+04 1.083974e+04 1.082899e+04 1.053141e+04
5.5 1.084848e+04 1.071830e+04 1.078794e+04 1.091811e+04
6.5 1.078167e+04 1.083700e+04 1.077002e+04 1.071469e+04
7.5 1.086444e+04 1.084817e+04 1.076563e+04 1.078190e+04
8.5 1.057231e+04 1.087154e+04 1.076877e+04 1.046954e+04
9.5 1.064902e+04 1.082648e+04 1.077905e+04 1.060160e+04
10.5 1.091843e+04 1.076467e+04 1.078872e+04 1.094248e+04
11.5 1.046569e+04 1.081374e+04 1.080690e+04 1.045886e+04
12.5 1.079403e+04 1.077101e+04 1.079934e+04 1.082236e+04
13.5 1.060370e+04 1.070505e+04 1.076598e+04 1.066463e+04
14.5 1.085792e+04 1.073589e+04 1.075490e+04 1.087692e+04
15.5 1.104262e+04 1.084004e+04 1.075986e+04 1.096244e+04
16.5 1.075920e+04 1.092410e+04 1.078867e+04 1.062377e+04
17.5 1.065638e+04 1.090257e+04 1.083912e+04 1.059293e+04
0.7 1.089029e+04 1.089250e+04 1.083586e+04 1.083364e+04
1.7 1.075373e+04 1.089144e+04 1.086618e+04 1.072847e+04
2.7 1.100219e+04 1.089815e+04 1.086763e+04 1.097166e+04
3.7 1.054216e+04 1.083974e+04 1.082899e+04 1.053141e+04
4.7 1.084848e+04 1.071830e+04 1.078794e+04 1.091811e+04
5.7 1.078167e+04 1.083700e+04 1.077002e+04 1.071469e+04
6.7 1.086444e+04 1.084817e+04 1.076563e+04 1.078190e+04
7.7 1.057231e+04 1.087154e+04 1.076877e+04 1.046954e+04
8.7 1.064902e+04 1.082648e+04 1.077905e+04 1.060160e+04
9.7 1.091843e+04 1.076467e+04 1.078872e+04 1.094248e+04
10.7 1.046569e+04 1.081374e+04 1.080690e+04 1.045886e+04
11.7 1.079403e+04 1.077101e+04 1.079934e+04 1.082236e+04
12.7 1.060370e+04 1.070505e+04 1.076598e+04 1.066463e+04
13.7 1.085792e+04 1.073589e+04 1.075490e+04 1.087692e+04
14.7 1.104262e+04 1.084004e+04 1.075986e+04 1.096244e+04
15.7 1.075920e+04 1.092410e+04 1.078867e+04 1.062377e+04
16.7 1.065638e+04 1.090257e+04 1.083912e+04 1.059293e+04
17.7 1.095007e+04 1.081543e+04 1.086329e+04 1.099793e+04
0.1 1.075373e+04 1.089144e+04 1.086618e+04 1.072847e+04
1.1 1.100219e+04 1.089815e+04 1.086763e+04 1.097166e+04
2.1 1.054216e+04 1.083974e+04 1.082899e+04 1.053141e+04
3.1 1.084848e+04 1.071830e+04 1.078794e+04 1.091811e+04
4.1 1.078167e+04 1.083700e+04 1.077002e+04 1.071469e+04
5.1 1.086444e+04 1.084817e+04 1.076563e+04 1.078190e+04
6.1 1.057231e+04 1.087154e+04 1.076877e+04 1.046954e+04
7.1 1.064902e+04 1.082648e+04 1.077905e+04 1.060160e+04
8.1 1.091843e+04 1.076467e+04 1.078872e+04 1.094248e+04
9.1 1.046569e+04 1.081374e+04 1.080690e+04 1.045886e+04
10.1 1.079403e+04 1.077101e+04 1.079934e+04 1.082236e+04
11.1 1.060370e+04 1.070505e+04 1.076598e+04 1.066463e+04
12.1 1.085792e+04 1.073589e+04 1.075490e+04 1.087692e+04
13.1 1.104262e+04 1.084004e+04 1.075986e+04 1.096244e+04
14.1 1.075920e+04 1.092410e+04 1.078867e+04 1.062377e+04
15.1 1.065638e+04 1.090257e+04 1.083912e+04 1.059293e+04
16.1 1.095007e+04 1.081543e+04 1.086329e+04 1.099793e+04
17.1 1.068327e+04 1.086619e+04 1.084427e+04 1.066135e+04
0.2 1.086444e+04 1.084817e+04 1.076563e+04 1.078190e+04
1.2 1.057231e+04 1.087154e+04 1.076877e+04 1.046954e+04
2.2 1.064902e+04 1.082648e+04 1.077905e+04 1.060160e+04
3.2 1.091843e+04 1.076467e+04 1.078872e+04 1.094248e+04
4.2 1.046569e+04 1.081374e+04 1.080690e+04 1.045886e+04
5.2 1.079403e+04 1.077101e+04 1.079934e+04 1.082236e+04
6.2 1.060370e+04 1.070505e+04 1.076598e+04 1.066463e+04
7.2 1.085792e+04 1.073589e+04 1.075490e+04 1.087692e+04
8.2 1.104262e+04 1.084004e+04 1.075986e+04 1.096244e+04
9.2 1.075920e+04 1.092410e+04 1.078867e+04 1.062377e+04
10.2 1.065638e+04 1.090257e+04 1.083912e+04 1.059293e+04
11.2 1.095007e+04 1.081543e+04 1.086329e+04 1.099793e+04
12.2 1.068327e+04 1.086619e+04 1.084427e+04 1.066135e+04
13.1 1.100102e+04 1.094885e+04 1.080311e+04 1.085528e+04
14.1 1.106483e+04 1.084415e+04 1.075464e+04 1.097532e+04
15.1 1.095971e+04 1.083593e+04 1.074296e+04 1.086675e+04
16.1 1.131794e+04 1.094422e+04 1.075229e+04 1.112602e+04
17.1 1.122316e+04 1.100803e+04 1.076337e+04 1.097849e+04
0.4 1.064902e+04 1.082648e+04 1.077905e+04 1.060160e+04
1.4 1.091843e+04 1.076467e+04 1.078872e+04 1.094248e+04
2.4 1.046569e+04 1.081374e+04 1.080690e+04 1.045886e+04
3.4 1.079403e+04 1.077101e+04 1.079934e+04 1.082236e+04
4.4 1.060370e+04 1.070505e+04 1.076598e+04 1.066463e+04
5.4 1.085792e+04 1.073589e+04 1.075490e+04 1.087692e+04
6.4 1.104262e+04 1.084004e+04 1.075986e+04 1.096244e+04
7.3 1.075920e+04 1.092410e+04 1.078867e+04 1.062377e+04
8.3 1.065638e+04 1.090257e+04 1.083912e+04 1.059293e+04
9.3 1.095007e+04 1.081543e+04 1.086329e+04 1.099793e+04
10.3 1.068327e+04 1.086619e+04 1.084427e+04 1.066135e+04
11.3 1.100102e+04 1.094885e+04 1.080311e+04 1.085528e+04
12.3 1.106483e+04 1.084415e+04 1.075464e+04 1.097532e+04
13.3 1.095971e+04 1.083593e+04 1.074296e+04 1.086675e+04
14.3 1.131794e+04 1.094422e+04 1.075229e+04 1.112602e+04
15.3 1.122316e+04 1.100803e+04 1.076337e+04 1.097849e+04
16.3 1.050689e+04 1.070432e+04 1.077161e+04 1.057417e+04
17.3 1.071286e+04 1.036097e+04 1.077696e+04 1.112885e+04
0.8 1.046569e+04 1.081374e+04 1.080690e+04 1.045886e+04
1.8 1.079403e+04 1.077101e+04 1.079934e+04 1.082236e+04
2.8 1.060370e+04 1.070505e+04 1.076598e+04 1.066463e+04
3.8 1.085792e+04 1.073589e+04 1.075490e+04 1.087692e+04
4.8 1.104262e+04 1.084004e+04 1.075986e+04 1.096244e+04
5.8 1.075920e+04 1.092410e+04 1.078867e+04 1.062377e+04
6.8 1.065638e+04 1.090257e+04 1.083912e+04 1.059293e+04
7.8 1.095007e+04 1.081543e+04 1.086329e+04 1.099793e+04
8.8 1.068327e+04 1.086619e+04 1.084427e+04 1.066135e+04
9.8 1.100102e+04 1.094885e+04 1.080311e+04 1.085528e+04
10.8 1.106483e+04 1.084415e+04 1.075464e+04 1.097532e+04
11.8 1.095971e+04 1.083593e+04 1.074296e+04 1.086675e+04
12.8 1.131794e+04 1.094422e+04 1.075229e+04 1.112602e+04
13.8 1.122316e+04 1.100803e+04 1.076337e+04 1.097849e+04
14.8 1.050689e+04 1.070432e+04 1.077161e+04 1.057417e+04
15.8 1.071286e+04 1.036097e+04 1.077696e+04 1.112885e+04
16.8 9.530472e+03 9.896765e+03 1.077992e+04 1.041362e+04
17.8 1.053702e+04 1.060425e+04 1.078123e+04 1.071400e+04
0.7 1.104262e+04 1.084004e+04 1.075986e+04 1.096244e+04
1.7 1.075920e+04 1.092410e+04 1.078867e+04 1.062377e+04
2.7 1.065638e+04 1.090257e+04 1.083912e+04 1.059293e+04
3.7 1.095007e+04 1.081543e+04 1.086329e+04 1.099793e+04
4.7 1.068327e+04 1.086619e+04 1.084427e+04 1.066135e+04
5.7 1.100102e+04 1.094885e+04 1.080311e+04 1.085528e+04
6.7 1.106483e+04 1.084415e+04 1.075464e+04 1.097532e+04
7.7 1.095971e+04 1.083593e+04 1.074296e+04 1.086675e+04
8.7 1.131794e+04 1.094422e+04 1.075229e+04 1.112602e+04
9.7 1.122316e+04 1.100803e+04 1.076337e+04 1.097849e+04
10.7 1.050689e+04 1.070432e+04 1.077161e+04 1.057417e+04
11.7 1.071286e+04 1.036097e+04 1.077696e+04 1.112885e+04
12.7 9.530472e+03 9.896765e+03 1.077992e+04 1.041362e+04
13.6 1.053702e+04 1.060425e+04 1.078123e+04 1.071400e+04
14.6 1.056107e+04 1.072780e+04 1.078175e+04 1.061502e+04
15.6 1.052544e+04 1.075629e+04 1.078208e+04 1.055123e+04
16.6 1.079195e+04 1.072489e+04 1.078247e+04 1.084953e+04
17.6 1.043555e+04 1.067428e+04 1.078294e+04 1.054421e+04
0.6 1.075920e+04 1.092410e+04 1.078867e+04 1.062377e+04
1.6 1.065638e+04 1.090257e+04 1.083912e+04 1.059293e+04
2.6 1.095007e+04 1.081543e+04 1.086329e+04 1.099793e+04
3.6 1.068327e+04 1.086619e+04 1.084427e+04 1.066135e+04
4.6 1.100102e+04 1.094885e+04 1.080311e+04 1.085528e+04
5.6 1.106483e+04 1.084415e+04 1.075464e+04 1.097532e+04
6.6 1.095971e+04 1.083593e+04 1.074296e+04 1.086675e+04
7.6 1.131794e+04 1.094422e+04 1.075229e+04 1.112602e+04
8.6 1.122316e+04 1.100803e+04 1.076337e+04 1.097849e+04
9.6 1.050689e+04 1.070432e+04 1.077161e+04 1.057417e+04
10.6 1.071286e+04 1.036097e+04 1.077696e+04 1.112885e+04
11.6 9.530472e+03 9.896765e+03 1.077992e+04 1.041362e+04
12.6 1.053702e+04 1.060425e+04 1.078123e+04 1.071400e+04
13.6 1.056107e+04 1.072780e+04 1.078175e+04 1.061502e+04
14.6 1.052544e+04 1.075629e+04 1.078208e+04 1.055123e+04
15.6 1.079195e+04 1.072489e+04 1.078247e+04 1.084953e+04
16.6 1.043555e+04 1.067428e+04 1.078294e+04 1.054421e+04
17.6 1.072872e+04 1.078901e+04 1.078346e+04 1.072318e+04
0.2 1.065638e+04 1.090257e+04 1.083912e+04 1.059293e+04
1.2 1.095007e+04 1.081543e+04 1.086329e+04 1.099793e+04
2.2 1.068327e+04 1.086619e+04 1.084427e+04 1.066135e+04
3.2 1.100102e+04 1.094885e+04 1.080311e+04 1.085528e+04
4.2 1.106483e+04 1.084415e+04 1.075464e+04 1.097532e+04
5.2 1.095971e+04 1.083593e+04 1.074296e+04 1.086675e+04
6.2 1.131794e+04 1.094422e+04 1.075229e+04 1.112602e+04
7.2 1.122316e+04 1.100803e+04 1.076337e+04 1.097849e+04
8.2 1.050689e+04 1.070432e+04 1.077161e+04 1.057417e+04
9.2 1.071286e+04 1.036097e+04 1.077696e+04 1.112885e+04
10.2 9.530472e+03 9.896765e+03 1.077992e+04 1.041362e+04
11.2 1.053702e+04 1.060425e+04 1.078123e+04 1.071400e+04
12.2 1.056107e+04 1.072780e+04 1.078175e+04 1.061502e+04
13.2 1.052544e+04 1.075629e+04 1.078208e+04 1.055123e+04
14.2 1.079195e+04 1.072489e+04 1.078247e+04 1.084953e+04
15.2 1.043555e+04 1.067428e+04 1.078294e+04 1.054421e+04
16.2 1.072872e+04 1.078901e+04 1.078346e+04 1.072318e+04
17.2 1.056050e+04 1.086884e+04 1.078399e+04 1.047565e+04
0.8 1.068327e+04 1.086619e+04 1.084427e+04 1.066135e+04
1.8 1.100102e+04 1.094885e+04 1.080311e+04 1.085528e+04
2.8 1.106483e+04 1.084415e+04 1.075464e+04 1.097532e+04
3.8 1.095971e+04 1.083593e+04 1.074296e+04 1.086675e+04
4.8 1.131794e+04 1.094422e+04 1.075229e+04 1.112602e+04
5.8 1.122316e+04 1.100803e+04 1.076337e+04 1.097849e+04
6.8 1.050689e+04 1.070432e+04 1.077161e+04 1.057417e+04
7.8 1.071286e+04 1.036097e+04 1.077696e+04 1.112885e+04
8.8 9.530472e+03 9.896765e+03 1.077992e+04 1.041362e+04
9.8 1.053702e+04 1.060425e+04 1.078123e+04 1.071400e+04
10.8 1.056107e+04 1.072780e+04 1.078175e+04 1.061502e+04
11.8 1.052544e+04 1.075629e+04 1.078208e+04 1.055123e+04
12.8 1.079195e+04 1.072489e+04 1.078247e+04 1.084953e+04
13.8 1.043555e+04 1.067428e+04 1.078294e+04 1.054421e+04
14.8 1.072872e+04 1.078901e+04 1.078346e+04 1.072318e+04
15.8 1.056050e+04 1.086884e+04 1.078399e+04 1.047565e+04
16.8 1.088597e+04 1.092096e+04 1.078573e+04 1.075074e+04
17.8 1.113037e+04 1.083620e+04 1.077672e+04 1.107089e+04
0.9 1.088597e+04 1.092096e+04 1.078573e+04 1.075074e+04
1.9 1.113037e+04 1.083620e+04 1.077672e+04 1.107089e+04
2.9 1.099615e+04 1.089991e+04 1.075665e+04 1.085289e+04
3.9 1.070493e+04 1.082171e+04 1.073207e+04 1.061529e+04
4.9 1.088568e+04 1.069539e+04 1.071775e+04 1.090805e+04
5.9 1.086109e+04 1.069304e+04 1.074055e+04 1.090860e+04
6.9 1.070291e+04 1.078621e+04 1.076787e+04 1.068457e+04
7.9 1.080394e+04 1.089248e+04 1.078452e+04 1.069598e+04
8.9 1.109817e+04 1.086407e+04 1.079214e+04 1.102624e+04
9.9 1.084927e+04 1.090498e+04 1.079442e+04 1.073871e+04
10.9 1.103099e+04 1.088366e+04 1.079388e+04 1.094121e+04
11.9 1.090526e+04 1.080246e+04 1.079230e+04 1.089510e+04
12.9 1.068699e+04 1.076963e+04 1.079080e+04 1.070816e+04
13.9 1.108657e+04 1.074256e+04 1.078980e+04 1.113380e+04
14.9 1.047991e+04 1.074494e+04 1.078930e+04 1.052428e+04
15.9 1.055118e+04 1.075944e+04 1.078916e+04 1.058090e+04
16.9 1.072221e+04 1.073129e+04 1.078920e+04 1.078012e+04
17.9 1.080194e+04 1.075830e+04 1.078934e+04 1.083298e+04
0.2 1.113037e+04 1.083620e+04 1.077672e+04 1.107089e+04
1.2 1.099615e+04 1.089991e+04 1.075665e+04 1.085289e+04
2.2 1.070493e+04 1.082171e+04 1.073207e+04 1.061529e+04
3.2 1.088568e+04 1.069539e+04 1.071775e+04 1.090805e+04
4.2 1.086109e+04 1.069304e+04 1.074055e+04 1.090860e+04
5.2 1.070291e+04 1.078621e+04 1.076787e+04 1.068457e+04
6.2 1.080394e+04 1.089248e+04 1.078452e+04 1.069598e+04
7.2 1.109817e+04 1.086407e+04 1.079214e+04 1.102624e+04
8.2 1.084927e+04 1.090498e+04 1.079442e+04 1.073871e+04
9.2 1.103099e+04 1.088366e+04 1.079388e+04 1.094121e+04
10.2 1.090526e+04 1.080246e+04 1.079230e+04 1.089510e+04
11.2 1.068699e+04 1.076963e+04 1.079080e+04 1.070816e+04
12.2 1.108657e+04 1.074256e+04 1.078980e+04 1.113380e+04
13.2 1.047991e+04 1.074494e+04 1.078930e+04 1.052428e+04
14.2 1.055118e+04 1.075944e+04 1.078916e+04 1.058090e+04
15.2 1.072221e+04 1.073129e+04 1.078920e+04 1.078012e+04
16.2 1.080194e+04 1.075830e+04 1.078934e+04 1.083298e+04
17.2 1.071860e+04 1.076628e+04 1.078954e+04 1.074186e+04
0.6 1.112717e+04 1.089971e+04 1.079117e+04 1.101863e+04
1.6 1.087850e+04 1.086950e+04 1.079352e+04 1.080252e+04
2.6 1.050582e+04 1.070692e+04 1.078610e+04 1.058499e+04
3.6 1.077137e+04 1.062860e+04 1.075893e+04 1.090170e+04
4.6 1.062192e+04 1.065363e+04 1.073879e+04 1.070708e+04
5.6 1.032216e+04 1.066324e+04 1.072743e+04 1.038635e+04
6.6 1.060459e+04 1.080717e+04 1.074457e+04 1.054199e+04
7.6 1.094173e+04 1.097460e+04 1.076401e+04 1.073115e+04
8.6 1.080997e+04 1.087247e+04 1.073469e+04 1.067219e+04
9.6 1.050240e+04 1.081660e+04 1.072983e+04 1.041563e+04
10.6 1.114264e+04 1.093887e+04 1.075751e+04 1.096128e+04
11.6 1.107362e+04 1.105246e+04 1.079212e+04 1.081328e+04
12.6 1.106834e+04 1.081776e+04 1.082088e+04 1.107146e+04
13.6 1.076166e+04 1.082327e+04 1.082171e+04 1.076010e+04
14.6 1.077624e+04 1.070816e+04 1.081075e+04 1.087883e+04
15.6 1.105050e+04 1.075641e+04 1.080160e+04 1.109568e+04
16.6 1.107705e+04 1.097512e+04 1.081162e+04 1.091355e+04
17.6 1.123419e+04 1.096995e+04 1.082078e+04 1.108502e+04
0.2 1.087850e+04 1.086950e+04 1.079352e+04 1.080252e+04
1.2 1.050582e+04 1.070692e+04 1.078610e+04 1.058499e+04
2.2 1.077137e+04 1.062860e+04 1.075893e+04 1.090170e+04
3.2 1.062192e+04 1.065363e+04 1.073879e+04 1.070708e+04
4.2 1.032216e+04 1.066324e+04 1.072743e+04 1.038635e+04
5.2 1.060459e+04 1.080717e+04 1.074457e+04 1.054199e+04
6.2 1.094173e+04 1.097460e+04 1.076401e+04 1.073115e+04
7.2 1.080997e+04 1.087247e+04 1.073469e+04 1.067219e+04
8.2 1.050240e+04 1.081660e+04 1.072983e+04 1.041563e+04
9.2 1.114264e+04 1.093887e+04 1.075751e+04 1.096128e+04
10.2 1.107362e+04 1.105246e+04 1.079212e+04 1.081328e+04
11.2 1.106834e+04 1.081776e+04 1.082088e+04 1.107146e+04
12.2 1.076166e+04 1.082327e+04 1.082171e+04 1.076010e+04
13.2 1.077624e+04 1.070816e+04 1.081075e+04 1.087883e+04
14.2 1.105050e+04 1.075641e+04 1.080160e+04 1.109568e+04
15.2 1.107705e+04 1.097512e+04 1.081162e+04 1.091355e+04
16.2 1.123419e+04 1.096995e+04 1.082078e+04 1.108502e+04
17.2 1.090945e+04 1.078318e+04 1.081104e+04 1.093731e+04
0.6 1.077137e+04 1.062860e+04 1.075893e+04 1.090170e+04
1.6 1.062192e+04 1.065363e+04 1.073879e+04 1.070708e+04
2.6 1.032216e+04 1.066324e+04 1.072743e+04 1.038635e+04
3.6 1.060459e+04 1.080717e+04 1.074457e+04 1.054199e+04
4.6 1.094173e+04 1.097460e+04 1.076401e+04 1.073115e+04
5.6 1.080997e+04 1.087247e+04 1.073469e+04 1.067219e+04
6.6 1.050240e+04 1.081660e+04 1.072983e+04 1.041563e+04
7.6 1.114264e+04 1.093887e+04 1.075751e+04 1.096128e+04
8.6 1.107362e+04 1.105246e+04 1.079212e+04 1.081328e+04
9.6 1.106834e+04 1.081776e+04 1.082088e+04 1.107146e+04
10.6 1.076166e+04 1.082327e+04 1.082171e+04 1.076010e+04
11.6 1.077624e+04 1.070816e+04 1.081075e+04 1.087883e+04
12.6 1.105050e+04 1.075641e+04 1.080160e+04 1.109568e+04
13.6 1.107705e+04 1.097512e+04 1.081162e+04 1.091355e+04
14.6 1.123419e+04 1.096995e+04 1.082078e+04 1.108502e+04
15.6 1.090945e+04 1.078318e+04 1.081104e+04 1.093731e+04
16.6 1.089279e+04 1.075633e+04 1.079863e+04 1.093508e+04
17.6 1.067797e+04 1.086424e+04 1.079231e+04 1.060604e+04
0.8 1.032216e+04 1.066324e+04 1.072743e+04 1.038635e+04
1.8 1.060459e+04 1.080717e+04 1.074457e+04 1.054199e+04
2.8 1.094173e+04 1.097460e+04 1.076401e+04 1.073115e+04
3.8 1.080997e+04 1.087247e+04 1.073469e+04 1.067219e+04
4.8 1.050240e+04 1.081660e+04 1.072983e+04 1.041563e+04
5.8 1.114264e+04 1.093887e+04 1.075751e+04 1.096128e+04
6.8 1.107362e+04 1.105246e+04 1.079212e+04 1.081328e+04
7.8 1.106834e+04 1.081776e+04 1.082088e+04 1.107146e+04
8.8 1.076166e+04 1.082327e+04 1.082171e+04 1.076010e+04
9.8 1.077624e+04 1.070816e+04 1.081075e+04 1.087883e+04
10.8 1.105050e+04 1.075641e+04 1.080160e+04 1.109568e+04
11.8 1.107705e+04 1.097512e+04 1.081162e+04 1.091355e+04
12.8 1.123419e+04 1.096995e+04 1.082078e+04 1.108502e+04
13.8 1.090945e+04 1.078318e+04 1.081104e+04 1.093731e+04
14.8 1.089279e+04 1.075633e+04 1.079863e+04 1.093508e+04
15.8 1.067797e+04 1.086424e+04 1.079231e+04 1.060604e+04
16.8 1.062475e+04 1.088638e+04 1.074115e+04 1.047951e+04
17.8 1.096510e+04 1.076243e+04 1.067420e+04 1.087686e+04
0.6 1.060459e+04 1.080717e+04 1.074457e+04 1.054199e+04
1.6 1.094173e+04 1.097460e+04 1.076401e+04 1.073115e+04
2.6 1.080997e+04 1.087247e+04 1.073469e+04 1.067219e+04
3.6 1.050240e+04 1.081660e+04 1.072983e+04 1.041563e+04
4.6 1.114264e+04 1.093887e+04 1.075751e+04 1.096128e+04
5.6 1.107362e+04 1.105246e+04 1.079212e+04 1.081328e+04
6.6 1.106834e+04 1.081776e+04 1.082088e+04 1.107146e+04
7.6 1.076166e+04 1.082327e+04 1.082171e+04 1.076010e+04
8.6 1.077624e+04 1.070816e+04 1.081075e+04 1.087883e+04
9.6 1.105050e+04 1.075641e+04 1.080160e+04 1.109568e+04
10.6 1.107705e+04 1.097512e+04 1.081162e+04 1.091355e+04
11.6 1.123419e+04 1.096995e+04 1.082078e+04 1.108502e+04
12.6 1.090945e+04 1.078318e+04 1.081104e+04 1.093731e+04
13.6 1.089279e+04 1.075633e+04 1.079863e+04 1.093508e+04
14.6 1.067797e+04 1.086424e+04 1.079231e+04 1.060604e+04
15.6 1.062475e+04 1.088638e+04 1.074115e+04 1.047951e+04
16.6 1.096510e+04 1.076243e+04 1.067420e+04 1.087686e+04
17.6 1.083376e+04 1.064853e+04 1.070294e+04 1.088818e+04
0.5 1.114264e+04 1.093887e+04 1.075751e+04 1.096128e+04
1.5 1.107362e+04 1.105246e+04 1.079212e+04 1.081328e+04
2.5 1.106834e+04 1.081776e+04 1.082088e+04 1.107146e+04
3.5 1.076166e+04 1.082327e+04 1.082171e+04 1.076010e+04
4.5 1.077624e+04 1.070816e+04 1.081075e+04 1.087883e+04
5.5 1.105050e+04 1.075641e+04 1.080160e+04 1.109568e+04
6.5 1.107705e+04 1.097512e+04 1.081162e+04 1.091355e+04
7.5 1.123419e+04 1.096995e+04 1.082078e+04 1.108502e+04
8.5 1.090945e+04 1.078318e+04 1.081104e+04 1.093731e+04
9.5 1.089279e+04 1.075633e+04 1.079863e+04 1.093508e+04
10.5 1.067797e+04 1.086424e+04 1.079231e+04 1.060604e+04
11.5 1.062475e+04 1.088638e+04 1.074115e+04 1.047951e+04
12.5 1.096510e+04 1.076243e+04 1.067420e+04 1.087686e+04
13.5 1.083376e+04 1.064853e+04 1.070294e+04 1.088818e+04
14.5 1.044151e+04 1.044958e+04 1.074635e+04 1.073829e+04
15.5 1.050297e+04 1.071332e+04 1.076704e+04 1.055669e+04
16.5 1.083519e+04 1.086644e+04 1.078173e+04 1.075048e+04
17.5 1.080714e+04 1.094273e+04 1.079046e+04 1.065487e+04
0.8 1.105050e+04 1.075641e+04 1.080160e+04 1.109568e+04
1.8 1.107705e+04 1.097512e+04 1.081162e+04 1.091355e+04
2.8 1.123419e+04 1.096995e+04 1.082078e+04 1.108502e+04
3.8 1.090945e+04 1.078318e+04 1.081104e+04 1.093731e+04
4.8 1.089279e+04 1.075633e+04 1.079863e+04 1.093508e+04
5.8 1.067797e+04 1.086424e+04 1.079231e+04 1.060604e+04
6.8 1.062475e+04 1.088638e+04 1.074115e+04 1.047951e+04
7.8 1.096510e+04 1.076243e+04 1.067420e+04 1.087686e+04
8.8 1.083376e+04 1.064853e+04 1.070294e+04 1.088818e+04
9.8 1.044151e+04 1.044958e+04 1.074635e+04 1.073829e+04
10.8 1.050297e+04 1.071332e+04 1.076704e+04 1.055669e+04
11.8 1.083519e+04 1.086644e+04 1.078173e+04 1.075048e+04
12.8 1.080714e+04 1.094273e+04 1.079046e+04 1.065487e+04
13.8 1.042277e+04 1.087276e+04 1.079273e+04 1.034274e+04
14.8 1.061176e+04 1.081890e+04 1.079122e+04 1.058408e+04
15.8 1.059343e+04 1.085135e+04 1.078854e+04 1.053062e+04
16.8 1.105069e+04 1.097705e+04 1.078935e+04 1.086299e+04
17.8 1.102951e+04 1.102950e+04 1.078799e+04 1.078800e+04
0.2 1.089279e+04 1.075633e+04 1.079863e+04 1.093508e+04
1.2 1.067797e+04 1.086424e+04 1.079231e+04 1.060604e+04
2.2 1.062475e+04 1.088638e+04 1.074115e+04 1.047951e+04
3.2 1.096510e+04 1.076243e+04 1.067420e+04 1.087686e+04
4.2 1.083376e+04 1.064853e+04 1.070294e+04 1.088818e+04
5.2 1.044151e+04 1.044958e+04 1.074635e+04 1.073829e+04
6.2 1.050297e+04 1.071332e+04 1.076704e+04 1.055669e+04
7.2 1.083519e+04 1.086644e+04 1.078173e+04 1.075048e+04
8.2 1.080714e+04 1.094273e+04 1.079046e+04 1.065487e+04
9.2 1.042277e+04 1.087276e+04 1.079273e+04 1.034274e+04
10.2 1.061176e+04 1.081890e+04 1.079122e+04 1.058408e+04
11.2 1.059343e+04 1.085135e+04 1.078854e+04 1.053062e+04
12.2 1.105069e+04 1.097705e+04 1.078935e+04 1.086299e+04
13.2 1.102951e+04 1.102950e+04 1.078799e+04 1.078800e+04
14.2 1.060647e+04 1.093083e+04 1.078272e+04 1.045837e+04
15.2 1.088487e+04 1.054573e+04 1.078018e+04 1.111932e+04
16.2 9.615205e+03 9.966942e+03 1.077939e+04 1.042766e+04
17.2 1.153597e+04 1.062315e+04 1.078926e+04 1.170209e+04
0.3 1.062475e+04 1.088638e+04 1.074115e+04 1.047951e+04
1.3 1.096510e+04 1.076243e+04 1.067420e+04 1.087686e+04
2.3 1.083376e+04 1.064853e+04 1.070294e+04 1.088818e+04
3.3 1.044151e+04 1.044958e+04 1.074635e+04 1.073829e+04
4.3 1.050297e+04 1.071332e+04 1.076704e+04 1.055669e+04
5.3 1.083519e+04 1.086644e+04 1.078173e+04 1.075048e+04
6.3 1.080714e+04 1.094273e+04 1.079046e+04 1.065487e+04
7.3 1.042277e+04 1.087276e+04 1.079273e+04 1.034274e+04
8.3 1.061176e+04 1.081890e+04 1.079122e+04 1.058408e+04
9.3 1.059343e+04 1.085135e+04 1.078854e+04 1.053062e+04
10.3 1.105069e+04 1.097705e+04 1.078935e+04 1.086299e+04
11.3 1.102951e+04 1.102950e+04 1.078799e+04 1.078800e+04
12.3 1.060647e+04 1.093083e+04 1.078272e+04 1.045837e+04
13.3 1.088487e+04 1.054573e+04 1.078018e+04 1.111932e+04
14.3 9.615205e+03 9.966942e+03 1.077939e+04 1.042766e+04
15.3 1.153597e+04 1.062315e+04 1.078926e+04 1.170209e+04
16.3 1.076987e+04 1.069663e+04 1.080480e+04 1.087805e+04
17.3 1.073469e+04 1.068371e+04 1.077130e+04 1.082228e+04
0.1 1.096510e+04 1.076243e+04 1.067420e+04 1.087686e+04
1.1 1.083376e+04 1.064853e+04 1.070294e+04 1.088818e+04
2.1 1.044151e+04 1.044958e+04 1.074635e+04 1.073829e+04
3.1 1.050297e+04 1.071332e+04 1.076704e+04 1.055669e+04
4.1 1.083519e+04 1.086644e+04 1.078173e+04 1.075048e+04
5.1 1.080714e+04 1.094273e+04 1.079046e+04 1.065487e+04
6.1 1.042277e+04 1.087276e+04 1.079273e+04 1.034274e+04
7.1 1.061176e+04 1.081890e+04 1.079122e+04 1.058408e+04
8.1 1.059343e+04 1.085135e+04 1.078854e+04 1.053062e+04
9.1 1.105069e+04 1.097705e+04 1.078935e+04 1.086299e+04
10.1 1.102951e+04 1.102950e+04 1.078799e+04 1.078800e+04
11.1 1.060647e+04 1.093083e+04 1.078272e+04 1.045837e+04
12.1 1.088487e+04 1.054573e+04 1.078018e+04 1.111932e+04
13.1 9.615205e+03 9.966942e+03 1.077939e+04 1.042766e+04
14.1 1.153597e+04 1.062315e+04 1.078926e+04 1.170209e+04
15.1 1.076987e+04 1.069663e+04 1.080480e+04 1.087805e+04
16.1 1.073469e+04 1.068371e+04 1.077130e+04 1.082228e+04
17.1 1.011277e+04 1.064076e+04 1.075147e+04 1.022348e+04
0.3 1.059343e+04 1.085135e+04 1.078854e+04 1.053062e+04
1.3 1.105069e+04 1.097705e+04 1.078935e+04 1.086299e+04
2.3 1.102951e+04 1.102950e+04 1.078799e+04 1.078800e+04
3.3 1.060647e+04 1.093083e+04 1.078272e+04 1.045837e+04
4.3 1.088487e+04 1.054573e+04 1.078018e+04 1.111932e+04
5.3 9.615205e+03 9.966942e+03 1.077939e+04 1.042766e+04
6.3 1.153597e+04 1.062315e+04 1.078926e+04 1.170209e+04
7.3 1.076987e+04 1.069663e+04 1.080480e+04 1.087805e+04
8.3 1.073469e+04 1.068371e+04 1.077130e+04 1.082228e+04
9.3 1.011277e+04 1.064076e+04 1.075147e+04 1.022348e+04
10.3 1.060142e+04 1.059817e+04 1.075731e+04 1.076056e+04
11.3 1.092049e+04 1.065810e+04 1.076670e+04 1.102909e+04
12.3 1.035891e+04 1.075556e+04 1.078291e+04 1.038626e+04
13.3 1.073236e+04 1.089487e+04 1.080792e+04 1.064541e+04
14.3 1.108627e+04 1.086396e+04 1.082594e+04 1.104826e+04
15.3 1.079270e+04 1.085055e+04 1.082000e+04 1.076216e+04
16.3 1.097704e+04 1.075977e+04 1.079929e+04 1.101656e+04
17.3 1.100285e+04 1.076015e+04 1.078260e+04 1.102530e+04
0.5 9.615205e+03 9.966942e+03 1.077939e+04 1.042766e+04
1.5 1.153597e+04 1.062315e+04 1.078926e+04 1.170209e+04
2.5 1.076987e+04 1.069663e+04 1.080480e+04 1.087805e+04
3.5 1.073469e+04 1.068371e+04 1.077130e+04 1.082228e+04
4.5 1.011277e+04 1.064076e+04 1.075147e+04 1.022348e+04
5.5 1.060142e+04 1.059817e+04 1.075731e+04 1.076056e+04
6.5 1.092049e+04 1.065810e+04 1.076670e+04 1.102909e+04
7.5 1.035891e+04 1.075556e+04 1.078291e+04 1.038626e+04
8.5 1.073236e+04 1.089487e+04 1.080792e+04 1.064541e+04
9.5 1.108627e+04 1.086396e+04 1.082594e+04 1.104826e+04
10.5 1.079270e+04 1.085055e+04 1.082000e+04 1.076216e+04
11.5 1.097704e+04 1.075977e+04 1.079929e+04 1.101656e+04
12.5 1.100285e+04 1.076015e+04 1.078260e+04 1.102530e+04
13.5 1.053087e+04 1.077708e+04 1.077370e+04 1.052748e+04
14.5 1.096082e+04 1.089002e+04 1.077907e+04 1.084987e+04
15.5 1.063478e+04 1.097606e+04 1.079597e+04 1.045468e+04
16.5 1.092362e+04 1.084544e+04 1.079458e+04 1.087276e+04
17.5 1.081720e+04 1.071638e+04 1.078470e+04 1.088552e+04
0.6 1.153597e+04 1.062315e+04 1.078926e+04 1.170209e+04
1.6 1.076987e+04 1.069663e+04 1.080480e+04 1.087805e+04
2.6 1.073469e+04 1.068371e+04 1.077130e+04 1.082228e+04
3.6 1.011277e+04 1.064076e+04 1.075147e+04 1.022348e+04
4.6 1.060142e+04 1.059817e+04 1.075731e+04 1.076056e+04
5.6 1.092049e+04 1.065810e+04 1.076670e+04 1.102909e+04
6.6 1.035891e+04 1.075556e+04 1.078291e+04 1.038626e+04
7.6 1.073236e+04 1.089487e+04 1.080792e+04 1.064541e+04
8.6 1.108627e+04 1.086396e+04 1.082594e+04 1.104826e+04
9.6 1.079270e+04 1.085055e+04 1.082000e+04 1.076216e+04
10.6 1.097704e+04 1.075977e+04 1.079929e+04 1.101656e+04
11.6 1.100285e+04 1.076015e+04 1.078260e+04 1.102530e+04
12.6 1.053087e+04 1.077708e+04 1.077370e+04 1.052748e+04
13.6 1.096082e+04 1.089002e+04 1.077907e+04 1.084987e+04
14.6 1.063478e+04 1.097606e+04 1.079597e+04 1.045468e+04
15.6 1.092362e+04 1.084544e+04 1.079458e+04 1.087276e+04
16.6 1.081720e+04 1.071638e+04 1.078470e+04 1.088552e+04
17.6 1.043406e+04 1.076524e+04 1.077748e+04 1.044630e+04
0.5 1.092049e+04 1.065810e+04 1.076670e+04 1.102909e+04
1.5 1.035891e+04 1.075556e+04 1.078291e+04 1.038626e+04
2.5 1.073236e+04 1.089487e+04 1.080792e+04 1.064541e+04
3.5 1.108627e+04 1.086396e+04 1.082594e+04 1.104826e+04
4.5 1.079270e+04 1.085055e+04 1.082000e+04 1.076216e+04
5.5 1.097704e+04 1.075977e+04 1.079929e+04 1.101656e+04
6.5 1.100285e+04 1.076015e+04 1.078260e+04 1.102530e+04
7.5 1.053087e+04 1.077708e+04 1.077370e+04 1.052748e+04
8.5 1.096082e+04 1.089002e+04 1.077907e+04 1.084987e+04
9.5 1.063478e+04 1.097606e+04 1.079597e+04 1.045468e+04
10.5 1.092362e+04 1.084544e+04 1.079458e+04 1.087276e+04
11.5 1.081720e+04 1.071638e+04 1.078470e+04 1.088552e+04
12.5 1.043406e+04 1.076524e+04 1.077748e+04 1.044630e+04
13.5 1.080732e+04 1.078849e+04 1.077394e+04 1.079277e+04
14.5 1.079452e+04 1.078413e+04 1.077272e+04 1.078312e+04
15.5 1.066063e+04 1.082556e+04 1.077287e+04 1.060794e+04
16.5 1.097338e+04 1.079273e+04 1.077371e+04 1.095436e+04
17.5 1.116378e+04 1.082214e+04 1.077470e+04 1.111633e+04
1.0 1.073236e+04 1.089487e+04 1.080792e+04 1.064541e+04
2.0 1.108627e+04 1.086396e+04 1.082594e+04 1.104826e+04
3.0 1.079270e+04 1.085055e+04 1.082000e+04 1.076216e+04
4.0 1.097704e+04 1.075977e+04 1.079929e+04 1.101656e+04
5.0 1.100285e+04 1.076015e+04 1.078260e+04 1.102530e+04
6.0 1.053087e+04 1.077708e+04 1.077370e+04 1.052748e+04
7.0 1.096082e+04 1.089002e+04 1.077907e+04 1.084987e+04
8.0 1.063478e+04 1.097606e+04 1.079597e+04 1.045468e+04
9.0 1.092362e+04 1.084544e+04 1.079458e+04 1.087276e+04
10.0 1.081720e+04 1.071638e+04 1.078470e+04 1.088552e+04
11.0 1.043406e+04 1.076524e+04 1.077748e+04 1.044630e+04
12.0 1.080732e+04 1.078849e+04 1.077394e+04 1.079277e+04
13.0 1.079452e+04 1.078413e+04 1.077272e+04 1.078312e+04
14.0 1.066063e+04 1.082556e+04 1.077287e+04 1.060794e+04
15.0 1.097338e+04 1.079273e+04 1.077371e+04 1.095436e+04
16.0 1.116378e+04 1.082214e+04 1.077470e+04 1.111633e+04
17.0 1.092800e+04 1.079458e+04 1.077553e+04 1.090894e+04
18.0 1.074260e+04 1.079351e+04 1.077612e+04 1.072521e+04
0.5 1.053087e+04 1.077708e+04 1.077370e+04 1.052748e+04
1.5 1.096082e+04 1.089002e+04 1.077907e+04 1.084987e+04
2.5 1.063478e+04 1.097606e+04 1.079597e+04 1.045468e+04
3.5 1.092362e+04 1.084544e+04 1.079458e+04 1.087276e+04
4.5 1.081720e+04 1.071638e+04 1.078470e+04 1.088552e+04
5.5 1.043406e+04 1.076524e+04 1.077748e+04 1.044630e+04
6.5 1.080732e+04 1.078849e+04 1.077394e+04 1.079277e+04
7.5 1.079452e+04 1.078413e+04 1.077272e+04 1.078312e+04
8.5 1.066063e+04 1.082556e+04 1.077287e+04 1.060794e+04
9.5 1.097338e+04 1.079273e+04 1.077371e+04 1.095436e+04
10.5 1.116378e+04 1.082214e+04 1.077470e+04 1.111633e+04
11.5 1.092800e+04 1.079458e+04 1.077553e+04 1.090894e+04
12.5 1.074260e+04 1.079351e+04 1.077612e+04 1.072521e+04
13.5 1.094720e+04 1.083140e+04 1.077656e+04 1.089236e+04
14.5 1.087959e+04 1.082872e+04 1.077692e+04 1.082779e+04
15.5 1.096382e+04 1.080843e+04 1.077723e+04 1.093261e+04
16.5 1.089011e+04 1.075876e+04 1.077752e+04 1.090887e+04
17.5 1.105953e+04 1.079748e+04 1.077779e+04 1.103984e+04
0.7 1.083301e+04 1.088310e+04 1.077872e+04 1.072864e+04
1.7 1.065599e+04 1.089102e+04 1.078950e+04 1.055447e+04
2.7 1.088206e+04 1.097880e+04 1.079977e+04 1.070303e+04
3.7 1.110571e+04 1.090990e+04 1.076532e+04 1.096112e+04
4.7 1.040342e+04 1.076713e+04 1.071313e+04 1.034942e+04
5.7 1.041854e+04 1.073505e+04 1.071862e+04 1.040211e+04
6.7 1.066417e+04 1.084754e+04 1.075185e+04 1.056847e+04
7.7 1.077538e+04 1.096715e+04 1.079532e+04 1.060355e+04
8.7 1.110605e+04 1.088392e+04 1.080795e+04 1.103009e+04
9.7 1.113066e+04 1.080144e+04 1.079850e+04 1.112773e+04
10.7 1.079907e+04 1.079974e+04 1.078720e+04 1.078653e+04
11.7 1.088111e+04 1.077277e+04 1.077934e+04 1.088769e+04
12.7 1.095650e+04 1.084681e+04 1.077466e+04 1.088436e+04
13.7 1.102252e+04 1.086460e+04 1.077331e+04 1.093122e+04
14.7 1.077332e+04 1.092146e+04 1.078954e+04 1.064140e+04
15.7 1.087615e+04 1.088800e+04 1.081296e+04 1.080111e+04
16.7 1.094572e+04 1.084528e+04 1.083065e+04 1.093109e+04
17.7 1.067139e+04 1.076055e+04 1.082447e+04 1.073531e+04
0.1 1.065599e+04 1.089102e+04 1.078950e+04 1.055447e+04
1.1 1.088206e+04 1.097880e+04 1.079977e+04 1.070303e+04
2.1 1.110571e+04 1.090990e+04 1.076532e+04 1.096112e+04
3.1 1.040342e+04 1.076713e+04 1.071313e+04 1.034942e+04
4.1 1.041854e+04 1.073505e+04 1.071862e+04 1.040211e+04
5.1 1.066417e+04 1.084754e+04 1.075185e+04 1.056847e+04
6.1 1.077538e+04 1.096715e+04 1.079532e+04 1.060355e+04
7.1 1.110605e+04 1.088392e+04 1.080795e+04 1.103009e+04
8.1 1.113066e+04 1.080144e+04 1.079850e+04 1.112773e+04
9.1 1.079907e+04 1.079974e+04 1.078720e+04 1.078653e+04
10.1 1.088111e+04 1.077277e+04 1.077934e+04 1.088769e+04
11.1 1.095650e+04 1.084681e+04 1.077466e+04 1.088436e+04
12.1 1.102252e+04 1.086460e+04 1.077331e+04 1.093122e+04
13.1 1.077332e+04 1.092146e+04 1.078954e+04 1.064140e+04
14.1 1.087615e+04 1.088800e+04 1.081296e+04 1.080111e+04
15.1 1.094572e+04 1.084528e+04 1.083065e+04 1.093109e+04
16.1 1.067139e+04 1.076055e+04 1.082447e+04 1.073531e+04
17.1 1.041859e+04 1.076271e+04 1.080085e+04 1.045673e+04
0.2 1.041854e+04 1.073505e+04 1.071862e+04 1.040211e+04
1.2 1.066417e+04 1.084754e+04 1.075185e+04 1.056847e+04
2.2 1.077538e+04 1.096715e+04 1.079532e+04 1.060355e+04
3.2 1.110605e+04 1.088392e+04 1.080795e+04 1.103009e+04
4.2 1.113066e+04 1.080144e+04 1.079850e+04 1.112773e+04
5.2 1.079907e+04 1.079974e+04 1.078720e+04 1.078653e+04
6.2 1.088111e+04 1.077277e+04 1.077934e+04 1.088769e+04
7.2 1.095650e+04 1.084681e+04 1.077466e+04 1.088436e+04
8.2 1.102252e+04 1.086460e+04 1.077331e+04 1.093122e+04
9.2 1.077332e+04 1.092146e+04 1.078954e+04 1.064140e+04
10.2 1.087615e+04 1.088800e+04 1.081296e+04 1.080111e+04
11.2 1.094572e+04 1.084528e+04 1.083065e+04 1.093109e+04
12.2 1.067139e+04 1.076055e+04 1.082447e+04 1.073531e+04
13.2 1.041859e+04 1.076271e+04 1.080085e+04 1.045673e+04
14.2 1.089877e+04 1.089562e+04 1.078165e+04 1.078480e+04
15.2 1.090053e+04 1.097381e+04 1.078196e+04 1.070868e+04
16.2 1.106132e+04 1.086854e+04 1.079256e+04 1.098534e+04
17.2 1.106638e+04 1.079332e+04 1.075846e+04 1.103152e+04
0.8 1.102252e+04 1.086460e+04 1.077331e+04 1.093122e+04
1.8 1.077332e+04 1.092146e+04 1.078954e+04 1.064140e+04
2.8 1.087615e+04 1.088800e+04 1.081296e+04 1.080111e+04
3.8 1.094572e+04 1.084528e+04 1.083065e+04 1.093109e+04
4.8 1.067139e+04 1.076055e+04 1.082447e+04 1.073531e+04
5.8 1.041859e+04 1.076271e+04 1.080085e+04 1.045673e+04
6.8 1.089877e+04 1.089562e+04 1.078165e+04 1.078480e+04
7.8 1.090053e+04 1.097381e+04 1.078196e+04 1.070868e+04
8.8 1.106132e+04 1.086854e+04 1.079256e+04 1.098534e+04
9.8 1.106638e+04 1.079332e+04 1.075846e+04 1.103152e+04
10.8 1.092163e+04 1.072344e+04 1.073183e+04 1.093001e+04
11.8 1.094607e+04 1.082462e+04 1.074878e+04 1.087023e+04
12.8 1.104358e+04 1.083039e+04 1.076515e+04 1.097834e+04
13.8 1.042662e+04 1.080010e+04 1.077219e+04 1.039871e+04
14.8 1.065291e+04 1.060016e+04 1.077520e+04 1.082795e+04
15.8 1.015148e+04 1.039618e+04 1.077644e+04 1.053174e+04
16.8 1.059851e+04 1.095440e+04 1.077818e+04 1.042229e+04
17.8 1.071122e+04 1.091991e+04 1.078915e+04 1.058046e+04
1.0 1.077332e+04 1.092146e+04 1.078954e+04 1.064140e+04
2.0 1.087615e+04 1.088800e+04 1.081296e+04 1.080111e+04
3.0 1.094572e+04 1.084528e+04 1.083065e+04 1.093109e+04
4.0 1.067139e+04 1.076055e+04 1.082447e+04 1.073531e+04
5.0 1.041859e+04 1.076271e+04 1.080085e+04 1.045673e+04
6.0 1.089877e+04 1.089562e+04 1.078165e+04 1.078480e+04
7.0 1.090053e+04 1.097381e+04 1.078196e+04 1.070868e+04
8.0 1.106132e+04 1.086854e+04 1.079256e+04 1.098534e+04
9.0 1.106638e+04 1.079332e+04 1.075846e+04 1.103152e+04
10.0 1.092163e+04 1.072344e+04 1.073183e+04 1.093001e+04
11.0 1.094607e+04 1.082462e+04 1.074878e+04 1.087023e+04
12.0 1.104358e+04 1.083039e+04 1.076515e+04 1.097834e+04
13.0 1.042662e+04 1.080010e+04 1.077219e+04 1.039871e+04
14.0 1.065291e+04 1.060016e+04 1.077520e+04 1.082795e+04
15.0 1.015148e+04 1.039618e+04 1.077644e+04 1.053174e+04
16.0 1.059851e+04 1.095440e+04 1.077818e+04 1.042229e+04
17.0 1.071122e+04 1.091991e+04 1.078915e+04 1.058046e+04
18.0 1.076575e+04 1.087967e+04 1.079711e+04 1.068319e+04
1.0 1.087615e+04 1.088800e+04 1.081296e+04 1.080111e+04
2.0 1.094572e+04 1.084528e+04 1.083065e+04 1.093109e+04
3.0 1.067139e+04 1.076055e+04 1.082447e+04 1.073531e+04
4.0 1.041859e+04 1.076271e+04 1.080085e+04 1.045673e+04
5.0 1.089877e+04 1.089562e+04 1.078165e+04 1.078480e+04
6.0 1.090053e+04 1.097381e+04 1.078196e+04 1.070868e+04
7.0 1.106132e+04 1.086854e+04 1.079256e+04 1.098534e+04
8.0 1.106638e+04 1.079332e+04 1.075846e+04 1.103152e+04
9.0 1.092163e+04 1.072344e+04 1.073183e+04 1.093001e+04
10.0 1.094607e+04 1.082462e+04 1.074878e+04 1.087023e+04
11.0 1.104358e+04 1.083039e+04 1.076515e+04 1.097834e+04
12.0 1.042662e+04 1.080010e+04 1.077219e+04 1.039871e+04
13.0 1.065291e+04 1.060016e+04 1.077520e+04 1.082795e+04
14.0 1.015148e+04 1.039618e+04 1.077644e+04 1.053174e+04
15.0 1.059851e+04 1.095440e+04 1.077818e+04 1.042229e+04
16.0 1.071122e+04 1.091991e+04 1.078915e+04 1.058046e+04
17.0 1.076575e+04 1.087967e+04 1.079711e+04 1.068319e+04
18.0 1.063646e+04 1.078361e+04 1.081234e+04 1.066520e+04
0.6 1.089877e+04 1.089562e+04 1.078165e+04 1.078480e+04
1.6 1.090053e+04 1.097381e+04 1.078196e+04 1.070868e+04
2.6 1.106132e+04 1.086854e+04 1.079256e+04 1.098534e+04
3.6 1.106638e+04 1.079332e+04 1.075846e+04 1.103152e+04
4.6 1.092163e+04 1.072344e+04 1.073183e+04 1.093001e+04
5.6 1.094607e+04 1.082462e+04 1.074878e+04 1.087023e+04
6.6 1.104358e+04 1.083039e+04 1.076515e+04 1.097834e+04
7.6 1.042662e+04 1.080010e+04 1.077219e+04 1.039871e+04
8.6 1.065291e+04 1.060016e+04 1.077520e+04 1.082795e+04
9.6 1.015148e+04 1.039618e+04 1.077644e+04 1.053174e+04
10.6 1.059851e+04 1.095440e+04 1.077818e+04 1.042229e+04
11.6 1.071122e+04 1.091991e+04 1.078915e+04 1.058046e+04
12.6 1.076575e+04 1.087967e+04 1.079711e+04 1.068319e+04
13.6 1.063646e+04 1.078361e+04 1.081234e+04 1.066520e+04
14.6 1.080284e+04 1.069586e+04 1.080962e+04 1.091660e+04
15.6 1.057185e+04 1.061395e+04 1.079439e+04 1.075230e+04
16.6 1.075336e+04 1.064331e+04 1.078238e+04 1.089243e+04
17.6 1.059905e+04 1.064710e+04 1.077635e+04 1.072831e+04
0.3 1.090053e+04 1.097381e+04 1.078196e+04 1.070868e+04
1.3 1.106132e+04 1.086854e+04 1.079256e+04 1.098534e+04
2.3 1.106638e+04 1.079332e+04 1.075846e+04 1.103152e+04
3.3 1.092163e+04 1.072344e+04 1.073183e+04 1.093001e+04
4.3 1.094607e+04 1.082462e+04 1.074878e+04 1.087023e+04
5.3 1.104358e+04 1.083039e+04 1.076515e+04 1.097834e+04
6.3 1.042662e+04 1.080010e+04 1.077219e+04 1.039871e+04
7.3 1.065291e+04 1.060016e+04 1.077520e+04 1.082795e+04
8.3 1.015148e+04 1.039618e+04 1.077644e+04 1.053174e+04
9.3 1.059851e+04 1.095440e+04 1.077818e+04 1.042229e+04
10.3 1.071122e+04 1.091991e+04 1.078915e+04 1.058046e+04
11.3 1.076575e+04 1.087967e+04 1.079711e+04 1.068319e+04
12.3 1.063646e+04 1.078361e+04 1.081234e+04 1.066520e+04
13.3 1.080284e+04 1.069586e+04 1.080962e+04 1.091660e+04
14.3 1.057185e+04 1.061395e+04 1.079439e+04 1.075230e+04
15.3 1.075336e+04 1.064331e+04 1.078238e+04 1.089243e+04
16.3 1.059905e+04 1.064710e+04 1.077635e+04 1.072831e+04
17.3 1.086013e+04 1.067609e+04 1.077431e+04 1.095835e+04
0.4 1.106638e+04 1.079332e+04 1.075846e+04 1.103152e+04
1.4 1.092163e+04 1.072344e+04 1.073183e+04 1.093001e+04
2.4 1.094607e+04 1.082462e+04 1.074878e+04 1.087023e+04
3.4 1.104358e+04 1.083039e+04 1.076515e+04 1.097834e+04
4.4 1.042662e+04 1.080010e+04 1.077219e+04 1.039871e+04
5.4 1.065291e+04 1.060016e+04 1.077520e+04 1.082795e+04
6.4 1.015148e+04 1.039618e+04 1.077644e+04 1.053174e+04
7.4 1.059851e+04 1.095440e+04 1.077818e+04 1.042229e+04
8.4 1.071122e+04 1.091991e+04 1.078915e+04 1.058046e+04
9.4 1.076575e+04 1.087967e+04 1.079711e+04 1.068319e+04
10.4 1.063646e+04 1.078361e+04 1.081234e+04 1.066520e+04
11.4 1.080284e+04 1.069586e+04 1.080962e+04 1.091660e+04
12.4 1.057185e+04 1.061395e+04 1.079439e+04 1.075230e+04
13.4 1.075336e+04 1.064331e+04 1.078238e+04 1.089243e+04
14.4 1.059905e+04 1.064710e+04 1.077635e+04 1.072831e+04
15.4 1.086013e+04 1.067609e+04 1.077431e+04 1.095835e+04
16.4 1.092606e+04 1.078209e+04 1.077450e+04 1.091846e+04
17.4 1.094767e+04 1.080545e+04 1.078259e+04 1.092481e+04
1.0 1.059851e+04 1.095440e+04 1.077818e+04 1.042229e+04
2.0 1.071122e+04 1.091991e+04 1.078915e+04 1.058046e+04
3.0 1.076575e+04 1.087967e+04 1.079711e+04 1.068319e+04
4.0 1.063646e+04 1.078361e+04 1.081234e+04 1.066520e+04
5.0 1.080284e+04 1.069586e+04 1.080962e+04 1.091660e+04
6.0 1.057185e+04 1.061395e+04 1.079439e+04 1.075230e+04
7.0 1.075336e+04 1.064331e+04 1.078238e+04 1.089243e+04
8.0 1.059905e+04 1.064710e+04 1.077635e+04 1.072831e+04
9.0 1.086013e+04 1.067609e+04 1.077431e+04 1.095835e+04
10.0 1.092606e+04 1.078209e+04 1.077450e+04 1.091846e+04
11.0 1.094767e+04 1.080545e+04 1.078259e+04 1.092481e+04
12.0 1.102929e+04 1.074174e+04 1.080693e+04 1.109448e+04
13.0 1.089875e+04 1.071125e+04 1.081339e+04 1.100089e+04
14.0 1.083084e+04 1.071457e+04 1.080449e+04 1.092077e+04
15.0 1.044766e+04 1.070075e+04 1.079727e+04 1.054417e+04
16.0 1.075038e+04 1.078550e+04 1.078027e+04 1.074515e+04
17.0 1.081119e+04 1.077007e+04 1.073511e+04 1.077622e+04
18.0 1.089970e+04 1.088686e+04 1.070993e+04 1.072277e+04
0.2 1.071122e+04 1.091991e+04 1.078915e+04 1.058046e+04
1.2 1.076575e+04 1.087967e+04 1.079711e+04 1.068319e+04
2.2 1.063646e+04 1.078361e+04 1.081234e+04 1.066520e+04
3.2 1.080284e+04 1.069586e+04 1.080962e+04 1.091660e+04
4.2 1.057185e+04 1.061395e+04 1.079439e+04 1.075230e+04
5.2 1.075336e+04 1.064331e+04 1.078238e+04 1.089243e+04
6.2 1.059905e+04 1.064710e+04 1.077635e+04 1.072831e+04
7.2 1.086013e+04 1.067609e+04 1.077431e+04 1.095835e+04
8.2 1.092606e+04 1.078209e+04 1.077450e+04 1.091846e+04
9.2 1.094767e+04 1.080545e+04 1.078259e+04 1.092481e+04
10.2 1.102929e+04 1.074174e+04 1.080693e+04 1.109448e+04
11.2 1.089875e+04 1.071125e+04 1.081339e+04 1.100089e+04
12.2 1.083084e+04 1.071457e+04 1.080449e+04 1.092077e+04
13.2 1.044766e+04 1.070075e+04 1.079727e+04 1.054417e+04
14.2 1.075038e+04 1.078550e+04 1.078027e+04 1.074515e+04
15.2 1.081119e+04 1.077007e+04 1.073511e+04 1.077622e+04
16.2 1.089970e+04 1.088686e+04 1.070993e+04 1.072277e+04
17.2 1.083101e+04 1.077286e+04 1.068379e+04 1.074194e+04
0.3 1.092606e+04 1.078209e+04 1.077450e+04 1.091846e+04
1.3 1.094767e+04 1.080545e+04 1.078259e+04 1.092481e+04
2.3 1.102929e+04 1.074174e+04 1.080693e+04 1.109448e+04
3.3 1.089875e+04 1.071125e+04 1.081339e+04 1.100089e+04
4.3 1.083084e+04 1.071457e+04 1.080449e+04 1.092077e+04
5.3 1.044766e+04 1.070075e+04 1.079727e+04 1.054417e+04
6.3 1.075038e+04 1.078550e+04 1.078027e+04 1.074515e+04
7.3 1.081119e+04 1.077007e+04 1.073511e+04 1.077622e+04
8.3 1.089970e+04 1.088686e+04 1.070993e+04 1.072277e+04
9.3 1.083101e+04 1.077286e+04 1.068379e+04 1.074194e+04
10.3 1.036276e+04 1.069284e+04 1.070612e+04 1.037604e+04
11.3 1.072393e+04 1.078736e+04 1.074549e+04 1.068206e+04
12.3 1.071038e+04 1.086162e+04 1.077250e+04 1.062126e+04
13.3 1.090402e+04 1.079563e+04 1.078554e+04 1.089393e+04
14.3 1.069176e+04 1.079888e+04 1.078983e+04 1.068271e+04
15.3 1.111499e+04 1.081939e+04 1.079137e+04 1.108697e+04
16.3 1.099888e+04 1.090513e+04 1.081212e+04 1.090587e+04
17.3 1.099361e+04 1.089174e+04 1.083633e+04 1.093820e+04
0.5 1.102929e+04 1.074174e+04 1.080693e+04 1.109448e+04
1.5 1.089875e+04 1.071125e+04 1.081339e+04 1.100089e+04
2.5 1.083084e+04 1.071457e+04 1.080449e+04 1.092077e+04
3.5 1.044766e+04 1.070075e+04 1.079727e+04 1.054417e+04
4.5 1.075038e+04 1.078550e+04 1.078027e+04 1.074515e+04
5.5 1.081119e+04 1.077007e+04 1.073511e+04 1.077622e+04
6.5 1.089970e+04 1.088686e+04 1.070993e+04 1.072277e+04
7.5 1.083101e+04 1.077286e+04 1.068379e+04 1.074194e+04
8.5 1.036276e+04 1.069284e+04 1.070612e+04 1.037604e+04
9.5 1.072393e+04 1.078736e+04 1.074549e+04 1.068206e+04
10.5 1.071038e+04 1.086162e+04 1.077250e+04 1.062126e+04
11.5 1.090402e+04 1.079563e+04 1.078554e+04 1.089393e+04
12.5 1.069176e+04 1.079888e+04 1.078983e+04 1.068271e+04
13.5 1.111499e+04 1.081939e+04 1.079137e+04 1.108697e+04
14.5 1.099888e+04 1.090513e+04 1.081212e+04 1.090587e+04
15.5 1.099361e+04 1.089174e+04 1.083633e+04 1.093820e+04
16.5 1.093425e+04 1.079742e+04 1.083059e+04 1.096742e+04
17.5 1.055596e+04 1.070962e+04 1.080768e+04 1.065402e+04
0.1 1.089875e+04 1.071125e+04 1.081339e+04 1.100089e+04
1.1 1.083084e+04 1.071457e+04 1.080449e+04 1.092077e+04
2.1 1.044766e+04 1.070075e+04 1.079727e+04 1.054417e+04
3.1 1.075038e+04 1.078550e+04 1.078027e+04 1.074515e+04
4.1 1.081119e+04 1.077007e+04 1.073511e+04 1.077622e+04
5.1 1.089970e+04 1.088686e+04 1.070993e+04 1.072277e+04
6.1 1.083101e+04 1.077286e+04 1.068379e+04 1.074194e+04
7.1 1.036276e+04 1.069284e+04 1.070612e+04 1.037604e+04
8.1 1.072393e+04 1.078736e+04 1.074549e+04 1.068206e+04
9.1 1.071038e+04 1.086162e+04 1.077250e+04 1.062126e+04
10.1 1.090402e+04 1.079563e+04 1.078554e+04 1.089393e+04
11.1 1.069176e+04 1.079888e+04 1.078983e+04 1.068271e+04
12.1 1.111499e+04 1.081939e+04 1.079137e+04 1.108697e+04
13.1 1.099888e+04 1.090513e+04 1.081212e+04 1.090587e+04
14.1 1.099361e+04 1.089174e+04 1.083633e+04 1.093820e+04
15.1 1.093425e+04 1.079742e+04 1.083059e+04 1.096742e+04
16.1 1.055596e+04 1.070962e+04 1.080768e+04 1.065402e+04
17.1 1.076687e+04 1.077364e+04 1.078936e+04 1.078259e+04
0.8 1.044766e+04 1.070075e+04 1.079727e+04 1.054417e+04
1.8 1.075038e+04 1.078550e+04 1.078027e+04 1.074515e+04
2.8 1.081119e+04 1.077007e+04 1.073511e+04 1.077622e+04
3.8 1.089970e+04 1.088686e+04 1.070993e+04 1.072277e+04
4.8 1.083101e+04 1.077286e+04 1.068379e+04 1.074194e+04
5.8 1.036276e+04 1.069284e+04 1.070612e+04 1.037604e+04
6.8 1.072393e+04 1.078736e+04 1.074549e+04 1.068206e+04
7.8 1.071038e+04 1.086162e+04 1.077250e+04 1.062126e+04
8.8 1.090402e+04 1.079563e+04 1.078554e+04 1.089393e+04
9.8 1.069176e+04 1.079888e+04 1.078983e+04 1.068271e+04
10.8 1.111499e+04 1.081939e+04 1.079137e+04 1.108697e+04
11.8 1.099888e+04 1.090513e+04 1.081212e+04 1.090587e+04
12.8 1.099361e+04 1.089174e+04 1.083633e+04 1.093820e+04
13.8 1.093425e+04 1.079742e+04 1.083059e+04 1.096742e+04
14.8 1.055596e+04 1.070962e+04 1.080768e+04 1.065402e+04
15.8 1.076687e+04 1.077364e+04 1.078936e+04 1.078259e+04
16.8 1.090078e+04 1.072249e+04 1.077947e+04 1.095776e+04
17.8 1.078399e+04 1.083556e+04 1.077856e+04 1.072699e+04
0.9 1.081119e+04 1.077007e+04 1.073511e+04 1.077622e+04
1.9 1.089970e+04 1.088686e+04 1.070993e+04 1.072277e+04
2.9 1.083101e+04 1.077286e+04 1.068379e+04 1.074194e+04
3.9 1.036276e+04 1.069284e+04 1.070612e+04 1.037604e+04
4.9 1.072393e+04 1.078736e+04 1.074549e+04 1.068206e+04
5.9 1.071038e+04 1.086162e+04 1.077250e+04 1.062126e+04
6.9 1.090402e+04 1.079563e+04 1.078554e+04 1.089393e+04
7.9 1.069176e+04 1.079888e+04 1.078983e+04 1.068271e+04
8.9 1.111499e+04 1.081939e+04 1.079137e+04 1.108697e+04
9.9 1.099888e+04 1.090513e+04 1.081212e+04 1.090587e+04
10.9 1.099361e+04 1.089174e+04 1.083633e+04 1.093820e+04
11.9 1.093425e+04 1.079742e+04 1.083059e+04 1.096742e+04
12.9 1.055596e+04 1.070962e+04 1.080768e+04 1.065402e+04
13.9 1.076687e+04 1.077364e+04 1.078936e+04 1.078259e+04
14.9 1.090078e+04 1.072249e+04 1.077947e+04 1.095776e+04
15.9 1.078399e+04 1.083556e+04 1.077856e+04 1.072699e+04
16.9 1.064361e+04 1.091553e+04 1.078344e+04 1.051152e+04
17.9 1.087901e+04 1.080407e+04 1.075934e+04 1.083428e+04
1.0 1.111499e+04 1.081939e+04 1.079137e+04 1.108697e+04
2.0 1.099888e+04 1.090513e+04 1.081212e+04 1.090587e+04
3.0 1.099361e+04 1.089174e+04 1.083633e+04 1.093820e+04
4.0 1.093425e+04 1.079742e+04 1.083059e+04 1.096742e+04
5.0 1.055596e+04 1.070962e+04 1.080768e+04 1.065402e+04
6.0 1.076687e+04 1.077364e+04 1.078936e+04 1.078259e+04
7.0 1.090078e+04 1.072249e+04 1.077947e+04 1.095776e+04
8.0 1.078399e+04 1.083556e+04 1.077856e+04 1.072699e+04
9.0 1.064361e+04 1.091553e+04 1.078344e+04 1.051152e+04
10.0 1.087901e+04 1.080407e+04 1.075934e+04 1.083428e+04
11.0 1.071959e+04 1.068149e+04 1.073504e+04 1.077314e+04
12.0 1.077089e+04 1.065304e+04 1.074493e+04 1.086278e+04
13.0 1.031195e+04 1.076887e+04 1.076268e+04 1.030576e+04
14.0 1.121719e+04 1.082484e+04 1.077938e+04 1.117172e+04
15.0 1.113254e+04 1.089447e+04 1.079697e+04 1.103503e+04
16.0 1.085614e+04 1.087496e+04 1.081501e+04 1.079620e+04
17.0 1.103809e+04 1.083818e+04 1.081589e+04 1.101581e+04
18.0 1.097367e+04 1.079745e+04 1.080151e+04 1.097773e+04
1.0 1.099888e+04 1.090513e+04 1.081212e+04 1.090587e+04
2.0 1.099361e+04 1.089174e+04 1.083633e+04 1.093820e+04
3.0 1.093425e+04 1.079742e+04 1.083059e+04 1.096742e+04
4.0 1.055596e+04 1.070962e+04 1.080768e+04 1.065402e+04
5.0 1.076687e+04 1.077364e+04 1.078936e+04 1.078259e+04
6.0 1.090078e+04 1.072249e+04 1.077947e+04 1.095776e+04
7.0 1.078399e+04 1.083556e+04 1.077856e+04 1.072699e+04
8.0 1.064361e+04 1.091553e+04 1.078344e+04 1.051152e+04
9.0 1.087901e+04 1.080407e+04 1.075934e+04 1.083428e+04
10.0 1.071959e+04 1.068149e+04 1.073504e+04 1.077314e+04
11.0 1.077089e+04 1.065304e+04 1.074493e+04 1.086278e+04
12.0 1.031195e+04 1.076887e+04 1.076268e+04 1.030576e+04
13.0 1.121719e+04 1.082484e+04 1.077938e+04 1.117172e+04
14.0 1.113254e+04 1.089447e+04 1.079697e+04 1.103503e+04
15.0 1.085614e+04 1.087496e+04 1.081501e+04 1.079620e+04
16.0 1.103809e+04 1.083818e+04 1.081589e+04 1.101581e+04
17.0 1.097367e+04 1.079745e+04 1.080151e+04 1.097773e+04
18.0 1.063487e+04 1.072409e+04 1.078840e+04 1.069917e+04
0.2 1.090078e+04 1.072249e+04 1.077947e+04 1.095776e+04
1.2 1.078399e+04 1.083556e+04 1.077856e+04 1.072699e+04
2.2 1.064361e+04 1.091553e+04 1.078344e+04 1.051152e+04
3.2 1.087901e+04 1.080407e+04 1.075934e+04 1.083428e+04
4.2 1.071959e+04 1.068149e+04 1.073504e+04 1.077314e+04
5.2 1.077089e+04 1.065304e+04 1.074493e+04 1.086278e+04
6.2 1.031195e+04 1.076887e+04 1.076268e+04 1.030576e+04
7.2 1.121719e+04 1.082484e+04 1.077938e+04 1.117172e+04
8.2 1.113254e+04 1.089447e+04 1.079697e+04 1.103503e+04
9.2 1.085614e+04 1.087496e+04 1.081501e+04 1.079620e+04
10.2 1.103809e+04 1.083818e+04 1.081589e+04 1.101581e+04
11.2 1.097367e+04 1.079745e+04 1.080151e+04 1.097773e+04
12.2 1.063487e+04 1.072409e+04 1.078840e+04 1.069917e+04
13.2 1.095681e+04 1.070908e+04 1.078352e+04 1.103124e+04
14.2 1.019953e+04 1.064292e+04 1.078867e+04 1.034527e+04
15.2 1.056979e+04 1.053438e+04 1.078999e+04 1.082540e+04
16.2 1.066980e+04 1.058440e+04 1.078045e+04 1.086585e+04
17.2 1.056991e+04 1.058817e+04 1.077615e+04 1.075788e+04
0.2 1.078399e+04 1.083556e+04 1.077856e+04 1.072699e+04
1.2 1.064361e+04 1.091553e+04 1.078344e+04 1.051152e+04
2.2 1.087901e+04 1.080407e+04 1.075934e+04 1.083428e+04
3.2 1.071959e+04 1.068149e+04 1.073504e+04 1.077314e+04
4.2 1.077089e+04 1.065304e+04 1.074493e+04 1.086278e+04
5.2 1.031195e+04 1.076887e+04 1.076268e+04 1.030576e+04
6.2 1.121719e+04 1.082484e+04 1.077938e+04 1.117172e+04
7.2 1.113254e+04 1.089447e+04 1.079697e+04 1.103503e+04
8.2 1.085614e+04 1.087496e+04 1.081501e+04 1.079620e+04
9.2 1.103809e+04 1.083818e+04 1.081589e+04 1.101581e+04
10.2 1.097367e+04 1.079745e+04 1.080151e+04 1.097773e+04
11.2 1.063487e+04 1.072409e+04 1.078840e+04 1.069917e+04
12.2 1.095681e+04 1.070908e+04 1.078352e+04 1.103124e+04
13.2 1.019953e+04 1.064292e+04 1.078867e+04 1.034527e+04
14.2 1.056979e+04 1.053438e+04 1.078999e+04 1.082540e+04
15.2 1.066980e+04 1.058440e+04 1.078045e+04 1.086585e+04
16.2 1.056991e+04 1.058817e+04 1.077615e+04 1.075788e+04
17.2 1.020932e+04 1.058706e+04 1.077802e+04 1.040028e+04
0.4 1.031195e+04 1.076887e+04 1.076268e+04 1.030576e+04
1.4 1.121719e+04 1.082484e+04 1.077938e+04 1.117172e+04
2.4 1.113254e+04 1.089447e+04 1.079697e+04 1.103503e+04
3.4 1.085614e+04 1.087496e+04 1.081501e+04 1.079620e+04
4.4 1.103809e+04 1.083818e+04 1.081589e+04 1.101581e+04
5.4 1.097367e+04 1.079745e+04 1.080151e+04 1.097773e+04
6.4 1.063487e+04 1.072409e+04 1.078840e+04 1.069917e+04
7.4 1.095681e+04 1.070908e+04 1.078352e+04 1.103124e+04
8.4 1.019953e+04 1.064292e+04 1.078867e+04 1.034527e+04
9.4 1.056979e+04 1.053438e+04 1.078999e+04 1.082540e+04
10.4 1.066980e+04 1.058440e+04 1.078045e+04 1.086585e+04
11.4 1.056991e+04 1.058817e+04 1.077615e+04 1.075788e+04
12.4 1.020932e+04 1.058706e+04 1.077802e+04 1.040028e+04
13.4 1.081038e+04 1.071236e+04 1.077213e+04 1.087015e+04
14.4 1.065769e+04 1.076236e+04 1.075784e+04 1.065316e+04
15.4 1.044934e+04 1.087098e+04 1.077046e+04 1.034882e+04
16.4 1.085996e+04 1.101157e+04 1.078426e+04 1.063265e+04
17.4 1.097662e+04 1.097714e+04 1.076297e+04 1.076246e+04
1.0 1.113254e+04 1.089447e+04 1.079697e+04 1.103503e+04
2.0 1.085614e+04 1.087496e+04 1.081501e+04 1.079620e+04
3.0 1.103809e+04 1.083818e+04 1.081589e+04 1.101581e+04
4.0 1.097367e+04 1.079745e+04 1.080151e+04 1.097773e+04
5.0 1.063487e+04 1.072409e+04 1.078840e+04 1.069917e+04
6.0 1.095681e+04 1.070908e+04 1.078352e+04 1.103124e+04
7.0 1.019953e+04 1.064292e+04 1.078867e+04 1.034527e+04
8.0 1.056979e+04 1.053438e+04 1.078999e+04 1.082540e+04
9.0 1.066980e+04 1.058440e+04 1.078045e+04 1.086585e+04
10.0 1.056991e+04 1.058817e+04 1.077615e+04 1.075788e+04
11.0 1.020932e+04 1.058706e+04 1.077802e+04 1.040028e+04
12.0 1.081038e+04 1.071236e+04 1.077213e+04 1.087015e+04
13.0 1.065769e+04 1.076236e+04 1.075784e+04 1.065316e+04
14.0 1.044934e+04 1.087098e+04 1.077046e+04 1.034882e+04
15.0 1.085996e+04 1.101157e+04 1.078426e+04 1.063265e+04
16.0 1.097662e+04 1.097714e+04 1.076297e+04 1.076246e+04
17.0 1.088691e+04 1.086809e+04 1.074143e+04 1.076026e+04
18.0 1.101238e+04 1.099447e+04 1.075172e+04 1.076964e+04
0.1 1.063487e+04 1.072409e+04 1.078840e+04 1.069917e+04
1.1 1.095681e+04 1.070908e+04 1.078352e+04 1.103124e+04
2.1 1.019953e+04 1.064292e+04 1.078867e+04 1.034527e+04
3.1 1.056979e+04 1.053438e+04 1.078999e+04 1.082540e+04
4.1 1.066980e+04 1.058440e+04 1.078045e+04 1.086585e+04
5.1 1.056991e+04 1.058817e+04 1.077615e+04 1.075788e+04
6.1 1.020932e+04 1.058706e+04 1.077802e+04 1.040028e+04
7.1 1.081038e+04 1.071236e+04 1.077213e+04 1.087015e+04
8.1 1.065769e+04 1.076236e+04 1.075784e+04 1.065316e+04
9.1 1.044934e+04 1.087098e+04 1.077046e+04 1.034882e+04
10.1 1.085996e+04 1.101157e+04 1.078426e+04 1.063265e+04
11.1 1.097662e+04 1.097714e+04 1.076297e+04 1.076246e+04
12.1 1.088691e+04 1.086809e+04 1.074143e+04 1.076026e+04
13.1 1.101238e+04 1.099447e+04 1.075172e+04 1.076964e+04
14.1 1.105051e+04 1.102938e+04 1.076819e+04 1.078932e+04
15.1 1.099016e+04 1.092497e+04 1.077849e+04 1.084368e+04
16.1 1.112747e+04 1.084115e+04 1.078339e+04 1.106972e+04
17.1 1.115329e+04 1.081399e+04 1.078514e+04 1.112444e+04
0.2 1.019953e+04 1.064292e+04 1.078867e+04 1.034527e+04
1.2 1.056979e+04 1.053438e+04 1.078999e+04 1.082540e+04
2.2 1.066980e+04 1.058440e+04 1.078045e+04 1.086585e+04
3.2 1.056991e+04 1.058817e+04 1.077615e+04 1.075788e+04
4.2 1.020932e+04 1.058706e+04 1.077802e+04 1.040028e+04
5.2 1.081038e+04 1.071236e+04 1.077213e+04 1.087015e+04
6.2 1.065769e+04 1.076236e+04 1.075784e+04 1.065316e+04
7.2 1.044934e+04 1.087098e+04 1.077046e+04 1.034882e+04
8.2 1.085996e+04 1.101157e+04 1.078426e+04 1.063265e+04
9.2 1.097662e+04 1.097714e+04 1.076297e+04 1.076246e+04
10.2 1.088691e+04 1.086809e+04 1.074143e+04 1.076026e+04
11.2 1.101238e+04 1.099447e+04 1.075172e+04 1.076964e+04
12.2 1.105051e+04 1.102938e+04 1.076819e+04 1.078932e+04
13.2 1.099016e+04 1.092497e+04 1.077849e+04 1.084368e+04
14.2 1.112747e+04 1.084115e+04 1.078339e+04 1.106972e+04
15.2 1.115329e+04 1.081399e+04 1.078514e+04 1.112444e+04
16.2 1.106850e+04 1.084829e+04 1.079009e+04 1.101030e+04
17.2 1.100432e+04 1.077413e+04 1.079236e+04 1.102255e+04
0.8 1.066980e+04 1.058440e+04 1.078045e+04 1.086585e+04
1.8 1.056991e+04 1.058817e+04 1.077615e+04 1.075788e+04
2.8 1.020932e+04 1.058706e+04 1.077802e+04 1.040028e+04
3.8 1.081038e+04 1.071236e+04 1.077213e+04 1.087015e+04
4.8 1.065769e+04 1.076236e+04 1.075784e+04 1.065316e+04
5.8 1.044934e+04 1.087098e+04 1.077046e+04 1.034882e+04
6.8 1.085996e+04 1.101157e+04 1.078426e+04 1.063265e+04
7.8 1.097662e+04 1.097714e+04 1.076297e+04 1.076246e+04
8.8 1.088691e+04 1.086809e+04 1.074143e+04 1.076026e+04
9.8 1.101238e+04 1.099447e+04 1.075172e+04 1.076964e+04
10.8 1.105051e+04 1.102938e+04 1.076819e+04 1.078932e+04
11.8 1.099016e+04 1.092497e+04 1.077849e+04 1.084368e+04
12.8 1.112747e+04 1.084115e+04 1.078339e+04 1.106972e+04
13.8 1.115329e+04 1.081399e+04 1.078514e+04 1.112444e+04
14.8 1.106850e+04 1.084829e+04 1.079009e+04 1.101030e+04
15.8 1.100432e+04 1.077413e+04 1.079236e+04 1.102255e+04
16.8 1.069228e+04 1.076694e+04 1.078824e+04 1.071358e+04
17.8 1.024547e+04 1.070751e+04 1.078400e+04 1.032196e+04
1.0 1.020932e+04 1.058706e+04 1.077802e+04 1.040028e+04
2.0 1.081038e+04 1.071236e+04 1.077213e+04 1.087015e+04
3.0 1.065769e+04 1.076236e+04 1.075784e+04 1.065316e+04
4.0 1.044934e+04 1.087098e+04 1.077046e+04 1.034882e+04
5.0 1.085996e+04 1.101157e+04 1.078426e+04 1.063265e+04
6.0 1.097662e+04 1.097714e+04 1.076297e+04 1.076246e+04
7.0 1.088691e+04 1.086809e+04 1.074143e+04 1.076026e+04
8.0 1.101238e+04 1.099447e+04 1.075172e+04 1.076964e+04
9.0 1.105051e+04 1.102938e+04 1.076819e+04 1.078932e+04
10.0 1.099016e+04 1.092497e+04 1.077849e+04 1.084368e+04
11.0 1.112747e+04 1.084115e+04 1.078339e+04 1.106972e+04
12.0 1.115329e+04 1.081399e+04 1.078514e+04 1.112444e+04
13.0 1.106850e+04 1.084829e+04 1.079009e+04 1.101030e+04
14.0 1.100432e+04 1.077413e+04 1.079236e+04 1.102255e+04
15.0 1.069228e+04 1.076694e+04 1.078824e+04 1.071358e+04
16.0 1.024547e+04 1.070751e+04 1.078400e+04 1.032196e+04
17.0 1.047500e+04 1.072894e+04 1.078410e+04 1.053016e+04
18.0 1.074067e+04 1.074708e+04 1.077662e+04 1.077022e+04
0.0 1.081038e+04 1.071236e+04 1.077213e+04 1.087015e+04
1.0 1.065769e+04 1.076236e+04 1.075784e+04 1.065316e+04
2.0 1.044934e+04 1.087098e+04 1.077046e+04 1.034882e+04
3.0 1.085996e+04 1.101157e+04 1.078426e+04 1.063265e+04
4.0 1.097662e+04 1.097714e+04 1.076297e+04 1.076246e+04
5.0 1.088691e+04 1.086809e+04 1.074143e+04 1.076026e+04
6.0 1.101238e+04 1.099447e+04 1.075172e+04 1.076964e+04
7.0 1.105051e+04 1.102938e+04 1.076819e+04 1.078932e+04
8.0 1.099016e+04 1.092497e+04 1.077849e+04 1.084368e+04
9.0 1.112747e+04 1.084115e+04 1.078339e+04 1.106972e+04
10.0 1.115329e+04 1.081399e+04 1.078514e+04 1.112444e+04
11.0 1.106850e+04 1.084829e+04 1.079009e+04 1.101030e+04
12.0 1.100432e+04 1.077413e+04 1.079236e+04 1.102255e+04
13.0 1.069228e+04 1.076694e+04 1.078824e+04 1.071358e+04
14.0 1.024547e+04 1.070751e+04 1.078400e+04 1.032196e+04
15.0 1.047500e+04 1.072894e+04 1.078410e+04 1.053016e+04
16.0 1.074067e+04 1.074708e+04 1.077662e+04 1.077022e+04
17.0 1.075082e+04 1.074565e+04 1.077689e+04 1.078205e+04
0.2 1.044934e+04 1.087098e+04 1.077046e+04 1.034882e+04
1.2 1.085996e+04 1.101157e+04 1.078426e+04 1.063265e+04
2.2 1.097662e+04 1.097714e+04 1.076297e+04 1.076246e+04
3.2 1.088691e+04 1.086809e+04 1.074143e+04 1.076026e+04
4.2 1.101238e+04 1.099447e+04 1.075172e+04 1.076964e+04
5.2 1.105051e+04 1.102938e+04 1.076819e+04 1.078932e+04
6.2 1.099016e+04 1.092497e+04 1.077849e+04 1.084368e+04
7.2 1.112747e+04 1.084115e+04 1.078339e+04 1.106972e+04
8.2 1.115329e+04 1.081399e+04 1.078514e+04 1.112444e+04
9.2 1.106850e+04 1.084829e+04 1.079009e+04 1.101030e+04
10.2 1.100432e+04 1.077413e+04 1.079236e+04 1.102255e+04
11.2 1.069228e+04 1.076694e+04 1.078824e+04 1.071358e+04
12.2 1.024547e+04 1.070751e+04 1.078400e+04 1.032196e+04
13.2 1.047500e+04 1.072894e+04 1.078410e+04 1.053016e+04
14.2 1.074067e+04 1.074708e+04 1.077662e+04 1.077022e+04
15.2 1.075082e+04 1.074565e+04 1.077689e+04 1.078205e+04
16.2 1.081834e+04 1.076997e+04 1.077747e+04 1.082584e+04
17.2 1.109959e+04 1.069616e+04 1.075598e+04 1.115942e+04
0.5 1.115329e+04 1.081399e+04 1.078514e+04 1.112444e+04
1.5 1.106850e+04 1.084829e+04 1.079009e+04 1.101030e+04
2.5 1.100432e+04 1.077413e+04 1.079236e+04 1.102255e+04
3.5 1.069228e+04 1.076694e+04 1.078824e+04 1.071358e+04
4.5 1.024547e+04 1.070751e+04 1.078400e+04 1.032196e+04
5.5 1.047500e+04 1.072894e+04 1.078410e+04 1.053016e+04
6.5 1.074067e+04 1.074708e+04 1.077662e+04 1.077022e+04
7.5 1.075082e+04 1.074565e+04 1.077689e+04 1.078205e+04
8.5 1.081834e+04 1.076997e+04 1.077747e+04 1.082584e+04
9.5 1.109959e+04 1.069616e+04 1.075598e+04 1.115942e+04
10.5 1.078553e+04 1.066019e+04 1.075280e+04 1.087814e+04
11.5 1.092624e+04 1.069462e+04 1.076387e+04 1.099549e+04
12.5 1.091956e+04 1.088429e+04 1.077346e+04 1.080872e+04
13.5 1.117470e+04 1.096517e+04 1.078460e+04 1.099414e+04
14.5 1.086605e+04 1.088959e+04 1.080275e+04 1.077921e+04
15.5 1.084885e+04 1.096251e+04 1.081276e+04 1.069910e+04
16.5 1.085420e+04 1.090069e+04 1.081937e+04 1.077288e+04
17.5 1.086944e+04 1.091276e+04 1.080767e+04 1.076435e+04
0.4 1.024547e+04 1.070751e+04 1.078400e+04 1.032196e+04
1.4 1.047500e+04 1.072894e+04 1.078410e+04 1.053016e+04
2.4 1.074067e+04 1.074708e+04 1.077662e+04 1.077022e+04
3.4 1.075082e+04 1.074565e+04 1.077689e+04 1.078205e+04
4.4 1.081834e+04 1.076997e+04 1.077747e+04 1.082584e+04
5.4 1.109959e+04 1.069616e+04 1.075598e+04 1.115942e+04
6.4 1.078553e+04 1.066019e+04 1.075280e+04 1.087814e+04
7.4 1.092624e+04 1.069462e+04 1.076387e+04 1.099549e+04
8.4 1.091956e+04 1.088429e+04 1.077346e+04 1.080872e+04
9.4 1.117470e+04 1.096517e+04 1.078460e+04 1.099414e+04
10.4 1.086605e+04 1.088959e+04 1.080275e+04 1.077921e+04
11.4 1.084885e+04 1.096251e+04 1.081276e+04 1.069910e+04
12.4 1.085420e+04 1.090069e+04 1.081937e+04 1.077288e+04
13.4 1.086944e+04 1.091276e+04 1.080767e+04 1.076435e+04
14.4 1.037777e+04 1.055212e+04 1.079173e+04 1.061737e+04
15.4 9.965375e+03 1.002472e+04 1.078154e+04 1.072219e+04
16.4 1.071085e+04 1.080277e+04 1.077697e+04 1.068505e+04
17.4 1.087787e+04 1.085200e+04 1.077584e+04 1.080171e+04
0.9 1.074067e+04 1.074708e+04 1.077662e+04 1.077022e+04
1.9 1.075082e+04 1.074565e+04 1.077689e+04 1.078205e+04
2.9 1.081834e+04 1.076997e+04 1.077747e+04 1.082584e+04
3.9 1.109959e+04 1.069616e+04 1.075598e+04 1.115942e+04
4.9 1.078553e+04 1.066019e+04 1.075280e+04 1.087814e+04
5.9 1.092624e+04 1.069462e+04 1.076387e+04 1.099549e+04
6.9 1.091956e+04 1.088429e+04 1.077346e+04 1.080872e+04
7.9 1.117470e+04 1.096517e+04 1.078460e+04 1.099414e+04
8.9 1.086605e+04 1.088959e+04 1.080275e+04 1.077921e+04
9.9 1.084885e+04 1.096251e+04 1.081276e+04 1.069910e+04
10.9 1.085420e+04 1.090069e+04 1.081937e+04 1.077288e+04
11.9 1.086944e+04 1.091276e+04 1.080767e+04 1.076435e+04
12.9 1.037777e+04 1.055212e+04 1.079173e+04 1.061737e+04
13.9 9.965375e+03 1.002472e+04 1.078154e+04 1.072219e+04
14.9 1.071085e+04 1.080277e+04 1.077697e+04 1.068505e+04
15.9 1.087787e+04 1.085200e+04 1.077584e+04 1.080171e+04
16.9 1.045585e+04 1.085335e+04 1.077652e+04 1.037901e+04
17.9 1.034931e+04 1.081980e+04 1.077791e+04 1.030742e+04
0.7 1.075082e+04 1.074565e+04 1.077689e+04 1.078205e+04
1.7 1.081834e+04 1.076997e+04 1.077747e+04 1.082584e+04
2.7 1.109959e+04 1.069616e+04 1.075598e+04 1.115942e+04
3.7 1.078553e+04 1.066019e+04 1.075280e+04 1.087814e+04
4.7 1.092624e+04 1.069462e+04 1.076387e+04 1.099549e+04
5.7 1.091956e+04 1.088429e+04 1.077346e+04 1.080872e+04
6.7 1.117470e+04 1.096517e+04 1.078460e+04 1.099414e+04
7.7 1.086605e+04 1.088959e+04 1.080275e+04 1.077921e+04
8.7 1.084885e+04 1.096251e+04 1.081276e+04 1.069910e+04
9.7 1.085420e+04 1.090069e+04 1.081937e+04 1.077288e+04
10.7 1.086944e+04 1.091276e+04 1.080767e+04 1.076435e+04
11.7 1.037777e+04 1.055212e+04 1.079173e+04 1.061737e+04
12.7 9.965375e+03 1.002472e+04 1.078154e+04 1.072219e+04
13.7 1.071085e+04 1.080277e+04 1.077697e+04 1.068505e+04
14.7 1.087787e+04 1.085200e+04 1.077584e+04 1.080171e+04
15.7 1.045585e+04 1.085335e+04 1.077652e+04 1.037901e+04
16.7 1.034931e+04 1.081980e+04 1.077791e+04 1.030742e+04
17.7 1.076940e+04 1.086772e+04 1.077937e+04 1.068104e+04
0.3 1.091956e+04 1.088429e+04 1.077346e+04 1.080872e+04
1.3 1.117470e+04 1.096517e+04 1.078460e+04 1.099414e+04
2.3 1.086605e+04 1.088959e+04 1.080275e+04 1.077921e+04
3.3 1.084885e+04 1.096251e+04 1.081276e+04 1.069910e+04
4.3 1.085420e+04 1.090069e+04 1.081937e+04 1.077288e+04
5.3 1.086944e+04 1.091276e+04 1.080767e+04 1.076435e+04
6.3 1.037777e+04 1.055212e+04 1.079173e+04 1.061737e+04
7.3 9.965375e+03 1.002472e+04 1.078154e+04 1.072219e+04
8.3 1.071085e+04 1.080277e+04 1.077697e+04 1.068505e+04
9.3 1.087787e+04 1.085200e+04 1.077584e+04 1.080171e+04
10.3 1.045585e+04 1.085335e+04 1.077652e+04 1.037901e+04
11.3 1.034931e+04 1.081980e+04 1.077791e+04 1.030742e+04
12.3 1.076940e+04 1.086772e+04 1.077937e+04 1.068104e+04
13.3 1.073683e+04 1.074952e+04 1.078061e+04 1.076792e+04
14.3 1.088248e+04 1.085600e+04 1.078163e+04 1.080810e+04
15.3 1.081353e+04 1.078962e+04 1.078250e+04 1.080641e+04
16.3 1.083935e+04 1.077816e+04 1.078333e+04 1.084452e+04
17.3 1.086225e+04 1.073795e+04 1.078416e+04 1.090845e+04
0.5 1.086605e+04 1.088959e+04 1.080275e+04 1.077921e+04
1.5 1.084885e+04 1.096251e+04 1.081276e+04 1.069910e+04
2.5 1.085420e+04 1.090069e+04 1.081937e+04 1.077288e+04
3.5 1.086944e+04 1.091276e+04 1.080767e+04 1.076435e+04
4.5 1.037777e+04 1.055212e+04 1.079173e+04 1.061737e+04
5.5 9.965375e+03 1.002472e+04 1.078154e+04 1.072219e+04
6.5 1.071085e+04 1.080277e+04 1.077697e+04 1.068505e+04
7.5 1.087787e+04 1.085200e+04 1.077584e+04 1.080171e+04
8.5 1.045585e+04 1.085335e+04 1.077652e+04 1.037901e+04
9.5 1.034931e+04 1.081980e+04 1.077791e+04 1.030742e+04
10.5 1.076940e+04 1.086772e+04 1.077937e+04 1.068104e+04
11.5 1.073683e+04 1.074952e+04 1.078061e+04 1.076792e+04
12.5 1.088248e+04 1.085600e+04 1.078163e+04 1.080810e+04
13.5 1.081353e+04 1.078962e+04 1.078250e+04 1.080641e+04
14.5 1.083935e+04 1.077816e+04 1.078333e+04 1.084452e+04
15.5 1.086225e+04 1.073795e+04 1.078416e+04 1.090845e+04
16.5 1.095403e+04 1.066895e+04 1.078502e+04 1.107010e+04
17.5 1.088988e+04 1.063903e+04 1.078594e+04 1.103678e+04
0.2 1.069207e+04 1.074206e+04 1.078903e+04 1.073904e+04
1.2 1.064615e+04 1.088031e+04 1.079231e+04 1.055815e+04
2.2 1.092400e+04 1.089513e+04 1.079016e+04 1.081903e+04
3.2 1.069350e+04 1.085762e+04 1.077312e+04 1.060901e+04
4.2 1.053007e+04 1.071178e+04 1.073255e+04 1.055084e+04
5.2 1.089478e+04 1.071716e+04 1.074608e+04 1.092370e+04
6.2 1.088343e+04 1.071892e+04 1.077616e+04 1.094068e+04
7.2 1.095396e+04 1.078674e+04 1.079386e+04 1.096108e+04
0.9 1.092400e+04 1.089513e+04 1.079016e+04 1.081903e+04
1.9 1.069350e+04 1.085762e+04 1.077312e+04 1.060901e+04
2.9 1.053007e+04 1.071178e+04 1.073255e+04 1.055084e+04
3.9 1.089478e+04 1.071716e+04 1.074608e+04 1.092370e+04
4.9 1.088343e+04 1.071892e+04 1.077616e+04 1.094068e+04
5.9 1.095396e+04 1.078674e+04 1.079386e+04 1.096108e+04
0.2 1.069350e+04 1.085762e+04 1.077312e+04 1.060901e+04
1.2 1.053007e+04 1.071178e+04 1.073255e+04 1.055084e+04
2.2 1.089478e+04 1.071716e+04 1.074608e+04 1.092370e+04
3.2 1.088343e+04 1.071892e+04 1.077616e+04 1.094068e+04
4.2 1.095396e+04 1.078674e+04 1.079386e+04 1.096108e+04
