0.9 1.097432e+04 1.101032e+04 1.099353e+04 1.095753e+04
1.9 1.091292e+04 1.098872e+04 1.101098e+04 1.093518e+04
2.9 1.098314e+04 1.101915e+04 1.101820e+04 1.098219e+04
3.9 1.098650e+04 1.102599e+04 1.100929e+04 1.096980e+04
4.9 1.098438e+04 1.099465e+04 1.099949e+04 1.098923e+04
5.9 1.092696e+04 1.095345e+04 1.099376e+04 1.096727e+04
6.9 1.104301e+04 1.092307e+04 1.099116e+04 1.111110e+04
7.9 1.100621e+04 1.090819e+04 1.099045e+04 1.108847e+04
8.9 1.092445e+04 1.095573e+04 1.099077e+04 1.095950e+04
9.9 1.104046e+04 1.099475e+04 1.099148e+04 1.103719e+04
10.9 1.103160e+04 1.099878e+04 1.099215e+04 1.102498e+04
11.9 1.102436e+04 1.091994e+04 1.099264e+04 1.109706e+04
12.9 1.090913e+04 1.090746e+04 1.099293e+04 1.099460e+04
13.9 1.111366e+04 1.100660e+04 1.099309e+04 1.110015e+04
14.9 1.107854e+04 1.107295e+04 1.099318e+04 1.099878e+04
15.9 1.097770e+04 1.102993e+04 1.099323e+04 1.094099e+04
16.9 1.111709e+04 1.102494e+04 1.099325e+04 1.108540e+04
17.9 1.102023e+04 1.104474e+04 1.099327e+04 1.096876e+04
0.9 1.096051e+04 1.109752e+04 1.099474e+04 1.085773e+04
1.9 1.110586e+04 1.102871e+04 1.101240e+04 1.108955e+04
2.9 1.105643e+04 1.104104e+04 1.102133e+04 1.103673e+04
3.9 1.103081e+04 1.100471e+04 1.101221e+04 1.103831e+04
4.9 1.081930e+04 1.100533e+04 1.100141e+04 1.081538e+04
5.9 1.084033e+04 1.099971e+04 1.099490e+04 1.083552e+04
6.9 1.095148e+04 1.098619e+04 1.099185e+04 1.095714e+04
7.9 1.095978e+04 1.104120e+04 1.099090e+04 1.090948e+04
8.9 1.105343e+04 1.104640e+04 1.099112e+04 1.099815e+04
9.9 1.097162e+04 1.100844e+04 1.099181e+04 1.095499e+04
10.9 1.104365e+04 1.101155e+04 1.099251e+04 1.102461e+04
11.9 1.113068e+04 1.104716e+04 1.099302e+04 1.107654e+04
12.9 1.099638e+04 1.106815e+04 1.099335e+04 1.092158e+04
13.9 1.095936e+04 1.105940e+04 1.099355e+04 1.089351e+04
14.9 1.103445e+04 1.102590e+04 1.099367e+04 1.100223e+04
15.9 1.099890e+04 1.103753e+04 1.099377e+04 1.095515e+04
16.9 1.105467e+04 1.110180e+04 1.099386e+04 1.094673e+04
17.9 1.115115e+04 1.107160e+04 1.099625e+04 1.107580e+04
1.0 1.115115e+04 1.107160e+04 1.099625e+04 1.107580e+04
2.0 1.111850e+04 1.104407e+04 1.101398e+04 1.108841e+04
3.0 1.122208e+04 1.107473e+04 1.102003e+04 1.116737e+04
4.0 1.120354e+04 1.112143e+04 1.101071e+04 1.109282e+04
5.0 1.096298e+04 1.100987e+04 1.100106e+04 1.095417e+04
6.0 1.099588e+04 1.083664e+04 1.099552e+04 1.115476e+04
7.0 1.076367e+04 1.076940e+04 1.099304e+04 1.098731e+04
8.0 1.085576e+04 1.086537e+04 1.099242e+04 1.098282e+04
9.0 1.081070e+04 1.091516e+04 1.099281e+04 1.088834e+04
10.0 1.072472e+04 1.091420e+04 1.099357e+04 1.080409e+04
11.0 1.071120e+04 1.091120e+04 1.099430e+04 1.079430e+04
12.0 1.070048e+04 1.087100e+04 1.099485e+04 1.082433e+04
13.0 1.091401e+04 1.094710e+04 1.099522e+04 1.096213e+04
14.0 1.093040e+04 1.103315e+04 1.099547e+04 1.089273e+04
15.0 1.107697e+04 1.103347e+04 1.099564e+04 1.103915e+04
16.0 1.100995e+04 1.099824e+04 1.099578e+04 1.100749e+04
17.0 1.103715e+04 1.099852e+04 1.099589e+04 1.103452e+04
18.0 1.095194e+04 1.100839e+04 1.099599e+04 1.093954e+04
0.7 1.112236e+04 1.098928e+04 1.099231e+04 1.112538e+04
1.7 1.095321e+04 1.095649e+04 1.100750e+04 1.100422e+04
2.7 1.095851e+04 1.089935e+04 1.101955e+04 1.107871e+04
3.7 1.108667e+04 1.093510e+04 1.101188e+04 1.116345e+04
4.7 1.113259e+04 1.107001e+04 1.100144e+04 1.106402e+04
5.7 1.119692e+04 1.105906e+04 1.101078e+04 1.114865e+04
6.7 1.112065e+04 1.097847e+04 1.101783e+04 1.116001e+04
7.7 1.099617e+04 1.097535e+04 1.100818e+04 1.102900e+04
8.7 1.092287e+04 1.101141e+04 1.099717e+04 1.090863e+04
9.7 1.089443e+04 1.102411e+04 1.099094e+04 1.086127e+04
10.7 1.106227e+04 1.099272e+04 1.098837e+04 1.105791e+04
11.7 1.111374e+04 1.095403e+04 1.098781e+04 1.114753e+04
12.7 1.093063e+04 1.094843e+04 1.098838e+04 1.097059e+04
13.7 1.105405e+04 1.107847e+04 1.099983e+04 1.097541e+04
14.7 1.104649e+04 1.113102e+04 1.101587e+04 1.093134e+04
15.7 1.101965e+04 1.111310e+04 1.101229e+04 1.091885e+04
16.7 1.073927e+04 1.109426e+04 1.100183e+04 1.064684e+04
17.7 1.088551e+04 1.105908e+04 1.099446e+04 1.082088e+04
0.8 1.113259e+04 1.107001e+04 1.100144e+04 1.106402e+04
1.8 1.119692e+04 1.105906e+04 1.101078e+04 1.114865e+04
2.8 1.112065e+04 1.097847e+04 1.101783e+04 1.116001e+04
3.8 1.099617e+04 1.097535e+04 1.100818e+04 1.102900e+04
4.8 1.092287e+04 1.101141e+04 1.099717e+04 1.090863e+04
5.8 1.089443e+04 1.102411e+04 1.099094e+04 1.086127e+04
6.8 1.106227e+04 1.099272e+04 1.098837e+04 1.105791e+04
7.8 1.111374e+04 1.095403e+04 1.098781e+04 1.114753e+04
8.8 1.093063e+04 1.094843e+04 1.098838e+04 1.097059e+04
9.8 1.105405e+04 1.107847e+04 1.099983e+04 1.097541e+04
10.8 1.104649e+04 1.113102e+04 1.101587e+04 1.093134e+04
11.8 1.101965e+04 1.111310e+04 1.101229e+04 1.091885e+04
12.8 1.073927e+04 1.109426e+04 1.100183e+04 1.064684e+04
13.8 1.088551e+04 1.105908e+04 1.099446e+04 1.082088e+04
14.8 1.076826e+04 1.107733e+04 1.099075e+04 1.068167e+04
15.8 1.096048e+04 1.114032e+04 1.098937e+04 1.080953e+04
16.8 1.103702e+04 1.117635e+04 1.098934e+04 1.085001e+04
17.8 1.091236e+04 1.114015e+04 1.098996e+04 1.076217e+04
0.5 1.093063e+04 1.094843e+04 1.098838e+04 1.097059e+04
1.5 1.105405e+04 1.107847e+04 1.099983e+04 1.097541e+04
2.5 1.104649e+04 1.113102e+04 1.101587e+04 1.093134e+04
3.5 1.101965e+04 1.111310e+04 1.101229e+04 1.091885e+04
4.5 1.073927e+04 1.109426e+04 1.100183e+04 1.064684e+04
5.5 1.088551e+04 1.105908e+04 1.099446e+04 1.082088e+04
6.5 1.076826e+04 1.107733e+04 1.099075e+04 1.068167e+04
7.5 1.096048e+04 1.114032e+04 1.098937e+04 1.080953e+04
8.5 1.103702e+04 1.117635e+04 1.098934e+04 1.085001e+04
9.5 1.091236e+04 1.114015e+04 1.098996e+04 1.076217e+04
10.5 1.104556e+04 1.093165e+04 1.099069e+04 1.110459e+04
11.5 1.020326e+04 1.047117e+04 1.099127e+04 1.072336e+04
12.5 1.138927e+04 1.091806e+04 1.099165e+04 1.146286e+04
13.5 1.097164e+04 1.087041e+04 1.099187e+04 1.109310e+04
14.5 1.098661e+04 1.085887e+04 1.099200e+04 1.111974e+04
15.5 1.067395e+04 1.087652e+04 1.099207e+04 1.078950e+04
16.5 1.085723e+04 1.087977e+04 1.099212e+04 1.096958e+04
17.5 1.093146e+04 1.089567e+04 1.099216e+04 1.102795e+04
0.9 1.107568e+04 1.101751e+04 1.099409e+04 1.105226e+04
1.9 1.102523e+04 1.101052e+04 1.101136e+04 1.102607e+04
2.9 1.104952e+04 1.095527e+04 1.101845e+04 1.111269e+04
3.9 1.116692e+04 1.098479e+04 1.100943e+04 1.119156e+04
4.9 1.103046e+04 1.098495e+04 1.099956e+04 1.104506e+04
5.9 1.117060e+04 1.105450e+04 1.099378e+04 1.110988e+04
6.9 1.104225e+04 1.108205e+04 1.099399e+04 1.095420e+04
7.9 1.108815e+04 1.101729e+04 1.101121e+04 1.108207e+04
8.9 1.102433e+04 1.096898e+04 1.101645e+04 1.107180e+04
9.9 1.090496e+04 1.097834e+04 1.100748e+04 1.093409e+04
10.9 1.100160e+04 1.099277e+04 1.099865e+04 1.100748e+04
11.9 1.104228e+04 1.099192e+04 1.099376e+04 1.104412e+04
12.9 1.096121e+04 1.101568e+04 1.099171e+04 1.093724e+04
13.9 1.104601e+04 1.098578e+04 1.099134e+04 1.105157e+04
14.9 1.116668e+04 1.102330e+04 1.099187e+04 1.113525e+04
15.9 1.109200e+04 1.101818e+04 1.099271e+04 1.106652e+04
16.9 1.101249e+04 1.099976e+04 1.099349e+04 1.100622e+04
17.9 1.114797e+04 1.102515e+04 1.099409e+04 1.111691e+04
1.0 1.104225e+04 1.108205e+04 1.099399e+04 1.095420e+04
2.0 1.108815e+04 1.101729e+04 1.101121e+04 1.108207e+04
3.0 1.102433e+04 1.096898e+04 1.101645e+04 1.107180e+04
4.0 1.090496e+04 1.097834e+04 1.100748e+04 1.093409e+04
5.0 1.100160e+04 1.099277e+04 1.099865e+04 1.100748e+04
6.0 1.104228e+04 1.099192e+04 1.099376e+04 1.104412e+04
7.0 1.096121e+04 1.101568e+04 1.099171e+04 1.093724e+04
8.0 1.104601e+04 1.098578e+04 1.099134e+04 1.105157e+04
9.0 1.116668e+04 1.102330e+04 1.099187e+04 1.113525e+04
10.0 1.109200e+04 1.101818e+04 1.099271e+04 1.106652e+04
11.0 1.101249e+04 1.099976e+04 1.099349e+04 1.100622e+04
12.0 1.114797e+04 1.102515e+04 1.099409e+04 1.111691e+04
13.0 1.106749e+04 1.108138e+04 1.099450e+04 1.098061e+04
14.0 1.118050e+04 1.106442e+04 1.099480e+04 1.111088e+04
15.0 1.108589e+04 1.100691e+04 1.099503e+04 1.107401e+04
16.0 1.109301e+04 1.099366e+04 1.099522e+04 1.109457e+04
17.0 1.107061e+04 1.092729e+04 1.099538e+04 1.113870e+04
18.0 1.072912e+04 1.087858e+04 1.099552e+04 1.084606e+04
0.1 1.109934e+04 1.105344e+04 1.099490e+04 1.104080e+04
1.1 1.080462e+04 1.099940e+04 1.099828e+04 1.080351e+04
2.1 1.076297e+04 1.097661e+04 1.101635e+04 1.080271e+04
3.1 1.089833e+04 1.102735e+04 1.102012e+04 1.089110e+04
4.1 1.097150e+04 1.108320e+04 1.101009e+04 1.089839e+04
5.1 1.108467e+04 1.104093e+04 1.100068e+04 1.104441e+04
6.1 1.110124e+04 1.100100e+04 1.099538e+04 1.109562e+04
7.1 1.101740e+04 1.098841e+04 1.099302e+04 1.102202e+04
8.1 1.101787e+04 1.094872e+04 1.099241e+04 1.106155e+04
9.1 1.112647e+04 1.099153e+04 1.099274e+04 1.112769e+04
10.1 1.109342e+04 1.102980e+04 1.099340e+04 1.105701e+04
11.1 1.109715e+04 1.108980e+04 1.099400e+04 1.100135e+04
12.1 1.109376e+04 1.111604e+04 1.099441e+04 1.097212e+04
13.1 1.115163e+04 1.109058e+04 1.099464e+04 1.105569e+04
14.1 1.099029e+04 1.101866e+04 1.099476e+04 1.096639e+04
15.1 1.081755e+04 1.100007e+04 1.099481e+04 1.081228e+04
16.1 1.110281e+04 1.107262e+04 1.099483e+04 1.102502e+04
17.1 1.107606e+04 1.112456e+04 1.099483e+04 1.094633e+04
0.6 1.078227e+04 1.098660e+04 1.099475e+04 1.079041e+04
1.6 1.090064e+04 1.093740e+04 1.100730e+04 1.097054e+04
2.6 1.075209e+04 1.086542e+04 1.102246e+04 1.090914e+04
3.6 1.098441e+04 1.089219e+04 1.101703e+04 1.110924e+04
4.6 1.095312e+04 1.090649e+04 1.100552e+04 1.105215e+04
5.6 1.094953e+04 1.087465e+04 1.099769e+04 1.107258e+04
6.6 1.103724e+04 1.093239e+04 1.099378e+04 1.109864e+04
7.6 1.106745e+04 1.098270e+04 1.099232e+04 1.107707e+04
8.6 1.109065e+04 1.094790e+04 1.099228e+04 1.113503e+04
9.6 1.104882e+04 1.091805e+04 1.099290e+04 1.112367e+04
10.6 1.092344e+04 1.092761e+04 1.099362e+04 1.098946e+04
11.6 1.082228e+04 1.093688e+04 1.099419e+04 1.087959e+04
12.6 1.104805e+04 1.101597e+04 1.099456e+04 1.102663e+04
13.6 1.103283e+04 1.099745e+04 1.099476e+04 1.103014e+04
14.6 1.106606e+04 1.105120e+04 1.099485e+04 1.100972e+04
15.6 1.102530e+04 1.101685e+04 1.099489e+04 1.100334e+04
16.6 1.085254e+04 1.094219e+04 1.099490e+04 1.090525e+04
17.6 1.093374e+04 1.097345e+04 1.099489e+04 1.095519e+04
0.4 1.098391e+04 1.100925e+04 1.099426e+04 1.096892e+04
1.4 1.094482e+04 1.096160e+04 1.100371e+04 1.098694e+04
2.4 1.101172e+04 1.092054e+04 1.102111e+04 1.111229e+04
3.4 1.065889e+04 1.090577e+04 1.101813e+04 1.077125e+04
4.4 1.114515e+04 1.098409e+04 1.100649e+04 1.116756e+04
5.4 1.113005e+04 1.103402e+04 1.099792e+04 1.109395e+04
6.4 1.104635e+04 1.104510e+04 1.099344e+04 1.099469e+04
7.4 1.113307e+04 1.103326e+04 1.099162e+04 1.109143e+04
8.4 1.114191e+04 1.100883e+04 1.099135e+04 1.112443e+04
9.4 1.093966e+04 1.097445e+04 1.099184e+04 1.095705e+04
10.4 1.115427e+04 1.103666e+04 1.099252e+04 1.111014e+04
11.4 1.088065e+04 1.099782e+04 1.099307e+04 1.087590e+04
12.4 1.091261e+04 1.090651e+04 1.099340e+04 1.099950e+04
13.4 1.093112e+04 1.093149e+04 1.099358e+04 1.099320e+04
14.4 1.083308e+04 1.092856e+04 1.099366e+04 1.089818e+04
15.4 1.066933e+04 1.093115e+04 1.099369e+04 1.073186e+04
16.4 1.101579e+04 1.098017e+04 1.099369e+04 1.102931e+04
17.4 1.098427e+04 1.100014e+04 1.099370e+04 1.097783e+04
0.6 1.106627e+04 1.111649e+04 1.099404e+04 1.094383e+04
1.6 1.104809e+04 1.105396e+04 1.100807e+04 1.100220e+04
2.6 1.112602e+04 1.111359e+04 1.102184e+04 1.103428e+04
3.6 1.116574e+04 1.110539e+04 1.101531e+04 1.107566e+04
4.6 1.102535e+04 1.104396e+04 1.100391e+04 1.098530e+04
5.6 1.123099e+04 1.099884e+04 1.099642e+04 1.122857e+04
6.6 1.114846e+04 1.096406e+04 1.099273e+04 1.117713e+04
7.6 1.112485e+04 1.101402e+04 1.099139e+04 1.110222e+04
8.6 1.117324e+04 1.100334e+04 1.099141e+04 1.116130e+04
9.6 1.094803e+04 1.097343e+04 1.099203e+04 1.096663e+04
10.6 1.076467e+04 1.095499e+04 1.099273e+04 1.080241e+04
11.6 1.081841e+04 1.095444e+04 1.099326e+04 1.085723e+04
12.6 1.100952e+04 1.096576e+04 1.099359e+04 1.103736e+04
13.6 1.098800e+04 1.097955e+04 1.099378e+04 1.100223e+04
14.6 1.106873e+04 1.100752e+04 1.099387e+04 1.105509e+04
15.6 1.106876e+04 1.098393e+04 1.099393e+04 1.107877e+04
16.6 1.104494e+04 1.093235e+04 1.099397e+04 1.110656e+04
17.6 1.104950e+04 1.092170e+04 1.099401e+04 1.112181e+04
0.4 1.113993e+04 1.108525e+04 1.099425e+04 1.104893e+04
1.4 1.110438e+04 1.105685e+04 1.100433e+04 1.105185e+04
2.4 1.096929e+04 1.108195e+04 1.102153e+04 1.090886e+04
3.4 1.078548e+04 1.086520e+04 1.101822e+04 1.093851e+04
4.4 1.080448e+04 1.088232e+04 1.100672e+04 1.092887e+04
5.4 1.096095e+04 1.097995e+04 1.099840e+04 1.097940e+04
6.4 1.100248e+04 1.099588e+04 1.099417e+04 1.100077e+04
7.4 1.082627e+04 1.099455e+04 1.099256e+04 1.082428e+04
8.4 1.066213e+04 1.099872e+04 1.099248e+04 1.065589e+04
9.4 1.093260e+04 1.100495e+04 1.099316e+04 1.092081e+04
10.4 1.083220e+04 1.093187e+04 1.099400e+04 1.089433e+04
11.4 1.091678e+04 1.099884e+04 1.099471e+04 1.091265e+04
12.4 1.092664e+04 1.096972e+04 1.099523e+04 1.095214e+04
13.4 1.096851e+04 1.097368e+04 1.099559e+04 1.099042e+04
14.4 1.107819e+04 1.099070e+04 1.099585e+04 1.108334e+04
15.4 1.093512e+04 1.097940e+04 1.099607e+04 1.095179e+04
16.4 1.111391e+04 1.097124e+04 1.099627e+04 1.113894e+04
17.4 1.097565e+04 1.093369e+04 1.099646e+04 1.103841e+04
