0.7 1.105145e+04 1.105864e+04 1.100989e+04 1.100271e+04
1.7 1.106058e+04 1.106294e+04 1.101716e+04 1.101480e+04
2.7 1.097432e+04 1.101032e+04 1.100900e+04 1.097300e+04
3.7 1.091292e+04 1.098872e+04 1.098525e+04 1.090945e+04
4.7 1.098314e+04 1.101915e+04 1.096776e+04 1.093175e+04
5.7 1.098650e+04 1.102599e+04 1.097849e+04 1.093900e+04
6.7 1.098438e+04 1.099465e+04 1.099253e+04 1.098226e+04
7.7 1.092696e+04 1.095345e+04 1.100568e+04 1.097919e+04
8.7 1.104301e+04 1.092307e+04 1.101670e+04 1.113664e+04
9.7 1.100621e+04 1.090819e+04 1.101094e+04 1.110896e+04
10.7 1.092445e+04 1.095573e+04 1.100920e+04 1.097793e+04
11.7 1.104046e+04 1.099475e+04 1.100547e+04 1.105118e+04
12.7 1.103160e+04 1.099878e+04 1.100553e+04 1.103836e+04
13.7 1.102436e+04 1.091994e+04 1.098978e+04 1.109420e+04
14.7 1.090913e+04 1.090746e+04 1.097107e+04 1.097274e+04
15.7 1.111366e+04 1.100660e+04 1.096025e+04 1.106731e+04
16.7 1.107854e+04 1.107295e+04 1.095946e+04 1.096506e+04
17.7 1.097770e+04 1.102993e+04 1.098090e+04 1.092866e+04
0.9 1.098314e+04 1.101915e+04 1.096776e+04 1.093175e+04
1.9 1.098650e+04 1.102599e+04 1.097849e+04 1.093900e+04
2.9 1.098438e+04 1.099465e+04 1.099253e+04 1.098226e+04
3.9 1.092696e+04 1.095345e+04 1.100568e+04 1.097919e+04
4.9 1.104301e+04 1.092307e+04 1.101670e+04 1.113664e+04
5.9 1.100621e+04 1.090819e+04 1.101094e+04 1.110896e+04
6.9 1.092445e+04 1.095573e+04 1.100920e+04 1.097793e+04
7.9 1.104046e+04 1.099475e+04 1.100547e+04 1.105118e+04
8.9 1.103160e+04 1.099878e+04 1.100553e+04 1.103836e+04
9.9 1.102436e+04 1.091994e+04 1.098978e+04 1.109420e+04
10.9 1.090913e+04 1.090746e+04 1.097107e+04 1.097274e+04
11.9 1.111366e+04 1.100660e+04 1.096025e+04 1.106731e+04
12.9 1.107854e+04 1.107295e+04 1.095946e+04 1.096506e+04
13.9 1.097770e+04 1.102993e+04 1.098090e+04 1.092866e+04
14.9 1.111709e+04 1.102494e+04 1.100220e+04 1.109436e+04
15.9 1.102023e+04 1.104474e+04 1.103040e+04 1.100589e+04
16.9 1.118234e+04 1.108158e+04 1.103700e+04 1.113776e+04
17.9 1.096051e+04 1.109752e+04 1.103270e+04 1.089569e+04
0.3 1.098650e+04 1.102599e+04 1.097849e+04 1.093900e+04
1.3 1.098438e+04 1.099465e+04 1.099253e+04 1.098226e+04
2.3 1.092696e+04 1.095345e+04 1.100568e+04 1.097919e+04
3.3 1.104301e+04 1.092307e+04 1.101670e+04 1.113664e+04
4.3 1.100621e+04 1.090819e+04 1.101094e+04 1.110896e+04
5.3 1.092445e+04 1.095573e+04 1.100920e+04 1.097793e+04
6.3 1.104046e+04 1.099475e+04 1.100547e+04 1.105118e+04
7.3 1.103160e+04 1.099878e+04 1.100553e+04 1.103836e+04
8.3 1.102436e+04 1.091994e+04 1.098978e+04 1.109420e+04
9.3 1.090913e+04 1.090746e+04 1.097107e+04 1.097274e+04
10.3 1.111366e+04 1.100660e+04 1.096025e+04 1.106731e+04
11.3 1.107854e+04 1.107295e+04 1.095946e+04 1.096506e+04
12.3 1.097770e+04 1.102993e+04 1.098090e+04 1.092866e+04
13.3 1.111709e+04 1.102494e+04 1.100220e+04 1.109436e+04
14.3 1.102023e+04 1.104474e+04 1.103040e+04 1.100589e+04
15.3 1.118234e+04 1.108158e+04 1.103700e+04 1.113776e+04
16.3 1.096051e+04 1.109752e+04 1.103270e+04 1.089569e+04
17.3 1.110586e+04 1.102871e+04 1.101078e+04 1.108793e+04
1.0 1.092696e+04 1.095345e+04 1.100568e+04 1.097919e+04
2.0 1.104301e+04 1.092307e+04 1.101670e+04 1.113664e+04
3.0 1.100621e+04 1.090819e+04 1.101094e+04 1.110896e+04
4.0 1.092445e+04 1.095573e+04 1.100920e+04 1.097793e+04
5.0 1.104046e+04 1.099475e+04 1.100547e+04 1.105118e+04
6.0 1.103160e+04 1.099878e+04 1.100553e+04 1.103836e+04
7.0 1.102436e+04 1.091994e+04 1.098978e+04 1.109420e+04
8.0 1.090913e+04 1.090746e+04 1.097107e+04 1.097274e+04
9.0 1.111366e+04 1.100660e+04 1.096025e+04 1.106731e+04
10.0 1.107854e+04 1.107295e+04 1.095946e+04 1.096506e+04
11.0 1.097770e+04 1.102993e+04 1.098090e+04 1.092866e+04
12.0 1.111709e+04 1.102494e+04 1.100220e+04 1.109436e+04
13.0 1.102023e+04 1.104474e+04 1.103040e+04 1.100589e+04
14.0 1.118234e+04 1.108158e+04 1.103700e+04 1.113776e+04
15.0 1.096051e+04 1.109752e+04 1.103270e+04 1.089569e+04
16.0 1.110586e+04 1.102871e+04 1.101078e+04 1.108793e+04
17.0 1.105643e+04 1.104104e+04 1.098348e+04 1.099887e+04
18.0 1.103081e+04 1.100471e+04 1.096608e+04 1.099218e+04
0.1 1.104301e+04 1.092307e+04 1.101670e+04 1.113664e+04
1.1 1.100621e+04 1.090819e+04 1.101094e+04 1.110896e+04
2.1 1.092445e+04 1.095573e+04 1.100920e+04 1.097793e+04
3.1 1.104046e+04 1.099475e+04 1.100547e+04 1.105118e+04
4.1 1.103160e+04 1.099878e+04 1.100553e+04 1.103836e+04
5.1 1.102436e+04 1.091994e+04 1.098978e+04 1.109420e+04
6.1 1.090913e+04 1.090746e+04 1.097107e+04 1.097274e+04
7.1 1.111366e+04 1.100660e+04 1.096025e+04 1.106731e+04
8.1 1.107854e+04 1.107295e+04 1.095946e+04 1.096506e+04
9.1 1.097770e+04 1.102993e+04 1.098090e+04 1.092866e+04
10.1 1.111709e+04 1.102494e+04 1.100220e+04 1.109436e+04
11.1 1.102023e+04 1.104474e+04 1.103040e+04 1.100589e+04
12.1 1.118234e+04 1.108158e+04 1.103700e+04 1.113776e+04
13.1 1.096051e+04 1.109752e+04 1.103270e+04 1.089569e+04
14.1 1.110586e+04 1.102871e+04 1.101078e+04 1.108793e+04
15.1 1.105643e+04 1.104104e+04 1.098348e+04 1.099887e+04
16.1 1.103081e+04 1.100471e+04 1.096608e+04 1.099218e+04
17.1 1.081930e+04 1.100533e+04 1.096430e+04 1.077827e+04
0.4 1.092445e+04 1.095573e+04 1.100920e+04 1.097793e+04
1.4 1.104046e+04 1.099475e+04 1.100547e+04 1.105118e+04
2.4 1.103160e+04 1.099878e+04 1.100553e+04 1.103836e+04
3.4 1.102436e+04 1.091994e+04 1.098978e+04 1.109420e+04
4.4 1.090913e+04 1.090746e+04 1.097107e+04 1.097274e+04
5.4 1.111366e+04 1.100660e+04 1.096025e+04 1.106731e+04
6.4 1.107854e+04 1.107295e+04 1.095946e+04 1.096506e+04
7.3 1.097770e+04 1.102993e+04 1.098090e+04 1.092866e+04
8.3 1.111709e+04 1.102494e+04 1.100220e+04 1.109436e+04
9.3 1.102023e+04 1.104474e+04 1.103040e+04 1.100589e+04
10.3 1.118234e+04 1.108158e+04 1.103700e+04 1.113776e+04
11.3 1.096051e+04 1.109752e+04 1.103270e+04 1.089569e+04
12.3 1.110586e+04 1.102871e+04 1.101078e+04 1.108793e+04
13.3 1.105643e+04 1.104104e+04 1.098348e+04 1.099887e+04
14.3 1.103081e+04 1.100471e+04 1.096608e+04 1.099218e+04
15.3 1.081930e+04 1.100533e+04 1.096430e+04 1.077827e+04
16.3 1.084033e+04 1.099971e+04 1.098520e+04 1.082583e+04
17.3 1.095148e+04 1.098619e+04 1.099947e+04 1.096476e+04
1.0 1.107854e+04 1.107295e+04 1.095946e+04 1.096506e+04
2.0 1.097770e+04 1.102993e+04 1.098090e+04 1.092866e+04
3.0 1.111709e+04 1.102494e+04 1.100220e+04 1.109436e+04
4.0 1.102023e+04 1.104474e+04 1.103040e+04 1.100589e+04
5.0 1.118234e+04 1.108158e+04 1.103700e+04 1.113776e+04
6.0 1.096051e+04 1.109752e+04 1.103270e+04 1.089569e+04
7.0 1.110586e+04 1.102871e+04 1.101078e+04 1.108793e+04
8.0 1.105643e+04 1.104104e+04 1.098348e+04 1.099887e+04
9.0 1.103081e+04 1.100471e+04 1.096608e+04 1.099218e+04
10.0 1.081930e+04 1.100533e+04 1.096430e+04 1.077827e+04
11.0 1.084033e+04 1.099971e+04 1.098520e+04 1.082583e+04
12.0 1.095148e+04 1.098619e+04 1.099947e+04 1.096476e+04
13.0 1.095978e+04 1.104120e+04 1.101319e+04 1.093177e+04
14.0 1.105343e+04 1.104640e+04 1.102348e+04 1.103050e+04
15.0 1.097162e+04 1.100844e+04 1.101770e+04 1.098087e+04
16.0 1.104365e+04 1.101155e+04 1.099543e+04 1.102753e+04
17.0 1.113068e+04 1.104716e+04 1.097746e+04 1.106098e+04
18.0 1.099638e+04 1.106815e+04 1.098552e+04 1.091374e+04
0.5 1.097770e+04 1.102993e+04 1.098090e+04 1.092866e+04
1.5 1.111709e+04 1.102494e+04 1.100220e+04 1.109436e+04
2.5 1.102023e+04 1.104474e+04 1.103040e+04 1.100589e+04
3.5 1.118234e+04 1.108158e+04 1.103700e+04 1.113776e+04
4.5 1.096051e+04 1.109752e+04 1.103270e+04 1.089569e+04
5.5 1.110586e+04 1.102871e+04 1.101078e+04 1.108793e+04
6.5 1.105643e+04 1.104104e+04 1.098348e+04 1.099887e+04
7.5 1.103081e+04 1.100471e+04 1.096608e+04 1.099218e+04
8.5 1.081930e+04 1.100533e+04 1.096430e+04 1.077827e+04
9.5 1.084033e+04 1.099971e+04 1.098520e+04 1.082583e+04
10.5 1.095148e+04 1.098619e+04 1.099947e+04 1.096476e+04
11.5 1.095978e+04 1.104120e+04 1.101319e+04 1.093177e+04
12.5 1.105343e+04 1.104640e+04 1.102348e+04 1.103050e+04
13.5 1.097162e+04 1.100844e+04 1.101770e+04 1.098087e+04
14.5 1.104365e+04 1.101155e+04 1.099543e+04 1.102753e+04
15.5 1.113068e+04 1.104716e+04 1.097746e+04 1.106098e+04
16.5 1.099638e+04 1.106815e+04 1.098552e+04 1.091374e+04
17.5 1.095936e+04 1.105940e+04 1.101465e+04 1.091461e+04
0.7 1.111709e+04 1.102494e+04 1.100220e+04 1.109436e+04
1.7 1.102023e+04 1.104474e+04 1.103040e+04 1.100589e+04
2.7 1.118234e+04 1.108158e+04 1.103700e+04 1.113776e+04
3.7 1.096051e+04 1.109752e+04 1.103270e+04 1.089569e+04
4.7 1.110586e+04 1.102871e+04 1.101078e+04 1.108793e+04
5.7 1.105643e+04 1.104104e+04 1.098348e+04 1.099887e+04
6.7 1.103081e+04 1.100471e+04 1.096608e+04 1.099218e+04
7.7 1.081930e+04 1.100533e+04 1.096430e+04 1.077827e+04
8.7 1.084033e+04 1.099971e+04 1.098520e+04 1.082583e+04
9.7 1.095148e+04 1.098619e+04 1.099947e+04 1.096476e+04
10.7 1.095978e+04 1.104120e+04 1.101319e+04 1.093177e+04
11.7 1.105343e+04 1.104640e+04 1.102348e+04 1.103050e+04
12.7 1.097162e+04 1.100844e+04 1.101770e+04 1.098087e+04
13.7 1.104365e+04 1.101155e+04 1.099543e+04 1.102753e+04
14.7 1.113068e+04 1.104716e+04 1.097746e+04 1.106098e+04
15.7 1.099638e+04 1.106815e+04 1.098552e+04 1.091374e+04
16.7 1.095936e+04 1.105940e+04 1.101465e+04 1.091461e+04
17.7 1.103445e+04 1.102590e+04 1.103187e+04 1.104042e+04
0.1 1.102023e+04 1.104474e+04 1.103040e+04 1.100589e+04
1.1 1.118234e+04 1.108158e+04 1.103700e+04 1.113776e+04
2.1 1.096051e+04 1.109752e+04 1.103270e+04 1.089569e+04
3.1 1.110586e+04 1.102871e+04 1.101078e+04 1.108793e+04
4.1 1.105643e+04 1.104104e+04 1.098348e+04 1.099887e+04
5.1 1.103081e+04 1.100471e+04 1.096608e+04 1.099218e+04
6.1 1.081930e+04 1.100533e+04 1.096430e+04 1.077827e+04
7.1 1.084033e+04 1.099971e+04 1.098520e+04 1.082583e+04
8.1 1.095148e+04 1.098619e+04 1.099947e+04 1.096476e+04
9.1 1.095978e+04 1.104120e+04 1.101319e+04 1.093177e+04
10.1 1.105343e+04 1.104640e+04 1.102348e+04 1.103050e+04
11.1 1.097162e+04 1.100844e+04 1.101770e+04 1.098087e+04
12.1 1.104365e+04 1.101155e+04 1.099543e+04 1.102753e+04
13.1 1.113068e+04 1.104716e+04 1.097746e+04 1.106098e+04
14.1 1.099638e+04 1.106815e+04 1.098552e+04 1.091374e+04
15.1 1.095936e+04 1.105940e+04 1.101465e+04 1.091461e+04
16.1 1.103445e+04 1.102590e+04 1.103187e+04 1.104042e+04
17.1 1.099890e+04 1.103753e+04 1.103869e+04 1.100006e+04
0.2 1.103081e+04 1.100471e+04 1.096608e+04 1.099218e+04
1.2 1.081930e+04 1.100533e+04 1.096430e+04 1.077827e+04
2.2 1.084033e+04 1.099971e+04 1.098520e+04 1.082583e+04
3.2 1.095148e+04 1.098619e+04 1.099947e+04 1.096476e+04
4.2 1.095978e+04 1.104120e+04 1.101319e+04 1.093177e+04
5.2 1.105343e+04 1.104640e+04 1.102348e+04 1.103050e+04
6.2 1.097162e+04 1.100844e+04 1.101770e+04 1.098087e+04
7.2 1.104365e+04 1.101155e+04 1.099543e+04 1.102753e+04
8.2 1.113068e+04 1.104716e+04 1.097746e+04 1.106098e+04
9.2 1.099638e+04 1.106815e+04 1.098552e+04 1.091374e+04
10.2 1.095936e+04 1.105940e+04 1.101465e+04 1.091461e+04
11.2 1.103445e+04 1.102590e+04 1.103187e+04 1.104042e+04
12.2 1.099890e+04 1.103753e+04 1.103869e+04 1.100006e+04
13.1 1.105467e+04 1.110180e+04 1.104177e+04 1.099463e+04
14.1 1.115115e+04 1.107160e+04 1.102818e+04 1.110773e+04
15.1 1.111850e+04 1.104407e+04 1.100118e+04 1.107561e+04
16.1 1.122208e+04 1.107473e+04 1.098118e+04 1.112852e+04
17.1 1.120354e+04 1.112143e+04 1.097210e+04 1.105421e+04
0.4 1.084033e+04 1.099971e+04 1.098520e+04 1.082583e+04
1.4 1.095148e+04 1.098619e+04 1.099947e+04 1.096476e+04
2.4 1.095978e+04 1.104120e+04 1.101319e+04 1.093177e+04
3.4 1.105343e+04 1.104640e+04 1.102348e+04 1.103050e+04
4.4 1.097162e+04 1.100844e+04 1.101770e+04 1.098087e+04
5.4 1.104365e+04 1.101155e+04 1.099543e+04 1.102753e+04
6.4 1.113068e+04 1.104716e+04 1.097746e+04 1.106098e+04
7.3 1.099638e+04 1.106815e+04 1.098552e+04 1.091374e+04
8.3 1.095936e+04 1.105940e+04 1.101465e+04 1.091461e+04
9.3 1.103445e+04 1.102590e+04 1.103187e+04 1.104042e+04
10.3 1.099890e+04 1.103753e+04 1.103869e+04 1.100006e+04
11.3 1.105467e+04 1.110180e+04 1.104177e+04 1.099463e+04
12.3 1.115115e+04 1.107160e+04 1.102818e+04 1.110773e+04
13.3 1.111850e+04 1.104407e+04 1.100118e+04 1.107561e+04
14.3 1.122208e+04 1.107473e+04 1.098118e+04 1.112852e+04
15.3 1.120354e+04 1.112143e+04 1.097210e+04 1.105421e+04
16.3 1.096298e+04 1.100987e+04 1.097013e+04 1.092323e+04
17.3 1.099588e+04 1.083664e+04 1.097170e+04 1.113094e+04
0.8 1.095978e+04 1.104120e+04 1.101319e+04 1.093177e+04
1.8 1.105343e+04 1.104640e+04 1.102348e+04 1.103050e+04
2.8 1.097162e+04 1.100844e+04 1.101770e+04 1.098087e+04
3.8 1.104365e+04 1.101155e+04 1.099543e+04 1.102753e+04
4.8 1.113068e+04 1.104716e+04 1.097746e+04 1.106098e+04
5.8 1.099638e+04 1.106815e+04 1.098552e+04 1.091374e+04
6.8 1.095936e+04 1.105940e+04 1.101465e+04 1.091461e+04
7.8 1.103445e+04 1.102590e+04 1.103187e+04 1.104042e+04
8.8 1.099890e+04 1.103753e+04 1.103869e+04 1.100006e+04
9.8 1.105467e+04 1.110180e+04 1.104177e+04 1.099463e+04
10.8 1.115115e+04 1.107160e+04 1.102818e+04 1.110773e+04
11.8 1.111850e+04 1.104407e+04 1.100118e+04 1.107561e+04
12.8 1.122208e+04 1.107473e+04 1.098118e+04 1.112852e+04
13.8 1.120354e+04 1.112143e+04 1.097210e+04 1.105421e+04
14.8 1.096298e+04 1.100987e+04 1.097013e+04 1.092323e+04
15.8 1.099588e+04 1.083664e+04 1.097170e+04 1.113094e+04
16.8 1.076367e+04 1.076940e+04 1.097458e+04 1.096885e+04
17.8 1.085576e+04 1.086537e+04 1.097747e+04 1.096787e+04
0.7 1.113068e+04 1.104716e+04 1.097746e+04 1.106098e+04
1.7 1.099638e+04 1.106815e+04 1.098552e+04 1.091374e+04
2.7 1.095936e+04 1.105940e+04 1.101465e+04 1.091461e+04
3.7 1.103445e+04 1.102590e+04 1.103187e+04 1.104042e+04
4.7 1.099890e+04 1.103753e+04 1.103869e+04 1.100006e+04
5.7 1.105467e+04 1.110180e+04 1.104177e+04 1.099463e+04
6.7 1.115115e+04 1.107160e+04 1.102818e+04 1.110773e+04
7.7 1.111850e+04 1.104407e+04 1.100118e+04 1.107561e+04
8.7 1.122208e+04 1.107473e+04 1.098118e+04 1.112852e+04
9.7 1.120354e+04 1.112143e+04 1.097210e+04 1.105421e+04
10.7 1.096298e+04 1.100987e+04 1.097013e+04 1.092323e+04
11.7 1.099588e+04 1.083664e+04 1.097170e+04 1.113094e+04
12.7 1.076367e+04 1.076940e+04 1.097458e+04 1.096885e+04
13.6 1.085576e+04 1.086537e+04 1.097747e+04 1.096787e+04
14.6 1.081070e+04 1.091516e+04 1.097981e+04 1.087534e+04
15.6 1.072472e+04 1.091420e+04 1.098150e+04 1.079201e+04
16.6 1.071120e+04 1.091120e+04 1.098270e+04 1.078269e+04
17.6 1.070048e+04 1.087100e+04 1.098358e+04 1.081306e+04
0.6 1.099638e+04 1.106815e+04 1.098552e+04 1.091374e+04
1.6 1.095936e+04 1.105940e+04 1.101465e+04 1.091461e+04
2.6 1.103445e+04 1.102590e+04 1.103187e+04 1.104042e+04
3.6 1.099890e+04 1.103753e+04 1.103869e+04 1.100006e+04
4.6 1.105467e+04 1.110180e+04 1.104177e+04 1.099463e+04
5.6 1.115115e+04 1.107160e+04 1.102818e+04 1.110773e+04
6.6 1.111850e+04 1.104407e+04 1.100118e+04 1.107561e+04
7.6 1.122208e+04 1.107473e+04 1.098118e+04 1.112852e+04
8.6 1.120354e+04 1.112143e+04 1.097210e+04 1.105421e+04
9.6 1.096298e+04 1.100987e+04 1.097013e+04 1.092323e+04
10.6 1.099588e+04 1.083664e+04 1.097170e+04 1.113094e+04
11.6 1.076367e+04 1.076940e+04 1.097458e+04 1.096885e+04
12.6 1.085576e+04 1.086537e+04 1.097747e+04 1.096787e+04
13.6 1.081070e+04 1.091516e+04 1.097981e+04 1.087534e+04
14.6 1.072472e+04 1.091420e+04 1.098150e+04 1.079201e+04
15.6 1.071120e+04 1.091120e+04 1.098270e+04 1.078269e+04
16.6 1.070048e+04 1.087100e+04 1.098358e+04 1.081306e+04
17.6 1.091401e+04 1.094710e+04 1.098429e+04 1.095119e+04
0.2 1.095936e+04 1.105940e+04 1.101465e+04 1.091461e+04
1.2 1.103445e+04 1.102590e+04 1.103187e+04 1.104042e+04
2.2 1.099890e+04 1.103753e+04 1.103869e+04 1.100006e+04
3.2 1.105467e+04 1.110180e+04 1.104177e+04 1.099463e+04
4.2 1.115115e+04 1.107160e+04 1.102818e+04 1.110773e+04
5.2 1.111850e+04 1.104407e+04 1.100118e+04 1.107561e+04
6.2 1.122208e+04 1.107473e+04 1.098118e+04 1.112852e+04
7.2 1.120354e+04 1.112143e+04 1.097210e+04 1.105421e+04
8.2 1.096298e+04 1.100987e+04 1.097013e+04 1.092323e+04
9.2 1.099588e+04 1.083664e+04 1.097170e+04 1.113094e+04
10.2 1.076367e+04 1.076940e+04 1.097458e+04 1.096885e+04
11.2 1.085576e+04 1.086537e+04 1.097747e+04 1.096787e+04
12.2 1.081070e+04 1.091516e+04 1.097981e+04 1.087534e+04
13.2 1.072472e+04 1.091420e+04 1.098150e+04 1.079201e+04
14.2 1.071120e+04 1.091120e+04 1.098270e+04 1.078269e+04
15.2 1.070048e+04 1.087100e+04 1.098358e+04 1.081306e+04
16.2 1.091401e+04 1.094710e+04 1.098429e+04 1.095119e+04
17.2 1.093040e+04 1.103315e+04 1.098487e+04 1.088212e+04
0.8 1.099890e+04 1.103753e+04 1.103869e+04 1.100006e+04
1.8 1.105467e+04 1.110180e+04 1.104177e+04 1.099463e+04
2.8 1.115115e+04 1.107160e+04 1.102818e+04 1.110773e+04
3.8 1.111850e+04 1.104407e+04 1.100118e+04 1.107561e+04
4.8 1.122208e+04 1.107473e+04 1.098118e+04 1.112852e+04
5.8 1.120354e+04 1.112143e+04 1.097210e+04 1.105421e+04
6.8 1.096298e+04 1.100987e+04 1.097013e+04 1.092323e+04
7.8 1.099588e+04 1.083664e+04 1.097170e+04 1.113094e+04
8.8 1.076367e+04 1.076940e+04 1.097458e+04 1.096885e+04
9.8 1.085576e+04 1.086537e+04 1.097747e+04 1.096787e+04
10.8 1.081070e+04 1.091516e+04 1.097981e+04 1.087534e+04
11.8 1.072472e+04 1.091420e+04 1.098150e+04 1.079201e+04
12.8 1.071120e+04 1.091120e+04 1.098270e+04 1.078269e+04
13.8 1.070048e+04 1.087100e+04 1.098358e+04 1.081306e+04
14.8 1.091401e+04 1.094710e+04 1.098429e+04 1.095119e+04
15.8 1.093040e+04 1.103315e+04 1.098487e+04 1.088212e+04
16.8 1.107697e+04 1.103347e+04 1.098789e+04 1.103139e+04
17.8 1.100995e+04 1.099824e+04 1.101059e+04 1.102230e+04
0.9 1.107697e+04 1.103347e+04 1.098789e+04 1.103139e+04
1.9 1.100995e+04 1.099824e+04 1.101059e+04 1.102230e+04
2.9 1.103715e+04 1.099852e+04 1.102663e+04 1.106526e+04
3.9 1.095194e+04 1.100839e+04 1.103830e+04 1.098186e+04
4.9 1.103861e+04 1.095183e+04 1.102710e+04 1.111388e+04
5.9 1.103330e+04 1.095957e+04 1.100628e+04 1.108001e+04
6.9 1.097806e+04 1.101015e+04 1.099162e+04 1.095952e+04
7.9 1.105957e+04 1.104891e+04 1.098451e+04 1.099516e+04
8.9 1.110351e+04 1.104031e+04 1.098218e+04 1.104538e+04
9.9 1.105400e+04 1.102521e+04 1.098237e+04 1.101116e+04
10.9 1.105438e+04 1.100275e+04 1.098354e+04 1.103517e+04
11.9 1.105251e+04 1.099946e+04 1.098474e+04 1.103778e+04
12.9 1.098057e+04 1.099177e+04 1.098554e+04 1.097434e+04
13.9 1.115604e+04 1.101582e+04 1.098588e+04 1.112611e+04
14.9 1.092462e+04 1.099867e+04 1.098588e+04 1.091182e+04
15.9 1.092449e+04 1.098088e+04 1.098564e+04 1.092925e+04
16.9 1.090389e+04 1.094721e+04 1.098526e+04 1.094194e+04
17.9 1.100002e+04 1.095966e+04 1.098478e+04 1.102515e+04
0.2 1.100995e+04 1.099824e+04 1.101059e+04 1.102230e+04
1.2 1.103715e+04 1.099852e+04 1.102663e+04 1.106526e+04
2.2 1.095194e+04 1.100839e+04 1.103830e+04 1.098186e+04
3.2 1.103861e+04 1.095183e+04 1.102710e+04 1.111388e+04
4.2 1.103330e+04 1.095957e+04 1.100628e+04 1.108001e+04
5.2 1.097806e+04 1.101015e+04 1.099162e+04 1.095952e+04
6.2 1.105957e+04 1.104891e+04 1.098451e+04 1.099516e+04
7.2 1.110351e+04 1.104031e+04 1.098218e+04 1.104538e+04
8.2 1.105400e+04 1.102521e+04 1.098237e+04 1.101116e+04
9.2 1.105438e+04 1.100275e+04 1.098354e+04 1.103517e+04
10.2 1.105251e+04 1.099946e+04 1.098474e+04 1.103778e+04
11.2 1.098057e+04 1.099177e+04 1.098554e+04 1.097434e+04
12.2 1.115604e+04 1.101582e+04 1.098588e+04 1.112611e+04
13.2 1.092462e+04 1.099867e+04 1.098588e+04 1.091182e+04
14.2 1.092449e+04 1.098088e+04 1.098564e+04 1.092925e+04
15.2 1.090389e+04 1.094721e+04 1.098526e+04 1.094194e+04
16.2 1.100002e+04 1.095966e+04 1.098478e+04 1.102515e+04
17.2 1.100238e+04 1.096263e+04 1.098424e+04 1.102399e+04
0.6 1.125048e+04 1.109394e+04 1.098074e+04 1.113728e+04
1.6 1.116173e+04 1.108555e+04 1.099582e+04 1.107200e+04
2.6 1.105380e+04 1.101458e+04 1.101918e+04 1.105839e+04
3.6 1.107737e+04 1.096280e+04 1.103352e+04 1.114808e+04
4.6 1.095506e+04 1.096834e+04 1.103503e+04 1.102175e+04
5.6 1.067947e+04 1.097082e+04 1.103091e+04 1.073956e+04
6.6 1.098460e+04 1.104314e+04 1.102866e+04 1.097013e+04
7.6 1.100477e+04 1.112727e+04 1.103251e+04 1.091001e+04
8.6 1.100940e+04 1.105800e+04 1.102742e+04 1.097882e+04
9.6 1.086433e+04 1.102102e+04 1.100415e+04 1.084746e+04
10.6 1.111395e+04 1.109955e+04 1.098318e+04 1.099758e+04
11.6 1.109998e+04 1.114384e+04 1.098591e+04 1.094205e+04
12.6 1.112236e+04 1.098928e+04 1.100124e+04 1.113431e+04
13.6 1.095321e+04 1.095649e+04 1.099546e+04 1.099218e+04
14.6 1.095851e+04 1.089935e+04 1.098302e+04 1.104218e+04
15.6 1.108667e+04 1.093510e+04 1.097615e+04 1.112772e+04
16.6 1.113259e+04 1.107001e+04 1.099138e+04 1.105396e+04
17.6 1.119692e+04 1.105906e+04 1.100286e+04 1.114072e+04
0.2 1.116173e+04 1.108555e+04 1.099582e+04 1.107200e+04
1.2 1.105380e+04 1.101458e+04 1.101918e+04 1.105839e+04
2.2 1.107737e+04 1.096280e+04 1.103352e+04 1.114808e+04
3.2 1.095506e+04 1.096834e+04 1.103503e+04 1.102175e+04
4.2 1.067947e+04 1.097082e+04 1.103091e+04 1.073956e+04
5.2 1.098460e+04 1.104314e+04 1.102866e+04 1.097013e+04
6.2 1.100477e+04 1.112727e+04 1.103251e+04 1.091001e+04
7.2 1.100940e+04 1.105800e+04 1.102742e+04 1.097882e+04
8.2 1.086433e+04 1.102102e+04 1.100415e+04 1.084746e+04
9.2 1.111395e+04 1.109955e+04 1.098318e+04 1.099758e+04
10.2 1.109998e+04 1.114384e+04 1.098591e+04 1.094205e+04
11.2 1.112236e+04 1.098928e+04 1.100124e+04 1.113431e+04
12.2 1.095321e+04 1.095649e+04 1.099546e+04 1.099218e+04
13.2 1.095851e+04 1.089935e+04 1.098302e+04 1.104218e+04
14.2 1.108667e+04 1.093510e+04 1.097615e+04 1.112772e+04
15.2 1.113259e+04 1.107001e+04 1.099138e+04 1.105396e+04
16.2 1.119692e+04 1.105906e+04 1.100286e+04 1.114072e+04
17.2 1.112065e+04 1.097847e+04 1.099400e+04 1.113618e+04
0.6 1.107737e+04 1.096280e+04 1.103352e+04 1.114808e+04
1.6 1.095506e+04 1.096834e+04 1.103503e+04 1.102175e+04
2.6 1.067947e+04 1.097082e+04 1.103091e+04 1.073956e+04
3.6 1.098460e+04 1.104314e+04 1.102866e+04 1.097013e+04
4.6 1.100477e+04 1.112727e+04 1.103251e+04 1.091001e+04
5.6 1.100940e+04 1.105800e+04 1.102742e+04 1.097882e+04
6.6 1.086433e+04 1.102102e+04 1.100415e+04 1.084746e+04
7.6 1.111395e+04 1.109955e+04 1.098318e+04 1.099758e+04
8.6 1.109998e+04 1.114384e+04 1.098591e+04 1.094205e+04
9.6 1.112236e+04 1.098928e+04 1.100124e+04 1.113431e+04
10.6 1.095321e+04 1.095649e+04 1.099546e+04 1.099218e+04
11.6 1.095851e+04 1.089935e+04 1.098302e+04 1.104218e+04
12.6 1.108667e+04 1.093510e+04 1.097615e+04 1.112772e+04
13.6 1.113259e+04 1.107001e+04 1.099138e+04 1.105396e+04
14.6 1.119692e+04 1.105906e+04 1.100286e+04 1.114072e+04
15.6 1.112065e+04 1.097847e+04 1.099400e+04 1.113618e+04
16.6 1.099617e+04 1.097535e+04 1.098250e+04 1.100332e+04
17.6 1.092287e+04 1.101141e+04 1.098250e+04 1.089397e+04
0.8 1.067947e+04 1.097082e+04 1.103091e+04 1.073956e+04
1.8 1.098460e+04 1.104314e+04 1.102866e+04 1.097013e+04
2.8 1.100477e+04 1.112727e+04 1.103251e+04 1.091001e+04
3.8 1.100940e+04 1.105800e+04 1.102742e+04 1.097882e+04
4.8 1.086433e+04 1.102102e+04 1.100415e+04 1.084746e+04
5.8 1.111395e+04 1.109955e+04 1.098318e+04 1.099758e+04
6.8 1.109998e+04 1.114384e+04 1.098591e+04 1.094205e+04
7.8 1.112236e+04 1.098928e+04 1.100124e+04 1.113431e+04
8.8 1.095321e+04 1.095649e+04 1.099546e+04 1.099218e+04
9.8 1.095851e+04 1.089935e+04 1.098302e+04 1.104218e+04
10.8 1.108667e+04 1.093510e+04 1.097615e+04 1.112772e+04
11.8 1.113259e+04 1.107001e+04 1.099138e+04 1.105396e+04
12.8 1.119692e+04 1.105906e+04 1.100286e+04 1.114072e+04
13.8 1.112065e+04 1.097847e+04 1.099400e+04 1.113618e+04
14.8 1.099617e+04 1.097535e+04 1.098250e+04 1.100332e+04
15.8 1.092287e+04 1.101141e+04 1.098250e+04 1.089397e+04
16.8 1.089443e+04 1.102411e+04 1.100125e+04 1.087158e+04
17.8 1.106227e+04 1.099272e+04 1.100942e+04 1.107896e+04
0.6 1.098460e+04 1.104314e+04 1.102866e+04 1.097013e+04
1.6 1.100477e+04 1.112727e+04 1.103251e+04 1.091001e+04
2.6 1.100940e+04 1.105800e+04 1.102742e+04 1.097882e+04
3.6 1.086433e+04 1.102102e+04 1.100415e+04 1.084746e+04
4.6 1.111395e+04 1.109955e+04 1.098318e+04 1.099758e+04
5.6 1.109998e+04 1.114384e+04 1.098591e+04 1.094205e+04
6.6 1.112236e+04 1.098928e+04 1.100124e+04 1.113431e+04
7.6 1.095321e+04 1.095649e+04 1.099546e+04 1.099218e+04
8.6 1.095851e+04 1.089935e+04 1.098302e+04 1.104218e+04
9.6 1.108667e+04 1.093510e+04 1.097615e+04 1.112772e+04
10.6 1.113259e+04 1.107001e+04 1.099138e+04 1.105396e+04
11.6 1.119692e+04 1.105906e+04 1.100286e+04 1.114072e+04
12.6 1.112065e+04 1.097847e+04 1.099400e+04 1.113618e+04
13.6 1.099617e+04 1.097535e+04 1.098250e+04 1.100332e+04
14.6 1.092287e+04 1.101141e+04 1.098250e+04 1.089397e+04
15.6 1.089443e+04 1.102411e+04 1.100125e+04 1.087158e+04
16.6 1.106227e+04 1.099272e+04 1.100942e+04 1.107896e+04
17.6 1.111374e+04 1.095403e+04 1.102490e+04 1.118461e+04
0.5 1.111395e+04 1.109955e+04 1.098318e+04 1.099758e+04
1.5 1.109998e+04 1.114384e+04 1.098591e+04 1.094205e+04
2.5 1.112236e+04 1.098928e+04 1.100124e+04 1.113431e+04
3.5 1.095321e+04 1.095649e+04 1.099546e+04 1.099218e+04
4.5 1.095851e+04 1.089935e+04 1.098302e+04 1.104218e+04
5.5 1.108667e+04 1.093510e+04 1.097615e+04 1.112772e+04
6.5 1.113259e+04 1.107001e+04 1.099138e+04 1.105396e+04
7.5 1.119692e+04 1.105906e+04 1.100286e+04 1.114072e+04
8.5 1.112065e+04 1.097847e+04 1.099400e+04 1.113618e+04
9.5 1.099617e+04 1.097535e+04 1.098250e+04 1.100332e+04
10.5 1.092287e+04 1.101141e+04 1.098250e+04 1.089397e+04
11.5 1.089443e+04 1.102411e+04 1.100125e+04 1.087158e+04
12.5 1.106227e+04 1.099272e+04 1.100942e+04 1.107896e+04
13.5 1.111374e+04 1.095403e+04 1.102490e+04 1.118461e+04
14.5 1.093063e+04 1.094843e+04 1.103718e+04 1.101938e+04
15.5 1.105405e+04 1.107847e+04 1.102199e+04 1.099757e+04
16.5 1.104649e+04 1.113102e+04 1.099681e+04 1.091228e+04
17.5 1.101965e+04 1.111310e+04 1.097975e+04 1.088630e+04
0.8 1.108667e+04 1.093510e+04 1.097615e+04 1.112772e+04
1.8 1.113259e+04 1.107001e+04 1.099138e+04 1.105396e+04
2.8 1.119692e+04 1.105906e+04 1.100286e+04 1.114072e+04
3.8 1.112065e+04 1.097847e+04 1.099400e+04 1.113618e+04
4.8 1.099617e+04 1.097535e+04 1.098250e+04 1.100332e+04
5.8 1.092287e+04 1.101141e+04 1.098250e+04 1.089397e+04
6.8 1.089443e+04 1.102411e+04 1.100125e+04 1.087158e+04
7.8 1.106227e+04 1.099272e+04 1.100942e+04 1.107896e+04
8.8 1.111374e+04 1.095403e+04 1.102490e+04 1.118461e+04
9.8 1.093063e+04 1.094843e+04 1.103718e+04 1.101938e+04
10.8 1.105405e+04 1.107847e+04 1.102199e+04 1.099757e+04
11.8 1.104649e+04 1.113102e+04 1.099681e+04 1.091228e+04
12.8 1.101965e+04 1.111310e+04 1.097975e+04 1.088630e+04
13.8 1.073927e+04 1.109426e+04 1.097190e+04 1.061692e+04
14.8 1.088551e+04 1.105908e+04 1.096975e+04 1.079617e+04
15.8 1.076826e+04 1.107733e+04 1.097055e+04 1.066148e+04
16.8 1.096048e+04 1.114032e+04 1.098161e+04 1.080177e+04
17.8 1.103702e+04 1.117635e+04 1.100593e+04 1.086660e+04
0.2 1.099617e+04 1.097535e+04 1.098250e+04 1.100332e+04
1.2 1.092287e+04 1.101141e+04 1.098250e+04 1.089397e+04
2.2 1.089443e+04 1.102411e+04 1.100125e+04 1.087158e+04
3.2 1.106227e+04 1.099272e+04 1.100942e+04 1.107896e+04
4.2 1.111374e+04 1.095403e+04 1.102490e+04 1.118461e+04
5.2 1.093063e+04 1.094843e+04 1.103718e+04 1.101938e+04
6.2 1.105405e+04 1.107847e+04 1.102199e+04 1.099757e+04
7.2 1.104649e+04 1.113102e+04 1.099681e+04 1.091228e+04
8.2 1.101965e+04 1.111310e+04 1.097975e+04 1.088630e+04
9.2 1.073927e+04 1.109426e+04 1.097190e+04 1.061692e+04
10.2 1.088551e+04 1.105908e+04 1.096975e+04 1.079617e+04
11.2 1.076826e+04 1.107733e+04 1.097055e+04 1.066148e+04
12.2 1.096048e+04 1.114032e+04 1.098161e+04 1.080177e+04
13.2 1.103702e+04 1.117635e+04 1.100593e+04 1.086660e+04
14.2 1.091236e+04 1.114015e+04 1.100622e+04 1.077843e+04
15.2 1.104556e+04 1.093165e+04 1.099341e+04 1.110731e+04
16.2 1.020326e+04 1.047117e+04 1.098333e+04 1.071542e+04
17.2 1.138927e+04 1.091806e+04 1.099047e+04 1.146168e+04
0.3 1.089443e+04 1.102411e+04 1.100125e+04 1.087158e+04
1.3 1.106227e+04 1.099272e+04 1.100942e+04 1.107896e+04
2.3 1.111374e+04 1.095403e+04 1.102490e+04 1.118461e+04
3.3 1.093063e+04 1.094843e+04 1.103718e+04 1.101938e+04
4.3 1.105405e+04 1.107847e+04 1.102199e+04 1.099757e+04
5.3 1.104649e+04 1.113102e+04 1.099681e+04 1.091228e+04
6.3 1.101965e+04 1.111310e+04 1.097975e+04 1.088630e+04
7.3 1.073927e+04 1.109426e+04 1.097190e+04 1.061692e+04
8.3 1.088551e+04 1.105908e+04 1.096975e+04 1.079617e+04
9.3 1.076826e+04 1.107733e+04 1.097055e+04 1.066148e+04
10.3 1.096048e+04 1.114032e+04 1.098161e+04 1.080177e+04
11.3 1.103702e+04 1.117635e+04 1.100593e+04 1.086660e+04
12.3 1.091236e+04 1.114015e+04 1.100622e+04 1.077843e+04
13.3 1.104556e+04 1.093165e+04 1.099341e+04 1.110731e+04
14.3 1.020326e+04 1.047117e+04 1.098333e+04 1.071542e+04
15.3 1.138927e+04 1.091806e+04 1.099047e+04 1.146168e+04
16.3 1.097164e+04 1.087041e+04 1.102176e+04 1.112300e+04
17.3 1.098661e+04 1.085887e+04 1.103407e+04 1.116181e+04
0.1 1.106227e+04 1.099272e+04 1.100942e+04 1.107896e+04
1.1 1.111374e+04 1.095403e+04 1.102490e+04 1.118461e+04
2.1 1.093063e+04 1.094843e+04 1.103718e+04 1.101938e+04
3.1 1.105405e+04 1.107847e+04 1.102199e+04 1.099757e+04
4.1 1.104649e+04 1.113102e+04 1.099681e+04 1.091228e+04
5.1 1.101965e+04 1.111310e+04 1.097975e+04 1.088630e+04
6.1 1.073927e+04 1.109426e+04 1.097190e+04 1.061692e+04
7.1 1.088551e+04 1.105908e+04 1.096975e+04 1.079617e+04
8.1 1.076826e+04 1.107733e+04 1.097055e+04 1.066148e+04
9.1 1.096048e+04 1.114032e+04 1.098161e+04 1.080177e+04
10.1 1.103702e+04 1.117635e+04 1.100593e+04 1.086660e+04
11.1 1.091236e+04 1.114015e+04 1.100622e+04 1.077843e+04
12.1 1.104556e+04 1.093165e+04 1.099341e+04 1.110731e+04
13.1 1.020326e+04 1.047117e+04 1.098333e+04 1.071542e+04
14.1 1.138927e+04 1.091806e+04 1.099047e+04 1.146168e+04
15.1 1.097164e+04 1.087041e+04 1.102176e+04 1.112300e+04
16.1 1.098661e+04 1.085887e+04 1.103407e+04 1.116181e+04
17.1 1.067395e+04 1.087652e+04 1.101554e+04 1.081297e+04
0.3 1.076826e+04 1.107733e+04 1.097055e+04 1.066148e+04
1.3 1.096048e+04 1.114032e+04 1.098161e+04 1.080177e+04
2.3 1.103702e+04 1.117635e+04 1.100593e+04 1.086660e+04
3.3 1.091236e+04 1.114015e+04 1.100622e+04 1.077843e+04
4.3 1.104556e+04 1.093165e+04 1.099341e+04 1.110731e+04
5.3 1.020326e+04 1.047117e+04 1.098333e+04 1.071542e+04
6.3 1.138927e+04 1.091806e+04 1.099047e+04 1.146168e+04
7.3 1.097164e+04 1.087041e+04 1.102176e+04 1.112300e+04
8.3 1.098661e+04 1.085887e+04 1.103407e+04 1.116181e+04
9.3 1.067395e+04 1.087652e+04 1.101554e+04 1.081297e+04
10.3 1.085723e+04 1.087977e+04 1.099447e+04 1.097193e+04
11.3 1.093146e+04 1.089567e+04 1.098213e+04 1.101792e+04
12.3 1.083831e+04 1.093712e+04 1.098950e+04 1.089068e+04
13.3 1.092495e+04 1.100924e+04 1.101207e+04 1.092778e+04
14.3 1.107568e+04 1.101751e+04 1.103030e+04 1.108847e+04
15.3 1.102523e+04 1.101052e+04 1.102426e+04 1.103897e+04
16.3 1.104952e+04 1.095527e+04 1.100452e+04 1.109876e+04
17.3 1.116692e+04 1.098479e+04 1.098944e+04 1.117157e+04
0.5 1.020326e+04 1.047117e+04 1.098333e+04 1.071542e+04
1.5 1.138927e+04 1.091806e+04 1.099047e+04 1.146168e+04
2.5 1.097164e+04 1.087041e+04 1.102176e+04 1.112300e+04
3.5 1.098661e+04 1.085887e+04 1.103407e+04 1.116181e+04
4.5 1.067395e+04 1.087652e+04 1.101554e+04 1.081297e+04
5.5 1.085723e+04 1.087977e+04 1.099447e+04 1.097193e+04
6.5 1.093146e+04 1.089567e+04 1.098213e+04 1.101792e+04
7.5 1.083831e+04 1.093712e+04 1.098950e+04 1.089068e+04
8.5 1.092495e+04 1.100924e+04 1.101207e+04 1.092778e+04
9.5 1.107568e+04 1.101751e+04 1.103030e+04 1.108847e+04
10.5 1.102523e+04 1.101052e+04 1.102426e+04 1.103897e+04
11.5 1.104952e+04 1.095527e+04 1.100452e+04 1.109876e+04
12.5 1.116692e+04 1.098479e+04 1.098944e+04 1.117157e+04
13.5 1.103046e+04 1.098495e+04 1.098206e+04 1.102756e+04
14.5 1.117060e+04 1.105450e+04 1.099188e+04 1.110799e+04
15.5 1.104225e+04 1.108205e+04 1.101319e+04 1.097339e+04
16.5 1.108815e+04 1.101729e+04 1.101103e+04 1.108189e+04
17.5 1.102433e+04 1.096898e+04 1.099919e+04 1.105454e+04
0.6 1.138927e+04 1.091806e+04 1.099047e+04 1.146168e+04
1.6 1.097164e+04 1.087041e+04 1.102176e+04 1.112300e+04
2.6 1.098661e+04 1.085887e+04 1.103407e+04 1.116181e+04
3.6 1.067395e+04 1.087652e+04 1.101554e+04 1.081297e+04
4.6 1.085723e+04 1.087977e+04 1.099447e+04 1.097193e+04
5.6 1.093146e+04 1.089567e+04 1.098213e+04 1.101792e+04
6.6 1.083831e+04 1.093712e+04 1.098950e+04 1.089068e+04
7.6 1.092495e+04 1.100924e+04 1.101207e+04 1.092778e+04
8.6 1.107568e+04 1.101751e+04 1.103030e+04 1.108847e+04
9.6 1.102523e+04 1.101052e+04 1.102426e+04 1.103897e+04
10.6 1.104952e+04 1.095527e+04 1.100452e+04 1.109876e+04
11.6 1.116692e+04 1.098479e+04 1.098944e+04 1.117157e+04
12.6 1.103046e+04 1.098495e+04 1.098206e+04 1.102756e+04
13.6 1.117060e+04 1.105450e+04 1.099188e+04 1.110799e+04
14.6 1.104225e+04 1.108205e+04 1.101319e+04 1.097339e+04
15.6 1.108815e+04 1.101729e+04 1.101103e+04 1.108189e+04
16.6 1.102433e+04 1.096898e+04 1.099919e+04 1.105454e+04
17.6 1.090496e+04 1.097834e+04 1.099087e+04 1.091748e+04
0.5 1.093146e+04 1.089567e+04 1.098213e+04 1.101792e+04
1.5 1.083831e+04 1.093712e+04 1.098950e+04 1.089068e+04
2.5 1.092495e+04 1.100924e+04 1.101207e+04 1.092778e+04
3.5 1.107568e+04 1.101751e+04 1.103030e+04 1.108847e+04
4.5 1.102523e+04 1.101052e+04 1.102426e+04 1.103897e+04
5.5 1.104952e+04 1.095527e+04 1.100452e+04 1.109876e+04
6.5 1.116692e+04 1.098479e+04 1.098944e+04 1.117157e+04
7.5 1.103046e+04 1.098495e+04 1.098206e+04 1.102756e+04
8.5 1.117060e+04 1.105450e+04 1.099188e+04 1.110799e+04
9.5 1.104225e+04 1.108205e+04 1.101319e+04 1.097339e+04
10.5 1.108815e+04 1.101729e+04 1.101103e+04 1.108189e+04
11.5 1.102433e+04 1.096898e+04 1.099919e+04 1.105454e+04
12.5 1.090496e+04 1.097834e+04 1.099087e+04 1.091748e+04
13.5 1.100160e+04 1.099277e+04 1.098703e+04 1.099585e+04
14.5 1.104228e+04 1.099192e+04 1.098598e+04 1.103634e+04
15.5 1.096121e+04 1.101568e+04 1.098655e+04 1.093207e+04
16.5 1.104601e+04 1.098578e+04 1.098787e+04 1.104811e+04
17.5 1.116668e+04 1.102330e+04 1.098933e+04 1.113271e+04
1.0 1.092495e+04 1.100924e+04 1.101207e+04 1.092778e+04
2.0 1.107568e+04 1.101751e+04 1.103030e+04 1.108847e+04
3.0 1.102523e+04 1.101052e+04 1.102426e+04 1.103897e+04
4.0 1.104952e+04 1.095527e+04 1.100452e+04 1.109876e+04
5.0 1.116692e+04 1.098479e+04 1.098944e+04 1.117157e+04
6.0 1.103046e+04 1.098495e+04 1.098206e+04 1.102756e+04
7.0 1.117060e+04 1.105450e+04 1.099188e+04 1.110799e+04
8.0 1.104225e+04 1.108205e+04 1.101319e+04 1.097339e+04
9.0 1.108815e+04 1.101729e+04 1.101103e+04 1.108189e+04
10.0 1.102433e+04 1.096898e+04 1.099919e+04 1.105454e+04
11.0 1.090496e+04 1.097834e+04 1.099087e+04 1.091748e+04
12.0 1.100160e+04 1.099277e+04 1.098703e+04 1.099585e+04
13.0 1.104228e+04 1.099192e+04 1.098598e+04 1.103634e+04
14.0 1.096121e+04 1.101568e+04 1.098655e+04 1.093207e+04
15.0 1.104601e+04 1.098578e+04 1.098787e+04 1.104811e+04
16.0 1.116668e+04 1.102330e+04 1.098933e+04 1.113271e+04
17.0 1.109200e+04 1.101818e+04 1.099057e+04 1.106439e+04
18.0 1.101249e+04 1.099976e+04 1.099152e+04 1.100425e+04
0.5 1.103046e+04 1.098495e+04 1.098206e+04 1.102756e+04
1.5 1.117060e+04 1.105450e+04 1.099188e+04 1.110799e+04
2.5 1.104225e+04 1.108205e+04 1.101319e+04 1.097339e+04
3.5 1.108815e+04 1.101729e+04 1.101103e+04 1.108189e+04
4.5 1.102433e+04 1.096898e+04 1.099919e+04 1.105454e+04
5.5 1.090496e+04 1.097834e+04 1.099087e+04 1.091748e+04
6.5 1.100160e+04 1.099277e+04 1.098703e+04 1.099585e+04
7.5 1.104228e+04 1.099192e+04 1.098598e+04 1.103634e+04
8.5 1.096121e+04 1.101568e+04 1.098655e+04 1.093207e+04
9.5 1.104601e+04 1.098578e+04 1.098787e+04 1.104811e+04
10.5 1.116668e+04 1.102330e+04 1.098933e+04 1.113271e+04
11.5 1.109200e+04 1.101818e+04 1.099057e+04 1.106439e+04
12.5 1.101249e+04 1.099976e+04 1.099152e+04 1.100425e+04
13.5 1.114797e+04 1.102515e+04 1.099223e+04 1.111506e+04
14.5 1.106749e+04 1.108138e+04 1.099279e+04 1.097890e+04
15.5 1.118050e+04 1.106442e+04 1.099323e+04 1.110931e+04
16.5 1.108589e+04 1.100691e+04 1.099359e+04 1.107257e+04
17.5 1.109301e+04 1.099366e+04 1.099389e+04 1.109324e+04
0.7 1.097640e+04 1.108843e+04 1.098526e+04 1.087324e+04
1.7 1.102967e+04 1.109527e+04 1.100302e+04 1.093742e+04
2.7 1.104144e+04 1.108390e+04 1.102204e+04 1.097958e+04
3.7 1.109934e+04 1.105344e+04 1.103549e+04 1.108138e+04
4.7 1.080462e+04 1.099940e+04 1.102500e+04 1.083023e+04
5.7 1.076297e+04 1.097661e+04 1.100248e+04 1.078884e+04
6.7 1.089833e+04 1.102735e+04 1.099309e+04 1.086406e+04
7.7 1.097150e+04 1.108320e+04 1.100721e+04 1.089552e+04
8.7 1.108467e+04 1.104093e+04 1.100426e+04 1.104799e+04
9.7 1.110124e+04 1.100100e+04 1.098995e+04 1.109018e+04
10.7 1.101740e+04 1.098841e+04 1.097932e+04 1.100832e+04
11.7 1.101787e+04 1.094872e+04 1.097409e+04 1.104323e+04
12.7 1.112647e+04 1.099153e+04 1.097205e+04 1.110700e+04
13.7 1.109342e+04 1.102980e+04 1.097303e+04 1.103664e+04
14.7 1.109715e+04 1.108980e+04 1.099543e+04 1.100279e+04
15.7 1.109376e+04 1.111604e+04 1.103184e+04 1.100956e+04
16.7 1.115163e+04 1.109058e+04 1.105209e+04 1.111314e+04
17.7 1.099029e+04 1.101866e+04 1.103595e+04 1.100758e+04
0.1 1.102967e+04 1.109527e+04 1.100302e+04 1.093742e+04
1.1 1.104144e+04 1.108390e+04 1.102204e+04 1.097958e+04
2.1 1.109934e+04 1.105344e+04 1.103549e+04 1.108138e+04
3.1 1.080462e+04 1.099940e+04 1.102500e+04 1.083023e+04
4.1 1.076297e+04 1.097661e+04 1.100248e+04 1.078884e+04
5.1 1.089833e+04 1.102735e+04 1.099309e+04 1.086406e+04
6.1 1.097150e+04 1.108320e+04 1.100721e+04 1.089552e+04
7.1 1.108467e+04 1.104093e+04 1.100426e+04 1.104799e+04
8.1 1.110124e+04 1.100100e+04 1.098995e+04 1.109018e+04
9.1 1.101740e+04 1.098841e+04 1.097932e+04 1.100832e+04
10.1 1.101787e+04 1.094872e+04 1.097409e+04 1.104323e+04
11.1 1.112647e+04 1.099153e+04 1.097205e+04 1.110700e+04
12.1 1.109342e+04 1.102980e+04 1.097303e+04 1.103664e+04
13.1 1.109715e+04 1.108980e+04 1.099543e+04 1.100279e+04
14.1 1.109376e+04 1.111604e+04 1.103184e+04 1.100956e+04
15.1 1.115163e+04 1.109058e+04 1.105209e+04 1.111314e+04
16.1 1.099029e+04 1.101866e+04 1.103595e+04 1.100758e+04
17.1 1.081755e+04 1.100007e+04 1.100448e+04 1.082196e+04
0.2 1.076297e+04 1.097661e+04 1.100248e+04 1.078884e+04
1.2 1.089833e+04 1.102735e+04 1.099309e+04 1.086406e+04
2.2 1.097150e+04 1.108320e+04 1.100721e+04 1.089552e+04
3.2 1.108467e+04 1.104093e+04 1.100426e+04 1.104799e+04
4.2 1.110124e+04 1.100100e+04 1.098995e+04 1.109018e+04
5.2 1.101740e+04 1.098841e+04 1.097932e+04 1.100832e+04
6.2 1.101787e+04 1.094872e+04 1.097409e+04 1.104323e+04
7.2 1.112647e+04 1.099153e+04 1.097205e+04 1.110700e+04
8.2 1.109342e+04 1.102980e+04 1.097303e+04 1.103664e+04
9.2 1.109715e+04 1.108980e+04 1.099543e+04 1.100279e+04
10.2 1.109376e+04 1.111604e+04 1.103184e+04 1.100956e+04
11.2 1.115163e+04 1.109058e+04 1.105209e+04 1.111314e+04
12.2 1.099029e+04 1.101866e+04 1.103595e+04 1.100758e+04
13.2 1.081755e+04 1.100007e+04 1.100448e+04 1.082196e+04
14.2 1.110281e+04 1.107262e+04 1.098169e+04 1.101188e+04
15.2 1.107606e+04 1.112456e+04 1.098572e+04 1.093722e+04
16.2 1.105514e+04 1.108839e+04 1.100784e+04 1.097460e+04
17.2 1.117932e+04 1.103904e+04 1.102343e+04 1.116371e+04
0.8 1.109342e+04 1.102980e+04 1.097303e+04 1.103664e+04
1.8 1.109715e+04 1.108980e+04 1.099543e+04 1.100279e+04
2.8 1.109376e+04 1.111604e+04 1.103184e+04 1.100956e+04
3.8 1.115163e+04 1.109058e+04 1.105209e+04 1.111314e+04
4.8 1.099029e+04 1.101866e+04 1.103595e+04 1.100758e+04
5.8 1.081755e+04 1.100007e+04 1.100448e+04 1.082196e+04
6.8 1.110281e+04 1.107262e+04 1.098169e+04 1.101188e+04
7.8 1.107606e+04 1.112456e+04 1.098572e+04 1.093722e+04
8.8 1.105514e+04 1.108839e+04 1.100784e+04 1.097460e+04
9.8 1.117932e+04 1.103904e+04 1.102343e+04 1.116371e+04
10.8 1.113116e+04 1.099521e+04 1.102041e+04 1.115637e+04
11.8 1.110382e+04 1.105029e+04 1.102140e+04 1.107493e+04
12.8 1.119831e+04 1.104042e+04 1.100550e+04 1.116339e+04
13.8 1.108447e+04 1.103435e+04 1.098498e+04 1.103510e+04
14.8 1.092208e+04 1.095940e+04 1.097229e+04 1.093497e+04
15.8 1.082713e+04 1.098664e+04 1.096717e+04 1.080766e+04
16.8 1.088861e+04 1.105599e+04 1.096919e+04 1.080182e+04
17.8 1.089605e+04 1.104371e+04 1.099287e+04 1.084521e+04
1.0 1.109715e+04 1.108980e+04 1.099543e+04 1.100279e+04
2.0 1.109376e+04 1.111604e+04 1.103184e+04 1.100956e+04
3.0 1.115163e+04 1.109058e+04 1.105209e+04 1.111314e+04
4.0 1.099029e+04 1.101866e+04 1.103595e+04 1.100758e+04
5.0 1.081755e+04 1.100007e+04 1.100448e+04 1.082196e+04
6.0 1.110281e+04 1.107262e+04 1.098169e+04 1.101188e+04
7.0 1.107606e+04 1.112456e+04 1.098572e+04 1.093722e+04
8.0 1.105514e+04 1.108839e+04 1.100784e+04 1.097460e+04
9.0 1.117932e+04 1.103904e+04 1.102343e+04 1.116371e+04
10.0 1.113116e+04 1.099521e+04 1.102041e+04 1.115637e+04
11.0 1.110382e+04 1.105029e+04 1.102140e+04 1.107493e+04
12.0 1.119831e+04 1.104042e+04 1.100550e+04 1.116339e+04
13.0 1.108447e+04 1.103435e+04 1.098498e+04 1.103510e+04
14.0 1.092208e+04 1.095940e+04 1.097229e+04 1.093497e+04
15.0 1.082713e+04 1.098664e+04 1.096717e+04 1.080766e+04
16.0 1.088861e+04 1.105599e+04 1.096919e+04 1.080182e+04
17.0 1.089605e+04 1.104371e+04 1.099287e+04 1.084521e+04
18.0 1.092717e+04 1.102332e+04 1.100907e+04 1.091292e+04
1.0 1.109376e+04 1.111604e+04 1.103184e+04 1.100956e+04
2.0 1.115163e+04 1.109058e+04 1.105209e+04 1.111314e+04
3.0 1.099029e+04 1.101866e+04 1.103595e+04 1.100758e+04
4.0 1.081755e+04 1.100007e+04 1.100448e+04 1.082196e+04
5.0 1.110281e+04 1.107262e+04 1.098169e+04 1.101188e+04
6.0 1.107606e+04 1.112456e+04 1.098572e+04 1.093722e+04
7.0 1.105514e+04 1.108839e+04 1.100784e+04 1.097460e+04
8.0 1.117932e+04 1.103904e+04 1.102343e+04 1.116371e+04
9.0 1.113116e+04 1.099521e+04 1.102041e+04 1.115637e+04
10.0 1.110382e+04 1.105029e+04 1.102140e+04 1.107493e+04
11.0 1.119831e+04 1.104042e+04 1.100550e+04 1.116339e+04
12.0 1.108447e+04 1.103435e+04 1.098498e+04 1.103510e+04
13.0 1.092208e+04 1.095940e+04 1.097229e+04 1.093497e+04
14.0 1.082713e+04 1.098664e+04 1.096717e+04 1.080766e+04
15.0 1.088861e+04 1.105599e+04 1.096919e+04 1.080182e+04
16.0 1.089605e+04 1.104371e+04 1.099287e+04 1.084521e+04
17.0 1.092717e+04 1.102332e+04 1.100907e+04 1.091292e+04
18.0 1.078227e+04 1.098660e+04 1.102182e+04 1.081748e+04
0.6 1.110281e+04 1.107262e+04 1.098169e+04 1.101188e+04
1.6 1.107606e+04 1.112456e+04 1.098572e+04 1.093722e+04
2.6 1.105514e+04 1.108839e+04 1.100784e+04 1.097460e+04
3.6 1.117932e+04 1.103904e+04 1.102343e+04 1.116371e+04
4.6 1.113116e+04 1.099521e+04 1.102041e+04 1.115637e+04
5.6 1.110382e+04 1.105029e+04 1.102140e+04 1.107493e+04
6.6 1.119831e+04 1.104042e+04 1.100550e+04 1.116339e+04
7.6 1.108447e+04 1.103435e+04 1.098498e+04 1.103510e+04
8.6 1.092208e+04 1.095940e+04 1.097229e+04 1.093497e+04
9.6 1.082713e+04 1.098664e+04 1.096717e+04 1.080766e+04
10.6 1.088861e+04 1.105599e+04 1.096919e+04 1.080182e+04
11.6 1.089605e+04 1.104371e+04 1.099287e+04 1.084521e+04
12.6 1.092717e+04 1.102332e+04 1.100907e+04 1.091292e+04
13.6 1.078227e+04 1.098660e+04 1.102182e+04 1.081748e+04
14.6 1.090064e+04 1.093740e+04 1.101217e+04 1.097541e+04
15.6 1.075209e+04 1.086542e+04 1.099199e+04 1.087867e+04
16.6 1.098441e+04 1.089219e+04 1.097745e+04 1.106966e+04
17.6 1.095312e+04 1.090649e+04 1.097033e+04 1.101696e+04
0.3 1.107606e+04 1.112456e+04 1.098572e+04 1.093722e+04
1.3 1.105514e+04 1.108839e+04 1.100784e+04 1.097460e+04
2.3 1.117932e+04 1.103904e+04 1.102343e+04 1.116371e+04
3.3 1.113116e+04 1.099521e+04 1.102041e+04 1.115637e+04
4.3 1.110382e+04 1.105029e+04 1.102140e+04 1.107493e+04
5.3 1.119831e+04 1.104042e+04 1.100550e+04 1.116339e+04
6.3 1.108447e+04 1.103435e+04 1.098498e+04 1.103510e+04
7.3 1.092208e+04 1.095940e+04 1.097229e+04 1.093497e+04
8.3 1.082713e+04 1.098664e+04 1.096717e+04 1.080766e+04
9.3 1.088861e+04 1.105599e+04 1.096919e+04 1.080182e+04
10.3 1.089605e+04 1.104371e+04 1.099287e+04 1.084521e+04
11.3 1.092717e+04 1.102332e+04 1.100907e+04 1.091292e+04
12.3 1.078227e+04 1.098660e+04 1.102182e+04 1.081748e+04
13.3 1.090064e+04 1.093740e+04 1.101217e+04 1.097541e+04
14.3 1.075209e+04 1.086542e+04 1.099199e+04 1.087867e+04
15.3 1.098441e+04 1.089219e+04 1.097745e+04 1.106966e+04
16.3 1.095312e+04 1.090649e+04 1.097033e+04 1.101696e+04
17.3 1.094953e+04 1.087465e+04 1.096801e+04 1.104289e+04
0.4 1.117932e+04 1.103904e+04 1.102343e+04 1.116371e+04
1.4 1.113116e+04 1.099521e+04 1.102041e+04 1.115637e+04
2.4 1.110382e+04 1.105029e+04 1.102140e+04 1.107493e+04
3.4 1.119831e+04 1.104042e+04 1.100550e+04 1.116339e+04
4.4 1.108447e+04 1.103435e+04 1.098498e+04 1.103510e+04
5.4 1.092208e+04 1.095940e+04 1.097229e+04 1.093497e+04
6.4 1.082713e+04 1.098664e+04 1.096717e+04 1.080766e+04
7.4 1.088861e+04 1.105599e+04 1.096919e+04 1.080182e+04
8.4 1.089605e+04 1.104371e+04 1.099287e+04 1.084521e+04
9.4 1.092717e+04 1.102332e+04 1.100907e+04 1.091292e+04
10.4 1.078227e+04 1.098660e+04 1.102182e+04 1.081748e+04
11.4 1.090064e+04 1.093740e+04 1.101217e+04 1.097541e+04
12.4 1.075209e+04 1.086542e+04 1.099199e+04 1.087867e+04
13.4 1.098441e+04 1.089219e+04 1.097745e+04 1.106966e+04
14.4 1.095312e+04 1.090649e+04 1.097033e+04 1.101696e+04
15.4 1.094953e+04 1.087465e+04 1.096801e+04 1.104289e+04
16.4 1.103724e+04 1.093239e+04 1.096825e+04 1.107311e+04
17.4 1.106745e+04 1.098270e+04 1.097728e+04 1.106202e+04
1.0 1.088861e+04 1.105599e+04 1.096919e+04 1.080182e+04
2.0 1.089605e+04 1.104371e+04 1.099287e+04 1.084521e+04
3.0 1.092717e+04 1.102332e+04 1.100907e+04 1.091292e+04
4.0 1.078227e+04 1.098660e+04 1.102182e+04 1.081748e+04
5.0 1.090064e+04 1.093740e+04 1.101217e+04 1.097541e+04
6.0 1.075209e+04 1.086542e+04 1.099199e+04 1.087867e+04
7.0 1.098441e+04 1.089219e+04 1.097745e+04 1.106966e+04
8.0 1.095312e+04 1.090649e+04 1.097033e+04 1.101696e+04
9.0 1.094953e+04 1.087465e+04 1.096801e+04 1.104289e+04
10.0 1.103724e+04 1.093239e+04 1.096825e+04 1.107311e+04
11.0 1.106745e+04 1.098270e+04 1.097728e+04 1.106202e+04
12.0 1.109065e+04 1.094790e+04 1.100007e+04 1.114281e+04
13.0 1.104882e+04 1.091805e+04 1.101299e+04 1.114376e+04
14.0 1.092344e+04 1.092761e+04 1.102486e+04 1.102070e+04
15.0 1.082228e+04 1.093688e+04 1.103314e+04 1.091854e+04
16.0 1.104805e+04 1.101597e+04 1.103689e+04 1.106896e+04
17.0 1.103283e+04 1.099745e+04 1.102847e+04 1.106385e+04
18.0 1.106606e+04 1.105120e+04 1.102329e+04 1.103815e+04
0.2 1.089605e+04 1.104371e+04 1.099287e+04 1.084521e+04
1.2 1.092717e+04 1.102332e+04 1.100907e+04 1.091292e+04
2.2 1.078227e+04 1.098660e+04 1.102182e+04 1.081748e+04
3.2 1.090064e+04 1.093740e+04 1.101217e+04 1.097541e+04
4.2 1.075209e+04 1.086542e+04 1.099199e+04 1.087867e+04
5.2 1.098441e+04 1.089219e+04 1.097745e+04 1.106966e+04
6.2 1.095312e+04 1.090649e+04 1.097033e+04 1.101696e+04
7.2 1.094953e+04 1.087465e+04 1.096801e+04 1.104289e+04
8.2 1.103724e+04 1.093239e+04 1.096825e+04 1.107311e+04
9.2 1.106745e+04 1.098270e+04 1.097728e+04 1.106202e+04
10.2 1.109065e+04 1.094790e+04 1.100007e+04 1.114281e+04
11.2 1.104882e+04 1.091805e+04 1.101299e+04 1.114376e+04
12.2 1.092344e+04 1.092761e+04 1.102486e+04 1.102070e+04
13.2 1.082228e+04 1.093688e+04 1.103314e+04 1.091854e+04
14.2 1.104805e+04 1.101597e+04 1.103689e+04 1.106896e+04
15.2 1.103283e+04 1.099745e+04 1.102847e+04 1.106385e+04
16.2 1.106606e+04 1.105120e+04 1.102329e+04 1.103815e+04
17.2 1.102530e+04 1.101685e+04 1.101092e+04 1.101937e+04
0.3 1.103724e+04 1.093239e+04 1.096825e+04 1.107311e+04
1.3 1.106745e+04 1.098270e+04 1.097728e+04 1.106202e+04
2.3 1.109065e+04 1.094790e+04 1.100007e+04 1.114281e+04
3.3 1.104882e+04 1.091805e+04 1.101299e+04 1.114376e+04
4.3 1.092344e+04 1.092761e+04 1.102486e+04 1.102070e+04
5.3 1.082228e+04 1.093688e+04 1.103314e+04 1.091854e+04
6.3 1.104805e+04 1.101597e+04 1.103689e+04 1.106896e+04
7.3 1.103283e+04 1.099745e+04 1.102847e+04 1.106385e+04
8.3 1.106606e+04 1.105120e+04 1.102329e+04 1.103815e+04
9.3 1.102530e+04 1.101685e+04 1.101092e+04 1.101937e+04
10.3 1.085254e+04 1.094219e+04 1.098951e+04 1.089986e+04
11.3 1.093374e+04 1.097345e+04 1.097411e+04 1.093440e+04
12.3 1.100623e+04 1.102763e+04 1.096729e+04 1.094589e+04
13.3 1.105769e+04 1.098626e+04 1.096574e+04 1.103717e+04
14.3 1.097512e+04 1.099970e+04 1.096666e+04 1.094209e+04
15.3 1.115033e+04 1.102259e+04 1.097088e+04 1.109862e+04
16.3 1.107130e+04 1.105579e+04 1.099605e+04 1.101156e+04
17.3 1.101375e+04 1.104889e+04 1.102609e+04 1.099096e+04
0.5 1.109065e+04 1.094790e+04 1.100007e+04 1.114281e+04
1.5 1.104882e+04 1.091805e+04 1.101299e+04 1.114376e+04
2.5 1.092344e+04 1.092761e+04 1.102486e+04 1.102070e+04
3.5 1.082228e+04 1.093688e+04 1.103314e+04 1.091854e+04
4.5 1.104805e+04 1.101597e+04 1.103689e+04 1.106896e+04
5.5 1.103283e+04 1.099745e+04 1.102847e+04 1.106385e+04
6.5 1.106606e+04 1.105120e+04 1.102329e+04 1.103815e+04
7.5 1.102530e+04 1.101685e+04 1.101092e+04 1.101937e+04
8.5 1.085254e+04 1.094219e+04 1.098951e+04 1.089986e+04
9.5 1.093374e+04 1.097345e+04 1.097411e+04 1.093440e+04
10.5 1.100623e+04 1.102763e+04 1.096729e+04 1.094589e+04
11.5 1.105769e+04 1.098626e+04 1.096574e+04 1.103717e+04
12.5 1.097512e+04 1.099970e+04 1.096666e+04 1.094209e+04
13.5 1.115033e+04 1.102259e+04 1.097088e+04 1.109862e+04
14.5 1.107130e+04 1.105579e+04 1.099605e+04 1.101156e+04
15.5 1.101375e+04 1.104889e+04 1.102609e+04 1.099096e+04
16.5 1.107064e+04 1.100842e+04 1.102342e+04 1.108564e+04
17.5 1.090501e+04 1.094805e+04 1.100063e+04 1.095759e+04
0.1 1.104882e+04 1.091805e+04 1.101299e+04 1.114376e+04
1.1 1.092344e+04 1.092761e+04 1.102486e+04 1.102070e+04
2.1 1.082228e+04 1.093688e+04 1.103314e+04 1.091854e+04
3.1 1.104805e+04 1.101597e+04 1.103689e+04 1.106896e+04
4.1 1.103283e+04 1.099745e+04 1.102847e+04 1.106385e+04
5.1 1.106606e+04 1.105120e+04 1.102329e+04 1.103815e+04
6.1 1.102530e+04 1.101685e+04 1.101092e+04 1.101937e+04
7.1 1.085254e+04 1.094219e+04 1.098951e+04 1.089986e+04
8.1 1.093374e+04 1.097345e+04 1.097411e+04 1.093440e+04
9.1 1.100623e+04 1.102763e+04 1.096729e+04 1.094589e+04
10.1 1.105769e+04 1.098626e+04 1.096574e+04 1.103717e+04
11.1 1.097512e+04 1.099970e+04 1.096666e+04 1.094209e+04
12.1 1.115033e+04 1.102259e+04 1.097088e+04 1.109862e+04
13.1 1.107130e+04 1.105579e+04 1.099605e+04 1.101156e+04
14.1 1.101375e+04 1.104889e+04 1.102609e+04 1.099096e+04
15.1 1.107064e+04 1.100842e+04 1.102342e+04 1.108564e+04
16.1 1.090501e+04 1.094805e+04 1.100063e+04 1.095759e+04
17.1 1.099361e+04 1.098262e+04 1.098183e+04 1.099283e+04
0.8 1.082228e+04 1.093688e+04 1.103314e+04 1.091854e+04
1.8 1.104805e+04 1.101597e+04 1.103689e+04 1.106896e+04
2.8 1.103283e+04 1.099745e+04 1.102847e+04 1.106385e+04
3.8 1.106606e+04 1.105120e+04 1.102329e+04 1.103815e+04
4.8 1.102530e+04 1.101685e+04 1.101092e+04 1.101937e+04
5.8 1.085254e+04 1.094219e+04 1.098951e+04 1.089986e+04
6.8 1.093374e+04 1.097345e+04 1.097411e+04 1.093440e+04
7.8 1.100623e+04 1.102763e+04 1.096729e+04 1.094589e+04
8.8 1.105769e+04 1.098626e+04 1.096574e+04 1.103717e+04
9.8 1.097512e+04 1.099970e+04 1.096666e+04 1.094209e+04
10.8 1.115033e+04 1.102259e+04 1.097088e+04 1.109862e+04
11.8 1.107130e+04 1.105579e+04 1.099605e+04 1.101156e+04
12.8 1.101375e+04 1.104889e+04 1.102609e+04 1.099096e+04
13.8 1.107064e+04 1.100842e+04 1.102342e+04 1.108564e+04
14.8 1.090501e+04 1.094805e+04 1.100063e+04 1.095759e+04
15.8 1.099361e+04 1.098262e+04 1.098183e+04 1.099283e+04
16.8 1.106827e+04 1.099417e+04 1.097159e+04 1.104569e+04
17.8 1.102302e+04 1.103080e+04 1.097478e+04 1.096700e+04
0.9 1.103283e+04 1.099745e+04 1.102847e+04 1.106385e+04
1.9 1.106606e+04 1.105120e+04 1.102329e+04 1.103815e+04
2.9 1.102530e+04 1.101685e+04 1.101092e+04 1.101937e+04
3.9 1.085254e+04 1.094219e+04 1.098951e+04 1.089986e+04
4.9 1.093374e+04 1.097345e+04 1.097411e+04 1.093440e+04
5.9 1.100623e+04 1.102763e+04 1.096729e+04 1.094589e+04
6.9 1.105769e+04 1.098626e+04 1.096574e+04 1.103717e+04
7.9 1.097512e+04 1.099970e+04 1.096666e+04 1.094209e+04
8.9 1.115033e+04 1.102259e+04 1.097088e+04 1.109862e+04
9.9 1.107130e+04 1.105579e+04 1.099605e+04 1.101156e+04
10.9 1.101375e+04 1.104889e+04 1.102609e+04 1.099096e+04
11.9 1.107064e+04 1.100842e+04 1.102342e+04 1.108564e+04
12.9 1.090501e+04 1.094805e+04 1.100063e+04 1.095759e+04
13.9 1.099361e+04 1.098262e+04 1.098183e+04 1.099283e+04
14.9 1.106827e+04 1.099417e+04 1.097159e+04 1.104569e+04
15.9 1.102302e+04 1.103080e+04 1.097478e+04 1.096700e+04
16.9 1.095401e+04 1.103912e+04 1.100341e+04 1.091831e+04
17.9 1.098391e+04 1.100925e+04 1.102813e+04 1.100279e+04
1.0 1.115033e+04 1.102259e+04 1.097088e+04 1.109862e+04
2.0 1.107130e+04 1.105579e+04 1.099605e+04 1.101156e+04
3.0 1.101375e+04 1.104889e+04 1.102609e+04 1.099096e+04
4.0 1.107064e+04 1.100842e+04 1.102342e+04 1.108564e+04
5.0 1.090501e+04 1.094805e+04 1.100063e+04 1.095759e+04
6.0 1.099361e+04 1.098262e+04 1.098183e+04 1.099283e+04
7.0 1.106827e+04 1.099417e+04 1.097159e+04 1.104569e+04
8.0 1.102302e+04 1.103080e+04 1.097478e+04 1.096700e+04
9.0 1.095401e+04 1.103912e+04 1.100341e+04 1.091831e+04
10.0 1.098391e+04 1.100925e+04 1.102813e+04 1.100279e+04
11.0 1.094482e+04 1.096160e+04 1.101768e+04 1.100091e+04
12.0 1.101172e+04 1.092054e+04 1.099402e+04 1.108520e+04
13.0 1.065889e+04 1.090577e+04 1.097706e+04 1.073018e+04
14.0 1.114515e+04 1.098409e+04 1.097776e+04 1.113882e+04
15.0 1.113005e+04 1.103402e+04 1.099788e+04 1.109391e+04
16.0 1.104635e+04 1.104510e+04 1.101698e+04 1.101823e+04
17.0 1.113307e+04 1.103326e+04 1.101233e+04 1.111214e+04
18.0 1.114191e+04 1.100883e+04 1.099243e+04 1.112551e+04
1.0 1.107130e+04 1.105579e+04 1.099605e+04 1.101156e+04
2.0 1.101375e+04 1.104889e+04 1.102609e+04 1.099096e+04
3.0 1.107064e+04 1.100842e+04 1.102342e+04 1.108564e+04
4.0 1.090501e+04 1.094805e+04 1.100063e+04 1.095759e+04
5.0 1.099361e+04 1.098262e+04 1.098183e+04 1.099283e+04
6.0 1.106827e+04 1.099417e+04 1.097159e+04 1.104569e+04
7.0 1.102302e+04 1.103080e+04 1.097478e+04 1.096700e+04
8.0 1.095401e+04 1.103912e+04 1.100341e+04 1.091831e+04
9.0 1.098391e+04 1.100925e+04 1.102813e+04 1.100279e+04
10.0 1.094482e+04 1.096160e+04 1.101768e+04 1.100091e+04
11.0 1.101172e+04 1.092054e+04 1.099402e+04 1.108520e+04
12.0 1.065889e+04 1.090577e+04 1.097706e+04 1.073018e+04
13.0 1.114515e+04 1.098409e+04 1.097776e+04 1.113882e+04
14.0 1.113005e+04 1.103402e+04 1.099788e+04 1.109391e+04
15.0 1.104635e+04 1.104510e+04 1.101698e+04 1.101823e+04
16.0 1.113307e+04 1.103326e+04 1.101233e+04 1.111214e+04
17.0 1.114191e+04 1.100883e+04 1.099243e+04 1.112551e+04
18.0 1.093966e+04 1.097445e+04 1.097652e+04 1.094173e+04
0.2 1.106827e+04 1.099417e+04 1.097159e+04 1.104569e+04
1.2 1.102302e+04 1.103080e+04 1.097478e+04 1.096700e+04
2.2 1.095401e+04 1.103912e+04 1.100341e+04 1.091831e+04
3.2 1.098391e+04 1.100925e+04 1.102813e+04 1.100279e+04
4.2 1.094482e+04 1.096160e+04 1.101768e+04 1.100091e+04
5.2 1.101172e+04 1.092054e+04 1.099402e+04 1.108520e+04
6.2 1.065889e+04 1.090577e+04 1.097706e+04 1.073018e+04
7.2 1.114515e+04 1.098409e+04 1.097776e+04 1.113882e+04
8.2 1.113005e+04 1.103402e+04 1.099788e+04 1.109391e+04
9.2 1.104635e+04 1.104510e+04 1.101698e+04 1.101823e+04
10.2 1.113307e+04 1.103326e+04 1.101233e+04 1.111214e+04
11.2 1.114191e+04 1.100883e+04 1.099243e+04 1.112551e+04
12.2 1.093966e+04 1.097445e+04 1.097652e+04 1.094173e+04
13.2 1.115427e+04 1.103666e+04 1.097311e+04 1.109073e+04
14.2 1.088065e+04 1.099782e+04 1.099189e+04 1.087472e+04
15.2 1.091261e+04 1.090651e+04 1.100128e+04 1.100738e+04
16.2 1.093112e+04 1.093149e+04 1.101322e+04 1.101284e+04
17.2 1.083308e+04 1.092856e+04 1.102554e+04 1.093007e+04
0.2 1.102302e+04 1.103080e+04 1.097478e+04 1.096700e+04
1.2 1.095401e+04 1.103912e+04 1.100341e+04 1.091831e+04
2.2 1.098391e+04 1.100925e+04 1.102813e+04 1.100279e+04
3.2 1.094482e+04 1.096160e+04 1.101768e+04 1.100091e+04
4.2 1.101172e+04 1.092054e+04 1.099402e+04 1.108520e+04
5.2 1.065889e+04 1.090577e+04 1.097706e+04 1.073018e+04
6.2 1.114515e+04 1.098409e+04 1.097776e+04 1.113882e+04
7.2 1.113005e+04 1.103402e+04 1.099788e+04 1.109391e+04
8.2 1.104635e+04 1.104510e+04 1.101698e+04 1.101823e+04
9.2 1.113307e+04 1.103326e+04 1.101233e+04 1.111214e+04
10.2 1.114191e+04 1.100883e+04 1.099243e+04 1.112551e+04
11.2 1.093966e+04 1.097445e+04 1.097652e+04 1.094173e+04
12.2 1.115427e+04 1.103666e+04 1.097311e+04 1.109073e+04
13.2 1.088065e+04 1.099782e+04 1.099189e+04 1.087472e+04
14.2 1.091261e+04 1.090651e+04 1.100128e+04 1.100738e+04
15.2 1.093112e+04 1.093149e+04 1.101322e+04 1.101284e+04
16.2 1.083308e+04 1.092856e+04 1.102554e+04 1.093007e+04
17.2 1.066933e+04 1.093115e+04 1.102257e+04 1.076075e+04
0.4 1.065889e+04 1.090577e+04 1.097706e+04 1.073018e+04
1.4 1.114515e+04 1.098409e+04 1.097776e+04 1.113882e+04
2.4 1.113005e+04 1.103402e+04 1.099788e+04 1.109391e+04
3.4 1.104635e+04 1.104510e+04 1.101698e+04 1.101823e+04
4.4 1.113307e+04 1.103326e+04 1.101233e+04 1.111214e+04
5.4 1.114191e+04 1.100883e+04 1.099243e+04 1.112551e+04
6.4 1.093966e+04 1.097445e+04 1.097652e+04 1.094173e+04
7.4 1.115427e+04 1.103666e+04 1.097311e+04 1.109073e+04
8.4 1.088065e+04 1.099782e+04 1.099189e+04 1.087472e+04
9.4 1.091261e+04 1.090651e+04 1.100128e+04 1.100738e+04
10.4 1.093112e+04 1.093149e+04 1.101322e+04 1.101284e+04
11.4 1.083308e+04 1.092856e+04 1.102554e+04 1.093007e+04
12.4 1.066933e+04 1.093115e+04 1.102257e+04 1.076075e+04
13.4 1.101579e+04 1.098017e+04 1.102181e+04 1.105742e+04
14.4 1.098427e+04 1.100014e+04 1.101515e+04 1.099928e+04
15.4 1.088585e+04 1.105016e+04 1.101660e+04 1.085230e+04
16.4 1.101222e+04 1.111099e+04 1.101393e+04 1.091516e+04
17.4 1.106627e+04 1.111649e+04 1.101700e+04 1.096679e+04
1.0 1.113005e+04 1.103402e+04 1.099788e+04 1.109391e+04
2.0 1.104635e+04 1.104510e+04 1.101698e+04 1.101823e+04
3.0 1.113307e+04 1.103326e+04 1.101233e+04 1.111214e+04
4.0 1.114191e+04 1.100883e+04 1.099243e+04 1.112551e+04
5.0 1.093966e+04 1.097445e+04 1.097652e+04 1.094173e+04
6.0 1.115427e+04 1.103666e+04 1.097311e+04 1.109073e+04
7.0 1.088065e+04 1.099782e+04 1.099189e+04 1.087472e+04
8.0 1.091261e+04 1.090651e+04 1.100128e+04 1.100738e+04
9.0 1.093112e+04 1.093149e+04 1.101322e+04 1.101284e+04
10.0 1.083308e+04 1.092856e+04 1.102554e+04 1.093007e+04
11.0 1.066933e+04 1.093115e+04 1.102257e+04 1.076075e+04
12.0 1.101579e+04 1.098017e+04 1.102181e+04 1.105742e+04
13.0 1.098427e+04 1.100014e+04 1.101515e+04 1.099928e+04
14.0 1.088585e+04 1.105016e+04 1.101660e+04 1.085230e+04
15.0 1.101222e+04 1.111099e+04 1.101393e+04 1.091516e+04
16.0 1.106627e+04 1.111649e+04 1.101700e+04 1.096679e+04
17.0 1.104809e+04 1.105396e+04 1.100359e+04 1.099772e+04
18.0 1.112602e+04 1.111359e+04 1.098393e+04 1.099637e+04
0.1 1.093966e+04 1.097445e+04 1.097652e+04 1.094173e+04
1.1 1.115427e+04 1.103666e+04 1.097311e+04 1.109073e+04
2.1 1.088065e+04 1.099782e+04 1.099189e+04 1.087472e+04
3.1 1.091261e+04 1.090651e+04 1.100128e+04 1.100738e+04
4.1 1.093112e+04 1.093149e+04 1.101322e+04 1.101284e+04
5.1 1.083308e+04 1.092856e+04 1.102554e+04 1.093007e+04
6.1 1.066933e+04 1.093115e+04 1.102257e+04 1.076075e+04
7.1 1.101579e+04 1.098017e+04 1.102181e+04 1.105742e+04
8.1 1.098427e+04 1.100014e+04 1.101515e+04 1.099928e+04
9.1 1.088585e+04 1.105016e+04 1.101660e+04 1.085230e+04
10.1 1.101222e+04 1.111099e+04 1.101393e+04 1.091516e+04
11.1 1.106627e+04 1.111649e+04 1.101700e+04 1.096679e+04
12.1 1.104809e+04 1.105396e+04 1.100359e+04 1.099772e+04
13.1 1.112602e+04 1.111359e+04 1.098393e+04 1.099637e+04
14.1 1.116574e+04 1.110539e+04 1.097153e+04 1.103188e+04
15.1 1.102535e+04 1.104396e+04 1.096662e+04 1.094800e+04
16.1 1.123099e+04 1.099884e+04 1.096602e+04 1.119816e+04
17.1 1.114846e+04 1.096406e+04 1.096757e+04 1.115196e+04
0.2 1.088065e+04 1.099782e+04 1.099189e+04 1.087472e+04
1.2 1.091261e+04 1.090651e+04 1.100128e+04 1.100738e+04
2.2 1.093112e+04 1.093149e+04 1.101322e+04 1.101284e+04
3.2 1.083308e+04 1.092856e+04 1.102554e+04 1.093007e+04
4.2 1.066933e+04 1.093115e+04 1.102257e+04 1.076075e+04
5.2 1.101579e+04 1.098017e+04 1.102181e+04 1.105742e+04
6.2 1.098427e+04 1.100014e+04 1.101515e+04 1.099928e+04
7.2 1.088585e+04 1.105016e+04 1.101660e+04 1.085230e+04
8.2 1.101222e+04 1.111099e+04 1.101393e+04 1.091516e+04
9.2 1.106627e+04 1.111649e+04 1.101700e+04 1.096679e+04
10.2 1.104809e+04 1.105396e+04 1.100359e+04 1.099772e+04
11.2 1.112602e+04 1.111359e+04 1.098393e+04 1.099637e+04
12.2 1.116574e+04 1.110539e+04 1.097153e+04 1.103188e+04
13.2 1.102535e+04 1.104396e+04 1.096662e+04 1.094800e+04
14.2 1.123099e+04 1.099884e+04 1.096602e+04 1.119816e+04
15.2 1.114846e+04 1.096406e+04 1.096757e+04 1.115196e+04
16.2 1.112485e+04 1.101402e+04 1.098299e+04 1.109382e+04
17.2 1.117324e+04 1.100334e+04 1.100284e+04 1.117273e+04
0.8 1.093112e+04 1.093149e+04 1.101322e+04 1.101284e+04
1.8 1.083308e+04 1.092856e+04 1.102554e+04 1.093007e+04
2.8 1.066933e+04 1.093115e+04 1.102257e+04 1.076075e+04
3.8 1.101579e+04 1.098017e+04 1.102181e+04 1.105742e+04
4.8 1.098427e+04 1.100014e+04 1.101515e+04 1.099928e+04
5.8 1.088585e+04 1.105016e+04 1.101660e+04 1.085230e+04
6.8 1.101222e+04 1.111099e+04 1.101393e+04 1.091516e+04
7.8 1.106627e+04 1.111649e+04 1.101700e+04 1.096679e+04
8.8 1.104809e+04 1.105396e+04 1.100359e+04 1.099772e+04
9.8 1.112602e+04 1.111359e+04 1.098393e+04 1.099637e+04
10.8 1.116574e+04 1.110539e+04 1.097153e+04 1.103188e+04
11.8 1.102535e+04 1.104396e+04 1.096662e+04 1.094800e+04
12.8 1.123099e+04 1.099884e+04 1.096602e+04 1.119816e+04
13.8 1.114846e+04 1.096406e+04 1.096757e+04 1.115196e+04
14.8 1.112485e+04 1.101402e+04 1.098299e+04 1.109382e+04
15.8 1.117324e+04 1.100334e+04 1.100284e+04 1.117273e+04
16.8 1.094803e+04 1.097343e+04 1.099885e+04 1.097345e+04
17.8 1.076467e+04 1.095499e+04 1.098689e+04 1.079657e+04
1.0 1.066933e+04 1.093115e+04 1.102257e+04 1.076075e+04
2.0 1.101579e+04 1.098017e+04 1.102181e+04 1.105742e+04
3.0 1.098427e+04 1.100014e+04 1.101515e+04 1.099928e+04
4.0 1.088585e+04 1.105016e+04 1.101660e+04 1.085230e+04
5.0 1.101222e+04 1.111099e+04 1.101393e+04 1.091516e+04
6.0 1.106627e+04 1.111649e+04 1.101700e+04 1.096679e+04
7.0 1.104809e+04 1.105396e+04 1.100359e+04 1.099772e+04
8.0 1.112602e+04 1.111359e+04 1.098393e+04 1.099637e+04
9.0 1.116574e+04 1.110539e+04 1.097153e+04 1.103188e+04
10.0 1.102535e+04 1.104396e+04 1.096662e+04 1.094800e+04
11.0 1.123099e+04 1.099884e+04 1.096602e+04 1.119816e+04
12.0 1.114846e+04 1.096406e+04 1.096757e+04 1.115196e+04
13.0 1.112485e+04 1.101402e+04 1.098299e+04 1.109382e+04
14.0 1.117324e+04 1.100334e+04 1.100284e+04 1.117273e+04
15.0 1.094803e+04 1.097343e+04 1.099885e+04 1.097345e+04
16.0 1.076467e+04 1.095499e+04 1.098689e+04 1.079657e+04
17.0 1.081841e+04 1.095444e+04 1.098892e+04 1.085290e+04
18.0 1.100952e+04 1.096576e+04 1.100872e+04 1.105248e+04
0.0 1.101579e+04 1.098017e+04 1.102181e+04 1.105742e+04
1.0 1.098427e+04 1.100014e+04 1.101515e+04 1.099928e+04
2.0 1.088585e+04 1.105016e+04 1.101660e+04 1.085230e+04
3.0 1.101222e+04 1.111099e+04 1.101393e+04 1.091516e+04
4.0 1.106627e+04 1.111649e+04 1.101700e+04 1.096679e+04
5.0 1.104809e+04 1.105396e+04 1.100359e+04 1.099772e+04
6.0 1.112602e+04 1.111359e+04 1.098393e+04 1.099637e+04
7.0 1.116574e+04 1.110539e+04 1.097153e+04 1.103188e+04
8.0 1.102535e+04 1.104396e+04 1.096662e+04 1.094800e+04
9.0 1.123099e+04 1.099884e+04 1.096602e+04 1.119816e+04
10.0 1.114846e+04 1.096406e+04 1.096757e+04 1.115196e+04
11.0 1.112485e+04 1.101402e+04 1.098299e+04 1.109382e+04
12.0 1.117324e+04 1.100334e+04 1.100284e+04 1.117273e+04
13.0 1.094803e+04 1.097343e+04 1.099885e+04 1.097345e+04
14.0 1.076467e+04 1.095499e+04 1.098689e+04 1.079657e+04
15.0 1.081841e+04 1.095444e+04 1.098892e+04 1.085290e+04
16.0 1.100952e+04 1.096576e+04 1.100872e+04 1.105248e+04
17.0 1.098800e+04 1.097955e+04 1.102619e+04 1.103464e+04
0.2 1.088585e+04 1.105016e+04 1.101660e+04 1.085230e+04
1.2 1.101222e+04 1.111099e+04 1.101393e+04 1.091516e+04
2.2 1.106627e+04 1.111649e+04 1.101700e+04 1.096679e+04
3.2 1.104809e+04 1.105396e+04 1.100359e+04 1.099772e+04
4.2 1.112602e+04 1.111359e+04 1.098393e+04 1.099637e+04
5.2 1.116574e+04 1.110539e+04 1.097153e+04 1.103188e+04
6.2 1.102535e+04 1.104396e+04 1.096662e+04 1.094800e+04
7.2 1.123099e+04 1.099884e+04 1.096602e+04 1.119816e+04
8.2 1.114846e+04 1.096406e+04 1.096757e+04 1.115196e+04
9.2 1.112485e+04 1.101402e+04 1.098299e+04 1.109382e+04
10.2 1.117324e+04 1.100334e+04 1.100284e+04 1.117273e+04
11.2 1.094803e+04 1.097343e+04 1.099885e+04 1.097345e+04
12.2 1.076467e+04 1.095499e+04 1.098689e+04 1.079657e+04
13.2 1.081841e+04 1.095444e+04 1.098892e+04 1.085290e+04
14.2 1.100952e+04 1.096576e+04 1.100872e+04 1.105248e+04
15.2 1.098800e+04 1.097955e+04 1.102619e+04 1.103464e+04
16.2 1.106873e+04 1.100752e+04 1.103984e+04 1.110106e+04
17.2 1.106876e+04 1.098393e+04 1.103512e+04 1.111996e+04
0.5 1.114846e+04 1.096406e+04 1.096757e+04 1.115196e+04
1.5 1.112485e+04 1.101402e+04 1.098299e+04 1.109382e+04
2.5 1.117324e+04 1.100334e+04 1.100284e+04 1.117273e+04
3.5 1.094803e+04 1.097343e+04 1.099885e+04 1.097345e+04
4.5 1.076467e+04 1.095499e+04 1.098689e+04 1.079657e+04
5.5 1.081841e+04 1.095444e+04 1.098892e+04 1.085290e+04
6.5 1.100952e+04 1.096576e+04 1.100872e+04 1.105248e+04
7.5 1.098800e+04 1.097955e+04 1.102619e+04 1.103464e+04
8.5 1.106873e+04 1.100752e+04 1.103984e+04 1.110106e+04
9.5 1.106876e+04 1.098393e+04 1.103512e+04 1.111996e+04
10.5 1.104494e+04 1.093235e+04 1.101013e+04 1.112272e+04
11.5 1.104950e+04 1.092170e+04 1.098821e+04 1.111601e+04
12.5 1.111802e+04 1.102774e+04 1.097669e+04 1.106696e+04
13.5 1.118940e+04 1.107856e+04 1.098187e+04 1.109272e+04
14.5 1.110258e+04 1.107920e+04 1.100456e+04 1.102794e+04
15.5 1.113993e+04 1.108525e+04 1.101873e+04 1.107341e+04
16.5 1.110438e+04 1.105685e+04 1.102716e+04 1.107469e+04
17.5 1.096929e+04 1.108195e+04 1.101334e+04 1.090067e+04
0.4 1.076467e+04 1.095499e+04 1.098689e+04 1.079657e+04
1.4 1.081841e+04 1.095444e+04 1.098892e+04 1.085290e+04
2.4 1.100952e+04 1.096576e+04 1.100872e+04 1.105248e+04
3.4 1.098800e+04 1.097955e+04 1.102619e+04 1.103464e+04
4.4 1.106873e+04 1.100752e+04 1.103984e+04 1.110106e+04
5.4 1.106876e+04 1.098393e+04 1.103512e+04 1.111996e+04
6.4 1.104494e+04 1.093235e+04 1.101013e+04 1.112272e+04
7.4 1.104950e+04 1.092170e+04 1.098821e+04 1.111601e+04
8.4 1.111802e+04 1.102774e+04 1.097669e+04 1.106696e+04
9.4 1.118940e+04 1.107856e+04 1.098187e+04 1.109272e+04
10.4 1.110258e+04 1.107920e+04 1.100456e+04 1.102794e+04
11.4 1.113993e+04 1.108525e+04 1.101873e+04 1.107341e+04
12.4 1.110438e+04 1.105685e+04 1.102716e+04 1.107469e+04
13.4 1.096929e+04 1.108195e+04 1.101334e+04 1.090067e+04
14.4 1.078548e+04 1.086520e+04 1.099517e+04 1.091546e+04
15.4 1.080448e+04 1.088232e+04 1.098397e+04 1.090612e+04
16.4 1.096095e+04 1.097995e+04 1.097924e+04 1.096024e+04
17.4 1.100248e+04 1.099588e+04 1.097838e+04 1.098498e+04
0.9 1.100952e+04 1.096576e+04 1.100872e+04 1.105248e+04
1.9 1.098800e+04 1.097955e+04 1.102619e+04 1.103464e+04
2.9 1.106873e+04 1.100752e+04 1.103984e+04 1.110106e+04
3.9 1.106876e+04 1.098393e+04 1.103512e+04 1.111996e+04
4.9 1.104494e+04 1.093235e+04 1.101013e+04 1.112272e+04
5.9 1.104950e+04 1.092170e+04 1.098821e+04 1.111601e+04
6.9 1.111802e+04 1.102774e+04 1.097669e+04 1.106696e+04
7.9 1.118940e+04 1.107856e+04 1.098187e+04 1.109272e+04
8.9 1.110258e+04 1.107920e+04 1.100456e+04 1.102794e+04
9.9 1.113993e+04 1.108525e+04 1.101873e+04 1.107341e+04
10.9 1.110438e+04 1.105685e+04 1.102716e+04 1.107469e+04
11.9 1.096929e+04 1.108195e+04 1.101334e+04 1.090067e+04
12.9 1.078548e+04 1.086520e+04 1.099517e+04 1.091546e+04
13.9 1.080448e+04 1.088232e+04 1.098397e+04 1.090612e+04
14.9 1.096095e+04 1.097995e+04 1.097924e+04 1.096024e+04
15.9 1.100248e+04 1.099588e+04 1.097838e+04 1.098498e+04
16.9 1.082627e+04 1.099455e+04 1.097944e+04 1.081115e+04
17.9 1.066213e+04 1.099872e+04 1.098111e+04 1.064452e+04
0.7 1.098800e+04 1.097955e+04 1.102619e+04 1.103464e+04
1.7 1.106873e+04 1.100752e+04 1.103984e+04 1.110106e+04
2.7 1.106876e+04 1.098393e+04 1.103512e+04 1.111996e+04
3.7 1.104494e+04 1.093235e+04 1.101013e+04 1.112272e+04
4.7 1.104950e+04 1.092170e+04 1.098821e+04 1.111601e+04
5.7 1.111802e+04 1.102774e+04 1.097669e+04 1.106696e+04
6.7 1.118940e+04 1.107856e+04 1.098187e+04 1.109272e+04
7.7 1.110258e+04 1.107920e+04 1.100456e+04 1.102794e+04
8.7 1.113993e+04 1.108525e+04 1.101873e+04 1.107341e+04
9.7 1.110438e+04 1.105685e+04 1.102716e+04 1.107469e+04
10.7 1.096929e+04 1.108195e+04 1.101334e+04 1.090067e+04
11.7 1.078548e+04 1.086520e+04 1.099517e+04 1.091546e+04
12.7 1.080448e+04 1.088232e+04 1.098397e+04 1.090612e+04
13.7 1.096095e+04 1.097995e+04 1.097924e+04 1.096024e+04
14.7 1.100248e+04 1.099588e+04 1.097838e+04 1.098498e+04
15.7 1.082627e+04 1.099455e+04 1.097944e+04 1.081115e+04
16.7 1.066213e+04 1.099872e+04 1.098111e+04 1.064452e+04
17.7 1.093260e+04 1.100495e+04 1.098263e+04 1.091028e+04
0.3 1.111802e+04 1.102774e+04 1.097669e+04 1.106696e+04
1.3 1.118940e+04 1.107856e+04 1.098187e+04 1.109272e+04
2.3 1.110258e+04 1.107920e+04 1.100456e+04 1.102794e+04
3.3 1.113993e+04 1.108525e+04 1.101873e+04 1.107341e+04
4.3 1.110438e+04 1.105685e+04 1.102716e+04 1.107469e+04
5.3 1.096929e+04 1.108195e+04 1.101334e+04 1.090067e+04
6.3 1.078548e+04 1.086520e+04 1.099517e+04 1.091546e+04
7.3 1.080448e+04 1.088232e+04 1.098397e+04 1.090612e+04
8.3 1.096095e+04 1.097995e+04 1.097924e+04 1.096024e+04
9.3 1.100248e+04 1.099588e+04 1.097838e+04 1.098498e+04
10.3 1.082627e+04 1.099455e+04 1.097944e+04 1.081115e+04
11.3 1.066213e+04 1.099872e+04 1.098111e+04 1.064452e+04
12.3 1.093260e+04 1.100495e+04 1.098263e+04 1.091028e+04
13.3 1.083220e+04 1.093187e+04 1.098368e+04 1.088401e+04
14.3 1.091678e+04 1.099884e+04 1.098426e+04 1.090220e+04
15.3 1.092664e+04 1.096972e+04 1.098448e+04 1.094139e+04
16.3 1.096851e+04 1.097368e+04 1.098445e+04 1.097928e+04
17.3 1.107819e+04 1.099070e+04 1.098423e+04 1.107172e+04
0.5 1.110258e+04 1.107920e+04 1.100456e+04 1.102794e+04
1.5 1.113993e+04 1.108525e+04 1.101873e+04 1.107341e+04
2.5 1.110438e+04 1.105685e+04 1.102716e+04 1.107469e+04
3.5 1.096929e+04 1.108195e+04 1.101334e+04 1.090067e+04
4.5 1.078548e+04 1.086520e+04 1.099517e+04 1.091546e+04
5.5 1.080448e+04 1.088232e+04 1.098397e+04 1.090612e+04
6.5 1.096095e+04 1.097995e+04 1.097924e+04 1.096024e+04
7.5 1.100248e+04 1.099588e+04 1.097838e+04 1.098498e+04
8.5 1.082627e+04 1.099455e+04 1.097944e+04 1.081115e+04
9.5 1.066213e+04 1.099872e+04 1.098111e+04 1.064452e+04
10.5 1.093260e+04 1.100495e+04 1.098263e+04 1.091028e+04
11.5 1.083220e+04 1.093187e+04 1.098368e+04 1.088401e+04
12.5 1.091678e+04 1.099884e+04 1.098426e+04 1.090220e+04
13.5 1.092664e+04 1.096972e+04 1.098448e+04 1.094139e+04
14.5 1.096851e+04 1.097368e+04 1.098445e+04 1.097928e+04
15.5 1.107819e+04 1.099070e+04 1.098423e+04 1.107172e+04
16.5 1.093512e+04 1.097940e+04 1.098386e+04 1.093958e+04
17.5 1.111391e+04 1.097124e+04 1.098336e+04 1.112603e+04
0.2 1.096416e+04 1.096868e+04 1.098107e+04 1.097655e+04
1.2 1.095880e+04 1.102712e+04 1.098680e+04 1.091849e+04
2.2 1.100289e+04 1.103461e+04 1.100886e+04 1.097714e+04
3.2 1.091567e+04 1.102820e+04 1.102936e+04 1.091683e+04
4.2 1.095440e+04 1.097472e+04 1.103247e+04 1.101214e+04
5.2 1.111215e+04 1.100422e+04 1.103148e+04 1.113941e+04
6.2 1.107624e+04 1.098423e+04 1.101300e+04 1.110500e+04
7.2 1.102792e+04 1.099238e+04 1.098819e+04 1.102373e+04
0.9 1.100289e+04 1.103461e+04 1.100886e+04 1.097714e+04
1.9 1.091567e+04 1.102820e+04 1.102936e+04 1.091683e+04
2.9 1.095440e+04 1.097472e+04 1.103247e+04 1.101214e+04
3.9 1.111215e+04 1.100422e+04 1.103148e+04 1.113941e+04
4.9 1.107624e+04 1.098423e+04 1.101300e+04 1.110500e+04
5.9 1.102792e+04 1.099238e+04 1.098819e+04 1.102373e+04
0.2 1.091567e+04 1.102820e+04 1.102936e+04 1.091683e+04
1.2 1.095440e+04 1.097472e+04 1.103247e+04 1.101214e+04
2.2 1.111215e+04 1.100422e+04 1.103148e+04 1.113941e+04
3.2 1.107624e+04 1.098423e+04 1.101300e+04 1.110500e+04
4.2 1.102792e+04 1.099238e+04 1.098819e+04 1.102373e+04
