0.8 1.131794e+04 1.094422e+04 1.079680e+04 1.117053e+04
1.8 1.122316e+04 1.100803e+04 1.077551e+04 1.099064e+04
2.8 1.050689e+04 1.070432e+04 1.075978e+04 1.056234e+04
3.8 1.071286e+04 1.036097e+04 1.074227e+04 1.109416e+04
4.8 9.530472e+03 9.896765e+03 1.072366e+04 1.035737e+04
5.8 1.053702e+04 1.060425e+04 1.071761e+04 1.065037e+04
6.8 1.056107e+04 1.072780e+04 1.072590e+04 1.055917e+04
7.8 1.052544e+04 1.075629e+04 1.073682e+04 1.050597e+04
8.8 1.079195e+04 1.072489e+04 1.074556e+04 1.081263e+04
9.8 1.043555e+04 1.067428e+04 1.075805e+04 1.051932e+04
10.8 1.072872e+04 1.078901e+04 1.078371e+04 1.072343e+04
11.8 1.056050e+04 1.086884e+04 1.080415e+04 1.049582e+04
12.8 1.088597e+04 1.092096e+04 1.081405e+04 1.077906e+04
13.8 1.113037e+04 1.083620e+04 1.081703e+04 1.111120e+04
14.8 1.099615e+04 1.089991e+04 1.081667e+04 1.091291e+04
15.8 1.070493e+04 1.082171e+04 1.081510e+04 1.069832e+04
16.8 1.088568e+04 1.069539e+04 1.081349e+04 1.100378e+04
17.8 1.086109e+04 1.069304e+04 1.081238e+04 1.098043e+04
1.0 1.050689e+04 1.070432e+04 1.075978e+04 1.056234e+04
2.0 1.071286e+04 1.036097e+04 1.074227e+04 1.109416e+04
3.0 9.530472e+03 9.896765e+03 1.072366e+04 1.035737e+04
4.0 1.053702e+04 1.060425e+04 1.071761e+04 1.065037e+04
5.0 1.056107e+04 1.072780e+04 1.072590e+04 1.055917e+04
6.0 1.052544e+04 1.075629e+04 1.073682e+04 1.050597e+04
7.0 1.079195e+04 1.072489e+04 1.074556e+04 1.081263e+04
8.0 1.043555e+04 1.067428e+04 1.075805e+04 1.051932e+04
9.0 1.072872e+04 1.078901e+04 1.078371e+04 1.072343e+04
10.0 1.056050e+04 1.086884e+04 1.080415e+04 1.049582e+04
11.0 1.088597e+04 1.092096e+04 1.081405e+04 1.077906e+04
12.0 1.113037e+04 1.083620e+04 1.081703e+04 1.111120e+04
13.0 1.099615e+04 1.089991e+04 1.081667e+04 1.091291e+04
14.0 1.070493e+04 1.082171e+04 1.081510e+04 1.069832e+04
15.0 1.088568e+04 1.069539e+04 1.081349e+04 1.100378e+04
16.0 1.086109e+04 1.069304e+04 1.081238e+04 1.098043e+04
17.0 1.070291e+04 1.078621e+04 1.081183e+04 1.072853e+04
18.0 1.080394e+04 1.089248e+04 1.081171e+04 1.072317e+04
1.0 1.071286e+04 1.036097e+04 1.074227e+04 1.109416e+04
2.0 9.530472e+03 9.896765e+03 1.072366e+04 1.035737e+04
3.0 1.053702e+04 1.060425e+04 1.071761e+04 1.065037e+04
4.0 1.056107e+04 1.072780e+04 1.072590e+04 1.055917e+04
5.0 1.052544e+04 1.075629e+04 1.073682e+04 1.050597e+04
6.0 1.079195e+04 1.072489e+04 1.074556e+04 1.081263e+04
7.0 1.043555e+04 1.067428e+04 1.075805e+04 1.051932e+04
8.0 1.072872e+04 1.078901e+04 1.078371e+04 1.072343e+04
9.0 1.056050e+04 1.086884e+04 1.080415e+04 1.049582e+04
10.0 1.088597e+04 1.092096e+04 1.081405e+04 1.077906e+04
11.0 1.113037e+04 1.083620e+04 1.081703e+04 1.111120e+04
12.0 1.099615e+04 1.089991e+04 1.081667e+04 1.091291e+04
13.0 1.070493e+04 1.082171e+04 1.081510e+04 1.069832e+04
14.0 1.088568e+04 1.069539e+04 1.081349e+04 1.100378e+04
15.0 1.086109e+04 1.069304e+04 1.081238e+04 1.098043e+04
16.0 1.070291e+04 1.078621e+04 1.081183e+04 1.072853e+04
17.0 1.080394e+04 1.089248e+04 1.081171e+04 1.072317e+04
18.0 1.109817e+04 1.086407e+04 1.081182e+04 1.104592e+04
0.8 9.530472e+03 9.896765e+03 1.072366e+04 1.035737e+04
1.8 1.053702e+04 1.060425e+04 1.071761e+04 1.065037e+04
2.8 1.056107e+04 1.072780e+04 1.072590e+04 1.055917e+04
3.8 1.052544e+04 1.075629e+04 1.073682e+04 1.050597e+04
4.8 1.079195e+04 1.072489e+04 1.074556e+04 1.081263e+04
5.8 1.043555e+04 1.067428e+04 1.075805e+04 1.051932e+04
6.8 1.072872e+04 1.078901e+04 1.078371e+04 1.072343e+04
7.8 1.056050e+04 1.086884e+04 1.080415e+04 1.049582e+04
8.8 1.088597e+04 1.092096e+04 1.081405e+04 1.077906e+04
9.8 1.113037e+04 1.083620e+04 1.081703e+04 1.111120e+04
10.8 1.099615e+04 1.089991e+04 1.081667e+04 1.091291e+04
11.8 1.070493e+04 1.082171e+04 1.081510e+04 1.069832e+04
12.8 1.088568e+04 1.069539e+04 1.081349e+04 1.100378e+04
13.8 1.086109e+04 1.069304e+04 1.081238e+04 1.098043e+04
14.8 1.070291e+04 1.078621e+04 1.081183e+04 1.072853e+04
15.8 1.080394e+04 1.089248e+04 1.081171e+04 1.072317e+04
16.8 1.109817e+04 1.086407e+04 1.081182e+04 1.104592e+04
17.8 1.084927e+04 1.090498e+04 1.081050e+04 1.075479e+04
0.4 1.053702e+04 1.060425e+04 1.071761e+04 1.065037e+04
1.4 1.056107e+04 1.072780e+04 1.072590e+04 1.055917e+04
2.4 1.052544e+04 1.075629e+04 1.073682e+04 1.050597e+04
3.4 1.079195e+04 1.072489e+04 1.074556e+04 1.081263e+04
4.4 1.043555e+04 1.067428e+04 1.075805e+04 1.051932e+04
5.4 1.072872e+04 1.078901e+04 1.078371e+04 1.072343e+04
6.4 1.056050e+04 1.086884e+04 1.080415e+04 1.049582e+04
7.4 1.088597e+04 1.092096e+04 1.081405e+04 1.077906e+04
8.4 1.113037e+04 1.083620e+04 1.081703e+04 1.111120e+04
9.4 1.099615e+04 1.089991e+04 1.081667e+04 1.091291e+04
10.4 1.070493e+04 1.082171e+04 1.081510e+04 1.069832e+04
11.4 1.088568e+04 1.069539e+04 1.081349e+04 1.100378e+04
12.4 1.086109e+04 1.069304e+04 1.081238e+04 1.098043e+04
13.4 1.070291e+04 1.078621e+04 1.081183e+04 1.072853e+04
14.4 1.080394e+04 1.089248e+04 1.081171e+04 1.072317e+04
15.4 1.109817e+04 1.086407e+04 1.081182e+04 1.104592e+04
16.4 1.084927e+04 1.090498e+04 1.081050e+04 1.075479e+04
17.4 1.103099e+04 1.088366e+04 1.078729e+04 1.093462e+04
0.7 1.052544e+04 1.075629e+04 1.073682e+04 1.050597e+04
1.7 1.079195e+04 1.072489e+04 1.074556e+04 1.081263e+04
2.7 1.043555e+04 1.067428e+04 1.075805e+04 1.051932e+04
3.7 1.072872e+04 1.078901e+04 1.078371e+04 1.072343e+04
4.7 1.056050e+04 1.086884e+04 1.080415e+04 1.049582e+04
5.7 1.088597e+04 1.092096e+04 1.081405e+04 1.077906e+04
6.7 1.113037e+04 1.083620e+04 1.081703e+04 1.111120e+04
7.7 1.099615e+04 1.089991e+04 1.081667e+04 1.091291e+04
8.7 1.070493e+04 1.082171e+04 1.081510e+04 1.069832e+04
9.7 1.088568e+04 1.069539e+04 1.081349e+04 1.100378e+04
10.7 1.086109e+04 1.069304e+04 1.081238e+04 1.098043e+04
11.7 1.070291e+04 1.078621e+04 1.081183e+04 1.072853e+04
12.7 1.080394e+04 1.089248e+04 1.081171e+04 1.072317e+04
13.7 1.109817e+04 1.086407e+04 1.081182e+04 1.104592e+04
14.7 1.084927e+04 1.090498e+04 1.081050e+04 1.075479e+04
15.7 1.103099e+04 1.088366e+04 1.078729e+04 1.093462e+04
16.7 1.090526e+04 1.080246e+04 1.077133e+04 1.087412e+04
17.7 1.068699e+04 1.076963e+04 1.075838e+04 1.067574e+04
0.8 1.084927e+04 1.090498e+04 1.081050e+04 1.075479e+04
1.8 1.103099e+04 1.088366e+04 1.078729e+04 1.093462e+04
2.8 1.090526e+04 1.080246e+04 1.077133e+04 1.087412e+04
3.8 1.068699e+04 1.076963e+04 1.075838e+04 1.067574e+04
4.8 1.108657e+04 1.074256e+04 1.074002e+04 1.108402e+04
5.8 1.047991e+04 1.074494e+04 1.072744e+04 1.046241e+04
6.8 1.055118e+04 1.075944e+04 1.071846e+04 1.051020e+04
7.8 1.072221e+04 1.073129e+04 1.071488e+04 1.070580e+04
8.8 1.080194e+04 1.075830e+04 1.070462e+04 1.074826e+04
9.8 1.071860e+04 1.076628e+04 1.070291e+04 1.065523e+04
10.8 1.085612e+04 1.073658e+04 1.071605e+04 1.083559e+04
11.8 1.063941e+04 1.072166e+04 1.074057e+04 1.065832e+04
12.8 1.071927e+04 1.064922e+04 1.075140e+04 1.082145e+04
13.8 1.073341e+04 1.071374e+04 1.077216e+04 1.079182e+04
14.8 1.105510e+04 1.081682e+04 1.079645e+04 1.103473e+04
15.8 1.112717e+04 1.089971e+04 1.081008e+04 1.103753e+04
16.8 1.087850e+04 1.086950e+04 1.081374e+04 1.082275e+04
17.8 1.050582e+04 1.070692e+04 1.081214e+04 1.061104e+04
0.9 1.090526e+04 1.080246e+04 1.077133e+04 1.087412e+04
1.9 1.068699e+04 1.076963e+04 1.075838e+04 1.067574e+04
2.9 1.108657e+04 1.074256e+04 1.074002e+04 1.108402e+04
3.9 1.047991e+04 1.074494e+04 1.072744e+04 1.046241e+04
4.9 1.055118e+04 1.075944e+04 1.071846e+04 1.051020e+04
5.9 1.072221e+04 1.073129e+04 1.071488e+04 1.070580e+04
6.9 1.080194e+04 1.075830e+04 1.070462e+04 1.074826e+04
7.9 1.071860e+04 1.076628e+04 1.070291e+04 1.065523e+04
8.9 1.085612e+04 1.073658e+04 1.071605e+04 1.083559e+04
9.9 1.063941e+04 1.072166e+04 1.074057e+04 1.065832e+04
10.9 1.071927e+04 1.064922e+04 1.075140e+04 1.082145e+04
11.9 1.073341e+04 1.071374e+04 1.077216e+04 1.079182e+04
12.9 1.105510e+04 1.081682e+04 1.079645e+04 1.103473e+04
13.9 1.112717e+04 1.089971e+04 1.081008e+04 1.103753e+04
14.9 1.087850e+04 1.086950e+04 1.081374e+04 1.082275e+04
15.9 1.050582e+04 1.070692e+04 1.081214e+04 1.061104e+04
16.9 1.077137e+04 1.062860e+04 1.080846e+04 1.095122e+04
17.9 1.062192e+04 1.065363e+04 1.080441e+04 1.077270e+04
0.8 1.068699e+04 1.076963e+04 1.075838e+04 1.067574e+04
1.8 1.108657e+04 1.074256e+04 1.074002e+04 1.108402e+04
2.8 1.047991e+04 1.074494e+04 1.072744e+04 1.046241e+04
3.8 1.055118e+04 1.075944e+04 1.071846e+04 1.051020e+04
4.8 1.072221e+04 1.073129e+04 1.071488e+04 1.070580e+04
5.8 1.080194e+04 1.075830e+04 1.070462e+04 1.074826e+04
6.8 1.071860e+04 1.076628e+04 1.070291e+04 1.065523e+04
7.8 1.085612e+04 1.073658e+04 1.071605e+04 1.083559e+04
8.8 1.063941e+04 1.072166e+04 1.074057e+04 1.065832e+04
9.8 1.071927e+04 1.064922e+04 1.075140e+04 1.082145e+04
10.8 1.073341e+04 1.071374e+04 1.077216e+04 1.079182e+04
11.8 1.105510e+04 1.081682e+04 1.079645e+04 1.103473e+04
12.8 1.112717e+04 1.089971e+04 1.081008e+04 1.103753e+04
13.8 1.087850e+04 1.086950e+04 1.081374e+04 1.082275e+04
14.8 1.050582e+04 1.070692e+04 1.081214e+04 1.061104e+04
15.8 1.077137e+04 1.062860e+04 1.080846e+04 1.095122e+04
16.8 1.062192e+04 1.065363e+04 1.080441e+04 1.077270e+04
17.8 1.032216e+04 1.066324e+04 1.080083e+04 1.045976e+04
0.7 1.108657e+04 1.074256e+04 1.074002e+04 1.108402e+04
1.7 1.047991e+04 1.074494e+04 1.072744e+04 1.046241e+04
2.7 1.055118e+04 1.075944e+04 1.071846e+04 1.051020e+04
3.7 1.072221e+04 1.073129e+04 1.071488e+04 1.070580e+04
4.7 1.080194e+04 1.075830e+04 1.070462e+04 1.074826e+04
5.7 1.071860e+04 1.076628e+04 1.070291e+04 1.065523e+04
6.7 1.085612e+04 1.073658e+04 1.071605e+04 1.083559e+04
7.7 1.063941e+04 1.072166e+04 1.074057e+04 1.065832e+04
8.7 1.071927e+04 1.064922e+04 1.075140e+04 1.082145e+04
9.7 1.073341e+04 1.071374e+04 1.077216e+04 1.079182e+04
10.7 1.105510e+04 1.081682e+04 1.079645e+04 1.103473e+04
11.7 1.112717e+04 1.089971e+04 1.081008e+04 1.103753e+04
12.7 1.087850e+04 1.086950e+04 1.081374e+04 1.082275e+04
13.7 1.050582e+04 1.070692e+04 1.081214e+04 1.061104e+04
14.7 1.077137e+04 1.062860e+04 1.080846e+04 1.095122e+04
15.7 1.062192e+04 1.065363e+04 1.080441e+04 1.077270e+04
16.7 1.032216e+04 1.066324e+04 1.080083e+04 1.045976e+04
17.7 1.060459e+04 1.080717e+04 1.079801e+04 1.059543e+04
0.8 1.047991e+04 1.074494e+04 1.072744e+04 1.046241e+04
1.8 1.055118e+04 1.075944e+04 1.071846e+04 1.051020e+04
2.8 1.072221e+04 1.073129e+04 1.071488e+04 1.070580e+04
3.8 1.080194e+04 1.075830e+04 1.070462e+04 1.074826e+04
4.8 1.071860e+04 1.076628e+04 1.070291e+04 1.065523e+04
5.8 1.085612e+04 1.073658e+04 1.071605e+04 1.083559e+04
6.8 1.063941e+04 1.072166e+04 1.074057e+04 1.065832e+04
7.8 1.071927e+04 1.064922e+04 1.075140e+04 1.082145e+04
8.8 1.073341e+04 1.071374e+04 1.077216e+04 1.079182e+04
9.8 1.105510e+04 1.081682e+04 1.079645e+04 1.103473e+04
10.8 1.112717e+04 1.089971e+04 1.081008e+04 1.103753e+04
11.8 1.087850e+04 1.086950e+04 1.081374e+04 1.082275e+04
12.8 1.050582e+04 1.070692e+04 1.081214e+04 1.061104e+04
13.8 1.077137e+04 1.062860e+04 1.080846e+04 1.095122e+04
14.8 1.062192e+04 1.065363e+04 1.080441e+04 1.077270e+04
15.8 1.032216e+04 1.066324e+04 1.080083e+04 1.045976e+04
16.8 1.060459e+04 1.080717e+04 1.079801e+04 1.059543e+04
17.8 1.094173e+04 1.097460e+04 1.079585e+04 1.076299e+04
0.6 1.055118e+04 1.075944e+04 1.071846e+04 1.051020e+04
1.6 1.072221e+04 1.073129e+04 1.071488e+04 1.070580e+04
2.6 1.080194e+04 1.075830e+04 1.070462e+04 1.074826e+04
3.6 1.071860e+04 1.076628e+04 1.070291e+04 1.065523e+04
4.6 1.085612e+04 1.073658e+04 1.071605e+04 1.083559e+04
5.6 1.063941e+04 1.072166e+04 1.074057e+04 1.065832e+04
6.6 1.071927e+04 1.064922e+04 1.075140e+04 1.082145e+04
7.6 1.073341e+04 1.071374e+04 1.077216e+04 1.079182e+04
8.6 1.105510e+04 1.081682e+04 1.079645e+04 1.103473e+04
9.6 1.112717e+04 1.089971e+04 1.081008e+04 1.103753e+04
10.6 1.087850e+04 1.086950e+04 1.081374e+04 1.082275e+04
11.6 1.050582e+04 1.070692e+04 1.081214e+04 1.061104e+04
12.6 1.077137e+04 1.062860e+04 1.080846e+04 1.095122e+04
13.6 1.062192e+04 1.065363e+04 1.080441e+04 1.077270e+04
14.6 1.032216e+04 1.066324e+04 1.080083e+04 1.045976e+04
15.6 1.060459e+04 1.080717e+04 1.079801e+04 1.059543e+04
16.6 1.094173e+04 1.097460e+04 1.079585e+04 1.076299e+04
17.6 1.080997e+04 1.087247e+04 1.079418e+04 1.073168e+04
0.9 1.072221e+04 1.073129e+04 1.071488e+04 1.070580e+04
1.9 1.080194e+04 1.075830e+04 1.070462e+04 1.074826e+04
2.9 1.071860e+04 1.076628e+04 1.070291e+04 1.065523e+04
3.9 1.085612e+04 1.073658e+04 1.071605e+04 1.083559e+04
4.9 1.063941e+04 1.072166e+04 1.074057e+04 1.065832e+04
5.9 1.071927e+04 1.064922e+04 1.075140e+04 1.082145e+04
6.9 1.073341e+04 1.071374e+04 1.077216e+04 1.079182e+04
7.9 1.105510e+04 1.081682e+04 1.079645e+04 1.103473e+04
8.9 1.112717e+04 1.089971e+04 1.081008e+04 1.103753e+04
9.9 1.087850e+04 1.086950e+04 1.081374e+04 1.082275e+04
10.9 1.050582e+04 1.070692e+04 1.081214e+04 1.061104e+04
11.9 1.077137e+04 1.062860e+04 1.080846e+04 1.095122e+04
12.9 1.062192e+04 1.065363e+04 1.080441e+04 1.077270e+04
13.9 1.032216e+04 1.066324e+04 1.080083e+04 1.045976e+04
14.9 1.060459e+04 1.080717e+04 1.079801e+04 1.059543e+04
15.9 1.094173e+04 1.097460e+04 1.079585e+04 1.076299e+04
16.9 1.080997e+04 1.087247e+04 1.079418e+04 1.073168e+04
17.9 1.050240e+04 1.081660e+04 1.079281e+04 1.047861e+04
0.1 1.072221e+04 1.073129e+04 1.071488e+04 1.070580e+04
1.1 1.080194e+04 1.075830e+04 1.070462e+04 1.074826e+04
2.1 1.071860e+04 1.076628e+04 1.070291e+04 1.065523e+04
3.1 1.085612e+04 1.073658e+04 1.071605e+04 1.083559e+04
4.1 1.063941e+04 1.072166e+04 1.074057e+04 1.065832e+04
5.1 1.071927e+04 1.064922e+04 1.075140e+04 1.082145e+04
6.1 1.073341e+04 1.071374e+04 1.077216e+04 1.079182e+04
7.1 1.105510e+04 1.081682e+04 1.079645e+04 1.103473e+04
8.1 1.112717e+04 1.089971e+04 1.081008e+04 1.103753e+04
9.1 1.087850e+04 1.086950e+04 1.081374e+04 1.082275e+04
10.1 1.050582e+04 1.070692e+04 1.081214e+04 1.061104e+04
11.1 1.077137e+04 1.062860e+04 1.080846e+04 1.095122e+04
12.1 1.062192e+04 1.065363e+04 1.080441e+04 1.077270e+04
13.1 1.032216e+04 1.066324e+04 1.080083e+04 1.045976e+04
14.1 1.060459e+04 1.080717e+04 1.079801e+04 1.059543e+04
15.1 1.094173e+04 1.097460e+04 1.079585e+04 1.076299e+04
16.1 1.080997e+04 1.087247e+04 1.079418e+04 1.073168e+04
17.1 1.050240e+04 1.081660e+04 1.079281e+04 1.047861e+04
0.9 1.071860e+04 1.076628e+04 1.070291e+04 1.065523e+04
1.9 1.085612e+04 1.073658e+04 1.071605e+04 1.083559e+04
2.9 1.063941e+04 1.072166e+04 1.074057e+04 1.065832e+04
3.9 1.071927e+04 1.064922e+04 1.075140e+04 1.082145e+04
4.9 1.073341e+04 1.071374e+04 1.077216e+04 1.079182e+04
5.9 1.105510e+04 1.081682e+04 1.079645e+04 1.103473e+04
6.9 1.112717e+04 1.089971e+04 1.081008e+04 1.103753e+04
7.9 1.087850e+04 1.086950e+04 1.081374e+04 1.082275e+04
8.9 1.050582e+04 1.070692e+04 1.081214e+04 1.061104e+04
9.9 1.077137e+04 1.062860e+04 1.080846e+04 1.095122e+04
10.9 1.062192e+04 1.065363e+04 1.080441e+04 1.077270e+04
11.9 1.032216e+04 1.066324e+04 1.080083e+04 1.045976e+04
12.9 1.060459e+04 1.080717e+04 1.079801e+04 1.059543e+04
13.9 1.094173e+04 1.097460e+04 1.079585e+04 1.076299e+04
14.9 1.080997e+04 1.087247e+04 1.079418e+04 1.073168e+04
15.9 1.050240e+04 1.081660e+04 1.079281e+04 1.047861e+04
16.9 1.114264e+04 1.093887e+04 1.079163e+04 1.099540e+04
17.9 1.107362e+04 1.105246e+04 1.079058e+04 1.081174e+04
0.2 1.085612e+04 1.073658e+04 1.071605e+04 1.083559e+04
1.2 1.063941e+04 1.072166e+04 1.074057e+04 1.065832e+04
2.2 1.071927e+04 1.064922e+04 1.075140e+04 1.082145e+04
3.2 1.073341e+04 1.071374e+04 1.077216e+04 1.079182e+04
4.2 1.105510e+04 1.081682e+04 1.079645e+04 1.103473e+04
5.2 1.112717e+04 1.089971e+04 1.081008e+04 1.103753e+04
6.2 1.087850e+04 1.086950e+04 1.081374e+04 1.082275e+04
7.2 1.050582e+04 1.070692e+04 1.081214e+04 1.061104e+04
8.2 1.077137e+04 1.062860e+04 1.080846e+04 1.095122e+04
9.2 1.062192e+04 1.065363e+04 1.080441e+04 1.077270e+04
10.2 1.032216e+04 1.066324e+04 1.080083e+04 1.045976e+04
11.2 1.060459e+04 1.080717e+04 1.079801e+04 1.059543e+04
12.2 1.094173e+04 1.097460e+04 1.079585e+04 1.076299e+04
13.2 1.080997e+04 1.087247e+04 1.079418e+04 1.073168e+04
14.2 1.050240e+04 1.081660e+04 1.079281e+04 1.047861e+04
15.2 1.114264e+04 1.093887e+04 1.079163e+04 1.099540e+04
16.2 1.107362e+04 1.105246e+04 1.079058e+04 1.081174e+04
17.2 1.106834e+04 1.081776e+04 1.078964e+04 1.104022e+04
0.7 1.083519e+04 1.086644e+04 1.078386e+04 1.075261e+04
1.7 1.080714e+04 1.094273e+04 1.076389e+04 1.062830e+04
2.7 1.042277e+04 1.087276e+04 1.074566e+04 1.029567e+04
3.7 1.061176e+04 1.081890e+04 1.075523e+04 1.054809e+04
4.7 1.059343e+04 1.085135e+04 1.077103e+04 1.051311e+04
5.7 1.105069e+04 1.097705e+04 1.078139e+04 1.085504e+04
6.7 1.102951e+04 1.102950e+04 1.078662e+04 1.078663e+04
7.7 1.060647e+04 1.093083e+04 1.078871e+04 1.046435e+04
8.7 1.088487e+04 1.054573e+04 1.078902e+04 1.112816e+04
9.7 9.615205e+03 9.966942e+03 1.078858e+04 1.043684e+04
10.7 1.153597e+04 1.062315e+04 1.078811e+04 1.170093e+04
11.7 1.076987e+04 1.069663e+04 1.078795e+04 1.086119e+04
12.7 1.073469e+04 1.068371e+04 1.078814e+04 1.083913e+04
13.7 1.011277e+04 1.064076e+04 1.078863e+04 1.026065e+04
14.7 1.060142e+04 1.059817e+04 1.078933e+04 1.079259e+04
15.7 1.092049e+04 1.065810e+04 1.079019e+04 1.105258e+04
16.7 1.035891e+04 1.075556e+04 1.079116e+04 1.039452e+04
17.7 1.073236e+04 1.089487e+04 1.079225e+04 1.062975e+04
0.9 1.079452e+04 1.078413e+04 1.080844e+04 1.081884e+04
1.9 1.066063e+04 1.082556e+04 1.078570e+04 1.062076e+04
2.9 1.097338e+04 1.079273e+04 1.075664e+04 1.093729e+04
3.9 1.116378e+04 1.082214e+04 1.073278e+04 1.107442e+04
4.9 1.092800e+04 1.079458e+04 1.071537e+04 1.084878e+04
5.9 1.074260e+04 1.079351e+04 1.071785e+04 1.066694e+04
6.9 1.094720e+04 1.083140e+04 1.072103e+04 1.083683e+04
7.9 1.087959e+04 1.082872e+04 1.072739e+04 1.077826e+04
8.9 1.096382e+04 1.080843e+04 1.075015e+04 1.090553e+04
9.9 1.089011e+04 1.075876e+04 1.076575e+04 1.089710e+04
10.9 1.105953e+04 1.079748e+04 1.076151e+04 1.102356e+04
11.9 1.105506e+04 1.067766e+04 1.076840e+04 1.114580e+04
12.9 1.038523e+04 1.059446e+04 1.077175e+04 1.056251e+04
13.9 1.030679e+04 1.060512e+04 1.077033e+04 1.047199e+04
14.9 1.076319e+04 1.074271e+04 1.077243e+04 1.079291e+04
15.9 1.085449e+04 1.072623e+04 1.077184e+04 1.090010e+04
16.9 1.072415e+04 1.072722e+04 1.078404e+04 1.078097e+04
17.9 1.065165e+04 1.080503e+04 1.080746e+04 1.065408e+04
0.7 1.066063e+04 1.082556e+04 1.078570e+04 1.062076e+04
1.7 1.097338e+04 1.079273e+04 1.075664e+04 1.093729e+04
2.7 1.116378e+04 1.082214e+04 1.073278e+04 1.107442e+04
3.7 1.092800e+04 1.079458e+04 1.071537e+04 1.084878e+04
4.7 1.074260e+04 1.079351e+04 1.071785e+04 1.066694e+04
5.7 1.094720e+04 1.083140e+04 1.072103e+04 1.083683e+04
6.7 1.087959e+04 1.082872e+04 1.072739e+04 1.077826e+04
7.7 1.096382e+04 1.080843e+04 1.075015e+04 1.090553e+04
8.7 1.089011e+04 1.075876e+04 1.076575e+04 1.089710e+04
9.7 1.105953e+04 1.079748e+04 1.076151e+04 1.102356e+04
10.7 1.105506e+04 1.067766e+04 1.076840e+04 1.114580e+04
11.7 1.038523e+04 1.059446e+04 1.077175e+04 1.056251e+04
12.7 1.030679e+04 1.060512e+04 1.077033e+04 1.047199e+04
13.7 1.076319e+04 1.074271e+04 1.077243e+04 1.079291e+04
14.7 1.085449e+04 1.072623e+04 1.077184e+04 1.090010e+04
15.7 1.072415e+04 1.072722e+04 1.078404e+04 1.078097e+04
16.7 1.065165e+04 1.080503e+04 1.080746e+04 1.065408e+04
17.7 1.086067e+04 1.094167e+04 1.082411e+04 1.074311e+04
0.6 1.097338e+04 1.079273e+04 1.075664e+04 1.093729e+04
1.6 1.116378e+04 1.082214e+04 1.073278e+04 1.107442e+04
2.6 1.092800e+04 1.079458e+04 1.071537e+04 1.084878e+04
3.6 1.074260e+04 1.079351e+04 1.071785e+04 1.066694e+04
4.6 1.094720e+04 1.083140e+04 1.072103e+04 1.083683e+04
5.6 1.087959e+04 1.082872e+04 1.072739e+04 1.077826e+04
6.6 1.096382e+04 1.080843e+04 1.075015e+04 1.090553e+04
7.6 1.089011e+04 1.075876e+04 1.076575e+04 1.089710e+04
8.6 1.105953e+04 1.079748e+04 1.076151e+04 1.102356e+04
9.6 1.105506e+04 1.067766e+04 1.076840e+04 1.114580e+04
10.6 1.038523e+04 1.059446e+04 1.077175e+04 1.056251e+04
11.6 1.030679e+04 1.060512e+04 1.077033e+04 1.047199e+04
12.6 1.076319e+04 1.074271e+04 1.077243e+04 1.079291e+04
13.6 1.085449e+04 1.072623e+04 1.077184e+04 1.090010e+04
14.6 1.072415e+04 1.072722e+04 1.078404e+04 1.078097e+04
15.6 1.065165e+04 1.080503e+04 1.080746e+04 1.065408e+04
16.6 1.086067e+04 1.094167e+04 1.082411e+04 1.074311e+04
17.6 1.098513e+04 1.100044e+04 1.083078e+04 1.081548e+04
0.9 1.116378e+04 1.082214e+04 1.073278e+04 1.107442e+04
1.9 1.092800e+04 1.079458e+04 1.071537e+04 1.084878e+04
2.9 1.074260e+04 1.079351e+04 1.071785e+04 1.066694e+04
3.9 1.094720e+04 1.083140e+04 1.072103e+04 1.083683e+04
4.9 1.087959e+04 1.082872e+04 1.072739e+04 1.077826e+04
5.9 1.096382e+04 1.080843e+04 1.075015e+04 1.090553e+04
6.9 1.089011e+04 1.075876e+04 1.076575e+04 1.089710e+04
7.9 1.105953e+04 1.079748e+04 1.076151e+04 1.102356e+04
8.9 1.105506e+04 1.067766e+04 1.076840e+04 1.114580e+04
9.9 1.038523e+04 1.059446e+04 1.077175e+04 1.056251e+04
10.9 1.030679e+04 1.060512e+04 1.077033e+04 1.047199e+04
11.9 1.076319e+04 1.074271e+04 1.077243e+04 1.079291e+04
12.9 1.085449e+04 1.072623e+04 1.077184e+04 1.090010e+04
13.9 1.072415e+04 1.072722e+04 1.078404e+04 1.078097e+04
14.9 1.065165e+04 1.080503e+04 1.080746e+04 1.065408e+04
15.9 1.086067e+04 1.094167e+04 1.082411e+04 1.074311e+04
16.9 1.098513e+04 1.100044e+04 1.083078e+04 1.081548e+04
17.9 1.103305e+04 1.103178e+04 1.081402e+04 1.081529e+04
0.7 1.092800e+04 1.079458e+04 1.071537e+04 1.084878e+04
1.7 1.074260e+04 1.079351e+04 1.071785e+04 1.066694e+04
2.7 1.094720e+04 1.083140e+04 1.072103e+04 1.083683e+04
3.7 1.087959e+04 1.082872e+04 1.072739e+04 1.077826e+04
4.7 1.096382e+04 1.080843e+04 1.075015e+04 1.090553e+04
5.7 1.089011e+04 1.075876e+04 1.076575e+04 1.089710e+04
6.7 1.105953e+04 1.079748e+04 1.076151e+04 1.102356e+04
7.7 1.105506e+04 1.067766e+04 1.076840e+04 1.114580e+04
8.7 1.038523e+04 1.059446e+04 1.077175e+04 1.056251e+04
9.7 1.030679e+04 1.060512e+04 1.077033e+04 1.047199e+04
10.7 1.076319e+04 1.074271e+04 1.077243e+04 1.079291e+04
11.7 1.085449e+04 1.072623e+04 1.077184e+04 1.090010e+04
12.7 1.072415e+04 1.072722e+04 1.078404e+04 1.078097e+04
13.7 1.065165e+04 1.080503e+04 1.080746e+04 1.065408e+04
14.7 1.086067e+04 1.094167e+04 1.082411e+04 1.074311e+04
15.7 1.098513e+04 1.100044e+04 1.083078e+04 1.081548e+04
16.7 1.103305e+04 1.103178e+04 1.081402e+04 1.081529e+04
17.7 1.053225e+04 1.091305e+04 1.078920e+04 1.040840e+04
0.8 1.074260e+04 1.079351e+04 1.071785e+04 1.066694e+04
1.8 1.094720e+04 1.083140e+04 1.072103e+04 1.083683e+04
2.8 1.087959e+04 1.082872e+04 1.072739e+04 1.077826e+04
3.8 1.096382e+04 1.080843e+04 1.075015e+04 1.090553e+04
4.8 1.089011e+04 1.075876e+04 1.076575e+04 1.089710e+04
5.8 1.105953e+04 1.079748e+04 1.076151e+04 1.102356e+04
6.8 1.105506e+04 1.067766e+04 1.076840e+04 1.114580e+04
7.8 1.038523e+04 1.059446e+04 1.077175e+04 1.056251e+04
8.8 1.030679e+04 1.060512e+04 1.077033e+04 1.047199e+04
9.8 1.076319e+04 1.074271e+04 1.077243e+04 1.079291e+04
10.8 1.085449e+04 1.072623e+04 1.077184e+04 1.090010e+04
11.8 1.072415e+04 1.072722e+04 1.078404e+04 1.078097e+04
12.8 1.065165e+04 1.080503e+04 1.080746e+04 1.065408e+04
13.8 1.086067e+04 1.094167e+04 1.082411e+04 1.074311e+04
14.8 1.098513e+04 1.100044e+04 1.083078e+04 1.081548e+04
15.8 1.103305e+04 1.103178e+04 1.081402e+04 1.081529e+04
16.8 1.053225e+04 1.091305e+04 1.078920e+04 1.040840e+04
17.8 1.080726e+04 1.077736e+04 1.076731e+04 1.079721e+04
0.7 1.094720e+04 1.083140e+04 1.072103e+04 1.083683e+04
1.7 1.087959e+04 1.082872e+04 1.072739e+04 1.077826e+04
2.7 1.096382e+04 1.080843e+04 1.075015e+04 1.090553e+04
3.7 1.089011e+04 1.075876e+04 1.076575e+04 1.089710e+04
4.7 1.105953e+04 1.079748e+04 1.076151e+04 1.102356e+04
5.7 1.105506e+04 1.067766e+04 1.076840e+04 1.114580e+04
6.7 1.038523e+04 1.059446e+04 1.077175e+04 1.056251e+04
7.7 1.030679e+04 1.060512e+04 1.077033e+04 1.047199e+04
8.7 1.076319e+04 1.074271e+04 1.077243e+04 1.079291e+04
9.7 1.085449e+04 1.072623e+04 1.077184e+04 1.090010e+04
10.7 1.072415e+04 1.072722e+04 1.078404e+04 1.078097e+04
11.7 1.065165e+04 1.080503e+04 1.080746e+04 1.065408e+04
12.7 1.086067e+04 1.094167e+04 1.082411e+04 1.074311e+04
13.7 1.098513e+04 1.100044e+04 1.083078e+04 1.081548e+04
14.7 1.103305e+04 1.103178e+04 1.081402e+04 1.081529e+04
15.7 1.053225e+04 1.091305e+04 1.078920e+04 1.040840e+04
16.7 1.080726e+04 1.077736e+04 1.076731e+04 1.079721e+04
17.7 1.095112e+04 1.079894e+04 1.075325e+04 1.090543e+04
0.9 1.096382e+04 1.080843e+04 1.075015e+04 1.090553e+04
1.9 1.089011e+04 1.075876e+04 1.076575e+04 1.089710e+04
2.9 1.105953e+04 1.079748e+04 1.076151e+04 1.102356e+04
3.9 1.105506e+04 1.067766e+04 1.076840e+04 1.114580e+04
4.9 1.038523e+04 1.059446e+04 1.077175e+04 1.056251e+04
5.9 1.030679e+04 1.060512e+04 1.077033e+04 1.047199e+04
6.9 1.076319e+04 1.074271e+04 1.077243e+04 1.079291e+04
7.9 1.085449e+04 1.072623e+04 1.077184e+04 1.090010e+04
8.9 1.072415e+04 1.072722e+04 1.078404e+04 1.078097e+04
9.9 1.065165e+04 1.080503e+04 1.080746e+04 1.065408e+04
10.9 1.086067e+04 1.094167e+04 1.082411e+04 1.074311e+04
11.9 1.098513e+04 1.100044e+04 1.083078e+04 1.081548e+04
12.9 1.103305e+04 1.103178e+04 1.081402e+04 1.081529e+04
13.9 1.053225e+04 1.091305e+04 1.078920e+04 1.040840e+04
14.9 1.080726e+04 1.077736e+04 1.076731e+04 1.079721e+04
15.9 1.095112e+04 1.079894e+04 1.075325e+04 1.090543e+04
16.9 1.096683e+04 1.065125e+04 1.074179e+04 1.105737e+04
17.9 1.074729e+04 1.058985e+04 1.072855e+04 1.088599e+04
0.8 1.089011e+04 1.075876e+04 1.076575e+04 1.089710e+04
1.8 1.105953e+04 1.079748e+04 1.076151e+04 1.102356e+04
2.8 1.105506e+04 1.067766e+04 1.076840e+04 1.114580e+04
3.8 1.038523e+04 1.059446e+04 1.077175e+04 1.056251e+04
4.8 1.030679e+04 1.060512e+04 1.077033e+04 1.047199e+04
5.8 1.076319e+04 1.074271e+04 1.077243e+04 1.079291e+04
6.8 1.085449e+04 1.072623e+04 1.077184e+04 1.090010e+04
7.8 1.072415e+04 1.072722e+04 1.078404e+04 1.078097e+04
8.8 1.065165e+04 1.080503e+04 1.080746e+04 1.065408e+04
9.8 1.086067e+04 1.094167e+04 1.082411e+04 1.074311e+04
10.8 1.098513e+04 1.100044e+04 1.083078e+04 1.081548e+04
11.8 1.103305e+04 1.103178e+04 1.081402e+04 1.081529e+04
12.8 1.053225e+04 1.091305e+04 1.078920e+04 1.040840e+04
13.8 1.080726e+04 1.077736e+04 1.076731e+04 1.079721e+04
14.8 1.095112e+04 1.079894e+04 1.075325e+04 1.090543e+04
15.8 1.096683e+04 1.065125e+04 1.074179e+04 1.105737e+04
16.8 1.074729e+04 1.058985e+04 1.072855e+04 1.088599e+04
17.8 1.067883e+04 1.059833e+04 1.072594e+04 1.080644e+04
0.0 1.105953e+04 1.079748e+04 1.076151e+04 1.102356e+04
1.0 1.105506e+04 1.067766e+04 1.076840e+04 1.114580e+04
2.0 1.038523e+04 1.059446e+04 1.077175e+04 1.056251e+04
3.0 1.030679e+04 1.060512e+04 1.077033e+04 1.047199e+04
4.0 1.076319e+04 1.074271e+04 1.077243e+04 1.079291e+04
5.0 1.085449e+04 1.072623e+04 1.077184e+04 1.090010e+04
6.0 1.072415e+04 1.072722e+04 1.078404e+04 1.078097e+04
7.0 1.065165e+04 1.080503e+04 1.080746e+04 1.065408e+04
8.0 1.086067e+04 1.094167e+04 1.082411e+04 1.074311e+04
9.0 1.098513e+04 1.100044e+04 1.083078e+04 1.081548e+04
10.0 1.103305e+04 1.103178e+04 1.081402e+04 1.081529e+04
11.0 1.053225e+04 1.091305e+04 1.078920e+04 1.040840e+04
12.0 1.080726e+04 1.077736e+04 1.076731e+04 1.079721e+04
13.0 1.095112e+04 1.079894e+04 1.075325e+04 1.090543e+04
14.0 1.096683e+04 1.065125e+04 1.074179e+04 1.105737e+04
15.0 1.074729e+04 1.058985e+04 1.072855e+04 1.088599e+04
16.0 1.067883e+04 1.059833e+04 1.072594e+04 1.080644e+04
17.0 1.083832e+04 1.065026e+04 1.072402e+04 1.091208e+04
0.6 1.038523e+04 1.059446e+04 1.077175e+04 1.056251e+04
1.6 1.030679e+04 1.060512e+04 1.077033e+04 1.047199e+04
2.6 1.076319e+04 1.074271e+04 1.077243e+04 1.079291e+04
3.6 1.085449e+04 1.072623e+04 1.077184e+04 1.090010e+04
4.6 1.072415e+04 1.072722e+04 1.078404e+04 1.078097e+04
5.6 1.065165e+04 1.080503e+04 1.080746e+04 1.065408e+04
6.6 1.086067e+04 1.094167e+04 1.082411e+04 1.074311e+04
7.6 1.098513e+04 1.100044e+04 1.083078e+04 1.081548e+04
8.6 1.103305e+04 1.103178e+04 1.081402e+04 1.081529e+04
9.6 1.053225e+04 1.091305e+04 1.078920e+04 1.040840e+04
10.6 1.080726e+04 1.077736e+04 1.076731e+04 1.079721e+04
11.6 1.095112e+04 1.079894e+04 1.075325e+04 1.090543e+04
12.6 1.096683e+04 1.065125e+04 1.074179e+04 1.105737e+04
13.6 1.074729e+04 1.058985e+04 1.072855e+04 1.088599e+04
14.6 1.067883e+04 1.059833e+04 1.072594e+04 1.080644e+04
15.6 1.083832e+04 1.065026e+04 1.072402e+04 1.091208e+04
16.6 1.040145e+04 1.075002e+04 1.071741e+04 1.036884e+04
17.6 1.036549e+04 1.066786e+04 1.072468e+04 1.042230e+04
1.0 1.076319e+04 1.074271e+04 1.077243e+04 1.079291e+04
2.0 1.085449e+04 1.072623e+04 1.077184e+04 1.090010e+04
3.0 1.072415e+04 1.072722e+04 1.078404e+04 1.078097e+04
4.0 1.065165e+04 1.080503e+04 1.080746e+04 1.065408e+04
5.0 1.086067e+04 1.094167e+04 1.082411e+04 1.074311e+04
6.0 1.098513e+04 1.100044e+04 1.083078e+04 1.081548e+04
7.0 1.103305e+04 1.103178e+04 1.081402e+04 1.081529e+04
8.0 1.053225e+04 1.091305e+04 1.078920e+04 1.040840e+04
9.0 1.080726e+04 1.077736e+04 1.076731e+04 1.079721e+04
10.0 1.095112e+04 1.079894e+04 1.075325e+04 1.090543e+04
11.0 1.096683e+04 1.065125e+04 1.074179e+04 1.105737e+04
12.0 1.074729e+04 1.058985e+04 1.072855e+04 1.088599e+04
13.0 1.067883e+04 1.059833e+04 1.072594e+04 1.080644e+04
14.0 1.083832e+04 1.065026e+04 1.072402e+04 1.091208e+04
15.0 1.040145e+04 1.075002e+04 1.071741e+04 1.036884e+04
16.0 1.036549e+04 1.066786e+04 1.072468e+04 1.042230e+04
17.0 1.040405e+04 1.051309e+04 1.073930e+04 1.063026e+04
18.0 1.087827e+04 1.053315e+04 1.077117e+04 1.111629e+04
0.6 1.098513e+04 1.100044e+04 1.083078e+04 1.081548e+04
1.6 1.103305e+04 1.103178e+04 1.081402e+04 1.081529e+04
2.6 1.053225e+04 1.091305e+04 1.078920e+04 1.040840e+04
3.6 1.080726e+04 1.077736e+04 1.076731e+04 1.079721e+04
4.6 1.095112e+04 1.079894e+04 1.075325e+04 1.090543e+04
5.6 1.096683e+04 1.065125e+04 1.074179e+04 1.105737e+04
6.6 1.074729e+04 1.058985e+04 1.072855e+04 1.088599e+04
7.6 1.067883e+04 1.059833e+04 1.072594e+04 1.080644e+04
8.6 1.083832e+04 1.065026e+04 1.072402e+04 1.091208e+04
9.6 1.040145e+04 1.075002e+04 1.071741e+04 1.036884e+04
10.6 1.036549e+04 1.066786e+04 1.072468e+04 1.042230e+04
11.6 1.040405e+04 1.051309e+04 1.073930e+04 1.063026e+04
12.6 1.087827e+04 1.053315e+04 1.077117e+04 1.111629e+04
13.6 1.059690e+04 1.060024e+04 1.079953e+04 1.079619e+04
14.6 1.084950e+04 1.072707e+04 1.081361e+04 1.093604e+04
15.6 1.057842e+04 1.068916e+04 1.081687e+04 1.070613e+04
16.6 1.083301e+04 1.088310e+04 1.081453e+04 1.076444e+04
17.6 1.065599e+04 1.089102e+04 1.081001e+04 1.057498e+04
0.1 1.103305e+04 1.103178e+04 1.081402e+04 1.081529e+04
1.1 1.053225e+04 1.091305e+04 1.078920e+04 1.040840e+04
2.1 1.080726e+04 1.077736e+04 1.076731e+04 1.079721e+04
3.1 1.095112e+04 1.079894e+04 1.075325e+04 1.090543e+04
4.1 1.096683e+04 1.065125e+04 1.074179e+04 1.105737e+04
5.1 1.074729e+04 1.058985e+04 1.072855e+04 1.088599e+04
6.1 1.067883e+04 1.059833e+04 1.072594e+04 1.080644e+04
7.1 1.083832e+04 1.065026e+04 1.072402e+04 1.091208e+04
8.1 1.040145e+04 1.075002e+04 1.071741e+04 1.036884e+04
9.1 1.036549e+04 1.066786e+04 1.072468e+04 1.042230e+04
10.1 1.040405e+04 1.051309e+04 1.073930e+04 1.063026e+04
11.1 1.087827e+04 1.053315e+04 1.077117e+04 1.111629e+04
12.1 1.059690e+04 1.060024e+04 1.079953e+04 1.079619e+04
13.1 1.084950e+04 1.072707e+04 1.081361e+04 1.093604e+04
14.1 1.057842e+04 1.068916e+04 1.081687e+04 1.070613e+04
15.1 1.083301e+04 1.088310e+04 1.081453e+04 1.076444e+04
16.1 1.065599e+04 1.089102e+04 1.081001e+04 1.057498e+04
17.1 1.088206e+04 1.097880e+04 1.080524e+04 1.070850e+04
0.7 1.080726e+04 1.077736e+04 1.076731e+04 1.079721e+04
1.7 1.095112e+04 1.079894e+04 1.075325e+04 1.090543e+04
2.7 1.096683e+04 1.065125e+04 1.074179e+04 1.105737e+04
3.7 1.074729e+04 1.058985e+04 1.072855e+04 1.088599e+04
4.7 1.067883e+04 1.059833e+04 1.072594e+04 1.080644e+04
5.7 1.083832e+04 1.065026e+04 1.072402e+04 1.091208e+04
6.7 1.040145e+04 1.075002e+04 1.071741e+04 1.036884e+04
7.7 1.036549e+04 1.066786e+04 1.072468e+04 1.042230e+04
8.7 1.040405e+04 1.051309e+04 1.073930e+04 1.063026e+04
9.7 1.087827e+04 1.053315e+04 1.077117e+04 1.111629e+04
10.7 1.059690e+04 1.060024e+04 1.079953e+04 1.079619e+04
11.7 1.084950e+04 1.072707e+04 1.081361e+04 1.093604e+04
12.7 1.057842e+04 1.068916e+04 1.081687e+04 1.070613e+04
13.7 1.083301e+04 1.088310e+04 1.081453e+04 1.076444e+04
14.7 1.065599e+04 1.089102e+04 1.081001e+04 1.057498e+04
15.7 1.088206e+04 1.097880e+04 1.080524e+04 1.070850e+04
16.7 1.110571e+04 1.090990e+04 1.080118e+04 1.099698e+04
17.7 1.040342e+04 1.076713e+04 1.079802e+04 1.043430e+04
0.6 1.095112e+04 1.079894e+04 1.075325e+04 1.090543e+04
1.6 1.096683e+04 1.065125e+04 1.074179e+04 1.105737e+04
2.6 1.074729e+04 1.058985e+04 1.072855e+04 1.088599e+04
3.6 1.067883e+04 1.059833e+04 1.072594e+04 1.080644e+04
4.6 1.083832e+04 1.065026e+04 1.072402e+04 1.091208e+04
5.6 1.040145e+04 1.075002e+04 1.071741e+04 1.036884e+04
6.6 1.036549e+04 1.066786e+04 1.072468e+04 1.042230e+04
7.6 1.040405e+04 1.051309e+04 1.073930e+04 1.063026e+04
8.6 1.087827e+04 1.053315e+04 1.077117e+04 1.111629e+04
9.6 1.059690e+04 1.060024e+04 1.079953e+04 1.079619e+04
10.6 1.084950e+04 1.072707e+04 1.081361e+04 1.093604e+04
11.6 1.057842e+04 1.068916e+04 1.081687e+04 1.070613e+04
12.6 1.083301e+04 1.088310e+04 1.081453e+04 1.076444e+04
13.6 1.065599e+04 1.089102e+04 1.081001e+04 1.057498e+04
14.6 1.088206e+04 1.097880e+04 1.080524e+04 1.070850e+04
15.6 1.110571e+04 1.090990e+04 1.080118e+04 1.099698e+04
16.6 1.040342e+04 1.076713e+04 1.079802e+04 1.043430e+04
17.6 1.041854e+04 1.073505e+04 1.079561e+04 1.047911e+04
0.7 1.096683e+04 1.065125e+04 1.074179e+04 1.105737e+04
1.7 1.074729e+04 1.058985e+04 1.072855e+04 1.088599e+04
2.7 1.067883e+04 1.059833e+04 1.072594e+04 1.080644e+04
3.7 1.083832e+04 1.065026e+04 1.072402e+04 1.091208e+04
4.7 1.040145e+04 1.075002e+04 1.071741e+04 1.036884e+04
5.7 1.036549e+04 1.066786e+04 1.072468e+04 1.042230e+04
6.7 1.040405e+04 1.051309e+04 1.073930e+04 1.063026e+04
7.7 1.087827e+04 1.053315e+04 1.077117e+04 1.111629e+04
8.7 1.059690e+04 1.060024e+04 1.079953e+04 1.079619e+04
9.7 1.084950e+04 1.072707e+04 1.081361e+04 1.093604e+04
10.7 1.057842e+04 1.068916e+04 1.081687e+04 1.070613e+04
11.7 1.083301e+04 1.088310e+04 1.081453e+04 1.076444e+04
12.7 1.065599e+04 1.089102e+04 1.081001e+04 1.057498e+04
13.7 1.088206e+04 1.097880e+04 1.080524e+04 1.070850e+04
14.7 1.110571e+04 1.090990e+04 1.080118e+04 1.099698e+04
15.7 1.040342e+04 1.076713e+04 1.079802e+04 1.043430e+04
16.7 1.041854e+04 1.073505e+04 1.079561e+04 1.047911e+04
17.7 1.066417e+04 1.084754e+04 1.079371e+04 1.061034e+04
0.5 1.074729e+04 1.058985e+04 1.072855e+04 1.088599e+04
1.5 1.067883e+04 1.059833e+04 1.072594e+04 1.080644e+04
2.5 1.083832e+04 1.065026e+04 1.072402e+04 1.091208e+04
3.5 1.040145e+04 1.075002e+04 1.071741e+04 1.036884e+04
4.5 1.036549e+04 1.066786e+04 1.072468e+04 1.042230e+04
5.5 1.040405e+04 1.051309e+04 1.073930e+04 1.063026e+04
6.5 1.087827e+04 1.053315e+04 1.077117e+04 1.111629e+04
7.5 1.059690e+04 1.060024e+04 1.079953e+04 1.079619e+04
8.5 1.084950e+04 1.072707e+04 1.081361e+04 1.093604e+04
9.5 1.057842e+04 1.068916e+04 1.081687e+04 1.070613e+04
10.5 1.083301e+04 1.088310e+04 1.081453e+04 1.076444e+04
11.5 1.065599e+04 1.089102e+04 1.081001e+04 1.057498e+04
12.5 1.088206e+04 1.097880e+04 1.080524e+04 1.070850e+04
13.5 1.110571e+04 1.090990e+04 1.080118e+04 1.099698e+04
14.5 1.040342e+04 1.076713e+04 1.079802e+04 1.043430e+04
15.5 1.041854e+04 1.073505e+04 1.079561e+04 1.047911e+04
16.5 1.066417e+04 1.084754e+04 1.079371e+04 1.061034e+04
17.5 1.077538e+04 1.096715e+04 1.079212e+04 1.060035e+04
0.5 1.067883e+04 1.059833e+04 1.072594e+04 1.080644e+04
1.5 1.083832e+04 1.065026e+04 1.072402e+04 1.091208e+04
2.5 1.040145e+04 1.075002e+04 1.071741e+04 1.036884e+04
3.5 1.036549e+04 1.066786e+04 1.072468e+04 1.042230e+04
4.5 1.040405e+04 1.051309e+04 1.073930e+04 1.063026e+04
5.5 1.087827e+04 1.053315e+04 1.077117e+04 1.111629e+04
6.5 1.059690e+04 1.060024e+04 1.079953e+04 1.079619e+04
7.5 1.084950e+04 1.072707e+04 1.081361e+04 1.093604e+04
8.5 1.057842e+04 1.068916e+04 1.081687e+04 1.070613e+04
9.5 1.083301e+04 1.088310e+04 1.081453e+04 1.076444e+04
10.5 1.065599e+04 1.089102e+04 1.081001e+04 1.057498e+04
11.5 1.088206e+04 1.097880e+04 1.080524e+04 1.070850e+04
12.5 1.110571e+04 1.090990e+04 1.080118e+04 1.099698e+04
13.5 1.040342e+04 1.076713e+04 1.079802e+04 1.043430e+04
14.5 1.041854e+04 1.073505e+04 1.079561e+04 1.047911e+04
15.5 1.066417e+04 1.084754e+04 1.079371e+04 1.061034e+04
16.5 1.077538e+04 1.096715e+04 1.079212e+04 1.060035e+04
17.5 1.110605e+04 1.088392e+04 1.079074e+04 1.101287e+04
0.7 1.083832e+04 1.065026e+04 1.072402e+04 1.091208e+04
1.7 1.040145e+04 1.075002e+04 1.071741e+04 1.036884e+04
2.7 1.036549e+04 1.066786e+04 1.072468e+04 1.042230e+04
3.7 1.040405e+04 1.051309e+04 1.073930e+04 1.063026e+04
4.7 1.087827e+04 1.053315e+04 1.077117e+04 1.111629e+04
5.7 1.059690e+04 1.060024e+04 1.079953e+04 1.079619e+04
6.7 1.084950e+04 1.072707e+04 1.081361e+04 1.093604e+04
7.7 1.057842e+04 1.068916e+04 1.081687e+04 1.070613e+04
8.7 1.083301e+04 1.088310e+04 1.081453e+04 1.076444e+04
9.7 1.065599e+04 1.089102e+04 1.081001e+04 1.057498e+04
10.7 1.088206e+04 1.097880e+04 1.080524e+04 1.070850e+04
11.7 1.110571e+04 1.090990e+04 1.080118e+04 1.099698e+04
12.7 1.040342e+04 1.076713e+04 1.079802e+04 1.043430e+04
13.7 1.041854e+04 1.073505e+04 1.079561e+04 1.047911e+04
14.7 1.066417e+04 1.084754e+04 1.079371e+04 1.061034e+04
15.7 1.077538e+04 1.096715e+04 1.079212e+04 1.060035e+04
16.7 1.110605e+04 1.088392e+04 1.079074e+04 1.101287e+04
17.7 1.113066e+04 1.080144e+04 1.078949e+04 1.111871e+04
0.4 1.040145e+04 1.075002e+04 1.071741e+04 1.036884e+04
1.4 1.036549e+04 1.066786e+04 1.072468e+04 1.042230e+04
2.4 1.040405e+04 1.051309e+04 1.073930e+04 1.063026e+04
3.4 1.087827e+04 1.053315e+04 1.077117e+04 1.111629e+04
4.4 1.059690e+04 1.060024e+04 1.079953e+04 1.079619e+04
5.4 1.084950e+04 1.072707e+04 1.081361e+04 1.093604e+04
6.4 1.057842e+04 1.068916e+04 1.081687e+04 1.070613e+04
7.4 1.083301e+04 1.088310e+04 1.081453e+04 1.076444e+04
8.4 1.065599e+04 1.089102e+04 1.081001e+04 1.057498e+04
9.4 1.088206e+04 1.097880e+04 1.080524e+04 1.070850e+04
10.4 1.110571e+04 1.090990e+04 1.080118e+04 1.099698e+04
11.4 1.040342e+04 1.076713e+04 1.079802e+04 1.043430e+04
12.4 1.041854e+04 1.073505e+04 1.079561e+04 1.047911e+04
13.4 1.066417e+04 1.084754e+04 1.079371e+04 1.061034e+04
14.4 1.077538e+04 1.096715e+04 1.079212e+04 1.060035e+04
15.4 1.110605e+04 1.088392e+04 1.079074e+04 1.101287e+04
16.4 1.113066e+04 1.080144e+04 1.078949e+04 1.111871e+04
17.4 1.079907e+04 1.079974e+04 1.078835e+04 1.078768e+04
0.9 1.071085e+04 1.080277e+04 1.080190e+04 1.070998e+04
1.9 1.087787e+04 1.085200e+04 1.077936e+04 1.080522e+04
2.9 1.045585e+04 1.085335e+04 1.076036e+04 1.036286e+04
3.9 1.034931e+04 1.081980e+04 1.074350e+04 1.027301e+04
4.9 1.076940e+04 1.086772e+04 1.073297e+04 1.063464e+04
5.9 1.073683e+04 1.074952e+04 1.074021e+04 1.072752e+04
6.9 1.088248e+04 1.085600e+04 1.073350e+04 1.075998e+04
7.9 1.081353e+04 1.078962e+04 1.071798e+04 1.074189e+04
8.9 1.083935e+04 1.077816e+04 1.071677e+04 1.077796e+04
9.9 1.086225e+04 1.073795e+04 1.072981e+04 1.085410e+04
10.9 1.095403e+04 1.066895e+04 1.074321e+04 1.102829e+04
11.9 1.088988e+04 1.063903e+04 1.074469e+04 1.099553e+04
12.9 1.075678e+04 1.057917e+04 1.075038e+04 1.092799e+04
13.9 1.050455e+04 1.064385e+04 1.077583e+04 1.063654e+04
14.9 1.069207e+04 1.074206e+04 1.079898e+04 1.074899e+04
15.9 1.064615e+04 1.088031e+04 1.080992e+04 1.057576e+04
16.9 1.092400e+04 1.089513e+04 1.081183e+04 1.084070e+04
17.9 1.069350e+04 1.085762e+04 1.080896e+04 1.064484e+04
0.3 1.087787e+04 1.085200e+04 1.077936e+04 1.080522e+04
1.3 1.045585e+04 1.085335e+04 1.076036e+04 1.036286e+04
2.3 1.034931e+04 1.081980e+04 1.074350e+04 1.027301e+04
3.3 1.076940e+04 1.086772e+04 1.073297e+04 1.063464e+04
4.3 1.073683e+04 1.074952e+04 1.074021e+04 1.072752e+04
5.3 1.088248e+04 1.085600e+04 1.073350e+04 1.075998e+04
6.3 1.081353e+04 1.078962e+04 1.071798e+04 1.074189e+04
7.3 1.083935e+04 1.077816e+04 1.071677e+04 1.077796e+04
8.3 1.086225e+04 1.073795e+04 1.072981e+04 1.085410e+04
9.3 1.095403e+04 1.066895e+04 1.074321e+04 1.102829e+04
10.3 1.088988e+04 1.063903e+04 1.074469e+04 1.099553e+04
11.3 1.075678e+04 1.057917e+04 1.075038e+04 1.092799e+04
12.3 1.050455e+04 1.064385e+04 1.077583e+04 1.063654e+04
13.3 1.069207e+04 1.074206e+04 1.079898e+04 1.074899e+04
14.3 1.064615e+04 1.088031e+04 1.080992e+04 1.057576e+04
15.3 1.092400e+04 1.089513e+04 1.081183e+04 1.084070e+04
16.3 1.069350e+04 1.085762e+04 1.080896e+04 1.064484e+04
17.3 1.053007e+04 1.071178e+04 1.080397e+04 1.062227e+04
0.1 1.045585e+04 1.085335e+04 1.076036e+04 1.036286e+04
1.1 1.034931e+04 1.081980e+04 1.074350e+04 1.027301e+04
2.1 1.076940e+04 1.086772e+04 1.073297e+04 1.063464e+04
3.1 1.073683e+04 1.074952e+04 1.074021e+04 1.072752e+04
4.1 1.088248e+04 1.085600e+04 1.073350e+04 1.075998e+04
5.1 1.081353e+04 1.078962e+04 1.071798e+04 1.074189e+04
6.1 1.083935e+04 1.077816e+04 1.071677e+04 1.077796e+04
7.1 1.086225e+04 1.073795e+04 1.072981e+04 1.085410e+04
8.1 1.095403e+04 1.066895e+04 1.074321e+04 1.102829e+04
9.1 1.088988e+04 1.063903e+04 1.074469e+04 1.099553e+04
10.1 1.075678e+04 1.057917e+04 1.075038e+04 1.092799e+04
11.1 1.050455e+04 1.064385e+04 1.077583e+04 1.063654e+04
12.1 1.069207e+04 1.074206e+04 1.079898e+04 1.074899e+04
13.1 1.064615e+04 1.088031e+04 1.080992e+04 1.057576e+04
14.1 1.092400e+04 1.089513e+04 1.081183e+04 1.084070e+04
15.1 1.069350e+04 1.085762e+04 1.080896e+04 1.064484e+04
16.1 1.053007e+04 1.071178e+04 1.080397e+04 1.062227e+04
17.1 1.089478e+04 1.071716e+04 1.079839e+04 1.097601e+04
0.4 1.076940e+04 1.086772e+04 1.073297e+04 1.063464e+04
1.4 1.073683e+04 1.074952e+04 1.074021e+04 1.072752e+04
2.4 1.088248e+04 1.085600e+04 1.073350e+04 1.075998e+04
3.4 1.081353e+04 1.078962e+04 1.071798e+04 1.074189e+04
4.4 1.083935e+04 1.077816e+04 1.071677e+04 1.077796e+04
5.4 1.086225e+04 1.073795e+04 1.072981e+04 1.085410e+04
6.4 1.095403e+04 1.066895e+04 1.074321e+04 1.102829e+04
7.4 1.088988e+04 1.063903e+04 1.074469e+04 1.099553e+04
8.4 1.075678e+04 1.057917e+04 1.075038e+04 1.092799e+04
9.4 1.050455e+04 1.064385e+04 1.077583e+04 1.063654e+04
10.4 1.069207e+04 1.074206e+04 1.079898e+04 1.074899e+04
11.4 1.064615e+04 1.088031e+04 1.080992e+04 1.057576e+04
12.4 1.092400e+04 1.089513e+04 1.081183e+04 1.084070e+04
13.4 1.069350e+04 1.085762e+04 1.080896e+04 1.064484e+04
14.4 1.053007e+04 1.071178e+04 1.080397e+04 1.062227e+04
15.4 1.089478e+04 1.071716e+04 1.079839e+04 1.097601e+04
16.4 1.088343e+04 1.071892e+04 1.079302e+04 1.095753e+04
17.4 1.095396e+04 1.078674e+04 1.078803e+04 1.095526e+04
0.5 1.073683e+04 1.074952e+04 1.074021e+04 1.072752e+04
1.5 1.088248e+04 1.085600e+04 1.073350e+04 1.075998e+04
2.5 1.081353e+04 1.078962e+04 1.071798e+04 1.074189e+04
3.5 1.083935e+04 1.077816e+04 1.071677e+04 1.077796e+04
4.5 1.086225e+04 1.073795e+04 1.072981e+04 1.085410e+04
5.5 1.095403e+04 1.066895e+04 1.074321e+04 1.102829e+04
6.5 1.088988e+04 1.063903e+04 1.074469e+04 1.099553e+04
7.5 1.075678e+04 1.057917e+04 1.075038e+04 1.092799e+04
8.5 1.050455e+04 1.064385e+04 1.077583e+04 1.063654e+04
9.5 1.069207e+04 1.074206e+04 1.079898e+04 1.074899e+04
10.5 1.064615e+04 1.088031e+04 1.080992e+04 1.057576e+04
11.5 1.092400e+04 1.089513e+04 1.081183e+04 1.084070e+04
12.5 1.069350e+04 1.085762e+04 1.080896e+04 1.064484e+04
13.5 1.053007e+04 1.071178e+04 1.080397e+04 1.062227e+04
14.5 1.089478e+04 1.071716e+04 1.079839e+04 1.097601e+04
15.5 1.088343e+04 1.071892e+04 1.079302e+04 1.095753e+04
16.5 1.095396e+04 1.078674e+04 1.078803e+04 1.095526e+04
0.6 1.088248e+04 1.085600e+04 1.073350e+04 1.075998e+04
1.6 1.081353e+04 1.078962e+04 1.071798e+04 1.074189e+04
2.6 1.083935e+04 1.077816e+04 1.071677e+04 1.077796e+04
3.6 1.086225e+04 1.073795e+04 1.072981e+04 1.085410e+04
4.6 1.095403e+04 1.066895e+04 1.074321e+04 1.102829e+04
5.6 1.088988e+04 1.063903e+04 1.074469e+04 1.099553e+04
6.6 1.075678e+04 1.057917e+04 1.075038e+04 1.092799e+04
7.6 1.050455e+04 1.064385e+04 1.077583e+04 1.063654e+04
8.6 1.069207e+04 1.074206e+04 1.079898e+04 1.074899e+04
9.6 1.064615e+04 1.088031e+04 1.080992e+04 1.057576e+04
10.6 1.092400e+04 1.089513e+04 1.081183e+04 1.084070e+04
11.6 1.069350e+04 1.085762e+04 1.080896e+04 1.064484e+04
12.6 1.053007e+04 1.071178e+04 1.080397e+04 1.062227e+04
13.6 1.089478e+04 1.071716e+04 1.079839e+04 1.097601e+04
14.6 1.088343e+04 1.071892e+04 1.079302e+04 1.095753e+04
15.6 1.095396e+04 1.078674e+04 1.078803e+04 1.095526e+04
0.4 1.081353e+04 1.078962e+04 1.071798e+04 1.074189e+04
1.4 1.083935e+04 1.077816e+04 1.071677e+04 1.077796e+04
2.4 1.086225e+04 1.073795e+04 1.072981e+04 1.085410e+04
3.4 1.095403e+04 1.066895e+04 1.074321e+04 1.102829e+04
4.4 1.088988e+04 1.063903e+04 1.074469e+04 1.099553e+04
5.4 1.075678e+04 1.057917e+04 1.075038e+04 1.092799e+04
6.4 1.050455e+04 1.064385e+04 1.077583e+04 1.063654e+04
7.4 1.069207e+04 1.074206e+04 1.079898e+04 1.074899e+04
8.4 1.064615e+04 1.088031e+04 1.080992e+04 1.057576e+04
9.4 1.092400e+04 1.089513e+04 1.081183e+04 1.084070e+04
10.4 1.069350e+04 1.085762e+04 1.080896e+04 1.064484e+04
11.4 1.053007e+04 1.071178e+04 1.080397e+04 1.062227e+04
12.4 1.089478e+04 1.071716e+04 1.079839e+04 1.097601e+04
13.4 1.088343e+04 1.071892e+04 1.079302e+04 1.095753e+04
14.4 1.095396e+04 1.078674e+04 1.078803e+04 1.095526e+04
0.7 1.086225e+04 1.073795e+04 1.072981e+04 1.085410e+04
1.7 1.095403e+04 1.066895e+04 1.074321e+04 1.102829e+04
2.7 1.088988e+04 1.063903e+04 1.074469e+04 1.099553e+04
3.7 1.075678e+04 1.057917e+04 1.075038e+04 1.092799e+04
4.7 1.050455e+04 1.064385e+04 1.077583e+04 1.063654e+04
5.7 1.069207e+04 1.074206e+04 1.079898e+04 1.074899e+04
6.7 1.064615e+04 1.088031e+04 1.080992e+04 1.057576e+04
7.7 1.092400e+04 1.089513e+04 1.081183e+04 1.084070e+04
8.7 1.069350e+04 1.085762e+04 1.080896e+04 1.064484e+04
9.7 1.053007e+04 1.071178e+04 1.080397e+04 1.062227e+04
10.7 1.089478e+04 1.071716e+04 1.079839e+04 1.097601e+04
11.7 1.088343e+04 1.071892e+04 1.079302e+04 1.095753e+04
12.7 1.095396e+04 1.078674e+04 1.078803e+04 1.095526e+04
0.5 1.095403e+04 1.066895e+04 1.074321e+04 1.102829e+04
1.5 1.088988e+04 1.063903e+04 1.074469e+04 1.099553e+04
2.5 1.075678e+04 1.057917e+04 1.075038e+04 1.092799e+04
3.5 1.050455e+04 1.064385e+04 1.077583e+04 1.063654e+04
4.5 1.069207e+04 1.074206e+04 1.079898e+04 1.074899e+04
5.5 1.064615e+04 1.088031e+04 1.080992e+04 1.057576e+04
6.5 1.092400e+04 1.089513e+04 1.081183e+04 1.084070e+04
7.5 1.069350e+04 1.085762e+04 1.080896e+04 1.064484e+04
8.5 1.053007e+04 1.071178e+04 1.080397e+04 1.062227e+04
9.5 1.089478e+04 1.071716e+04 1.079839e+04 1.097601e+04
10.5 1.088343e+04 1.071892e+04 1.079302e+04 1.095753e+04
11.5 1.095396e+04 1.078674e+04 1.078803e+04 1.095526e+04
