0.7 1.063751e+04 1.059706e+04 1.056909e+04 1.060954e+04
1.7 1.060857e+04 1.060114e+04 1.056874e+04 1.057617e+04
2.7 1.055262e+04 1.060352e+04 1.056947e+04 1.051857e+04
3.7 1.051586e+04 1.057968e+04 1.057020e+04 1.050639e+04
4.7 1.051453e+04 1.055523e+04 1.057019e+04 1.052948e+04
5.7 1.057331e+04 1.052504e+04 1.056994e+04 1.061822e+04
6.7 1.056452e+04 1.054867e+04 1.056976e+04 1.058561e+04
7.7 1.061678e+04 1.059707e+04 1.056965e+04 1.058937e+04
8.7 1.063443e+04 1.061768e+04 1.056960e+04 1.058635e+04
9.7 1.063027e+04 1.061576e+04 1.056959e+04 1.058410e+04
10.7 1.060401e+04 1.061820e+04 1.056960e+04 1.055540e+04
11.7 1.061139e+04 1.060908e+04 1.056961e+04 1.057192e+04
12.7 1.058706e+04 1.058567e+04 1.056963e+04 1.057103e+04
13.7 1.057539e+04 1.057910e+04 1.056965e+04 1.056594e+04
14.7 1.056620e+04 1.057877e+04 1.056966e+04 1.055709e+04
15.7 1.055868e+04 1.055403e+04 1.056967e+04 1.057432e+04
16.7 1.056587e+04 1.055601e+04 1.056968e+04 1.057954e+04
17.7 1.055638e+04 1.053169e+04 1.056969e+04 1.059439e+04
0.8 1.060313e+04 1.058213e+04 1.055786e+04 1.057886e+04
1.8 1.058398e+04 1.056217e+04 1.055066e+04 1.057247e+04
2.8 1.060305e+04 1.057978e+04 1.056739e+04 1.059067e+04
3.8 1.057530e+04 1.057465e+04 1.058277e+04 1.058341e+04
4.8 1.055863e+04 1.056458e+04 1.058199e+04 1.057604e+04
5.8 1.051387e+04 1.054789e+04 1.057663e+04 1.054261e+04
6.8 1.052105e+04 1.056173e+04 1.057261e+04 1.053192e+04
7.8 1.053452e+04 1.056810e+04 1.057021e+04 1.053662e+04
8.8 1.057392e+04 1.059250e+04 1.056897e+04 1.055039e+04
9.8 1.061073e+04 1.061000e+04 1.056857e+04 1.056930e+04
10.8 1.062914e+04 1.059621e+04 1.056866e+04 1.060158e+04
11.8 1.066275e+04 1.058985e+04 1.056891e+04 1.064181e+04
12.8 1.058958e+04 1.056203e+04 1.056915e+04 1.059670e+04
13.8 1.055150e+04 1.055764e+04 1.056930e+04 1.056316e+04
14.8 1.054415e+04 1.054614e+04 1.056939e+04 1.056739e+04
15.8 1.050832e+04 1.055098e+04 1.056943e+04 1.052677e+04
16.8 1.053426e+04 1.055734e+04 1.056946e+04 1.054637e+04
17.8 1.052558e+04 1.054813e+04 1.056948e+04 1.054693e+04
0.2 1.061430e+04 1.061402e+04 1.056602e+04 1.056631e+04
1.2 1.057410e+04 1.061485e+04 1.055269e+04 1.051194e+04
2.2 1.054178e+04 1.059727e+04 1.055522e+04 1.049973e+04
3.2 1.064624e+04 1.060140e+04 1.057618e+04 1.062102e+04
4.2 1.065926e+04 1.059262e+04 1.058386e+04 1.065049e+04
5.2 1.062853e+04 1.057328e+04 1.057976e+04 1.063502e+04
6.2 1.059137e+04 1.057167e+04 1.057474e+04 1.059444e+04
7.2 1.054129e+04 1.054651e+04 1.057147e+04 1.056626e+04
8.2 1.052116e+04 1.052533e+04 1.056962e+04 1.056545e+04
9.2 1.052582e+04 1.053295e+04 1.056878e+04 1.056164e+04
10.2 1.051798e+04 1.052785e+04 1.056863e+04 1.055876e+04
11.2 1.051669e+04 1.054505e+04 1.056882e+04 1.054047e+04
12.2 1.054415e+04 1.056991e+04 1.056908e+04 1.054333e+04
13.2 1.054403e+04 1.057372e+04 1.056928e+04 1.053959e+04
14.2 1.054521e+04 1.058468e+04 1.056940e+04 1.052992e+04
15.2 1.054087e+04 1.058025e+04 1.056946e+04 1.053008e+04
16.2 1.057347e+04 1.058466e+04 1.056949e+04 1.055830e+04
17.2 1.055710e+04 1.056780e+04 1.056950e+04 1.055880e+04
0.7 1.060915e+04 1.060803e+04 1.056568e+04 1.056680e+04
1.7 1.066233e+04 1.062453e+04 1.056257e+04 1.060036e+04
2.7 1.061949e+04 1.062293e+04 1.056814e+04 1.056470e+04
3.7 1.058111e+04 1.059907e+04 1.057423e+04 1.055627e+04
4.7 1.055634e+04 1.057804e+04 1.057427e+04 1.055257e+04
5.7 1.057290e+04 1.057585e+04 1.057233e+04 1.056938e+04
6.7 1.054705e+04 1.056877e+04 1.057080e+04 1.054909e+04
7.7 1.055718e+04 1.055719e+04 1.056989e+04 1.056988e+04
8.7 1.053592e+04 1.053599e+04 1.056941e+04 1.056934e+04
9.7 1.056240e+04 1.053926e+04 1.056925e+04 1.059239e+04
10.7 1.059646e+04 1.055552e+04 1.056929e+04 1.061022e+04
11.7 1.062296e+04 1.056523e+04 1.056938e+04 1.062711e+04
12.7 1.059911e+04 1.057043e+04 1.056948e+04 1.059816e+04
13.7 1.057209e+04 1.058510e+04 1.056955e+04 1.055654e+04
14.7 1.051892e+04 1.055698e+04 1.056959e+04 1.053153e+04
15.7 1.054512e+04 1.055948e+04 1.056962e+04 1.055525e+04
16.7 1.052859e+04 1.057120e+04 1.056964e+04 1.052703e+04
17.7 1.054913e+04 1.054380e+04 1.056965e+04 1.057498e+04
0.7 1.061394e+04 1.059490e+04 1.054974e+04 1.056878e+04
1.7 1.059757e+04 1.057414e+04 1.053451e+04 1.055795e+04
2.7 1.057486e+04 1.056757e+04 1.056290e+04 1.057020e+04
3.7 1.056448e+04 1.058280e+04 1.059294e+04 1.057462e+04
4.7 1.046862e+04 1.053877e+04 1.059277e+04 1.052262e+04
5.7 1.057423e+04 1.053254e+04 1.058297e+04 1.062466e+04
6.7 1.058876e+04 1.055492e+04 1.057565e+04 1.060949e+04
7.7 1.060671e+04 1.057352e+04 1.057704e+04 1.061023e+04
8.7 1.061316e+04 1.058325e+04 1.057900e+04 1.060891e+04
9.7 1.061475e+04 1.058298e+04 1.056939e+04 1.060116e+04
10.7 1.060495e+04 1.059140e+04 1.056073e+04 1.057428e+04
11.7 1.059981e+04 1.058354e+04 1.056139e+04 1.057767e+04
12.7 1.054800e+04 1.056229e+04 1.056476e+04 1.055048e+04
13.7 1.058330e+04 1.055070e+04 1.056729e+04 1.059989e+04
14.7 1.055207e+04 1.053915e+04 1.056878e+04 1.058171e+04
15.7 1.060708e+04 1.056565e+04 1.056955e+04 1.061098e+04
16.7 1.057676e+04 1.056394e+04 1.056982e+04 1.058264e+04
17.7 1.057344e+04 1.055077e+04 1.056980e+04 1.059247e+04
