0.6 1.001360e+04 1.009651e+04 1.011347e+04 1.003056e+04
1.6 1.000363e+04 1.006053e+04 1.010255e+04 1.004566e+04
2.6 1.007388e+04 1.007957e+04 1.009197e+04 1.008628e+04
3.6 1.013018e+04 1.009733e+04 1.008668e+04 1.011953e+04
4.6 1.012312e+04 1.010229e+04 1.007889e+04 1.009972e+04
5.6 1.028094e+04 1.012963e+04 1.007424e+04 1.022555e+04
6.6 1.018049e+04 1.014395e+04 1.008106e+04 1.011760e+04
7.6 1.003567e+04 1.011358e+04 1.008312e+04 1.000521e+04
8.6 1.006508e+04 1.011893e+04 1.009358e+04 1.003974e+04
9.6 1.004427e+04 1.007881e+04 1.009312e+04 1.005857e+04
10.6 1.002043e+04 1.007957e+04 1.009304e+04 1.003390e+04
11.6 1.007443e+04 1.007816e+04 1.009802e+04 1.009429e+04
12.6 1.011794e+04 1.007701e+04 1.009176e+04 1.013269e+04
13.6 1.004850e+04 1.008170e+04 1.009664e+04 1.006343e+04
14.6 1.021053e+04 1.010045e+04 1.010779e+04 1.021786e+04
15.6 1.015808e+04 1.011897e+04 1.011545e+04 1.015456e+04
16.6 1.010170e+04 1.012753e+04 1.011883e+04 1.009300e+04
17.6 1.010258e+04 1.012881e+04 1.011971e+04 1.009348e+04
0.6 1.007388e+04 1.007957e+04 1.009197e+04 1.008628e+04
1.6 1.013018e+04 1.009733e+04 1.008668e+04 1.011953e+04
2.6 1.012312e+04 1.010229e+04 1.007889e+04 1.009972e+04
3.6 1.028094e+04 1.012963e+04 1.007424e+04 1.022555e+04
4.6 1.018049e+04 1.014395e+04 1.008106e+04 1.011760e+04
5.6 1.003567e+04 1.011358e+04 1.008312e+04 1.000521e+04
6.6 1.006508e+04 1.011893e+04 1.009358e+04 1.003974e+04
7.6 1.004427e+04 1.007881e+04 1.009312e+04 1.005857e+04
8.6 1.002043e+04 1.007957e+04 1.009304e+04 1.003390e+04
9.6 1.007443e+04 1.007816e+04 1.009802e+04 1.009429e+04
10.6 1.011794e+04 1.007701e+04 1.009176e+04 1.013269e+04
11.6 1.004850e+04 1.008170e+04 1.009664e+04 1.006343e+04
12.6 1.021053e+04 1.010045e+04 1.010779e+04 1.021786e+04
13.6 1.015808e+04 1.011897e+04 1.011545e+04 1.015456e+04
14.6 1.010170e+04 1.012753e+04 1.011883e+04 1.009300e+04
15.6 1.010258e+04 1.012881e+04 1.011971e+04 1.009348e+04
16.6 1.018220e+04 1.012317e+04 1.011938e+04 1.017840e+04
17.6 1.011438e+04 1.011140e+04 1.011862e+04 1.012160e+04
0.3 1.013018e+04 1.009733e+04 1.008668e+04 1.011953e+04
1.3 1.012312e+04 1.010229e+04 1.007889e+04 1.009972e+04
2.3 1.028094e+04 1.012963e+04 1.007424e+04 1.022555e+04
3.3 1.018049e+04 1.014395e+04 1.008106e+04 1.011760e+04
4.3 1.003567e+04 1.011358e+04 1.008312e+04 1.000521e+04
5.3 1.006508e+04 1.011893e+04 1.009358e+04 1.003974e+04
6.3 1.004427e+04 1.007881e+04 1.009312e+04 1.005857e+04
7.3 1.002043e+04 1.007957e+04 1.009304e+04 1.003390e+04
8.3 1.007443e+04 1.007816e+04 1.009802e+04 1.009429e+04
9.3 1.011794e+04 1.007701e+04 1.009176e+04 1.013269e+04
10.3 1.004850e+04 1.008170e+04 1.009664e+04 1.006343e+04
11.3 1.021053e+04 1.010045e+04 1.010779e+04 1.021786e+04
12.3 1.015808e+04 1.011897e+04 1.011545e+04 1.015456e+04
13.3 1.010170e+04 1.012753e+04 1.011883e+04 1.009300e+04
14.3 1.010258e+04 1.012881e+04 1.011971e+04 1.009348e+04
15.3 1.018220e+04 1.012317e+04 1.011938e+04 1.017840e+04
16.3 1.011438e+04 1.011140e+04 1.011862e+04 1.012160e+04
17.3 1.003677e+04 1.011451e+04 1.011793e+04 1.004019e+04
0.3 1.028094e+04 1.012963e+04 1.007424e+04 1.022555e+04
1.3 1.018049e+04 1.014395e+04 1.008106e+04 1.011760e+04
2.3 1.003567e+04 1.011358e+04 1.008312e+04 1.000521e+04
3.3 1.006508e+04 1.011893e+04 1.009358e+04 1.003974e+04
4.3 1.004427e+04 1.007881e+04 1.009312e+04 1.005857e+04
5.3 1.002043e+04 1.007957e+04 1.009304e+04 1.003390e+04
6.3 1.007443e+04 1.007816e+04 1.009802e+04 1.009429e+04
7.3 1.011794e+04 1.007701e+04 1.009176e+04 1.013269e+04
8.3 1.004850e+04 1.008170e+04 1.009664e+04 1.006343e+04
9.3 1.021053e+04 1.010045e+04 1.010779e+04 1.021786e+04
10.3 1.015808e+04 1.011897e+04 1.011545e+04 1.015456e+04
11.3 1.010170e+04 1.012753e+04 1.011883e+04 1.009300e+04
12.3 1.010258e+04 1.012881e+04 1.011971e+04 1.009348e+04
13.3 1.018220e+04 1.012317e+04 1.011938e+04 1.017840e+04
14.3 1.011438e+04 1.011140e+04 1.011862e+04 1.012160e+04
15.3 1.003677e+04 1.011451e+04 1.011793e+04 1.004019e+04
16.3 9.981476e+03 1.011601e+04 1.011751e+04 9.982982e+03
17.3 1.015430e+04 1.011518e+04 1.011739e+04 1.015651e+04
0.8 1.006508e+04 1.011893e+04 1.009358e+04 1.003974e+04
1.8 1.004427e+04 1.007881e+04 1.009312e+04 1.005857e+04
2.8 1.002043e+04 1.007957e+04 1.009304e+04 1.003390e+04
3.8 1.007443e+04 1.007816e+04 1.009802e+04 1.009429e+04
4.8 1.011794e+04 1.007701e+04 1.009176e+04 1.013269e+04
5.8 1.004850e+04 1.008170e+04 1.009664e+04 1.006343e+04
6.8 1.021053e+04 1.010045e+04 1.010779e+04 1.021786e+04
7.8 1.015808e+04 1.011897e+04 1.011545e+04 1.015456e+04
8.8 1.010170e+04 1.012753e+04 1.011883e+04 1.009300e+04
9.8 1.010258e+04 1.012881e+04 1.011971e+04 1.009348e+04
10.8 1.018220e+04 1.012317e+04 1.011938e+04 1.017840e+04
11.8 1.011438e+04 1.011140e+04 1.011862e+04 1.012160e+04
12.8 1.003677e+04 1.011451e+04 1.011793e+04 1.004019e+04
13.8 9.981476e+03 1.011601e+04 1.011751e+04 9.982982e+03
14.8 1.015430e+04 1.011518e+04 1.011739e+04 1.015651e+04
15.8 1.010512e+04 1.009349e+04 1.011750e+04 1.012913e+04
16.8 1.011558e+04 1.010463e+04 1.011776e+04 1.012871e+04
17.8 1.018335e+04 1.013229e+04 1.011812e+04 1.016919e+04
0.3 1.002043e+04 1.007957e+04 1.009304e+04 1.003390e+04
1.3 1.007443e+04 1.007816e+04 1.009802e+04 1.009429e+04
2.3 1.011794e+04 1.007701e+04 1.009176e+04 1.013269e+04
3.3 1.004850e+04 1.008170e+04 1.009664e+04 1.006343e+04
4.3 1.021053e+04 1.010045e+04 1.010779e+04 1.021786e+04
5.3 1.015808e+04 1.011897e+04 1.011545e+04 1.015456e+04
6.3 1.010170e+04 1.012753e+04 1.011883e+04 1.009300e+04
7.3 1.010258e+04 1.012881e+04 1.011971e+04 1.009348e+04
8.3 1.018220e+04 1.012317e+04 1.011938e+04 1.017840e+04
9.3 1.011438e+04 1.011140e+04 1.011862e+04 1.012160e+04
10.3 1.003677e+04 1.011451e+04 1.011793e+04 1.004019e+04
11.3 9.981476e+03 1.011601e+04 1.011751e+04 9.982982e+03
12.3 1.015430e+04 1.011518e+04 1.011739e+04 1.015651e+04
13.3 1.010512e+04 1.009349e+04 1.011750e+04 1.012913e+04
14.3 1.011558e+04 1.010463e+04 1.011776e+04 1.012871e+04
15.3 1.018335e+04 1.013229e+04 1.011812e+04 1.016919e+04
16.3 1.017627e+04 1.012334e+04 1.011854e+04 1.017147e+04
17.3 1.017171e+04 1.013155e+04 1.011900e+04 1.015916e+04
0.5 1.005079e+04 1.008106e+04 1.012091e+04 1.009065e+04
1.5 1.012630e+04 1.003931e+04 1.011205e+04 1.019905e+04
2.5 1.010687e+04 1.004188e+04 1.009419e+04 1.015919e+04
3.5 1.010879e+04 1.009596e+04 1.008311e+04 1.009594e+04
4.5 1.014517e+04 1.012775e+04 1.007983e+04 1.009725e+04
5.5 1.005589e+04 1.012746e+04 1.007636e+04 1.000479e+04
6.5 1.019907e+04 1.013774e+04 1.007583e+04 1.013715e+04
7.5 1.005276e+04 1.013105e+04 1.007671e+04 9.998424e+03
8.5 1.013528e+04 1.010654e+04 1.007748e+04 1.010623e+04
9.5 1.011498e+04 1.010157e+04 1.007733e+04 1.009074e+04
10.5 1.010235e+04 1.010507e+04 1.008441e+04 1.008169e+04
11.5 1.013109e+04 1.008835e+04 1.008920e+04 1.013194e+04
12.5 1.011545e+04 1.008692e+04 1.009417e+04 1.012269e+04
13.5 1.015612e+04 1.006383e+04 1.009394e+04 1.018623e+04
14.5 1.012732e+04 1.006807e+04 1.009162e+04 1.015086e+04
15.5 1.000541e+04 1.005487e+04 1.008816e+04 1.003870e+04
16.5 1.006463e+04 1.004238e+04 1.008510e+04 1.010735e+04
17.5 1.011705e+04 1.004235e+04 1.009520e+04 1.016990e+04
0.3 1.012630e+04 1.003931e+04 1.011205e+04 1.019905e+04
1.3 1.010687e+04 1.004188e+04 1.009419e+04 1.015919e+04
2.3 1.010879e+04 1.009596e+04 1.008311e+04 1.009594e+04
3.3 1.014517e+04 1.012775e+04 1.007983e+04 1.009725e+04
4.3 1.005589e+04 1.012746e+04 1.007636e+04 1.000479e+04
5.3 1.019907e+04 1.013774e+04 1.007583e+04 1.013715e+04
6.3 1.005276e+04 1.013105e+04 1.007671e+04 9.998424e+03
7.3 1.013528e+04 1.010654e+04 1.007748e+04 1.010623e+04
8.3 1.011498e+04 1.010157e+04 1.007733e+04 1.009074e+04
9.3 1.010235e+04 1.010507e+04 1.008441e+04 1.008169e+04
10.3 1.013109e+04 1.008835e+04 1.008920e+04 1.013194e+04
11.3 1.011545e+04 1.008692e+04 1.009417e+04 1.012269e+04
12.3 1.015612e+04 1.006383e+04 1.009394e+04 1.018623e+04
13.3 1.012732e+04 1.006807e+04 1.009162e+04 1.015086e+04
14.3 1.000541e+04 1.005487e+04 1.008816e+04 1.003870e+04
15.3 1.006463e+04 1.004238e+04 1.008510e+04 1.010735e+04
16.3 1.011705e+04 1.004235e+04 1.009520e+04 1.016990e+04
17.3 1.001808e+04 1.007940e+04 1.011071e+04 1.004939e+04
0.8 1.010879e+04 1.009596e+04 1.008311e+04 1.009594e+04
1.8 1.014517e+04 1.012775e+04 1.007983e+04 1.009725e+04
2.8 1.005589e+04 1.012746e+04 1.007636e+04 1.000479e+04
3.8 1.019907e+04 1.013774e+04 1.007583e+04 1.013715e+04
4.8 1.005276e+04 1.013105e+04 1.007671e+04 9.998424e+03
5.8 1.013528e+04 1.010654e+04 1.007748e+04 1.010623e+04
6.8 1.011498e+04 1.010157e+04 1.007733e+04 1.009074e+04
7.8 1.010235e+04 1.010507e+04 1.008441e+04 1.008169e+04
8.8 1.013109e+04 1.008835e+04 1.008920e+04 1.013194e+04
9.8 1.011545e+04 1.008692e+04 1.009417e+04 1.012269e+04
10.8 1.015612e+04 1.006383e+04 1.009394e+04 1.018623e+04
11.8 1.012732e+04 1.006807e+04 1.009162e+04 1.015086e+04
12.8 1.000541e+04 1.005487e+04 1.008816e+04 1.003870e+04
13.8 1.006463e+04 1.004238e+04 1.008510e+04 1.010735e+04
14.8 1.011705e+04 1.004235e+04 1.009520e+04 1.016990e+04
15.8 1.001808e+04 1.007940e+04 1.011071e+04 1.004939e+04
16.8 1.004574e+04 1.010395e+04 1.012080e+04 1.006259e+04
17.8 1.005089e+04 1.011788e+04 1.012490e+04 1.005791e+04
0.5 1.014517e+04 1.012775e+04 1.007983e+04 1.009725e+04
1.5 1.005589e+04 1.012746e+04 1.007636e+04 1.000479e+04
2.5 1.019907e+04 1.013774e+04 1.007583e+04 1.013715e+04
3.5 1.005276e+04 1.013105e+04 1.007671e+04 9.998424e+03
4.5 1.013528e+04 1.010654e+04 1.007748e+04 1.010623e+04
5.5 1.011498e+04 1.010157e+04 1.007733e+04 1.009074e+04
6.5 1.010235e+04 1.010507e+04 1.008441e+04 1.008169e+04
7.5 1.013109e+04 1.008835e+04 1.008920e+04 1.013194e+04
8.5 1.011545e+04 1.008692e+04 1.009417e+04 1.012269e+04
9.5 1.015612e+04 1.006383e+04 1.009394e+04 1.018623e+04
10.5 1.012732e+04 1.006807e+04 1.009162e+04 1.015086e+04
11.5 1.000541e+04 1.005487e+04 1.008816e+04 1.003870e+04
12.5 1.006463e+04 1.004238e+04 1.008510e+04 1.010735e+04
13.5 1.011705e+04 1.004235e+04 1.009520e+04 1.016990e+04
14.5 1.001808e+04 1.007940e+04 1.011071e+04 1.004939e+04
15.5 1.004574e+04 1.010395e+04 1.012080e+04 1.006259e+04
16.5 1.005089e+04 1.011788e+04 1.012490e+04 1.005791e+04
17.5 1.010865e+04 1.011402e+04 1.012547e+04 1.012010e+04
0.3 1.005589e+04 1.012746e+04 1.007636e+04 1.000479e+04
1.3 1.019907e+04 1.013774e+04 1.007583e+04 1.013715e+04
2.3 1.005276e+04 1.013105e+04 1.007671e+04 9.998424e+03
3.3 1.013528e+04 1.010654e+04 1.007748e+04 1.010623e+04
4.3 1.011498e+04 1.010157e+04 1.007733e+04 1.009074e+04
5.3 1.010235e+04 1.010507e+04 1.008441e+04 1.008169e+04
6.3 1.013109e+04 1.008835e+04 1.008920e+04 1.013194e+04
7.3 1.011545e+04 1.008692e+04 1.009417e+04 1.012269e+04
8.3 1.015612e+04 1.006383e+04 1.009394e+04 1.018623e+04
9.3 1.012732e+04 1.006807e+04 1.009162e+04 1.015086e+04
10.3 1.000541e+04 1.005487e+04 1.008816e+04 1.003870e+04
11.3 1.006463e+04 1.004238e+04 1.008510e+04 1.010735e+04
12.3 1.011705e+04 1.004235e+04 1.009520e+04 1.016990e+04
13.3 1.001808e+04 1.007940e+04 1.011071e+04 1.004939e+04
14.3 1.004574e+04 1.010395e+04 1.012080e+04 1.006259e+04
15.3 1.005089e+04 1.011788e+04 1.012490e+04 1.005791e+04
16.3 1.010865e+04 1.011402e+04 1.012547e+04 1.012010e+04
17.3 1.019631e+04 1.010884e+04 1.012435e+04 1.021182e+04
0.9 1.005276e+04 1.013105e+04 1.007671e+04 9.998424e+03
1.9 1.013528e+04 1.010654e+04 1.007748e+04 1.010623e+04
2.9 1.011498e+04 1.010157e+04 1.007733e+04 1.009074e+04
3.9 1.010235e+04 1.010507e+04 1.008441e+04 1.008169e+04
4.9 1.013109e+04 1.008835e+04 1.008920e+04 1.013194e+04
5.9 1.011545e+04 1.008692e+04 1.009417e+04 1.012269e+04
6.9 1.015612e+04 1.006383e+04 1.009394e+04 1.018623e+04
7.9 1.012732e+04 1.006807e+04 1.009162e+04 1.015086e+04
8.9 1.000541e+04 1.005487e+04 1.008816e+04 1.003870e+04
9.9 1.006463e+04 1.004238e+04 1.008510e+04 1.010735e+04
10.9 1.011705e+04 1.004235e+04 1.009520e+04 1.016990e+04
11.9 1.001808e+04 1.007940e+04 1.011071e+04 1.004939e+04
12.9 1.004574e+04 1.010395e+04 1.012080e+04 1.006259e+04
13.9 1.005089e+04 1.011788e+04 1.012490e+04 1.005791e+04
14.9 1.010865e+04 1.011402e+04 1.012547e+04 1.012010e+04
15.9 1.019631e+04 1.010884e+04 1.012435e+04 1.021182e+04
16.9 1.012426e+04 1.012352e+04 1.012270e+04 1.012343e+04
17.9 1.008366e+04 1.010809e+04 1.012119e+04 1.009676e+04
0.7 1.013528e+04 1.010654e+04 1.007748e+04 1.010623e+04
1.7 1.011498e+04 1.010157e+04 1.007733e+04 1.009074e+04
2.7 1.010235e+04 1.010507e+04 1.008441e+04 1.008169e+04
3.7 1.013109e+04 1.008835e+04 1.008920e+04 1.013194e+04
4.7 1.011545e+04 1.008692e+04 1.009417e+04 1.012269e+04
5.7 1.015612e+04 1.006383e+04 1.009394e+04 1.018623e+04
6.7 1.012732e+04 1.006807e+04 1.009162e+04 1.015086e+04
7.7 1.000541e+04 1.005487e+04 1.008816e+04 1.003870e+04
8.7 1.006463e+04 1.004238e+04 1.008510e+04 1.010735e+04
9.7 1.011705e+04 1.004235e+04 1.009520e+04 1.016990e+04
10.7 1.001808e+04 1.007940e+04 1.011071e+04 1.004939e+04
11.7 1.004574e+04 1.010395e+04 1.012080e+04 1.006259e+04
12.7 1.005089e+04 1.011788e+04 1.012490e+04 1.005791e+04
13.7 1.010865e+04 1.011402e+04 1.012547e+04 1.012010e+04
14.7 1.019631e+04 1.010884e+04 1.012435e+04 1.021182e+04
15.7 1.012426e+04 1.012352e+04 1.012270e+04 1.012343e+04
16.7 1.008366e+04 1.010809e+04 1.012119e+04 1.009676e+04
17.7 1.004008e+04 1.010259e+04 1.012009e+04 1.005758e+04
0.8 1.010235e+04 1.010507e+04 1.008441e+04 1.008169e+04
1.8 1.013109e+04 1.008835e+04 1.008920e+04 1.013194e+04
2.8 1.011545e+04 1.008692e+04 1.009417e+04 1.012269e+04
3.8 1.015612e+04 1.006383e+04 1.009394e+04 1.018623e+04
4.8 1.012732e+04 1.006807e+04 1.009162e+04 1.015086e+04
5.8 1.000541e+04 1.005487e+04 1.008816e+04 1.003870e+04
6.8 1.006463e+04 1.004238e+04 1.008510e+04 1.010735e+04
7.8 1.011705e+04 1.004235e+04 1.009520e+04 1.016990e+04
8.8 1.001808e+04 1.007940e+04 1.011071e+04 1.004939e+04
9.8 1.004574e+04 1.010395e+04 1.012080e+04 1.006259e+04
10.8 1.005089e+04 1.011788e+04 1.012490e+04 1.005791e+04
11.8 1.010865e+04 1.011402e+04 1.012547e+04 1.012010e+04
12.8 1.019631e+04 1.010884e+04 1.012435e+04 1.021182e+04
13.8 1.012426e+04 1.012352e+04 1.012270e+04 1.012343e+04
14.8 1.008366e+04 1.010809e+04 1.012119e+04 1.009676e+04
15.8 1.004008e+04 1.010259e+04 1.012009e+04 1.005758e+04
16.8 1.009283e+04 1.011081e+04 1.011941e+04 1.010142e+04
17.8 1.019140e+04 1.010778e+04 1.011903e+04 1.020265e+04
1.0 1.011545e+04 1.008692e+04 1.009417e+04 1.012269e+04
2.0 1.015612e+04 1.006383e+04 1.009394e+04 1.018623e+04
3.0 1.012732e+04 1.006807e+04 1.009162e+04 1.015086e+04
4.0 1.000541e+04 1.005487e+04 1.008816e+04 1.003870e+04
5.0 1.006463e+04 1.004238e+04 1.008510e+04 1.010735e+04
6.0 1.011705e+04 1.004235e+04 1.009520e+04 1.016990e+04
7.0 1.001808e+04 1.007940e+04 1.011071e+04 1.004939e+04
8.0 1.004574e+04 1.010395e+04 1.012080e+04 1.006259e+04
9.0 1.005089e+04 1.011788e+04 1.012490e+04 1.005791e+04
10.0 1.010865e+04 1.011402e+04 1.012547e+04 1.012010e+04
11.0 1.019631e+04 1.010884e+04 1.012435e+04 1.021182e+04
12.0 1.012426e+04 1.012352e+04 1.012270e+04 1.012343e+04
13.0 1.008366e+04 1.010809e+04 1.012119e+04 1.009676e+04
14.0 1.004008e+04 1.010259e+04 1.012009e+04 1.005758e+04
15.0 1.009283e+04 1.011081e+04 1.011941e+04 1.010142e+04
16.0 1.019140e+04 1.010778e+04 1.011903e+04 1.020265e+04
17.0 1.006716e+04 1.012365e+04 1.011886e+04 1.006238e+04
18.0 1.012316e+04 1.012308e+04 1.011882e+04 1.011890e+04
0.5 1.015612e+04 1.006383e+04 1.009394e+04 1.018623e+04
1.5 1.012732e+04 1.006807e+04 1.009162e+04 1.015086e+04
2.5 1.000541e+04 1.005487e+04 1.008816e+04 1.003870e+04
3.5 1.006463e+04 1.004238e+04 1.008510e+04 1.010735e+04
4.5 1.011705e+04 1.004235e+04 1.009520e+04 1.016990e+04
5.5 1.001808e+04 1.007940e+04 1.011071e+04 1.004939e+04
6.5 1.004574e+04 1.010395e+04 1.012080e+04 1.006259e+04
7.5 1.005089e+04 1.011788e+04 1.012490e+04 1.005791e+04
8.5 1.010865e+04 1.011402e+04 1.012547e+04 1.012010e+04
9.5 1.019631e+04 1.010884e+04 1.012435e+04 1.021182e+04
10.5 1.012426e+04 1.012352e+04 1.012270e+04 1.012343e+04
11.5 1.008366e+04 1.010809e+04 1.012119e+04 1.009676e+04
12.5 1.004008e+04 1.010259e+04 1.012009e+04 1.005758e+04
13.5 1.009283e+04 1.011081e+04 1.011941e+04 1.010142e+04
14.5 1.019140e+04 1.010778e+04 1.011903e+04 1.020265e+04
15.5 1.006716e+04 1.012365e+04 1.011886e+04 1.006238e+04
16.5 1.012316e+04 1.012308e+04 1.011882e+04 1.011890e+04
17.5 1.015308e+04 1.011512e+04 1.011886e+04 1.015682e+04
0.1 1.012732e+04 1.006807e+04 1.009162e+04 1.015086e+04
1.1 1.000541e+04 1.005487e+04 1.008816e+04 1.003870e+04
2.1 1.006463e+04 1.004238e+04 1.008510e+04 1.010735e+04
3.1 1.011705e+04 1.004235e+04 1.009520e+04 1.016990e+04
4.1 1.001808e+04 1.007940e+04 1.011071e+04 1.004939e+04
5.1 1.004574e+04 1.010395e+04 1.012080e+04 1.006259e+04
6.1 1.005089e+04 1.011788e+04 1.012490e+04 1.005791e+04
7.1 1.010865e+04 1.011402e+04 1.012547e+04 1.012010e+04
8.1 1.019631e+04 1.010884e+04 1.012435e+04 1.021182e+04
9.1 1.012426e+04 1.012352e+04 1.012270e+04 1.012343e+04
10.1 1.008366e+04 1.010809e+04 1.012119e+04 1.009676e+04
11.1 1.004008e+04 1.010259e+04 1.012009e+04 1.005758e+04
12.1 1.009283e+04 1.011081e+04 1.011941e+04 1.010142e+04
13.1 1.019140e+04 1.010778e+04 1.011903e+04 1.020265e+04
14.1 1.006716e+04 1.012365e+04 1.011886e+04 1.006238e+04
15.1 1.012316e+04 1.012308e+04 1.011882e+04 1.011890e+04
16.1 1.015308e+04 1.011512e+04 1.011886e+04 1.015682e+04
17.1 1.017400e+04 1.012888e+04 1.011896e+04 1.016408e+04
0.4 1.018691e+04 1.009452e+04 1.011962e+04 1.021200e+04
1.4 1.004024e+04 1.007684e+04 1.011208e+04 1.007548e+04
2.4 1.006259e+04 1.004496e+04 1.009760e+04 1.011523e+04
3.4 1.002391e+04 1.005791e+04 1.008486e+04 1.005086e+04
4.4 9.969374e+03 1.005238e+04 1.007164e+04 9.988632e+03
5.4 1.016301e+04 1.012142e+04 1.006826e+04 1.010985e+04
6.4 1.012442e+04 1.013997e+04 1.007124e+04 1.005570e+04
7.4 1.015783e+04 1.014735e+04 1.007626e+04 1.008675e+04
8.4 1.027363e+04 1.014381e+04 1.008513e+04 1.021495e+04
9.4 1.008393e+04 1.010954e+04 1.008829e+04 1.006268e+04
10.4 1.004063e+04 1.009507e+04 1.009836e+04 1.004391e+04
11.4 1.007812e+04 1.007399e+04 1.009543e+04 1.009956e+04
12.4 1.001715e+04 1.006387e+04 1.008756e+04 1.004084e+04
13.4 9.984443e+03 1.008961e+04 1.008707e+04 9.981910e+03
14.4 1.007463e+04 1.007791e+04 1.008850e+04 1.008523e+04
15.4 9.983717e+03 1.005845e+04 1.009049e+04 1.001576e+04
16.4 1.006660e+04 1.010077e+04 1.010237e+04 1.006820e+04
17.4 1.016380e+04 1.011230e+04 1.011321e+04 1.016472e+04
0.8 1.006259e+04 1.004496e+04 1.009760e+04 1.011523e+04
1.8 1.002391e+04 1.005791e+04 1.008486e+04 1.005086e+04
2.8 9.969374e+03 1.005238e+04 1.007164e+04 9.988632e+03
3.8 1.016301e+04 1.012142e+04 1.006826e+04 1.010985e+04
4.8 1.012442e+04 1.013997e+04 1.007124e+04 1.005570e+04
5.8 1.015783e+04 1.014735e+04 1.007626e+04 1.008675e+04
6.8 1.027363e+04 1.014381e+04 1.008513e+04 1.021495e+04
7.8 1.008393e+04 1.010954e+04 1.008829e+04 1.006268e+04
8.8 1.004063e+04 1.009507e+04 1.009836e+04 1.004391e+04
9.8 1.007812e+04 1.007399e+04 1.009543e+04 1.009956e+04
10.8 1.001715e+04 1.006387e+04 1.008756e+04 1.004084e+04
11.8 9.984443e+03 1.008961e+04 1.008707e+04 9.981910e+03
12.8 1.007463e+04 1.007791e+04 1.008850e+04 1.008523e+04
13.8 9.983717e+03 1.005845e+04 1.009049e+04 1.001576e+04
14.8 1.006660e+04 1.010077e+04 1.010237e+04 1.006820e+04
15.8 1.016380e+04 1.011230e+04 1.011321e+04 1.016472e+04
16.8 1.030225e+04 1.013848e+04 1.011848e+04 1.028226e+04
17.8 1.024674e+04 1.014220e+04 1.011971e+04 1.022425e+04
0.9 1.002391e+04 1.005791e+04 1.008486e+04 1.005086e+04
1.9 9.969374e+03 1.005238e+04 1.007164e+04 9.988632e+03
2.9 1.016301e+04 1.012142e+04 1.006826e+04 1.010985e+04
3.9 1.012442e+04 1.013997e+04 1.007124e+04 1.005570e+04
4.9 1.015783e+04 1.014735e+04 1.007626e+04 1.008675e+04
5.9 1.027363e+04 1.014381e+04 1.008513e+04 1.021495e+04
6.9 1.008393e+04 1.010954e+04 1.008829e+04 1.006268e+04
7.9 1.004063e+04 1.009507e+04 1.009836e+04 1.004391e+04
8.9 1.007812e+04 1.007399e+04 1.009543e+04 1.009956e+04
9.9 1.001715e+04 1.006387e+04 1.008756e+04 1.004084e+04
10.9 9.984443e+03 1.008961e+04 1.008707e+04 9.981910e+03
11.9 1.007463e+04 1.007791e+04 1.008850e+04 1.008523e+04
12.9 9.983717e+03 1.005845e+04 1.009049e+04 1.001576e+04
13.9 1.006660e+04 1.010077e+04 1.010237e+04 1.006820e+04
14.9 1.016380e+04 1.011230e+04 1.011321e+04 1.016472e+04
15.9 1.030225e+04 1.013848e+04 1.011848e+04 1.028226e+04
16.9 1.024674e+04 1.014220e+04 1.011971e+04 1.022425e+04
17.9 1.012420e+04 1.015528e+04 1.011888e+04 1.008780e+04
0.6 9.969374e+03 1.005238e+04 1.007164e+04 9.988632e+03
1.6 1.016301e+04 1.012142e+04 1.006826e+04 1.010985e+04
2.6 1.012442e+04 1.013997e+04 1.007124e+04 1.005570e+04
3.6 1.015783e+04 1.014735e+04 1.007626e+04 1.008675e+04
4.6 1.027363e+04 1.014381e+04 1.008513e+04 1.021495e+04
5.6 1.008393e+04 1.010954e+04 1.008829e+04 1.006268e+04
6.6 1.004063e+04 1.009507e+04 1.009836e+04 1.004391e+04
7.6 1.007812e+04 1.007399e+04 1.009543e+04 1.009956e+04
8.6 1.001715e+04 1.006387e+04 1.008756e+04 1.004084e+04
9.6 9.984443e+03 1.008961e+04 1.008707e+04 9.981910e+03
10.6 1.007463e+04 1.007791e+04 1.008850e+04 1.008523e+04
11.6 9.983717e+03 1.005845e+04 1.009049e+04 1.001576e+04
12.6 1.006660e+04 1.010077e+04 1.010237e+04 1.006820e+04
13.6 1.016380e+04 1.011230e+04 1.011321e+04 1.016472e+04
14.6 1.030225e+04 1.013848e+04 1.011848e+04 1.028226e+04
15.6 1.024674e+04 1.014220e+04 1.011971e+04 1.022425e+04
16.6 1.012420e+04 1.015528e+04 1.011888e+04 1.008780e+04
17.6 1.013373e+04 1.014583e+04 1.011723e+04 1.010513e+04
0.2 1.016301e+04 1.012142e+04 1.006826e+04 1.010985e+04
1.2 1.012442e+04 1.013997e+04 1.007124e+04 1.005570e+04
2.2 1.015783e+04 1.014735e+04 1.007626e+04 1.008675e+04
3.2 1.027363e+04 1.014381e+04 1.008513e+04 1.021495e+04
4.2 1.008393e+04 1.010954e+04 1.008829e+04 1.006268e+04
5.2 1.004063e+04 1.009507e+04 1.009836e+04 1.004391e+04
6.2 1.007812e+04 1.007399e+04 1.009543e+04 1.009956e+04
7.2 1.001715e+04 1.006387e+04 1.008756e+04 1.004084e+04
8.2 9.984443e+03 1.008961e+04 1.008707e+04 9.981910e+03
9.2 1.007463e+04 1.007791e+04 1.008850e+04 1.008523e+04
10.2 9.983717e+03 1.005845e+04 1.009049e+04 1.001576e+04
11.2 1.006660e+04 1.010077e+04 1.010237e+04 1.006820e+04
12.2 1.016380e+04 1.011230e+04 1.011321e+04 1.016472e+04
13.2 1.030225e+04 1.013848e+04 1.011848e+04 1.028226e+04
14.2 1.024674e+04 1.014220e+04 1.011971e+04 1.022425e+04
15.2 1.012420e+04 1.015528e+04 1.011888e+04 1.008780e+04
16.2 1.013373e+04 1.014583e+04 1.011723e+04 1.010513e+04
17.2 1.007419e+04 1.013679e+04 1.011548e+04 1.005288e+04
0.4 1.015783e+04 1.014735e+04 1.007626e+04 1.008675e+04
1.4 1.027363e+04 1.014381e+04 1.008513e+04 1.021495e+04
2.4 1.008393e+04 1.010954e+04 1.008829e+04 1.006268e+04
3.4 1.004063e+04 1.009507e+04 1.009836e+04 1.004391e+04
4.4 1.007812e+04 1.007399e+04 1.009543e+04 1.009956e+04
5.4 1.001715e+04 1.006387e+04 1.008756e+04 1.004084e+04
6.4 9.984443e+03 1.008961e+04 1.008707e+04 9.981910e+03
7.4 1.007463e+04 1.007791e+04 1.008850e+04 1.008523e+04
8.4 9.983717e+03 1.005845e+04 1.009049e+04 1.001576e+04
9.4 1.006660e+04 1.010077e+04 1.010237e+04 1.006820e+04
10.4 1.016380e+04 1.011230e+04 1.011321e+04 1.016472e+04
11.4 1.030225e+04 1.013848e+04 1.011848e+04 1.028226e+04
12.4 1.024674e+04 1.014220e+04 1.011971e+04 1.022425e+04
13.4 1.012420e+04 1.015528e+04 1.011888e+04 1.008780e+04
14.4 1.013373e+04 1.014583e+04 1.011723e+04 1.010513e+04
15.4 1.007419e+04 1.013679e+04 1.011548e+04 1.005288e+04
16.4 1.011612e+04 1.013680e+04 1.011400e+04 1.009332e+04
17.4 1.016465e+04 1.017183e+04 1.011286e+04 1.010568e+04
0.0 1.008393e+04 1.010954e+04 1.008829e+04 1.006268e+04
1.0 1.004063e+04 1.009507e+04 1.009836e+04 1.004391e+04
2.0 1.007812e+04 1.007399e+04 1.009543e+04 1.009956e+04
3.0 1.001715e+04 1.006387e+04 1.008756e+04 1.004084e+04
4.0 9.984443e+03 1.008961e+04 1.008707e+04 9.981910e+03
5.0 1.007463e+04 1.007791e+04 1.008850e+04 1.008523e+04
6.0 9.983717e+03 1.005845e+04 1.009049e+04 1.001576e+04
7.0 1.006660e+04 1.010077e+04 1.010237e+04 1.006820e+04
8.0 1.016380e+04 1.011230e+04 1.011321e+04 1.016472e+04
9.0 1.030225e+04 1.013848e+04 1.011848e+04 1.028226e+04
10.0 1.024674e+04 1.014220e+04 1.011971e+04 1.022425e+04
11.0 1.012420e+04 1.015528e+04 1.011888e+04 1.008780e+04
12.0 1.013373e+04 1.014583e+04 1.011723e+04 1.010513e+04
13.0 1.007419e+04 1.013679e+04 1.011548e+04 1.005288e+04
14.0 1.011612e+04 1.013680e+04 1.011400e+04 1.009332e+04
15.0 1.016465e+04 1.017183e+04 1.011286e+04 1.010568e+04
16.0 1.019029e+04 1.015996e+04 1.011202e+04 1.014234e+04
17.0 1.026789e+04 1.014636e+04 1.011139e+04 1.023292e+04
0.6 1.007812e+04 1.007399e+04 1.009543e+04 1.009956e+04
1.6 1.001715e+04 1.006387e+04 1.008756e+04 1.004084e+04
2.6 9.984443e+03 1.008961e+04 1.008707e+04 9.981910e+03
3.6 1.007463e+04 1.007791e+04 1.008850e+04 1.008523e+04
4.6 9.983717e+03 1.005845e+04 1.009049e+04 1.001576e+04
5.6 1.006660e+04 1.010077e+04 1.010237e+04 1.006820e+04
6.6 1.016380e+04 1.011230e+04 1.011321e+04 1.016472e+04
7.6 1.030225e+04 1.013848e+04 1.011848e+04 1.028226e+04
8.6 1.024674e+04 1.014220e+04 1.011971e+04 1.022425e+04
9.6 1.012420e+04 1.015528e+04 1.011888e+04 1.008780e+04
10.6 1.013373e+04 1.014583e+04 1.011723e+04 1.010513e+04
11.6 1.007419e+04 1.013679e+04 1.011548e+04 1.005288e+04
12.6 1.011612e+04 1.013680e+04 1.011400e+04 1.009332e+04
13.6 1.016465e+04 1.017183e+04 1.011286e+04 1.010568e+04
14.6 1.019029e+04 1.015996e+04 1.011202e+04 1.014234e+04
15.6 1.026789e+04 1.014636e+04 1.011139e+04 1.023292e+04
16.6 1.010804e+04 1.010817e+04 1.011089e+04 1.011077e+04
17.6 1.005083e+04 1.010860e+04 1.011050e+04 1.005273e+04
0.7 9.984443e+03 1.008961e+04 1.008707e+04 9.981910e+03
1.7 1.007463e+04 1.007791e+04 1.008850e+04 1.008523e+04
2.7 9.983717e+03 1.005845e+04 1.009049e+04 1.001576e+04
3.7 1.006660e+04 1.010077e+04 1.010237e+04 1.006820e+04
4.7 1.016380e+04 1.011230e+04 1.011321e+04 1.016472e+04
5.7 1.030225e+04 1.013848e+04 1.011848e+04 1.028226e+04
6.7 1.024674e+04 1.014220e+04 1.011971e+04 1.022425e+04
7.7 1.012420e+04 1.015528e+04 1.011888e+04 1.008780e+04
8.7 1.013373e+04 1.014583e+04 1.011723e+04 1.010513e+04
9.7 1.007419e+04 1.013679e+04 1.011548e+04 1.005288e+04
10.7 1.011612e+04 1.013680e+04 1.011400e+04 1.009332e+04
11.7 1.016465e+04 1.017183e+04 1.011286e+04 1.010568e+04
12.7 1.019029e+04 1.015996e+04 1.011202e+04 1.014234e+04
13.7 1.026789e+04 1.014636e+04 1.011139e+04 1.023292e+04
14.7 1.010804e+04 1.010817e+04 1.011089e+04 1.011077e+04
15.7 1.005083e+04 1.010860e+04 1.011050e+04 1.005273e+04
16.7 1.012166e+04 1.008886e+04 1.011017e+04 1.014297e+04
17.7 1.008414e+04 1.007902e+04 1.010991e+04 1.011503e+04
0.8 9.964022e+03 1.003225e+04 1.011025e+04 1.004202e+04
1.8 9.988873e+03 1.000773e+04 1.009673e+04 1.007787e+04
2.8 9.958479e+03 1.003038e+04 1.008062e+04 1.000871e+04
3.8 1.006548e+04 1.009475e+04 1.007268e+04 1.004341e+04
4.8 1.008587e+04 1.009869e+04 1.007122e+04 1.005841e+04
5.8 1.007781e+04 1.011401e+04 1.007596e+04 1.003976e+04
6.8 1.013020e+04 1.013250e+04 1.009188e+04 1.008958e+04
7.8 1.012753e+04 1.015272e+04 1.010579e+04 1.008060e+04
8.8 1.010041e+04 1.012049e+04 1.011305e+04 1.009297e+04
9.8 1.015886e+04 1.006952e+04 1.010933e+04 1.019868e+04
10.8 1.004505e+04 1.006820e+04 1.009459e+04 1.007144e+04
11.8 1.008279e+04 1.009535e+04 1.009436e+04 1.008180e+04
12.8 1.003476e+04 1.010248e+04 1.010201e+04 1.003430e+04
13.8 1.012729e+04 1.010784e+04 1.010783e+04 1.012728e+04
14.8 1.011833e+04 1.012594e+04 1.011065e+04 1.010304e+04
15.8 1.011606e+04 1.012999e+04 1.011154e+04 1.009762e+04
16.8 1.013338e+04 1.008221e+04 1.011132e+04 1.016249e+04
17.8 1.015456e+04 1.007326e+04 1.011053e+04 1.019183e+04
0.5 9.988873e+03 1.000773e+04 1.009673e+04 1.007787e+04
1.5 9.958479e+03 1.003038e+04 1.008062e+04 1.000871e+04
2.5 1.006548e+04 1.009475e+04 1.007268e+04 1.004341e+04
3.5 1.008587e+04 1.009869e+04 1.007122e+04 1.005841e+04
4.5 1.007781e+04 1.011401e+04 1.007596e+04 1.003976e+04
5.5 1.013020e+04 1.013250e+04 1.009188e+04 1.008958e+04
6.5 1.012753e+04 1.015272e+04 1.010579e+04 1.008060e+04
7.5 1.010041e+04 1.012049e+04 1.011305e+04 1.009297e+04
8.5 1.015886e+04 1.006952e+04 1.010933e+04 1.019868e+04
9.5 1.004505e+04 1.006820e+04 1.009459e+04 1.007144e+04
10.5 1.008279e+04 1.009535e+04 1.009436e+04 1.008180e+04
11.5 1.003476e+04 1.010248e+04 1.010201e+04 1.003430e+04
12.5 1.012729e+04 1.010784e+04 1.010783e+04 1.012728e+04
13.5 1.011833e+04 1.012594e+04 1.011065e+04 1.010304e+04
14.5 1.011606e+04 1.012999e+04 1.011154e+04 1.009762e+04
15.5 1.013338e+04 1.008221e+04 1.011132e+04 1.016249e+04
16.5 1.015456e+04 1.007326e+04 1.011053e+04 1.019183e+04
17.5 1.003705e+04 1.010712e+04 1.010962e+04 1.003954e+04
0.7 1.006548e+04 1.009475e+04 1.007268e+04 1.004341e+04
1.7 1.008587e+04 1.009869e+04 1.007122e+04 1.005841e+04
2.7 1.007781e+04 1.011401e+04 1.007596e+04 1.003976e+04
3.7 1.013020e+04 1.013250e+04 1.009188e+04 1.008958e+04
4.7 1.012753e+04 1.015272e+04 1.010579e+04 1.008060e+04
5.7 1.010041e+04 1.012049e+04 1.011305e+04 1.009297e+04
6.7 1.015886e+04 1.006952e+04 1.010933e+04 1.019868e+04
7.7 1.004505e+04 1.006820e+04 1.009459e+04 1.007144e+04
8.7 1.008279e+04 1.009535e+04 1.009436e+04 1.008180e+04
9.7 1.003476e+04 1.010248e+04 1.010201e+04 1.003430e+04
10.7 1.012729e+04 1.010784e+04 1.010783e+04 1.012728e+04
11.7 1.011833e+04 1.012594e+04 1.011065e+04 1.010304e+04
12.7 1.011606e+04 1.012999e+04 1.011154e+04 1.009762e+04
13.7 1.013338e+04 1.008221e+04 1.011132e+04 1.016249e+04
14.7 1.015456e+04 1.007326e+04 1.011053e+04 1.019183e+04
15.7 1.003705e+04 1.010712e+04 1.010962e+04 1.003954e+04
16.7 1.006078e+04 1.008331e+04 1.010882e+04 1.008629e+04
17.7 1.010681e+04 1.012401e+04 1.010820e+04 1.009100e+04
0.3 1.010041e+04 1.012049e+04 1.011305e+04 1.009297e+04
1.3 1.015886e+04 1.006952e+04 1.010933e+04 1.019868e+04
2.3 1.004505e+04 1.006820e+04 1.009459e+04 1.007144e+04
3.3 1.008279e+04 1.009535e+04 1.009436e+04 1.008180e+04
4.3 1.003476e+04 1.010248e+04 1.010201e+04 1.003430e+04
5.3 1.012729e+04 1.010784e+04 1.010783e+04 1.012728e+04
6.3 1.011833e+04 1.012594e+04 1.011065e+04 1.010304e+04
7.3 1.011606e+04 1.012999e+04 1.011154e+04 1.009762e+04
8.3 1.013338e+04 1.008221e+04 1.011132e+04 1.016249e+04
9.3 1.015456e+04 1.007326e+04 1.011053e+04 1.019183e+04
10.3 1.003705e+04 1.010712e+04 1.010962e+04 1.003954e+04
11.3 1.006078e+04 1.008331e+04 1.010882e+04 1.008629e+04
12.3 1.010681e+04 1.012401e+04 1.010820e+04 1.009100e+04
13.3 1.010010e+04 1.012092e+04 1.010773e+04 1.008690e+04
14.3 1.013565e+04 1.015168e+04 1.010735e+04 1.009132e+04
15.3 1.021705e+04 1.016737e+04 1.010703e+04 1.015672e+04
16.3 1.017176e+04 1.015969e+04 1.010675e+04 1.011882e+04
17.3 1.007057e+04 1.011621e+04 1.010649e+04 1.006085e+04
