1.055540e+04 1.056796e+04 1.054346e+04 1.057990e+04
1.057108e+04 1.056851e+04 1.055380e+04 1.058578e+04
1.056838e+04 1.057050e+04 1.055629e+04 1.058259e+04
1.059640e+04 1.057128e+04 1.058411e+04 1.058357e+04
1.061677e+04 1.057086e+04 1.061430e+04 1.057334e+04
1.060208e+04 1.057033e+04 1.059827e+04 1.057415e+04
1.057962e+04 1.056999e+04 1.060183e+04 1.054778e+04
1.052832e+04 1.056980e+04 1.057458e+04 1.052353e+04
1.054279e+04 1.056972e+04 1.055349e+04 1.055902e+04
1.055979e+04 1.056971e+04 1.054518e+04 1.058432e+04
1.053956e+04 1.056942e+04 1.053877e+04 1.057021e+04
1.056247e+04 1.056829e+04 1.055168e+04 1.057908e+04
1.055460e+04 1.056933e+04 1.057025e+04 1.055369e+04
1.056572e+04 1.057079e+04 1.058934e+04 1.054717e+04
1.057004e+04 1.057084e+04 1.057789e+04 1.056300e+04
1.051664e+04 1.057044e+04 1.052345e+04 1.056363e+04
1.053237e+04 1.057012e+04 1.055406e+04 1.054844e+04
1.060628e+04 1.056994e+04 1.061566e+04 1.056057e+04
1.065191e+04 1.056984e+04 1.061264e+04 1.060911e+04
1.061298e+04 1.056981e+04 1.058259e+04 1.060021e+04
1.057168e+04 1.056885e+04 1.056672e+04 1.057381e+04
1.056732e+04 1.056632e+04 1.055178e+04 1.058186e+04
1.056467e+04 1.056641e+04 1.055936e+04 1.057172e+04
1.054346e+04 1.056801e+04 1.056063e+04 1.055085e+04
1.052727e+04 1.057095e+04 1.056790e+04 1.053032e+04
1.055130e+04 1.057346e+04 1.055964e+04 1.056513e+04
1.059865e+04 1.057297e+04 1.057597e+04 1.059565e+04
1.063814e+04 1.057155e+04 1.059732e+04 1.061236e+04
1.057804e+04 1.057050e+04 1.059114e+04 1.055740e+04
1.061816e+04 1.056991e+04 1.059187e+04 1.059620e+04
1.056094e+04 1.056964e+04 1.056890e+04 1.056168e+04
1.051618e+04 1.056958e+04 1.054945e+04 1.053632e+04
1.051299e+04 1.056962e+04 1.055111e+04 1.053150e+04
1.046960e+04 1.056846e+04 1.053028e+04 1.050778e+04
1.060139e+04 1.056487e+04 1.054735e+04 1.061890e+04
1.066497e+04 1.056433e+04 1.055417e+04 1.067513e+04
1.060228e+04 1.056544e+04 1.055893e+04 1.060878e+04
1.057346e+04 1.056854e+04 1.057090e+04 1.057110e+04
1.055036e+04 1.057344e+04 1.057716e+04 1.054664e+04
1.053135e+04 1.057690e+04 1.056728e+04 1.054097e+04
1.054194e+04 1.057543e+04 1.057205e+04 1.054531e+04
1.057131e+04 1.057266e+04 1.060774e+04 1.053623e+04
1.062727e+04 1.057074e+04 1.060953e+04 1.058848e+04
1.059505e+04 1.056969e+04 1.060229e+04 1.056245e+04
1.057896e+04 1.056821e+04 1.057221e+04 1.057497e+04
1.053864e+04 1.056773e+04 1.055641e+04 1.054997e+04
1.049887e+04 1.056962e+04 1.054076e+04 1.052773e+04
1.051636e+04 1.057063e+04 1.052991e+04 1.055708e+04
1.051570e+04 1.057010e+04 1.052104e+04 1.056476e+04
1.052230e+04 1.056721e+04 1.054583e+04 1.054367e+04
1.055239e+04 1.056635e+04 1.055750e+04 1.056123e+04
1.057792e+04 1.056854e+04 1.058325e+04 1.056321e+04
1.064204e+04 1.057229e+04 1.059425e+04 1.062009e+04
1.060586e+04 1.057306e+04 1.061065e+04 1.056827e+04
1.063762e+04 1.057201e+04 1.063900e+04 1.057063e+04
1.063139e+04 1.057100e+04 1.060350e+04 1.059889e+04
1.057598e+04 1.057038e+04 1.057254e+04 1.057383e+04
1.060770e+04 1.056969e+04 1.055981e+04 1.061758e+04
1.060394e+04 1.056717e+04 1.055415e+04 1.061696e+04
1.058613e+04 1.056656e+04 1.055344e+04 1.059924e+04
1.061412e+04 1.056798e+04 1.057091e+04 1.061120e+04
1.056584e+04 1.056954e+04 1.057715e+04 1.055823e+04
1.056569e+04 1.057268e+04 1.058174e+04 1.055663e+04
1.052329e+04 1.057445e+04 1.056830e+04 1.052943e+04
1.050959e+04 1.057341e+04 1.054805e+04 1.053494e+04
1.054576e+04 1.057191e+04 1.056159e+04 1.055607e+04
1.053339e+04 1.057036e+04 1.058079e+04 1.052295e+04
1.052173e+04 1.056722e+04 1.058020e+04 1.050875e+04
1.053911e+04 1.056669e+04 1.057970e+04 1.052609e+04
1.057307e+04 1.057020e+04 1.058367e+04 1.055960e+04
1.059436e+04 1.057308e+04 1.056268e+04 1.060476e+04
1.055934e+04 1.057290e+04 1.052579e+04 1.060645e+04
1.064755e+04 1.057187e+04 1.057663e+04 1.064280e+04
1.058553e+04 1.057109e+04 1.058282e+04 1.057380e+04
1.052851e+04 1.057042e+04 1.057399e+04 1.052493e+04
1.053610e+04 1.056216e+04 1.055331e+04 1.054494e+04
1.058882e+04 1.055439e+04 1.056501e+04 1.057820e+04
1.061278e+04 1.055352e+04 1.057278e+04 1.059351e+04
1.062225e+04 1.055438e+04 1.058935e+04 1.058728e+04
1.065108e+04 1.055849e+04 1.059703e+04 1.061254e+04
1.061663e+04 1.056530e+04 1.060282e+04 1.057912e+04
1.056736e+04 1.057207e+04 1.057370e+04 1.056573e+04
1.053174e+04 1.057473e+04 1.056578e+04 1.054068e+04
1.048621e+04 1.058026e+04 1.053896e+04 1.052752e+04
1.051734e+04 1.058275e+04 1.054688e+04 1.055321e+04
1.049783e+04 1.058268e+04 1.054915e+04 1.053137e+04
1.049860e+04 1.058944e+04 1.054341e+04 1.054463e+04
1.053377e+04 1.058672e+04 1.054570e+04 1.057479e+04
1.058540e+04 1.057871e+04 1.055026e+04 1.061385e+04
1.060138e+04 1.057292e+04 1.056787e+04 1.060643e+04
1.060349e+04 1.057018e+04 1.056868e+04 1.060499e+04
1.057314e+04 1.056935e+04 1.058579e+04 1.055670e+04
1.054089e+04 1.056954e+04 1.056975e+04 1.054068e+04
1.053887e+04 1.056974e+04 1.055404e+04 1.055458e+04
1.051647e+04 1.056557e+04 1.056028e+04 1.052175e+04
1.052762e+04 1.056253e+04 1.056198e+04 1.052818e+04
1.057093e+04 1.056319e+04 1.057567e+04 1.055845e+04
1.057114e+04 1.056692e+04 1.058158e+04 1.055647e+04
1.058143e+04 1.057210e+04 1.057901e+04 1.057452e+04
1.065668e+04 1.057735e+04 1.059545e+04 1.063858e+04
1.064764e+04 1.058254e+04 1.059968e+04 1.063049e+04
1.063751e+04 1.058194e+04 1.059706e+04 1.062238e+04
1.060857e+04 1.057803e+04 1.060114e+04 1.058546e+04
1.055262e+04 1.057481e+04 1.060352e+04 1.052391e+04
1.051586e+04 1.057300e+04 1.057968e+04 1.050919e+04
1.051453e+04 1.057205e+04 1.055523e+04 1.053135e+04
1.057331e+04 1.055855e+04 1.052504e+04 1.060682e+04
1.056452e+04 1.053422e+04 1.054867e+04 1.055008e+04
1.061678e+04 1.052247e+04 1.059707e+04 1.054219e+04
1.063443e+04 1.052472e+04 1.061768e+04 1.054147e+04
1.063027e+04 1.053017e+04 1.061576e+04 1.054468e+04
1.060401e+04 1.053963e+04 1.061820e+04 1.052544e+04
1.061139e+04 1.055107e+04 1.060908e+04 1.055337e+04
1.058706e+04 1.056292e+04 1.058567e+04 1.056432e+04
1.057539e+04 1.057450e+04 1.057910e+04 1.057079e+04
1.056620e+04 1.058155e+04 1.057877e+04 1.056898e+04
1.055868e+04 1.058830e+04 1.055403e+04 1.059295e+04
1.056587e+04 1.059092e+04 1.055601e+04 1.060079e+04
1.055638e+04 1.059625e+04 1.053169e+04 1.062095e+04
1.058773e+04 1.060275e+04 1.052330e+04 1.066718e+04
1.053612e+04 1.061085e+04 1.050426e+04 1.064271e+04
1.051735e+04 1.061973e+04 1.050466e+04 1.063242e+04
1.048977e+04 1.060840e+04 1.049333e+04 1.060484e+04
1.049325e+04 1.058700e+04 1.052966e+04 1.055058e+04
1.046035e+04 1.056973e+04 1.053012e+04 1.049995e+04
1.054690e+04 1.055387e+04 1.055676e+04 1.054401e+04
1.061805e+04 1.054882e+04 1.056594e+04 1.060094e+04
1.058081e+04 1.054794e+04 1.055684e+04 1.057191e+04
1.056065e+04 1.055055e+04 1.056987e+04 1.054133e+04
1.054844e+04 1.055483e+04 1.057424e+04 1.052904e+04
1.056345e+04 1.056030e+04 1.057719e+04 1.054656e+04
1.057593e+04 1.056649e+04 1.059310e+04 1.054932e+04
1.053937e+04 1.057056e+04 1.058388e+04 1.052606e+04
1.056462e+04 1.057489e+04 1.058242e+04 1.055709e+04
1.055063e+04 1.057779e+04 1.058545e+04 1.054298e+04
1.061625e+04 1.058171e+04 1.057501e+04 1.062296e+04
1.066034e+04 1.058555e+04 1.059505e+04 1.065084e+04
1.060313e+04 1.058793e+04 1.058213e+04 1.060893e+04
1.058398e+04 1.058177e+04 1.056217e+04 1.060358e+04
1.060305e+04 1.057438e+04 1.057978e+04 1.059765e+04
1.057530e+04 1.056988e+04 1.057465e+04 1.057052e+04
1.055863e+04 1.055917e+04 1.056458e+04 1.055322e+04
1.051387e+04 1.054233e+04 1.054789e+04 1.050832e+04
1.052105e+04 1.053262e+04 1.056173e+04 1.049193e+04
1.053452e+04 1.052836e+04 1.056810e+04 1.049478e+04
1.057392e+04 1.053556e+04 1.059250e+04 1.051698e+04
1.061073e+04 1.054830e+04 1.061000e+04 1.054903e+04
1.062914e+04 1.056095e+04 1.059621e+04 1.059388e+04
1.066275e+04 1.057124e+04 1.058985e+04 1.064414e+04
1.058958e+04 1.057877e+04 1.056203e+04 1.060633e+04
1.055150e+04 1.058009e+04 1.055764e+04 1.057395e+04
1.054415e+04 1.058586e+04 1.054614e+04 1.058387e+04
1.050832e+04 1.059429e+04 1.055098e+04 1.055163e+04
1.053426e+04 1.059703e+04 1.055734e+04 1.057395e+04
1.052558e+04 1.059995e+04 1.054813e+04 1.057741e+04
1.054191e+04 1.060067e+04 1.053864e+04 1.060393e+04
1.059161e+04 1.058788e+04 1.053023e+04 1.064925e+04
1.056747e+04 1.057489e+04 1.052439e+04 1.061797e+04
1.060227e+04 1.056748e+04 1.055836e+04 1.061139e+04
1.055945e+04 1.056157e+04 1.055550e+04 1.056552e+04
1.057427e+04 1.055821e+04 1.059117e+04 1.054131e+04
1.054935e+04 1.055962e+04 1.059991e+04 1.050906e+04
1.056361e+04 1.056437e+04 1.060161e+04 1.052638e+04
1.059113e+04 1.056832e+04 1.060761e+04 1.055183e+04
1.061245e+04 1.057315e+04 1.061308e+04 1.057252e+04
1.063103e+04 1.057430e+04 1.063548e+04 1.056984e+04
1.068861e+04 1.057224e+04 1.064150e+04 1.061934e+04
1.064572e+04 1.057017e+04 1.059438e+04 1.062151e+04
1.059328e+04 1.056513e+04 1.056519e+04 1.059322e+04
1.054749e+04 1.055432e+04 1.054387e+04 1.055795e+04
1.048181e+04 1.054708e+04 1.052770e+04 1.050118e+04
1.046623e+04 1.054775e+04 1.053454e+04 1.047943e+04
1.050008e+04 1.055461e+04 1.056269e+04 1.049200e+04
1.055221e+04 1.056251e+04 1.057166e+04 1.054305e+04
1.061673e+04 1.056933e+04 1.058069e+04 1.060536e+04
1.065032e+04 1.057539e+04 1.059586e+04 1.062984e+04
1.063439e+04 1.058077e+04 1.060373e+04 1.061143e+04
1.061430e+04 1.058574e+04 1.061402e+04 1.058603e+04
1.057410e+04 1.059028e+04 1.061485e+04 1.054953e+04
1.054178e+04 1.058591e+04 1.059727e+04 1.053042e+04
1.064624e+04 1.057733e+04 1.060140e+04 1.062216e+04
1.065926e+04 1.057111e+04 1.059262e+04 1.063774e+04
1.062853e+04 1.056705e+04 1.057328e+04 1.062231e+04
1.059137e+04 1.056589e+04 1.057167e+04 1.058559e+04
1.054129e+04 1.056769e+04 1.054651e+04 1.056247e+04
1.052116e+04 1.056878e+04 1.052533e+04 1.056462e+04
1.052582e+04 1.056876e+04 1.053295e+04 1.056163e+04
1.051798e+04 1.056498e+04 1.052785e+04 1.055511e+04
1.051669e+04 1.056285e+04 1.054505e+04 1.053450e+04
1.054415e+04 1.056502e+04 1.056991e+04 1.053926e+04
1.054403e+04 1.057122e+04 1.057372e+04 1.054152e+04
1.054521e+04 1.057572e+04 1.058468e+04 1.053624e+04
1.054087e+04 1.057471e+04 1.058025e+04 1.053533e+04
1.057347e+04 1.057232e+04 1.058466e+04 1.056113e+04
1.055710e+04 1.057062e+04 1.056780e+04 1.055992e+04
1.056012e+04 1.056969e+04 1.054700e+04 1.058281e+04
1.051610e+04 1.056928e+04 1.055066e+04 1.053473e+04
1.055017e+04 1.056922e+04 1.054182e+04 1.057757e+04
1.048003e+04 1.056934e+04 1.055855e+04 1.049082e+04
1.053252e+04 1.056950e+04 1.055946e+04 1.054256e+04
1.057151e+04 1.056950e+04 1.056163e+04 1.057938e+04
1.053893e+04 1.056459e+04 1.054099e+04 1.056254e+04
1.063002e+04 1.055741e+04 1.054123e+04 1.064621e+04
1.059925e+04 1.055703e+04 1.055527e+04 1.060101e+04
1.055548e+04 1.056100e+04 1.057749e+04 1.053899e+04
1.054553e+04 1.056574e+04 1.056544e+04 1.054583e+04
1.053216e+04 1.057039e+04 1.058968e+04 1.051286e+04
1.053519e+04 1.057413e+04 1.057375e+04 1.053557e+04
1.058186e+04 1.057870e+04 1.059406e+04 1.056651e+04
1.060915e+04 1.058369e+04 1.060803e+04 1.058481e+04
1.066233e+04 1.058219e+04 1.062453e+04 1.061998e+04
1.061949e+04 1.057664e+04 1.062293e+04 1.057320e+04
1.058111e+04 1.057227e+04 1.059907e+04 1.055431e+04
1.055634e+04 1.056967e+04 1.057804e+04 1.054797e+04
1.057290e+04 1.056781e+04 1.057585e+04 1.056486e+04
1.054705e+04 1.056896e+04 1.056877e+04 1.054724e+04
1.055718e+04 1.057029e+04 1.055719e+04 1.057029e+04
1.053592e+04 1.057066e+04 1.053599e+04 1.057059e+04
1.056240e+04 1.057074e+04 1.053926e+04 1.059388e+04
1.059646e+04 1.056964e+04 1.055552e+04 1.061057e+04
1.062296e+04 1.056747e+04 1.056523e+04 1.062519e+04
1.059911e+04 1.056790e+04 1.057043e+04 1.059659e+04
1.057209e+04 1.056984e+04 1.058510e+04 1.055683e+04
1.051892e+04 1.057348e+04 1.055698e+04 1.053541e+04
1.054512e+04 1.057489e+04 1.055948e+04 1.056053e+04
1.052859e+04 1.057389e+04 1.057120e+04 1.053129e+04
1.054913e+04 1.057042e+04 1.054380e+04 1.057575e+04
1.059890e+04 1.056641e+04 1.057178e+04 1.059353e+04
1.059123e+04 1.056589e+04 1.057102e+04 1.058610e+04
1.052288e+04 1.056892e+04 1.057885e+04 1.051295e+04
1.049773e+04 1.057298e+04 1.057230e+04 1.049841e+04
1.054336e+04 1.057721e+04 1.055000e+04 1.057057e+04
1.055550e+04 1.057688e+04 1.054883e+04 1.058355e+04
1.061184e+04 1.057115e+04 1.058508e+04 1.059791e+04
1.061877e+04 1.055330e+04 1.058971e+04 1.058236e+04
1.058540e+04 1.053960e+04 1.055728e+04 1.056773e+04
1.060860e+04 1.053871e+04 1.054112e+04 1.060619e+04
1.061899e+04 1.054595e+04 1.054286e+04 1.062207e+04
1.060860e+04 1.055349e+04 1.054164e+04 1.062045e+04
1.060421e+04 1.056008e+04 1.056443e+04 1.059986e+04
1.059271e+04 1.056621e+04 1.056712e+04 1.059179e+04
1.056021e+04 1.057194e+04 1.058260e+04 1.054955e+04
1.055922e+04 1.057560e+04 1.057157e+04 1.056325e+04
1.052882e+04 1.057715e+04 1.057957e+04 1.052640e+04
1.053692e+04 1.057974e+04 1.058259e+04 1.053406e+04
1.052711e+04 1.058003e+04 1.058341e+04 1.052373e+04
1.058459e+04 1.058464e+04 1.059129e+04 1.057794e+04
1.065887e+04 1.059166e+04 1.060528e+04 1.064524e+04
1.063663e+04 1.059152e+04 1.060474e+04 1.062341e+04
1.061394e+04 1.059389e+04 1.059490e+04 1.061293e+04
1.059757e+04 1.058725e+04 1.057414e+04 1.061069e+04
1.057486e+04 1.057635e+04 1.056757e+04 1.058364e+04
1.056448e+04 1.056888e+04 1.058280e+04 1.055056e+04
1.046862e+04 1.056358e+04 1.053877e+04 1.049343e+04
1.057423e+04 1.056123e+04 1.053254e+04 1.060291e+04
1.058876e+04 1.056300e+04 1.055492e+04 1.059684e+04
1.060671e+04 1.056775e+04 1.057352e+04 1.060094e+04
1.061316e+04 1.057022e+04 1.058325e+04 1.060013e+04
1.061475e+04 1.057004e+04 1.058298e+04 1.060181e+04
1.060495e+04 1.056940e+04 1.059140e+04 1.058295e+04
1.059981e+04 1.056901e+04 1.058354e+04 1.058528e+04
1.054800e+04 1.056885e+04 1.056229e+04 1.055457e+04
1.058330e+04 1.056711e+04 1.055070e+04 1.059971e+04
1.055207e+04 1.056541e+04 1.053915e+04 1.057834e+04
1.060708e+04 1.056674e+04 1.056565e+04 1.060816e+04
1.057676e+04 1.057086e+04 1.056394e+04 1.058368e+04
1.057344e+04 1.057339e+04 1.055077e+04 1.059606e+04
1.057369e+04 1.057305e+04 1.056242e+04 1.058431e+04
1.053896e+04 1.057214e+04 1.055636e+04 1.055473e+04
1.053836e+04 1.057157e+04 1.056890e+04 1.054103e+04
1.051940e+04 1.057135e+04 1.053943e+04 1.055132e+04
1.054210e+04 1.057036e+04 1.053780e+04 1.057466e+04
1.055496e+04 1.056639e+04 1.054227e+04 1.057908e+04
1.051898e+04 1.056508e+04 1.053774e+04 1.054632e+04
1.056610e+04 1.056839e+04 1.055592e+04 1.057856e+04
1.053984e+04 1.057251e+04 1.056270e+04 1.054964e+04
1.055532e+04 1.057771e+04 1.057451e+04 1.055851e+04
1.056926e+04 1.057872e+04 1.059412e+04 1.055387e+04
1.059169e+04 1.057643e+04 1.064155e+04 1.052656e+04
1.062370e+04 1.057412e+04 1.063921e+04 1.055861e+04
1.059939e+04 1.057229e+04 1.059538e+04 1.057631e+04
1.052413e+04 1.056079e+04 1.055754e+04 1.052738e+04
1.050180e+04 1.055067e+04 1.054539e+04 1.050707e+04
1.049329e+04 1.054452e+04 1.054658e+04 1.049123e+04
1.049965e+04 1.053862e+04 1.053472e+04 1.050355e+04
1.053553e+04 1.054243e+04 1.053984e+04 1.053812e+04
1.056244e+04 1.054892e+04 1.054519e+04 1.056617e+04
1.060640e+04 1.055531e+04 1.055702e+04 1.060469e+04
1.056203e+04 1.055901e+04 1.055419e+04 1.056685e+04
1.055827e+04 1.056318e+04 1.055523e+04 1.056622e+04
1.054573e+04 1.056790e+04 1.056858e+04 1.054504e+04
1.056319e+04 1.057306e+04 1.057733e+04 1.055892e+04
1.061604e+04 1.057848e+04 1.058371e+04 1.061080e+04
1.063368e+04 1.057976e+04 1.058163e+04 1.063181e+04
1.061225e+04 1.058042e+04 1.057606e+04 1.061660e+04
1.059002e+04 1.058077e+04 1.057144e+04 1.059935e+04
1.054697e+04 1.058255e+04 1.056623e+04 1.056328e+04
1.054937e+04 1.058488e+04 1.056756e+04 1.056669e+04
