1.0 8.563093e+03 8.615433e+03 8.615380e+03 8.563040e+03
2.0 8.697644e+03 8.662960e+03 8.621175e+03 8.655859e+03
3.0 8.638259e+03 8.640763e+03 8.603677e+03 8.601173e+03
4.0 8.802353e+03 8.619974e+03 8.590316e+03 8.772695e+03
5.0 8.643592e+03 8.623935e+03 8.592884e+03 8.612541e+03
6.0 8.520517e+03 8.603882e+03 8.596352e+03 8.512987e+03
7.0 8.680750e+03 8.587850e+03 8.610647e+03 8.703547e+03
8.0 8.635122e+03 8.598535e+03 8.634207e+03 8.670794e+03
9.0 8.596229e+03 8.568826e+03 8.619829e+03 8.647232e+03
10.0 8.482117e+03 8.526074e+03 8.586028e+03 8.542071e+03
11.0 8.427644e+03 8.516229e+03 8.579985e+03 8.491400e+03
12.0 8.504730e+03 8.546714e+03 8.589340e+03 8.547357e+03
13.0 8.576206e+03 8.577876e+03 8.597905e+03 8.596235e+03
14.0 8.442408e+03 8.598073e+03 8.602504e+03 8.446839e+03
15.0 8.395415e+03 8.624878e+03 8.604673e+03 8.375210e+03
16.0 8.806009e+03 8.611193e+03 8.605392e+03 8.800208e+03
17.0 8.608400e+03 8.652091e+03 8.605237e+03 8.561547e+03
18.0 8.739146e+03 8.601591e+03 8.604749e+03 8.742304e+03
1.0 8.638259e+03 8.640763e+03 8.603677e+03 8.601173e+03
2.0 8.802353e+03 8.619974e+03 8.590316e+03 8.772695e+03
3.0 8.643592e+03 8.623935e+03 8.592884e+03 8.612541e+03
4.0 8.520517e+03 8.603882e+03 8.596352e+03 8.512987e+03
5.0 8.680750e+03 8.587850e+03 8.610647e+03 8.703547e+03
6.0 8.635122e+03 8.598535e+03 8.634207e+03 8.670794e+03
7.0 8.596229e+03 8.568826e+03 8.619829e+03 8.647232e+03
8.0 8.482117e+03 8.526074e+03 8.586028e+03 8.542071e+03
9.0 8.427644e+03 8.516229e+03 8.579985e+03 8.491400e+03
10.0 8.504730e+03 8.546714e+03 8.589340e+03 8.547357e+03
11.0 8.576206e+03 8.577876e+03 8.597905e+03 8.596235e+03
12.0 8.442408e+03 8.598073e+03 8.602504e+03 8.446839e+03
13.0 8.395415e+03 8.624878e+03 8.604673e+03 8.375210e+03
14.0 8.806009e+03 8.611193e+03 8.605392e+03 8.800208e+03
15.0 8.608400e+03 8.652091e+03 8.605237e+03 8.561547e+03
16.0 8.739146e+03 8.601591e+03 8.604749e+03 8.742304e+03
17.0 8.625259e+03 8.588180e+03 8.604291e+03 8.641369e+03
18.0 8.505562e+03 8.642276e+03 8.603988e+03 8.467274e+03
0.6 8.802353e+03 8.619974e+03 8.590316e+03 8.772695e+03
1.6 8.643592e+03 8.623935e+03 8.592884e+03 8.612541e+03
2.6 8.520517e+03 8.603882e+03 8.596352e+03 8.512987e+03
3.6 8.680750e+03 8.587850e+03 8.610647e+03 8.703547e+03
4.6 8.635122e+03 8.598535e+03 8.634207e+03 8.670794e+03
5.6 8.596229e+03 8.568826e+03 8.619829e+03 8.647232e+03
6.6 8.482117e+03 8.526074e+03 8.586028e+03 8.542071e+03
7.6 8.427644e+03 8.516229e+03 8.579985e+03 8.491400e+03
8.6 8.504730e+03 8.546714e+03 8.589340e+03 8.547357e+03
9.6 8.576206e+03 8.577876e+03 8.597905e+03 8.596235e+03
10.6 8.442408e+03 8.598073e+03 8.602504e+03 8.446839e+03
11.6 8.395415e+03 8.624878e+03 8.604673e+03 8.375210e+03
12.6 8.806009e+03 8.611193e+03 8.605392e+03 8.800208e+03
13.6 8.608400e+03 8.652091e+03 8.605237e+03 8.561547e+03
14.6 8.739146e+03 8.601591e+03 8.604749e+03 8.742304e+03
15.6 8.625259e+03 8.588180e+03 8.604291e+03 8.641369e+03
16.6 8.505562e+03 8.642276e+03 8.603988e+03 8.467274e+03
17.6 8.673594e+03 8.654742e+03 8.603825e+03 8.622677e+03
0.9 8.520517e+03 8.603882e+03 8.596352e+03 8.512987e+03
1.9 8.680750e+03 8.587850e+03 8.610647e+03 8.703547e+03
2.9 8.635122e+03 8.598535e+03 8.634207e+03 8.670794e+03
3.9 8.596229e+03 8.568826e+03 8.619829e+03 8.647232e+03
4.9 8.482117e+03 8.526074e+03 8.586028e+03 8.542071e+03
5.9 8.427644e+03 8.516229e+03 8.579985e+03 8.491400e+03
6.9 8.504730e+03 8.546714e+03 8.589340e+03 8.547357e+03
7.9 8.576206e+03 8.577876e+03 8.597905e+03 8.596235e+03
8.9 8.442408e+03 8.598073e+03 8.602504e+03 8.446839e+03
9.9 8.395415e+03 8.624878e+03 8.604673e+03 8.375210e+03
10.9 8.806009e+03 8.611193e+03 8.605392e+03 8.800208e+03
11.9 8.608400e+03 8.652091e+03 8.605237e+03 8.561547e+03
12.9 8.739146e+03 8.601591e+03 8.604749e+03 8.742304e+03
13.9 8.625259e+03 8.588180e+03 8.604291e+03 8.641369e+03
14.9 8.505562e+03 8.642276e+03 8.603988e+03 8.467274e+03
15.9 8.673594e+03 8.654742e+03 8.603825e+03 8.622677e+03
16.9 8.601973e+03 8.631393e+03 8.603745e+03 8.574325e+03
17.9 8.605180e+03 8.648661e+03 8.603704e+03 8.560223e+03
0.8 8.680750e+03 8.587850e+03 8.610647e+03 8.703547e+03
1.8 8.635122e+03 8.598535e+03 8.634207e+03 8.670794e+03
2.8 8.596229e+03 8.568826e+03 8.619829e+03 8.647232e+03
3.8 8.482117e+03 8.526074e+03 8.586028e+03 8.542071e+03
4.8 8.427644e+03 8.516229e+03 8.579985e+03 8.491400e+03
5.8 8.504730e+03 8.546714e+03 8.589340e+03 8.547357e+03
6.8 8.576206e+03 8.577876e+03 8.597905e+03 8.596235e+03
7.8 8.442408e+03 8.598073e+03 8.602504e+03 8.446839e+03
8.8 8.395415e+03 8.624878e+03 8.604673e+03 8.375210e+03
9.8 8.806009e+03 8.611193e+03 8.605392e+03 8.800208e+03
10.8 8.608400e+03 8.652091e+03 8.605237e+03 8.561547e+03
11.8 8.739146e+03 8.601591e+03 8.604749e+03 8.742304e+03
12.8 8.625259e+03 8.588180e+03 8.604291e+03 8.641369e+03
13.8 8.505562e+03 8.642276e+03 8.603988e+03 8.467274e+03
14.8 8.673594e+03 8.654742e+03 8.603825e+03 8.622677e+03
15.8 8.601973e+03 8.631393e+03 8.603745e+03 8.574325e+03
16.8 8.605180e+03 8.648661e+03 8.603704e+03 8.560223e+03
17.8 8.667123e+03 8.592173e+03 8.603679e+03 8.678629e+03
1.0 8.596229e+03 8.568826e+03 8.619829e+03 8.647232e+03
2.0 8.482117e+03 8.526074e+03 8.586028e+03 8.542071e+03
3.0 8.427644e+03 8.516229e+03 8.579985e+03 8.491400e+03
4.0 8.504730e+03 8.546714e+03 8.589340e+03 8.547357e+03
5.0 8.576206e+03 8.577876e+03 8.597905e+03 8.596235e+03
6.0 8.442408e+03 8.598073e+03 8.602504e+03 8.446839e+03
7.0 8.395415e+03 8.624878e+03 8.604673e+03 8.375210e+03
8.0 8.806009e+03 8.611193e+03 8.605392e+03 8.800208e+03
9.0 8.608400e+03 8.652091e+03 8.605237e+03 8.561547e+03
10.0 8.739146e+03 8.601591e+03 8.604749e+03 8.742304e+03
11.0 8.625259e+03 8.588180e+03 8.604291e+03 8.641369e+03
12.0 8.505562e+03 8.642276e+03 8.603988e+03 8.467274e+03
13.0 8.673594e+03 8.654742e+03 8.603825e+03 8.622677e+03
14.0 8.601973e+03 8.631393e+03 8.603745e+03 8.574325e+03
15.0 8.605180e+03 8.648661e+03 8.603704e+03 8.560223e+03
16.0 8.667123e+03 8.592173e+03 8.603679e+03 8.678629e+03
17.0 8.483934e+03 8.533327e+03 8.603656e+03 8.554263e+03
18.0 8.493775e+03 8.541561e+03 8.603633e+03 8.555847e+03
1.0 8.482117e+03 8.526074e+03 8.586028e+03 8.542071e+03
2.0 8.427644e+03 8.516229e+03 8.579985e+03 8.491400e+03
3.0 8.504730e+03 8.546714e+03 8.589340e+03 8.547357e+03
4.0 8.576206e+03 8.577876e+03 8.597905e+03 8.596235e+03
5.0 8.442408e+03 8.598073e+03 8.602504e+03 8.446839e+03
6.0 8.395415e+03 8.624878e+03 8.604673e+03 8.375210e+03
7.0 8.806009e+03 8.611193e+03 8.605392e+03 8.800208e+03
8.0 8.608400e+03 8.652091e+03 8.605237e+03 8.561547e+03
9.0 8.739146e+03 8.601591e+03 8.604749e+03 8.742304e+03
10.0 8.625259e+03 8.588180e+03 8.604291e+03 8.641369e+03
11.0 8.505562e+03 8.642276e+03 8.603988e+03 8.467274e+03
12.0 8.673594e+03 8.654742e+03 8.603825e+03 8.622677e+03
13.0 8.601973e+03 8.631393e+03 8.603745e+03 8.574325e+03
14.0 8.605180e+03 8.648661e+03 8.603704e+03 8.560223e+03
15.0 8.667123e+03 8.592173e+03 8.603679e+03 8.678629e+03
16.0 8.483934e+03 8.533327e+03 8.603656e+03 8.554263e+03
17.0 8.493775e+03 8.541561e+03 8.603633e+03 8.555847e+03
18.0 8.888502e+03 8.596721e+03 8.603609e+03 8.895390e+03
0.3 8.862827e+03 8.700321e+03 8.606122e+03 8.768628e+03
1.3 8.574737e+03 8.695782e+03 8.613283e+03 8.492238e+03
2.3 8.752863e+03 8.666528e+03 8.606254e+03 8.692589e+03
3.3 8.609384e+03 8.630098e+03 8.589401e+03 8.568687e+03
4.3 8.387702e+03 8.595862e+03 8.587968e+03 8.379807e+03
5.3 8.662769e+03 8.557319e+03 8.592576e+03 8.698025e+03
6.3 8.454650e+03 8.539630e+03 8.596367e+03 8.511387e+03
7.3 8.325819e+03 8.515862e+03 8.603719e+03 8.413676e+03
8.3 8.495510e+03 8.546796e+03 8.611452e+03 8.560166e+03
9.3 8.361916e+03 8.571729e+03 8.614557e+03 8.404744e+03
10.3 8.558152e+03 8.597603e+03 8.611860e+03 8.572409e+03
11.3 8.599219e+03 8.605241e+03 8.607527e+03 8.601505e+03
12.3 8.623065e+03 8.636247e+03 8.604452e+03 8.591270e+03
13.3 8.768069e+03 8.582851e+03 8.602842e+03 8.788060e+03
14.3 8.673414e+03 8.622270e+03 8.602223e+03 8.653366e+03
15.3 8.781225e+03 8.602265e+03 8.602161e+03 8.781120e+03
16.3 8.661435e+03 8.582035e+03 8.602336e+03 8.681735e+03
17.3 8.673739e+03 8.626709e+03 8.602553e+03 8.649582e+03
0.0 8.574737e+03 8.695782e+03 8.613283e+03 8.492238e+03
1.0 8.752863e+03 8.666528e+03 8.606254e+03 8.692589e+03
2.0 8.609384e+03 8.630098e+03 8.589401e+03 8.568687e+03
3.0 8.387702e+03 8.595862e+03 8.587968e+03 8.379807e+03
4.0 8.662769e+03 8.557319e+03 8.592576e+03 8.698025e+03
5.0 8.454650e+03 8.539630e+03 8.596367e+03 8.511387e+03
6.0 8.325819e+03 8.515862e+03 8.603719e+03 8.413676e+03
7.0 8.495510e+03 8.546796e+03 8.611452e+03 8.560166e+03
8.0 8.361916e+03 8.571729e+03 8.614557e+03 8.404744e+03
9.0 8.558152e+03 8.597603e+03 8.611860e+03 8.572409e+03
10.0 8.599219e+03 8.605241e+03 8.607527e+03 8.601505e+03
11.0 8.623065e+03 8.636247e+03 8.604452e+03 8.591270e+03
12.0 8.768069e+03 8.582851e+03 8.602842e+03 8.788060e+03
13.0 8.673414e+03 8.622270e+03 8.602223e+03 8.653366e+03
14.0 8.781225e+03 8.602265e+03 8.602161e+03 8.781120e+03
15.0 8.661435e+03 8.582035e+03 8.602336e+03 8.681735e+03
16.0 8.673739e+03 8.626709e+03 8.602553e+03 8.649582e+03
17.0 8.588373e+03 8.618347e+03 8.602719e+03 8.572745e+03
0.2 8.752863e+03 8.666528e+03 8.606254e+03 8.692589e+03
1.2 8.609384e+03 8.630098e+03 8.589401e+03 8.568687e+03
2.2 8.387702e+03 8.595862e+03 8.587968e+03 8.379807e+03
3.2 8.662769e+03 8.557319e+03 8.592576e+03 8.698025e+03
4.2 8.454650e+03 8.539630e+03 8.596367e+03 8.511387e+03
5.2 8.325819e+03 8.515862e+03 8.603719e+03 8.413676e+03
6.2 8.495510e+03 8.546796e+03 8.611452e+03 8.560166e+03
7.2 8.361916e+03 8.571729e+03 8.614557e+03 8.404744e+03
8.2 8.558152e+03 8.597603e+03 8.611860e+03 8.572409e+03
9.2 8.599219e+03 8.605241e+03 8.607527e+03 8.601505e+03
10.2 8.623065e+03 8.636247e+03 8.604452e+03 8.591270e+03
11.2 8.768069e+03 8.582851e+03 8.602842e+03 8.788060e+03
12.2 8.673414e+03 8.622270e+03 8.602223e+03 8.653366e+03
13.2 8.781225e+03 8.602265e+03 8.602161e+03 8.781120e+03
14.2 8.661435e+03 8.582035e+03 8.602336e+03 8.681735e+03
15.2 8.673739e+03 8.626709e+03 8.602553e+03 8.649582e+03
16.2 8.588373e+03 8.618347e+03 8.602719e+03 8.572745e+03
17.2 8.592779e+03 8.641136e+03 8.602817e+03 8.554460e+03
0.8 8.387702e+03 8.595862e+03 8.587968e+03 8.379807e+03
1.8 8.662769e+03 8.557319e+03 8.592576e+03 8.698025e+03
2.8 8.454650e+03 8.539630e+03 8.596367e+03 8.511387e+03
3.8 8.325819e+03 8.515862e+03 8.603719e+03 8.413676e+03
4.8 8.495510e+03 8.546796e+03 8.611452e+03 8.560166e+03
5.8 8.361916e+03 8.571729e+03 8.614557e+03 8.404744e+03
6.8 8.558152e+03 8.597603e+03 8.611860e+03 8.572409e+03
7.8 8.599219e+03 8.605241e+03 8.607527e+03 8.601505e+03
8.8 8.623065e+03 8.636247e+03 8.604452e+03 8.591270e+03
9.8 8.768069e+03 8.582851e+03 8.602842e+03 8.788060e+03
10.8 8.673414e+03 8.622270e+03 8.602223e+03 8.653366e+03
11.8 8.781225e+03 8.602265e+03 8.602161e+03 8.781120e+03
12.8 8.661435e+03 8.582035e+03 8.602336e+03 8.681735e+03
13.8 8.673739e+03 8.626709e+03 8.602553e+03 8.649582e+03
14.8 8.588373e+03 8.618347e+03 8.602719e+03 8.572745e+03
15.8 8.592779e+03 8.641136e+03 8.602817e+03 8.554460e+03
16.8 8.541586e+03 8.569667e+03 8.602866e+03 8.574784e+03
17.8 8.579962e+03 8.520387e+03 8.602887e+03 8.662463e+03
0.7 8.662769e+03 8.557319e+03 8.592576e+03 8.698025e+03
1.7 8.454650e+03 8.539630e+03 8.596367e+03 8.511387e+03
2.7 8.325819e+03 8.515862e+03 8.603719e+03 8.413676e+03
3.7 8.495510e+03 8.546796e+03 8.611452e+03 8.560166e+03
4.7 8.361916e+03 8.571729e+03 8.614557e+03 8.404744e+03
5.7 8.558152e+03 8.597603e+03 8.611860e+03 8.572409e+03
6.7 8.599219e+03 8.605241e+03 8.607527e+03 8.601505e+03
7.7 8.623065e+03 8.636247e+03 8.604452e+03 8.591270e+03
8.7 8.768069e+03 8.582851e+03 8.602842e+03 8.788060e+03
9.7 8.673414e+03 8.622270e+03 8.602223e+03 8.653366e+03
10.7 8.781225e+03 8.602265e+03 8.602161e+03 8.781120e+03
11.7 8.661435e+03 8.582035e+03 8.602336e+03 8.681735e+03
12.7 8.673739e+03 8.626709e+03 8.602553e+03 8.649582e+03
13.6 8.588373e+03 8.618347e+03 8.602719e+03 8.572745e+03
14.6 8.592779e+03 8.641136e+03 8.602817e+03 8.554460e+03
15.6 8.541586e+03 8.569667e+03 8.602866e+03 8.574784e+03
16.6 8.579962e+03 8.520387e+03 8.602887e+03 8.662463e+03
17.6 8.601011e+03 8.535327e+03 8.602897e+03 8.668581e+03
0.4 8.454650e+03 8.539630e+03 8.596367e+03 8.511387e+03
1.4 8.325819e+03 8.515862e+03 8.603719e+03 8.413676e+03
2.4 8.495510e+03 8.546796e+03 8.611452e+03 8.560166e+03
3.4 8.361916e+03 8.571729e+03 8.614557e+03 8.404744e+03
4.4 8.558152e+03 8.597603e+03 8.611860e+03 8.572409e+03
5.4 8.599219e+03 8.605241e+03 8.607527e+03 8.601505e+03
6.4 8.623065e+03 8.636247e+03 8.604452e+03 8.591270e+03
7.4 8.768069e+03 8.582851e+03 8.602842e+03 8.788060e+03
8.4 8.673414e+03 8.622270e+03 8.602223e+03 8.653366e+03
9.4 8.781225e+03 8.602265e+03 8.602161e+03 8.781120e+03
10.4 8.661435e+03 8.582035e+03 8.602336e+03 8.681735e+03
11.4 8.673739e+03 8.626709e+03 8.602553e+03 8.649582e+03
12.4 8.588373e+03 8.618347e+03 8.602719e+03 8.572745e+03
13.4 8.592779e+03 8.641136e+03 8.602817e+03 8.554460e+03
14.4 8.541586e+03 8.569667e+03 8.602866e+03 8.574784e+03
15.4 8.579962e+03 8.520387e+03 8.602887e+03 8.662463e+03
16.4 8.601011e+03 8.535327e+03 8.602897e+03 8.668581e+03
17.4 8.620108e+03 8.587619e+03 8.602903e+03 8.635392e+03
0.9 8.719455e+03 8.658566e+03 8.616248e+03 8.677137e+03
1.9 8.600137e+03 8.670780e+03 8.628378e+03 8.557735e+03
2.9 8.543856e+03 8.628078e+03 8.608170e+03 8.523949e+03
3.9 8.537639e+03 8.653690e+03 8.583471e+03 8.467421e+03
4.9 8.676583e+03 8.587677e+03 8.583092e+03 8.671998e+03
5.9 8.632650e+03 8.561466e+03 8.590934e+03 8.662118e+03
6.9 8.573062e+03 8.558081e+03 8.597415e+03 8.612396e+03
7.9 8.437036e+03 8.549463e+03 8.601929e+03 8.489502e+03
8.9 8.504570e+03 8.531736e+03 8.609729e+03 8.582563e+03
9.9 8.534116e+03 8.546238e+03 8.613158e+03 8.601036e+03
10.9 8.567760e+03 8.557962e+03 8.607120e+03 8.616918e+03
11.9 8.509306e+03 8.574690e+03 8.602806e+03 8.537422e+03
12.9 8.498681e+03 8.592616e+03 8.602439e+03 8.508503e+03
13.9 8.526157e+03 8.603585e+03 8.606378e+03 8.528950e+03
14.9 8.738721e+03 8.608832e+03 8.604851e+03 8.734740e+03
15.9 8.475462e+03 8.592979e+03 8.593896e+03 8.476378e+03
16.9 8.693250e+03 8.551139e+03 8.589639e+03 8.731750e+03
17.9 8.618078e+03 8.558726e+03 8.598868e+03 8.658220e+03
0.3 8.600137e+03 8.670780e+03 8.628378e+03 8.557735e+03
1.3 8.543856e+03 8.628078e+03 8.608170e+03 8.523949e+03
2.3 8.537639e+03 8.653690e+03 8.583471e+03 8.467421e+03
3.3 8.676583e+03 8.587677e+03 8.583092e+03 8.671998e+03
4.3 8.632650e+03 8.561466e+03 8.590934e+03 8.662118e+03
5.3 8.573062e+03 8.558081e+03 8.597415e+03 8.612396e+03
6.3 8.437036e+03 8.549463e+03 8.601929e+03 8.489502e+03
7.3 8.504570e+03 8.531736e+03 8.609729e+03 8.582563e+03
8.3 8.534116e+03 8.546238e+03 8.613158e+03 8.601036e+03
9.3 8.567760e+03 8.557962e+03 8.607120e+03 8.616918e+03
10.3 8.509306e+03 8.574690e+03 8.602806e+03 8.537422e+03
11.3 8.498681e+03 8.592616e+03 8.602439e+03 8.508503e+03
12.3 8.526157e+03 8.603585e+03 8.606378e+03 8.528950e+03
13.3 8.738721e+03 8.608832e+03 8.604851e+03 8.734740e+03
14.3 8.475462e+03 8.592979e+03 8.593896e+03 8.476378e+03
15.3 8.693250e+03 8.551139e+03 8.589639e+03 8.731750e+03
16.3 8.618078e+03 8.558726e+03 8.598868e+03 8.658220e+03
17.3 8.640861e+03 8.585222e+03 8.609302e+03 8.664941e+03
0.8 8.537639e+03 8.653690e+03 8.583471e+03 8.467421e+03
1.8 8.676583e+03 8.587677e+03 8.583092e+03 8.671998e+03
2.8 8.632650e+03 8.561466e+03 8.590934e+03 8.662118e+03
3.8 8.573062e+03 8.558081e+03 8.597415e+03 8.612396e+03
4.8 8.437036e+03 8.549463e+03 8.601929e+03 8.489502e+03
5.8 8.504570e+03 8.531736e+03 8.609729e+03 8.582563e+03
6.8 8.534116e+03 8.546238e+03 8.613158e+03 8.601036e+03
7.8 8.567760e+03 8.557962e+03 8.607120e+03 8.616918e+03
8.8 8.509306e+03 8.574690e+03 8.602806e+03 8.537422e+03
9.8 8.498681e+03 8.592616e+03 8.602439e+03 8.508503e+03
10.8 8.526157e+03 8.603585e+03 8.606378e+03 8.528950e+03
11.8 8.738721e+03 8.608832e+03 8.604851e+03 8.734740e+03
12.8 8.475462e+03 8.592979e+03 8.593896e+03 8.476378e+03
13.8 8.693250e+03 8.551139e+03 8.589639e+03 8.731750e+03
14.8 8.618078e+03 8.558726e+03 8.598868e+03 8.658220e+03
15.8 8.640861e+03 8.585222e+03 8.609302e+03 8.664941e+03
16.8 8.553336e+03 8.591353e+03 8.611070e+03 8.573053e+03
17.8 8.593177e+03 8.600548e+03 8.608372e+03 8.601001e+03
0.3 8.676583e+03 8.587677e+03 8.583092e+03 8.671998e+03
1.3 8.632650e+03 8.561466e+03 8.590934e+03 8.662118e+03
2.3 8.573062e+03 8.558081e+03 8.597415e+03 8.612396e+03
3.3 8.437036e+03 8.549463e+03 8.601929e+03 8.489502e+03
4.3 8.504570e+03 8.531736e+03 8.609729e+03 8.582563e+03
5.3 8.534116e+03 8.546238e+03 8.613158e+03 8.601036e+03
6.3 8.567760e+03 8.557962e+03 8.607120e+03 8.616918e+03
7.3 8.509306e+03 8.574690e+03 8.602806e+03 8.537422e+03
8.3 8.498681e+03 8.592616e+03 8.602439e+03 8.508503e+03
9.3 8.526157e+03 8.603585e+03 8.606378e+03 8.528950e+03
10.3 8.738721e+03 8.608832e+03 8.604851e+03 8.734740e+03
11.3 8.475462e+03 8.592979e+03 8.593896e+03 8.476378e+03
12.3 8.693250e+03 8.551139e+03 8.589639e+03 8.731750e+03
13.3 8.618078e+03 8.558726e+03 8.598868e+03 8.658220e+03
14.3 8.640861e+03 8.585222e+03 8.609302e+03 8.664941e+03
15.3 8.553336e+03 8.591353e+03 8.611070e+03 8.573053e+03
16.3 8.593177e+03 8.600548e+03 8.608372e+03 8.601001e+03
17.3 8.716216e+03 8.594269e+03 8.605759e+03 8.727705e+03
0.6 8.573062e+03 8.558081e+03 8.597415e+03 8.612396e+03
1.6 8.437036e+03 8.549463e+03 8.601929e+03 8.489502e+03
2.6 8.504570e+03 8.531736e+03 8.609729e+03 8.582563e+03
3.6 8.534116e+03 8.546238e+03 8.613158e+03 8.601036e+03
4.6 8.567760e+03 8.557962e+03 8.607120e+03 8.616918e+03
5.6 8.509306e+03 8.574690e+03 8.602806e+03 8.537422e+03
6.6 8.498681e+03 8.592616e+03 8.602439e+03 8.508503e+03
7.6 8.526157e+03 8.603585e+03 8.606378e+03 8.528950e+03
8.6 8.738721e+03 8.608832e+03 8.604851e+03 8.734740e+03
9.6 8.475462e+03 8.592979e+03 8.593896e+03 8.476378e+03
10.6 8.693250e+03 8.551139e+03 8.589639e+03 8.731750e+03
11.6 8.618078e+03 8.558726e+03 8.598868e+03 8.658220e+03
12.6 8.640861e+03 8.585222e+03 8.609302e+03 8.664941e+03
13.6 8.553336e+03 8.591353e+03 8.611070e+03 8.573053e+03
14.6 8.593177e+03 8.600548e+03 8.608372e+03 8.601001e+03
15.6 8.716216e+03 8.594269e+03 8.605759e+03 8.727705e+03
16.6 8.490636e+03 8.637752e+03 8.604062e+03 8.456946e+03
17.6 8.793619e+03 8.605428e+03 8.603110e+03 8.791302e+03
0.1 8.437036e+03 8.549463e+03 8.601929e+03 8.489502e+03
1.1 8.504570e+03 8.531736e+03 8.609729e+03 8.582563e+03
2.1 8.534116e+03 8.546238e+03 8.613158e+03 8.601036e+03
3.1 8.567760e+03 8.557962e+03 8.607120e+03 8.616918e+03
4.1 8.509306e+03 8.574690e+03 8.602806e+03 8.537422e+03
5.1 8.498681e+03 8.592616e+03 8.602439e+03 8.508503e+03
6.1 8.526157e+03 8.603585e+03 8.606378e+03 8.528950e+03
7.1 8.738721e+03 8.608832e+03 8.604851e+03 8.734740e+03
8.1 8.475462e+03 8.592979e+03 8.593896e+03 8.476378e+03
9.1 8.693250e+03 8.551139e+03 8.589639e+03 8.731750e+03
10.1 8.618078e+03 8.558726e+03 8.598868e+03 8.658220e+03
11.1 8.640861e+03 8.585222e+03 8.609302e+03 8.664941e+03
12.1 8.553336e+03 8.591353e+03 8.611070e+03 8.573053e+03
13.1 8.593177e+03 8.600548e+03 8.608372e+03 8.601001e+03
14.1 8.716216e+03 8.594269e+03 8.605759e+03 8.727705e+03
15.1 8.490636e+03 8.637752e+03 8.604062e+03 8.456946e+03
16.1 8.793619e+03 8.605428e+03 8.603110e+03 8.791302e+03
17.1 8.635385e+03 8.564763e+03 8.602720e+03 8.673342e+03
0.9 8.526157e+03 8.603585e+03 8.606378e+03 8.528950e+03
1.9 8.738721e+03 8.608832e+03 8.604851e+03 8.734740e+03
2.9 8.475462e+03 8.592979e+03 8.593896e+03 8.476378e+03
3.9 8.693250e+03 8.551139e+03 8.589639e+03 8.731750e+03
4.9 8.618078e+03 8.558726e+03 8.598868e+03 8.658220e+03
5.9 8.640861e+03 8.585222e+03 8.609302e+03 8.664941e+03
6.9 8.553336e+03 8.591353e+03 8.611070e+03 8.573053e+03
7.9 8.593177e+03 8.600548e+03 8.608372e+03 8.601001e+03
8.9 8.716216e+03 8.594269e+03 8.605759e+03 8.727705e+03
9.9 8.490636e+03 8.637752e+03 8.604062e+03 8.456946e+03
10.9 8.793619e+03 8.605428e+03 8.603110e+03 8.791302e+03
11.9 8.635385e+03 8.564763e+03 8.602720e+03 8.673342e+03
12.9 8.559204e+03 8.627194e+03 8.602681e+03 8.534692e+03
13.9 8.621678e+03 8.623431e+03 8.602793e+03 8.601040e+03
14.9 8.447312e+03 8.632985e+03 8.602925e+03 8.417251e+03
15.9 8.715025e+03 8.668384e+03 8.603019e+03 8.649661e+03
16.9 8.655232e+03 8.650341e+03 8.603070e+03 8.607961e+03
17.9 8.599054e+03 8.639317e+03 8.603092e+03 8.562828e+03
0.6 8.738721e+03 8.608832e+03 8.604851e+03 8.734740e+03
1.6 8.475462e+03 8.592979e+03 8.593896e+03 8.476378e+03
2.6 8.693250e+03 8.551139e+03 8.589639e+03 8.731750e+03
3.6 8.618078e+03 8.558726e+03 8.598868e+03 8.658220e+03
4.6 8.640861e+03 8.585222e+03 8.609302e+03 8.664941e+03
5.6 8.553336e+03 8.591353e+03 8.611070e+03 8.573053e+03
6.6 8.593177e+03 8.600548e+03 8.608372e+03 8.601001e+03
7.6 8.716216e+03 8.594269e+03 8.605759e+03 8.727705e+03
8.6 8.490636e+03 8.637752e+03 8.604062e+03 8.456946e+03
9.6 8.793619e+03 8.605428e+03 8.603110e+03 8.791302e+03
10.6 8.635385e+03 8.564763e+03 8.602720e+03 8.673342e+03
11.6 8.559204e+03 8.627194e+03 8.602681e+03 8.534692e+03
12.6 8.621678e+03 8.623431e+03 8.602793e+03 8.601040e+03
13.6 8.447312e+03 8.632985e+03 8.602925e+03 8.417251e+03
14.6 8.715025e+03 8.668384e+03 8.603019e+03 8.649661e+03
15.6 8.655232e+03 8.650341e+03 8.603070e+03 8.607961e+03
16.6 8.599054e+03 8.639317e+03 8.603092e+03 8.562828e+03
17.6 8.555486e+03 8.608140e+03 8.603098e+03 8.550445e+03
0.4 8.475462e+03 8.592979e+03 8.593896e+03 8.476378e+03
1.4 8.693250e+03 8.551139e+03 8.589639e+03 8.731750e+03
2.4 8.618078e+03 8.558726e+03 8.598868e+03 8.658220e+03
3.4 8.640861e+03 8.585222e+03 8.609302e+03 8.664941e+03
4.4 8.553336e+03 8.591353e+03 8.611070e+03 8.573053e+03
5.4 8.593177e+03 8.600548e+03 8.608372e+03 8.601001e+03
6.4 8.716216e+03 8.594269e+03 8.605759e+03 8.727705e+03
7.4 8.490636e+03 8.637752e+03 8.604062e+03 8.456946e+03
8.4 8.793619e+03 8.605428e+03 8.603110e+03 8.791302e+03
9.4 8.635385e+03 8.564763e+03 8.602720e+03 8.673342e+03
10.4 8.559204e+03 8.627194e+03 8.602681e+03 8.534692e+03
11.4 8.621678e+03 8.623431e+03 8.602793e+03 8.601040e+03
12.4 8.447312e+03 8.632985e+03 8.602925e+03 8.417251e+03
13.4 8.715025e+03 8.668384e+03 8.603019e+03 8.649661e+03
14.4 8.655232e+03 8.650341e+03 8.603070e+03 8.607961e+03
15.4 8.599054e+03 8.639317e+03 8.603092e+03 8.562828e+03
16.4 8.555486e+03 8.608140e+03 8.603098e+03 8.550445e+03
17.4 8.569090e+03 8.547404e+03 8.603098e+03 8.624785e+03
0.7 8.595623e+03 8.582139e+03 8.610653e+03 8.624137e+03
1.7 8.618043e+03 8.584888e+03 8.620374e+03 8.653529e+03
2.7 8.718049e+03 8.603658e+03 8.605393e+03 8.719784e+03
3.7 8.423812e+03 8.588494e+03 8.580658e+03 8.415976e+03
4.7 8.601160e+03 8.563399e+03 8.579411e+03 8.617172e+03
5.7 8.616820e+03 8.588802e+03 8.594673e+03 8.622691e+03
6.7 8.531239e+03 8.568991e+03 8.607468e+03 8.569716e+03
7.7 8.582001e+03 8.556820e+03 8.610962e+03 8.636143e+03
8.7 8.657243e+03 8.575752e+03 8.613722e+03 8.695214e+03
9.7 8.537664e+03 8.563966e+03 8.621572e+03 8.595269e+03
10.7 8.590436e+03 8.565110e+03 8.614834e+03 8.640160e+03
11.7 8.555568e+03 8.537076e+03 8.595922e+03 8.614415e+03
12.7 8.609430e+03 8.530830e+03 8.592003e+03 8.670602e+03
13.7 8.748333e+03 8.529245e+03 8.597081e+03 8.816169e+03
14.7 8.599187e+03 8.551122e+03 8.600449e+03 8.648514e+03
15.7 8.538613e+03 8.612905e+03 8.602792e+03 8.528501e+03
16.7 8.501697e+03 8.620764e+03 8.603835e+03 8.484768e+03
17.7 8.735819e+03 8.599469e+03 8.604013e+03 8.740364e+03
0.3 8.618043e+03 8.584888e+03 8.620374e+03 8.653529e+03
1.3 8.718049e+03 8.603658e+03 8.605393e+03 8.719784e+03
2.3 8.423812e+03 8.588494e+03 8.580658e+03 8.415976e+03
3.3 8.601160e+03 8.563399e+03 8.579411e+03 8.617172e+03
4.3 8.616820e+03 8.588802e+03 8.594673e+03 8.622691e+03
5.3 8.531239e+03 8.568991e+03 8.607468e+03 8.569716e+03
6.3 8.582001e+03 8.556820e+03 8.610962e+03 8.636143e+03
7.3 8.657243e+03 8.575752e+03 8.613722e+03 8.695214e+03
8.3 8.537664e+03 8.563966e+03 8.621572e+03 8.595269e+03
9.3 8.590436e+03 8.565110e+03 8.614834e+03 8.640160e+03
10.3 8.555568e+03 8.537076e+03 8.595922e+03 8.614415e+03
11.3 8.609430e+03 8.530830e+03 8.592003e+03 8.670602e+03
12.3 8.748333e+03 8.529245e+03 8.597081e+03 8.816169e+03
13.3 8.599187e+03 8.551122e+03 8.600449e+03 8.648514e+03
14.3 8.538613e+03 8.612905e+03 8.602792e+03 8.528501e+03
15.3 8.501697e+03 8.620764e+03 8.603835e+03 8.484768e+03
16.3 8.735819e+03 8.599469e+03 8.604013e+03 8.740364e+03
17.3 8.456090e+03 8.636851e+03 8.603826e+03 8.423065e+03
0.4 8.718049e+03 8.603658e+03 8.605393e+03 8.719784e+03
1.4 8.423812e+03 8.588494e+03 8.580658e+03 8.415976e+03
2.4 8.601160e+03 8.563399e+03 8.579411e+03 8.617172e+03
3.4 8.616820e+03 8.588802e+03 8.594673e+03 8.622691e+03
4.4 8.531239e+03 8.568991e+03 8.607468e+03 8.569716e+03
5.4 8.582001e+03 8.556820e+03 8.610962e+03 8.636143e+03
6.4 8.657243e+03 8.575752e+03 8.613722e+03 8.695214e+03
7.4 8.537664e+03 8.563966e+03 8.621572e+03 8.595269e+03
8.4 8.590436e+03 8.565110e+03 8.614834e+03 8.640160e+03
9.4 8.555568e+03 8.537076e+03 8.595922e+03 8.614415e+03
10.4 8.609430e+03 8.530830e+03 8.592003e+03 8.670602e+03
11.4 8.748333e+03 8.529245e+03 8.597081e+03 8.816169e+03
12.4 8.599187e+03 8.551122e+03 8.600449e+03 8.648514e+03
13.4 8.538613e+03 8.612905e+03 8.602792e+03 8.528501e+03
14.4 8.501697e+03 8.620764e+03 8.603835e+03 8.484768e+03
15.4 8.735819e+03 8.599469e+03 8.604013e+03 8.740364e+03
16.4 8.456090e+03 8.636851e+03 8.603826e+03 8.423065e+03
17.4 8.587968e+03 8.625097e+03 8.603558e+03 8.566428e+03
0.3 8.423812e+03 8.588494e+03 8.580658e+03 8.415976e+03
1.3 8.601160e+03 8.563399e+03 8.579411e+03 8.617172e+03
2.3 8.616820e+03 8.588802e+03 8.594673e+03 8.622691e+03
3.3 8.531239e+03 8.568991e+03 8.607468e+03 8.569716e+03
4.3 8.582001e+03 8.556820e+03 8.610962e+03 8.636143e+03
5.3 8.657243e+03 8.575752e+03 8.613722e+03 8.695214e+03
6.3 8.537664e+03 8.563966e+03 8.621572e+03 8.595269e+03
7.3 8.590436e+03 8.565110e+03 8.614834e+03 8.640160e+03
8.3 8.555568e+03 8.537076e+03 8.595922e+03 8.614415e+03
9.3 8.609430e+03 8.530830e+03 8.592003e+03 8.670602e+03
10.3 8.748333e+03 8.529245e+03 8.597081e+03 8.816169e+03
11.3 8.599187e+03 8.551122e+03 8.600449e+03 8.648514e+03
12.3 8.538613e+03 8.612905e+03 8.602792e+03 8.528501e+03
13.3 8.501697e+03 8.620764e+03 8.603835e+03 8.484768e+03
14.3 8.735819e+03 8.599469e+03 8.604013e+03 8.740364e+03
15.3 8.456090e+03 8.636851e+03 8.603826e+03 8.423065e+03
16.3 8.587968e+03 8.625097e+03 8.603558e+03 8.566428e+03
17.3 8.701272e+03 8.623115e+03 8.603346e+03 8.681504e+03
0.9 8.616820e+03 8.588802e+03 8.594673e+03 8.622691e+03
1.9 8.531239e+03 8.568991e+03 8.607468e+03 8.569716e+03
2.9 8.582001e+03 8.556820e+03 8.610962e+03 8.636143e+03
3.9 8.657243e+03 8.575752e+03 8.613722e+03 8.695214e+03
4.9 8.537664e+03 8.563966e+03 8.621572e+03 8.595269e+03
5.9 8.590436e+03 8.565110e+03 8.614834e+03 8.640160e+03
6.9 8.555568e+03 8.537076e+03 8.595922e+03 8.614415e+03
7.9 8.609430e+03 8.530830e+03 8.592003e+03 8.670602e+03
8.9 8.748333e+03 8.529245e+03 8.597081e+03 8.816169e+03
9.9 8.599187e+03 8.551122e+03 8.600449e+03 8.648514e+03
10.9 8.538613e+03 8.612905e+03 8.602792e+03 8.528501e+03
11.9 8.501697e+03 8.620764e+03 8.603835e+03 8.484768e+03
12.9 8.735819e+03 8.599469e+03 8.604013e+03 8.740364e+03
13.9 8.456090e+03 8.636851e+03 8.603826e+03 8.423065e+03
14.9 8.587968e+03 8.625097e+03 8.603558e+03 8.566428e+03
15.9 8.701272e+03 8.623115e+03 8.603346e+03 8.681504e+03
16.9 8.667481e+03 8.651494e+03 8.603225e+03 8.619212e+03
17.9 8.544632e+03 8.640701e+03 8.603173e+03 8.507104e+03
0.1 8.531239e+03 8.568991e+03 8.607468e+03 8.569716e+03
1.1 8.582001e+03 8.556820e+03 8.610962e+03 8.636143e+03
2.1 8.657243e+03 8.575752e+03 8.613722e+03 8.695214e+03
3.1 8.537664e+03 8.563966e+03 8.621572e+03 8.595269e+03
4.1 8.590436e+03 8.565110e+03 8.614834e+03 8.640160e+03
5.1 8.555568e+03 8.537076e+03 8.595922e+03 8.614415e+03
6.1 8.609430e+03 8.530830e+03 8.592003e+03 8.670602e+03
7.1 8.748333e+03 8.529245e+03 8.597081e+03 8.816169e+03
8.1 8.599187e+03 8.551122e+03 8.600449e+03 8.648514e+03
9.1 8.538613e+03 8.612905e+03 8.602792e+03 8.528501e+03
10.1 8.501697e+03 8.620764e+03 8.603835e+03 8.484768e+03
11.1 8.735819e+03 8.599469e+03 8.604013e+03 8.740364e+03
12.1 8.456090e+03 8.636851e+03 8.603826e+03 8.423065e+03
13.1 8.587968e+03 8.625097e+03 8.603558e+03 8.566428e+03
14.1 8.701272e+03 8.623115e+03 8.603346e+03 8.681504e+03
15.1 8.667481e+03 8.651494e+03 8.603225e+03 8.619212e+03
16.1 8.544632e+03 8.640701e+03 8.603173e+03 8.507104e+03
17.1 8.667174e+03 8.632627e+03 8.603159e+03 8.637706e+03
0.4 8.657243e+03 8.575752e+03 8.613722e+03 8.695214e+03
1.4 8.537664e+03 8.563966e+03 8.621572e+03 8.595269e+03
2.4 8.590436e+03 8.565110e+03 8.614834e+03 8.640160e+03
3.4 8.555568e+03 8.537076e+03 8.595922e+03 8.614415e+03
4.4 8.609430e+03 8.530830e+03 8.592003e+03 8.670602e+03
5.4 8.748333e+03 8.529245e+03 8.597081e+03 8.816169e+03
6.4 8.599187e+03 8.551122e+03 8.600449e+03 8.648514e+03
7.4 8.538613e+03 8.612905e+03 8.602792e+03 8.528501e+03
8.4 8.501697e+03 8.620764e+03 8.603835e+03 8.484768e+03
9.4 8.735819e+03 8.599469e+03 8.604013e+03 8.740364e+03
10.4 8.456090e+03 8.636851e+03 8.603826e+03 8.423065e+03
11.4 8.587968e+03 8.625097e+03 8.603558e+03 8.566428e+03
12.4 8.701272e+03 8.623115e+03 8.603346e+03 8.681504e+03
13.4 8.667481e+03 8.651494e+03 8.603225e+03 8.619212e+03
14.4 8.544632e+03 8.640701e+03 8.603173e+03 8.507104e+03
15.4 8.667174e+03 8.632627e+03 8.603159e+03 8.637706e+03
16.4 8.562799e+03 8.613124e+03 8.603158e+03 8.552832e+03
17.4 8.575666e+03 8.616151e+03 8.603157e+03 8.562672e+03
0.7 8.590436e+03 8.565110e+03 8.614834e+03 8.640160e+03
1.7 8.555568e+03 8.537076e+03 8.595922e+03 8.614415e+03
2.7 8.609430e+03 8.530830e+03 8.592003e+03 8.670602e+03
3.7 8.748333e+03 8.529245e+03 8.597081e+03 8.816169e+03
4.7 8.599187e+03 8.551122e+03 8.600449e+03 8.648514e+03
5.7 8.538613e+03 8.612905e+03 8.602792e+03 8.528501e+03
6.7 8.501697e+03 8.620764e+03 8.603835e+03 8.484768e+03
7.7 8.735819e+03 8.599469e+03 8.604013e+03 8.740364e+03
8.7 8.456090e+03 8.636851e+03 8.603826e+03 8.423065e+03
9.7 8.587968e+03 8.625097e+03 8.603558e+03 8.566428e+03
10.7 8.701272e+03 8.623115e+03 8.603346e+03 8.681504e+03
11.7 8.667481e+03 8.651494e+03 8.603225e+03 8.619212e+03
12.7 8.544632e+03 8.640701e+03 8.603173e+03 8.507104e+03
13.7 8.667174e+03 8.632627e+03 8.603159e+03 8.637706e+03
14.7 8.562799e+03 8.613124e+03 8.603158e+03 8.552832e+03
15.7 8.575666e+03 8.616151e+03 8.603157e+03 8.562672e+03
16.7 8.850077e+03 8.636418e+03 8.603155e+03 8.816815e+03
17.7 8.561257e+03 8.633824e+03 8.603155e+03 8.530588e+03
1.0 8.609430e+03 8.530830e+03 8.592003e+03 8.670602e+03
2.0 8.748333e+03 8.529245e+03 8.597081e+03 8.816169e+03
3.0 8.599187e+03 8.551122e+03 8.600449e+03 8.648514e+03
4.0 8.538613e+03 8.612905e+03 8.602792e+03 8.528501e+03
5.0 8.501697e+03 8.620764e+03 8.603835e+03 8.484768e+03
6.0 8.735819e+03 8.599469e+03 8.604013e+03 8.740364e+03
7.0 8.456090e+03 8.636851e+03 8.603826e+03 8.423065e+03
8.0 8.587968e+03 8.625097e+03 8.603558e+03 8.566428e+03
9.0 8.701272e+03 8.623115e+03 8.603346e+03 8.681504e+03
10.0 8.667481e+03 8.651494e+03 8.603225e+03 8.619212e+03
11.0 8.544632e+03 8.640701e+03 8.603173e+03 8.507104e+03
12.0 8.667174e+03 8.632627e+03 8.603159e+03 8.637706e+03
13.0 8.562799e+03 8.613124e+03 8.603158e+03 8.552832e+03
14.0 8.575666e+03 8.616151e+03 8.603157e+03 8.562672e+03
15.0 8.850077e+03 8.636418e+03 8.603155e+03 8.816815e+03
16.0 8.561257e+03 8.633824e+03 8.603155e+03 8.530588e+03
17.0 8.599233e+03 8.632888e+03 8.603153e+03 8.569499e+03
18.0 8.603362e+03 8.582620e+03 8.603145e+03 8.623887e+03
1.0 8.775359e+03 8.673971e+03 8.610466e+03 8.711855e+03
2.0 8.566329e+03 8.631997e+03 8.610101e+03 8.544433e+03
3.0 8.705101e+03 8.580008e+03 8.596670e+03 8.721762e+03
4.0 8.515266e+03 8.565458e+03 8.593459e+03 8.543266e+03
5.0 8.475692e+03 8.547544e+03 8.600374e+03 8.528522e+03
6.0 8.673623e+03 8.577972e+03 8.603787e+03 8.699438e+03
7.0 8.652537e+03 8.587120e+03 8.604191e+03 8.669608e+03
8.0 8.515872e+03 8.603784e+03 8.604009e+03 8.516097e+03
9.0 8.668812e+03 8.618343e+03 8.603762e+03 8.654231e+03
10.0 8.733891e+03 8.619648e+03 8.603479e+03 8.717721e+03
11.0 8.698197e+03 8.644019e+03 8.603241e+03 8.657419e+03
12.0 8.661679e+03 8.634245e+03 8.603109e+03 8.630543e+03
13.0 8.675811e+03 8.652886e+03 8.603070e+03 8.625995e+03
14.0 8.502673e+03 8.618890e+03 8.603079e+03 8.486862e+03
15.0 8.567756e+03 8.566669e+03 8.603096e+03 8.604183e+03
16.0 8.478568e+03 8.534895e+03 8.603109e+03 8.546782e+03
17.0 8.462878e+03 8.600756e+03 8.603118e+03 8.465240e+03
18.0 8.661585e+03 8.689061e+03 8.603126e+03 8.575651e+03
0.7 8.566329e+03 8.631997e+03 8.610101e+03 8.544433e+03
1.7 8.705101e+03 8.580008e+03 8.596670e+03 8.721762e+03
2.7 8.515266e+03 8.565458e+03 8.593459e+03 8.543266e+03
3.7 8.475692e+03 8.547544e+03 8.600374e+03 8.528522e+03
4.7 8.673623e+03 8.577972e+03 8.603787e+03 8.699438e+03
5.7 8.652537e+03 8.587120e+03 8.604191e+03 8.669608e+03
6.7 8.515872e+03 8.603784e+03 8.604009e+03 8.516097e+03
7.7 8.668812e+03 8.618343e+03 8.603762e+03 8.654231e+03
8.7 8.733891e+03 8.619648e+03 8.603479e+03 8.717721e+03
9.7 8.698197e+03 8.644019e+03 8.603241e+03 8.657419e+03
10.7 8.661679e+03 8.634245e+03 8.603109e+03 8.630543e+03
11.7 8.675811e+03 8.652886e+03 8.603070e+03 8.625995e+03
12.7 8.502673e+03 8.618890e+03 8.603079e+03 8.486862e+03
13.7 8.567756e+03 8.566669e+03 8.603096e+03 8.604183e+03
14.7 8.478568e+03 8.534895e+03 8.603109e+03 8.546782e+03
15.7 8.462878e+03 8.600756e+03 8.603118e+03 8.465240e+03
16.7 8.661585e+03 8.689061e+03 8.603126e+03 8.575651e+03
17.7 8.678802e+03 8.629365e+03 8.603134e+03 8.652571e+03
1.0 8.702464e+03 8.582972e+03 8.608705e+03 8.728197e+03
2.0 8.573400e+03 8.606231e+03 8.608020e+03 8.575190e+03
3.0 8.593457e+03 8.616951e+03 8.598164e+03 8.574670e+03
4.0 8.599903e+03 8.576672e+03 8.602525e+03 8.625756e+03
5.0 8.492227e+03 8.578603e+03 8.617455e+03 8.531079e+03
6.0 8.459789e+03 8.558442e+03 8.608850e+03 8.510197e+03
7.0 8.559599e+03 8.539113e+03 8.591107e+03 8.611593e+03
8.0 8.722213e+03 8.527474e+03 8.588841e+03 8.783580e+03
9.0 8.554126e+03 8.524545e+03 8.595064e+03 8.624645e+03
10.0 8.786191e+03 8.576662e+03 8.603026e+03 8.812556e+03
11.0 8.617226e+03 8.618688e+03 8.606587e+03 8.605125e+03
12.0 8.775202e+03 8.650227e+03 8.606396e+03 8.731370e+03
13.0 8.626678e+03 8.614705e+03 8.605348e+03 8.617320e+03
14.0 8.678106e+03 8.647007e+03 8.604404e+03 8.635503e+03
15.0 8.594122e+03 8.655727e+03 8.603722e+03 8.542117e+03
16.0 8.517602e+03 8.666676e+03 8.603336e+03 8.454262e+03
17.0 8.640948e+03 8.630076e+03 8.603196e+03 8.614068e+03
18.0 8.640939e+03 8.625925e+03 8.603196e+03 8.618210e+03
0.1 8.702464e+03 8.582972e+03 8.608705e+03 8.728197e+03
1.1 8.573400e+03 8.606231e+03 8.608020e+03 8.575190e+03
2.1 8.593457e+03 8.616951e+03 8.598164e+03 8.574670e+03
3.1 8.599903e+03 8.576672e+03 8.602525e+03 8.625756e+03
4.1 8.492227e+03 8.578603e+03 8.617455e+03 8.531079e+03
5.1 8.459789e+03 8.558442e+03 8.608850e+03 8.510197e+03
6.1 8.559599e+03 8.539113e+03 8.591107e+03 8.611593e+03
7.1 8.722213e+03 8.527474e+03 8.588841e+03 8.783580e+03
8.1 8.554126e+03 8.524545e+03 8.595064e+03 8.624645e+03
9.1 8.786191e+03 8.576662e+03 8.603026e+03 8.812556e+03
10.1 8.617226e+03 8.618688e+03 8.606587e+03 8.605125e+03
11.1 8.775202e+03 8.650227e+03 8.606396e+03 8.731370e+03
12.1 8.626678e+03 8.614705e+03 8.605348e+03 8.617320e+03
13.1 8.678106e+03 8.647007e+03 8.604404e+03 8.635503e+03
14.1 8.594122e+03 8.655727e+03 8.603722e+03 8.542117e+03
15.1 8.517602e+03 8.666676e+03 8.603336e+03 8.454262e+03
16.1 8.640948e+03 8.630076e+03 8.603196e+03 8.614068e+03
17.1 8.640939e+03 8.625925e+03 8.603196e+03 8.618210e+03
0.7 8.593457e+03 8.616951e+03 8.598164e+03 8.574670e+03
1.7 8.599903e+03 8.576672e+03 8.602525e+03 8.625756e+03
2.7 8.492227e+03 8.578603e+03 8.617455e+03 8.531079e+03
3.7 8.459789e+03 8.558442e+03 8.608850e+03 8.510197e+03
4.7 8.559599e+03 8.539113e+03 8.591107e+03 8.611593e+03
5.7 8.722213e+03 8.527474e+03 8.588841e+03 8.783580e+03
6.7 8.554126e+03 8.524545e+03 8.595064e+03 8.624645e+03
7.7 8.786191e+03 8.576662e+03 8.603026e+03 8.812556e+03
8.7 8.617226e+03 8.618688e+03 8.606587e+03 8.605125e+03
9.7 8.775202e+03 8.650227e+03 8.606396e+03 8.731370e+03
10.7 8.626678e+03 8.614705e+03 8.605348e+03 8.617320e+03
11.7 8.678106e+03 8.647007e+03 8.604404e+03 8.635503e+03
12.7 8.594122e+03 8.655727e+03 8.603722e+03 8.542117e+03
13.7 8.517602e+03 8.666676e+03 8.603336e+03 8.454262e+03
14.7 8.640948e+03 8.630076e+03 8.603196e+03 8.614068e+03
15.7 8.640939e+03 8.625925e+03 8.603196e+03 8.618210e+03
16.7 8.415684e+03 8.621015e+03 8.603245e+03 8.397913e+03
17.7 8.652409e+03 8.628402e+03 8.603291e+03 8.627298e+03
0.8 8.599903e+03 8.576672e+03 8.602525e+03 8.625756e+03
1.8 8.492227e+03 8.578603e+03 8.617455e+03 8.531079e+03
2.8 8.459789e+03 8.558442e+03 8.608850e+03 8.510197e+03
3.8 8.559599e+03 8.539113e+03 8.591107e+03 8.611593e+03
4.8 8.722213e+03 8.527474e+03 8.588841e+03 8.783580e+03
5.8 8.554126e+03 8.524545e+03 8.595064e+03 8.624645e+03
6.8 8.786191e+03 8.576662e+03 8.603026e+03 8.812556e+03
7.8 8.617226e+03 8.618688e+03 8.606587e+03 8.605125e+03
8.8 8.775202e+03 8.650227e+03 8.606396e+03 8.731370e+03
9.8 8.626678e+03 8.614705e+03 8.605348e+03 8.617320e+03
10.8 8.678106e+03 8.647007e+03 8.604404e+03 8.635503e+03
11.8 8.594122e+03 8.655727e+03 8.603722e+03 8.542117e+03
12.8 8.517602e+03 8.666676e+03 8.603336e+03 8.454262e+03
13.8 8.640948e+03 8.630076e+03 8.603196e+03 8.614068e+03
14.8 8.640939e+03 8.625925e+03 8.603196e+03 8.618210e+03
15.8 8.415684e+03 8.621015e+03 8.603245e+03 8.397913e+03
16.8 8.652409e+03 8.628402e+03 8.603291e+03 8.627298e+03
17.8 8.586537e+03 8.641861e+03 8.603319e+03 8.547995e+03
1.0 8.459789e+03 8.558442e+03 8.608850e+03 8.510197e+03
2.0 8.559599e+03 8.539113e+03 8.591107e+03 8.611593e+03
3.0 8.722213e+03 8.527474e+03 8.588841e+03 8.783580e+03
4.0 8.554126e+03 8.524545e+03 8.595064e+03 8.624645e+03
5.0 8.786191e+03 8.576662e+03 8.603026e+03 8.812556e+03
6.0 8.617226e+03 8.618688e+03 8.606587e+03 8.605125e+03
7.0 8.775202e+03 8.650227e+03 8.606396e+03 8.731370e+03
8.0 8.626678e+03 8.614705e+03 8.605348e+03 8.617320e+03
9.0 8.678106e+03 8.647007e+03 8.604404e+03 8.635503e+03
10.0 8.594122e+03 8.655727e+03 8.603722e+03 8.542117e+03
11.0 8.517602e+03 8.666676e+03 8.603336e+03 8.454262e+03
12.0 8.640948e+03 8.630076e+03 8.603196e+03 8.614068e+03
13.0 8.640939e+03 8.625925e+03 8.603196e+03 8.618210e+03
14.0 8.415684e+03 8.621015e+03 8.603245e+03 8.397913e+03
15.0 8.652409e+03 8.628402e+03 8.603291e+03 8.627298e+03
16.0 8.586537e+03 8.641861e+03 8.603319e+03 8.547995e+03
17.0 8.303076e+03 8.584703e+03 8.603331e+03 8.321704e+03
18.0 8.698527e+03 8.632565e+03 8.603487e+03 8.669450e+03
0.3 8.559599e+03 8.539113e+03 8.591107e+03 8.611593e+03
1.3 8.722213e+03 8.527474e+03 8.588841e+03 8.783580e+03
2.3 8.554126e+03 8.524545e+03 8.595064e+03 8.624645e+03
3.3 8.786191e+03 8.576662e+03 8.603026e+03 8.812556e+03
4.3 8.617226e+03 8.618688e+03 8.606587e+03 8.605125e+03
5.3 8.775202e+03 8.650227e+03 8.606396e+03 8.731370e+03
6.3 8.626678e+03 8.614705e+03 8.605348e+03 8.617320e+03
7.3 8.678106e+03 8.647007e+03 8.604404e+03 8.635503e+03
8.3 8.594122e+03 8.655727e+03 8.603722e+03 8.542117e+03
9.3 8.517602e+03 8.666676e+03 8.603336e+03 8.454262e+03
10.3 8.640948e+03 8.630076e+03 8.603196e+03 8.614068e+03
11.3 8.640939e+03 8.625925e+03 8.603196e+03 8.618210e+03
12.3 8.415684e+03 8.621015e+03 8.603245e+03 8.397913e+03
13.3 8.652409e+03 8.628402e+03 8.603291e+03 8.627298e+03
14.3 8.586537e+03 8.641861e+03 8.603319e+03 8.547995e+03
15.3 8.303076e+03 8.584703e+03 8.603331e+03 8.321704e+03
16.3 8.698527e+03 8.632565e+03 8.603487e+03 8.669450e+03
17.3 8.590477e+03 8.638898e+03 8.610233e+03 8.561812e+03
0.7 8.590477e+03 8.638898e+03 8.610233e+03 8.561812e+03
1.7 8.543383e+03 8.680044e+03 8.617476e+03 8.480815e+03
2.7 8.861143e+03 8.631912e+03 8.604069e+03 8.833299e+03
3.7 8.560012e+03 8.605061e+03 8.589764e+03 8.544714e+03
4.7 8.573809e+03 8.578274e+03 8.596078e+03 8.591613e+03
5.7 8.628911e+03 8.551319e+03 8.599681e+03 8.677272e+03
6.7 8.477521e+03 8.547711e+03 8.589310e+03 8.519120e+03
7.7 8.588303e+03 8.501130e+03 8.588366e+03 8.675539e+03
8.7 8.620724e+03 8.548140e+03 8.605076e+03 8.677659e+03
9.7 8.740064e+03 8.595328e+03 8.616042e+03 8.760779e+03
10.7 8.718076e+03 8.620366e+03 8.614062e+03 8.711772e+03
11.7 8.719564e+03 8.610883e+03 8.609189e+03 8.717870e+03
12.7 8.700579e+03 8.622535e+03 8.605804e+03 8.683848e+03
13.7 8.533593e+03 8.591259e+03 8.607815e+03 8.550149e+03
14.7 8.627465e+03 8.595364e+03 8.610687e+03 8.642788e+03
15.7 8.514990e+03 8.621588e+03 8.602455e+03 8.495857e+03
16.7 8.520445e+03 8.559145e+03 8.589821e+03 8.551122e+03
17.7 8.699125e+03 8.559618e+03 8.589284e+03 8.728791e+03
0.2 8.543383e+03 8.680044e+03 8.617476e+03 8.480815e+03
1.2 8.861143e+03 8.631912e+03 8.604069e+03 8.833299e+03
2.2 8.560012e+03 8.605061e+03 8.589764e+03 8.544714e+03
3.2 8.573809e+03 8.578274e+03 8.596078e+03 8.591613e+03
4.2 8.628911e+03 8.551319e+03 8.599681e+03 8.677272e+03
5.2 8.477521e+03 8.547711e+03 8.589310e+03 8.519120e+03
6.2 8.588303e+03 8.501130e+03 8.588366e+03 8.675539e+03
7.2 8.620724e+03 8.548140e+03 8.605076e+03 8.677659e+03
8.2 8.740064e+03 8.595328e+03 8.616042e+03 8.760779e+03
9.2 8.718076e+03 8.620366e+03 8.614062e+03 8.711772e+03
10.2 8.719564e+03 8.610883e+03 8.609189e+03 8.717870e+03
11.2 8.700579e+03 8.622535e+03 8.605804e+03 8.683848e+03
12.2 8.533593e+03 8.591259e+03 8.607815e+03 8.550149e+03
13.2 8.627465e+03 8.595364e+03 8.610687e+03 8.642788e+03
14.2 8.514990e+03 8.621588e+03 8.602455e+03 8.495857e+03
15.2 8.520445e+03 8.559145e+03 8.589821e+03 8.551122e+03
16.2 8.699125e+03 8.559618e+03 8.589284e+03 8.728791e+03
17.2 8.568174e+03 8.559617e+03 8.600467e+03 8.609024e+03
0.2 8.861143e+03 8.631912e+03 8.604069e+03 8.833299e+03
1.2 8.560012e+03 8.605061e+03 8.589764e+03 8.544714e+03
2.2 8.573809e+03 8.578274e+03 8.596078e+03 8.591613e+03
3.2 8.628911e+03 8.551319e+03 8.599681e+03 8.677272e+03
4.2 8.477521e+03 8.547711e+03 8.589310e+03 8.519120e+03
5.2 8.588303e+03 8.501130e+03 8.588366e+03 8.675539e+03
6.2 8.620724e+03 8.548140e+03 8.605076e+03 8.677659e+03
7.2 8.740064e+03 8.595328e+03 8.616042e+03 8.760779e+03
8.2 8.718076e+03 8.620366e+03 8.614062e+03 8.711772e+03
9.2 8.719564e+03 8.610883e+03 8.609189e+03 8.717870e+03
10.2 8.700579e+03 8.622535e+03 8.605804e+03 8.683848e+03
11.2 8.533593e+03 8.591259e+03 8.607815e+03 8.550149e+03
12.2 8.627465e+03 8.595364e+03 8.610687e+03 8.642788e+03
13.2 8.514990e+03 8.621588e+03 8.602455e+03 8.495857e+03
14.2 8.520445e+03 8.559145e+03 8.589821e+03 8.551122e+03
15.2 8.699125e+03 8.559618e+03 8.589284e+03 8.728791e+03
16.2 8.568174e+03 8.559617e+03 8.600467e+03 8.609024e+03
17.2 8.583546e+03 8.596739e+03 8.608702e+03 8.595509e+03
0.5 8.560012e+03 8.605061e+03 8.589764e+03 8.544714e+03
1.5 8.573809e+03 8.578274e+03 8.596078e+03 8.591613e+03
2.5 8.628911e+03 8.551319e+03 8.599681e+03 8.677272e+03
3.5 8.477521e+03 8.547711e+03 8.589310e+03 8.519120e+03
4.5 8.588303e+03 8.501130e+03 8.588366e+03 8.675539e+03
5.5 8.620724e+03 8.548140e+03 8.605076e+03 8.677659e+03
6.5 8.740064e+03 8.595328e+03 8.616042e+03 8.760779e+03
7.5 8.718076e+03 8.620366e+03 8.614062e+03 8.711772e+03
8.5 8.719564e+03 8.610883e+03 8.609189e+03 8.717870e+03
9.5 8.700579e+03 8.622535e+03 8.605804e+03 8.683848e+03
10.5 8.533593e+03 8.591259e+03 8.607815e+03 8.550149e+03
11.5 8.627465e+03 8.595364e+03 8.610687e+03 8.642788e+03
12.5 8.514990e+03 8.621588e+03 8.602455e+03 8.495857e+03
13.5 8.520445e+03 8.559145e+03 8.589821e+03 8.551122e+03
14.5 8.699125e+03 8.559618e+03 8.589284e+03 8.728791e+03
15.5 8.568174e+03 8.559617e+03 8.600467e+03 8.609024e+03
16.5 8.583546e+03 8.596739e+03 8.608702e+03 8.595509e+03
17.5 8.662877e+03 8.587434e+03 8.608857e+03 8.684299e+03
1.0 8.628911e+03 8.551319e+03 8.599681e+03 8.677272e+03
2.0 8.477521e+03 8.547711e+03 8.589310e+03 8.519120e+03
3.0 8.588303e+03 8.501130e+03 8.588366e+03 8.675539e+03
4.0 8.620724e+03 8.548140e+03 8.605076e+03 8.677659e+03
5.0 8.740064e+03 8.595328e+03 8.616042e+03 8.760779e+03
6.0 8.718076e+03 8.620366e+03 8.614062e+03 8.711772e+03
7.0 8.719564e+03 8.610883e+03 8.609189e+03 8.717870e+03
8.0 8.700579e+03 8.622535e+03 8.605804e+03 8.683848e+03
9.0 8.533593e+03 8.591259e+03 8.607815e+03 8.550149e+03
10.0 8.627465e+03 8.595364e+03 8.610687e+03 8.642788e+03
11.0 8.514990e+03 8.621588e+03 8.602455e+03 8.495857e+03
12.0 8.520445e+03 8.559145e+03 8.589821e+03 8.551122e+03
13.0 8.699125e+03 8.559618e+03 8.589284e+03 8.728791e+03
14.0 8.568174e+03 8.559617e+03 8.600467e+03 8.609024e+03
15.0 8.583546e+03 8.596739e+03 8.608702e+03 8.595509e+03
16.0 8.662877e+03 8.587434e+03 8.608857e+03 8.684299e+03
17.0 8.627155e+03 8.604854e+03 8.606665e+03 8.628966e+03
18.0 8.406275e+03 8.584772e+03 8.604857e+03 8.426360e+03
0.8 8.477521e+03 8.547711e+03 8.589310e+03 8.519120e+03
1.8 8.588303e+03 8.501130e+03 8.588366e+03 8.675539e+03
2.8 8.620724e+03 8.548140e+03 8.605076e+03 8.677659e+03
3.8 8.740064e+03 8.595328e+03 8.616042e+03 8.760779e+03
4.8 8.718076e+03 8.620366e+03 8.614062e+03 8.711772e+03
5.8 8.719564e+03 8.610883e+03 8.609189e+03 8.717870e+03
6.8 8.700579e+03 8.622535e+03 8.605804e+03 8.683848e+03
7.8 8.533593e+03 8.591259e+03 8.607815e+03 8.550149e+03
8.8 8.627465e+03 8.595364e+03 8.610687e+03 8.642788e+03
9.8 8.514990e+03 8.621588e+03 8.602455e+03 8.495857e+03
10.8 8.520445e+03 8.559145e+03 8.589821e+03 8.551122e+03
11.8 8.699125e+03 8.559618e+03 8.589284e+03 8.728791e+03
12.8 8.568174e+03 8.559617e+03 8.600467e+03 8.609024e+03
13.8 8.583546e+03 8.596739e+03 8.608702e+03 8.595509e+03
14.8 8.662877e+03 8.587434e+03 8.608857e+03 8.684299e+03
15.8 8.627155e+03 8.604854e+03 8.606665e+03 8.628966e+03
16.8 8.406275e+03 8.584772e+03 8.604857e+03 8.426360e+03
17.8 8.770890e+03 8.605203e+03 8.603664e+03 8.769351e+03
0.6 8.533593e+03 8.591259e+03 8.607815e+03 8.550149e+03
1.6 8.627465e+03 8.595364e+03 8.610687e+03 8.642788e+03
2.6 8.514990e+03 8.621588e+03 8.602455e+03 8.495857e+03
3.6 8.520445e+03 8.559145e+03 8.589821e+03 8.551122e+03
4.6 8.699125e+03 8.559618e+03 8.589284e+03 8.728791e+03
5.6 8.568174e+03 8.559617e+03 8.600467e+03 8.609024e+03
6.6 8.583546e+03 8.596739e+03 8.608702e+03 8.595509e+03
7.6 8.662877e+03 8.587434e+03 8.608857e+03 8.684299e+03
8.6 8.627155e+03 8.604854e+03 8.606665e+03 8.628966e+03
9.6 8.406275e+03 8.584772e+03 8.604857e+03 8.426360e+03
10.6 8.770890e+03 8.605203e+03 8.603664e+03 8.769351e+03
11.6 8.529300e+03 8.619778e+03 8.602992e+03 8.512514e+03
12.6 8.608962e+03 8.585833e+03 8.602741e+03 8.625870e+03
13.6 8.671125e+03 8.621961e+03 8.602748e+03 8.651912e+03
14.6 8.560439e+03 8.649519e+03 8.602850e+03 8.513771e+03
15.6 8.654859e+03 8.657300e+03 8.602952e+03 8.600512e+03
16.6 8.575054e+03 8.599633e+03 8.603023e+03 8.578444e+03
17.6 8.492709e+03 8.541790e+03 8.603063e+03 8.553982e+03
0.1 8.627465e+03 8.595364e+03 8.610687e+03 8.642788e+03
1.1 8.514990e+03 8.621588e+03 8.602455e+03 8.495857e+03
2.1 8.520445e+03 8.559145e+03 8.589821e+03 8.551122e+03
3.1 8.699125e+03 8.559618e+03 8.589284e+03 8.728791e+03
4.1 8.568174e+03 8.559617e+03 8.600467e+03 8.609024e+03
5.1 8.583546e+03 8.596739e+03 8.608702e+03 8.595509e+03
6.1 8.662877e+03 8.587434e+03 8.608857e+03 8.684299e+03
7.1 8.627155e+03 8.604854e+03 8.606665e+03 8.628966e+03
8.1 8.406275e+03 8.584772e+03 8.604857e+03 8.426360e+03
9.1 8.770890e+03 8.605203e+03 8.603664e+03 8.769351e+03
10.1 8.529300e+03 8.619778e+03 8.602992e+03 8.512514e+03
11.1 8.608962e+03 8.585833e+03 8.602741e+03 8.625870e+03
12.1 8.671125e+03 8.621961e+03 8.602748e+03 8.651912e+03
13.1 8.560439e+03 8.649519e+03 8.602850e+03 8.513771e+03
14.1 8.654859e+03 8.657300e+03 8.602952e+03 8.600512e+03
15.1 8.575054e+03 8.599633e+03 8.603023e+03 8.578444e+03
16.1 8.492709e+03 8.541790e+03 8.603063e+03 8.553982e+03
17.1 8.540224e+03 8.584427e+03 8.603082e+03 8.558878e+03
0.8 8.520445e+03 8.559145e+03 8.589821e+03 8.551122e+03
1.8 8.699125e+03 8.559618e+03 8.589284e+03 8.728791e+03
2.8 8.568174e+03 8.559617e+03 8.600467e+03 8.609024e+03
3.8 8.583546e+03 8.596739e+03 8.608702e+03 8.595509e+03
4.8 8.662877e+03 8.587434e+03 8.608857e+03 8.684299e+03
5.8 8.627155e+03 8.604854e+03 8.606665e+03 8.628966e+03
6.8 8.406275e+03 8.584772e+03 8.604857e+03 8.426360e+03
7.8 8.770890e+03 8.605203e+03 8.603664e+03 8.769351e+03
8.8 8.529300e+03 8.619778e+03 8.602992e+03 8.512514e+03
9.8 8.608962e+03 8.585833e+03 8.602741e+03 8.625870e+03
10.8 8.671125e+03 8.621961e+03 8.602748e+03 8.651912e+03
11.8 8.560439e+03 8.649519e+03 8.602850e+03 8.513771e+03
12.8 8.654859e+03 8.657300e+03 8.602952e+03 8.600512e+03
13.8 8.575054e+03 8.599633e+03 8.603023e+03 8.578444e+03
14.8 8.492709e+03 8.541790e+03 8.603063e+03 8.553982e+03
15.8 8.540224e+03 8.584427e+03 8.603082e+03 8.558878e+03
16.8 8.571297e+03 8.625222e+03 8.603093e+03 8.549168e+03
17.8 8.683423e+03 8.610130e+03 8.603101e+03 8.676394e+03
0.2 8.674032e+03 8.655485e+03 8.604221e+03 8.622769e+03
1.2 8.751583e+03 8.647352e+03 8.605371e+03 8.709602e+03
2.2 8.600894e+03 8.635549e+03 8.601809e+03 8.567154e+03
3.2 8.572031e+03 8.688078e+03 8.600226e+03 8.484179e+03
4.2 8.759015e+03 8.671438e+03 8.604804e+03 8.692381e+03
5.2 8.774348e+03 8.580538e+03 8.606234e+03 8.800044e+03
6.2 8.514280e+03 8.587830e+03 8.602530e+03 8.528980e+03
7.2 8.529244e+03 8.577346e+03 8.599037e+03 8.550935e+03
8.2 8.808554e+03 8.561870e+03 8.598761e+03 8.845444e+03
9.2 8.396549e+03 8.546860e+03 8.598665e+03 8.448353e+03
10.2 8.460679e+03 8.526663e+03 8.600399e+03 8.534415e+03
11.2 8.431408e+03 8.533986e+03 8.603686e+03 8.501108e+03
12.2 8.444016e+03 8.534176e+03 8.606576e+03 8.516416e+03
13.2 8.559101e+03 8.597279e+03 8.608447e+03 8.570269e+03
14.2 8.765485e+03 8.625038e+03 8.607309e+03 8.747756e+03
15.2 8.685198e+03 8.614553e+03 8.605257e+03 8.675902e+03
16.2 8.659316e+03 8.643078e+03 8.603802e+03 8.620040e+03
17.2 8.686660e+03 8.601617e+03 8.603031e+03 8.688075e+03
0.1 8.751583e+03 8.647352e+03 8.605371e+03 8.709602e+03
1.1 8.600894e+03 8.635549e+03 8.601809e+03 8.567154e+03
2.1 8.572031e+03 8.688078e+03 8.600226e+03 8.484179e+03
3.1 8.759015e+03 8.671438e+03 8.604804e+03 8.692381e+03
4.1 8.774348e+03 8.580538e+03 8.606234e+03 8.800044e+03
5.1 8.514280e+03 8.587830e+03 8.602530e+03 8.528980e+03
6.1 8.529244e+03 8.577346e+03 8.599037e+03 8.550935e+03
7.1 8.808554e+03 8.561870e+03 8.598761e+03 8.845444e+03
8.1 8.396549e+03 8.546860e+03 8.598665e+03 8.448353e+03
9.1 8.460679e+03 8.526663e+03 8.600399e+03 8.534415e+03
10.1 8.431408e+03 8.533986e+03 8.603686e+03 8.501108e+03
11.1 8.444016e+03 8.534176e+03 8.606576e+03 8.516416e+03
12.1 8.559101e+03 8.597279e+03 8.608447e+03 8.570269e+03
13.1 8.765485e+03 8.625038e+03 8.607309e+03 8.747756e+03
14.1 8.685198e+03 8.614553e+03 8.605257e+03 8.675902e+03
15.1 8.659316e+03 8.643078e+03 8.603802e+03 8.620040e+03
16.1 8.686660e+03 8.601617e+03 8.603031e+03 8.688075e+03
17.1 8.602303e+03 8.599383e+03 8.602713e+03 8.605633e+03
0.5 8.572031e+03 8.688078e+03 8.600226e+03 8.484179e+03
1.5 8.759015e+03 8.671438e+03 8.604804e+03 8.692381e+03
2.5 8.774348e+03 8.580538e+03 8.606234e+03 8.800044e+03
3.5 8.514280e+03 8.587830e+03 8.602530e+03 8.528980e+03
4.5 8.529244e+03 8.577346e+03 8.599037e+03 8.550935e+03
5.5 8.808554e+03 8.561870e+03 8.598761e+03 8.845444e+03
6.5 8.396549e+03 8.546860e+03 8.598665e+03 8.448353e+03
7.5 8.460679e+03 8.526663e+03 8.600399e+03 8.534415e+03
8.5 8.431408e+03 8.533986e+03 8.603686e+03 8.501108e+03
9.5 8.444016e+03 8.534176e+03 8.606576e+03 8.516416e+03
10.5 8.559101e+03 8.597279e+03 8.608447e+03 8.570269e+03
11.5 8.765485e+03 8.625038e+03 8.607309e+03 8.747756e+03
12.5 8.685198e+03 8.614553e+03 8.605257e+03 8.675902e+03
13.5 8.659316e+03 8.643078e+03 8.603802e+03 8.620040e+03
14.5 8.686660e+03 8.601617e+03 8.603031e+03 8.688075e+03
15.5 8.602303e+03 8.599383e+03 8.602713e+03 8.605633e+03
16.5 8.630937e+03 8.622267e+03 8.602653e+03 8.611323e+03
1.0 8.774348e+03 8.580538e+03 8.606234e+03 8.800044e+03
2.0 8.514280e+03 8.587830e+03 8.602530e+03 8.528980e+03
3.0 8.529244e+03 8.577346e+03 8.599037e+03 8.550935e+03
4.0 8.808554e+03 8.561870e+03 8.598761e+03 8.845444e+03
5.0 8.396549e+03 8.546860e+03 8.598665e+03 8.448353e+03
6.0 8.460679e+03 8.526663e+03 8.600399e+03 8.534415e+03
7.0 8.431408e+03 8.533986e+03 8.603686e+03 8.501108e+03
8.0 8.444016e+03 8.534176e+03 8.606576e+03 8.516416e+03
9.0 8.559101e+03 8.597279e+03 8.608447e+03 8.570269e+03
10.0 8.765485e+03 8.625038e+03 8.607309e+03 8.747756e+03
11.0 8.685198e+03 8.614553e+03 8.605257e+03 8.675902e+03
12.0 8.659316e+03 8.643078e+03 8.603802e+03 8.620040e+03
13.0 8.686660e+03 8.601617e+03 8.603031e+03 8.688075e+03
14.0 8.602303e+03 8.599383e+03 8.602713e+03 8.605633e+03
15.0 8.630937e+03 8.622267e+03 8.602653e+03 8.611323e+03
0.8 8.514280e+03 8.587830e+03 8.602530e+03 8.528980e+03
1.8 8.529244e+03 8.577346e+03 8.599037e+03 8.550935e+03
2.8 8.808554e+03 8.561870e+03 8.598761e+03 8.845444e+03
3.8 8.396549e+03 8.546860e+03 8.598665e+03 8.448353e+03
4.8 8.460679e+03 8.526663e+03 8.600399e+03 8.534415e+03
5.8 8.431408e+03 8.533986e+03 8.603686e+03 8.501108e+03
6.8 8.444016e+03 8.534176e+03 8.606576e+03 8.516416e+03
7.8 8.559101e+03 8.597279e+03 8.608447e+03 8.570269e+03
8.8 8.765485e+03 8.625038e+03 8.607309e+03 8.747756e+03
9.8 8.685198e+03 8.614553e+03 8.605257e+03 8.675902e+03
10.8 8.659316e+03 8.643078e+03 8.603802e+03 8.620040e+03
11.8 8.686660e+03 8.601617e+03 8.603031e+03 8.688075e+03
12.8 8.602303e+03 8.599383e+03 8.602713e+03 8.605633e+03
13.8 8.630937e+03 8.622267e+03 8.602653e+03 8.611323e+03
0.2 8.529244e+03 8.577346e+03 8.599037e+03 8.550935e+03
1.2 8.808554e+03 8.561870e+03 8.598761e+03 8.845444e+03
2.2 8.396549e+03 8.546860e+03 8.598665e+03 8.448353e+03
3.2 8.460679e+03 8.526663e+03 8.600399e+03 8.534415e+03
4.2 8.431408e+03 8.533986e+03 8.603686e+03 8.501108e+03
5.2 8.444016e+03 8.534176e+03 8.606576e+03 8.516416e+03
6.2 8.559101e+03 8.597279e+03 8.608447e+03 8.570269e+03
7.2 8.765485e+03 8.625038e+03 8.607309e+03 8.747756e+03
8.2 8.685198e+03 8.614553e+03 8.605257e+03 8.675902e+03
9.2 8.659316e+03 8.643078e+03 8.603802e+03 8.620040e+03
10.2 8.686660e+03 8.601617e+03 8.603031e+03 8.688075e+03
11.2 8.602303e+03 8.599383e+03 8.602713e+03 8.605633e+03
12.2 8.630937e+03 8.622267e+03 8.602653e+03 8.611323e+03
0.1 8.808554e+03 8.561870e+03 8.598761e+03 8.845444e+03
1.1 8.396549e+03 8.546860e+03 8.598665e+03 8.448353e+03
2.1 8.460679e+03 8.526663e+03 8.600399e+03 8.534415e+03
3.1 8.431408e+03 8.533986e+03 8.603686e+03 8.501108e+03
4.1 8.444016e+03 8.534176e+03 8.606576e+03 8.516416e+03
5.1 8.559101e+03 8.597279e+03 8.608447e+03 8.570269e+03
6.1 8.765485e+03 8.625038e+03 8.607309e+03 8.747756e+03
7.1 8.685198e+03 8.614553e+03 8.605257e+03 8.675902e+03
8.1 8.659316e+03 8.643078e+03 8.603802e+03 8.620040e+03
9.1 8.686660e+03 8.601617e+03 8.603031e+03 8.688075e+03
10.1 8.602303e+03 8.599383e+03 8.602713e+03 8.605633e+03
11.1 8.630937e+03 8.622267e+03 8.602653e+03 8.611323e+03
0.6 8.460679e+03 8.526663e+03 8.600399e+03 8.534415e+03
1.6 8.431408e+03 8.533986e+03 8.603686e+03 8.501108e+03
2.6 8.444016e+03 8.534176e+03 8.606576e+03 8.516416e+03
3.6 8.559101e+03 8.597279e+03 8.608447e+03 8.570269e+03
4.6 8.765485e+03 8.625038e+03 8.607309e+03 8.747756e+03
5.6 8.685198e+03 8.614553e+03 8.605257e+03 8.675902e+03
6.6 8.659316e+03 8.643078e+03 8.603802e+03 8.620040e+03
7.6 8.686660e+03 8.601617e+03 8.603031e+03 8.688075e+03
8.6 8.602303e+03 8.599383e+03 8.602713e+03 8.605633e+03
9.6 8.630937e+03 8.622267e+03 8.602653e+03 8.611323e+03
