0.5 8.541355e+03 8.496905e+03 8.597706e+03 8.642157e+03
1.5 8.462546e+03 8.515727e+03 8.595741e+03 8.542560e+03
2.5 8.558109e+03 8.558313e+03 8.594279e+03 8.594075e+03
3.5 8.812582e+03 8.698789e+03 8.598014e+03 8.711807e+03
4.5 8.726575e+03 8.687616e+03 8.606801e+03 8.645761e+03
5.5 8.543103e+03 8.610936e+03 8.612452e+03 8.544619e+03
6.5 8.538767e+03 8.568026e+03 8.610428e+03 8.581169e+03
7.5 8.563093e+03 8.615433e+03 8.606641e+03 8.554301e+03
8.5 8.697644e+03 8.662960e+03 8.604021e+03 8.638705e+03
9.5 8.638259e+03 8.640763e+03 8.602616e+03 8.600112e+03
10.5 8.802353e+03 8.619974e+03 8.602040e+03 8.784419e+03
11.5 8.643592e+03 8.623935e+03 8.601981e+03 8.621638e+03
12.5 8.520517e+03 8.603882e+03 8.602170e+03 8.518805e+03
13.5 8.680750e+03 8.587850e+03 8.602410e+03 8.695311e+03
14.5 8.635122e+03 8.598535e+03 8.602607e+03 8.639194e+03
15.5 8.596229e+03 8.568826e+03 8.602741e+03 8.630144e+03
16.5 8.482117e+03 8.526074e+03 8.602827e+03 8.558870e+03
17.5 8.427644e+03 8.516229e+03 8.602884e+03 8.514299e+03
0.2 8.462546e+03 8.515727e+03 8.595741e+03 8.542560e+03
1.3 8.558109e+03 8.558313e+03 8.594279e+03 8.594075e+03
2.2 8.812582e+03 8.698789e+03 8.598014e+03 8.711807e+03
3.2 8.726575e+03 8.687616e+03 8.606801e+03 8.645761e+03
4.2 8.543103e+03 8.610936e+03 8.612452e+03 8.544619e+03
5.2 8.538767e+03 8.568026e+03 8.610428e+03 8.581169e+03
6.2 8.563093e+03 8.615433e+03 8.606641e+03 8.554301e+03
7.2 8.697644e+03 8.662960e+03 8.604021e+03 8.638705e+03
8.2 8.638259e+03 8.640763e+03 8.602616e+03 8.600112e+03
9.2 8.802353e+03 8.619974e+03 8.602040e+03 8.784419e+03
10.2 8.643592e+03 8.623935e+03 8.601981e+03 8.621638e+03
11.2 8.520517e+03 8.603882e+03 8.602170e+03 8.518805e+03
12.2 8.680750e+03 8.587850e+03 8.602410e+03 8.695311e+03
13.2 8.635122e+03 8.598535e+03 8.602607e+03 8.639194e+03
14.2 8.596229e+03 8.568826e+03 8.602741e+03 8.630144e+03
15.2 8.482117e+03 8.526074e+03 8.602827e+03 8.558870e+03
16.2 8.427644e+03 8.516229e+03 8.602884e+03 8.514299e+03
17.2 8.504730e+03 8.546714e+03 8.602926e+03 8.560943e+03
0.9 8.395415e+03 8.624878e+03 8.603653e+03 8.374190e+03
1.9 8.806009e+03 8.611193e+03 8.605588e+03 8.800404e+03
2.9 8.608400e+03 8.652091e+03 8.605914e+03 8.562223e+03
3.9 8.739146e+03 8.601591e+03 8.602818e+03 8.740373e+03
4.9 8.625259e+03 8.588180e+03 8.600647e+03 8.637726e+03
5.9 8.505562e+03 8.642276e+03 8.601035e+03 8.464322e+03
6.9 8.673594e+03 8.654742e+03 8.602010e+03 8.620862e+03
7.9 8.601973e+03 8.631393e+03 8.602744e+03 8.573324e+03
8.9 8.605180e+03 8.648661e+03 8.604323e+03 8.560842e+03
9.9 8.667123e+03 8.592173e+03 8.605818e+03 8.680768e+03
10.9 8.483934e+03 8.533327e+03 8.606175e+03 8.556782e+03
11.9 8.493775e+03 8.541561e+03 8.604457e+03 8.556671e+03
12.9 8.888502e+03 8.596721e+03 8.599802e+03 8.891584e+03
13.9 8.590010e+03 8.707335e+03 8.598255e+03 8.480930e+03
14.9 8.768390e+03 8.653073e+03 8.601471e+03 8.716788e+03
15.9 8.652994e+03 8.571892e+03 8.603919e+03 8.685021e+03
16.9 8.451490e+03 8.617221e+03 8.604302e+03 8.438571e+03
17.9 8.862827e+03 8.700321e+03 8.604070e+03 8.766576e+03
0.9 8.806009e+03 8.611193e+03 8.605588e+03 8.800404e+03
1.9 8.608400e+03 8.652091e+03 8.605914e+03 8.562223e+03
2.9 8.739146e+03 8.601591e+03 8.602818e+03 8.740373e+03
3.9 8.625259e+03 8.588180e+03 8.600647e+03 8.637726e+03
4.9 8.505562e+03 8.642276e+03 8.601035e+03 8.464322e+03
5.9 8.673594e+03 8.654742e+03 8.602010e+03 8.620862e+03
6.9 8.601973e+03 8.631393e+03 8.602744e+03 8.573324e+03
7.9 8.605180e+03 8.648661e+03 8.604323e+03 8.560842e+03
8.9 8.667123e+03 8.592173e+03 8.605818e+03 8.680768e+03
9.9 8.483934e+03 8.533327e+03 8.606175e+03 8.556782e+03
10.9 8.493775e+03 8.541561e+03 8.604457e+03 8.556671e+03
11.9 8.888502e+03 8.596721e+03 8.599802e+03 8.891584e+03
12.9 8.590010e+03 8.707335e+03 8.598255e+03 8.480930e+03
13.9 8.768390e+03 8.653073e+03 8.601471e+03 8.716788e+03
14.9 8.652994e+03 8.571892e+03 8.603919e+03 8.685021e+03
15.9 8.451490e+03 8.617221e+03 8.604302e+03 8.438571e+03
16.9 8.862827e+03 8.700321e+03 8.604070e+03 8.766576e+03
17.9 8.574737e+03 8.695782e+03 8.603807e+03 8.482763e+03
0.8 8.605180e+03 8.648661e+03 8.604323e+03 8.560842e+03
1.8 8.667123e+03 8.592173e+03 8.605818e+03 8.680768e+03
2.8 8.483934e+03 8.533327e+03 8.606175e+03 8.556782e+03
3.8 8.493775e+03 8.541561e+03 8.604457e+03 8.556671e+03
4.8 8.888502e+03 8.596721e+03 8.599802e+03 8.891584e+03
5.8 8.590010e+03 8.707335e+03 8.598255e+03 8.480930e+03
6.8 8.768390e+03 8.653073e+03 8.601471e+03 8.716788e+03
7.8 8.652994e+03 8.571892e+03 8.603919e+03 8.685021e+03
8.8 8.451490e+03 8.617221e+03 8.604302e+03 8.438571e+03
9.8 8.862827e+03 8.700321e+03 8.604070e+03 8.766576e+03
10.8 8.574737e+03 8.695782e+03 8.603807e+03 8.482763e+03
11.8 8.752863e+03 8.666528e+03 8.603580e+03 8.689916e+03
12.8 8.609384e+03 8.630098e+03 8.603419e+03 8.582705e+03
13.8 8.387702e+03 8.595862e+03 8.603341e+03 8.395181e+03
14.8 8.662769e+03 8.557319e+03 8.603326e+03 8.708775e+03
15.8 8.454650e+03 8.539630e+03 8.603339e+03 8.518360e+03
16.8 8.325819e+03 8.515862e+03 8.603357e+03 8.413314e+03
17.8 8.495510e+03 8.546796e+03 8.603372e+03 8.552085e+03
0.1 8.667123e+03 8.592173e+03 8.605818e+03 8.680768e+03
1.1 8.483934e+03 8.533327e+03 8.606175e+03 8.556782e+03
2.1 8.493775e+03 8.541561e+03 8.604457e+03 8.556671e+03
3.1 8.888502e+03 8.596721e+03 8.599802e+03 8.891584e+03
4.1 8.590010e+03 8.707335e+03 8.598255e+03 8.480930e+03
5.1 8.768390e+03 8.653073e+03 8.601471e+03 8.716788e+03
6.1 8.652994e+03 8.571892e+03 8.603919e+03 8.685021e+03
7.1 8.451490e+03 8.617221e+03 8.604302e+03 8.438571e+03
8.1 8.862827e+03 8.700321e+03 8.604070e+03 8.766576e+03
9.1 8.574737e+03 8.695782e+03 8.603807e+03 8.482763e+03
10.1 8.752863e+03 8.666528e+03 8.603580e+03 8.689916e+03
11.1 8.609384e+03 8.630098e+03 8.603419e+03 8.582705e+03
12.1 8.387702e+03 8.595862e+03 8.603341e+03 8.395181e+03
13.1 8.662769e+03 8.557319e+03 8.603326e+03 8.708775e+03
14.1 8.454650e+03 8.539630e+03 8.603339e+03 8.518360e+03
15.1 8.325819e+03 8.515862e+03 8.603357e+03 8.413314e+03
16.1 8.495510e+03 8.546796e+03 8.603372e+03 8.552085e+03
17.1 8.361916e+03 8.571729e+03 8.603381e+03 8.393567e+03
0.4 8.493775e+03 8.541561e+03 8.604457e+03 8.556671e+03
1.4 8.888502e+03 8.596721e+03 8.599802e+03 8.891584e+03
2.4 8.590010e+03 8.707335e+03 8.598255e+03 8.480930e+03
3.4 8.768390e+03 8.653073e+03 8.601471e+03 8.716788e+03
4.4 8.652994e+03 8.571892e+03 8.603919e+03 8.685021e+03
5.4 8.451490e+03 8.617221e+03 8.604302e+03 8.438571e+03
6.4 8.862827e+03 8.700321e+03 8.604070e+03 8.766576e+03
7.3 8.574737e+03 8.695782e+03 8.603807e+03 8.482763e+03
8.3 8.752863e+03 8.666528e+03 8.603580e+03 8.689916e+03
9.3 8.609384e+03 8.630098e+03 8.603419e+03 8.582705e+03
10.3 8.387702e+03 8.595862e+03 8.603341e+03 8.395181e+03
11.3 8.662769e+03 8.557319e+03 8.603326e+03 8.708775e+03
12.3 8.454650e+03 8.539630e+03 8.603339e+03 8.518360e+03
13.3 8.325819e+03 8.515862e+03 8.603357e+03 8.413314e+03
14.3 8.495510e+03 8.546796e+03 8.603372e+03 8.552085e+03
15.3 8.361916e+03 8.571729e+03 8.603381e+03 8.393567e+03
16.3 8.558152e+03 8.597603e+03 8.603392e+03 8.563941e+03
17.3 8.599219e+03 8.605241e+03 8.604134e+03 8.598111e+03
0.6 8.599219e+03 8.605241e+03 8.604134e+03 8.598111e+03
1.6 8.623065e+03 8.636247e+03 8.605125e+03 8.591943e+03
2.6 8.768069e+03 8.582851e+03 8.601358e+03 8.786577e+03
3.6 8.673414e+03 8.622270e+03 8.597944e+03 8.649088e+03
4.6 8.781225e+03 8.602265e+03 8.601793e+03 8.780753e+03
5.6 8.661435e+03 8.582035e+03 8.605651e+03 8.685051e+03
6.6 8.673739e+03 8.626709e+03 8.605774e+03 8.652804e+03
7.6 8.588373e+03 8.618347e+03 8.604887e+03 8.574914e+03
8.6 8.592779e+03 8.641136e+03 8.605259e+03 8.556903e+03
9.6 8.541586e+03 8.569667e+03 8.605641e+03 8.577559e+03
10.6 8.579962e+03 8.520387e+03 8.605699e+03 8.665274e+03
11.6 8.601011e+03 8.535327e+03 8.604208e+03 8.669892e+03
12.6 8.620108e+03 8.587619e+03 8.594837e+03 8.627327e+03
13.6 8.668766e+03 8.678578e+03 8.588603e+03 8.578790e+03
14.6 8.699520e+03 8.623971e+03 8.598743e+03 8.674292e+03
15.6 8.468579e+03 8.610904e+03 8.609970e+03 8.467645e+03
16.6 8.682752e+03 8.621569e+03 8.610287e+03 8.671470e+03
17.6 8.615451e+03 8.644376e+03 8.600496e+03 8.571571e+03
0.2 8.623065e+03 8.636247e+03 8.605125e+03 8.591943e+03
1.2 8.768069e+03 8.582851e+03 8.601358e+03 8.786577e+03
2.2 8.673414e+03 8.622270e+03 8.597944e+03 8.649088e+03
3.2 8.781225e+03 8.602265e+03 8.601793e+03 8.780753e+03
4.2 8.661435e+03 8.582035e+03 8.605651e+03 8.685051e+03
5.2 8.673739e+03 8.626709e+03 8.605774e+03 8.652804e+03
6.2 8.588373e+03 8.618347e+03 8.604887e+03 8.574914e+03
7.2 8.592779e+03 8.641136e+03 8.605259e+03 8.556903e+03
8.2 8.541586e+03 8.569667e+03 8.605641e+03 8.577559e+03
9.2 8.579962e+03 8.520387e+03 8.605699e+03 8.665274e+03
10.2 8.601011e+03 8.535327e+03 8.604208e+03 8.669892e+03
11.2 8.620108e+03 8.587619e+03 8.594837e+03 8.627327e+03
12.2 8.668766e+03 8.678578e+03 8.588603e+03 8.578790e+03
13.2 8.699520e+03 8.623971e+03 8.598743e+03 8.674292e+03
14.2 8.468579e+03 8.610904e+03 8.609970e+03 8.467645e+03
15.2 8.682752e+03 8.621569e+03 8.610287e+03 8.671470e+03
16.2 8.615451e+03 8.644376e+03 8.600496e+03 8.571571e+03
17.2 8.617000e+03 8.579634e+03 8.595317e+03 8.632683e+03
0.9 8.592779e+03 8.641136e+03 8.605259e+03 8.556903e+03
1.9 8.541586e+03 8.569667e+03 8.605641e+03 8.577559e+03
2.9 8.579962e+03 8.520387e+03 8.605699e+03 8.665274e+03
3.9 8.601011e+03 8.535327e+03 8.604208e+03 8.669892e+03
4.9 8.620108e+03 8.587619e+03 8.594837e+03 8.627327e+03
5.9 8.668766e+03 8.678578e+03 8.588603e+03 8.578790e+03
6.9 8.699520e+03 8.623971e+03 8.598743e+03 8.674292e+03
7.9 8.468579e+03 8.610904e+03 8.609970e+03 8.467645e+03
8.9 8.682752e+03 8.621569e+03 8.610287e+03 8.671470e+03
9.9 8.615451e+03 8.644376e+03 8.600496e+03 8.571571e+03
10.9 8.617000e+03 8.579634e+03 8.595317e+03 8.632683e+03
11.9 8.588174e+03 8.565418e+03 8.605571e+03 8.628327e+03
12.9 8.712393e+03 8.622029e+03 8.612127e+03 8.702491e+03
13.9 8.495229e+03 8.622965e+03 8.608635e+03 8.480898e+03
14.9 8.686510e+03 8.666958e+03 8.605712e+03 8.625264e+03
15.9 8.501078e+03 8.653606e+03 8.604947e+03 8.452419e+03
16.9 8.560874e+03 8.644043e+03 8.603379e+03 8.520210e+03
17.9 8.678151e+03 8.639588e+03 8.601710e+03 8.640273e+03
0.1 8.541586e+03 8.569667e+03 8.605641e+03 8.577559e+03
1.1 8.579962e+03 8.520387e+03 8.605699e+03 8.665274e+03
2.1 8.601011e+03 8.535327e+03 8.604208e+03 8.669892e+03
3.1 8.620108e+03 8.587619e+03 8.594837e+03 8.627327e+03
4.1 8.668766e+03 8.678578e+03 8.588603e+03 8.578790e+03
5.1 8.699520e+03 8.623971e+03 8.598743e+03 8.674292e+03
6.1 8.468579e+03 8.610904e+03 8.609970e+03 8.467645e+03
7.1 8.682752e+03 8.621569e+03 8.610287e+03 8.671470e+03
8.1 8.615451e+03 8.644376e+03 8.600496e+03 8.571571e+03
9.1 8.617000e+03 8.579634e+03 8.595317e+03 8.632683e+03
10.1 8.588174e+03 8.565418e+03 8.605571e+03 8.628327e+03
11.1 8.712393e+03 8.622029e+03 8.612127e+03 8.702491e+03
12.1 8.495229e+03 8.622965e+03 8.608635e+03 8.480898e+03
13.1 8.686510e+03 8.666958e+03 8.605712e+03 8.625264e+03
14.1 8.501078e+03 8.653606e+03 8.604947e+03 8.452419e+03
15.1 8.560874e+03 8.644043e+03 8.603379e+03 8.520210e+03
16.1 8.678151e+03 8.639588e+03 8.601710e+03 8.640273e+03
17.1 8.730588e+03 8.629001e+03 8.601585e+03 8.703172e+03
0.3 8.601011e+03 8.535327e+03 8.604208e+03 8.669892e+03
1.3 8.620108e+03 8.587619e+03 8.594837e+03 8.627327e+03
2.3 8.668766e+03 8.678578e+03 8.588603e+03 8.578790e+03
3.3 8.699520e+03 8.623971e+03 8.598743e+03 8.674292e+03
4.3 8.468579e+03 8.610904e+03 8.609970e+03 8.467645e+03
5.3 8.682752e+03 8.621569e+03 8.610287e+03 8.671470e+03
6.3 8.615451e+03 8.644376e+03 8.600496e+03 8.571571e+03
7.3 8.617000e+03 8.579634e+03 8.595317e+03 8.632683e+03
8.3 8.588174e+03 8.565418e+03 8.605571e+03 8.628327e+03
9.3 8.712393e+03 8.622029e+03 8.612127e+03 8.702491e+03
10.3 8.495229e+03 8.622965e+03 8.608635e+03 8.480898e+03
11.3 8.686510e+03 8.666958e+03 8.605712e+03 8.625264e+03
12.3 8.501078e+03 8.653606e+03 8.604947e+03 8.452419e+03
13.3 8.560874e+03 8.644043e+03 8.603379e+03 8.520210e+03
14.3 8.678151e+03 8.639588e+03 8.601710e+03 8.640273e+03
15.3 8.730588e+03 8.629001e+03 8.601585e+03 8.703172e+03
16.3 8.719455e+03 8.658566e+03 8.602135e+03 8.663024e+03
17.3 8.600137e+03 8.670780e+03 8.602633e+03 8.531990e+03
0.5 8.682752e+03 8.621569e+03 8.610287e+03 8.671470e+03
1.5 8.615451e+03 8.644376e+03 8.600496e+03 8.571571e+03
2.5 8.617000e+03 8.579634e+03 8.595317e+03 8.632683e+03
3.5 8.588174e+03 8.565418e+03 8.605571e+03 8.628327e+03
4.5 8.712393e+03 8.622029e+03 8.612127e+03 8.702491e+03
5.5 8.495229e+03 8.622965e+03 8.608635e+03 8.480898e+03
6.5 8.686510e+03 8.666958e+03 8.605712e+03 8.625264e+03
7.5 8.501078e+03 8.653606e+03 8.604947e+03 8.452419e+03
8.5 8.560874e+03 8.644043e+03 8.603379e+03 8.520210e+03
9.5 8.678151e+03 8.639588e+03 8.601710e+03 8.640273e+03
10.5 8.730588e+03 8.629001e+03 8.601585e+03 8.703172e+03
11.5 8.719455e+03 8.658566e+03 8.602135e+03 8.663024e+03
12.5 8.600137e+03 8.670780e+03 8.602633e+03 8.531990e+03
13.5 8.543856e+03 8.628078e+03 8.602950e+03 8.518729e+03
14.5 8.537639e+03 8.653690e+03 8.603126e+03 8.487075e+03
15.5 8.676583e+03 8.587677e+03 8.603203e+03 8.692109e+03
16.5 8.632650e+03 8.561466e+03 8.603223e+03 8.674407e+03
17.5 8.573062e+03 8.558081e+03 8.603220e+03 8.618201e+03
0.6 8.617000e+03 8.579634e+03 8.595317e+03 8.632683e+03
1.6 8.588174e+03 8.565418e+03 8.605571e+03 8.628327e+03
2.6 8.712393e+03 8.622029e+03 8.612127e+03 8.702491e+03
3.6 8.495229e+03 8.622965e+03 8.608635e+03 8.480898e+03
4.6 8.686510e+03 8.666958e+03 8.605712e+03 8.625264e+03
5.6 8.501078e+03 8.653606e+03 8.604947e+03 8.452419e+03
6.6 8.560874e+03 8.644043e+03 8.603379e+03 8.520210e+03
7.6 8.678151e+03 8.639588e+03 8.601710e+03 8.640273e+03
8.6 8.730588e+03 8.629001e+03 8.601585e+03 8.703172e+03
9.6 8.719455e+03 8.658566e+03 8.602135e+03 8.663024e+03
10.6 8.600137e+03 8.670780e+03 8.602633e+03 8.531990e+03
11.6 8.543856e+03 8.628078e+03 8.602950e+03 8.518729e+03
12.6 8.537639e+03 8.653690e+03 8.603126e+03 8.487075e+03
13.6 8.676583e+03 8.587677e+03 8.603203e+03 8.692109e+03
14.6 8.632650e+03 8.561466e+03 8.603223e+03 8.674407e+03
15.6 8.573062e+03 8.558081e+03 8.603220e+03 8.618201e+03
16.6 8.437036e+03 8.549463e+03 8.603216e+03 8.490789e+03
17.6 8.504570e+03 8.531736e+03 8.603221e+03 8.576055e+03
0.6 8.686510e+03 8.666958e+03 8.605712e+03 8.625264e+03
1.6 8.501078e+03 8.653606e+03 8.604947e+03 8.452419e+03
2.6 8.560874e+03 8.644043e+03 8.603379e+03 8.520210e+03
3.6 8.678151e+03 8.639588e+03 8.601710e+03 8.640273e+03
4.6 8.730588e+03 8.629001e+03 8.601585e+03 8.703172e+03
5.6 8.719455e+03 8.658566e+03 8.602135e+03 8.663024e+03
6.6 8.600137e+03 8.670780e+03 8.602633e+03 8.531990e+03
7.6 8.543856e+03 8.628078e+03 8.602950e+03 8.518729e+03
8.6 8.537639e+03 8.653690e+03 8.603126e+03 8.487075e+03
9.6 8.676583e+03 8.587677e+03 8.603203e+03 8.692109e+03
10.6 8.632650e+03 8.561466e+03 8.603223e+03 8.674407e+03
11.6 8.573062e+03 8.558081e+03 8.603220e+03 8.618201e+03
12.6 8.437036e+03 8.549463e+03 8.603216e+03 8.490789e+03
13.6 8.504570e+03 8.531736e+03 8.603221e+03 8.576055e+03
14.6 8.534116e+03 8.546238e+03 8.603233e+03 8.591111e+03
15.6 8.567760e+03 8.557962e+03 8.603252e+03 8.613049e+03
16.6 8.509306e+03 8.574690e+03 8.603274e+03 8.537890e+03
17.6 8.498681e+03 8.592616e+03 8.603295e+03 8.509360e+03
0.8 8.490636e+03 8.637752e+03 8.604523e+03 8.457407e+03
1.8 8.793619e+03 8.605428e+03 8.607229e+03 8.795420e+03
2.8 8.635385e+03 8.564763e+03 8.605979e+03 8.676601e+03
3.8 8.559204e+03 8.627194e+03 8.600460e+03 8.532471e+03
4.8 8.621678e+03 8.623431e+03 8.599374e+03 8.597621e+03
5.8 8.447312e+03 8.632985e+03 8.601959e+03 8.416285e+03
6.8 8.715025e+03 8.668384e+03 8.603338e+03 8.649980e+03
7.8 8.655232e+03 8.650341e+03 8.603650e+03 8.608542e+03
8.8 8.599054e+03 8.639317e+03 8.602374e+03 8.562110e+03
9.8 8.555486e+03 8.608140e+03 8.592802e+03 8.540149e+03
10.8 8.569090e+03 8.547404e+03 8.588155e+03 8.609841e+03
11.8 8.540440e+03 8.568044e+03 8.596303e+03 8.568700e+03
12.8 8.488283e+03 8.637566e+03 8.601880e+03 8.452598e+03
13.8 8.683784e+03 8.612774e+03 8.609499e+03 8.680508e+03
14.8 8.590126e+03 8.613611e+03 8.616686e+03 8.593201e+03
15.8 8.816592e+03 8.620625e+03 8.614395e+03 8.810362e+03
16.8 8.600408e+03 8.641527e+03 8.609016e+03 8.567897e+03
17.8 8.622289e+03 8.610096e+03 8.605129e+03 8.617322e+03
1.0 8.793619e+03 8.605428e+03 8.607229e+03 8.795420e+03
2.0 8.635385e+03 8.564763e+03 8.605979e+03 8.676601e+03
3.0 8.559204e+03 8.627194e+03 8.600460e+03 8.532471e+03
4.0 8.621678e+03 8.623431e+03 8.599374e+03 8.597621e+03
5.0 8.447312e+03 8.632985e+03 8.601959e+03 8.416285e+03
6.0 8.715025e+03 8.668384e+03 8.603338e+03 8.649980e+03
7.0 8.655232e+03 8.650341e+03 8.603650e+03 8.608542e+03
8.0 8.599054e+03 8.639317e+03 8.602374e+03 8.562110e+03
9.0 8.555486e+03 8.608140e+03 8.592802e+03 8.540149e+03
10.0 8.569090e+03 8.547404e+03 8.588155e+03 8.609841e+03
11.0 8.540440e+03 8.568044e+03 8.596303e+03 8.568700e+03
12.0 8.488283e+03 8.637566e+03 8.601880e+03 8.452598e+03
13.0 8.683784e+03 8.612774e+03 8.609499e+03 8.680508e+03
14.0 8.590126e+03 8.613611e+03 8.616686e+03 8.593201e+03
15.0 8.816592e+03 8.620625e+03 8.614395e+03 8.810362e+03
16.0 8.600408e+03 8.641527e+03 8.609016e+03 8.567897e+03
17.0 8.622289e+03 8.610096e+03 8.605129e+03 8.617322e+03
18.0 8.641465e+03 8.580019e+03 8.603098e+03 8.664544e+03
0.9 8.635385e+03 8.564763e+03 8.605979e+03 8.676601e+03
1.9 8.559204e+03 8.627194e+03 8.600460e+03 8.532471e+03
2.9 8.621678e+03 8.623431e+03 8.599374e+03 8.597621e+03
3.9 8.447312e+03 8.632985e+03 8.601959e+03 8.416285e+03
4.9 8.715025e+03 8.668384e+03 8.603338e+03 8.649980e+03
5.9 8.655232e+03 8.650341e+03 8.603650e+03 8.608542e+03
6.9 8.599054e+03 8.639317e+03 8.602374e+03 8.562110e+03
7.9 8.555486e+03 8.608140e+03 8.592802e+03 8.540149e+03
8.9 8.569090e+03 8.547404e+03 8.588155e+03 8.609841e+03
9.9 8.540440e+03 8.568044e+03 8.596303e+03 8.568700e+03
10.9 8.488283e+03 8.637566e+03 8.601880e+03 8.452598e+03
11.9 8.683784e+03 8.612774e+03 8.609499e+03 8.680508e+03
12.9 8.590126e+03 8.613611e+03 8.616686e+03 8.593201e+03
13.9 8.816592e+03 8.620625e+03 8.614395e+03 8.810362e+03
14.9 8.600408e+03 8.641527e+03 8.609016e+03 8.567897e+03
15.9 8.622289e+03 8.610096e+03 8.605129e+03 8.617322e+03
16.9 8.641465e+03 8.580019e+03 8.603098e+03 8.664544e+03
17.9 8.571755e+03 8.603404e+03 8.601827e+03 8.570177e+03
0.7 8.599054e+03 8.639317e+03 8.602374e+03 8.562110e+03
1.7 8.555486e+03 8.608140e+03 8.592802e+03 8.540149e+03
2.7 8.569090e+03 8.547404e+03 8.588155e+03 8.609841e+03
3.7 8.540440e+03 8.568044e+03 8.596303e+03 8.568700e+03
4.7 8.488283e+03 8.637566e+03 8.601880e+03 8.452598e+03
5.7 8.683784e+03 8.612774e+03 8.609499e+03 8.680508e+03
6.7 8.590126e+03 8.613611e+03 8.616686e+03 8.593201e+03
7.7 8.816592e+03 8.620625e+03 8.614395e+03 8.810362e+03
8.7 8.600408e+03 8.641527e+03 8.609016e+03 8.567897e+03
9.7 8.622289e+03 8.610096e+03 8.605129e+03 8.617322e+03
10.7 8.641465e+03 8.580019e+03 8.603098e+03 8.664544e+03
11.7 8.571755e+03 8.603404e+03 8.601827e+03 8.570177e+03
12.7 8.444081e+03 8.536150e+03 8.603456e+03 8.511387e+03
13.7 8.509807e+03 8.506542e+03 8.606917e+03 8.610182e+03
14.7 8.585447e+03 8.558601e+03 8.606196e+03 8.633041e+03
15.7 8.585896e+03 8.629978e+03 8.601892e+03 8.557810e+03
16.7 8.780496e+03 8.699610e+03 8.599045e+03 8.679932e+03
17.7 8.855021e+03 8.676445e+03 8.595094e+03 8.773670e+03
0.3 8.569090e+03 8.547404e+03 8.588155e+03 8.609841e+03
1.3 8.540440e+03 8.568044e+03 8.596303e+03 8.568700e+03
2.3 8.488283e+03 8.637566e+03 8.601880e+03 8.452598e+03
3.3 8.683784e+03 8.612774e+03 8.609499e+03 8.680508e+03
4.3 8.590126e+03 8.613611e+03 8.616686e+03 8.593201e+03
5.3 8.816592e+03 8.620625e+03 8.614395e+03 8.810362e+03
6.3 8.600408e+03 8.641527e+03 8.609016e+03 8.567897e+03
7.3 8.622289e+03 8.610096e+03 8.605129e+03 8.617322e+03
8.3 8.641465e+03 8.580019e+03 8.603098e+03 8.664544e+03
9.3 8.571755e+03 8.603404e+03 8.601827e+03 8.570177e+03
10.3 8.444081e+03 8.536150e+03 8.603456e+03 8.511387e+03
11.3 8.509807e+03 8.506542e+03 8.606917e+03 8.610182e+03
12.3 8.585447e+03 8.558601e+03 8.606196e+03 8.633041e+03
13.3 8.585896e+03 8.629978e+03 8.601892e+03 8.557810e+03
14.3 8.780496e+03 8.699610e+03 8.599045e+03 8.679932e+03
15.3 8.855021e+03 8.676445e+03 8.595094e+03 8.773670e+03
16.3 8.639837e+03 8.648720e+03 8.594235e+03 8.585352e+03
17.3 8.512056e+03 8.568944e+03 8.604277e+03 8.547389e+03
0.3 8.641465e+03 8.580019e+03 8.603098e+03 8.664544e+03
1.3 8.571755e+03 8.603404e+03 8.601827e+03 8.570177e+03
2.3 8.444081e+03 8.536150e+03 8.603456e+03 8.511387e+03
3.3 8.509807e+03 8.506542e+03 8.606917e+03 8.610182e+03
4.3 8.585447e+03 8.558601e+03 8.606196e+03 8.633041e+03
5.3 8.585896e+03 8.629978e+03 8.601892e+03 8.557810e+03
6.3 8.780496e+03 8.699610e+03 8.599045e+03 8.679932e+03
7.3 8.855021e+03 8.676445e+03 8.595094e+03 8.773670e+03
8.3 8.639837e+03 8.648720e+03 8.594235e+03 8.585352e+03
9.3 8.512056e+03 8.568944e+03 8.604277e+03 8.547389e+03
10.3 8.557816e+03 8.648992e+03 8.611711e+03 8.520535e+03
11.3 8.616076e+03 8.721740e+03 8.608206e+03 8.502542e+03
12.3 8.731146e+03 8.649531e+03 8.603371e+03 8.684986e+03
13.3 8.595623e+03 8.582139e+03 8.602053e+03 8.615537e+03
14.3 8.618043e+03 8.584888e+03 8.602141e+03 8.635296e+03
15.3 8.718049e+03 8.603658e+03 8.602405e+03 8.716796e+03
16.3 8.423812e+03 8.588494e+03 8.602695e+03 8.438013e+03
17.3 8.601160e+03 8.563399e+03 8.602958e+03 8.640719e+03
0.8 8.444081e+03 8.536150e+03 8.603456e+03 8.511387e+03
1.8 8.509807e+03 8.506542e+03 8.606917e+03 8.610182e+03
2.8 8.585447e+03 8.558601e+03 8.606196e+03 8.633041e+03
3.8 8.585896e+03 8.629978e+03 8.601892e+03 8.557810e+03
4.8 8.780496e+03 8.699610e+03 8.599045e+03 8.679932e+03
5.8 8.855021e+03 8.676445e+03 8.595094e+03 8.773670e+03
6.8 8.639837e+03 8.648720e+03 8.594235e+03 8.585352e+03
7.8 8.512056e+03 8.568944e+03 8.604277e+03 8.547389e+03
8.8 8.557816e+03 8.648992e+03 8.611711e+03 8.520535e+03
9.8 8.616076e+03 8.721740e+03 8.608206e+03 8.502542e+03
10.8 8.731146e+03 8.649531e+03 8.603371e+03 8.684986e+03
11.8 8.595623e+03 8.582139e+03 8.602053e+03 8.615537e+03
12.8 8.618043e+03 8.584888e+03 8.602141e+03 8.635296e+03
13.8 8.718049e+03 8.603658e+03 8.602405e+03 8.716796e+03
14.8 8.423812e+03 8.588494e+03 8.602695e+03 8.438013e+03
15.8 8.601160e+03 8.563399e+03 8.602958e+03 8.640719e+03
16.8 8.616820e+03 8.588802e+03 8.603129e+03 8.631148e+03
17.8 8.531239e+03 8.568991e+03 8.603203e+03 8.565451e+03
0.6 8.509807e+03 8.506542e+03 8.606917e+03 8.610182e+03
1.6 8.585447e+03 8.558601e+03 8.606196e+03 8.633041e+03
2.6 8.585896e+03 8.629978e+03 8.601892e+03 8.557810e+03
3.6 8.780496e+03 8.699610e+03 8.599045e+03 8.679932e+03
4.6 8.855021e+03 8.676445e+03 8.595094e+03 8.773670e+03
5.6 8.639837e+03 8.648720e+03 8.594235e+03 8.585352e+03
6.6 8.512056e+03 8.568944e+03 8.604277e+03 8.547389e+03
7.6 8.557816e+03 8.648992e+03 8.611711e+03 8.520535e+03
8.6 8.616076e+03 8.721740e+03 8.608206e+03 8.502542e+03
9.6 8.731146e+03 8.649531e+03 8.603371e+03 8.684986e+03
10.6 8.595623e+03 8.582139e+03 8.602053e+03 8.615537e+03
11.6 8.618043e+03 8.584888e+03 8.602141e+03 8.635296e+03
12.6 8.718049e+03 8.603658e+03 8.602405e+03 8.716796e+03
13.6 8.423812e+03 8.588494e+03 8.602695e+03 8.438013e+03
14.6 8.601160e+03 8.563399e+03 8.602958e+03 8.640719e+03
15.6 8.616820e+03 8.588802e+03 8.603129e+03 8.631148e+03
16.6 8.531239e+03 8.568991e+03 8.603203e+03 8.565451e+03
17.6 8.582001e+03 8.556820e+03 8.603218e+03 8.628399e+03
0.3 8.780496e+03 8.699610e+03 8.599045e+03 8.679932e+03
1.3 8.855021e+03 8.676445e+03 8.595094e+03 8.773670e+03
2.3 8.639837e+03 8.648720e+03 8.594235e+03 8.585352e+03
3.3 8.512056e+03 8.568944e+03 8.604277e+03 8.547389e+03
4.3 8.557816e+03 8.648992e+03 8.611711e+03 8.520535e+03
5.3 8.616076e+03 8.721740e+03 8.608206e+03 8.502542e+03
6.3 8.731146e+03 8.649531e+03 8.603371e+03 8.684986e+03
7.3 8.595623e+03 8.582139e+03 8.602053e+03 8.615537e+03
8.3 8.618043e+03 8.584888e+03 8.602141e+03 8.635296e+03
9.3 8.718049e+03 8.603658e+03 8.602405e+03 8.716796e+03
10.3 8.423812e+03 8.588494e+03 8.602695e+03 8.438013e+03
11.3 8.601160e+03 8.563399e+03 8.602958e+03 8.640719e+03
12.3 8.616820e+03 8.588802e+03 8.603129e+03 8.631148e+03
13.3 8.531239e+03 8.568991e+03 8.603203e+03 8.565451e+03
14.3 8.582001e+03 8.556820e+03 8.603218e+03 8.628399e+03
15.3 8.657243e+03 8.575752e+03 8.603212e+03 8.684704e+03
16.3 8.537664e+03 8.563966e+03 8.603205e+03 8.576903e+03
17.3 8.590436e+03 8.565110e+03 8.603201e+03 8.628527e+03
0.9 8.512056e+03 8.568944e+03 8.604277e+03 8.547389e+03
1.9 8.557816e+03 8.648992e+03 8.611711e+03 8.520535e+03
2.9 8.616076e+03 8.721740e+03 8.608206e+03 8.502542e+03
3.9 8.731146e+03 8.649531e+03 8.603371e+03 8.684986e+03
4.9 8.595623e+03 8.582139e+03 8.602053e+03 8.615537e+03
5.9 8.618043e+03 8.584888e+03 8.602141e+03 8.635296e+03
6.9 8.718049e+03 8.603658e+03 8.602405e+03 8.716796e+03
7.9 8.423812e+03 8.588494e+03 8.602695e+03 8.438013e+03
8.9 8.601160e+03 8.563399e+03 8.602958e+03 8.640719e+03
9.9 8.616820e+03 8.588802e+03 8.603129e+03 8.631148e+03
10.9 8.531239e+03 8.568991e+03 8.603203e+03 8.565451e+03
11.9 8.582001e+03 8.556820e+03 8.603218e+03 8.628399e+03
12.9 8.657243e+03 8.575752e+03 8.603212e+03 8.684704e+03
13.9 8.537664e+03 8.563966e+03 8.603205e+03 8.576903e+03
14.9 8.590436e+03 8.565110e+03 8.603201e+03 8.628527e+03
15.9 8.555568e+03 8.537076e+03 8.603200e+03 8.621692e+03
16.9 8.609430e+03 8.530830e+03 8.603202e+03 8.681801e+03
17.9 8.748333e+03 8.529245e+03 8.603205e+03 8.822293e+03
0.6 8.538613e+03 8.612905e+03 8.602718e+03 8.528427e+03
1.6 8.501697e+03 8.620764e+03 8.600811e+03 8.481744e+03
2.6 8.735819e+03 8.599469e+03 8.603303e+03 8.739654e+03
3.6 8.456090e+03 8.636851e+03 8.607360e+03 8.426599e+03
4.6 8.587968e+03 8.625097e+03 8.605225e+03 8.568096e+03
5.6 8.701272e+03 8.623115e+03 8.602435e+03 8.680593e+03
6.6 8.667481e+03 8.651494e+03 8.602775e+03 8.618762e+03
7.6 8.544632e+03 8.640701e+03 8.602930e+03 8.506861e+03
8.6 8.667174e+03 8.632627e+03 8.600077e+03 8.634624e+03
9.6 8.562799e+03 8.613124e+03 8.599901e+03 8.549575e+03
10.6 8.575666e+03 8.616151e+03 8.603509e+03 8.563024e+03
11.6 8.850077e+03 8.636418e+03 8.605109e+03 8.818768e+03
12.6 8.561257e+03 8.633824e+03 8.604890e+03 8.532323e+03
13.6 8.599233e+03 8.632888e+03 8.604463e+03 8.570808e+03
14.6 8.603362e+03 8.582620e+03 8.603917e+03 8.624659e+03
15.6 8.608435e+03 8.600483e+03 8.603417e+03 8.611369e+03
16.6 8.559033e+03 8.619150e+03 8.602974e+03 8.542857e+03
17.6 8.470126e+03 8.619240e+03 8.602713e+03 8.453600e+03
1.0 8.735819e+03 8.599469e+03 8.603303e+03 8.739654e+03
2.0 8.456090e+03 8.636851e+03 8.607360e+03 8.426599e+03
3.0 8.587968e+03 8.625097e+03 8.605225e+03 8.568096e+03
4.0 8.701272e+03 8.623115e+03 8.602435e+03 8.680593e+03
5.0 8.667481e+03 8.651494e+03 8.602775e+03 8.618762e+03
6.0 8.544632e+03 8.640701e+03 8.602930e+03 8.506861e+03
7.0 8.667174e+03 8.632627e+03 8.600077e+03 8.634624e+03
8.0 8.562799e+03 8.613124e+03 8.599901e+03 8.549575e+03
9.0 8.575666e+03 8.616151e+03 8.603509e+03 8.563024e+03
10.0 8.850077e+03 8.636418e+03 8.605109e+03 8.818768e+03
11.0 8.561257e+03 8.633824e+03 8.604890e+03 8.532323e+03
12.0 8.599233e+03 8.632888e+03 8.604463e+03 8.570808e+03
13.0 8.603362e+03 8.582620e+03 8.603917e+03 8.624659e+03
14.0 8.608435e+03 8.600483e+03 8.603417e+03 8.611369e+03
15.0 8.559033e+03 8.619150e+03 8.602974e+03 8.542857e+03
16.0 8.470126e+03 8.619240e+03 8.602713e+03 8.453600e+03
17.0 8.664377e+03 8.607594e+03 8.602821e+03 8.659604e+03
18.0 8.448743e+03 8.645469e+03 8.603120e+03 8.406395e+03
1.0 8.667481e+03 8.651494e+03 8.602775e+03 8.618762e+03
2.0 8.544632e+03 8.640701e+03 8.602930e+03 8.506861e+03
3.0 8.667174e+03 8.632627e+03 8.600077e+03 8.634624e+03
4.0 8.562799e+03 8.613124e+03 8.599901e+03 8.549575e+03
5.0 8.575666e+03 8.616151e+03 8.603509e+03 8.563024e+03
6.0 8.850077e+03 8.636418e+03 8.605109e+03 8.818768e+03
7.0 8.561257e+03 8.633824e+03 8.604890e+03 8.532323e+03
8.0 8.599233e+03 8.632888e+03 8.604463e+03 8.570808e+03
9.0 8.603362e+03 8.582620e+03 8.603917e+03 8.624659e+03
10.0 8.608435e+03 8.600483e+03 8.603417e+03 8.611369e+03
11.0 8.559033e+03 8.619150e+03 8.602974e+03 8.542857e+03
12.0 8.470126e+03 8.619240e+03 8.602713e+03 8.453600e+03
13.0 8.664377e+03 8.607594e+03 8.602821e+03 8.659604e+03
14.0 8.448743e+03 8.645469e+03 8.603120e+03 8.406395e+03
15.0 8.688266e+03 8.662534e+03 8.603792e+03 8.629524e+03
16.0 8.617503e+03 8.572091e+03 8.604249e+03 8.649661e+03
17.0 8.495690e+03 8.529194e+03 8.605458e+03 8.571954e+03
18.0 8.502213e+03 8.566016e+03 8.603906e+03 8.540103e+03
0.5 8.544632e+03 8.640701e+03 8.602930e+03 8.506861e+03
1.5 8.667174e+03 8.632627e+03 8.600077e+03 8.634624e+03
2.5 8.562799e+03 8.613124e+03 8.599901e+03 8.549575e+03
3.5 8.575666e+03 8.616151e+03 8.603509e+03 8.563024e+03
4.5 8.850077e+03 8.636418e+03 8.605109e+03 8.818768e+03
5.5 8.561257e+03 8.633824e+03 8.604890e+03 8.532323e+03
6.5 8.599233e+03 8.632888e+03 8.604463e+03 8.570808e+03
7.5 8.603362e+03 8.582620e+03 8.603917e+03 8.624659e+03
8.5 8.608435e+03 8.600483e+03 8.603417e+03 8.611369e+03
9.5 8.559033e+03 8.619150e+03 8.602974e+03 8.542857e+03
10.5 8.470126e+03 8.619240e+03 8.602713e+03 8.453600e+03
11.5 8.664377e+03 8.607594e+03 8.602821e+03 8.659604e+03
12.5 8.448743e+03 8.645469e+03 8.603120e+03 8.406395e+03
13.5 8.688266e+03 8.662534e+03 8.603792e+03 8.629524e+03
14.5 8.617503e+03 8.572091e+03 8.604249e+03 8.649661e+03
15.5 8.495690e+03 8.529194e+03 8.605458e+03 8.571954e+03
16.5 8.502213e+03 8.566016e+03 8.603906e+03 8.540103e+03
17.5 8.723802e+03 8.647337e+03 8.600375e+03 8.676839e+03
0.4 8.561257e+03 8.633824e+03 8.604890e+03 8.532323e+03
1.4 8.599233e+03 8.632888e+03 8.604463e+03 8.570808e+03
2.4 8.603362e+03 8.582620e+03 8.603917e+03 8.624659e+03
3.4 8.608435e+03 8.600483e+03 8.603417e+03 8.611369e+03
4.4 8.559033e+03 8.619150e+03 8.602974e+03 8.542857e+03
5.4 8.470126e+03 8.619240e+03 8.602713e+03 8.453600e+03
6.4 8.664377e+03 8.607594e+03 8.602821e+03 8.659604e+03
7.4 8.448743e+03 8.645469e+03 8.603120e+03 8.406395e+03
8.4 8.688266e+03 8.662534e+03 8.603792e+03 8.629524e+03
9.4 8.617503e+03 8.572091e+03 8.604249e+03 8.649661e+03
10.4 8.495690e+03 8.529194e+03 8.605458e+03 8.571954e+03
11.4 8.502213e+03 8.566016e+03 8.603906e+03 8.540103e+03
12.4 8.723802e+03 8.647337e+03 8.600375e+03 8.676839e+03
13.4 8.598598e+03 8.638460e+03 8.600973e+03 8.561111e+03
14.4 8.599052e+03 8.644398e+03 8.602881e+03 8.557535e+03
15.4 8.775359e+03 8.673971e+03 8.603525e+03 8.704913e+03
16.4 8.566329e+03 8.631997e+03 8.603579e+03 8.537911e+03
17.4 8.705101e+03 8.580008e+03 8.603537e+03 8.728629e+03
0.5 8.603362e+03 8.582620e+03 8.603917e+03 8.624659e+03
1.5 8.608435e+03 8.600483e+03 8.603417e+03 8.611369e+03
2.5 8.559033e+03 8.619150e+03 8.602974e+03 8.542857e+03
3.5 8.470126e+03 8.619240e+03 8.602713e+03 8.453600e+03
4.5 8.664377e+03 8.607594e+03 8.602821e+03 8.659604e+03
5.5 8.448743e+03 8.645469e+03 8.603120e+03 8.406395e+03
6.5 8.688266e+03 8.662534e+03 8.603792e+03 8.629524e+03
7.5 8.617503e+03 8.572091e+03 8.604249e+03 8.649661e+03
8.5 8.495690e+03 8.529194e+03 8.605458e+03 8.571954e+03
9.5 8.502213e+03 8.566016e+03 8.603906e+03 8.540103e+03
10.5 8.723802e+03 8.647337e+03 8.600375e+03 8.676839e+03
11.5 8.598598e+03 8.638460e+03 8.600973e+03 8.561111e+03
12.5 8.599052e+03 8.644398e+03 8.602881e+03 8.557535e+03
13.5 8.775359e+03 8.673971e+03 8.603525e+03 8.704913e+03
14.5 8.566329e+03 8.631997e+03 8.603579e+03 8.537911e+03
15.5 8.705101e+03 8.580008e+03 8.603537e+03 8.728629e+03
16.5 8.515266e+03 8.565458e+03 8.603466e+03 8.553274e+03
17.5 8.475692e+03 8.547544e+03 8.603385e+03 8.531534e+03
0.1 8.448743e+03 8.645469e+03 8.603120e+03 8.406395e+03
1.1 8.688266e+03 8.662534e+03 8.603792e+03 8.629524e+03
2.1 8.617503e+03 8.572091e+03 8.604249e+03 8.649661e+03
3.1 8.495690e+03 8.529194e+03 8.605458e+03 8.571954e+03
4.1 8.502213e+03 8.566016e+03 8.603906e+03 8.540103e+03
5.1 8.723802e+03 8.647337e+03 8.600375e+03 8.676839e+03
6.1 8.598598e+03 8.638460e+03 8.600973e+03 8.561111e+03
7.1 8.599052e+03 8.644398e+03 8.602881e+03 8.557535e+03
8.1 8.775359e+03 8.673971e+03 8.603525e+03 8.704913e+03
9.1 8.566329e+03 8.631997e+03 8.603579e+03 8.537911e+03
10.1 8.705101e+03 8.580008e+03 8.603537e+03 8.728629e+03
11.1 8.515266e+03 8.565458e+03 8.603466e+03 8.553274e+03
12.1 8.475692e+03 8.547544e+03 8.603385e+03 8.531534e+03
13.1 8.673623e+03 8.577972e+03 8.603330e+03 8.698982e+03
14.1 8.652537e+03 8.587120e+03 8.604056e+03 8.669473e+03
15.1 8.515872e+03 8.603784e+03 8.604763e+03 8.516851e+03
16.1 8.668812e+03 8.618343e+03 8.602675e+03 8.653144e+03
17.1 8.733891e+03 8.619648e+03 8.601232e+03 8.715474e+03
0.2 8.617503e+03 8.572091e+03 8.604249e+03 8.649661e+03
1.2 8.495690e+03 8.529194e+03 8.605458e+03 8.571954e+03
2.2 8.502213e+03 8.566016e+03 8.603906e+03 8.540103e+03
3.2 8.723802e+03 8.647337e+03 8.600375e+03 8.676839e+03
4.2 8.598598e+03 8.638460e+03 8.600973e+03 8.561111e+03
5.2 8.599052e+03 8.644398e+03 8.602881e+03 8.557535e+03
6.2 8.775359e+03 8.673971e+03 8.603525e+03 8.704913e+03
7.2 8.566329e+03 8.631997e+03 8.603579e+03 8.537911e+03
8.2 8.705101e+03 8.580008e+03 8.603537e+03 8.728629e+03
9.2 8.515266e+03 8.565458e+03 8.603466e+03 8.553274e+03
10.2 8.475692e+03 8.547544e+03 8.603385e+03 8.531534e+03
11.2 8.673623e+03 8.577972e+03 8.603330e+03 8.698982e+03
12.2 8.652537e+03 8.587120e+03 8.604056e+03 8.669473e+03
13.2 8.515872e+03 8.603784e+03 8.604763e+03 8.516851e+03
14.2 8.668812e+03 8.618343e+03 8.602675e+03 8.653144e+03
15.2 8.733891e+03 8.619648e+03 8.601232e+03 8.715474e+03
16.2 8.698197e+03 8.644019e+03 8.602639e+03 8.656817e+03
17.2 8.661679e+03 8.634245e+03 8.603552e+03 8.630986e+03
0.3 8.495690e+03 8.529194e+03 8.605458e+03 8.571954e+03
1.3 8.502213e+03 8.566016e+03 8.603906e+03 8.540103e+03
2.3 8.723802e+03 8.647337e+03 8.600375e+03 8.676839e+03
3.3 8.598598e+03 8.638460e+03 8.600973e+03 8.561111e+03
4.3 8.599052e+03 8.644398e+03 8.602881e+03 8.557535e+03
5.3 8.775359e+03 8.673971e+03 8.603525e+03 8.704913e+03
6.3 8.566329e+03 8.631997e+03 8.603579e+03 8.537911e+03
7.3 8.705101e+03 8.580008e+03 8.603537e+03 8.728629e+03
8.3 8.515266e+03 8.565458e+03 8.603466e+03 8.553274e+03
9.3 8.475692e+03 8.547544e+03 8.603385e+03 8.531534e+03
10.3 8.673623e+03 8.577972e+03 8.603330e+03 8.698982e+03
11.3 8.652537e+03 8.587120e+03 8.604056e+03 8.669473e+03
12.3 8.515872e+03 8.603784e+03 8.604763e+03 8.516851e+03
13.3 8.668812e+03 8.618343e+03 8.602675e+03 8.653144e+03
14.3 8.733891e+03 8.619648e+03 8.601232e+03 8.715474e+03
15.3 8.698197e+03 8.644019e+03 8.602639e+03 8.656817e+03
16.3 8.661679e+03 8.634245e+03 8.603552e+03 8.630986e+03
17.3 8.675811e+03 8.652886e+03 8.603783e+03 8.626708e+03
0.6 8.652537e+03 8.587120e+03 8.604056e+03 8.669473e+03
1.6 8.515872e+03 8.603784e+03 8.604763e+03 8.516851e+03
2.6 8.668812e+03 8.618343e+03 8.602675e+03 8.653144e+03
3.6 8.733891e+03 8.619648e+03 8.601232e+03 8.715474e+03
4.6 8.698197e+03 8.644019e+03 8.602639e+03 8.656817e+03
5.6 8.661679e+03 8.634245e+03 8.603552e+03 8.630986e+03
6.6 8.675811e+03 8.652886e+03 8.603783e+03 8.626708e+03
7.6 8.502673e+03 8.618890e+03 8.604406e+03 8.488189e+03
8.6 8.567756e+03 8.566669e+03 8.606649e+03 8.607735e+03
9.6 8.478568e+03 8.534895e+03 8.604824e+03 8.548497e+03
10.6 8.462878e+03 8.600756e+03 8.593609e+03 8.455731e+03
11.6 8.661585e+03 8.689061e+03 8.591289e+03 8.563814e+03
12.6 8.678802e+03 8.629365e+03 8.603035e+03 8.652472e+03
13.6 8.582085e+03 8.555541e+03 8.609811e+03 8.636355e+03
14.6 8.702464e+03 8.582972e+03 8.608824e+03 8.728316e+03
15.6 8.573400e+03 8.606231e+03 8.606373e+03 8.573543e+03
16.6 8.593457e+03 8.616951e+03 8.604615e+03 8.581120e+03
17.6 8.599903e+03 8.576672e+03 8.603524e+03 8.626755e+03
0.7 8.515872e+03 8.603784e+03 8.604763e+03 8.516851e+03
1.7 8.668812e+03 8.618343e+03 8.602675e+03 8.653144e+03
2.7 8.733891e+03 8.619648e+03 8.601232e+03 8.715474e+03
3.7 8.698197e+03 8.644019e+03 8.602639e+03 8.656817e+03
4.7 8.661679e+03 8.634245e+03 8.603552e+03 8.630986e+03
5.7 8.675811e+03 8.652886e+03 8.603783e+03 8.626708e+03
6.7 8.502673e+03 8.618890e+03 8.604406e+03 8.488189e+03
7.7 8.567756e+03 8.566669e+03 8.606649e+03 8.607735e+03
8.7 8.478568e+03 8.534895e+03 8.604824e+03 8.548497e+03
9.7 8.462878e+03 8.600756e+03 8.593609e+03 8.455731e+03
10.7 8.661585e+03 8.689061e+03 8.591289e+03 8.563814e+03
11.7 8.678802e+03 8.629365e+03 8.603035e+03 8.652472e+03
12.7 8.582085e+03 8.555541e+03 8.609811e+03 8.636355e+03
13.7 8.702464e+03 8.582972e+03 8.608824e+03 8.728316e+03
14.7 8.573400e+03 8.606231e+03 8.606373e+03 8.573543e+03
15.7 8.593457e+03 8.616951e+03 8.604615e+03 8.581120e+03
16.7 8.599903e+03 8.576672e+03 8.603524e+03 8.626755e+03
17.7 8.492227e+03 8.578603e+03 8.602949e+03 8.516572e+03
0.4 8.675811e+03 8.652886e+03 8.603783e+03 8.626708e+03
1.4 8.502673e+03 8.618890e+03 8.604406e+03 8.488189e+03
2.4 8.567756e+03 8.566669e+03 8.606649e+03 8.607735e+03
3.4 8.478568e+03 8.534895e+03 8.604824e+03 8.548497e+03
4.4 8.462878e+03 8.600756e+03 8.593609e+03 8.455731e+03
5.4 8.661585e+03 8.689061e+03 8.591289e+03 8.563814e+03
6.4 8.678802e+03 8.629365e+03 8.603035e+03 8.652472e+03
7.4 8.582085e+03 8.555541e+03 8.609811e+03 8.636355e+03
8.4 8.702464e+03 8.582972e+03 8.608824e+03 8.728316e+03
9.4 8.573400e+03 8.606231e+03 8.606373e+03 8.573543e+03
10.4 8.593457e+03 8.616951e+03 8.604615e+03 8.581120e+03
11.4 8.599903e+03 8.576672e+03 8.603524e+03 8.626755e+03
12.4 8.492227e+03 8.578603e+03 8.602949e+03 8.516572e+03
13.4 8.459789e+03 8.558442e+03 8.602769e+03 8.504116e+03
14.4 8.559599e+03 8.539113e+03 8.602815e+03 8.623300e+03
15.4 8.722213e+03 8.527474e+03 8.602931e+03 8.797670e+03
16.4 8.554126e+03 8.524545e+03 8.603035e+03 8.632615e+03
17.4 8.786191e+03 8.576662e+03 8.603106e+03 8.812635e+03
0.2 8.502673e+03 8.618890e+03 8.604406e+03 8.488189e+03
1.2 8.567756e+03 8.566669e+03 8.606649e+03 8.607735e+03
2.2 8.478568e+03 8.534895e+03 8.604824e+03 8.548497e+03
3.2 8.462878e+03 8.600756e+03 8.593609e+03 8.455731e+03
4.2 8.661585e+03 8.689061e+03 8.591289e+03 8.563814e+03
5.2 8.678802e+03 8.629365e+03 8.603035e+03 8.652472e+03
6.2 8.582085e+03 8.555541e+03 8.609811e+03 8.636355e+03
7.2 8.702464e+03 8.582972e+03 8.608824e+03 8.728316e+03
8.2 8.573400e+03 8.606231e+03 8.606373e+03 8.573543e+03
9.2 8.593457e+03 8.616951e+03 8.604615e+03 8.581120e+03
10.2 8.599903e+03 8.576672e+03 8.603524e+03 8.626755e+03
11.2 8.492227e+03 8.578603e+03 8.602949e+03 8.516572e+03
12.2 8.459789e+03 8.558442e+03 8.602769e+03 8.504116e+03
13.2 8.559599e+03 8.539113e+03 8.602815e+03 8.623300e+03
14.2 8.722213e+03 8.527474e+03 8.602931e+03 8.797670e+03
15.2 8.554126e+03 8.524545e+03 8.603035e+03 8.632615e+03
16.2 8.786191e+03 8.576662e+03 8.603106e+03 8.812635e+03
17.2 8.617226e+03 8.618688e+03 8.603488e+03 8.602026e+03
0.6 8.478568e+03 8.534895e+03 8.604824e+03 8.548497e+03
1.6 8.462878e+03 8.600756e+03 8.593609e+03 8.455731e+03
2.6 8.661585e+03 8.689061e+03 8.591289e+03 8.563814e+03
3.6 8.678802e+03 8.629365e+03 8.603035e+03 8.652472e+03
4.6 8.582085e+03 8.555541e+03 8.609811e+03 8.636355e+03
5.6 8.702464e+03 8.582972e+03 8.608824e+03 8.728316e+03
6.6 8.573400e+03 8.606231e+03 8.606373e+03 8.573543e+03
7.6 8.593457e+03 8.616951e+03 8.604615e+03 8.581120e+03
8.6 8.599903e+03 8.576672e+03 8.603524e+03 8.626755e+03
9.6 8.492227e+03 8.578603e+03 8.602949e+03 8.516572e+03
10.6 8.459789e+03 8.558442e+03 8.602769e+03 8.504116e+03
11.6 8.559599e+03 8.539113e+03 8.602815e+03 8.623300e+03
12.6 8.722213e+03 8.527474e+03 8.602931e+03 8.797670e+03
13.6 8.554126e+03 8.524545e+03 8.603035e+03 8.632615e+03
14.6 8.786191e+03 8.576662e+03 8.603106e+03 8.812635e+03
15.6 8.617226e+03 8.618688e+03 8.603488e+03 8.602026e+03
16.6 8.775202e+03 8.650227e+03 8.604708e+03 8.729683e+03
17.6 8.626678e+03 8.614705e+03 8.606181e+03 8.618154e+03
0.6 8.617226e+03 8.618688e+03 8.603488e+03 8.602026e+03
1.6 8.775202e+03 8.650227e+03 8.604708e+03 8.729683e+03
2.6 8.626678e+03 8.614705e+03 8.606181e+03 8.618154e+03
3.6 8.678106e+03 8.647007e+03 8.604572e+03 8.635672e+03
4.6 8.594122e+03 8.655727e+03 8.601362e+03 8.539756e+03
5.6 8.517602e+03 8.666676e+03 8.600741e+03 8.451667e+03
6.6 8.640948e+03 8.630076e+03 8.601649e+03 8.612521e+03
7.6 8.640939e+03 8.625925e+03 8.602774e+03 8.617789e+03
8.6 8.415684e+03 8.621015e+03 8.603747e+03 8.398415e+03
9.6 8.652409e+03 8.628402e+03 8.603866e+03 8.627873e+03
10.6 8.586537e+03 8.641861e+03 8.603148e+03 8.547824e+03
11.6 8.303076e+03 8.584703e+03 8.602674e+03 8.321047e+03
12.6 8.698527e+03 8.632565e+03 8.602772e+03 8.668734e+03
13.6 8.590477e+03 8.638898e+03 8.602989e+03 8.554568e+03
14.6 8.543383e+03 8.680044e+03 8.603140e+03 8.466479e+03
15.6 8.861143e+03 8.631912e+03 8.603226e+03 8.832456e+03
16.6 8.560012e+03 8.605061e+03 8.603264e+03 8.558215e+03
17.6 8.573809e+03 8.578274e+03 8.603268e+03 8.598803e+03
0.4 8.775202e+03 8.650227e+03 8.604708e+03 8.729683e+03
1.4 8.626678e+03 8.614705e+03 8.606181e+03 8.618154e+03
2.4 8.678106e+03 8.647007e+03 8.604572e+03 8.635672e+03
3.4 8.594122e+03 8.655727e+03 8.601362e+03 8.539756e+03
4.4 8.517602e+03 8.666676e+03 8.600741e+03 8.451667e+03
5.4 8.640948e+03 8.630076e+03 8.601649e+03 8.612521e+03
6.4 8.640939e+03 8.625925e+03 8.602774e+03 8.617789e+03
7.4 8.415684e+03 8.621015e+03 8.603747e+03 8.398415e+03
8.4 8.652409e+03 8.628402e+03 8.603866e+03 8.627873e+03
9.4 8.586537e+03 8.641861e+03 8.603148e+03 8.547824e+03
10.4 8.303076e+03 8.584703e+03 8.602674e+03 8.321047e+03
11.4 8.698527e+03 8.632565e+03 8.602772e+03 8.668734e+03
12.4 8.590477e+03 8.638898e+03 8.602989e+03 8.554568e+03
13.4 8.543383e+03 8.680044e+03 8.603140e+03 8.466479e+03
14.4 8.861143e+03 8.631912e+03 8.603226e+03 8.832456e+03
15.4 8.560012e+03 8.605061e+03 8.603264e+03 8.558215e+03
16.4 8.573809e+03 8.578274e+03 8.603268e+03 8.598803e+03
17.4 8.628911e+03 8.551319e+03 8.603256e+03 8.680847e+03
0.9 8.640939e+03 8.625925e+03 8.602774e+03 8.617789e+03
1.9 8.415684e+03 8.621015e+03 8.603747e+03 8.398415e+03
2.9 8.652409e+03 8.628402e+03 8.603866e+03 8.627873e+03
3.9 8.586537e+03 8.641861e+03 8.603148e+03 8.547824e+03
4.9 8.303076e+03 8.584703e+03 8.602674e+03 8.321047e+03
5.9 8.698527e+03 8.632565e+03 8.602772e+03 8.668734e+03
6.9 8.590477e+03 8.638898e+03 8.602989e+03 8.554568e+03
7.9 8.543383e+03 8.680044e+03 8.603140e+03 8.466479e+03
8.9 8.861143e+03 8.631912e+03 8.603226e+03 8.832456e+03
9.9 8.560012e+03 8.605061e+03 8.603264e+03 8.558215e+03
10.9 8.573809e+03 8.578274e+03 8.603268e+03 8.598803e+03
11.9 8.628911e+03 8.551319e+03 8.603256e+03 8.680847e+03
12.9 8.477521e+03 8.547711e+03 8.603238e+03 8.533048e+03
13.9 8.588303e+03 8.501130e+03 8.603223e+03 8.690396e+03
14.9 8.620724e+03 8.548140e+03 8.603212e+03 8.675795e+03
15.9 8.740064e+03 8.595328e+03 8.603203e+03 8.747940e+03
16.9 8.718076e+03 8.620366e+03 8.603197e+03 8.700907e+03
17.9 8.719564e+03 8.610883e+03 8.603187e+03 8.711869e+03
0.8 8.415684e+03 8.621015e+03 8.603747e+03 8.398415e+03
1.8 8.652409e+03 8.628402e+03 8.603866e+03 8.627873e+03
2.8 8.586537e+03 8.641861e+03 8.603148e+03 8.547824e+03
3.8 8.303076e+03 8.584703e+03 8.602674e+03 8.321047e+03
4.8 8.698527e+03 8.632565e+03 8.602772e+03 8.668734e+03
5.8 8.590477e+03 8.638898e+03 8.602989e+03 8.554568e+03
6.8 8.543383e+03 8.680044e+03 8.603140e+03 8.466479e+03
7.8 8.861143e+03 8.631912e+03 8.603226e+03 8.832456e+03
8.8 8.560012e+03 8.605061e+03 8.603264e+03 8.558215e+03
9.8 8.573809e+03 8.578274e+03 8.603268e+03 8.598803e+03
10.8 8.628911e+03 8.551319e+03 8.603256e+03 8.680847e+03
11.8 8.477521e+03 8.547711e+03 8.603238e+03 8.533048e+03
12.8 8.588303e+03 8.501130e+03 8.603223e+03 8.690396e+03
13.8 8.620724e+03 8.548140e+03 8.603212e+03 8.675795e+03
14.8 8.740064e+03 8.595328e+03 8.603203e+03 8.747940e+03
15.8 8.718076e+03 8.620366e+03 8.603197e+03 8.700907e+03
16.8 8.719564e+03 8.610883e+03 8.603187e+03 8.711869e+03
17.8 8.700579e+03 8.622535e+03 8.603178e+03 8.681222e+03
0.6 8.770890e+03 8.605203e+03 8.603426e+03 8.769113e+03
1.6 8.529300e+03 8.619778e+03 8.604669e+03 8.514191e+03
2.6 8.608962e+03 8.585833e+03 8.606402e+03 8.629531e+03
3.6 8.671125e+03 8.621961e+03 8.604715e+03 8.653879e+03
4.6 8.560439e+03 8.649519e+03 8.601287e+03 8.512208e+03
5.6 8.654859e+03 8.657300e+03 8.600867e+03 8.598427e+03
6.6 8.575054e+03 8.599633e+03 8.604243e+03 8.579664e+03
7.6 8.492709e+03 8.541790e+03 8.606256e+03 8.557176e+03
8.6 8.540224e+03 8.584427e+03 8.603703e+03 8.559500e+03
9.6 8.571297e+03 8.625222e+03 8.601170e+03 8.547245e+03
10.6 8.683423e+03 8.610130e+03 8.600763e+03 8.674056e+03
11.6 8.688282e+03 8.663102e+03 8.602113e+03 8.627294e+03
12.6 8.565326e+03 8.624276e+03 8.604019e+03 8.545070e+03
13.6 8.523327e+03 8.601861e+03 8.605159e+03 8.526625e+03
14.6 8.587796e+03 8.585008e+03 8.604575e+03 8.607363e+03
15.6 8.539091e+03 8.585459e+03 8.602672e+03 8.556304e+03
16.6 8.572950e+03 8.554306e+03 8.601587e+03 8.620231e+03
17.6 8.454976e+03 8.577789e+03 8.601998e+03 8.479184e+03
0.5 8.529300e+03 8.619778e+03 8.604669e+03 8.514191e+03
1.5 8.608962e+03 8.585833e+03 8.606402e+03 8.629531e+03
2.5 8.671125e+03 8.621961e+03 8.604715e+03 8.653879e+03
3.5 8.560439e+03 8.649519e+03 8.601287e+03 8.512208e+03
4.5 8.654859e+03 8.657300e+03 8.600867e+03 8.598427e+03
5.5 8.575054e+03 8.599633e+03 8.604243e+03 8.579664e+03
6.5 8.492709e+03 8.541790e+03 8.606256e+03 8.557176e+03
7.5 8.540224e+03 8.584427e+03 8.603703e+03 8.559500e+03
8.5 8.571297e+03 8.625222e+03 8.601170e+03 8.547245e+03
9.5 8.683423e+03 8.610130e+03 8.600763e+03 8.674056e+03
10.5 8.688282e+03 8.663102e+03 8.602113e+03 8.627294e+03
11.5 8.565326e+03 8.624276e+03 8.604019e+03 8.545070e+03
12.5 8.523327e+03 8.601861e+03 8.605159e+03 8.526625e+03
13.5 8.587796e+03 8.585008e+03 8.604575e+03 8.607363e+03
14.5 8.539091e+03 8.585459e+03 8.602672e+03 8.556304e+03
15.5 8.572950e+03 8.554306e+03 8.601587e+03 8.620231e+03
16.5 8.454976e+03 8.577789e+03 8.601998e+03 8.479184e+03
17.5 8.683854e+03 8.579476e+03 8.602689e+03 8.707067e+03
0.5 8.560439e+03 8.649519e+03 8.601287e+03 8.512208e+03
1.5 8.654859e+03 8.657300e+03 8.600867e+03 8.598427e+03
2.5 8.575054e+03 8.599633e+03 8.604243e+03 8.579664e+03
3.5 8.492709e+03 8.541790e+03 8.606256e+03 8.557176e+03
4.5 8.540224e+03 8.584427e+03 8.603703e+03 8.559500e+03
5.5 8.571297e+03 8.625222e+03 8.601170e+03 8.547245e+03
6.5 8.683423e+03 8.610130e+03 8.600763e+03 8.674056e+03
7.5 8.688282e+03 8.663102e+03 8.602113e+03 8.627294e+03
8.5 8.565326e+03 8.624276e+03 8.604019e+03 8.545070e+03
9.5 8.523327e+03 8.601861e+03 8.605159e+03 8.526625e+03
10.5 8.587796e+03 8.585008e+03 8.604575e+03 8.607363e+03
11.5 8.539091e+03 8.585459e+03 8.602672e+03 8.556304e+03
12.5 8.572950e+03 8.554306e+03 8.601587e+03 8.620231e+03
13.5 8.454976e+03 8.577789e+03 8.601998e+03 8.479184e+03
14.5 8.683854e+03 8.579476e+03 8.602689e+03 8.707067e+03
15.5 8.422751e+03 8.540778e+03 8.603162e+03 8.485135e+03
16.5 8.570883e+03 8.525087e+03 8.603459e+03 8.649255e+03
17.5 8.575267e+03 8.534882e+03 8.604407e+03 8.644792e+03
0.3 8.654859e+03 8.657300e+03 8.600867e+03 8.598427e+03
1.3 8.575054e+03 8.599633e+03 8.604243e+03 8.579664e+03
2.3 8.492709e+03 8.541790e+03 8.606256e+03 8.557176e+03
3.3 8.540224e+03 8.584427e+03 8.603703e+03 8.559500e+03
4.3 8.571297e+03 8.625222e+03 8.601170e+03 8.547245e+03
5.3 8.683423e+03 8.610130e+03 8.600763e+03 8.674056e+03
6.3 8.688282e+03 8.663102e+03 8.602113e+03 8.627294e+03
7.3 8.565326e+03 8.624276e+03 8.604019e+03 8.545070e+03
8.3 8.523327e+03 8.601861e+03 8.605159e+03 8.526625e+03
9.3 8.587796e+03 8.585008e+03 8.604575e+03 8.607363e+03
10.3 8.539091e+03 8.585459e+03 8.602672e+03 8.556304e+03
11.3 8.572950e+03 8.554306e+03 8.601587e+03 8.620231e+03
12.3 8.454976e+03 8.577789e+03 8.601998e+03 8.479184e+03
13.3 8.683854e+03 8.579476e+03 8.602689e+03 8.707067e+03
14.3 8.422751e+03 8.540778e+03 8.603162e+03 8.485135e+03
15.3 8.570883e+03 8.525087e+03 8.603459e+03 8.649255e+03
16.3 8.575267e+03 8.534882e+03 8.604407e+03 8.644792e+03
17.3 8.460877e+03 8.516532e+03 8.605178e+03 8.549524e+03
0.9 8.492709e+03 8.541790e+03 8.606256e+03 8.557176e+03
1.9 8.540224e+03 8.584427e+03 8.603703e+03 8.559500e+03
2.9 8.571297e+03 8.625222e+03 8.601170e+03 8.547245e+03
3.9 8.683423e+03 8.610130e+03 8.600763e+03 8.674056e+03
4.9 8.688282e+03 8.663102e+03 8.602113e+03 8.627294e+03
5.9 8.565326e+03 8.624276e+03 8.604019e+03 8.545070e+03
6.9 8.523327e+03 8.601861e+03 8.605159e+03 8.526625e+03
7.9 8.587796e+03 8.585008e+03 8.604575e+03 8.607363e+03
8.9 8.539091e+03 8.585459e+03 8.602672e+03 8.556304e+03
9.9 8.572950e+03 8.554306e+03 8.601587e+03 8.620231e+03
10.9 8.454976e+03 8.577789e+03 8.601998e+03 8.479184e+03
11.9 8.683854e+03 8.579476e+03 8.602689e+03 8.707067e+03
12.9 8.422751e+03 8.540778e+03 8.603162e+03 8.485135e+03
13.9 8.570883e+03 8.525087e+03 8.603459e+03 8.649255e+03
14.9 8.575267e+03 8.534882e+03 8.604407e+03 8.644792e+03
15.9 8.460877e+03 8.516532e+03 8.605178e+03 8.549524e+03
16.9 8.612644e+03 8.512353e+03 8.604404e+03 8.704695e+03
17.9 8.615189e+03 8.567342e+03 8.603013e+03 8.650861e+03
0.5 8.688282e+03 8.663102e+03 8.602113e+03 8.627294e+03
1.5 8.565326e+03 8.624276e+03 8.604019e+03 8.545070e+03
2.5 8.523327e+03 8.601861e+03 8.605159e+03 8.526625e+03
3.5 8.587796e+03 8.585008e+03 8.604575e+03 8.607363e+03
4.5 8.539091e+03 8.585459e+03 8.602672e+03 8.556304e+03
5.5 8.572950e+03 8.554306e+03 8.601587e+03 8.620231e+03
6.5 8.454976e+03 8.577789e+03 8.601998e+03 8.479184e+03
7.5 8.683854e+03 8.579476e+03 8.602689e+03 8.707067e+03
8.5 8.422751e+03 8.540778e+03 8.603162e+03 8.485135e+03
9.5 8.570883e+03 8.525087e+03 8.603459e+03 8.649255e+03
10.5 8.575267e+03 8.534882e+03 8.604407e+03 8.644792e+03
11.5 8.460877e+03 8.516532e+03 8.605178e+03 8.549524e+03
12.5 8.612644e+03 8.512353e+03 8.604404e+03 8.704695e+03
13.5 8.615189e+03 8.567342e+03 8.603013e+03 8.650861e+03
14.5 8.577646e+03 8.635540e+03 8.602218e+03 8.544323e+03
15.5 8.564540e+03 8.554063e+03 8.602324e+03 8.612801e+03
16.5 8.513849e+03 8.472299e+03 8.602772e+03 8.644322e+03
17.5 8.226370e+03 8.403219e+03 8.603130e+03 8.426281e+03
0.9 8.523327e+03 8.601861e+03 8.605159e+03 8.526625e+03
1.9 8.587796e+03 8.585008e+03 8.604575e+03 8.607363e+03
2.9 8.539091e+03 8.585459e+03 8.602672e+03 8.556304e+03
3.9 8.572950e+03 8.554306e+03 8.601587e+03 8.620231e+03
4.9 8.454976e+03 8.577789e+03 8.601998e+03 8.479184e+03
5.9 8.683854e+03 8.579476e+03 8.602689e+03 8.707067e+03
6.9 8.422751e+03 8.540778e+03 8.603162e+03 8.485135e+03
7.9 8.570883e+03 8.525087e+03 8.603459e+03 8.649255e+03
8.9 8.575267e+03 8.534882e+03 8.604407e+03 8.644792e+03
9.9 8.460877e+03 8.516532e+03 8.605178e+03 8.549524e+03
10.9 8.612644e+03 8.512353e+03 8.604404e+03 8.704695e+03
11.9 8.615189e+03 8.567342e+03 8.603013e+03 8.650861e+03
12.9 8.577646e+03 8.635540e+03 8.602218e+03 8.544323e+03
13.9 8.564540e+03 8.554063e+03 8.602324e+03 8.612801e+03
14.9 8.513849e+03 8.472299e+03 8.602772e+03 8.644322e+03
15.9 8.226370e+03 8.403219e+03 8.603130e+03 8.426281e+03
16.9 8.392373e+03 8.585208e+03 8.603334e+03 8.410499e+03
17.9 8.752535e+03 8.662864e+03 8.603075e+03 8.692745e+03
0.8 8.575267e+03 8.534882e+03 8.604407e+03 8.644792e+03
1.8 8.460877e+03 8.516532e+03 8.605178e+03 8.549524e+03
2.8 8.612644e+03 8.512353e+03 8.604404e+03 8.704695e+03
3.8 8.615189e+03 8.567342e+03 8.603013e+03 8.650861e+03
4.8 8.577646e+03 8.635540e+03 8.602218e+03 8.544323e+03
5.8 8.564540e+03 8.554063e+03 8.602324e+03 8.612801e+03
6.8 8.513849e+03 8.472299e+03 8.602772e+03 8.644322e+03
7.8 8.226370e+03 8.403219e+03 8.603130e+03 8.426281e+03
8.8 8.392373e+03 8.585208e+03 8.603334e+03 8.410499e+03
9.8 8.752535e+03 8.662864e+03 8.603075e+03 8.692745e+03
10.8 8.594824e+03 8.695633e+03 8.596305e+03 8.495495e+03
11.8 8.695964e+03 8.643818e+03 8.590665e+03 8.642810e+03
12.8 8.565831e+03 8.647581e+03 8.600278e+03 8.518528e+03
13.8 8.761164e+03 8.687326e+03 8.610822e+03 8.684660e+03
14.8 8.710537e+03 8.724559e+03 8.611361e+03 8.597339e+03
15.8 8.688911e+03 8.685962e+03 8.608719e+03 8.611668e+03
16.8 8.736610e+03 8.688518e+03 8.606111e+03 8.654203e+03
17.8 8.802134e+03 8.704840e+03 8.604199e+03 8.701493e+03
0.2 8.460877e+03 8.516532e+03 8.605178e+03 8.549524e+03
1.2 8.612644e+03 8.512353e+03 8.604404e+03 8.704695e+03
2.2 8.615189e+03 8.567342e+03 8.603013e+03 8.650861e+03
3.2 8.577646e+03 8.635540e+03 8.602218e+03 8.544323e+03
4.2 8.564540e+03 8.554063e+03 8.602324e+03 8.612801e+03
5.2 8.513849e+03 8.472299e+03 8.602772e+03 8.644322e+03
6.2 8.226370e+03 8.403219e+03 8.603130e+03 8.426281e+03
7.2 8.392373e+03 8.585208e+03 8.603334e+03 8.410499e+03
8.2 8.752535e+03 8.662864e+03 8.603075e+03 8.692745e+03
9.2 8.594824e+03 8.695633e+03 8.596305e+03 8.495495e+03
10.2 8.695964e+03 8.643818e+03 8.590665e+03 8.642810e+03
11.2 8.565831e+03 8.647581e+03 8.600278e+03 8.518528e+03
12.2 8.761164e+03 8.687326e+03 8.610822e+03 8.684660e+03
13.2 8.710537e+03 8.724559e+03 8.611361e+03 8.597339e+03
14.2 8.688911e+03 8.685962e+03 8.608719e+03 8.611668e+03
15.2 8.736610e+03 8.688518e+03 8.606111e+03 8.654203e+03
16.2 8.802134e+03 8.704840e+03 8.604199e+03 8.701493e+03
17.2 8.665280e+03 8.659425e+03 8.603093e+03 8.608949e+03
0.4 8.752535e+03 8.662864e+03 8.603075e+03 8.692745e+03
1.4 8.594824e+03 8.695633e+03 8.596305e+03 8.495495e+03
2.4 8.695964e+03 8.643818e+03 8.590665e+03 8.642810e+03
3.4 8.565831e+03 8.647581e+03 8.600278e+03 8.518528e+03
4.4 8.761164e+03 8.687326e+03 8.610822e+03 8.684660e+03
5.4 8.710537e+03 8.724559e+03 8.611361e+03 8.597339e+03
6.4 8.688911e+03 8.685962e+03 8.608719e+03 8.611668e+03
7.4 8.736610e+03 8.688518e+03 8.606111e+03 8.654203e+03
8.4 8.802134e+03 8.704840e+03 8.604199e+03 8.701493e+03
9.4 8.665280e+03 8.659425e+03 8.603093e+03 8.608949e+03
10.4 8.674032e+03 8.655485e+03 8.602646e+03 8.621193e+03
11.4 8.751583e+03 8.647352e+03 8.602602e+03 8.706833e+03
12.4 8.600894e+03 8.635549e+03 8.602726e+03 8.568070e+03
13.4 8.572031e+03 8.688078e+03 8.602870e+03 8.486823e+03
14.4 8.759015e+03 8.671438e+03 8.602976e+03 8.690553e+03
15.4 8.774348e+03 8.580538e+03 8.603037e+03 8.796846e+03
16.4 8.514280e+03 8.587830e+03 8.603065e+03 8.529515e+03
17.4 8.529244e+03 8.577346e+03 8.603075e+03 8.554973e+03
0.7 8.565831e+03 8.647581e+03 8.600278e+03 8.518528e+03
1.7 8.761164e+03 8.687326e+03 8.610822e+03 8.684660e+03
2.7 8.710537e+03 8.724559e+03 8.611361e+03 8.597339e+03
3.7 8.688911e+03 8.685962e+03 8.608719e+03 8.611668e+03
4.7 8.736610e+03 8.688518e+03 8.606111e+03 8.654203e+03
5.7 8.802134e+03 8.704840e+03 8.604199e+03 8.701493e+03
6.7 8.665280e+03 8.659425e+03 8.603093e+03 8.608949e+03
7.7 8.674032e+03 8.655485e+03 8.602646e+03 8.621193e+03
8.7 8.751583e+03 8.647352e+03 8.602602e+03 8.706833e+03
9.7 8.600894e+03 8.635549e+03 8.602726e+03 8.568070e+03
10.7 8.572031e+03 8.688078e+03 8.602870e+03 8.486823e+03
11.7 8.759015e+03 8.671438e+03 8.602976e+03 8.690553e+03
12.7 8.774348e+03 8.580538e+03 8.603037e+03 8.796846e+03
13.7 8.514280e+03 8.587830e+03 8.603065e+03 8.529515e+03
14.7 8.529244e+03 8.577346e+03 8.603075e+03 8.554973e+03
15.7 8.808554e+03 8.561870e+03 8.603078e+03 8.849761e+03
16.7 8.396549e+03 8.546860e+03 8.603078e+03 8.452767e+03
17.7 8.460679e+03 8.526663e+03 8.603079e+03 8.537094e+03
0.2 8.685198e+03 8.614553e+03 8.603167e+03 8.673812e+03
1.2 8.659316e+03 8.643078e+03 8.602954e+03 8.619192e+03
2.2 8.686660e+03 8.601617e+03 8.602824e+03 8.687867e+03
3.2 8.602303e+03 8.599383e+03 8.603636e+03 8.606555e+03
4.2 8.630937e+03 8.622267e+03 8.603885e+03 8.612555e+03
0.2 8.686660e+03 8.601617e+03 8.602824e+03 8.687867e+03
1.2 8.602303e+03 8.599383e+03 8.603636e+03 8.606555e+03
2.2 8.630937e+03 8.622267e+03 8.603885e+03 8.612555e+03
