0.7 2.087851e+03 2.054281e+03 2.039485e+03 2.073055e+03
1.7 2.072796e+03 2.014327e+03 2.039548e+03 2.098017e+03
2.7 2.026888e+03 2.060661e+03 2.039398e+03 2.005625e+03
3.7 2.053144e+03 2.016441e+03 2.039062e+03 2.075765e+03
4.7 2.049377e+03 2.035210e+03 2.038603e+03 2.052771e+03
5.7 2.059833e+03 2.072207e+03 2.038836e+03 2.026462e+03
6.7 2.026426e+03 2.020336e+03 2.040011e+03 2.046100e+03
7.7 2.034082e+03 2.034273e+03 2.040234e+03 2.040043e+03
8.7 2.021247e+03 1.995532e+03 2.038376e+03 2.064092e+03
9.7 1.982544e+03 2.052690e+03 2.034901e+03 1.964754e+03
10.7 2.021352e+03 2.062611e+03 2.033084e+03 1.991825e+03
11.7 2.112993e+03 2.108488e+03 2.034323e+03 2.038828e+03
12.7 1.991712e+03 2.027926e+03 2.036135e+03 1.999921e+03
13.7 2.051953e+03 2.036972e+03 2.037343e+03 2.052324e+03
14.7 1.977440e+03 1.997301e+03 2.037971e+03 2.018110e+03
15.7 2.054786e+03 2.004434e+03 2.038218e+03 2.088569e+03
16.7 2.003738e+03 2.043148e+03 2.038239e+03 1.998829e+03
17.7 2.084444e+03 2.020151e+03 2.038159e+03 2.102452e+03
0.4 2.072796e+03 2.014327e+03 2.039548e+03 2.098017e+03
1.4 2.026888e+03 2.060661e+03 2.039398e+03 2.005625e+03
2.4 2.053144e+03 2.016441e+03 2.039062e+03 2.075765e+03
3.4 2.049377e+03 2.035210e+03 2.038603e+03 2.052771e+03
4.4 2.059833e+03 2.072207e+03 2.038836e+03 2.026462e+03
5.4 2.026426e+03 2.020336e+03 2.040011e+03 2.046100e+03
6.4 2.034082e+03 2.034273e+03 2.040234e+03 2.040043e+03
7.4 2.021247e+03 1.995532e+03 2.038376e+03 2.064092e+03
8.4 1.982544e+03 2.052690e+03 2.034901e+03 1.964754e+03
9.4 2.021352e+03 2.062611e+03 2.033084e+03 1.991825e+03
10.4 2.112993e+03 2.108488e+03 2.034323e+03 2.038828e+03
11.4 1.991712e+03 2.027926e+03 2.036135e+03 1.999921e+03
12.4 2.051953e+03 2.036972e+03 2.037343e+03 2.052324e+03
13.4 1.977440e+03 1.997301e+03 2.037971e+03 2.018110e+03
14.4 2.054786e+03 2.004434e+03 2.038218e+03 2.088569e+03
15.4 2.003738e+03 2.043148e+03 2.038239e+03 1.998829e+03
16.4 2.084444e+03 2.020151e+03 2.038159e+03 2.102452e+03
17.4 2.043031e+03 2.050817e+03 2.038064e+03 2.030278e+03
0.7 2.053144e+03 2.016441e+03 2.039062e+03 2.075765e+03
1.7 2.049377e+03 2.035210e+03 2.038603e+03 2.052771e+03
2.7 2.059833e+03 2.072207e+03 2.038836e+03 2.026462e+03
3.7 2.026426e+03 2.020336e+03 2.040011e+03 2.046100e+03
4.7 2.034082e+03 2.034273e+03 2.040234e+03 2.040043e+03
5.7 2.021247e+03 1.995532e+03 2.038376e+03 2.064092e+03
6.7 1.982544e+03 2.052690e+03 2.034901e+03 1.964754e+03
7.7 2.021352e+03 2.062611e+03 2.033084e+03 1.991825e+03
8.7 2.112993e+03 2.108488e+03 2.034323e+03 2.038828e+03
9.7 1.991712e+03 2.027926e+03 2.036135e+03 1.999921e+03
10.7 2.051953e+03 2.036972e+03 2.037343e+03 2.052324e+03
11.7 1.977440e+03 1.997301e+03 2.037971e+03 2.018110e+03
12.7 2.054786e+03 2.004434e+03 2.038218e+03 2.088569e+03
13.7 2.003738e+03 2.043148e+03 2.038239e+03 1.998829e+03
14.7 2.084444e+03 2.020151e+03 2.038159e+03 2.102452e+03
15.7 2.043031e+03 2.050817e+03 2.038064e+03 2.030278e+03
16.7 2.057402e+03 1.999188e+03 2.037993e+03 2.096207e+03
17.7 2.077002e+03 2.046518e+03 2.037950e+03 2.068434e+03
1.0 2.059833e+03 2.072207e+03 2.038836e+03 2.026462e+03
2.0 2.026426e+03 2.020336e+03 2.040011e+03 2.046100e+03
3.0 2.034082e+03 2.034273e+03 2.040234e+03 2.040043e+03
4.0 2.021247e+03 1.995532e+03 2.038376e+03 2.064092e+03
5.0 1.982544e+03 2.052690e+03 2.034901e+03 1.964754e+03
6.0 2.021352e+03 2.062611e+03 2.033084e+03 1.991825e+03
7.0 2.112993e+03 2.108488e+03 2.034323e+03 2.038828e+03
8.0 1.991712e+03 2.027926e+03 2.036135e+03 1.999921e+03
9.0 2.051953e+03 2.036972e+03 2.037343e+03 2.052324e+03
10.0 1.977440e+03 1.997301e+03 2.037971e+03 2.018110e+03
11.0 2.054786e+03 2.004434e+03 2.038218e+03 2.088569e+03
12.0 2.003738e+03 2.043148e+03 2.038239e+03 1.998829e+03
13.0 2.084444e+03 2.020151e+03 2.038159e+03 2.102452e+03
14.0 2.043031e+03 2.050817e+03 2.038064e+03 2.030278e+03
15.0 2.057402e+03 1.999188e+03 2.037993e+03 2.096207e+03
16.0 2.077002e+03 2.046518e+03 2.037950e+03 2.068434e+03
17.0 2.014915e+03 2.033850e+03 2.037929e+03 2.018994e+03
18.0 1.988873e+03 2.033358e+03 2.037918e+03 1.993434e+03
0.9 2.026426e+03 2.020336e+03 2.040011e+03 2.046100e+03
1.9 2.034082e+03 2.034273e+03 2.040234e+03 2.040043e+03
2.9 2.021247e+03 1.995532e+03 2.038376e+03 2.064092e+03
3.9 1.982544e+03 2.052690e+03 2.034901e+03 1.964754e+03
4.9 2.021352e+03 2.062611e+03 2.033084e+03 1.991825e+03
5.9 2.112993e+03 2.108488e+03 2.034323e+03 2.038828e+03
6.9 1.991712e+03 2.027926e+03 2.036135e+03 1.999921e+03
7.9 2.051953e+03 2.036972e+03 2.037343e+03 2.052324e+03
8.9 1.977440e+03 1.997301e+03 2.037971e+03 2.018110e+03
9.9 2.054786e+03 2.004434e+03 2.038218e+03 2.088569e+03
10.9 2.003738e+03 2.043148e+03 2.038239e+03 1.998829e+03
11.9 2.084444e+03 2.020151e+03 2.038159e+03 2.102452e+03
12.9 2.043031e+03 2.050817e+03 2.038064e+03 2.030278e+03
13.9 2.057402e+03 1.999188e+03 2.037993e+03 2.096207e+03
14.9 2.077002e+03 2.046518e+03 2.037950e+03 2.068434e+03
15.9 2.014915e+03 2.033850e+03 2.037929e+03 2.018994e+03
16.9 1.988873e+03 2.033358e+03 2.037918e+03 1.993434e+03
17.9 2.009597e+03 2.018943e+03 2.037913e+03 2.028568e+03
0.6 2.034082e+03 2.034273e+03 2.040234e+03 2.040043e+03
1.6 2.021247e+03 1.995532e+03 2.038376e+03 2.064092e+03
2.6 1.982544e+03 2.052690e+03 2.034901e+03 1.964754e+03
3.6 2.021352e+03 2.062611e+03 2.033084e+03 1.991825e+03
4.6 2.112993e+03 2.108488e+03 2.034323e+03 2.038828e+03
5.6 1.991712e+03 2.027926e+03 2.036135e+03 1.999921e+03
6.6 2.051953e+03 2.036972e+03 2.037343e+03 2.052324e+03
7.6 1.977440e+03 1.997301e+03 2.037971e+03 2.018110e+03
8.6 2.054786e+03 2.004434e+03 2.038218e+03 2.088569e+03
9.6 2.003738e+03 2.043148e+03 2.038239e+03 1.998829e+03
10.6 2.084444e+03 2.020151e+03 2.038159e+03 2.102452e+03
11.6 2.043031e+03 2.050817e+03 2.038064e+03 2.030278e+03
12.6 2.057402e+03 1.999188e+03 2.037993e+03 2.096207e+03
13.6 2.077002e+03 2.046518e+03 2.037950e+03 2.068434e+03
14.6 2.014915e+03 2.033850e+03 2.037929e+03 2.018994e+03
15.6 1.988873e+03 2.033358e+03 2.037918e+03 1.993434e+03
16.6 2.009597e+03 2.018943e+03 2.037913e+03 2.028568e+03
17.6 1.945886e+03 2.030768e+03 2.037910e+03 1.953028e+03
0.7 2.041308e+03 2.024390e+03 2.037724e+03 2.054641e+03
1.7 2.055473e+03 2.066597e+03 2.038949e+03 2.027825e+03
2.7 2.084156e+03 2.063492e+03 2.039515e+03 2.060179e+03
3.7 2.033458e+03 2.077453e+03 2.038886e+03 1.994891e+03
4.7 2.061832e+03 2.016485e+03 2.037616e+03 2.082963e+03
5.7 2.085204e+03 2.101424e+03 2.037034e+03 2.020814e+03
6.7 2.020536e+03 2.009596e+03 2.036314e+03 2.047254e+03
7.7 2.048762e+03 2.003562e+03 2.036007e+03 2.081207e+03
8.7 2.102227e+03 2.024176e+03 2.037596e+03 2.115647e+03
9.7 1.941042e+03 2.037936e+03 2.039913e+03 1.943018e+03
10.7 2.048057e+03 2.018676e+03 2.040627e+03 2.070008e+03
11.7 2.089475e+03 2.012866e+03 2.038902e+03 2.115511e+03
12.7 2.026126e+03 2.069127e+03 2.037058e+03 1.994057e+03
13.7 1.943950e+03 2.009064e+03 2.036749e+03 1.971635e+03
14.7 2.074327e+03 2.067489e+03 2.037105e+03 2.043943e+03
15.7 2.117787e+03 2.063223e+03 2.037458e+03 2.092022e+03
16.7 2.034812e+03 2.017249e+03 2.037702e+03 2.055265e+03
17.7 1.976976e+03 2.036581e+03 2.037847e+03 1.978243e+03
0.2 2.055473e+03 2.066597e+03 2.038949e+03 2.027825e+03
1.2 2.084156e+03 2.063492e+03 2.039515e+03 2.060179e+03
2.2 2.033458e+03 2.077453e+03 2.038886e+03 1.994891e+03
3.2 2.061832e+03 2.016485e+03 2.037616e+03 2.082963e+03
4.2 2.085204e+03 2.101424e+03 2.037034e+03 2.020814e+03
5.2 2.020536e+03 2.009596e+03 2.036314e+03 2.047254e+03
6.2 2.048762e+03 2.003562e+03 2.036007e+03 2.081207e+03
7.2 2.102227e+03 2.024176e+03 2.037596e+03 2.115647e+03
8.2 1.941042e+03 2.037936e+03 2.039913e+03 1.943018e+03
9.2 2.048057e+03 2.018676e+03 2.040627e+03 2.070008e+03
10.2 2.089475e+03 2.012866e+03 2.038902e+03 2.115511e+03
11.2 2.026126e+03 2.069127e+03 2.037058e+03 1.994057e+03
12.2 1.943950e+03 2.009064e+03 2.036749e+03 1.971635e+03
13.1 2.074327e+03 2.067489e+03 2.037105e+03 2.043943e+03
14.1 2.117787e+03 2.063223e+03 2.037458e+03 2.092022e+03
15.1 2.034812e+03 2.017249e+03 2.037702e+03 2.055265e+03
16.1 1.976976e+03 2.036581e+03 2.037847e+03 1.978243e+03
17.1 2.199759e+03 2.082962e+03 2.037909e+03 2.154706e+03
0.3 2.102227e+03 2.024176e+03 2.037596e+03 2.115647e+03
1.3 1.941042e+03 2.037936e+03 2.039913e+03 1.943018e+03
2.3 2.048057e+03 2.018676e+03 2.040627e+03 2.070008e+03
3.3 2.089475e+03 2.012866e+03 2.038902e+03 2.115511e+03
4.3 2.026126e+03 2.069127e+03 2.037058e+03 1.994057e+03
5.3 1.943950e+03 2.009064e+03 2.036749e+03 1.971635e+03
6.3 2.074327e+03 2.067489e+03 2.037105e+03 2.043943e+03
7.3 2.117787e+03 2.063223e+03 2.037458e+03 2.092022e+03
8.3 2.034812e+03 2.017249e+03 2.037702e+03 2.055265e+03
9.3 1.976976e+03 2.036581e+03 2.037847e+03 1.978243e+03
10.3 2.199759e+03 2.082962e+03 2.037909e+03 2.154706e+03
11.3 2.154635e+03 2.077334e+03 2.037916e+03 2.115217e+03
12.3 1.980892e+03 2.046066e+03 2.037899e+03 1.972726e+03
13.3 2.061002e+03 2.074787e+03 2.037881e+03 2.024096e+03
14.3 2.003386e+03 2.046538e+03 2.037867e+03 1.994716e+03
15.3 1.995305e+03 2.040307e+03 2.037860e+03 1.992858e+03
16.3 1.996678e+03 2.032058e+03 2.037857e+03 2.002477e+03
17.3 2.016630e+03 1.988494e+03 2.037856e+03 2.065993e+03
0.4 1.941042e+03 2.037936e+03 2.039913e+03 1.943018e+03
1.4 2.048057e+03 2.018676e+03 2.040627e+03 2.070008e+03
2.4 2.089475e+03 2.012866e+03 2.038902e+03 2.115511e+03
3.4 2.026126e+03 2.069127e+03 2.037058e+03 1.994057e+03
4.4 1.943950e+03 2.009064e+03 2.036749e+03 1.971635e+03
5.4 2.074327e+03 2.067489e+03 2.037105e+03 2.043943e+03
6.4 2.117787e+03 2.063223e+03 2.037458e+03 2.092022e+03
7.4 2.034812e+03 2.017249e+03 2.037702e+03 2.055265e+03
8.4 1.976976e+03 2.036581e+03 2.037847e+03 1.978243e+03
9.4 2.199759e+03 2.082962e+03 2.037909e+03 2.154706e+03
10.4 2.154635e+03 2.077334e+03 2.037916e+03 2.115217e+03
11.4 1.980892e+03 2.046066e+03 2.037899e+03 1.972726e+03
12.4 2.061002e+03 2.074787e+03 2.037881e+03 2.024096e+03
13.4 2.003386e+03 2.046538e+03 2.037867e+03 1.994716e+03
14.4 1.995305e+03 2.040307e+03 2.037860e+03 1.992858e+03
15.4 1.996678e+03 2.032058e+03 2.037857e+03 2.002477e+03
16.4 2.016630e+03 1.988494e+03 2.037856e+03 2.065993e+03
17.4 2.098142e+03 2.064033e+03 2.037856e+03 2.071965e+03
0.6 2.062940e+03 2.124778e+03 2.038487e+03 1.976650e+03
1.6 2.102793e+03 2.097375e+03 2.038928e+03 2.044347e+03
2.6 2.118984e+03 2.149009e+03 2.038318e+03 2.008293e+03
3.6 2.118031e+03 2.114064e+03 2.037567e+03 2.041534e+03
4.6 2.180312e+03 2.122694e+03 2.037440e+03 2.095058e+03
5.6 2.063422e+03 2.033119e+03 2.037574e+03 2.067877e+03
6.6 2.143620e+03 2.083211e+03 2.037703e+03 2.098112e+03
7.6 1.985073e+03 1.992834e+03 2.037793e+03 2.030032e+03
8.6 1.997506e+03 2.061818e+03 2.037849e+03 1.973537e+03
9.6 2.137524e+03 2.060138e+03 2.037874e+03 2.115260e+03
10.6 2.044443e+03 2.090738e+03 2.037879e+03 1.991583e+03
11.6 2.103856e+03 2.093553e+03 2.037874e+03 2.048177e+03
12.6 2.110438e+03 2.068699e+03 2.037867e+03 2.079606e+03
13.6 2.070002e+03 2.091772e+03 2.037863e+03 2.016092e+03
14.6 2.021496e+03 2.051739e+03 2.037860e+03 2.007617e+03
15.6 2.011840e+03 2.069160e+03 2.037859e+03 1.980538e+03
16.6 2.068868e+03 1.996316e+03 2.037858e+03 2.110409e+03
17.6 2.098063e+03 2.065211e+03 2.037858e+03 2.070710e+03
0.3 2.056417e+03 2.030273e+03 2.038651e+03 2.064794e+03
1.3 2.091243e+03 2.112794e+03 2.040311e+03 2.018760e+03
2.3 1.975905e+03 2.048291e+03 2.040809e+03 1.968423e+03
3.3 2.074383e+03 2.071901e+03 2.041059e+03 2.043540e+03
4.3 1.976442e+03 1.976071e+03 2.039789e+03 2.040161e+03
5.3 2.076275e+03 2.047818e+03 2.036770e+03 2.065228e+03
6.3 1.994049e+03 2.002004e+03 2.035363e+03 2.027409e+03
7.3 2.030802e+03 1.973178e+03 2.035928e+03 2.093552e+03
8.3 1.969976e+03 2.022143e+03 2.036825e+03 1.984658e+03
9.3 1.965607e+03 2.019116e+03 2.037449e+03 1.983939e+03
10.3 2.066281e+03 2.064342e+03 2.037804e+03 2.039744e+03
11.3 2.056445e+03 2.069510e+03 2.037966e+03 2.024901e+03
12.3 2.151121e+03 2.086938e+03 2.038000e+03 2.102183e+03
13.3 1.975264e+03 2.039434e+03 2.037971e+03 1.973802e+03
14.3 2.035745e+03 2.049365e+03 2.037929e+03 2.024309e+03
15.3 2.014514e+03 2.012475e+03 2.037896e+03 2.039935e+03
16.3 2.080657e+03 2.037610e+03 2.037876e+03 2.080924e+03
17.3 2.000524e+03 2.040332e+03 2.037867e+03 1.998058e+03
0.7 1.975905e+03 2.048291e+03 2.040809e+03 1.968423e+03
1.7 2.074383e+03 2.071901e+03 2.041059e+03 2.043540e+03
2.7 1.976442e+03 1.976071e+03 2.039789e+03 2.040161e+03
3.7 2.076275e+03 2.047818e+03 2.036770e+03 2.065228e+03
4.7 1.994049e+03 2.002004e+03 2.035363e+03 2.027409e+03
5.7 2.030802e+03 1.973178e+03 2.035928e+03 2.093552e+03
6.7 1.969976e+03 2.022143e+03 2.036825e+03 1.984658e+03
7.7 1.965607e+03 2.019116e+03 2.037449e+03 1.983939e+03
8.7 2.066281e+03 2.064342e+03 2.037804e+03 2.039744e+03
9.7 2.056445e+03 2.069510e+03 2.037966e+03 2.024901e+03
10.7 2.151121e+03 2.086938e+03 2.038000e+03 2.102183e+03
11.7 1.975264e+03 2.039434e+03 2.037971e+03 1.973802e+03
12.7 2.035745e+03 2.049365e+03 2.037929e+03 2.024309e+03
13.7 2.014514e+03 2.012475e+03 2.037896e+03 2.039935e+03
14.7 2.080657e+03 2.037610e+03 2.037876e+03 2.080924e+03
15.7 2.000524e+03 2.040332e+03 2.037867e+03 1.998058e+03
16.7 1.952793e+03 2.015498e+03 2.037862e+03 1.975157e+03
17.7 2.114197e+03 2.065512e+03 2.037861e+03 2.086546e+03
0.8 2.074383e+03 2.071901e+03 2.041059e+03 2.043540e+03
1.8 1.976442e+03 1.976071e+03 2.039789e+03 2.040161e+03
2.8 2.076275e+03 2.047818e+03 2.036770e+03 2.065228e+03
3.8 1.994049e+03 2.002004e+03 2.035363e+03 2.027409e+03
4.8 2.030802e+03 1.973178e+03 2.035928e+03 2.093552e+03
5.8 1.969976e+03 2.022143e+03 2.036825e+03 1.984658e+03
6.8 1.965607e+03 2.019116e+03 2.037449e+03 1.983939e+03
7.8 2.066281e+03 2.064342e+03 2.037804e+03 2.039744e+03
8.8 2.056445e+03 2.069510e+03 2.037966e+03 2.024901e+03
9.8 2.151121e+03 2.086938e+03 2.038000e+03 2.102183e+03
10.8 1.975264e+03 2.039434e+03 2.037971e+03 1.973802e+03
11.8 2.035745e+03 2.049365e+03 2.037929e+03 2.024309e+03
12.8 2.014514e+03 2.012475e+03 2.037896e+03 2.039935e+03
13.8 2.080657e+03 2.037610e+03 2.037876e+03 2.080924e+03
14.8 2.000524e+03 2.040332e+03 2.037867e+03 1.998058e+03
15.8 1.952793e+03 2.015498e+03 2.037862e+03 1.975157e+03
16.8 2.114197e+03 2.065512e+03 2.037861e+03 2.086546e+03
17.8 2.008767e+03 1.979231e+03 2.037861e+03 2.067397e+03
1.0 2.064728e+03 2.034672e+03 2.038713e+03 2.068769e+03
2.0 2.052102e+03 2.009313e+03 2.038969e+03 2.081758e+03
3.0 2.045529e+03 2.029371e+03 2.038137e+03 2.054295e+03
4.0 2.035033e+03 2.038590e+03 2.037602e+03 2.034045e+03
5.0 2.140321e+03 2.022699e+03 2.037603e+03 2.155225e+03
6.0 2.026326e+03 2.003116e+03 2.037728e+03 2.060938e+03
7.0 1.984937e+03 2.024302e+03 2.037827e+03 1.998462e+03
8.0 2.105316e+03 2.010592e+03 2.037895e+03 2.132620e+03
9.0 2.051755e+03 2.106609e+03 2.037641e+03 1.982788e+03
10.0 1.992066e+03 2.005322e+03 2.035804e+03 2.022547e+03
11.0 1.956052e+03 2.005827e+03 2.035299e+03 1.985524e+03
12.0 2.131665e+03 2.064820e+03 2.036674e+03 2.103519e+03
13.0 1.973815e+03 2.007456e+03 2.037448e+03 2.003807e+03
14.0 2.071874e+03 2.052311e+03 2.038412e+03 2.057974e+03
15.0 2.068814e+03 2.029121e+03 2.039389e+03 2.079082e+03
16.0 2.052485e+03 2.072445e+03 2.039893e+03 2.019933e+03
17.0 2.011812e+03 2.022884e+03 2.039856e+03 2.028784e+03
18.0 2.019209e+03 2.089180e+03 2.039712e+03 1.969740e+03
0.4 2.011812e+03 2.022884e+03 2.039856e+03 2.028784e+03
1.4 2.019209e+03 2.089180e+03 2.039712e+03 1.969740e+03
2.4 2.004540e+03 2.027554e+03 2.039839e+03 2.016825e+03
0.2 2.019209e+03 2.089180e+03 2.039712e+03 1.969740e+03
1.2 2.004540e+03 2.027554e+03 2.039839e+03 2.016825e+03
0.2 2.004540e+03 2.027554e+03 2.039839e+03 2.016825e+03
