0.5 3.733186e+03 3.573406e+03 3.544327e+03 3.704107e+03
1.5 3.478809e+03 3.537784e+03 3.541158e+03 3.482182e+03
2.5 3.451782e+03 3.520093e+03 3.529920e+03 3.461609e+03
3.5 3.474722e+03 3.515005e+03 3.518233e+03 3.477951e+03
4.5 3.506293e+03 3.524198e+03 3.511518e+03 3.493612e+03
5.5 3.522435e+03 3.510844e+03 3.509091e+03 3.520682e+03
6.5 3.493924e+03 3.528625e+03 3.512172e+03 3.477471e+03
7.5 3.531233e+03 3.593374e+03 3.524312e+03 3.462170e+03
8.5 3.580815e+03 3.546666e+03 3.537095e+03 3.571244e+03
9.5 3.576896e+03 3.542325e+03 3.544696e+03 3.579268e+03
10.5 3.632416e+03 3.568540e+03 3.547700e+03 3.611576e+03
11.5 3.669259e+03 3.551673e+03 3.548074e+03 3.665660e+03
12.5 3.678193e+03 3.566143e+03 3.547249e+03 3.659299e+03
13.5 3.559436e+03 3.511530e+03 3.546100e+03 3.594006e+03
14.5 3.551772e+03 3.537231e+03 3.545062e+03 3.559603e+03
15.5 3.500016e+03 3.518462e+03 3.541140e+03 3.522694e+03
16.5 3.488377e+03 3.486808e+03 3.529418e+03 3.530987e+03
17.5 3.490611e+03 3.545339e+03 3.517429e+03 3.462700e+03
18.5 3.521984e+03 3.494337e+03 3.510514e+03 3.538161e+03
19.5 3.599863e+03 3.520507e+03 3.507941e+03 3.587296e+03
20.5 3.585319e+03 3.499670e+03 3.510900e+03 3.596549e+03
21.5 3.555134e+03 3.521146e+03 3.522930e+03 3.556918e+03
22.5 3.560800e+03 3.538766e+03 3.535613e+03 3.557646e+03
0.5 3.551772e+03 3.537231e+03 3.545062e+03 3.559603e+03
1.5 3.500016e+03 3.518462e+03 3.541140e+03 3.522694e+03
2.5 3.488377e+03 3.486808e+03 3.529418e+03 3.530987e+03
3.5 3.490611e+03 3.545339e+03 3.517429e+03 3.462700e+03
4.5 3.521984e+03 3.494337e+03 3.510514e+03 3.538161e+03
5.5 3.599863e+03 3.520507e+03 3.507941e+03 3.587296e+03
6.5 3.585319e+03 3.499670e+03 3.510900e+03 3.596549e+03
7.5 3.555134e+03 3.521146e+03 3.522930e+03 3.556918e+03
8.5 3.560800e+03 3.538766e+03 3.535613e+03 3.557646e+03
9.5 3.513766e+03 3.541359e+03 3.543118e+03 3.515525e+03
10.5 3.574020e+03 3.558154e+03 3.546030e+03 3.561895e+03
11.5 3.531135e+03 3.538774e+03 3.546318e+03 3.538679e+03
12.5 3.572042e+03 3.572847e+03 3.545410e+03 3.544605e+03
13.5 3.560152e+03 3.529489e+03 3.544184e+03 3.574847e+03
14.5 3.600006e+03 3.558101e+03 3.543099e+03 3.585004e+03
15.5 3.553541e+03 3.522696e+03 3.542306e+03 3.573151e+03
16.5 3.565901e+03 3.558175e+03 3.541750e+03 3.549475e+03
17.5 3.591549e+03 3.518270e+03 3.538201e+03 3.611481e+03
18.5 3.574758e+03 3.510093e+03 3.526692e+03 3.591358e+03
19.5 3.585326e+03 3.524212e+03 3.514792e+03 3.575906e+03
20.5 3.453102e+03 3.487589e+03 3.507893e+03 3.473406e+03
21.5 3.478593e+03 3.515445e+03 3.505301e+03 3.468449e+03
22.5 3.554955e+03 3.497281e+03 3.508230e+03 3.565903e+03
0.5 3.565901e+03 3.558175e+03 3.541750e+03 3.549475e+03
1.5 3.591549e+03 3.518270e+03 3.538201e+03 3.611481e+03
2.5 3.574758e+03 3.510093e+03 3.526692e+03 3.591358e+03
3.5 3.585326e+03 3.524212e+03 3.514792e+03 3.575906e+03
4.5 3.453102e+03 3.487589e+03 3.507893e+03 3.473406e+03
5.5 3.478593e+03 3.515445e+03 3.505301e+03 3.468449e+03
6.5 3.554955e+03 3.497281e+03 3.508230e+03 3.565903e+03
7.5 3.600064e+03 3.536714e+03 3.520228e+03 3.583578e+03
8.5 3.561472e+03 3.513782e+03 3.532881e+03 3.580572e+03
9.5 3.637395e+03 3.573390e+03 3.540362e+03 3.604368e+03
10.5 3.603055e+03 3.520392e+03 3.543256e+03 3.625918e+03
11.5 3.671225e+03 3.560449e+03 3.543531e+03 3.654307e+03
12.5 3.663254e+03 3.525444e+03 3.542618e+03 3.680428e+03
13.5 3.647161e+03 3.537853e+03 3.541394e+03 3.650702e+03
14.5 3.592851e+03 3.528242e+03 3.540318e+03 3.604927e+03
15.5 3.562550e+03 3.509745e+03 3.539539e+03 3.592345e+03
16.5 3.637931e+03 3.521847e+03 3.539028e+03 3.655112e+03
17.5 3.611894e+03 3.487397e+03 3.538697e+03 3.663194e+03
18.5 3.594133e+03 3.520745e+03 3.538468e+03 3.611857e+03
19.5 3.551545e+03 3.481135e+03 3.538291e+03 3.608701e+03
20.5 3.646939e+03 3.546551e+03 3.538139e+03 3.638527e+03
21.5 3.574657e+03 3.567068e+03 3.538000e+03 3.545589e+03
22.5 3.609717e+03 3.666218e+03 3.537870e+03 3.481369e+03
0.5 3.548497e+03 3.476885e+03 3.539467e+03 3.611079e+03
1.5 3.485922e+03 3.510200e+03 3.536394e+03 3.512116e+03
2.5 3.423092e+03 3.505486e+03 3.525260e+03 3.442866e+03
3.5 3.436207e+03 3.508823e+03 3.513684e+03 3.441068e+03
4.5 3.454379e+03 3.537174e+03 3.507086e+03 3.424291e+03
5.5 3.454088e+03 3.481519e+03 3.504783e+03 3.477352e+03
6.5 3.569499e+03 3.489562e+03 3.507992e+03 3.587929e+03
7.5 3.500795e+03 3.508941e+03 3.520264e+03 3.512118e+03
8.5 3.453564e+03 3.511782e+03 3.533182e+03 3.474964e+03
9.5 3.467135e+03 3.513226e+03 3.540919e+03 3.494828e+03
10.5 3.532530e+03 3.590280e+03 3.544060e+03 3.486310e+03
11.5 3.488855e+03 3.503174e+03 3.544575e+03 3.530255e+03
12.5 3.527495e+03 3.538264e+03 3.543892e+03 3.533123e+03
13.5 3.466313e+03 3.512553e+03 3.542888e+03 3.496648e+03
14.5 3.419676e+03 3.495372e+03 3.542022e+03 3.466325e+03
15.5 3.486538e+03 3.528586e+03 3.541417e+03 3.499369e+03
16.5 3.427205e+03 3.479200e+03 3.537900e+03 3.485905e+03
17.5 3.459362e+03 3.501485e+03 3.526494e+03 3.484371e+03
18.5 3.401480e+03 3.468690e+03 3.514740e+03 3.447531e+03
19.5 3.404625e+03 3.455961e+03 3.508007e+03 3.456672e+03
20.5 3.466549e+03 3.480667e+03 3.505586e+03 3.491468e+03
21.5 3.550292e+03 3.448016e+03 3.508682e+03 3.610958e+03
22.5 3.600420e+03 3.540906e+03 3.520840e+03 3.580354e+03
0.5 3.486538e+03 3.528586e+03 3.541417e+03 3.499369e+03
1.5 3.427205e+03 3.479200e+03 3.537900e+03 3.485905e+03
2.5 3.459362e+03 3.501485e+03 3.526494e+03 3.484371e+03
3.5 3.401480e+03 3.468690e+03 3.514740e+03 3.447531e+03
4.5 3.404625e+03 3.455961e+03 3.508007e+03 3.456672e+03
5.5 3.466549e+03 3.480667e+03 3.505586e+03 3.491468e+03
6.5 3.550292e+03 3.448016e+03 3.508682e+03 3.610958e+03
7.5 3.600420e+03 3.540906e+03 3.520840e+03 3.580354e+03
8.5 3.588544e+03 3.527922e+03 3.533643e+03 3.594265e+03
9.5 3.520898e+03 3.535394e+03 3.541265e+03 3.526769e+03
10.5 3.506891e+03 3.535031e+03 3.544288e+03 3.516148e+03
11.5 3.507983e+03 3.560784e+03 3.544682e+03 3.491881e+03
12.5 3.507474e+03 3.521164e+03 3.543875e+03 3.530185e+03
13.5 3.587328e+03 3.550793e+03 3.542743e+03 3.579278e+03
14.5 3.526702e+03 3.534330e+03 3.541746e+03 3.534118e+03
15.5 3.494077e+03 3.525705e+03 3.541008e+03 3.509380e+03
16.5 3.478413e+03 3.540418e+03 3.537356e+03 3.475351e+03
17.5 3.513972e+03 3.487859e+03 3.525815e+03 3.551928e+03
18.5 3.513703e+03 3.511432e+03 3.513927e+03 3.516198e+03
19.5 3.526908e+03 3.487301e+03 3.507061e+03 3.546667e+03
20.5 3.514608e+03 3.484711e+03 3.504506e+03 3.534404e+03
21.5 3.526224e+03 3.495659e+03 3.507470e+03 3.538036e+03
22.5 3.428650e+03 3.502302e+03 3.519497e+03 3.445846e+03
0.5 3.494077e+03 3.525705e+03 3.541008e+03 3.509380e+03
1.5 3.478413e+03 3.540418e+03 3.537356e+03 3.475351e+03
2.5 3.513972e+03 3.487859e+03 3.525815e+03 3.551928e+03
3.5 3.513703e+03 3.511432e+03 3.513927e+03 3.516198e+03
4.5 3.526908e+03 3.487301e+03 3.507061e+03 3.546667e+03
5.5 3.514608e+03 3.484711e+03 3.504506e+03 3.534404e+03
6.5 3.526224e+03 3.495659e+03 3.507470e+03 3.538036e+03
7.5 3.428650e+03 3.502302e+03 3.519497e+03 3.445846e+03
8.5 3.491187e+03 3.525561e+03 3.532172e+03 3.497799e+03
9.5 3.494393e+03 3.534623e+03 3.539667e+03 3.499437e+03
10.5 3.575209e+03 3.540501e+03 3.542566e+03 3.577273e+03
11.5 3.506728e+03 3.524521e+03 3.542837e+03 3.525044e+03
12.5 3.570112e+03 3.527524e+03 3.541911e+03 3.584499e+03
13.5 3.519427e+03 3.519823e+03 3.540662e+03 3.540266e+03
14.5 3.483095e+03 3.521023e+03 3.539551e+03 3.501623e+03
15.5 3.522865e+03 3.504370e+03 3.538728e+03 3.557223e+03
16.5 3.520402e+03 3.511192e+03 3.538164e+03 3.547374e+03
17.5 3.491668e+03 3.483000e+03 3.537773e+03 3.546442e+03
18.5 3.553859e+03 3.507619e+03 3.537476e+03 3.583716e+03
19.5 3.492492e+03 3.472674e+03 3.537224e+03 3.557041e+03
20.5 3.541209e+03 3.515333e+03 3.536988e+03 3.562864e+03
21.5 3.472550e+03 3.505128e+03 3.536758e+03 3.504180e+03
22.5 3.563572e+03 3.594626e+03 3.536528e+03 3.505474e+03
