-0.00482619  0.00199595  0.0010892  0.0508028  -0.177893  -0.242207  
-0.00441592  0.00207804  0.00131537  0.0499583  -0.225297  -0.293838  
-0.00492919  0.00204015  0.00131537  0.0471868  -0.136493  -0.207629  
-0.00402946  0.00191983  0.00103408  0.0471959  -0.216233  -0.262484  
-0.00465457  0.00198656  0.00116758  0.0492533  -0.119711  -0.210553  
-0.00428563  0.00188888  0.00106919  0.047175  -0.203961  -0.275054  
-0.00449167  0.00188987  0.00129243  0.0499109  -0.125391  -0.228412  
-0.00436677  0.00188987  0.00107908  0.0472522  -0.178513  -0.262884  
-0.00447011  0.00188987  0.00108562  0.0472391  -0.152528  -0.24005  
-0.00396936  0.00198335  0.00108015  0.0472877  -0.18853  -0.252173  
-0.00402282  0.00188987  0.00125182  0.0471986  -0.145306  -0.229471  
-0.00452016  0.00195415  0.00101522  0.0472398  -0.1187  -0.201129  
-0.00391432  0.00188987  0.00101292  0.04182  -0.180217  -0.259692  
-0.00411958  0.00180263  0.000975625  0.0472237  -0.131477  -0.168214  
-0.00389097  0.00176153  0.000907537  0.0472394  -0.205129  -0.273601  
-0.0045085  0.00188987  0.000964329  0.0472649  -0.117168  -0.169923  
-0.00335333  0.00188987  0.00104036  0.0472548  -0.21388  -0.267293  
-0.00442627  0.00188987  0.00104036  0.0350709  -0.118239  -0.156594  
-0.0026912  0.00188987  0.00104036  0.0472548  -0.205973  -0.27496  
-0.00430928  0.00181957  0.00104036  0.0337154  -0.106508  -0.185545  
-0.00284468  0.00188987  0.00116449  0.0472313  -0.172916  -0.227409  
-0.00401533  0.00162974  0.000817532  0.0321039  -0.137112  -0.225621  
-0.00325251  0.00171958  0.000994554  0.0471978  -0.219212  -0.310518  
-0.00325993  0.00162749  0.000916718  0.0380551  -0.113014  -0.187874  
-0.00230567  0.00119188  0.000816168  0.0439167  -0.168874  -0.269609  
-0.00376942  0.00160646  0.000826015  0.0368175  -0.0713368  -0.158282  
-0.00235064  0.00147402  0.000856228  0.0471446  -0.199399  -0.301897  
-0.00323687  0.00146367  0.000850163  0.0306937  -0.0647166  -0.155371  
-0.00250782  0.00188987  0.000850163  0.0446797  -0.169325  -0.300439  
-0.00291189  0.00146561  0.000646237  0.0306817  -0.0959741  -0.186823  
-0.00264269  0.00146561  0.000850163  0.037696  -0.153768  -0.24759  
-0.00318363  0.00146561  0.000684722  0.0285391  -0.118675  -0.183955  
-0.00167115  0.00146561  0.000850163  0.0367768  -0.186454  -0.259962  
-0.00261778  0.00146561  0.000850163  0.0306703  -0.0807158  -0.148497  
-0.00215848  0.00146561  0.000617099  0.0396139  -0.147367  -0.202861  
-0.00257965  0.00146561  0.00032994  0.0306727  -0.03524  -0.0214405  
-0.002247  0.00152322  0.000438187  0.0307543  -0.139722  -0.106477  
-0.00304233  0.00146561  0.000449204  0.0306887  -0.0603269  -0.037999  
-0.00178911  0.00146561  0.000449204  0.0306887  -0.123222  -0.114864  
-0.00317682  0.0011023  0.00050071  0.0223577  -0.0245126  -0.0155683  
-0.0021157  0.00146561  0.000449204  0.0306887  -0.107237  -0.0776334  
-0.0026162  0.00115592  0.000449204  0.0240083  -0.0185868  -0.0281179  
-0.00191292  0.00146561  0.000344814  0.0251306  -0.0973421  -0.0782381  
-0.00222346  0.00126009  0.000449204  0.0306698  -0.0382489  -0.0362953  
-0.00200704  0.0010874  0.000449204  0.0229053  -0.0918992  -0.110711  
-0.00257308  0.000948804  0.000449204  0.0181534  -0.0174046  -0.00187925  
-0.00150115  0.00113748  0.000449204  0.0178627  -0.121644  -0.109575  
-0.0028928  0.00103304  0.000449204  0.0133453  -0.0113862  0.0165122  
-0.00166403  0.00128416  0.000282954  0.0170494  -0.137444  -0.113786  
-0.00234756  0.00106118  0.000449204  0.0184405  -0.00893824  0.00921163  
-0.00189078  0.00106118  0.000538614  0.0133374  -0.102599  -0.102499  
-0.00234482  0.00106118  0.000258654  0.0133508  -0.0278529  -0.0184629  
-0.00234482  0.00106118  0.000449204  0.0133503  -0.0673925  -0.0870757  
-0.00204535  0.00106118  0.000449204  0.0188103  -0.0401287  -0.0461747  
-0.00259482  0.00106118  0.000449204  0.0133503  -0.0463469  -0.0492832  
-0.0023019  0.00106118  0.000449204  0.0133503  -0.0668891  -0.0585419  
-0.00220385  0.00106118  0.000449204  0.0133503  -0.0432554  -0.0527839  
-0.00186508  0.000882786  0.000266842  0.0133425  -0.083373  -0.0896353  
-0.00125117  0.00106118  0.000305961  0.0220342  -0.0539656  -0.0296475  
-0.00262953  0.00106118  0.000449204  0.0133503  -0.0557648  -0.0567805  
-0.00159633  0.00106118  0.000192156  0.0133771  -0.0815104  -0.0554912  
-0.00275033  0.00106118  0.000268002  0.0133622  -0.0443798  -0.0438921  
-0.00177956  0.00137076  0.000449204  0.0133873  -0.10261  -0.0635328  
-0.00238103  0.00083385  0.000288357  0.0133331  -0.053648  -0.0464087  
-0.00178646  0.00106118  0.00036699  0.0160291  -0.11472  -0.0723903  
-0.00214085  0.00106118  0.000449204  0.0133503  -0.0646904  -0.0682883  
-0.00177812  0.00106118  0.000449204  0.0133503  -0.0757112  -0.0621673  
-0.00171901  0.000705683  0.000449204  0.0176938  -0.0556132  -0.072227  
-0.00207849  0.000940979  0.000248963  0.0133346  -0.0456016  -0.0318459  
-0.00149805  0.00075871  0.000255364  0.0133283  -0.0802195  -0.088719  
-0.00185537  0.000923916  0.000200448  0.0165863  -0.0295925  -0.0396766  
-0.00174308  0.000812039  0.000164636  0.0204945  -0.0629763  -0.0677931  
-0.00209376  0.00126988  0.000307467  0.0191596  -0.0280122  -0.0303244  
-0.00202997  0.000845768  2.56223e-05  0.021168  -0.0798844  -0.0768594  
-0.00192462  0.0011035  0.00022075  0.0224288  -0.028386  -0.0328276  
-0.00186723  0.000764286  0.000457749  0.013318  -0.0813588  -0.0905707  
-0.00173741  0.000912488  0.00030298  0.0186037  -0.026191  2.30378e-05  
-0.00153306  0.000749262  0.000393275  0.0133878  -0.0946032  -0.10397  
-0.00198604  0.000578444  0.000393275  0.013368  -0.0395579  0.00662168  
-0.00155681  0.000860821  0.000251517  0.0134302  -0.11315  -0.116837  
-0.0013415  0.000978611  0.000393275  0.0303838  -0.131433  -0.146558  
-0.000361842  0.00142544  0.00012808  0.0548304  -0.149203  -0.175906  
-0.00151834  0.00133263  -0.000102735  0.0315029  0.0168826  -0.0584361  
-0.000596379  0.000796319  3.2097e-05  0.0335267  -0.137865  -0.139033  
-0.0012324  0.00133263  6.17194e-05  0.022179  -0.0370797  -0.0266134  
-0.0011656  0.000770415  -0.000102735  0.0278582  -0.0705426  -0.0848377  
-0.00112366  0.00133263  -0.000102735  0.0151661  -0.0105814  -0.0196745  
-0.000560847  0.000881724  -0.000102735  0.0243262  -0.0604382  -0.082567  
-0.00158287  0.000829016  -2.15619e-05  0.0135615  -0.0131929  -0.0125159  
-0.00113388  0.000896787  -3.7228e-05  0.0135609  -0.0656486  -0.0976216  
-0.000999653  0.000829016  -0.000102735  0.0215478  -0.0199377  -0.014762  
-0.00124033  0.000829016  -0.000102735  0.0135612  -0.0746157  -0.0995296  
-0.000995211  0.000908373  -0.000102735  0.0201267  -0.02581  -0.0198013  
-0.000888072  0.000944999  -0.000102735  0.0135771  -0.0588595  -0.100088  
-0.00107143  0.000829016  -1.74659e-05  0.0135598  -0.0244314  -0.00374115  
-0.000432187  0.000829016  -0.000102735  0.0135612  -0.089491  -0.0809532  
-0.00138954  0.000829016  -0.000102735  0.0100334  0.00982686  0.0782112  
-0.000652796  0.000829016  -0.000102735  0.0135612  -0.0884088  -0.0615927  
-0.00142194  0.000829016  -0.000102735  0.0135612  0.00604991  0.0565536  
-0.000683918  0.000829016  -0.000102735  0.0135612  -0.0674168  -0.0727805  
-0.00106251  0.000829016  -0.000102735  0.0135612  0.0345439  0.0850686  
-0.000893589  0.000829016  -0.000102735  0.0135612  -0.0521081  -0.0487985  
-0.000764834  0.000829016  -0.000102735  0.0135612  0.0160153  0.0671964  
-0.00080107  0.000829016  7.29754e-05  0.0298944  -0.0356988  -0.0616542  
-0.000883936  0.000829016  -0.000102735  0.0183151  0.0263434  0.0489726  
-0.00112344  0.000829016  -0.000102735  0.0135612  -0.0558148  -0.0646961  
-0.00117281  0.000651521  -3.81336e-05  0.0186995  0.0346094  0.056221  
-0.00143598  0.00064421  -4.62465e-05  0.0185357  -0.0520404  -0.0777536  
-0.000984107  0.000723235  -0.000102735  0.0135633  0.0129408  0.046081  
-0.000602145  0.000480564  -0.000102735  0.0158047  -0.0545534  -0.0931632  
-0.00144087  0.000602013  -0.000102735  0.0135604  0.0239902  0.0389056  
-0.000417293  0.000566559  8.49819e-05  0.0199047  -0.0816294  -0.0944169  
-0.00129955  0.000604835  0.000251719  0.0135727  0.0385904  0.0664595  
-0.000252065  0.000426411  5.11606e-05  0.0167478  -0.074817  -0.084472  
-0.00169328  0.000398361  -0.000102735  0.0135836  0.0426428  0.0659812  
-0.000424578  0.000829016  -0.000102735  0.0135612  -0.087367  -0.0758518  
-0.00125694  0.000578729  7.38957e-06  0.0135787  0.0458757  0.0863686  
-0.00019435  0.000478182  -0.000102735  0.0135365  -0.0828423  -0.0499704  
-0.000687757  0.000462505  4.28346e-05  0.013551  -0.00436868  0.0402871  
-0.00158805  0.000424698  9.49747e-05  0.0135547  -0.0297071  -0.00409433  
-0.00044031  0.00049844  -0.000102735  0.0135469  -0.0134012  0.0496881  
-0.00109447  0.000372423  0.000119741  0.0135164  -0.0425286  -0.0521377  
-0.00070576  0.000829016  -0.000102735  0.0135612  -0.0238399  0.00749879  
-0.000923088  0.000343945  -0.000102735  0.00969798  0.00864468  0.0409451  
-0.00111795  0.000468332  8.71465e-05  0.0135302  -0.0165652  -0.00753232  
-0.00136602  9.33784e-05  -0.000102735  -0.0125596  0.0219542  0.0452198  
0.000418889  -4.44796e-05  -0.000102735  -0.0125659  -0.00386363  0.0235351  
-0.000843757  -0.00026032  2.025e-05  -0.0125552  0.0314108  0.0256978  
0.000463562  9.33784e-05  0.000140867  -0.00951085  -0.040795  -0.0747216  
-0.00141126  9.33784e-05  -0.000102735  -0.00650946  0.034921  0.0893429  
0.000273188  -0.000130123  2.81688e-05  -0.00478298  -0.0334138  -0.0866794  
-0.00075621  -2.15622e-05  3.22678e-05  -0.00932878  0.0525159  0.0747831  
0.000308407  -0.000163103  -0.000102735  -0.0125754  -0.0352202  -0.0560752  
-0.00075631  -0.000309622  0.000184533  -0.0125314  0.0531796  0.0435566  
0.000918178  -0.000155837  -2.79949e-05  -0.00592052  -0.0432847  -0.0730719  
-0.000434891  -0.000480772  -0.000102735  -0.0124849  0.039742  0.099381  
0.0005906  -0.000284923  -0.000102735  -0.0124957  -0.0550671  -0.0657124  
-0.000147731  -0.000480772  -0.000102735  -0.0124849  0.0276263  0.0987188  
-0.000246071  -0.000151704  -0.000102735  -0.0124658  -0.0578786  -0.0666718  
-0.000363586  -0.000174509  -0.000102735  -0.0106111  0.0318389  0.0972985  
-0.000110115  -0.000480772  -0.000102735  0.00549893  -0.0315501  -0.0652751  
-0.00035508  -0.000119736  -0.000102735  -0.01229  0.0444718  0.0955959  
0.000616941  -0.000427722  8.79715e-06  -0.00602308  -0.013582  -0.031807  
-0.000752857  -0.000308562  -0.000102735  -0.0110921  0.049961  0.0690776  
4.36524e-05  -7.76836e-05  -0.000102735  0.00552532  -0.0370942  -0.0501552  
0.000262626  0.000488168  -0.000102735  0.0239613  0.0115639  -0.0437219  
-9.51799e-05  -7.67267e-05  -0.000102735  -0.00114624  0.0758348  0.142237  
0.000852177  -7.67267e-05  -0.000102735  0.0110578  -0.0340404  -0.0172748  
-0.000156655  0.00013277  -1.48453e-05  0.0056556  0.10101  0.126423  
2.33178e-05  -7.67267e-05  -0.000102735  -0.000280292  -0.00347072  0.00475717  
-0.000200143  -4.7986e-06  -0.000102735  0.00258473  0.0616935  0.124826  
0.000279845  -0.000197496  -0.000102735  0.00566878  -0.0230197  0.0368824  
0.000145694  -7.67267e-05  -2.63383e-05  -0.000234538  0.032317  0.0941089  
0.000862302  -2.43346e-05  -0.000102735  0.00566683  -0.0188157  -0.016056  
0.000158107  -7.67267e-05  -0.000102735  -0.00038226  0.0730777  0.139378  
0.000931846  -7.67267e-05  -0.000102735  0.00566535  -0.0426601  -0.0223035  
0.000466588  -7.67267e-05  -0.000102735  0.00566535  0.0697388  0.134698  
0.000765998  -7.67267e-05  -0.000102735  -0.00433893  -0.0380828  0.00655755  
0.000157711  -0.000347345  -0.000102735  -0.0134117  0.0423951  0.15009  
0.00076819  8.95776e-05  -0.000102735  -0.00645967  -0.0202404  0.0258984  
0.000166849  -0.00045124  -0.000307151  -0.00790173  0.0306079  0.0863562  
0.000891974  -0.00012067  -5.21196e-05  -0.00846877  -0.00808814  0.0376393  
0.000337706  -0.000611263  -0.000102735  -0.0116854  0.046123  0.109585  
0.00126332  -0.000245086  2.21169e-05  -0.00779332  -0.0223722  0.0251376  
0.000266465  -0.000277666  -0.00035673  -0.0117589  0.0670524  0.131814  
0.0011393  -0.000611263  -0.000102735  -0.0116854  -0.0337697  0.041785  
-6.96983e-05  -0.000149734  -0.000102735  -0.00489074  0.0645334  0.131176  
0.000263892  -0.000483067  6.49845e-07  -0.00256752  -0.0165582  -0.0517784  
-0.000138651  -0.000166269  -0.000359825  0.000929801  0.0672074  0.126383  
0.0020157  -0.000402331  -0.000102735  -0.00113034  0.015743  -0.0124845  
-9.44376e-05  -0.000169126  -0.000319428  -0.0118583  0.075579  0.131975  
0.00140861  -0.000295196  -0.000332645  -0.00575779  -0.00107685  0.025121  
-0.000425547  -0.000296414  -0.000102735  -0.0118309  0.0923314  0.122668  
0.00148383  -0.00047116  -0.000354288  -0.011822  -0.0167797  -0.00383029  
0.000849889  -0.000316322  -0.00051666  -0.00820019  0.105674  0.154007  
0.000357369  -0.000500354  -0.000342293  -0.0117868  0.0419351  0.0791484  
0.000623595  -0.000100713  -0.00051666  0.00641995  0.0452382  0.126753  
0.00047912  8.24424e-07  -0.00051666  -0.0118421  0.0774076  0.115434  
0.000428352  -0.000134509  -0.000179501  -0.0118152  0.0414142  0.114051  
4.30335e-05  -0.000445418  -0.00051666  -0.0117946  0.0771755  0.137843  
0.000407531  -0.000288737  -0.00022054  -0.0181499  0.0102397  0.0842961  
0.000176884  8.24425e-07  -0.000337167  -0.0118233  0.0763294  0.121272  
0.000409098  -0.000163391  0.000156675  -0.0118311  0.0291755  0.0807635  
0.000227037  -0.000209088  -0.000355733  -0.0118159  0.0164827  0.0892448  
0.000880574  -0.000235679  -0.000279993  -0.0117993  0.04831  0.136344  
0.000188785  8.24425e-07  -0.00051666  -0.0118421  0.0366005  0.0861961  
0.000925816  8.24425e-07  -0.00051666  -0.00735295  0.017216  0.0960834  
0.000191945  -0.000239385  -0.000399301  -0.0118009  0.0770848  0.152331  
0.0011842  -0.000332147  -0.00051666  0.0100495  -0.0160314  0.0258158  
0.000785239  0.000449579  -0.000113302  0.0432316  0.0317198  0.0216369  
0.000639018  0.000111434  -0.000336061  0.00989155  0.0945914  0.164855  
0.0015427  -0.00014985  -0.000164147  -0.00110663  0.0136664  0.0348203  
0.000504141  -0.000242614  -0.000406445  -0.00523349  0.0982259  0.173657  
0.000871456  -0.000439718  -0.00051666  -0.00103408  0.0384781  0.0652943  
0.000800314  -0.000106625  -0.000368747  -0.00953578  0.0860895  0.168119  
0.000287736  -0.000439718  -0.000388255  -0.0144488  0.0467667  0.0866127  
0.000792461  -0.000133922  -0.00051666  -0.00107114  0.0613816  0.145696  
0.000356761  -0.000439718  -0.000370691  -0.0112848  0.0835876  0.125587  
0.00077274  -0.000329928  -0.00051666  -0.0156199  0.0744408  0.14704  
0.000763786  -0.000439718  -0.00051666  -0.0178235  0.0711584  0.101584  
0.000913246  -0.000185733  -0.000388022  -0.0124725  0.0929029  0.157959  
0.000902534  -0.000439718  -0.000516661  -0.0174102  0.0328409  0.0986395  
0.000852905  -0.000439718  -0.000516661  -0.013814  0.0982555  0.179603  
0.00125052  -0.000439718  -0.000345019  -0.0177698  0.0101909  0.0590059  
0.00110852  -0.000363906  -0.000516661  -0.010213  0.0699477  0.148662  
0.000251401  -0.000325811  -0.000104416  -0.0170361  0.0514778  0.0970822  
0.00118961  -0.000439718  -0.000516661  -0.00846523  0.0296037  0.109416  
0.000217194  -0.000439718  -0.000384659  -0.0177432  0.0817426  0.142278  
0.00129689  -0.000439718  -0.000309577  -0.0117851  0.054419  0.0939845  
0.000598295  -0.000439719  -0.000351136  -0.0176953  0.0919594  0.139665  
0.00117666  -0.000439718  -0.000413166  -0.0176103  0.0410684  0.0917081  
0.000924639  -0.000439719  -0.000339092  -0.0177459  0.107312  0.149915  
0.00110549  -0.000841813  -0.000310076  -0.0116207  0.019831  0.00913286  
0.000488274  -0.000439719  -0.000516661  -0.0173557  0.0768417  0.161398  
0.000908871  -0.000439719  -0.000516661  -0.0170199  0.0205827  0.0319949  
6.60561e-05  -0.000439719  -0.000146286  -0.0170562  0.0974911  0.162211  
0.00119254  -0.000439719  -0.000307715  -0.0107427  0.00947135  0.0272159  
0.00049332  -0.000439719  -0.000516661  -0.0125064  0.103913  0.164004  
0.000101094  -0.000439719  -0.000516661  -0.0123404  -0.0261905  0.06738  
0.000427714  -0.000439719  -0.000516661  -0.0152295  0.082874  0.172454  
0.0011363  -0.000883046  -0.000421403  -0.0145492  0.00522224  0.0210019  
0.000380061  -0.000439719  -0.00034257  -0.0109421  0.0640917  0.122495  
0.000198849  -0.000439719  -0.000516661  -0.0122411  0.0313499  0.110291  
0.00100703  -0.000521327  -0.000516661  -0.00752744  0.0294277  0.102015  
-0.0001092  -0.000439719  -0.000149324  -0.0116039  0.0723039  0.127438  
0.000697087  -0.000439719  -0.000516661  -0.00103408  0.0269426  0.102359  
-0.0001092  -0.000439719  -0.000186902  -0.0134253  0.101108  0.161865  
0.00155553  -0.000597694  -0.000381079  -0.0113001  0.0231184  0.0209565  
-0.000325963  -0.00058905  -0.000431962  -0.0158998  0.101383  0.165462  
0.00027139  -0.000439719  -0.000204797  -0.000993588  0.0603609  0.094597  
0.00100604  -0.000439719  -8.64111e-05  -0.000999805  0.0363318  0.0405398  
0.00047545  -0.000439719  -0.000208769  -0.00987791  0.127893  0.159949  
0.00186196  -0.000439719  -0.000432413  -0.0112071  0.00379402  0.010508  
0.000913997  -0.00043972  -0.000146307  -0.0111743  0.0877058  0.152414  
-5.06431e-05  -0.00043972  -1.02698e-05  -0.011209  0.0560269  0.108482  
0.000714119  -0.000599583  -0.000272748  -0.0111791  0.0417512  0.125937  
-0.000320512  -0.00043972  -0.00050425  -0.0112308  0.0804823  0.157861  
0.00112226  -0.000548403  -0.000401598  -0.00851185  -0.0124857  0.0504526  
0.000399942  -0.00043972  -0.00050425  -0.0112308  0.0975275  0.193875  
0.00028684  -0.00043972  -0.000351622  -0.0132593  0.0327715  0.0806893  
0.000904107  -0.00043972  -0.000181216  -0.0082905  0.0800943  0.121746  
0.000304949  -0.000387808  -0.00050425  -0.011234  0.113137  0.125204  
0.0007448  -0.00043972  -0.000353686  -0.0112182  0.0602397  0.115576  
0.000374035  -0.00043972  -0.00050425  -0.0112308  0.0788994  0.10219  
0.000749763  -0.000315464  -0.000261923  -0.0112092  0.102726  0.159985  
0.00106435  -0.00043972  -0.00050425  -0.0112308  0.0711141  0.0985807  
0.000353049  -0.00043972  -0.00014964  -0.00365015  0.0989047  0.128868  
0.000135079  -0.00043972  -0.000382338  -0.0112229  0.10996  0.168961  
0.00149934  -0.000554183  -0.00050425  0.00863533  0.0440108  0.120276  
-0.000193004  -0.00043972  -0.00050425  -0.0112308  0.140147  0.186608  
0.00148161  -0.00043972  -0.000612112  0.0118168  0.0166038  0.0678539  
0.000303726  -0.00043972  -0.00050425  -0.0037415  0.119119  0.189701  
0.000821569  -0.00043972  -0.000359833  -0.00191336  0.000965747  0.0635392  
0.000497477  -0.00043972  -0.00050425  -0.0112308  0.104101  0.175627  
0.00065358  -0.00068972  -0.000426968  0.00439133  0.0305836  0.0621594  
0.00090068  -7.82092e-05  -0.00050425  0.0100256  0.0763249  0.146054  
-0.000150491  -0.00056815  -0.00050425  0.00609297  0.0874212  0.174783  
-0.000150491  -0.000298376  -0.000397603  0.00570807  0.0579345  0.122655  
-0.000180161  -0.000439721  -0.00050425  0.000947513  0.130985  0.194985  
9.23325e-06  -0.000203971  -0.000386242  0.0070483  0.0400005  0.077696  
0.000851595  -0.000222606  -0.00050425  0.0167417  0.0742526  0.143393  
0.000461597  -0.000366973  -0.00050425  -0.00395821  0.128584  0.163056  
0.000922232  -0.000439721  -0.00036748  -0.00164473  0.0706956  0.104901  
0.000709541  -0.000439721  -0.00050425  0.00690266  0.156093  0.203237  
0.0011764  -0.000439721  -0.00050425  -0.00140031  0.0445477  0.110586  
0.000564164  -0.000439721  -0.00050425  -0.00486564  0.165421  0.266942  
0.00123675  -0.000262548  -0.00050425  -0.00390772  0.0470089  0.111393  
0.000903334  -0.000439721  -0.000763346  -0.00786541  0.16716  0.241281  
0.0010049  -0.000439721  -0.000402731  -0.00236547  0.0731929  0.094385  
0.000905668  -7.12888e-05  -0.00063243  -0.00429484  0.1561  0.230701  
0.000931691  -0.000537946  -0.000543907  -0.00418186  0.0803245  0.13265  
0.000932975  -0.000313375  -0.000522379  0.0027964  0.156464  0.230438  
0.00124413  -0.000226464  -0.000590133  -0.00153908  0.0798652  0.138825  
0.00148557  -0.000439721  -0.000501598  -7.27682e-05  0.136535  0.201155  
0.000381393  -0.000439721  -0.000753596  -0.0068781  0.111634  0.164573  
0.000808678  -0.000313156  -0.000548611  0.00916863  0.0655203  0.127894  
-8.2402e-05  -0.000439721  -0.000707207  -0.00327692  0.175132  0.227916  
0.000665976  -0.000439721  -0.000452371  -0.00246824  0.0271677  0.0853526  
0.000358866  -0.000439721  -0.000639312  -0.0113212  0.131776  0.223171  
0.00110319  -0.000496285  -0.000619901  -0.0112618  0.0527752  0.0685049  
0.00125959  -0.000355317  -0.000671741  0.00103899  0.09486  0.196819  
0.000730267  -0.000439722  -0.000671741  -0.0112715  0.138314  0.25756  
0.00124836  -0.000342028  -0.000671741  -0.011292  0.0550695  0.154385  
0.000836204  -0.000568853  -0.000590377  -0.0112217  0.154295  0.237712  
0.00104844  -0.000439722  -0.000671741  -0.00303802  0.0812246  0.120576  
0.00114955  -0.000439722  -0.000671741  -0.00396208  0.175258  0.233304  
0.00123573  -0.000439722  -0.000671741  -0.0112715  0.109286  0.141599  
0.00133393  -0.000439722  -0.000546702  0.011749  0.0622018  0.0623481  
0.00107524  0.0002047  -0.000581544  0.0343985  0.0676804  0.0590079  
0.000263547  4.63856e-05  -0.000571108  0.0121808  0.235409  0.246147  
0.00165434  -0.000548382  -0.000671741  0.0151385  0.0387449  -0.0279646  
0.00165115  -0.000128399  -0.000671741  0.0244018  0.117686  0.137972  
0.000801079  -0.00057113  -0.000671741  0.0137944  0.129484  0.182066  
0.0016399  -0.000201122  -0.000671741  0.0169643  0.037367  0.00978659  
0.00108835  -0.000272342  -0.000671741  0.00489477  0.17189  0.196824  
0.00189842  -2.95883e-05  -0.000671741  0.0154248  0.0928313  0.0656915  
0.00160206  -0.000157472  -0.000671741  0.0244226  0.140485  0.137534  
0.000991677  2.05364e-23  -0.000582989  -9.18694e-05  0.105701  0.138141  
