1.066338e+04 1.059440e+04 1.061762e+04 1.064015e+04
1.068156e+04 1.059421e+04 1.062076e+04 1.065501e+04
1.064142e+04 1.059402e+04 1.062140e+04 1.061403e+04
1.067199e+04 1.059382e+04 1.063231e+04 1.063350e+04
1.059805e+04 1.059363e+04 1.062497e+04 1.056671e+04
1.059661e+04 1.059344e+04 1.062421e+04 1.056584e+04
1.060549e+04 1.059327e+04 1.062075e+04 1.057801e+04
1.057673e+04 1.059311e+04 1.060073e+04 1.056910e+04
1.053603e+04 1.059295e+04 1.057084e+04 1.055814e+04
1.054811e+04 1.059281e+04 1.055125e+04 1.058967e+04
1.048759e+04 1.059267e+04 1.055961e+04 1.052066e+04
1.054224e+04 1.059260e+04 1.056128e+04 1.057356e+04
1.056428e+04 1.059889e+04 1.057247e+04 1.059070e+04
1.055242e+04 1.062134e+04 1.057429e+04 1.059946e+04
1.053346e+04 1.064464e+04 1.054920e+04 1.062890e+04
1.053223e+04 1.065160e+04 1.055243e+04 1.063141e+04
1.054046e+04 1.063385e+04 1.057521e+04 1.059910e+04
1.064766e+04 1.061051e+04 1.060729e+04 1.065088e+04
1.068029e+04 1.059513e+04 1.061939e+04 1.065603e+04
1.064034e+04 1.058790e+04 1.063432e+04 1.059391e+04
1.065799e+04 1.058576e+04 1.062745e+04 1.061630e+04
1.062114e+04 1.058628e+04 1.061727e+04 1.059015e+04
1.062353e+04 1.058779e+04 1.060548e+04 1.060584e+04
1.057718e+04 1.058928e+04 1.061327e+04 1.055319e+04
1.068573e+04 1.059035e+04 1.062481e+04 1.065127e+04
1.071437e+04 1.059097e+04 1.064290e+04 1.066243e+04
1.064856e+04 1.059128e+04 1.063341e+04 1.060643e+04
1.059747e+04 1.059143e+04 1.063421e+04 1.055468e+04
1.056197e+04 1.059449e+04 1.061389e+04 1.054256e+04
1.064472e+04 1.060512e+04 1.065075e+04 1.059909e+04
1.076443e+04 1.061612e+04 1.067396e+04 1.070659e+04
1.065519e+04 1.061943e+04 1.066970e+04 1.060491e+04
1.060666e+04 1.061108e+04 1.065730e+04 1.056044e+04
1.052471e+04 1.060011e+04 1.062259e+04 1.050223e+04
1.054774e+04 1.059289e+04 1.062192e+04 1.051872e+04
1.048249e+04 1.058951e+04 1.061706e+04 1.045495e+04
1.052696e+04 1.058853e+04 1.061279e+04 1.050270e+04
1.065244e+04 1.058880e+04 1.059110e+04 1.065014e+04
1.060339e+04 1.058954e+04 1.056747e+04 1.062547e+04
1.046865e+04 1.059027e+04 1.054670e+04 1.051221e+04
1.042555e+04 1.059079e+04 1.053780e+04 1.047855e+04
1.047658e+04 1.059115e+04 1.054082e+04 1.052692e+04
1.054905e+04 1.059772e+04 1.056187e+04 1.058490e+04
1.055410e+04 1.062035e+04 1.056078e+04 1.061367e+04
1.054787e+04 1.064376e+04 1.055158e+04 1.064006e+04
1.064430e+04 1.065082e+04 1.053560e+04 1.075952e+04
1.065596e+04 1.063315e+04 1.055740e+04 1.073170e+04
1.065359e+04 1.060988e+04 1.058635e+04 1.067712e+04
1.066795e+04 1.059458e+04 1.061263e+04 1.064990e+04
1.065770e+04 1.058741e+04 1.062975e+04 1.061536e+04
1.073343e+04 1.058534e+04 1.062243e+04 1.069634e+04
1.072220e+04 1.058592e+04 1.061641e+04 1.069171e+04
1.062254e+04 1.058748e+04 1.060879e+04 1.060122e+04
1.056330e+04 1.058901e+04 1.059157e+04 1.056074e+04
1.061709e+04 1.059011e+04 1.059584e+04 1.061136e+04
1.058383e+04 1.059076e+04 1.058841e+04 1.058618e+04
1.055154e+04 1.059112e+04 1.059606e+04 1.054660e+04
1.060103e+04 1.059428e+04 1.060651e+04 1.058881e+04
1.058595e+04 1.060495e+04 1.062907e+04 1.056183e+04
1.061507e+04 1.061597e+04 1.063102e+04 1.060002e+04
1.065014e+04 1.061928e+04 1.064074e+04 1.062868e+04
1.069592e+04 1.061092e+04 1.063899e+04 1.066785e+04
1.065009e+04 1.059994e+04 1.062209e+04 1.062794e+04
1.063409e+04 1.059270e+04 1.060191e+04 1.062488e+04
1.071033e+04 1.058929e+04 1.060639e+04 1.069323e+04
1.070103e+04 1.058828e+04 1.061708e+04 1.067223e+04
1.057113e+04 1.058852e+04 1.060823e+04 1.055142e+04
1.047799e+04 1.058922e+04 1.059351e+04 1.047370e+04
1.055272e+04 1.058990e+04 1.059082e+04 1.055179e+04
1.051118e+04 1.059038e+04 1.057852e+04 1.052303e+04
1.053022e+04 1.059064e+04 1.060056e+04 1.052030e+04
1.065611e+04 1.059075e+04 1.061225e+04 1.063461e+04
1.063606e+04 1.059079e+04 1.061342e+04 1.061343e+04
1.060862e+04 1.059378e+04 1.062472e+04 1.057768e+04
1.058649e+04 1.060435e+04 1.064457e+04 1.054628e+04
1.058971e+04 1.061531e+04 1.065556e+04 1.054946e+04
1.059603e+04 1.061856e+04 1.066414e+04 1.055045e+04
1.057066e+04 1.061017e+04 1.065015e+04 1.053068e+04
1.066108e+04 1.059914e+04 1.064067e+04 1.061955e+04
1.058989e+04 1.059187e+04 1.062712e+04 1.055464e+04
1.059998e+04 1.058843e+04 1.061859e+04 1.056982e+04
1.054871e+04 1.058738e+04 1.062528e+04 1.051082e+04
1.068151e+04 1.058759e+04 1.057919e+04 1.068991e+04
1.059058e+04 1.058826e+04 1.057312e+04 1.060572e+04
1.055426e+04 1.058892e+04 1.055750e+04 1.058568e+04
1.053910e+04 1.058938e+04 1.056052e+04 1.056795e+04
1.052641e+04 1.058962e+04 1.056628e+04 1.054975e+04
1.058408e+04 1.058976e+04 1.058848e+04 1.058537e+04
1.056100e+04 1.059617e+04 1.060145e+04 1.055571e+04
1.056290e+04 1.061870e+04 1.058399e+04 1.059762e+04
1.050741e+04 1.064205e+04 1.055150e+04 1.059796e+04
1.053061e+04 1.064905e+04 1.054215e+04 1.063751e+04
1.059117e+04 1.063132e+04 1.056711e+04 1.065539e+04
1.067676e+04 1.060800e+04 1.059888e+04 1.068589e+04
1.068076e+04 1.059265e+04 1.061272e+04 1.066069e+04
1.065112e+04 1.058543e+04 1.062627e+04 1.061028e+04
1.063353e+04 1.058331e+04 1.061794e+04 1.059890e+04
1.066650e+04 1.058385e+04 1.059342e+04 1.065693e+04
1.063558e+04 1.058537e+04 1.057583e+04 1.064512e+04
1.062109e+04 1.058688e+04 1.055397e+04 1.065400e+04
1.060640e+04 1.058801e+04 1.055823e+04 1.063618e+04
1.063667e+04 1.059505e+04 1.054579e+04 1.068593e+04
1.058421e+04 1.061793e+04 1.053659e+04 1.066555e+04
1.059102e+04 1.064146e+04 1.054104e+04 1.069144e+04
1.057667e+04 1.064856e+04 1.054303e+04 1.068220e+04
1.065691e+04 1.063089e+04 1.058403e+04 1.070377e+04
1.064231e+04 1.060763e+04 1.062267e+04 1.062728e+04
1.063898e+04 1.059234e+04 1.062645e+04 1.060487e+04
1.056577e+04 1.058518e+04 1.062563e+04 1.052532e+04
1.055255e+04 1.058311e+04 1.062118e+04 1.051449e+04
1.062153e+04 1.058370e+04 1.060946e+04 1.059577e+04
1.066777e+04 1.058528e+04 1.058412e+04 1.066893e+04
1.059143e+04 1.058684e+04 1.056912e+04 1.060914e+04
1.056036e+04 1.058797e+04 1.057248e+04 1.057585e+04
1.051188e+04 1.058871e+04 1.057820e+04 1.052239e+04
1.050023e+04 1.059549e+04 1.056731e+04 1.052840e+04
1.053454e+04 1.061824e+04 1.058133e+04 1.057146e+04
1.059454e+04 1.064174e+04 1.054410e+04 1.069217e+04
1.057232e+04 1.064885e+04 1.054468e+04 1.067649e+04
1.049690e+04 1.063123e+04 1.056596e+04 1.056217e+04
1.053104e+04 1.060803e+04 1.060037e+04 1.053869e+04
1.057024e+04 1.059278e+04 1.061503e+04 1.054799e+04
1.062103e+04 1.058568e+04 1.064029e+04 1.056642e+04
1.062331e+04 1.058366e+04 1.063275e+04 1.057423e+04
1.061346e+04 1.058430e+04 1.062352e+04 1.057425e+04
1.056729e+04 1.058593e+04 1.060752e+04 1.054570e+04
1.065767e+04 1.058753e+04 1.060284e+04 1.064237e+04
1.063294e+04 1.058871e+04 1.059775e+04 1.062390e+04
1.061587e+04 1.058944e+04 1.059574e+04 1.060957e+04
1.058903e+04 1.058986e+04 1.059796e+04 1.058093e+04
1.058811e+04 1.059011e+04 1.059173e+04 1.058650e+04
1.058620e+04 1.059328e+04 1.059688e+04 1.058260e+04
1.062022e+04 1.060401e+04 1.061999e+04 1.060424e+04
1.069972e+04 1.061512e+04 1.065757e+04 1.065727e+04
1.066014e+04 1.061853e+04 1.064208e+04 1.063660e+04
1.061152e+04 1.061030e+04 1.066581e+04 1.055601e+04
1.071765e+04 1.059943e+04 1.064523e+04 1.067185e+04
1.071415e+04 1.059232e+04 1.062933e+04 1.067713e+04
1.069707e+04 1.058904e+04 1.062567e+04 1.066044e+04
1.070971e+04 1.058816e+04 1.062322e+04 1.067465e+04
1.058789e+04 1.058853e+04 1.059492e+04 1.058151e+04
1.059476e+04 1.058937e+04 1.056798e+04 1.061615e+04
1.055683e+04 1.059020e+04 1.055221e+04 1.059482e+04
1.058790e+04 1.059083e+04 1.053604e+04 1.064269e+04
1.059728e+04 1.059126e+04 1.054229e+04 1.064625e+04
1.058250e+04 1.059158e+04 1.058657e+04 1.058752e+04
1.046826e+04 1.059818e+04 1.059090e+04 1.047554e+04
1.048597e+04 1.062090e+04 1.059267e+04 1.051420e+04
1.046890e+04 1.064442e+04 1.054185e+04 1.057147e+04
1.051688e+04 1.065161e+04 1.054500e+04 1.062348e+04
1.050819e+04 1.063406e+04 1.056150e+04 1.058074e+04
1.055251e+04 1.061093e+04 1.058751e+04 1.057593e+04
1.056600e+04 1.059577e+04 1.062260e+04 1.053918e+04
1.061751e+04 1.058876e+04 1.063490e+04 1.057137e+04
1.061243e+04 1.058684e+04 1.063404e+04 1.056523e+04
1.057189e+04 1.058758e+04 1.062818e+04 1.053129e+04
1.061937e+04 1.058931e+04 1.062099e+04 1.058768e+04
1.059821e+04 1.059102e+04 1.061665e+04 1.057258e+04
1.059427e+04 1.059233e+04 1.059969e+04 1.058692e+04
1.059448e+04 1.059620e+04 1.060851e+04 1.058217e+04
1.063407e+04 1.060736e+04 1.062838e+04 1.061305e+04
1.070616e+04 1.061873e+04 1.064173e+04 1.068317e+04
1.070783e+04 1.062233e+04 1.064354e+04 1.068662e+04
1.064393e+04 1.061424e+04 1.064059e+04 1.061758e+04
1.060709e+04 1.060351e+04 1.063389e+04 1.057672e+04
1.069985e+04 1.059653e+04 1.063019e+04 1.066619e+04
1.065428e+04 1.059338e+04 1.061432e+04 1.063333e+04
1.056149e+04 1.059262e+04 1.060570e+04 1.054842e+04
1.055940e+04 1.059314e+04 1.060534e+04 1.054720e+04
1.057518e+04 1.059413e+04 1.059281e+04 1.057651e+04
1.058880e+04 1.059514e+04 1.058748e+04 1.059646e+04
1.065920e+04 1.059595e+04 1.058356e+04 1.067159e+04
1.060326e+04 1.059657e+04 1.058102e+04 1.061881e+04
1.061924e+04 1.059704e+04 1.058854e+04 1.062775e+04
1.052693e+04 1.059744e+04 1.058438e+04 1.053999e+04
1.052382e+04 1.059781e+04 1.057510e+04 1.054653e+04
1.063316e+04 1.059816e+04 1.060315e+04 1.062817e+04
1.056847e+04 1.059852e+04 1.059722e+04 1.056976e+04
1.060943e+04 1.059885e+04 1.059460e+04 1.061368e+04
