0.5 9.480695e+03 9.438365e+03 9.416793e+03 9.459122e+03
1.5 9.468044e+03 9.434477e+03 9.386441e+03 9.420009e+03
2.5 9.464892e+03 9.465492e+03 9.417056e+03 9.416457e+03
3.5 9.433669e+03 9.468859e+03 9.469289e+03 9.434099e+03
4.5 9.416228e+03 9.433747e+03 9.475658e+03 9.458139e+03
5.5 9.417180e+03 9.411922e+03 9.461353e+03 9.466611e+03
6.5 9.404083e+03 9.417832e+03 9.448929e+03 9.435180e+03
7.5 9.381515e+03 9.398373e+03 9.441292e+03 9.424433e+03
8.5 9.404618e+03 9.404080e+03 9.437118e+03 9.437657e+03
9.5 9.416891e+03 9.412777e+03 9.421136e+03 9.425251e+03
10.5 9.406525e+03 9.408610e+03 9.385924e+03 9.383839e+03
11.5 9.424060e+03 9.423921e+03 9.402846e+03 9.402985e+03
12.5 9.519120e+03 9.456038e+03 9.460491e+03 9.523574e+03
13.5 9.479656e+03 9.444106e+03 9.476056e+03 9.511605e+03
14.5 9.368028e+03 9.426954e+03 9.463559e+03 9.404634e+03
15.5 9.407249e+03 9.418301e+03 9.450397e+03 9.439345e+03
16.5 9.428836e+03 9.428299e+03 9.442073e+03 9.442610e+03
17.5 9.444631e+03 9.457138e+03 9.437446e+03 9.424939e+03
0.3 9.416891e+03 9.412777e+03 9.421136e+03 9.425251e+03
1.3 9.406525e+03 9.408610e+03 9.385924e+03 9.383839e+03
2.3 9.424060e+03 9.423921e+03 9.402846e+03 9.402985e+03
3.3 9.519120e+03 9.456038e+03 9.460491e+03 9.523574e+03
4.3 9.479656e+03 9.444106e+03 9.476056e+03 9.511605e+03
5.3 9.368028e+03 9.426954e+03 9.463559e+03 9.404634e+03
6.3 9.407249e+03 9.418301e+03 9.450397e+03 9.439345e+03
7.3 9.428836e+03 9.428299e+03 9.442073e+03 9.442610e+03
8.3 9.444631e+03 9.457138e+03 9.437446e+03 9.424939e+03
9.3 9.443175e+03 9.453719e+03 9.435513e+03 9.424969e+03
10.3 9.435447e+03 9.430271e+03 9.435351e+03 9.440527e+03
11.3 9.434139e+03 9.424166e+03 9.435993e+03 9.445966e+03
12.3 9.445453e+03 9.432954e+03 9.436752e+03 9.449252e+03
13.3 9.466252e+03 9.433220e+03 9.437332e+03 9.470364e+03
14.3 9.469421e+03 9.436691e+03 9.437699e+03 9.470428e+03
15.3 9.423362e+03 9.427374e+03 9.437915e+03 9.433903e+03
16.3 9.421575e+03 9.410283e+03 9.438049e+03 9.449341e+03
17.3 9.388058e+03 9.404515e+03 9.438141e+03 9.421684e+03
0.9 9.371853e+03 9.425387e+03 9.401361e+03 9.347827e+03
1.9 9.349129e+03 9.424468e+03 9.388590e+03 9.313251e+03
2.9 9.377486e+03 9.463256e+03 9.440413e+03 9.354643e+03
3.9 9.487899e+03 9.464796e+03 9.476654e+03 9.499758e+03
4.9 9.498839e+03 9.478478e+03 9.471042e+03 9.491403e+03
5.9 9.409902e+03 9.445623e+03 9.456311e+03 9.420590e+03
6.9 9.381815e+03 9.407441e+03 9.445855e+03 9.420230e+03
7.9 9.412615e+03 9.394160e+03 9.439701e+03 9.458156e+03
8.9 9.430517e+03 9.394927e+03 9.436615e+03 9.472206e+03
9.9 9.420231e+03 9.406751e+03 9.435711e+03 9.449191e+03
10.9 9.425846e+03 9.430717e+03 9.436021e+03 9.431150e+03
11.9 9.474908e+03 9.426888e+03 9.436706e+03 9.484725e+03
12.9 9.471745e+03 9.430944e+03 9.437288e+03 9.478089e+03
13.9 9.522235e+03 9.480960e+03 9.437555e+03 9.478830e+03
14.9 9.555071e+03 9.475884e+03 9.418689e+03 9.497877e+03
15.9 9.489992e+03 9.464664e+03 9.386287e+03 9.411615e+03
16.9 9.534775e+03 9.525394e+03 9.411724e+03 9.421105e+03
17.9 9.570474e+03 9.558173e+03 9.466237e+03 9.478537e+03
0.4 9.555071e+03 9.475884e+03 9.418689e+03 9.497877e+03
1.4 9.489992e+03 9.464664e+03 9.386287e+03 9.411615e+03
2.4 9.534775e+03 9.525394e+03 9.411724e+03 9.421105e+03
3.4 9.570474e+03 9.558173e+03 9.466237e+03 9.478537e+03
4.4 9.567767e+03 9.520880e+03 9.475767e+03 9.522654e+03
5.4 9.486108e+03 9.482603e+03 9.461967e+03 9.465472e+03
6.4 9.465907e+03 9.443686e+03 9.449248e+03 9.471469e+03
7.4 9.455650e+03 9.438871e+03 9.441376e+03 9.458154e+03
8.4 9.416264e+03 9.413465e+03 9.437068e+03 9.439867e+03
9.4 9.424000e+03 9.424462e+03 9.435373e+03 9.434911e+03
10.4 9.392045e+03 9.414762e+03 9.435344e+03 9.412628e+03
11.4 9.382342e+03 9.452976e+03 9.436001e+03 9.365367e+03
12.4 9.439753e+03 9.475851e+03 9.436706e+03 9.400607e+03
13.4 9.457417e+03 9.481615e+03 9.437216e+03 9.413018e+03
14.4 9.428536e+03 9.451809e+03 9.437520e+03 9.414247e+03
15.4 9.387113e+03 9.417729e+03 9.437688e+03 9.407072e+03
16.4 9.436677e+03 9.414525e+03 9.437783e+03 9.459935e+03
17.4 9.373708e+03 9.403846e+03 9.437845e+03 9.407708e+03
0.2 9.493253e+03 9.504626e+03 9.428216e+03 9.416843e+03
1.2 9.451276e+03 9.441759e+03 9.391595e+03 9.401112e+03
2.2 9.474224e+03 9.450010e+03 9.398720e+03 9.422934e+03
3.2 9.479975e+03 9.497997e+03 9.456425e+03 9.438404e+03
4.2 9.515616e+03 9.495394e+03 9.477476e+03 9.497697e+03
5.2 9.452619e+03 9.432525e+03 9.466147e+03 9.486241e+03
6.2 9.416648e+03 9.389220e+03 9.452292e+03 9.479719e+03
7.2 9.341295e+03 9.353836e+03 9.443315e+03 9.430774e+03
8.2 9.363078e+03 9.361033e+03 9.438204e+03 9.440249e+03
9.2 9.380003e+03 9.360836e+03 9.435894e+03 9.455061e+03
10.2 9.435548e+03 9.391863e+03 9.435496e+03 9.479182e+03
11.2 9.390950e+03 9.412995e+03 9.436029e+03 9.413983e+03
12.2 9.456998e+03 9.441155e+03 9.436744e+03 9.452586e+03
13.2 9.440539e+03 9.464083e+03 9.437299e+03 9.413754e+03
14.2 9.430241e+03 9.480849e+03 9.437638e+03 9.387030e+03
15.2 9.487981e+03 9.490365e+03 9.437820e+03 9.435436e+03
16.2 9.554273e+03 9.537843e+03 9.437917e+03 9.454347e+03
17.2 9.524705e+03 9.512957e+03 9.437974e+03 9.449722e+03
1.0 9.443822e+03 9.434120e+03 9.399360e+03 9.409062e+03
2.0 9.518818e+03 9.573039e+03 9.389600e+03 9.335380e+03
3.0 9.604301e+03 9.549034e+03 9.443136e+03 9.498402e+03
4.0 9.570353e+03 9.531852e+03 9.476824e+03 9.515326e+03
5.0 9.493107e+03 9.492296e+03 9.470010e+03 9.470821e+03
6.0 9.462559e+03 9.458446e+03 9.455363e+03 9.459476e+03
7.0 9.443055e+03 9.438836e+03 9.445169e+03 9.449388e+03
8.0 9.468466e+03 9.445807e+03 9.439215e+03 9.461873e+03
9.0 9.458779e+03 9.429200e+03 9.436299e+03 9.465878e+03
10.0 9.394392e+03 9.431150e+03 9.435550e+03 9.398791e+03
11.0 9.354594e+03 9.404456e+03 9.435973e+03 9.386111e+03
12.0 9.359378e+03 9.429061e+03 9.436709e+03 9.367026e+03
13.0 9.399263e+03 9.422671e+03 9.437325e+03 9.413917e+03
14.0 9.419979e+03 9.446196e+03 9.437723e+03 9.411506e+03
15.0 9.414325e+03 9.456412e+03 9.437949e+03 9.395861e+03
16.0 9.394123e+03 9.453632e+03 9.438076e+03 9.378567e+03
17.0 9.409183e+03 9.464642e+03 9.438157e+03 9.382698e+03
18.0 9.464123e+03 9.483478e+03 9.438219e+03 9.418864e+03
0.7 9.505494e+03 9.430003e+03 9.408392e+03 9.483882e+03
1.7 9.479698e+03 9.431922e+03 9.386218e+03 9.433995e+03
2.7 9.518748e+03 9.464178e+03 9.429653e+03 9.484222e+03
3.7 9.517746e+03 9.499183e+03 9.474176e+03 9.492740e+03
4.7 9.500528e+03 9.471805e+03 9.473471e+03 9.502194e+03
5.7 9.410744e+03 9.432078e+03 9.458695e+03 9.437360e+03
6.7 9.353274e+03 9.418369e+03 9.447363e+03 9.382268e+03
7.7 9.433844e+03 9.415103e+03 9.440558e+03 9.459299e+03
8.7 9.468084e+03 9.441837e+03 9.436993e+03 9.463239e+03
9.7 9.465554e+03 9.446608e+03 9.430934e+03 9.449880e+03
10.7 9.420508e+03 9.414529e+03 9.397333e+03 9.403312e+03
11.7 9.460741e+03 9.454245e+03 9.392572e+03 9.399068e+03
12.7 9.431016e+03 9.477852e+03 9.445193e+03 9.398357e+03
13.7 9.402417e+03 9.492410e+03 9.474261e+03 9.384268e+03
14.7 9.443877e+03 9.469633e+03 9.466855e+03 9.441099e+03
15.7 9.448134e+03 9.453260e+03 9.453403e+03 9.448276e+03
16.7 9.437055e+03 9.442257e+03 9.444221e+03 9.439018e+03
17.7 9.461252e+03 9.430174e+03 9.438901e+03 9.469979e+03
1.0 9.420508e+03 9.414529e+03 9.397333e+03 9.403312e+03
2.0 9.460741e+03 9.454245e+03 9.392572e+03 9.399068e+03
3.0 9.431016e+03 9.477852e+03 9.445193e+03 9.398357e+03
4.0 9.402417e+03 9.492410e+03 9.474261e+03 9.384268e+03
5.0 9.443877e+03 9.469633e+03 9.466855e+03 9.441099e+03
6.0 9.448134e+03 9.453260e+03 9.453403e+03 9.448276e+03
7.0 9.437055e+03 9.442257e+03 9.444221e+03 9.439018e+03
8.0 9.461252e+03 9.430174e+03 9.438901e+03 9.469979e+03
9.0 9.423275e+03 9.414596e+03 9.436364e+03 9.445043e+03
10.0 9.395518e+03 9.408998e+03 9.435787e+03 9.422308e+03
11.0 9.401434e+03 9.399038e+03 9.436241e+03 9.438637e+03
12.0 9.429498e+03 9.399125e+03 9.436972e+03 9.467345e+03
13.0 9.420318e+03 9.404812e+03 9.437594e+03 9.453100e+03
14.0 9.403653e+03 9.414831e+03 9.437996e+03 9.426818e+03
15.0 9.449802e+03 9.405683e+03 9.438216e+03 9.482335e+03
16.0 9.426732e+03 9.416466e+03 9.438333e+03 9.448598e+03
17.0 9.434902e+03 9.436493e+03 9.438402e+03 9.436810e+03
18.0 9.452615e+03 9.432034e+03 9.438448e+03 9.459029e+03
0.6 9.401927e+03 9.442330e+03 9.413463e+03 9.373061e+03
1.6 9.401562e+03 9.458486e+03 9.389004e+03 9.332080e+03
2.6 9.494942e+03 9.492865e+03 9.424908e+03 9.426985e+03
3.6 9.536511e+03 9.498668e+03 9.470208e+03 9.508052e+03
4.6 9.492596e+03 9.476705e+03 9.472277e+03 9.488169e+03
5.6 9.416078e+03 9.444775e+03 9.458529e+03 9.429832e+03
6.6 9.404677e+03 9.440637e+03 9.447462e+03 9.411501e+03
7.6 9.423613e+03 9.432306e+03 9.440776e+03 9.432082e+03
8.6 9.436775e+03 9.425276e+03 9.425041e+03 9.436539e+03
9.6 9.442832e+03 9.413775e+03 9.390196e+03 9.419252e+03
10.6 9.438751e+03 9.439608e+03 9.402994e+03 9.402138e+03
11.6 9.465206e+03 9.464303e+03 9.457515e+03 9.458419e+03
12.6 9.455988e+03 9.441926e+03 9.473899e+03 9.487961e+03
13.6 9.403924e+03 9.447109e+03 9.462676e+03 9.419490e+03
14.6 9.452603e+03 9.464800e+03 9.450254e+03 9.438057e+03
15.6 9.479083e+03 9.464763e+03 9.442296e+03 9.456616e+03
16.6 9.472320e+03 9.482941e+03 9.437802e+03 9.427181e+03
17.6 9.504073e+03 9.477329e+03 9.435861e+03 9.462605e+03
0.3 9.436775e+03 9.425276e+03 9.425041e+03 9.436539e+03
1.3 9.442832e+03 9.413775e+03 9.390196e+03 9.419252e+03
2.3 9.438751e+03 9.439608e+03 9.402994e+03 9.402138e+03
3.3 9.465206e+03 9.464303e+03 9.457515e+03 9.458419e+03
4.3 9.455988e+03 9.441926e+03 9.473899e+03 9.487961e+03
5.3 9.403924e+03 9.447109e+03 9.462676e+03 9.419490e+03
6.3 9.452603e+03 9.464800e+03 9.450254e+03 9.438057e+03
7.3 9.479083e+03 9.464763e+03 9.442296e+03 9.456616e+03
8.3 9.472320e+03 9.482941e+03 9.437802e+03 9.427181e+03
9.3 9.504073e+03 9.477329e+03 9.435861e+03 9.462605e+03
10.3 9.504269e+03 9.441440e+03 9.435625e+03 9.498455e+03
11.3 9.434840e+03 9.432835e+03 9.436170e+03 9.438175e+03
12.3 9.387156e+03 9.415227e+03 9.436825e+03 9.408754e+03
13.3 9.359996e+03 9.413937e+03 9.437306e+03 9.383366e+03
14.3 9.440078e+03 9.428969e+03 9.437580e+03 9.448689e+03
15.3 9.458511e+03 9.445527e+03 9.437707e+03 9.450692e+03
16.3 9.454611e+03 9.451761e+03 9.437341e+03 9.440191e+03
17.3 9.453144e+03 9.443156e+03 9.413654e+03 9.423643e+03
0.6 9.453144e+03 9.443156e+03 9.413654e+03 9.423643e+03
1.6 9.467283e+03 9.455402e+03 9.388253e+03 9.400135e+03
2.6 9.481281e+03 9.490921e+03 9.422661e+03 9.413021e+03
3.6 9.506650e+03 9.496101e+03 9.468896e+03 9.479444e+03
4.6 9.463882e+03 9.463435e+03 9.471824e+03 9.472271e+03
5.6 9.440474e+03 9.428355e+03 9.458177e+03 9.470295e+03
6.6 9.413793e+03 9.414762e+03 9.447038e+03 9.446069e+03
7.6 9.441920e+03 9.419379e+03 9.440299e+03 9.462840e+03
8.6 9.473693e+03 9.438241e+03 9.436719e+03 9.472171e+03
9.6 9.440740e+03 9.445208e+03 9.435440e+03 9.430971e+03
10.6 9.406160e+03 9.435947e+03 9.435564e+03 9.405777e+03
11.6 9.422236e+03 9.433200e+03 9.436221e+03 9.425257e+03
12.6 9.386403e+03 9.429224e+03 9.436867e+03 9.394045e+03
13.6 9.396407e+03 9.408695e+03 9.437305e+03 9.425017e+03
14.6 9.417737e+03 9.409846e+03 9.437547e+03 9.445439e+03
15.6 9.452576e+03 9.407854e+03 9.437683e+03 9.482405e+03
16.6 9.429487e+03 9.426568e+03 9.437766e+03 9.440685e+03
17.6 9.434054e+03 9.419643e+03 9.437818e+03 9.452230e+03
