0.5 9.480695e+03 9.438365e+03 9.438250e+03 9.480580e+03
1.5 9.468044e+03 9.434477e+03 9.438254e+03 9.471821e+03
2.5 9.464892e+03 9.465492e+03 9.438255e+03 9.437655e+03
3.5 9.433669e+03 9.468859e+03 9.438254e+03 9.403064e+03
4.5 9.416228e+03 9.433747e+03 9.438253e+03 9.420734e+03
5.5 9.417180e+03 9.411922e+03 9.438252e+03 9.443510e+03
6.5 9.404083e+03 9.417832e+03 9.438253e+03 9.424504e+03
7.5 9.381515e+03 9.398373e+03 9.438253e+03 9.421395e+03
8.5 9.404618e+03 9.404080e+03 9.438253e+03 9.438792e+03
9.5 9.416891e+03 9.412777e+03 9.438253e+03 9.442368e+03
10.5 9.406525e+03 9.408610e+03 9.438255e+03 9.436171e+03
11.5 9.424060e+03 9.423921e+03 9.438243e+03 9.438382e+03
12.5 9.519120e+03 9.456038e+03 9.438205e+03 9.501288e+03
13.5 9.479656e+03 9.444106e+03 9.438185e+03 9.473734e+03
14.5 9.368028e+03 9.426954e+03 9.438204e+03 9.379279e+03
15.5 9.407249e+03 9.418301e+03 9.438231e+03 9.427179e+03
16.5 9.428836e+03 9.428299e+03 9.438249e+03 9.438786e+03
17.5 9.444631e+03 9.457138e+03 9.438257e+03 9.425750e+03
0.3 9.416891e+03 9.412777e+03 9.438253e+03 9.442368e+03
1.3 9.406525e+03 9.408610e+03 9.438255e+03 9.436171e+03
2.3 9.424060e+03 9.423921e+03 9.438243e+03 9.438382e+03
3.3 9.519120e+03 9.456038e+03 9.438205e+03 9.501288e+03
4.3 9.479656e+03 9.444106e+03 9.438185e+03 9.473734e+03
5.3 9.368028e+03 9.426954e+03 9.438204e+03 9.379279e+03
6.3 9.407249e+03 9.418301e+03 9.438231e+03 9.427179e+03
7.3 9.428836e+03 9.428299e+03 9.438249e+03 9.438786e+03
8.3 9.444631e+03 9.457138e+03 9.438257e+03 9.425750e+03
9.3 9.443175e+03 9.453719e+03 9.438260e+03 9.427716e+03
10.3 9.435447e+03 9.430271e+03 9.438260e+03 9.443436e+03
11.3 9.434139e+03 9.424166e+03 9.438258e+03 9.448231e+03
12.3 9.445453e+03 9.432954e+03 9.438256e+03 9.450755e+03
13.3 9.466252e+03 9.433220e+03 9.438255e+03 9.471287e+03
14.3 9.469421e+03 9.436691e+03 9.438254e+03 9.470984e+03
15.3 9.423362e+03 9.427374e+03 9.438253e+03 9.434242e+03
16.3 9.421575e+03 9.410283e+03 9.438253e+03 9.449545e+03
17.3 9.388058e+03 9.404515e+03 9.438253e+03 9.421796e+03
0.9 9.371853e+03 9.425387e+03 9.438253e+03 9.384719e+03
1.9 9.349129e+03 9.424468e+03 9.438251e+03 9.362912e+03
2.9 9.377486e+03 9.463256e+03 9.438223e+03 9.352453e+03
3.9 9.487899e+03 9.464796e+03 9.438206e+03 9.461309e+03
4.9 9.498839e+03 9.478478e+03 9.438219e+03 9.458580e+03
5.9 9.409902e+03 9.445623e+03 9.438237e+03 9.402516e+03
6.9 9.381815e+03 9.407441e+03 9.438249e+03 9.412623e+03
7.9 9.412615e+03 9.394160e+03 9.438254e+03 9.456709e+03
8.9 9.430517e+03 9.394927e+03 9.438256e+03 9.473846e+03
9.9 9.420231e+03 9.406751e+03 9.438256e+03 9.451736e+03
10.9 9.425846e+03 9.430717e+03 9.438254e+03 9.433383e+03
11.9 9.474908e+03 9.426888e+03 9.438253e+03 9.486273e+03
12.9 9.471745e+03 9.430944e+03 9.438252e+03 9.479053e+03
13.9 9.522235e+03 9.480960e+03 9.438252e+03 9.479526e+03
14.9 9.555071e+03 9.475884e+03 9.438251e+03 9.517438e+03
15.9 9.489992e+03 9.464664e+03 9.438253e+03 9.463581e+03
16.9 9.534775e+03 9.525394e+03 9.438246e+03 9.447628e+03
17.9 9.570474e+03 9.558173e+03 9.438241e+03 9.450542e+03
0.4 9.555071e+03 9.475884e+03 9.438251e+03 9.517438e+03
1.4 9.489992e+03 9.464664e+03 9.438253e+03 9.463581e+03
2.4 9.534775e+03 9.525394e+03 9.438246e+03 9.447628e+03
3.4 9.570474e+03 9.558173e+03 9.438241e+03 9.450542e+03
4.4 9.567767e+03 9.520880e+03 9.438243e+03 9.485131e+03
5.4 9.486108e+03 9.482603e+03 9.438247e+03 9.441753e+03
6.4 9.465907e+03 9.443686e+03 9.438249e+03 9.460471e+03
7.4 9.455650e+03 9.438871e+03 9.438250e+03 9.455029e+03
8.4 9.416264e+03 9.413465e+03 9.438250e+03 9.441049e+03
9.4 9.424000e+03 9.424462e+03 9.438250e+03 9.437788e+03
10.4 9.392045e+03 9.414762e+03 9.438250e+03 9.415533e+03
11.4 9.382342e+03 9.452976e+03 9.438250e+03 9.367616e+03
12.4 9.439753e+03 9.475851e+03 9.438249e+03 9.402150e+03
13.4 9.457417e+03 9.481615e+03 9.438249e+03 9.414051e+03
14.4 9.428536e+03 9.451809e+03 9.438249e+03 9.414976e+03
15.4 9.387113e+03 9.417729e+03 9.438249e+03 9.407633e+03
16.4 9.436677e+03 9.414525e+03 9.438249e+03 9.460401e+03
17.4 9.373708e+03 9.403846e+03 9.438249e+03 9.408111e+03
0.2 9.493253e+03 9.504626e+03 9.438247e+03 9.426874e+03
1.2 9.451276e+03 9.441759e+03 9.438249e+03 9.447766e+03
2.2 9.474224e+03 9.450010e+03 9.438255e+03 9.462469e+03
3.2 9.479975e+03 9.497997e+03 9.438255e+03 9.420233e+03
4.2 9.515616e+03 9.495394e+03 9.438252e+03 9.458473e+03
5.2 9.452619e+03 9.432525e+03 9.438249e+03 9.458342e+03
6.2 9.416648e+03 9.389220e+03 9.438247e+03 9.465675e+03
7.2 9.341295e+03 9.353836e+03 9.438247e+03 9.425706e+03
8.2 9.363078e+03 9.361033e+03 9.438247e+03 9.440292e+03
9.2 9.380003e+03 9.360836e+03 9.438247e+03 9.457414e+03
10.2 9.435548e+03 9.391863e+03 9.438247e+03 9.481932e+03
11.2 9.390950e+03 9.412995e+03 9.438247e+03 9.416202e+03
12.2 9.456998e+03 9.441155e+03 9.438247e+03 9.454090e+03
13.2 9.440539e+03 9.464083e+03 9.438247e+03 9.414703e+03
14.2 9.430241e+03 9.480849e+03 9.438248e+03 9.387640e+03
15.2 9.487981e+03 9.490365e+03 9.438248e+03 9.435863e+03
16.2 9.554273e+03 9.537843e+03 9.438248e+03 9.454677e+03
17.2 9.524705e+03 9.512957e+03 9.438248e+03 9.449995e+03
1.0 9.443822e+03 9.434120e+03 9.438248e+03 9.447950e+03
2.0 9.518818e+03 9.573039e+03 9.438258e+03 9.384037e+03
3.0 9.604301e+03 9.549034e+03 9.438262e+03 9.493528e+03
4.0 9.570353e+03 9.531852e+03 9.438257e+03 9.476758e+03
5.0 9.493107e+03 9.492296e+03 9.438251e+03 9.439062e+03
6.0 9.462559e+03 9.458446e+03 9.438248e+03 9.442360e+03
7.0 9.443055e+03 9.438836e+03 9.438246e+03 9.442465e+03
8.0 9.468466e+03 9.445807e+03 9.438245e+03 9.460904e+03
9.0 9.458779e+03 9.429200e+03 9.438246e+03 9.467825e+03
10.0 9.394392e+03 9.431150e+03 9.438246e+03 9.401487e+03
11.0 9.354594e+03 9.404456e+03 9.438246e+03 9.388384e+03
12.0 9.359378e+03 9.429061e+03 9.438247e+03 9.368564e+03
13.0 9.399263e+03 9.422671e+03 9.438247e+03 9.414839e+03
14.0 9.419979e+03 9.446196e+03 9.438247e+03 9.412030e+03
15.0 9.414325e+03 9.456412e+03 9.438247e+03 9.396159e+03
16.0 9.394123e+03 9.453632e+03 9.438247e+03 9.378738e+03
17.0 9.409183e+03 9.464642e+03 9.438247e+03 9.382788e+03
18.0 9.464123e+03 9.483478e+03 9.438247e+03 9.418891e+03
0.7 9.505494e+03 9.430003e+03 9.438246e+03 9.513737e+03
1.7 9.479698e+03 9.431922e+03 9.438255e+03 9.486031e+03
2.7 9.518748e+03 9.464178e+03 9.438262e+03 9.492832e+03
3.7 9.517746e+03 9.499183e+03 9.438258e+03 9.456822e+03
4.7 9.500528e+03 9.471805e+03 9.438252e+03 9.466975e+03
5.7 9.410744e+03 9.432078e+03 9.438247e+03 9.416913e+03
6.7 9.353274e+03 9.418369e+03 9.438245e+03 9.373150e+03
7.7 9.433844e+03 9.415103e+03 9.438244e+03 9.456985e+03
8.7 9.468084e+03 9.441837e+03 9.438244e+03 9.464491e+03
9.7 9.465554e+03 9.446608e+03 9.438245e+03 9.457191e+03
10.7 9.420508e+03 9.414529e+03 9.438246e+03 9.444226e+03
11.7 9.460741e+03 9.454245e+03 9.438255e+03 9.444751e+03
12.7 9.431016e+03 9.477852e+03 9.438258e+03 9.391423e+03
13.7 9.402417e+03 9.492410e+03 9.438254e+03 9.348261e+03
14.7 9.443877e+03 9.469633e+03 9.438249e+03 9.412493e+03
15.7 9.448134e+03 9.453260e+03 9.438247e+03 9.433120e+03
16.7 9.437055e+03 9.442257e+03 9.438245e+03 9.433043e+03
17.7 9.461252e+03 9.430174e+03 9.438245e+03 9.469323e+03
1.0 9.420508e+03 9.414529e+03 9.438246e+03 9.444226e+03
2.0 9.460741e+03 9.454245e+03 9.438255e+03 9.444751e+03
3.0 9.431016e+03 9.477852e+03 9.438258e+03 9.391423e+03
4.0 9.402417e+03 9.492410e+03 9.438254e+03 9.348261e+03
5.0 9.443877e+03 9.469633e+03 9.438249e+03 9.412493e+03
6.0 9.448134e+03 9.453260e+03 9.438247e+03 9.433120e+03
7.0 9.437055e+03 9.442257e+03 9.438245e+03 9.433043e+03
8.0 9.461252e+03 9.430174e+03 9.438245e+03 9.469323e+03
9.0 9.423275e+03 9.414596e+03 9.438245e+03 9.446924e+03
10.0 9.395518e+03 9.408998e+03 9.438245e+03 9.424766e+03
11.0 9.401434e+03 9.399038e+03 9.438246e+03 9.440642e+03
12.0 9.429498e+03 9.399125e+03 9.438246e+03 9.468619e+03
13.0 9.420318e+03 9.404812e+03 9.438246e+03 9.453752e+03
14.0 9.403653e+03 9.414831e+03 9.438246e+03 9.427069e+03
15.0 9.449802e+03 9.405683e+03 9.438246e+03 9.482366e+03
16.0 9.426732e+03 9.416466e+03 9.438246e+03 9.448512e+03
17.0 9.434902e+03 9.436493e+03 9.438246e+03 9.436654e+03
18.0 9.452615e+03 9.432034e+03 9.438246e+03 9.458827e+03
0.6 9.401927e+03 9.442330e+03 9.438246e+03 9.397844e+03
1.6 9.401562e+03 9.458486e+03 9.438251e+03 9.381327e+03
2.6 9.494942e+03 9.492865e+03 9.438257e+03 9.440334e+03
3.6 9.536511e+03 9.498668e+03 9.438255e+03 9.476098e+03
4.6 9.492596e+03 9.476705e+03 9.438250e+03 9.454142e+03
5.6 9.416078e+03 9.444775e+03 9.438247e+03 9.409550e+03
6.6 9.404677e+03 9.440637e+03 9.438246e+03 9.402285e+03
7.6 9.423613e+03 9.432306e+03 9.438245e+03 9.429552e+03
8.6 9.436775e+03 9.425276e+03 9.438245e+03 9.449744e+03
9.6 9.442832e+03 9.413775e+03 9.438248e+03 9.467305e+03
10.6 9.438751e+03 9.439608e+03 9.438257e+03 9.437401e+03
11.6 9.465206e+03 9.464303e+03 9.438258e+03 9.439161e+03
12.6 9.455988e+03 9.441926e+03 9.438253e+03 9.452315e+03
13.6 9.403924e+03 9.447109e+03 9.438249e+03 9.395063e+03
14.6 9.452603e+03 9.464800e+03 9.438246e+03 9.426050e+03
15.6 9.479083e+03 9.464763e+03 9.438245e+03 9.452566e+03
16.6 9.472320e+03 9.482941e+03 9.438245e+03 9.427624e+03
17.6 9.504073e+03 9.477329e+03 9.438246e+03 9.464990e+03
0.3 9.436775e+03 9.425276e+03 9.438245e+03 9.449744e+03
1.3 9.442832e+03 9.413775e+03 9.438248e+03 9.467305e+03
2.3 9.438751e+03 9.439608e+03 9.438257e+03 9.437401e+03
3.3 9.465206e+03 9.464303e+03 9.438258e+03 9.439161e+03
4.3 9.455988e+03 9.441926e+03 9.438253e+03 9.452315e+03
5.3 9.403924e+03 9.447109e+03 9.438249e+03 9.395063e+03
6.3 9.452603e+03 9.464800e+03 9.438246e+03 9.426050e+03
7.3 9.479083e+03 9.464763e+03 9.438245e+03 9.452566e+03
8.3 9.472320e+03 9.482941e+03 9.438245e+03 9.427624e+03
9.3 9.504073e+03 9.477329e+03 9.438246e+03 9.464990e+03
10.3 9.504269e+03 9.441440e+03 9.438246e+03 9.501075e+03
11.3 9.434840e+03 9.432835e+03 9.438246e+03 9.440251e+03
12.3 9.387156e+03 9.415227e+03 9.438247e+03 9.410176e+03
13.3 9.359996e+03 9.413937e+03 9.438247e+03 9.384306e+03
14.3 9.440078e+03 9.428969e+03 9.438247e+03 9.449356e+03
15.3 9.458511e+03 9.445527e+03 9.438247e+03 9.451231e+03
16.3 9.454611e+03 9.451761e+03 9.438247e+03 9.441098e+03
17.3 9.453144e+03 9.443156e+03 9.438247e+03 9.448236e+03
0.6 9.453144e+03 9.443156e+03 9.438247e+03 9.448236e+03
1.6 9.467283e+03 9.455402e+03 9.438250e+03 9.450132e+03
2.6 9.481281e+03 9.490921e+03 9.438251e+03 9.428610e+03
3.6 9.506650e+03 9.496101e+03 9.438249e+03 9.448797e+03
4.6 9.463882e+03 9.463435e+03 9.438248e+03 9.438695e+03
5.6 9.440474e+03 9.428355e+03 9.438247e+03 9.450366e+03
6.6 9.413793e+03 9.414762e+03 9.438247e+03 9.437278e+03
7.6 9.441920e+03 9.419379e+03 9.438247e+03 9.460788e+03
8.6 9.473693e+03 9.438241e+03 9.438247e+03 9.473700e+03
9.6 9.440740e+03 9.445208e+03 9.438247e+03 9.433779e+03
10.6 9.406160e+03 9.435947e+03 9.438248e+03 9.408460e+03
11.6 9.422236e+03 9.433200e+03 9.438248e+03 9.427283e+03
12.6 9.386403e+03 9.429224e+03 9.438248e+03 9.395426e+03
13.6 9.396407e+03 9.408695e+03 9.438248e+03 9.425960e+03
14.6 9.417737e+03 9.409846e+03 9.438248e+03 9.446139e+03
15.6 9.452576e+03 9.407854e+03 9.438248e+03 9.482970e+03
16.6 9.429487e+03 9.426568e+03 9.438248e+03 9.441166e+03
17.6 9.434054e+03 9.419643e+03 9.438248e+03 9.452659e+03
