0.3 7.309019e+03 7.266062e+03 7.257540e+03 7.300497e+03
1.3 7.139441e+03 7.216571e+03 7.254717e+03 7.177586e+03
2.3 7.321898e+03 7.312838e+03 7.256649e+03 7.265709e+03
3.3 7.274821e+03 7.275765e+03 7.262219e+03 7.261275e+03
4.3 7.271021e+03 7.304363e+03 7.256024e+03 7.222682e+03
5.3 7.239984e+03 7.254521e+03 7.238900e+03 7.224363e+03
6.3 7.221241e+03 7.270824e+03 7.229429e+03 7.179847e+03
7.3 7.311384e+03 7.249381e+03 7.249772e+03 7.311774e+03
8.3 7.265733e+03 7.299058e+03 7.275764e+03 7.242439e+03
9.3 7.302510e+03 7.250284e+03 7.277823e+03 7.330050e+03
10.3 7.303021e+03 7.313849e+03 7.267237e+03 7.256409e+03
11.3 7.272451e+03 7.243600e+03 7.255631e+03 7.284482e+03
12.3 7.358223e+03 7.266589e+03 7.249820e+03 7.341455e+03
13.3 7.217265e+03 7.259780e+03 7.252982e+03 7.210468e+03
14.3 7.108154e+03 7.224074e+03 7.256013e+03 7.140093e+03
15.3 7.215374e+03 7.242412e+03 7.256490e+03 7.229452e+03
16.3 7.279298e+03 7.241494e+03 7.256370e+03 7.294174e+03
17.3 7.202947e+03 7.239436e+03 7.256251e+03 7.219762e+03
0.9 7.321898e+03 7.312838e+03 7.256649e+03 7.265709e+03
1.9 7.274821e+03 7.275765e+03 7.262219e+03 7.261275e+03
2.9 7.271021e+03 7.304363e+03 7.256024e+03 7.222682e+03
3.9 7.239984e+03 7.254521e+03 7.238900e+03 7.224363e+03
4.9 7.221241e+03 7.270824e+03 7.229429e+03 7.179847e+03
5.9 7.311384e+03 7.249381e+03 7.249772e+03 7.311774e+03
6.9 7.265733e+03 7.299058e+03 7.275764e+03 7.242439e+03
7.9 7.302510e+03 7.250284e+03 7.277823e+03 7.330050e+03
8.9 7.303021e+03 7.313849e+03 7.267237e+03 7.256409e+03
9.9 7.272451e+03 7.243600e+03 7.255631e+03 7.284482e+03
10.9 7.358223e+03 7.266589e+03 7.249820e+03 7.341455e+03
11.9 7.217265e+03 7.259780e+03 7.252982e+03 7.210468e+03
12.9 7.108154e+03 7.224074e+03 7.256013e+03 7.140093e+03
13.9 7.215374e+03 7.242412e+03 7.256490e+03 7.229452e+03
14.9 7.279298e+03 7.241494e+03 7.256370e+03 7.294174e+03
15.9 7.202947e+03 7.239436e+03 7.256251e+03 7.219762e+03
16.9 7.218004e+03 7.274215e+03 7.256113e+03 7.199902e+03
17.9 7.186399e+03 7.254374e+03 7.255990e+03 7.188015e+03
0.1 7.321898e+03 7.312838e+03 7.256649e+03 7.265709e+03
1.1 7.274821e+03 7.275765e+03 7.262219e+03 7.261275e+03
2.1 7.271021e+03 7.304363e+03 7.256024e+03 7.222682e+03
3.1 7.239984e+03 7.254521e+03 7.238900e+03 7.224363e+03
4.1 7.221241e+03 7.270824e+03 7.229429e+03 7.179847e+03
5.1 7.311384e+03 7.249381e+03 7.249772e+03 7.311774e+03
6.1 7.265733e+03 7.299058e+03 7.275764e+03 7.242439e+03
7.1 7.302510e+03 7.250284e+03 7.277823e+03 7.330050e+03
8.1 7.303021e+03 7.313849e+03 7.267237e+03 7.256409e+03
9.1 7.272451e+03 7.243600e+03 7.255631e+03 7.284482e+03
10.1 7.358223e+03 7.266589e+03 7.249820e+03 7.341455e+03
11.1 7.217265e+03 7.259780e+03 7.252982e+03 7.210468e+03
12.1 7.108154e+03 7.224074e+03 7.256013e+03 7.140093e+03
13.1 7.215374e+03 7.242412e+03 7.256490e+03 7.229452e+03
14.1 7.279298e+03 7.241494e+03 7.256370e+03 7.294174e+03
15.1 7.202947e+03 7.239436e+03 7.256251e+03 7.219762e+03
16.1 7.218004e+03 7.274215e+03 7.256113e+03 7.199902e+03
17.1 7.186399e+03 7.254374e+03 7.255990e+03 7.188015e+03
0.6 7.271021e+03 7.304363e+03 7.256024e+03 7.222682e+03
1.6 7.239984e+03 7.254521e+03 7.238900e+03 7.224363e+03
2.6 7.221241e+03 7.270824e+03 7.229429e+03 7.179847e+03
3.6 7.311384e+03 7.249381e+03 7.249772e+03 7.311774e+03
4.6 7.265733e+03 7.299058e+03 7.275764e+03 7.242439e+03
5.6 7.302510e+03 7.250284e+03 7.277823e+03 7.330050e+03
6.6 7.303021e+03 7.313849e+03 7.267237e+03 7.256409e+03
7.6 7.272451e+03 7.243600e+03 7.255631e+03 7.284482e+03
8.6 7.358223e+03 7.266589e+03 7.249820e+03 7.341455e+03
9.6 7.217265e+03 7.259780e+03 7.252982e+03 7.210468e+03
10.6 7.108154e+03 7.224074e+03 7.256013e+03 7.140093e+03
11.6 7.215374e+03 7.242412e+03 7.256490e+03 7.229452e+03
12.6 7.279298e+03 7.241494e+03 7.256370e+03 7.294174e+03
13.6 7.202947e+03 7.239436e+03 7.256251e+03 7.219762e+03
14.6 7.218004e+03 7.274215e+03 7.256113e+03 7.199902e+03
15.6 7.186399e+03 7.254374e+03 7.255990e+03 7.188015e+03
16.6 7.264242e+03 7.277680e+03 7.255935e+03 7.242497e+03
17.6 7.272872e+03 7.237017e+03 7.255945e+03 7.291800e+03
0.4 7.239984e+03 7.254521e+03 7.238900e+03 7.224363e+03
1.4 7.221241e+03 7.270824e+03 7.229429e+03 7.179847e+03
2.4 7.311384e+03 7.249381e+03 7.249772e+03 7.311774e+03
3.4 7.265733e+03 7.299058e+03 7.275764e+03 7.242439e+03
4.4 7.302510e+03 7.250284e+03 7.277823e+03 7.330050e+03
5.4 7.303021e+03 7.313849e+03 7.267237e+03 7.256409e+03
6.4 7.272451e+03 7.243600e+03 7.255631e+03 7.284482e+03
7.4 7.358223e+03 7.266589e+03 7.249820e+03 7.341455e+03
8.4 7.217265e+03 7.259780e+03 7.252982e+03 7.210468e+03
9.4 7.108154e+03 7.224074e+03 7.256013e+03 7.140093e+03
10.4 7.215374e+03 7.242412e+03 7.256490e+03 7.229452e+03
11.4 7.279298e+03 7.241494e+03 7.256370e+03 7.294174e+03
12.4 7.202947e+03 7.239436e+03 7.256251e+03 7.219762e+03
13.4 7.218004e+03 7.274215e+03 7.256113e+03 7.199902e+03
14.4 7.186399e+03 7.254374e+03 7.255990e+03 7.188015e+03
15.4 7.264242e+03 7.277680e+03 7.255935e+03 7.242497e+03
16.4 7.272872e+03 7.237017e+03 7.255945e+03 7.291800e+03
17.4 7.291617e+03 7.259676e+03 7.260498e+03 7.292439e+03
0.6 7.221241e+03 7.270824e+03 7.229429e+03 7.179847e+03
1.6 7.311384e+03 7.249381e+03 7.249772e+03 7.311774e+03
2.6 7.265733e+03 7.299058e+03 7.275764e+03 7.242439e+03
3.6 7.302510e+03 7.250284e+03 7.277823e+03 7.330050e+03
4.6 7.303021e+03 7.313849e+03 7.267237e+03 7.256409e+03
5.6 7.272451e+03 7.243600e+03 7.255631e+03 7.284482e+03
6.6 7.358223e+03 7.266589e+03 7.249820e+03 7.341455e+03
7.6 7.217265e+03 7.259780e+03 7.252982e+03 7.210468e+03
8.6 7.108154e+03 7.224074e+03 7.256013e+03 7.140093e+03
9.6 7.215374e+03 7.242412e+03 7.256490e+03 7.229452e+03
10.6 7.279298e+03 7.241494e+03 7.256370e+03 7.294174e+03
11.6 7.202947e+03 7.239436e+03 7.256251e+03 7.219762e+03
12.6 7.218004e+03 7.274215e+03 7.256113e+03 7.199902e+03
13.6 7.186399e+03 7.254374e+03 7.255990e+03 7.188015e+03
14.6 7.264242e+03 7.277680e+03 7.255935e+03 7.242497e+03
15.6 7.272872e+03 7.237017e+03 7.255945e+03 7.291800e+03
16.6 7.291617e+03 7.259676e+03 7.260498e+03 7.292439e+03
17.6 7.299044e+03 7.218604e+03 7.267684e+03 7.348124e+03
0.2 7.311384e+03 7.249381e+03 7.249772e+03 7.311774e+03
1.2 7.265733e+03 7.299058e+03 7.275764e+03 7.242439e+03
2.2 7.302510e+03 7.250284e+03 7.277823e+03 7.330050e+03
3.2 7.303021e+03 7.313849e+03 7.267237e+03 7.256409e+03
4.2 7.272451e+03 7.243600e+03 7.255631e+03 7.284482e+03
5.2 7.358223e+03 7.266589e+03 7.249820e+03 7.341455e+03
6.2 7.217265e+03 7.259780e+03 7.252982e+03 7.210468e+03
7.2 7.108154e+03 7.224074e+03 7.256013e+03 7.140093e+03
8.2 7.215374e+03 7.242412e+03 7.256490e+03 7.229452e+03
9.2 7.279298e+03 7.241494e+03 7.256370e+03 7.294174e+03
10.2 7.202947e+03 7.239436e+03 7.256251e+03 7.219762e+03
11.2 7.218004e+03 7.274215e+03 7.256113e+03 7.199902e+03
12.2 7.186399e+03 7.254374e+03 7.255990e+03 7.188015e+03
13.2 7.264242e+03 7.277680e+03 7.255935e+03 7.242497e+03
14.2 7.272872e+03 7.237017e+03 7.255945e+03 7.291800e+03
15.2 7.291617e+03 7.259676e+03 7.260498e+03 7.292439e+03
16.2 7.299044e+03 7.218604e+03 7.267684e+03 7.348124e+03
17.2 7.228770e+03 7.276512e+03 7.266584e+03 7.218842e+03
0.2 7.265733e+03 7.299058e+03 7.275764e+03 7.242439e+03
1.2 7.302510e+03 7.250284e+03 7.277823e+03 7.330050e+03
2.2 7.303021e+03 7.313849e+03 7.267237e+03 7.256409e+03
3.2 7.272451e+03 7.243600e+03 7.255631e+03 7.284482e+03
4.2 7.358223e+03 7.266589e+03 7.249820e+03 7.341455e+03
5.2 7.217265e+03 7.259780e+03 7.252982e+03 7.210468e+03
6.2 7.108154e+03 7.224074e+03 7.256013e+03 7.140093e+03
7.2 7.215374e+03 7.242412e+03 7.256490e+03 7.229452e+03
8.2 7.279298e+03 7.241494e+03 7.256370e+03 7.294174e+03
9.2 7.202947e+03 7.239436e+03 7.256251e+03 7.219762e+03
10.2 7.218004e+03 7.274215e+03 7.256113e+03 7.199902e+03
11.2 7.186399e+03 7.254374e+03 7.255990e+03 7.188015e+03
12.2 7.264242e+03 7.277680e+03 7.255935e+03 7.242497e+03
13.2 7.272872e+03 7.237017e+03 7.255945e+03 7.291800e+03
14.2 7.291617e+03 7.259676e+03 7.260498e+03 7.292439e+03
15.2 7.299044e+03 7.218604e+03 7.267684e+03 7.348124e+03
16.2 7.228770e+03 7.276512e+03 7.266584e+03 7.218842e+03
17.2 7.273765e+03 7.230068e+03 7.257344e+03 7.301041e+03
0.5 7.303021e+03 7.313849e+03 7.267237e+03 7.256409e+03
1.5 7.272451e+03 7.243600e+03 7.255631e+03 7.284482e+03
2.5 7.358223e+03 7.266589e+03 7.249820e+03 7.341455e+03
3.5 7.217265e+03 7.259780e+03 7.252982e+03 7.210468e+03
4.5 7.108154e+03 7.224074e+03 7.256013e+03 7.140093e+03
5.5 7.215374e+03 7.242412e+03 7.256490e+03 7.229452e+03
6.5 7.279298e+03 7.241494e+03 7.256370e+03 7.294174e+03
7.5 7.202947e+03 7.239436e+03 7.256251e+03 7.219762e+03
8.5 7.218004e+03 7.274215e+03 7.256113e+03 7.199902e+03
9.5 7.186399e+03 7.254374e+03 7.255990e+03 7.188015e+03
10.5 7.264242e+03 7.277680e+03 7.255935e+03 7.242497e+03
11.5 7.272872e+03 7.237017e+03 7.255945e+03 7.291800e+03
12.5 7.291617e+03 7.259676e+03 7.260498e+03 7.292439e+03
13.5 7.299044e+03 7.218604e+03 7.267684e+03 7.348124e+03
14.5 7.228770e+03 7.276512e+03 7.266584e+03 7.218842e+03
15.5 7.273765e+03 7.230068e+03 7.257344e+03 7.301041e+03
16.5 7.305280e+03 7.277700e+03 7.247348e+03 7.274928e+03
17.5 7.228157e+03 7.240805e+03 7.245622e+03 7.232973e+03
0.2 7.291617e+03 7.259676e+03 7.260498e+03 7.292439e+03
1.2 7.299044e+03 7.218604e+03 7.267684e+03 7.348124e+03
2.2 7.228770e+03 7.276512e+03 7.266584e+03 7.218842e+03
3.2 7.273765e+03 7.230068e+03 7.257344e+03 7.301041e+03
4.2 7.305280e+03 7.277700e+03 7.247348e+03 7.274928e+03
5.2 7.228157e+03 7.240805e+03 7.245622e+03 7.232973e+03
6.2 7.226589e+03 7.231220e+03 7.249174e+03 7.244543e+03
7.2 7.231828e+03 7.236366e+03 7.250993e+03 7.246455e+03
8.2 7.215516e+03 7.246820e+03 7.254388e+03 7.223084e+03
9.2 7.129127e+03 7.201889e+03 7.257444e+03 7.184682e+03
10.2 7.281490e+03 7.250202e+03 7.258005e+03 7.289293e+03
11.2 7.240327e+03 7.190712e+03 7.257587e+03 7.307202e+03
12.2 7.238739e+03 7.233030e+03 7.257084e+03 7.262792e+03
13.2 7.090555e+03 7.214379e+03 7.256692e+03 7.132868e+03
14.2 7.208981e+03 7.259217e+03 7.256439e+03 7.206202e+03
15.2 7.204479e+03 7.251262e+03 7.256310e+03 7.209527e+03
16.2 7.314461e+03 7.249333e+03 7.256265e+03 7.321393e+03
17.2 7.266135e+03 7.227314e+03 7.256258e+03 7.295078e+03
0.7 7.228770e+03 7.276512e+03 7.266584e+03 7.218842e+03
1.7 7.273765e+03 7.230068e+03 7.257344e+03 7.301041e+03
2.7 7.305280e+03 7.277700e+03 7.247348e+03 7.274928e+03
3.7 7.228157e+03 7.240805e+03 7.245622e+03 7.232973e+03
4.7 7.226589e+03 7.231220e+03 7.249174e+03 7.244543e+03
5.7 7.231828e+03 7.236366e+03 7.250993e+03 7.246455e+03
6.7 7.215516e+03 7.246820e+03 7.254388e+03 7.223084e+03
7.7 7.129127e+03 7.201889e+03 7.257444e+03 7.184682e+03
8.7 7.281490e+03 7.250202e+03 7.258005e+03 7.289293e+03
9.7 7.240327e+03 7.190712e+03 7.257587e+03 7.307202e+03
10.7 7.238739e+03 7.233030e+03 7.257084e+03 7.262792e+03
11.7 7.090555e+03 7.214379e+03 7.256692e+03 7.132868e+03
12.7 7.208981e+03 7.259217e+03 7.256439e+03 7.206202e+03
13.7 7.204479e+03 7.251262e+03 7.256310e+03 7.209527e+03
14.7 7.314461e+03 7.249333e+03 7.256265e+03 7.321393e+03
15.7 7.266135e+03 7.227314e+03 7.256258e+03 7.295078e+03
16.7 7.393737e+03 7.313523e+03 7.256261e+03 7.336475e+03
17.7 7.307204e+03 7.308448e+03 7.256359e+03 7.255115e+03
0.1 7.273765e+03 7.230068e+03 7.257344e+03 7.301041e+03
1.1 7.305280e+03 7.277700e+03 7.247348e+03 7.274928e+03
2.1 7.228157e+03 7.240805e+03 7.245622e+03 7.232973e+03
3.1 7.226589e+03 7.231220e+03 7.249174e+03 7.244543e+03
4.1 7.231828e+03 7.236366e+03 7.250993e+03 7.246455e+03
5.1 7.215516e+03 7.246820e+03 7.254388e+03 7.223084e+03
6.1 7.129127e+03 7.201889e+03 7.257444e+03 7.184682e+03
7.1 7.281490e+03 7.250202e+03 7.258005e+03 7.289293e+03
8.1 7.240327e+03 7.190712e+03 7.257587e+03 7.307202e+03
9.1 7.238739e+03 7.233030e+03 7.257084e+03 7.262792e+03
10.1 7.090555e+03 7.214379e+03 7.256692e+03 7.132868e+03
11.1 7.208981e+03 7.259217e+03 7.256439e+03 7.206202e+03
12.1 7.204479e+03 7.251262e+03 7.256310e+03 7.209527e+03
13.1 7.314461e+03 7.249333e+03 7.256265e+03 7.321393e+03
14.1 7.266135e+03 7.227314e+03 7.256258e+03 7.295078e+03
15.1 7.393737e+03 7.313523e+03 7.256261e+03 7.336475e+03
16.1 7.307204e+03 7.308448e+03 7.256359e+03 7.255115e+03
17.1 7.366068e+03 7.367510e+03 7.259425e+03 7.257983e+03
0.4 7.228157e+03 7.240805e+03 7.245622e+03 7.232973e+03
1.4 7.226589e+03 7.231220e+03 7.249174e+03 7.244543e+03
2.4 7.231828e+03 7.236366e+03 7.250993e+03 7.246455e+03
3.4 7.215516e+03 7.246820e+03 7.254388e+03 7.223084e+03
4.4 7.129127e+03 7.201889e+03 7.257444e+03 7.184682e+03
5.4 7.281490e+03 7.250202e+03 7.258005e+03 7.289293e+03
6.4 7.240327e+03 7.190712e+03 7.257587e+03 7.307202e+03
7.4 7.238739e+03 7.233030e+03 7.257084e+03 7.262792e+03
8.4 7.090555e+03 7.214379e+03 7.256692e+03 7.132868e+03
9.4 7.208981e+03 7.259217e+03 7.256439e+03 7.206202e+03
10.4 7.204479e+03 7.251262e+03 7.256310e+03 7.209527e+03
11.4 7.314461e+03 7.249333e+03 7.256265e+03 7.321393e+03
12.4 7.266135e+03 7.227314e+03 7.256258e+03 7.295078e+03
13.4 7.393737e+03 7.313523e+03 7.256261e+03 7.336475e+03
14.4 7.307204e+03 7.308448e+03 7.256359e+03 7.255115e+03
15.4 7.366068e+03 7.367510e+03 7.259425e+03 7.257983e+03
16.4 7.318056e+03 7.315994e+03 7.257233e+03 7.259295e+03
17.4 7.322473e+03 7.307788e+03 7.247757e+03 7.262441e+03
0.5 7.366068e+03 7.367510e+03 7.259425e+03 7.257983e+03
1.5 7.318056e+03 7.315994e+03 7.257233e+03 7.259295e+03
2.5 7.322473e+03 7.307788e+03 7.247757e+03 7.262441e+03
3.5 7.290764e+03 7.269173e+03 7.245022e+03 7.266612e+03
4.5 7.317358e+03 7.234251e+03 7.250233e+03 7.333339e+03
5.5 7.212680e+03 7.209663e+03 7.255839e+03 7.258856e+03
6.5 7.397663e+03 7.331764e+03 7.264355e+03 7.330254e+03
7.5 7.304270e+03 7.232704e+03 7.273724e+03 7.345290e+03
8.5 7.345932e+03 7.319616e+03 7.280897e+03 7.307212e+03
9.5 7.187782e+03 7.258630e+03 7.270256e+03 7.199409e+03
10.5 7.202261e+03 7.267590e+03 7.245101e+03 7.179773e+03
11.5 7.136314e+03 7.215151e+03 7.236691e+03 7.157855e+03
12.5 7.147298e+03 7.228656e+03 7.239677e+03 7.158320e+03
13.5 7.205224e+03 7.188023e+03 7.245799e+03 7.263000e+03
14.5 7.285940e+03 7.260788e+03 7.255966e+03 7.281118e+03
15.5 7.181883e+03 7.237820e+03 7.261906e+03 7.205969e+03
16.5 7.191801e+03 7.197284e+03 7.261542e+03 7.256059e+03
17.5 7.224734e+03 7.263716e+03 7.259677e+03 7.220695e+03
0.6 7.318056e+03 7.315994e+03 7.257233e+03 7.259295e+03
1.6 7.322473e+03 7.307788e+03 7.247757e+03 7.262441e+03
2.6 7.290764e+03 7.269173e+03 7.245022e+03 7.266612e+03
3.6 7.317358e+03 7.234251e+03 7.250233e+03 7.333339e+03
4.6 7.212680e+03 7.209663e+03 7.255839e+03 7.258856e+03
5.6 7.397663e+03 7.331764e+03 7.264355e+03 7.330254e+03
6.6 7.304270e+03 7.232704e+03 7.273724e+03 7.345290e+03
7.6 7.345932e+03 7.319616e+03 7.280897e+03 7.307212e+03
8.6 7.187782e+03 7.258630e+03 7.270256e+03 7.199409e+03
9.6 7.202261e+03 7.267590e+03 7.245101e+03 7.179773e+03
10.6 7.136314e+03 7.215151e+03 7.236691e+03 7.157855e+03
11.6 7.147298e+03 7.228656e+03 7.239677e+03 7.158320e+03
12.6 7.205224e+03 7.188023e+03 7.245799e+03 7.263000e+03
13.6 7.285940e+03 7.260788e+03 7.255966e+03 7.281118e+03
14.6 7.181883e+03 7.237820e+03 7.261906e+03 7.205969e+03
15.6 7.191801e+03 7.197284e+03 7.261542e+03 7.256059e+03
16.6 7.224734e+03 7.263716e+03 7.259677e+03 7.220695e+03
17.6 7.188698e+03 7.212393e+03 7.260764e+03 7.237069e+03
0.5 7.322473e+03 7.307788e+03 7.247757e+03 7.262441e+03
1.5 7.290764e+03 7.269173e+03 7.245022e+03 7.266612e+03
2.5 7.317358e+03 7.234251e+03 7.250233e+03 7.333339e+03
3.5 7.212680e+03 7.209663e+03 7.255839e+03 7.258856e+03
4.5 7.397663e+03 7.331764e+03 7.264355e+03 7.330254e+03
5.5 7.304270e+03 7.232704e+03 7.273724e+03 7.345290e+03
6.5 7.345932e+03 7.319616e+03 7.280897e+03 7.307212e+03
7.5 7.187782e+03 7.258630e+03 7.270256e+03 7.199409e+03
8.5 7.202261e+03 7.267590e+03 7.245101e+03 7.179773e+03
9.5 7.136314e+03 7.215151e+03 7.236691e+03 7.157855e+03
10.5 7.147298e+03 7.228656e+03 7.239677e+03 7.158320e+03
11.5 7.205224e+03 7.188023e+03 7.245799e+03 7.263000e+03
12.5 7.285940e+03 7.260788e+03 7.255966e+03 7.281118e+03
13.5 7.181883e+03 7.237820e+03 7.261906e+03 7.205969e+03
14.5 7.191801e+03 7.197284e+03 7.261542e+03 7.256059e+03
15.5 7.224734e+03 7.263716e+03 7.259677e+03 7.220695e+03
16.5 7.188698e+03 7.212393e+03 7.260764e+03 7.237069e+03
17.5 7.220985e+03 7.249220e+03 7.259042e+03 7.230807e+03
0.3 7.290764e+03 7.269173e+03 7.245022e+03 7.266612e+03
1.3 7.317358e+03 7.234251e+03 7.250233e+03 7.333339e+03
2.3 7.212680e+03 7.209663e+03 7.255839e+03 7.258856e+03
3.3 7.397663e+03 7.331764e+03 7.264355e+03 7.330254e+03
4.3 7.304270e+03 7.232704e+03 7.273724e+03 7.345290e+03
5.3 7.345932e+03 7.319616e+03 7.280897e+03 7.307212e+03
6.3 7.187782e+03 7.258630e+03 7.270256e+03 7.199409e+03
7.3 7.202261e+03 7.267590e+03 7.245101e+03 7.179773e+03
8.3 7.136314e+03 7.215151e+03 7.236691e+03 7.157855e+03
9.3 7.147298e+03 7.228656e+03 7.239677e+03 7.158320e+03
10.3 7.205224e+03 7.188023e+03 7.245799e+03 7.263000e+03
11.3 7.285940e+03 7.260788e+03 7.255966e+03 7.281118e+03
12.3 7.181883e+03 7.237820e+03 7.261906e+03 7.205969e+03
13.3 7.191801e+03 7.197284e+03 7.261542e+03 7.256059e+03
14.3 7.224734e+03 7.263716e+03 7.259677e+03 7.220695e+03
15.3 7.188698e+03 7.212393e+03 7.260764e+03 7.237069e+03
16.3 7.220985e+03 7.249220e+03 7.259042e+03 7.230807e+03
17.3 7.225538e+03 7.241372e+03 7.254443e+03 7.238608e+03
0.4 7.317358e+03 7.234251e+03 7.250233e+03 7.333339e+03
1.4 7.212680e+03 7.209663e+03 7.255839e+03 7.258856e+03
2.4 7.397663e+03 7.331764e+03 7.264355e+03 7.330254e+03
3.4 7.304270e+03 7.232704e+03 7.273724e+03 7.345290e+03
4.4 7.345932e+03 7.319616e+03 7.280897e+03 7.307212e+03
5.4 7.187782e+03 7.258630e+03 7.270256e+03 7.199409e+03
6.4 7.202261e+03 7.267590e+03 7.245101e+03 7.179773e+03
7.4 7.136314e+03 7.215151e+03 7.236691e+03 7.157855e+03
8.4 7.147298e+03 7.228656e+03 7.239677e+03 7.158320e+03
9.4 7.205224e+03 7.188023e+03 7.245799e+03 7.263000e+03
10.4 7.285940e+03 7.260788e+03 7.255966e+03 7.281118e+03
11.4 7.181883e+03 7.237820e+03 7.261906e+03 7.205969e+03
12.4 7.191801e+03 7.197284e+03 7.261542e+03 7.256059e+03
13.4 7.224734e+03 7.263716e+03 7.259677e+03 7.220695e+03
14.4 7.188698e+03 7.212393e+03 7.260764e+03 7.237069e+03
15.4 7.220985e+03 7.249220e+03 7.259042e+03 7.230807e+03
16.4 7.225538e+03 7.241372e+03 7.254443e+03 7.238608e+03
17.4 7.294189e+03 7.281864e+03 7.256307e+03 7.268633e+03
0.0 7.212680e+03 7.209663e+03 7.255839e+03 7.258856e+03
1.0 7.397663e+03 7.331764e+03 7.264355e+03 7.330254e+03
2.0 7.304270e+03 7.232704e+03 7.273724e+03 7.345290e+03
3.0 7.345932e+03 7.319616e+03 7.280897e+03 7.307212e+03
4.0 7.187782e+03 7.258630e+03 7.270256e+03 7.199409e+03
5.0 7.202261e+03 7.267590e+03 7.245101e+03 7.179773e+03
6.0 7.136314e+03 7.215151e+03 7.236691e+03 7.157855e+03
7.0 7.147298e+03 7.228656e+03 7.239677e+03 7.158320e+03
8.0 7.205224e+03 7.188023e+03 7.245799e+03 7.263000e+03
9.0 7.285940e+03 7.260788e+03 7.255966e+03 7.281118e+03
10.0 7.181883e+03 7.237820e+03 7.261906e+03 7.205969e+03
11.0 7.191801e+03 7.197284e+03 7.261542e+03 7.256059e+03
12.0 7.224734e+03 7.263716e+03 7.259677e+03 7.220695e+03
13.0 7.188698e+03 7.212393e+03 7.260764e+03 7.237069e+03
14.0 7.220985e+03 7.249220e+03 7.259042e+03 7.230807e+03
15.0 7.225538e+03 7.241372e+03 7.254443e+03 7.238608e+03
16.0 7.294189e+03 7.281864e+03 7.256307e+03 7.268633e+03
17.0 7.239075e+03 7.250161e+03 7.262501e+03 7.251415e+03
0.5 7.304270e+03 7.232704e+03 7.273724e+03 7.345290e+03
1.5 7.345932e+03 7.319616e+03 7.280897e+03 7.307212e+03
2.5 7.187782e+03 7.258630e+03 7.270256e+03 7.199409e+03
3.5 7.202261e+03 7.267590e+03 7.245101e+03 7.179773e+03
4.5 7.136314e+03 7.215151e+03 7.236691e+03 7.157855e+03
5.5 7.147298e+03 7.228656e+03 7.239677e+03 7.158320e+03
6.5 7.205224e+03 7.188023e+03 7.245799e+03 7.263000e+03
7.5 7.285940e+03 7.260788e+03 7.255966e+03 7.281118e+03
8.5 7.181883e+03 7.237820e+03 7.261906e+03 7.205969e+03
9.5 7.191801e+03 7.197284e+03 7.261542e+03 7.256059e+03
10.5 7.224734e+03 7.263716e+03 7.259677e+03 7.220695e+03
11.5 7.188698e+03 7.212393e+03 7.260764e+03 7.237069e+03
12.5 7.220985e+03 7.249220e+03 7.259042e+03 7.230807e+03
13.5 7.225538e+03 7.241372e+03 7.254443e+03 7.238608e+03
14.5 7.294189e+03 7.281864e+03 7.256307e+03 7.268633e+03
15.5 7.239075e+03 7.250161e+03 7.262501e+03 7.251415e+03
16.5 7.345878e+03 7.274735e+03 7.260691e+03 7.331834e+03
17.5 7.348959e+03 7.263907e+03 7.246581e+03 7.331633e+03
0.7 7.345932e+03 7.319616e+03 7.280897e+03 7.307212e+03
1.7 7.187782e+03 7.258630e+03 7.270256e+03 7.199409e+03
2.7 7.202261e+03 7.267590e+03 7.245101e+03 7.179773e+03
3.7 7.136314e+03 7.215151e+03 7.236691e+03 7.157855e+03
4.7 7.147298e+03 7.228656e+03 7.239677e+03 7.158320e+03
5.7 7.205224e+03 7.188023e+03 7.245799e+03 7.263000e+03
6.7 7.285940e+03 7.260788e+03 7.255966e+03 7.281118e+03
7.7 7.181883e+03 7.237820e+03 7.261906e+03 7.205969e+03
8.7 7.191801e+03 7.197284e+03 7.261542e+03 7.256059e+03
9.7 7.224734e+03 7.263716e+03 7.259677e+03 7.220695e+03
10.7 7.188698e+03 7.212393e+03 7.260764e+03 7.237069e+03
11.7 7.220985e+03 7.249220e+03 7.259042e+03 7.230807e+03
12.7 7.225538e+03 7.241372e+03 7.254443e+03 7.238608e+03
13.7 7.294189e+03 7.281864e+03 7.256307e+03 7.268633e+03
14.7 7.239075e+03 7.250161e+03 7.262501e+03 7.251415e+03
15.7 7.345878e+03 7.274735e+03 7.260691e+03 7.331834e+03
16.7 7.348959e+03 7.263907e+03 7.246581e+03 7.331633e+03
17.7 7.295694e+03 7.260950e+03 7.244416e+03 7.279159e+03
0.7 7.187782e+03 7.258630e+03 7.270256e+03 7.199409e+03
1.7 7.202261e+03 7.267590e+03 7.245101e+03 7.179773e+03
2.7 7.136314e+03 7.215151e+03 7.236691e+03 7.157855e+03
3.7 7.147298e+03 7.228656e+03 7.239677e+03 7.158320e+03
4.7 7.205224e+03 7.188023e+03 7.245799e+03 7.263000e+03
5.7 7.285940e+03 7.260788e+03 7.255966e+03 7.281118e+03
6.7 7.181883e+03 7.237820e+03 7.261906e+03 7.205969e+03
7.7 7.191801e+03 7.197284e+03 7.261542e+03 7.256059e+03
8.7 7.224734e+03 7.263716e+03 7.259677e+03 7.220695e+03
9.7 7.188698e+03 7.212393e+03 7.260764e+03 7.237069e+03
10.7 7.220985e+03 7.249220e+03 7.259042e+03 7.230807e+03
11.7 7.225538e+03 7.241372e+03 7.254443e+03 7.238608e+03
12.7 7.294189e+03 7.281864e+03 7.256307e+03 7.268633e+03
13.7 7.239075e+03 7.250161e+03 7.262501e+03 7.251415e+03
14.7 7.345878e+03 7.274735e+03 7.260691e+03 7.331834e+03
15.7 7.348959e+03 7.263907e+03 7.246581e+03 7.331633e+03
16.7 7.295694e+03 7.260950e+03 7.244416e+03 7.279159e+03
17.7 7.179289e+03 7.243077e+03 7.252778e+03 7.188989e+03
0.5 7.202261e+03 7.267590e+03 7.245101e+03 7.179773e+03
1.5 7.136314e+03 7.215151e+03 7.236691e+03 7.157855e+03
2.5 7.147298e+03 7.228656e+03 7.239677e+03 7.158320e+03
3.5 7.205224e+03 7.188023e+03 7.245799e+03 7.263000e+03
4.5 7.285940e+03 7.260788e+03 7.255966e+03 7.281118e+03
5.5 7.181883e+03 7.237820e+03 7.261906e+03 7.205969e+03
6.5 7.191801e+03 7.197284e+03 7.261542e+03 7.256059e+03
7.5 7.224734e+03 7.263716e+03 7.259677e+03 7.220695e+03
8.5 7.188698e+03 7.212393e+03 7.260764e+03 7.237069e+03
9.5 7.220985e+03 7.249220e+03 7.259042e+03 7.230807e+03
10.5 7.225538e+03 7.241372e+03 7.254443e+03 7.238608e+03
11.5 7.294189e+03 7.281864e+03 7.256307e+03 7.268633e+03
12.5 7.239075e+03 7.250161e+03 7.262501e+03 7.251415e+03
13.5 7.345878e+03 7.274735e+03 7.260691e+03 7.331834e+03
14.5 7.348959e+03 7.263907e+03 7.246581e+03 7.331633e+03
15.5 7.295694e+03 7.260950e+03 7.244416e+03 7.279159e+03
16.5 7.179289e+03 7.243077e+03 7.252778e+03 7.188989e+03
17.5 7.283429e+03 7.270054e+03 7.255584e+03 7.268959e+03
0.2 7.136314e+03 7.215151e+03 7.236691e+03 7.157855e+03
1.2 7.147298e+03 7.228656e+03 7.239677e+03 7.158320e+03
2.2 7.205224e+03 7.188023e+03 7.245799e+03 7.263000e+03
3.2 7.285940e+03 7.260788e+03 7.255966e+03 7.281118e+03
4.2 7.181883e+03 7.237820e+03 7.261906e+03 7.205969e+03
5.2 7.191801e+03 7.197284e+03 7.261542e+03 7.256059e+03
6.2 7.224734e+03 7.263716e+03 7.259677e+03 7.220695e+03
7.2 7.188698e+03 7.212393e+03 7.260764e+03 7.237069e+03
8.2 7.220985e+03 7.249220e+03 7.259042e+03 7.230807e+03
9.2 7.225538e+03 7.241372e+03 7.254443e+03 7.238608e+03
10.2 7.294189e+03 7.281864e+03 7.256307e+03 7.268633e+03
11.2 7.239075e+03 7.250161e+03 7.262501e+03 7.251415e+03
12.2 7.345878e+03 7.274735e+03 7.260691e+03 7.331834e+03
13.2 7.348959e+03 7.263907e+03 7.246581e+03 7.331633e+03
14.2 7.295694e+03 7.260950e+03 7.244416e+03 7.279159e+03
15.2 7.179289e+03 7.243077e+03 7.252778e+03 7.188989e+03
16.2 7.283429e+03 7.270054e+03 7.255584e+03 7.268959e+03
17.2 7.277036e+03 7.220648e+03 7.258662e+03 7.315049e+03
0.5 7.188698e+03 7.212393e+03 7.260764e+03 7.237069e+03
1.5 7.220985e+03 7.249220e+03 7.259042e+03 7.230807e+03
2.5 7.225538e+03 7.241372e+03 7.254443e+03 7.238608e+03
3.5 7.294189e+03 7.281864e+03 7.256307e+03 7.268633e+03
4.5 7.239075e+03 7.250161e+03 7.262501e+03 7.251415e+03
5.5 7.345878e+03 7.274735e+03 7.260691e+03 7.331834e+03
6.5 7.348959e+03 7.263907e+03 7.246581e+03 7.331633e+03
7.5 7.295694e+03 7.260950e+03 7.244416e+03 7.279159e+03
8.5 7.179289e+03 7.243077e+03 7.252778e+03 7.188989e+03
9.5 7.283429e+03 7.270054e+03 7.255584e+03 7.268959e+03
10.5 7.277036e+03 7.220648e+03 7.258662e+03 7.315049e+03
11.5 7.219799e+03 7.247798e+03 7.260315e+03 7.232316e+03
12.5 7.205865e+03 7.225082e+03 7.259255e+03 7.240038e+03
13.5 7.257698e+03 7.265870e+03 7.257774e+03 7.249601e+03
14.5 7.219387e+03 7.206974e+03 7.256772e+03 7.269184e+03
15.5 7.271779e+03 7.206526e+03 7.256238e+03 7.321492e+03
16.5 7.226089e+03 7.221669e+03 7.256024e+03 7.260444e+03
17.5 7.444693e+03 7.345685e+03 7.255999e+03 7.355007e+03
0.1 7.220985e+03 7.249220e+03 7.259042e+03 7.230807e+03
1.1 7.225538e+03 7.241372e+03 7.254443e+03 7.238608e+03
2.1 7.294189e+03 7.281864e+03 7.256307e+03 7.268633e+03
3.1 7.239075e+03 7.250161e+03 7.262501e+03 7.251415e+03
4.1 7.345878e+03 7.274735e+03 7.260691e+03 7.331834e+03
5.1 7.348959e+03 7.263907e+03 7.246581e+03 7.331633e+03
6.1 7.295694e+03 7.260950e+03 7.244416e+03 7.279159e+03
7.1 7.179289e+03 7.243077e+03 7.252778e+03 7.188989e+03
8.1 7.283429e+03 7.270054e+03 7.255584e+03 7.268959e+03
9.1 7.277036e+03 7.220648e+03 7.258662e+03 7.315049e+03
10.1 7.219799e+03 7.247798e+03 7.260315e+03 7.232316e+03
11.1 7.205865e+03 7.225082e+03 7.259255e+03 7.240038e+03
12.1 7.257698e+03 7.265870e+03 7.257774e+03 7.249601e+03
13.1 7.219387e+03 7.206974e+03 7.256772e+03 7.269184e+03
14.1 7.271779e+03 7.206526e+03 7.256238e+03 7.321492e+03
15.1 7.226089e+03 7.221669e+03 7.256024e+03 7.260444e+03
16.1 7.444693e+03 7.345685e+03 7.255999e+03 7.355007e+03
17.1 7.281594e+03 7.199271e+03 7.256054e+03 7.338377e+03
0.5 7.294189e+03 7.281864e+03 7.256307e+03 7.268633e+03
1.5 7.239075e+03 7.250161e+03 7.262501e+03 7.251415e+03
2.5 7.345878e+03 7.274735e+03 7.260691e+03 7.331834e+03
3.5 7.348959e+03 7.263907e+03 7.246581e+03 7.331633e+03
4.5 7.295694e+03 7.260950e+03 7.244416e+03 7.279159e+03
5.5 7.179289e+03 7.243077e+03 7.252778e+03 7.188989e+03
6.5 7.283429e+03 7.270054e+03 7.255584e+03 7.268959e+03
7.5 7.277036e+03 7.220648e+03 7.258662e+03 7.315049e+03
8.5 7.219799e+03 7.247798e+03 7.260315e+03 7.232316e+03
9.5 7.205865e+03 7.225082e+03 7.259255e+03 7.240038e+03
10.5 7.257698e+03 7.265870e+03 7.257774e+03 7.249601e+03
11.5 7.219387e+03 7.206974e+03 7.256772e+03 7.269184e+03
12.5 7.271779e+03 7.206526e+03 7.256238e+03 7.321492e+03
13.5 7.226089e+03 7.221669e+03 7.256024e+03 7.260444e+03
14.5 7.444693e+03 7.345685e+03 7.255999e+03 7.355007e+03
15.5 7.281594e+03 7.199271e+03 7.256054e+03 7.338377e+03
16.5 7.273721e+03 7.312275e+03 7.256120e+03 7.217566e+03
17.5 7.304855e+03 7.315745e+03 7.256168e+03 7.245278e+03
0.7 7.239075e+03 7.250161e+03 7.262501e+03 7.251415e+03
1.7 7.345878e+03 7.274735e+03 7.260691e+03 7.331834e+03
2.7 7.348959e+03 7.263907e+03 7.246581e+03 7.331633e+03
3.7 7.295694e+03 7.260950e+03 7.244416e+03 7.279159e+03
4.7 7.179289e+03 7.243077e+03 7.252778e+03 7.188989e+03
5.7 7.283429e+03 7.270054e+03 7.255584e+03 7.268959e+03
6.7 7.277036e+03 7.220648e+03 7.258662e+03 7.315049e+03
7.7 7.219799e+03 7.247798e+03 7.260315e+03 7.232316e+03
8.7 7.205865e+03 7.225082e+03 7.259255e+03 7.240038e+03
9.7 7.257698e+03 7.265870e+03 7.257774e+03 7.249601e+03
10.7 7.219387e+03 7.206974e+03 7.256772e+03 7.269184e+03
11.7 7.271779e+03 7.206526e+03 7.256238e+03 7.321492e+03
12.7 7.226089e+03 7.221669e+03 7.256024e+03 7.260444e+03
13.7 7.444693e+03 7.345685e+03 7.255999e+03 7.355007e+03
14.7 7.281594e+03 7.199271e+03 7.256054e+03 7.338377e+03
15.7 7.273721e+03 7.312275e+03 7.256120e+03 7.217566e+03
16.7 7.304855e+03 7.315745e+03 7.256168e+03 7.245278e+03
17.7 7.286295e+03 7.289892e+03 7.256195e+03 7.252599e+03
0.9 7.345878e+03 7.274735e+03 7.260691e+03 7.331834e+03
1.9 7.348959e+03 7.263907e+03 7.246581e+03 7.331633e+03
2.9 7.295694e+03 7.260950e+03 7.244416e+03 7.279159e+03
3.9 7.179289e+03 7.243077e+03 7.252778e+03 7.188989e+03
4.9 7.283429e+03 7.270054e+03 7.255584e+03 7.268959e+03
5.9 7.277036e+03 7.220648e+03 7.258662e+03 7.315049e+03
6.9 7.219799e+03 7.247798e+03 7.260315e+03 7.232316e+03
7.9 7.205865e+03 7.225082e+03 7.259255e+03 7.240038e+03
8.9 7.257698e+03 7.265870e+03 7.257774e+03 7.249601e+03
9.9 7.219387e+03 7.206974e+03 7.256772e+03 7.269184e+03
10.9 7.271779e+03 7.206526e+03 7.256238e+03 7.321492e+03
11.9 7.226089e+03 7.221669e+03 7.256024e+03 7.260444e+03
12.9 7.444693e+03 7.345685e+03 7.255999e+03 7.355007e+03
13.9 7.281594e+03 7.199271e+03 7.256054e+03 7.338377e+03
14.9 7.273721e+03 7.312275e+03 7.256120e+03 7.217566e+03
15.9 7.304855e+03 7.315745e+03 7.256168e+03 7.245278e+03
16.9 7.286295e+03 7.289892e+03 7.256195e+03 7.252599e+03
17.9 7.188861e+03 7.241570e+03 7.256205e+03 7.203496e+03
0.1 7.345878e+03 7.274735e+03 7.260691e+03 7.331834e+03
1.1 7.348959e+03 7.263907e+03 7.246581e+03 7.331633e+03
2.1 7.295694e+03 7.260950e+03 7.244416e+03 7.279159e+03
3.1 7.179289e+03 7.243077e+03 7.252778e+03 7.188989e+03
4.1 7.283429e+03 7.270054e+03 7.255584e+03 7.268959e+03
5.1 7.277036e+03 7.220648e+03 7.258662e+03 7.315049e+03
6.1 7.219799e+03 7.247798e+03 7.260315e+03 7.232316e+03
7.1 7.205865e+03 7.225082e+03 7.259255e+03 7.240038e+03
8.1 7.257698e+03 7.265870e+03 7.257774e+03 7.249601e+03
9.1 7.219387e+03 7.206974e+03 7.256772e+03 7.269184e+03
10.1 7.271779e+03 7.206526e+03 7.256238e+03 7.321492e+03
11.1 7.226089e+03 7.221669e+03 7.256024e+03 7.260444e+03
12.1 7.444693e+03 7.345685e+03 7.255999e+03 7.355007e+03
13.1 7.281594e+03 7.199271e+03 7.256054e+03 7.338377e+03
14.1 7.273721e+03 7.312275e+03 7.256120e+03 7.217566e+03
15.1 7.304855e+03 7.315745e+03 7.256168e+03 7.245278e+03
16.1 7.286295e+03 7.289892e+03 7.256195e+03 7.252599e+03
17.1 7.188861e+03 7.241570e+03 7.256205e+03 7.203496e+03
0.5 7.295694e+03 7.260950e+03 7.244416e+03 7.279159e+03
1.5 7.179289e+03 7.243077e+03 7.252778e+03 7.188989e+03
2.5 7.283429e+03 7.270054e+03 7.255584e+03 7.268959e+03
3.5 7.277036e+03 7.220648e+03 7.258662e+03 7.315049e+03
4.5 7.219799e+03 7.247798e+03 7.260315e+03 7.232316e+03
5.5 7.205865e+03 7.225082e+03 7.259255e+03 7.240038e+03
6.5 7.257698e+03 7.265870e+03 7.257774e+03 7.249601e+03
7.5 7.219387e+03 7.206974e+03 7.256772e+03 7.269184e+03
8.5 7.271779e+03 7.206526e+03 7.256238e+03 7.321492e+03
9.5 7.226089e+03 7.221669e+03 7.256024e+03 7.260444e+03
10.5 7.444693e+03 7.345685e+03 7.255999e+03 7.355007e+03
11.5 7.281594e+03 7.199271e+03 7.256054e+03 7.338377e+03
12.5 7.273721e+03 7.312275e+03 7.256120e+03 7.217566e+03
13.5 7.304855e+03 7.315745e+03 7.256168e+03 7.245278e+03
14.5 7.286295e+03 7.289892e+03 7.256195e+03 7.252599e+03
15.5 7.188861e+03 7.241570e+03 7.256205e+03 7.203496e+03
16.5 7.148460e+03 7.275785e+03 7.256205e+03 7.128881e+03
17.5 7.229292e+03 7.325601e+03 7.256204e+03 7.159895e+03
0.7 7.262316e+03 7.190787e+03 7.255717e+03 7.327246e+03
1.7 7.322359e+03 7.275781e+03 7.254979e+03 7.301558e+03
2.7 7.231188e+03 7.251434e+03 7.262436e+03 7.242190e+03
3.7 7.285159e+03 7.315936e+03 7.266233e+03 7.235456e+03
4.7 7.274133e+03 7.246796e+03 7.256431e+03 7.283768e+03
5.7 7.354275e+03 7.283337e+03 7.248518e+03 7.319456e+03
6.7 7.249984e+03 7.217914e+03 7.250251e+03 7.282321e+03
7.7 7.250343e+03 7.287024e+03 7.252581e+03 7.215900e+03
8.7 7.257068e+03 7.198549e+03 7.253943e+03 7.312461e+03
9.7 7.156390e+03 7.234935e+03 7.259447e+03 7.180901e+03
10.7 7.164803e+03 7.199527e+03 7.265543e+03 7.230819e+03
11.7 7.335603e+03 7.238941e+03 7.260688e+03 7.357350e+03
12.7 7.352533e+03 7.246466e+03 7.251629e+03 7.357696e+03
13.7 7.272168e+03 7.246553e+03 7.251312e+03 7.276927e+03
14.7 7.311889e+03 7.320480e+03 7.253574e+03 7.244984e+03
15.7 7.231183e+03 7.212486e+03 7.255098e+03 7.273796e+03
16.7 7.116474e+03 7.192720e+03 7.255970e+03 7.179724e+03
17.7 7.165802e+03 7.199118e+03 7.256453e+03 7.223137e+03
0.3 7.322359e+03 7.275781e+03 7.254979e+03 7.301558e+03
1.3 7.231188e+03 7.251434e+03 7.262436e+03 7.242190e+03
2.3 7.285159e+03 7.315936e+03 7.266233e+03 7.235456e+03
3.3 7.274133e+03 7.246796e+03 7.256431e+03 7.283768e+03
4.3 7.354275e+03 7.283337e+03 7.248518e+03 7.319456e+03
5.3 7.249984e+03 7.217914e+03 7.250251e+03 7.282321e+03
6.3 7.250343e+03 7.287024e+03 7.252581e+03 7.215900e+03
7.3 7.257068e+03 7.198549e+03 7.253943e+03 7.312461e+03
8.3 7.156390e+03 7.234935e+03 7.259447e+03 7.180901e+03
9.3 7.164803e+03 7.199527e+03 7.265543e+03 7.230819e+03
10.3 7.335603e+03 7.238941e+03 7.260688e+03 7.357350e+03
11.3 7.352533e+03 7.246466e+03 7.251629e+03 7.357696e+03
12.3 7.272168e+03 7.246553e+03 7.251312e+03 7.276927e+03
13.3 7.311889e+03 7.320480e+03 7.253574e+03 7.244984e+03
14.3 7.231183e+03 7.212486e+03 7.255098e+03 7.273796e+03
15.3 7.116474e+03 7.192720e+03 7.255970e+03 7.179724e+03
16.3 7.165802e+03 7.199118e+03 7.256453e+03 7.223137e+03
17.3 7.156592e+03 7.243269e+03 7.256630e+03 7.169952e+03
0.8 7.285159e+03 7.315936e+03 7.266233e+03 7.235456e+03
1.8 7.274133e+03 7.246796e+03 7.256431e+03 7.283768e+03
2.8 7.354275e+03 7.283337e+03 7.248518e+03 7.319456e+03
3.8 7.249984e+03 7.217914e+03 7.250251e+03 7.282321e+03
4.8 7.250343e+03 7.287024e+03 7.252581e+03 7.215900e+03
5.8 7.257068e+03 7.198549e+03 7.253943e+03 7.312461e+03
6.8 7.156390e+03 7.234935e+03 7.259447e+03 7.180901e+03
7.8 7.164803e+03 7.199527e+03 7.265543e+03 7.230819e+03
8.8 7.335603e+03 7.238941e+03 7.260688e+03 7.357350e+03
9.8 7.352533e+03 7.246466e+03 7.251629e+03 7.357696e+03
10.8 7.272168e+03 7.246553e+03 7.251312e+03 7.276927e+03
11.8 7.311889e+03 7.320480e+03 7.253574e+03 7.244984e+03
12.8 7.231183e+03 7.212486e+03 7.255098e+03 7.273796e+03
13.8 7.116474e+03 7.192720e+03 7.255970e+03 7.179724e+03
14.8 7.165802e+03 7.199118e+03 7.256453e+03 7.223137e+03
15.8 7.156592e+03 7.243269e+03 7.256630e+03 7.169952e+03
16.8 7.301858e+03 7.258450e+03 7.256604e+03 7.300012e+03
17.8 7.282047e+03 7.233405e+03 7.256504e+03 7.305145e+03
0.9 7.274133e+03 7.246796e+03 7.256431e+03 7.283768e+03
1.9 7.354275e+03 7.283337e+03 7.248518e+03 7.319456e+03
2.9 7.249984e+03 7.217914e+03 7.250251e+03 7.282321e+03
3.9 7.250343e+03 7.287024e+03 7.252581e+03 7.215900e+03
4.9 7.257068e+03 7.198549e+03 7.253943e+03 7.312461e+03
5.9 7.156390e+03 7.234935e+03 7.259447e+03 7.180901e+03
6.9 7.164803e+03 7.199527e+03 7.265543e+03 7.230819e+03
7.9 7.335603e+03 7.238941e+03 7.260688e+03 7.357350e+03
8.9 7.352533e+03 7.246466e+03 7.251629e+03 7.357696e+03
9.9 7.272168e+03 7.246553e+03 7.251312e+03 7.276927e+03
10.9 7.311889e+03 7.320480e+03 7.253574e+03 7.244984e+03
11.9 7.231183e+03 7.212486e+03 7.255098e+03 7.273796e+03
12.9 7.116474e+03 7.192720e+03 7.255970e+03 7.179724e+03
13.9 7.165802e+03 7.199118e+03 7.256453e+03 7.223137e+03
14.9 7.156592e+03 7.243269e+03 7.256630e+03 7.169952e+03
15.9 7.301858e+03 7.258450e+03 7.256604e+03 7.300012e+03
16.9 7.282047e+03 7.233405e+03 7.256504e+03 7.305145e+03
17.9 7.210493e+03 7.179342e+03 7.256410e+03 7.287561e+03
0.2 7.354275e+03 7.283337e+03 7.248518e+03 7.319456e+03
1.2 7.249984e+03 7.217914e+03 7.250251e+03 7.282321e+03
2.2 7.250343e+03 7.287024e+03 7.252581e+03 7.215900e+03
3.2 7.257068e+03 7.198549e+03 7.253943e+03 7.312461e+03
4.2 7.156390e+03 7.234935e+03 7.259447e+03 7.180901e+03
5.2 7.164803e+03 7.199527e+03 7.265543e+03 7.230819e+03
6.2 7.335603e+03 7.238941e+03 7.260688e+03 7.357350e+03
7.2 7.352533e+03 7.246466e+03 7.251629e+03 7.357696e+03
8.2 7.272168e+03 7.246553e+03 7.251312e+03 7.276927e+03
9.2 7.311889e+03 7.320480e+03 7.253574e+03 7.244984e+03
10.2 7.231183e+03 7.212486e+03 7.255098e+03 7.273796e+03
11.2 7.116474e+03 7.192720e+03 7.255970e+03 7.179724e+03
12.2 7.165802e+03 7.199118e+03 7.256453e+03 7.223137e+03
13.2 7.156592e+03 7.243269e+03 7.256630e+03 7.169952e+03
14.2 7.301858e+03 7.258450e+03 7.256604e+03 7.300012e+03
15.2 7.282047e+03 7.233405e+03 7.256504e+03 7.305145e+03
16.2 7.210493e+03 7.179342e+03 7.256410e+03 7.287561e+03
17.2 7.235990e+03 7.314699e+03 7.256346e+03 7.177638e+03
0.0 7.156390e+03 7.234935e+03 7.259447e+03 7.180901e+03
1.0 7.164803e+03 7.199527e+03 7.265543e+03 7.230819e+03
2.0 7.335603e+03 7.238941e+03 7.260688e+03 7.357350e+03
3.0 7.352533e+03 7.246466e+03 7.251629e+03 7.357696e+03
4.0 7.272168e+03 7.246553e+03 7.251312e+03 7.276927e+03
5.0 7.311889e+03 7.320480e+03 7.253574e+03 7.244984e+03
6.0 7.231183e+03 7.212486e+03 7.255098e+03 7.273796e+03
7.0 7.116474e+03 7.192720e+03 7.255970e+03 7.179724e+03
8.0 7.165802e+03 7.199118e+03 7.256453e+03 7.223137e+03
9.0 7.156592e+03 7.243269e+03 7.256630e+03 7.169952e+03
10.0 7.301858e+03 7.258450e+03 7.256604e+03 7.300012e+03
11.0 7.282047e+03 7.233405e+03 7.256504e+03 7.305145e+03
12.0 7.210493e+03 7.179342e+03 7.256410e+03 7.287561e+03
13.0 7.235990e+03 7.314699e+03 7.256346e+03 7.177638e+03
14.0 7.206392e+03 7.246241e+03 7.256308e+03 7.216459e+03
15.0 7.301413e+03 7.241223e+03 7.256285e+03 7.316475e+03
16.0 7.277689e+03 7.255809e+03 7.256271e+03 7.278151e+03
17.0 7.226866e+03 7.247357e+03 7.256260e+03 7.235769e+03
0.3 7.302668e+03 7.250243e+03 7.257595e+03 7.310020e+03
1.3 7.137768e+03 7.208573e+03 7.255734e+03 7.184929e+03
2.3 7.201881e+03 7.266631e+03 7.253228e+03 7.188478e+03
3.3 7.185213e+03 7.302077e+03 7.255092e+03 7.138228e+03
4.3 7.172678e+03 7.244831e+03 7.252909e+03 7.180755e+03
5.3 7.205292e+03 7.289914e+03 7.250982e+03 7.166360e+03
6.3 7.128795e+03 7.222403e+03 7.255997e+03 7.162389e+03
7.3 7.179498e+03 7.280044e+03 7.260869e+03 7.160323e+03
8.3 7.129644e+03 7.234784e+03 7.263861e+03 7.158721e+03
9.3 7.164347e+03 7.229987e+03 7.268047e+03 7.202407e+03
10.3 7.179455e+03 7.220619e+03 7.265233e+03 7.224069e+03
11.3 7.291127e+03 7.268572e+03 7.253382e+03 7.275937e+03
12.3 7.271029e+03 7.224846e+03 7.247295e+03 7.293478e+03
13.3 7.380567e+03 7.245165e+03 7.249687e+03 7.385089e+03
14.3 7.266330e+03 7.184387e+03 7.252890e+03 7.334833e+03
15.3 7.280646e+03 7.232672e+03 7.254940e+03 7.302915e+03
16.3 7.198007e+03 7.206402e+03 7.256109e+03 7.247715e+03
17.3 7.216499e+03 7.241796e+03 7.256654e+03 7.231357e+03
0.6 7.137768e+03 7.208573e+03 7.255734e+03 7.184929e+03
1.6 7.201881e+03 7.266631e+03 7.253228e+03 7.188478e+03
2.6 7.185213e+03 7.302077e+03 7.255092e+03 7.138228e+03
3.6 7.172678e+03 7.244831e+03 7.252909e+03 7.180755e+03
4.6 7.205292e+03 7.289914e+03 7.250982e+03 7.166360e+03
5.6 7.128795e+03 7.222403e+03 7.255997e+03 7.162389e+03
6.6 7.179498e+03 7.280044e+03 7.260869e+03 7.160323e+03
7.6 7.129644e+03 7.234784e+03 7.263861e+03 7.158721e+03
8.6 7.164347e+03 7.229987e+03 7.268047e+03 7.202407e+03
9.6 7.179455e+03 7.220619e+03 7.265233e+03 7.224069e+03
10.6 7.291127e+03 7.268572e+03 7.253382e+03 7.275937e+03
11.6 7.271029e+03 7.224846e+03 7.247295e+03 7.293478e+03
12.6 7.380567e+03 7.245165e+03 7.249687e+03 7.385089e+03
13.6 7.266330e+03 7.184387e+03 7.252890e+03 7.334833e+03
14.6 7.280646e+03 7.232672e+03 7.254940e+03 7.302915e+03
15.6 7.198007e+03 7.206402e+03 7.256109e+03 7.247715e+03
16.6 7.216499e+03 7.241796e+03 7.256654e+03 7.231357e+03
17.6 7.365665e+03 7.307425e+03 7.256770e+03 7.315009e+03
0.5 7.201881e+03 7.266631e+03 7.253228e+03 7.188478e+03
1.5 7.185213e+03 7.302077e+03 7.255092e+03 7.138228e+03
2.5 7.172678e+03 7.244831e+03 7.252909e+03 7.180755e+03
3.5 7.205292e+03 7.289914e+03 7.250982e+03 7.166360e+03
4.5 7.128795e+03 7.222403e+03 7.255997e+03 7.162389e+03
5.5 7.179498e+03 7.280044e+03 7.260869e+03 7.160323e+03
6.5 7.129644e+03 7.234784e+03 7.263861e+03 7.158721e+03
7.5 7.164347e+03 7.229987e+03 7.268047e+03 7.202407e+03
8.5 7.179455e+03 7.220619e+03 7.265233e+03 7.224069e+03
9.5 7.291127e+03 7.268572e+03 7.253382e+03 7.275937e+03
10.5 7.271029e+03 7.224846e+03 7.247295e+03 7.293478e+03
11.5 7.380567e+03 7.245165e+03 7.249687e+03 7.385089e+03
12.5 7.266330e+03 7.184387e+03 7.252890e+03 7.334833e+03
13.5 7.280646e+03 7.232672e+03 7.254940e+03 7.302915e+03
14.5 7.198007e+03 7.206402e+03 7.256109e+03 7.247715e+03
15.5 7.216499e+03 7.241796e+03 7.256654e+03 7.231357e+03
16.5 7.365665e+03 7.307425e+03 7.256770e+03 7.315009e+03
17.5 7.312362e+03 7.348742e+03 7.256670e+03 7.220291e+03
1.0 7.172678e+03 7.244831e+03 7.252909e+03 7.180755e+03
2.0 7.205292e+03 7.289914e+03 7.250982e+03 7.166360e+03
3.0 7.128795e+03 7.222403e+03 7.255997e+03 7.162389e+03
4.0 7.179498e+03 7.280044e+03 7.260869e+03 7.160323e+03
5.0 7.129644e+03 7.234784e+03 7.263861e+03 7.158721e+03
6.0 7.164347e+03 7.229987e+03 7.268047e+03 7.202407e+03
7.0 7.179455e+03 7.220619e+03 7.265233e+03 7.224069e+03
8.0 7.291127e+03 7.268572e+03 7.253382e+03 7.275937e+03
9.0 7.271029e+03 7.224846e+03 7.247295e+03 7.293478e+03
10.0 7.380567e+03 7.245165e+03 7.249687e+03 7.385089e+03
11.0 7.266330e+03 7.184387e+03 7.252890e+03 7.334833e+03
12.0 7.280646e+03 7.232672e+03 7.254940e+03 7.302915e+03
13.0 7.198007e+03 7.206402e+03 7.256109e+03 7.247715e+03
14.0 7.216499e+03 7.241796e+03 7.256654e+03 7.231357e+03
15.0 7.365665e+03 7.307425e+03 7.256770e+03 7.315009e+03
16.0 7.312362e+03 7.348742e+03 7.256670e+03 7.220291e+03
17.0 7.444209e+03 7.414684e+03 7.256522e+03 7.286048e+03
18.0 7.361327e+03 7.340410e+03 7.256405e+03 7.277322e+03
0.4 7.205292e+03 7.289914e+03 7.250982e+03 7.166360e+03
1.4 7.128795e+03 7.222403e+03 7.255997e+03 7.162389e+03
2.4 7.179498e+03 7.280044e+03 7.260869e+03 7.160323e+03
3.4 7.129644e+03 7.234784e+03 7.263861e+03 7.158721e+03
4.4 7.164347e+03 7.229987e+03 7.268047e+03 7.202407e+03
5.4 7.179455e+03 7.220619e+03 7.265233e+03 7.224069e+03
6.4 7.291127e+03 7.268572e+03 7.253382e+03 7.275937e+03
7.4 7.271029e+03 7.224846e+03 7.247295e+03 7.293478e+03
8.4 7.380567e+03 7.245165e+03 7.249687e+03 7.385089e+03
9.4 7.266330e+03 7.184387e+03 7.252890e+03 7.334833e+03
10.4 7.280646e+03 7.232672e+03 7.254940e+03 7.302915e+03
11.4 7.198007e+03 7.206402e+03 7.256109e+03 7.247715e+03
12.4 7.216499e+03 7.241796e+03 7.256654e+03 7.231357e+03
13.4 7.365665e+03 7.307425e+03 7.256770e+03 7.315009e+03
14.4 7.312362e+03 7.348742e+03 7.256670e+03 7.220291e+03
15.4 7.444209e+03 7.414684e+03 7.256522e+03 7.286048e+03
16.4 7.361327e+03 7.340410e+03 7.256405e+03 7.277322e+03
17.4 7.264114e+03 7.263448e+03 7.256336e+03 7.257003e+03
0.6 7.128795e+03 7.222403e+03 7.255997e+03 7.162389e+03
1.6 7.179498e+03 7.280044e+03 7.260869e+03 7.160323e+03
2.6 7.129644e+03 7.234784e+03 7.263861e+03 7.158721e+03
3.6 7.164347e+03 7.229987e+03 7.268047e+03 7.202407e+03
4.6 7.179455e+03 7.220619e+03 7.265233e+03 7.224069e+03
5.6 7.291127e+03 7.268572e+03 7.253382e+03 7.275937e+03
6.6 7.271029e+03 7.224846e+03 7.247295e+03 7.293478e+03
7.6 7.380567e+03 7.245165e+03 7.249687e+03 7.385089e+03
8.6 7.266330e+03 7.184387e+03 7.252890e+03 7.334833e+03
9.6 7.280646e+03 7.232672e+03 7.254940e+03 7.302915e+03
10.6 7.198007e+03 7.206402e+03 7.256109e+03 7.247715e+03
11.6 7.216499e+03 7.241796e+03 7.256654e+03 7.231357e+03
12.6 7.365665e+03 7.307425e+03 7.256770e+03 7.315009e+03
13.6 7.312362e+03 7.348742e+03 7.256670e+03 7.220291e+03
14.6 7.444209e+03 7.414684e+03 7.256522e+03 7.286048e+03
15.6 7.361327e+03 7.340410e+03 7.256405e+03 7.277322e+03
16.6 7.264114e+03 7.263448e+03 7.256336e+03 7.257003e+03
17.6 7.224210e+03 7.224305e+03 7.256304e+03 7.256208e+03
0.2 7.179498e+03 7.280044e+03 7.260869e+03 7.160323e+03
1.2 7.129644e+03 7.234784e+03 7.263861e+03 7.158721e+03
2.2 7.164347e+03 7.229987e+03 7.268047e+03 7.202407e+03
3.2 7.179455e+03 7.220619e+03 7.265233e+03 7.224069e+03
4.2 7.291127e+03 7.268572e+03 7.253382e+03 7.275937e+03
5.2 7.271029e+03 7.224846e+03 7.247295e+03 7.293478e+03
6.2 7.380567e+03 7.245165e+03 7.249687e+03 7.385089e+03
7.2 7.266330e+03 7.184387e+03 7.252890e+03 7.334833e+03
8.2 7.280646e+03 7.232672e+03 7.254940e+03 7.302915e+03
9.2 7.198007e+03 7.206402e+03 7.256109e+03 7.247715e+03
10.2 7.216499e+03 7.241796e+03 7.256654e+03 7.231357e+03
11.2 7.365665e+03 7.307425e+03 7.256770e+03 7.315009e+03
12.2 7.312362e+03 7.348742e+03 7.256670e+03 7.220291e+03
13.2 7.444209e+03 7.414684e+03 7.256522e+03 7.286048e+03
14.2 7.361327e+03 7.340410e+03 7.256405e+03 7.277322e+03
15.2 7.264114e+03 7.263448e+03 7.256336e+03 7.257003e+03
16.2 7.224210e+03 7.224305e+03 7.256304e+03 7.256208e+03
17.2 7.143144e+03 7.191533e+03 7.256293e+03 7.207904e+03
0.6 7.164347e+03 7.229987e+03 7.268047e+03 7.202407e+03
1.6 7.179455e+03 7.220619e+03 7.265233e+03 7.224069e+03
2.6 7.291127e+03 7.268572e+03 7.253382e+03 7.275937e+03
3.6 7.271029e+03 7.224846e+03 7.247295e+03 7.293478e+03
4.6 7.380567e+03 7.245165e+03 7.249687e+03 7.385089e+03
5.6 7.266330e+03 7.184387e+03 7.252890e+03 7.334833e+03
6.6 7.280646e+03 7.232672e+03 7.254940e+03 7.302915e+03
7.6 7.198007e+03 7.206402e+03 7.256109e+03 7.247715e+03
8.6 7.216499e+03 7.241796e+03 7.256654e+03 7.231357e+03
9.6 7.365665e+03 7.307425e+03 7.256770e+03 7.315009e+03
10.6 7.312362e+03 7.348742e+03 7.256670e+03 7.220291e+03
11.6 7.444209e+03 7.414684e+03 7.256522e+03 7.286048e+03
12.6 7.361327e+03 7.340410e+03 7.256405e+03 7.277322e+03
13.6 7.264114e+03 7.263448e+03 7.256336e+03 7.257003e+03
14.6 7.224210e+03 7.224305e+03 7.256304e+03 7.256208e+03
15.6 7.143144e+03 7.191533e+03 7.256293e+03 7.207904e+03
16.6 7.199498e+03 7.257319e+03 7.256288e+03 7.198468e+03
17.6 7.284632e+03 7.242140e+03 7.256285e+03 7.298777e+03
1.0 7.144053e+03 7.198925e+03 7.253853e+03 7.198981e+03
2.0 7.223208e+03 7.242522e+03 7.248460e+03 7.229146e+03
3.0 7.243963e+03 7.207127e+03 7.253059e+03 7.289895e+03
4.0 7.189461e+03 7.240612e+03 7.260174e+03 7.209023e+03
5.0 7.135668e+03 7.159713e+03 7.260650e+03 7.236606e+03
6.0 7.363972e+03 7.286757e+03 7.258792e+03 7.336007e+03
7.0 7.230730e+03 7.246982e+03 7.257310e+03 7.241058e+03
8.0 7.145371e+03 7.172784e+03 7.256403e+03 7.228990e+03
9.0 7.248203e+03 7.246996e+03 7.255899e+03 7.257106e+03
10.0 7.210664e+03 7.165271e+03 7.255706e+03 7.301099e+03
11.0 7.216628e+03 7.265503e+03 7.255709e+03 7.206835e+03
12.0 7.138700e+03 7.271478e+03 7.255783e+03 7.123005e+03
13.0 7.210013e+03 7.275924e+03 7.255859e+03 7.189949e+03
14.0 7.165191e+03 7.224352e+03 7.255914e+03 7.196753e+03
15.0 7.233544e+03 7.266955e+03 7.255946e+03 7.222536e+03
16.0 7.285099e+03 7.284714e+03 7.255965e+03 7.256350e+03
17.0 7.211086e+03 7.195066e+03 7.255981e+03 7.272001e+03
18.0 7.251977e+03 7.254421e+03 7.256455e+03 7.254011e+03
0.6 7.286489e+03 7.235378e+03 7.261958e+03 7.313069e+03
1.6 7.324294e+03 7.314728e+03 7.264160e+03 7.273726e+03
2.6 7.391155e+03 7.299603e+03 7.259344e+03 7.350896e+03
3.6 7.334152e+03 7.328112e+03 7.255722e+03 7.261761e+03
4.6 7.248138e+03 7.304533e+03 7.250901e+03 7.194506e+03
5.6 7.278491e+03 7.293327e+03 7.247831e+03 7.232996e+03
6.6 7.166529e+03 7.245304e+03 7.251971e+03 7.173196e+03
7.6 7.347728e+03 7.287941e+03 7.254252e+03 7.314039e+03
8.6 7.174132e+03 7.245577e+03 7.253497e+03 7.182051e+03
9.6 7.175769e+03 7.277180e+03 7.259356e+03 7.157945e+03
10.6 7.150814e+03 7.214407e+03 7.269996e+03 7.206403e+03
11.6 7.256022e+03 7.275137e+03 7.266132e+03 7.247017e+03
12.6 7.260198e+03 7.204476e+03 7.254025e+03 7.309747e+03
13.6 7.250877e+03 7.253987e+03 7.250208e+03 7.247098e+03
14.6 7.350602e+03 7.234632e+03 7.248691e+03 7.364661e+03
15.6 7.258977e+03 7.303221e+03 7.252133e+03 7.207889e+03
16.6 7.198319e+03 7.236335e+03 7.268463e+03 7.230446e+03
17.6 7.330373e+03 7.313124e+03 7.273766e+03 7.291014e+03
0.5 7.324294e+03 7.314728e+03 7.264160e+03 7.273726e+03
1.5 7.391155e+03 7.299603e+03 7.259344e+03 7.350896e+03
2.5 7.334152e+03 7.328112e+03 7.255722e+03 7.261761e+03
3.5 7.248138e+03 7.304533e+03 7.250901e+03 7.194506e+03
4.5 7.278491e+03 7.293327e+03 7.247831e+03 7.232996e+03
5.5 7.166529e+03 7.245304e+03 7.251971e+03 7.173196e+03
6.5 7.347728e+03 7.287941e+03 7.254252e+03 7.314039e+03
7.5 7.174132e+03 7.245577e+03 7.253497e+03 7.182051e+03
8.5 7.175769e+03 7.277180e+03 7.259356e+03 7.157945e+03
9.5 7.150814e+03 7.214407e+03 7.269996e+03 7.206403e+03
10.5 7.256022e+03 7.275137e+03 7.266132e+03 7.247017e+03
11.5 7.260198e+03 7.204476e+03 7.254025e+03 7.309747e+03
12.5 7.250877e+03 7.253987e+03 7.250208e+03 7.247098e+03
13.5 7.350602e+03 7.234632e+03 7.248691e+03 7.364661e+03
14.5 7.258977e+03 7.303221e+03 7.252133e+03 7.207889e+03
15.5 7.198319e+03 7.236335e+03 7.268463e+03 7.230446e+03
16.5 7.330373e+03 7.313124e+03 7.273766e+03 7.291014e+03
17.5 7.280275e+03 7.257149e+03 7.251460e+03 7.274587e+03
0.7 7.391155e+03 7.299603e+03 7.259344e+03 7.350896e+03
1.7 7.334152e+03 7.328112e+03 7.255722e+03 7.261761e+03
2.7 7.248138e+03 7.304533e+03 7.250901e+03 7.194506e+03
3.7 7.278491e+03 7.293327e+03 7.247831e+03 7.232996e+03
4.7 7.166529e+03 7.245304e+03 7.251971e+03 7.173196e+03
5.7 7.347728e+03 7.287941e+03 7.254252e+03 7.314039e+03
6.7 7.174132e+03 7.245577e+03 7.253497e+03 7.182051e+03
7.7 7.175769e+03 7.277180e+03 7.259356e+03 7.157945e+03
8.7 7.150814e+03 7.214407e+03 7.269996e+03 7.206403e+03
9.7 7.256022e+03 7.275137e+03 7.266132e+03 7.247017e+03
10.7 7.260198e+03 7.204476e+03 7.254025e+03 7.309747e+03
11.7 7.250877e+03 7.253987e+03 7.250208e+03 7.247098e+03
12.7 7.350602e+03 7.234632e+03 7.248691e+03 7.364661e+03
13.7 7.258977e+03 7.303221e+03 7.252133e+03 7.207889e+03
14.7 7.198319e+03 7.236335e+03 7.268463e+03 7.230446e+03
15.7 7.330373e+03 7.313124e+03 7.273766e+03 7.291014e+03
16.7 7.280275e+03 7.257149e+03 7.251460e+03 7.274587e+03
17.7 7.203138e+03 7.259327e+03 7.235123e+03 7.178934e+03
0.6 7.334152e+03 7.328112e+03 7.255722e+03 7.261761e+03
1.6 7.248138e+03 7.304533e+03 7.250901e+03 7.194506e+03
2.6 7.278491e+03 7.293327e+03 7.247831e+03 7.232996e+03
3.6 7.166529e+03 7.245304e+03 7.251971e+03 7.173196e+03
4.6 7.347728e+03 7.287941e+03 7.254252e+03 7.314039e+03
5.6 7.174132e+03 7.245577e+03 7.253497e+03 7.182051e+03
6.6 7.175769e+03 7.277180e+03 7.259356e+03 7.157945e+03
7.6 7.150814e+03 7.214407e+03 7.269996e+03 7.206403e+03
8.6 7.256022e+03 7.275137e+03 7.266132e+03 7.247017e+03
9.6 7.260198e+03 7.204476e+03 7.254025e+03 7.309747e+03
10.6 7.250877e+03 7.253987e+03 7.250208e+03 7.247098e+03
11.6 7.350602e+03 7.234632e+03 7.248691e+03 7.364661e+03
12.6 7.258977e+03 7.303221e+03 7.252133e+03 7.207889e+03
13.6 7.198319e+03 7.236335e+03 7.268463e+03 7.230446e+03
14.6 7.330373e+03 7.313124e+03 7.273766e+03 7.291014e+03
15.6 7.280275e+03 7.257149e+03 7.251460e+03 7.274587e+03
16.6 7.203138e+03 7.259327e+03 7.235123e+03 7.178934e+03
17.6 7.249684e+03 7.290269e+03 7.238309e+03 7.197724e+03
0.5 7.248138e+03 7.304533e+03 7.250901e+03 7.194506e+03
1.5 7.278491e+03 7.293327e+03 7.247831e+03 7.232996e+03
2.5 7.166529e+03 7.245304e+03 7.251971e+03 7.173196e+03
3.5 7.347728e+03 7.287941e+03 7.254252e+03 7.314039e+03
4.5 7.174132e+03 7.245577e+03 7.253497e+03 7.182051e+03
5.5 7.175769e+03 7.277180e+03 7.259356e+03 7.157945e+03
6.5 7.150814e+03 7.214407e+03 7.269996e+03 7.206403e+03
7.5 7.256022e+03 7.275137e+03 7.266132e+03 7.247017e+03
8.5 7.260198e+03 7.204476e+03 7.254025e+03 7.309747e+03
9.5 7.250877e+03 7.253987e+03 7.250208e+03 7.247098e+03
10.5 7.350602e+03 7.234632e+03 7.248691e+03 7.364661e+03
11.5 7.258977e+03 7.303221e+03 7.252133e+03 7.207889e+03
12.5 7.198319e+03 7.236335e+03 7.268463e+03 7.230446e+03
13.5 7.330373e+03 7.313124e+03 7.273766e+03 7.291014e+03
14.5 7.280275e+03 7.257149e+03 7.251460e+03 7.274587e+03
15.5 7.203138e+03 7.259327e+03 7.235123e+03 7.178934e+03
16.5 7.249684e+03 7.290269e+03 7.238309e+03 7.197724e+03
17.5 7.263292e+03 7.252990e+03 7.251711e+03 7.262013e+03
0.1 7.278491e+03 7.293327e+03 7.247831e+03 7.232996e+03
1.1 7.166529e+03 7.245304e+03 7.251971e+03 7.173196e+03
2.1 7.347728e+03 7.287941e+03 7.254252e+03 7.314039e+03
3.1 7.174132e+03 7.245577e+03 7.253497e+03 7.182051e+03
4.1 7.175769e+03 7.277180e+03 7.259356e+03 7.157945e+03
5.1 7.150814e+03 7.214407e+03 7.269996e+03 7.206403e+03
6.1 7.256022e+03 7.275137e+03 7.266132e+03 7.247017e+03
7.1 7.260198e+03 7.204476e+03 7.254025e+03 7.309747e+03
8.1 7.250877e+03 7.253987e+03 7.250208e+03 7.247098e+03
9.1 7.350602e+03 7.234632e+03 7.248691e+03 7.364661e+03
10.1 7.258977e+03 7.303221e+03 7.252133e+03 7.207889e+03
11.1 7.198319e+03 7.236335e+03 7.268463e+03 7.230446e+03
12.1 7.330373e+03 7.313124e+03 7.273766e+03 7.291014e+03
13.1 7.280275e+03 7.257149e+03 7.251460e+03 7.274587e+03
14.1 7.203138e+03 7.259327e+03 7.235123e+03 7.178934e+03
15.1 7.249684e+03 7.290269e+03 7.238309e+03 7.197724e+03
16.1 7.263292e+03 7.252990e+03 7.251711e+03 7.262013e+03
17.1 7.373754e+03 7.295849e+03 7.259576e+03 7.337482e+03
0.4 7.166529e+03 7.245304e+03 7.251971e+03 7.173196e+03
1.4 7.347728e+03 7.287941e+03 7.254252e+03 7.314039e+03
2.4 7.174132e+03 7.245577e+03 7.253497e+03 7.182051e+03
3.4 7.175769e+03 7.277180e+03 7.259356e+03 7.157945e+03
4.4 7.150814e+03 7.214407e+03 7.269996e+03 7.206403e+03
5.4 7.256022e+03 7.275137e+03 7.266132e+03 7.247017e+03
6.4 7.260198e+03 7.204476e+03 7.254025e+03 7.309747e+03
7.4 7.250877e+03 7.253987e+03 7.250208e+03 7.247098e+03
8.4 7.350602e+03 7.234632e+03 7.248691e+03 7.364661e+03
9.4 7.258977e+03 7.303221e+03 7.252133e+03 7.207889e+03
10.4 7.198319e+03 7.236335e+03 7.268463e+03 7.230446e+03
11.4 7.330373e+03 7.313124e+03 7.273766e+03 7.291014e+03
12.4 7.280275e+03 7.257149e+03 7.251460e+03 7.274587e+03
13.4 7.203138e+03 7.259327e+03 7.235123e+03 7.178934e+03
14.4 7.249684e+03 7.290269e+03 7.238309e+03 7.197724e+03
15.4 7.263292e+03 7.252990e+03 7.251711e+03 7.262013e+03
16.4 7.373754e+03 7.295849e+03 7.259576e+03 7.337482e+03
17.4 7.299111e+03 7.240543e+03 7.259648e+03 7.318216e+03
0.2 7.347728e+03 7.287941e+03 7.254252e+03 7.314039e+03
1.2 7.174132e+03 7.245577e+03 7.253497e+03 7.182051e+03
2.2 7.175769e+03 7.277180e+03 7.259356e+03 7.157945e+03
3.2 7.150814e+03 7.214407e+03 7.269996e+03 7.206403e+03
4.2 7.256022e+03 7.275137e+03 7.266132e+03 7.247017e+03
5.2 7.260198e+03 7.204476e+03 7.254025e+03 7.309747e+03
6.2 7.250877e+03 7.253987e+03 7.250208e+03 7.247098e+03
7.2 7.350602e+03 7.234632e+03 7.248691e+03 7.364661e+03
8.2 7.258977e+03 7.303221e+03 7.252133e+03 7.207889e+03
9.2 7.198319e+03 7.236335e+03 7.268463e+03 7.230446e+03
10.2 7.330373e+03 7.313124e+03 7.273766e+03 7.291014e+03
11.2 7.280275e+03 7.257149e+03 7.251460e+03 7.274587e+03
12.2 7.203138e+03 7.259327e+03 7.235123e+03 7.178934e+03
13.2 7.249684e+03 7.290269e+03 7.238309e+03 7.197724e+03
14.2 7.263292e+03 7.252990e+03 7.251711e+03 7.262013e+03
15.2 7.373754e+03 7.295849e+03 7.259576e+03 7.337482e+03
16.2 7.299111e+03 7.240543e+03 7.259648e+03 7.318216e+03
17.2 7.395275e+03 7.325606e+03 7.261528e+03 7.331197e+03
0.6 7.175769e+03 7.277180e+03 7.259356e+03 7.157945e+03
1.6 7.150814e+03 7.214407e+03 7.269996e+03 7.206403e+03
2.6 7.256022e+03 7.275137e+03 7.266132e+03 7.247017e+03
3.6 7.260198e+03 7.204476e+03 7.254025e+03 7.309747e+03
4.6 7.250877e+03 7.253987e+03 7.250208e+03 7.247098e+03
5.6 7.350602e+03 7.234632e+03 7.248691e+03 7.364661e+03
6.6 7.258977e+03 7.303221e+03 7.252133e+03 7.207889e+03
7.6 7.198319e+03 7.236335e+03 7.268463e+03 7.230446e+03
8.6 7.330373e+03 7.313124e+03 7.273766e+03 7.291014e+03
9.6 7.280275e+03 7.257149e+03 7.251460e+03 7.274587e+03
10.6 7.203138e+03 7.259327e+03 7.235123e+03 7.178934e+03
11.6 7.249684e+03 7.290269e+03 7.238309e+03 7.197724e+03
12.6 7.263292e+03 7.252990e+03 7.251711e+03 7.262013e+03
13.6 7.373754e+03 7.295849e+03 7.259576e+03 7.337482e+03
14.6 7.299111e+03 7.240543e+03 7.259648e+03 7.318216e+03
15.6 7.395275e+03 7.325606e+03 7.261528e+03 7.331197e+03
16.6 7.174481e+03 7.243764e+03 7.261549e+03 7.192266e+03
17.6 7.201314e+03 7.302868e+03 7.262711e+03 7.161157e+03
0.8 7.150814e+03 7.214407e+03 7.269996e+03 7.206403e+03
1.8 7.256022e+03 7.275137e+03 7.266132e+03 7.247017e+03
2.8 7.260198e+03 7.204476e+03 7.254025e+03 7.309747e+03
3.8 7.250877e+03 7.253987e+03 7.250208e+03 7.247098e+03
4.8 7.350602e+03 7.234632e+03 7.248691e+03 7.364661e+03
5.8 7.258977e+03 7.303221e+03 7.252133e+03 7.207889e+03
6.8 7.198319e+03 7.236335e+03 7.268463e+03 7.230446e+03
7.8 7.330373e+03 7.313124e+03 7.273766e+03 7.291014e+03
8.8 7.280275e+03 7.257149e+03 7.251460e+03 7.274587e+03
9.8 7.203138e+03 7.259327e+03 7.235123e+03 7.178934e+03
10.8 7.249684e+03 7.290269e+03 7.238309e+03 7.197724e+03
11.8 7.263292e+03 7.252990e+03 7.251711e+03 7.262013e+03
12.8 7.373754e+03 7.295849e+03 7.259576e+03 7.337482e+03
13.8 7.299111e+03 7.240543e+03 7.259648e+03 7.318216e+03
14.8 7.395275e+03 7.325606e+03 7.261528e+03 7.331197e+03
15.8 7.174481e+03 7.243764e+03 7.261549e+03 7.192266e+03
16.8 7.201314e+03 7.302868e+03 7.262711e+03 7.161157e+03
17.8 7.207132e+03 7.247084e+03 7.259967e+03 7.220015e+03
0.0 7.150814e+03 7.214407e+03 7.269996e+03 7.206403e+03
1.0 7.256022e+03 7.275137e+03 7.266132e+03 7.247017e+03
2.0 7.260198e+03 7.204476e+03 7.254025e+03 7.309747e+03
3.0 7.250877e+03 7.253987e+03 7.250208e+03 7.247098e+03
4.0 7.350602e+03 7.234632e+03 7.248691e+03 7.364661e+03
5.0 7.258977e+03 7.303221e+03 7.252133e+03 7.207889e+03
6.0 7.198319e+03 7.236335e+03 7.268463e+03 7.230446e+03
7.0 7.330373e+03 7.313124e+03 7.273766e+03 7.291014e+03
8.0 7.280275e+03 7.257149e+03 7.251460e+03 7.274587e+03
9.0 7.203138e+03 7.259327e+03 7.235123e+03 7.178934e+03
10.0 7.249684e+03 7.290269e+03 7.238309e+03 7.197724e+03
11.0 7.263292e+03 7.252990e+03 7.251711e+03 7.262013e+03
12.0 7.373754e+03 7.295849e+03 7.259576e+03 7.337482e+03
13.0 7.299111e+03 7.240543e+03 7.259648e+03 7.318216e+03
14.0 7.395275e+03 7.325606e+03 7.261528e+03 7.331197e+03
15.0 7.174481e+03 7.243764e+03 7.261549e+03 7.192266e+03
16.0 7.201314e+03 7.302868e+03 7.262711e+03 7.161157e+03
17.0 7.207132e+03 7.247084e+03 7.259967e+03 7.220015e+03
0.6 7.260198e+03 7.204476e+03 7.254025e+03 7.309747e+03
1.6 7.250877e+03 7.253987e+03 7.250208e+03 7.247098e+03
2.6 7.350602e+03 7.234632e+03 7.248691e+03 7.364661e+03
3.6 7.258977e+03 7.303221e+03 7.252133e+03 7.207889e+03
4.6 7.198319e+03 7.236335e+03 7.268463e+03 7.230446e+03
5.6 7.330373e+03 7.313124e+03 7.273766e+03 7.291014e+03
6.6 7.280275e+03 7.257149e+03 7.251460e+03 7.274587e+03
7.6 7.203138e+03 7.259327e+03 7.235123e+03 7.178934e+03
8.6 7.249684e+03 7.290269e+03 7.238309e+03 7.197724e+03
9.6 7.263292e+03 7.252990e+03 7.251711e+03 7.262013e+03
10.6 7.373754e+03 7.295849e+03 7.259576e+03 7.337482e+03
11.6 7.299111e+03 7.240543e+03 7.259648e+03 7.318216e+03
12.6 7.395275e+03 7.325606e+03 7.261528e+03 7.331197e+03
13.6 7.174481e+03 7.243764e+03 7.261549e+03 7.192266e+03
14.6 7.201314e+03 7.302868e+03 7.262711e+03 7.161157e+03
15.6 7.207132e+03 7.247084e+03 7.259967e+03 7.220015e+03
16.6 7.225010e+03 7.308851e+03 7.247379e+03 7.163538e+03
17.6 7.324970e+03 7.328212e+03 7.245807e+03 7.242566e+03
0.8 7.198319e+03 7.236335e+03 7.268463e+03 7.230446e+03
1.8 7.330373e+03 7.313124e+03 7.273766e+03 7.291014e+03
2.8 7.280275e+03 7.257149e+03 7.251460e+03 7.274587e+03
3.8 7.203138e+03 7.259327e+03 7.235123e+03 7.178934e+03
4.8 7.249684e+03 7.290269e+03 7.238309e+03 7.197724e+03
5.8 7.263292e+03 7.252990e+03 7.251711e+03 7.262013e+03
6.8 7.373754e+03 7.295849e+03 7.259576e+03 7.337482e+03
7.8 7.299111e+03 7.240543e+03 7.259648e+03 7.318216e+03
8.8 7.395275e+03 7.325606e+03 7.261528e+03 7.331197e+03
9.8 7.174481e+03 7.243764e+03 7.261549e+03 7.192266e+03
10.8 7.201314e+03 7.302868e+03 7.262711e+03 7.161157e+03
11.8 7.207132e+03 7.247084e+03 7.259967e+03 7.220015e+03
12.8 7.225010e+03 7.308851e+03 7.247379e+03 7.163538e+03
13.8 7.324970e+03 7.328212e+03 7.245807e+03 7.242566e+03
14.8 7.301375e+03 7.321624e+03 7.254958e+03 7.234709e+03
15.8 7.388966e+03 7.343550e+03 7.257410e+03 7.302826e+03
16.8 7.389319e+03 7.323460e+03 7.257746e+03 7.323605e+03
17.8 7.402696e+03 7.365053e+03 7.261157e+03 7.298800e+03
0.2 7.330373e+03 7.313124e+03 7.273766e+03 7.291014e+03
1.2 7.280275e+03 7.257149e+03 7.251460e+03 7.274587e+03
2.2 7.203138e+03 7.259327e+03 7.235123e+03 7.178934e+03
3.2 7.249684e+03 7.290269e+03 7.238309e+03 7.197724e+03
4.2 7.263292e+03 7.252990e+03 7.251711e+03 7.262013e+03
5.2 7.373754e+03 7.295849e+03 7.259576e+03 7.337482e+03
6.2 7.299111e+03 7.240543e+03 7.259648e+03 7.318216e+03
7.2 7.395275e+03 7.325606e+03 7.261528e+03 7.331197e+03
8.2 7.174481e+03 7.243764e+03 7.261549e+03 7.192266e+03
9.2 7.201314e+03 7.302868e+03 7.262711e+03 7.161157e+03
10.2 7.207132e+03 7.247084e+03 7.259967e+03 7.220015e+03
11.2 7.225010e+03 7.308851e+03 7.247379e+03 7.163538e+03
12.2 7.324970e+03 7.328212e+03 7.245807e+03 7.242566e+03
13.2 7.301375e+03 7.321624e+03 7.254958e+03 7.234709e+03
14.2 7.388966e+03 7.343550e+03 7.257410e+03 7.302826e+03
15.2 7.389319e+03 7.323460e+03 7.257746e+03 7.323605e+03
16.2 7.402696e+03 7.365053e+03 7.261157e+03 7.298800e+03
17.2 7.384842e+03 7.326422e+03 7.262636e+03 7.321056e+03
0.2 7.280275e+03 7.257149e+03 7.251460e+03 7.274587e+03
1.2 7.203138e+03 7.259327e+03 7.235123e+03 7.178934e+03
2.2 7.249684e+03 7.290269e+03 7.238309e+03 7.197724e+03
3.2 7.263292e+03 7.252990e+03 7.251711e+03 7.262013e+03
4.2 7.373754e+03 7.295849e+03 7.259576e+03 7.337482e+03
5.2 7.299111e+03 7.240543e+03 7.259648e+03 7.318216e+03
6.2 7.395275e+03 7.325606e+03 7.261528e+03 7.331197e+03
7.2 7.174481e+03 7.243764e+03 7.261549e+03 7.192266e+03
8.2 7.201314e+03 7.302868e+03 7.262711e+03 7.161157e+03
9.2 7.207132e+03 7.247084e+03 7.259967e+03 7.220015e+03
10.2 7.225010e+03 7.308851e+03 7.247379e+03 7.163538e+03
11.2 7.324970e+03 7.328212e+03 7.245807e+03 7.242566e+03
12.2 7.301375e+03 7.321624e+03 7.254958e+03 7.234709e+03
13.2 7.388966e+03 7.343550e+03 7.257410e+03 7.302826e+03
14.2 7.389319e+03 7.323460e+03 7.257746e+03 7.323605e+03
15.2 7.402696e+03 7.365053e+03 7.261157e+03 7.298800e+03
16.2 7.384842e+03 7.326422e+03 7.262636e+03 7.321056e+03
17.2 7.287890e+03 7.347002e+03 7.258436e+03 7.199324e+03
0.2 7.203138e+03 7.259327e+03 7.235123e+03 7.178934e+03
1.2 7.249684e+03 7.290269e+03 7.238309e+03 7.197724e+03
2.2 7.263292e+03 7.252990e+03 7.251711e+03 7.262013e+03
3.2 7.373754e+03 7.295849e+03 7.259576e+03 7.337482e+03
4.2 7.299111e+03 7.240543e+03 7.259648e+03 7.318216e+03
5.2 7.395275e+03 7.325606e+03 7.261528e+03 7.331197e+03
6.2 7.174481e+03 7.243764e+03 7.261549e+03 7.192266e+03
7.2 7.201314e+03 7.302868e+03 7.262711e+03 7.161157e+03
8.2 7.207132e+03 7.247084e+03 7.259967e+03 7.220015e+03
9.2 7.225010e+03 7.308851e+03 7.247379e+03 7.163538e+03
10.2 7.324970e+03 7.328212e+03 7.245807e+03 7.242566e+03
11.2 7.301375e+03 7.321624e+03 7.254958e+03 7.234709e+03
12.2 7.388966e+03 7.343550e+03 7.257410e+03 7.302826e+03
13.2 7.389319e+03 7.323460e+03 7.257746e+03 7.323605e+03
14.2 7.402696e+03 7.365053e+03 7.261157e+03 7.298800e+03
15.2 7.384842e+03 7.326422e+03 7.262636e+03 7.321056e+03
16.2 7.287890e+03 7.347002e+03 7.258436e+03 7.199324e+03
17.2 7.251290e+03 7.166525e+03 7.255576e+03 7.340340e+03
0.6 7.263292e+03 7.252990e+03 7.251711e+03 7.262013e+03
1.6 7.373754e+03 7.295849e+03 7.259576e+03 7.337482e+03
2.6 7.299111e+03 7.240543e+03 7.259648e+03 7.318216e+03
3.6 7.395275e+03 7.325606e+03 7.261528e+03 7.331197e+03
4.6 7.174481e+03 7.243764e+03 7.261549e+03 7.192266e+03
5.6 7.201314e+03 7.302868e+03 7.262711e+03 7.161157e+03
6.6 7.207132e+03 7.247084e+03 7.259967e+03 7.220015e+03
7.6 7.225010e+03 7.308851e+03 7.247379e+03 7.163538e+03
8.6 7.324970e+03 7.328212e+03 7.245807e+03 7.242566e+03
9.6 7.301375e+03 7.321624e+03 7.254958e+03 7.234709e+03
10.6 7.388966e+03 7.343550e+03 7.257410e+03 7.302826e+03
11.6 7.389319e+03 7.323460e+03 7.257746e+03 7.323605e+03
12.6 7.402696e+03 7.365053e+03 7.261157e+03 7.298800e+03
13.6 7.384842e+03 7.326422e+03 7.262636e+03 7.321056e+03
14.6 7.287890e+03 7.347002e+03 7.258436e+03 7.199324e+03
15.6 7.251290e+03 7.166525e+03 7.255576e+03 7.340340e+03
16.6 7.197329e+03 7.140578e+03 7.255635e+03 7.312386e+03
17.6 7.122778e+03 7.126799e+03 7.256369e+03 7.252349e+03
0.4 7.201314e+03 7.302868e+03 7.262711e+03 7.161157e+03
1.4 7.207132e+03 7.247084e+03 7.259967e+03 7.220015e+03
2.4 7.225010e+03 7.308851e+03 7.247379e+03 7.163538e+03
3.4 7.324970e+03 7.328212e+03 7.245807e+03 7.242566e+03
4.4 7.301375e+03 7.321624e+03 7.254958e+03 7.234709e+03
5.4 7.388966e+03 7.343550e+03 7.257410e+03 7.302826e+03
6.4 7.389319e+03 7.323460e+03 7.257746e+03 7.323605e+03
7.4 7.402696e+03 7.365053e+03 7.261157e+03 7.298800e+03
8.4 7.384842e+03 7.326422e+03 7.262636e+03 7.321056e+03
9.4 7.287890e+03 7.347002e+03 7.258436e+03 7.199324e+03
10.4 7.251290e+03 7.166525e+03 7.255576e+03 7.340340e+03
11.4 7.197329e+03 7.140578e+03 7.255635e+03 7.312386e+03
12.4 7.122778e+03 7.126799e+03 7.256369e+03 7.252349e+03
13.4 7.213135e+03 7.233016e+03 7.261280e+03 7.241400e+03
14.4 7.100054e+03 7.187471e+03 7.260160e+03 7.172744e+03
15.4 7.239159e+03 7.266948e+03 7.252668e+03 7.224880e+03
16.4 7.190554e+03 7.202376e+03 7.251333e+03 7.239511e+03
17.4 7.170243e+03 7.280088e+03 7.253312e+03 7.143467e+03
0.1 7.207132e+03 7.247084e+03 7.259967e+03 7.220015e+03
1.1 7.225010e+03 7.308851e+03 7.247379e+03 7.163538e+03
2.1 7.324970e+03 7.328212e+03 7.245807e+03 7.242566e+03
3.1 7.301375e+03 7.321624e+03 7.254958e+03 7.234709e+03
4.1 7.388966e+03 7.343550e+03 7.257410e+03 7.302826e+03
5.1 7.389319e+03 7.323460e+03 7.257746e+03 7.323605e+03
6.1 7.402696e+03 7.365053e+03 7.261157e+03 7.298800e+03
7.1 7.384842e+03 7.326422e+03 7.262636e+03 7.321056e+03
8.1 7.287890e+03 7.347002e+03 7.258436e+03 7.199324e+03
9.1 7.251290e+03 7.166525e+03 7.255576e+03 7.340340e+03
10.1 7.197329e+03 7.140578e+03 7.255635e+03 7.312386e+03
11.1 7.122778e+03 7.126799e+03 7.256369e+03 7.252349e+03
12.1 7.213135e+03 7.233016e+03 7.261280e+03 7.241400e+03
13.1 7.100054e+03 7.187471e+03 7.260160e+03 7.172744e+03
14.1 7.239159e+03 7.266948e+03 7.252668e+03 7.224880e+03
15.1 7.190554e+03 7.202376e+03 7.251333e+03 7.239511e+03
16.1 7.170243e+03 7.280088e+03 7.253312e+03 7.143467e+03
17.1 7.229391e+03 7.203467e+03 7.254788e+03 7.280712e+03
0.8 7.324970e+03 7.328212e+03 7.245807e+03 7.242566e+03
1.8 7.301375e+03 7.321624e+03 7.254958e+03 7.234709e+03
2.8 7.388966e+03 7.343550e+03 7.257410e+03 7.302826e+03
3.8 7.389319e+03 7.323460e+03 7.257746e+03 7.323605e+03
4.8 7.402696e+03 7.365053e+03 7.261157e+03 7.298800e+03
5.8 7.384842e+03 7.326422e+03 7.262636e+03 7.321056e+03
6.8 7.287890e+03 7.347002e+03 7.258436e+03 7.199324e+03
7.8 7.251290e+03 7.166525e+03 7.255576e+03 7.340340e+03
8.8 7.197329e+03 7.140578e+03 7.255635e+03 7.312386e+03
9.8 7.122778e+03 7.126799e+03 7.256369e+03 7.252349e+03
10.8 7.213135e+03 7.233016e+03 7.261280e+03 7.241400e+03
11.8 7.100054e+03 7.187471e+03 7.260160e+03 7.172744e+03
12.8 7.239159e+03 7.266948e+03 7.252668e+03 7.224880e+03
13.8 7.190554e+03 7.202376e+03 7.251333e+03 7.239511e+03
14.8 7.170243e+03 7.280088e+03 7.253312e+03 7.143467e+03
15.8 7.229391e+03 7.203467e+03 7.254788e+03 7.280712e+03
16.8 7.309709e+03 7.269602e+03 7.255587e+03 7.295694e+03
17.8 7.264484e+03 7.271280e+03 7.256028e+03 7.249231e+03
0.3 7.301375e+03 7.321624e+03 7.254958e+03 7.234709e+03
1.3 7.388966e+03 7.343550e+03 7.257410e+03 7.302826e+03
2.3 7.389319e+03 7.323460e+03 7.257746e+03 7.323605e+03
3.3 7.402696e+03 7.365053e+03 7.261157e+03 7.298800e+03
4.3 7.384842e+03 7.326422e+03 7.262636e+03 7.321056e+03
5.3 7.287890e+03 7.347002e+03 7.258436e+03 7.199324e+03
6.3 7.251290e+03 7.166525e+03 7.255576e+03 7.340340e+03
7.3 7.197329e+03 7.140578e+03 7.255635e+03 7.312386e+03
8.3 7.122778e+03 7.126799e+03 7.256369e+03 7.252349e+03
9.3 7.213135e+03 7.233016e+03 7.261280e+03 7.241400e+03
10.3 7.100054e+03 7.187471e+03 7.260160e+03 7.172744e+03
11.3 7.239159e+03 7.266948e+03 7.252668e+03 7.224880e+03
12.3 7.190554e+03 7.202376e+03 7.251333e+03 7.239511e+03
13.3 7.170243e+03 7.280088e+03 7.253312e+03 7.143467e+03
14.3 7.229391e+03 7.203467e+03 7.254788e+03 7.280712e+03
15.3 7.309709e+03 7.269602e+03 7.255587e+03 7.295694e+03
16.3 7.264484e+03 7.271280e+03 7.256028e+03 7.249231e+03
17.3 7.312174e+03 7.286842e+03 7.256201e+03 7.281532e+03
0.4 7.388966e+03 7.343550e+03 7.257410e+03 7.302826e+03
1.4 7.389319e+03 7.323460e+03 7.257746e+03 7.323605e+03
2.4 7.402696e+03 7.365053e+03 7.261157e+03 7.298800e+03
3.4 7.384842e+03 7.326422e+03 7.262636e+03 7.321056e+03
4.4 7.287890e+03 7.347002e+03 7.258436e+03 7.199324e+03
5.4 7.251290e+03 7.166525e+03 7.255576e+03 7.340340e+03
6.4 7.197329e+03 7.140578e+03 7.255635e+03 7.312386e+03
7.4 7.122778e+03 7.126799e+03 7.256369e+03 7.252349e+03
8.4 7.213135e+03 7.233016e+03 7.261280e+03 7.241400e+03
9.4 7.100054e+03 7.187471e+03 7.260160e+03 7.172744e+03
10.4 7.239159e+03 7.266948e+03 7.252668e+03 7.224880e+03
11.4 7.190554e+03 7.202376e+03 7.251333e+03 7.239511e+03
12.4 7.170243e+03 7.280088e+03 7.253312e+03 7.143467e+03
13.4 7.229391e+03 7.203467e+03 7.254788e+03 7.280712e+03
14.4 7.309709e+03 7.269602e+03 7.255587e+03 7.295694e+03
15.4 7.264484e+03 7.271280e+03 7.256028e+03 7.249231e+03
16.4 7.312174e+03 7.286842e+03 7.256201e+03 7.281532e+03
0.9 7.402696e+03 7.365053e+03 7.261157e+03 7.298800e+03
1.9 7.384842e+03 7.326422e+03 7.262636e+03 7.321056e+03
2.9 7.287890e+03 7.347002e+03 7.258436e+03 7.199324e+03
3.9 7.251290e+03 7.166525e+03 7.255576e+03 7.340340e+03
4.9 7.197329e+03 7.140578e+03 7.255635e+03 7.312386e+03
5.9 7.122778e+03 7.126799e+03 7.256369e+03 7.252349e+03
6.9 7.213135e+03 7.233016e+03 7.261280e+03 7.241400e+03
7.9 7.100054e+03 7.187471e+03 7.260160e+03 7.172744e+03
8.9 7.239159e+03 7.266948e+03 7.252668e+03 7.224880e+03
9.9 7.190554e+03 7.202376e+03 7.251333e+03 7.239511e+03
10.9 7.170243e+03 7.280088e+03 7.253312e+03 7.143467e+03
11.9 7.229391e+03 7.203467e+03 7.254788e+03 7.280712e+03
12.9 7.309709e+03 7.269602e+03 7.255587e+03 7.295694e+03
13.9 7.264484e+03 7.271280e+03 7.256028e+03 7.249231e+03
14.9 7.312174e+03 7.286842e+03 7.256201e+03 7.281532e+03
0.3 7.384842e+03 7.326422e+03 7.262636e+03 7.321056e+03
1.3 7.287890e+03 7.347002e+03 7.258436e+03 7.199324e+03
2.3 7.251290e+03 7.166525e+03 7.255576e+03 7.340340e+03
3.3 7.197329e+03 7.140578e+03 7.255635e+03 7.312386e+03
4.3 7.122778e+03 7.126799e+03 7.256369e+03 7.252349e+03
5.3 7.213135e+03 7.233016e+03 7.261280e+03 7.241400e+03
6.3 7.100054e+03 7.187471e+03 7.260160e+03 7.172744e+03
7.3 7.239159e+03 7.266948e+03 7.252668e+03 7.224880e+03
8.3 7.190554e+03 7.202376e+03 7.251333e+03 7.239511e+03
9.3 7.170243e+03 7.280088e+03 7.253312e+03 7.143467e+03
10.3 7.229391e+03 7.203467e+03 7.254788e+03 7.280712e+03
11.3 7.309709e+03 7.269602e+03 7.255587e+03 7.295694e+03
12.3 7.264484e+03 7.271280e+03 7.256028e+03 7.249231e+03
13.3 7.312174e+03 7.286842e+03 7.256201e+03 7.281532e+03
0.7 7.251290e+03 7.166525e+03 7.255576e+03 7.340340e+03
1.7 7.197329e+03 7.140578e+03 7.255635e+03 7.312386e+03
2.7 7.122778e+03 7.126799e+03 7.256369e+03 7.252349e+03
3.7 7.213135e+03 7.233016e+03 7.261280e+03 7.241400e+03
4.7 7.100054e+03 7.187471e+03 7.260160e+03 7.172744e+03
5.7 7.239159e+03 7.266948e+03 7.252668e+03 7.224880e+03
6.7 7.190554e+03 7.202376e+03 7.251333e+03 7.239511e+03
7.7 7.170243e+03 7.280088e+03 7.253312e+03 7.143467e+03
8.7 7.229391e+03 7.203467e+03 7.254788e+03 7.280712e+03
9.7 7.309709e+03 7.269602e+03 7.255587e+03 7.295694e+03
10.7 7.264484e+03 7.271280e+03 7.256028e+03 7.249231e+03
11.7 7.312174e+03 7.286842e+03 7.256201e+03 7.281532e+03
0.3 7.197329e+03 7.140578e+03 7.255635e+03 7.312386e+03
1.3 7.122778e+03 7.126799e+03 7.256369e+03 7.252349e+03
2.3 7.213135e+03 7.233016e+03 7.261280e+03 7.241400e+03
3.3 7.100054e+03 7.187471e+03 7.260160e+03 7.172744e+03
4.3 7.239159e+03 7.266948e+03 7.252668e+03 7.224880e+03
5.3 7.190554e+03 7.202376e+03 7.251333e+03 7.239511e+03
6.3 7.170243e+03 7.280088e+03 7.253312e+03 7.143467e+03
7.3 7.229391e+03 7.203467e+03 7.254788e+03 7.280712e+03
8.3 7.309709e+03 7.269602e+03 7.255587e+03 7.295694e+03
9.3 7.264484e+03 7.271280e+03 7.256028e+03 7.249231e+03
10.3 7.312174e+03 7.286842e+03 7.256201e+03 7.281532e+03
0.8 7.213135e+03 7.233016e+03 7.261280e+03 7.241400e+03
1.8 7.100054e+03 7.187471e+03 7.260160e+03 7.172744e+03
2.8 7.239159e+03 7.266948e+03 7.252668e+03 7.224880e+03
3.8 7.190554e+03 7.202376e+03 7.251333e+03 7.239511e+03
4.8 7.170243e+03 7.280088e+03 7.253312e+03 7.143467e+03
5.8 7.229391e+03 7.203467e+03 7.254788e+03 7.280712e+03
6.8 7.309709e+03 7.269602e+03 7.255587e+03 7.295694e+03
7.8 7.264484e+03 7.271280e+03 7.256028e+03 7.249231e+03
8.8 7.312174e+03 7.286842e+03 7.256201e+03 7.281532e+03
