0.8 1.011858e+04 1.010182e+04 1.011377e+04 1.013053e+04
1.8 1.013307e+04 1.014538e+04 1.011976e+04 1.010745e+04
2.8 1.019849e+04 1.017517e+04 1.010622e+04 1.012954e+04
3.8 1.012623e+04 1.012652e+04 1.009358e+04 1.009329e+04
4.8 1.005804e+04 1.010078e+04 1.009417e+04 1.005143e+04
5.8 1.007025e+04 1.007937e+04 1.009857e+04 1.008945e+04
6.8 1.011647e+04 1.008674e+04 1.010187e+04 1.013159e+04
7.8 1.014133e+04 1.009368e+04 1.010384e+04 1.015148e+04
8.8 1.011502e+04 1.009490e+04 1.010485e+04 1.012498e+04
9.8 1.013129e+04 1.011377e+04 1.010517e+04 1.012269e+04
10.8 1.008965e+04 1.011070e+04 1.010510e+04 1.008406e+04
11.8 1.014676e+04 1.016552e+04 1.010489e+04 1.008613e+04
12.8 1.012599e+04 1.012416e+04 1.010470e+04 1.010653e+04
13.8 1.010180e+04 1.010865e+04 1.010457e+04 1.009773e+04
14.8 1.008607e+04 1.009409e+04 1.010450e+04 1.009649e+04
15.8 1.012256e+04 1.010208e+04 1.010447e+04 1.012495e+04
16.8 1.012125e+04 1.010853e+04 1.010445e+04 1.011716e+04
17.8 1.009463e+04 1.010071e+04 1.010444e+04 1.009836e+04
0.5 1.010417e+04 1.009406e+04 1.010603e+04 1.011614e+04
1.5 1.009200e+04 1.010637e+04 1.010250e+04 1.008813e+04
2.5 1.012685e+04 1.014559e+04 1.009867e+04 1.007994e+04
3.5 1.013323e+04 1.011759e+04 1.010328e+04 1.011891e+04
4.5 1.010320e+04 1.011248e+04 1.010696e+04 1.009768e+04
5.5 1.005041e+04 1.007722e+04 1.010674e+04 1.007994e+04
6.5 1.004818e+04 1.006980e+04 1.010568e+04 1.008406e+04
7.5 1.007888e+04 1.006927e+04 1.010493e+04 1.011453e+04
8.5 1.011872e+04 1.010460e+04 1.010446e+04 1.011858e+04
9.5 1.007496e+04 1.010159e+04 1.010420e+04 1.007757e+04
10.5 1.010815e+04 1.011956e+04 1.010410e+04 1.009269e+04
11.5 1.011130e+04 1.011254e+04 1.010411e+04 1.010286e+04
12.5 1.015068e+04 1.012612e+04 1.010415e+04 1.012872e+04
13.5 1.008717e+04 1.010616e+04 1.010419e+04 1.008519e+04
14.5 1.006111e+04 1.011428e+04 1.010421e+04 1.005104e+04
15.5 1.004569e+04 1.010038e+04 1.010421e+04 1.004953e+04
16.5 1.007875e+04 1.010207e+04 1.010422e+04 1.008089e+04
17.5 1.010034e+04 1.010240e+04 1.010421e+04 1.010216e+04
0.9 1.005554e+04 1.009178e+04 1.011340e+04 1.007717e+04
1.9 1.013770e+04 1.014167e+04 1.011648e+04 1.011250e+04
2.9 1.018201e+04 1.014464e+04 1.010371e+04 1.014107e+04
3.9 1.012499e+04 1.010895e+04 1.009486e+04 1.011091e+04
4.9 1.008502e+04 1.009642e+04 1.009627e+04 1.008487e+04
5.9 1.012455e+04 1.010119e+04 1.009990e+04 1.012325e+04
6.9 1.005567e+04 1.007341e+04 1.010247e+04 1.008473e+04
7.9 1.004652e+04 1.008370e+04 1.010398e+04 1.006680e+04
8.9 1.003188e+04 1.007768e+04 1.010474e+04 1.005894e+04
9.9 1.011777e+04 1.009287e+04 1.010495e+04 1.012985e+04
10.9 1.011400e+04 1.008179e+04 1.010487e+04 1.013709e+04
11.9 1.011049e+04 1.009486e+04 1.010471e+04 1.012034e+04
12.9 1.012747e+04 1.011867e+04 1.010457e+04 1.011337e+04
13.9 1.016126e+04 1.012633e+04 1.010471e+04 1.013964e+04
14.9 1.014923e+04 1.011332e+04 1.011048e+04 1.014639e+04
15.9 1.010512e+04 1.012670e+04 1.011468e+04 1.009309e+04
16.9 1.013208e+04 1.016336e+04 1.010601e+04 1.007473e+04
17.9 1.009829e+04 1.010544e+04 1.009740e+04 1.009025e+04
0.7 1.014923e+04 1.011332e+04 1.011048e+04 1.014639e+04
1.7 1.010512e+04 1.012670e+04 1.011468e+04 1.009309e+04
2.7 1.013208e+04 1.016336e+04 1.010601e+04 1.007473e+04
3.7 1.009829e+04 1.010544e+04 1.009740e+04 1.009025e+04
4.7 1.008254e+04 1.008874e+04 1.009762e+04 1.009142e+04
5.7 1.004921e+04 1.005977e+04 1.010051e+04 1.008995e+04
6.7 1.005850e+04 1.004987e+04 1.010272e+04 1.011135e+04
7.7 1.008299e+04 1.007602e+04 1.010403e+04 1.011099e+04
8.7 1.009155e+04 1.008694e+04 1.010471e+04 1.010931e+04
9.7 1.011746e+04 1.011306e+04 1.010493e+04 1.010933e+04
10.7 1.008855e+04 1.010804e+04 1.010488e+04 1.008539e+04
11.7 1.010561e+04 1.011717e+04 1.010474e+04 1.009318e+04
12.7 1.007816e+04 1.010656e+04 1.010461e+04 1.007621e+04
13.7 1.012281e+04 1.012639e+04 1.010452e+04 1.010095e+04
14.7 1.013653e+04 1.010612e+04 1.010447e+04 1.013487e+04
15.7 1.013356e+04 1.012794e+04 1.010444e+04 1.011006e+04
16.7 1.008826e+04 1.011461e+04 1.010443e+04 1.007807e+04
17.7 1.009824e+04 1.012711e+04 1.010442e+04 1.007554e+04
0.3 1.011125e+04 1.013014e+04 1.010808e+04 1.008919e+04
1.3 1.010199e+04 1.009964e+04 1.011784e+04 1.012019e+04
2.3 1.016689e+04 1.015149e+04 1.011637e+04 1.013178e+04
3.3 1.017745e+04 1.015530e+04 1.008461e+04 1.010676e+04
4.3 1.013822e+04 1.014637e+04 1.002697e+04 1.001882e+04
5.3 1.007878e+04 1.008841e+04 1.001425e+04 1.000462e+04
6.3 1.012275e+04 1.012376e+04 1.009169e+04 1.009067e+04
7.3 1.017877e+04 1.016532e+04 1.016461e+04 1.017806e+04
8.3 1.012089e+04 1.014575e+04 1.016963e+04 1.014477e+04
9.3 1.009150e+04 1.011322e+04 1.014452e+04 1.012280e+04
10.3 1.010696e+04 1.007656e+04 1.012241e+04 1.015281e+04
11.3 1.005199e+04 1.006876e+04 1.010866e+04 1.009190e+04
12.3 1.003505e+04 1.006315e+04 1.010144e+04 1.007334e+04
13.3 1.005955e+04 1.004504e+04 1.009885e+04 1.011336e+04
14.3 1.005259e+04 1.006418e+04 1.009899e+04 1.008739e+04
15.3 1.007323e+04 1.009543e+04 1.010013e+04 1.007792e+04
16.3 1.006511e+04 1.009439e+04 1.010124e+04 1.007196e+04
17.3 1.009614e+04 1.013683e+04 1.010196e+04 1.006127e+04
0.2 1.016689e+04 1.015149e+04 1.011637e+04 1.013178e+04
1.2 1.017745e+04 1.015530e+04 1.008461e+04 1.010676e+04
2.2 1.013822e+04 1.014637e+04 1.002697e+04 1.001882e+04
3.2 1.007878e+04 1.008841e+04 1.001425e+04 1.000462e+04
4.2 1.012275e+04 1.012376e+04 1.009169e+04 1.009067e+04
5.2 1.017877e+04 1.016532e+04 1.016461e+04 1.017806e+04
6.2 1.012089e+04 1.014575e+04 1.016963e+04 1.014477e+04
7.2 1.009150e+04 1.011322e+04 1.014452e+04 1.012280e+04
8.2 1.010696e+04 1.007656e+04 1.012241e+04 1.015281e+04
9.2 1.005199e+04 1.006876e+04 1.010866e+04 1.009190e+04
10.2 1.003505e+04 1.006315e+04 1.010144e+04 1.007334e+04
11.2 1.005955e+04 1.004504e+04 1.009885e+04 1.011336e+04
12.2 1.005259e+04 1.006418e+04 1.009899e+04 1.008739e+04
13.2 1.007323e+04 1.009543e+04 1.010013e+04 1.007792e+04
14.2 1.006511e+04 1.009439e+04 1.010124e+04 1.007196e+04
15.2 1.009614e+04 1.013683e+04 1.010196e+04 1.006127e+04
16.2 1.013094e+04 1.014859e+04 1.010232e+04 1.008467e+04
17.2 1.013632e+04 1.013312e+04 1.010245e+04 1.010564e+04
