0.2 1.018873e+04 1.014028e+04 1.016739e+04 1.021584e+04
1.2 1.020451e+04 1.015701e+04 1.017488e+04 1.022238e+04
2.2 1.022236e+04 1.017293e+04 1.019375e+04 1.024318e+04
3.2 1.018493e+04 1.016539e+04 1.019481e+04 1.021435e+04
4.2 1.018063e+04 1.015321e+04 1.018340e+04 1.021082e+04
5.2 1.013619e+04 1.022542e+04 1.017354e+04 1.008431e+04
6.2 1.029667e+04 1.028336e+04 1.016561e+04 1.017892e+04
7.2 1.001434e+04 1.018821e+04 1.013747e+04 9.963609e+03
8.2 1.004408e+04 1.014795e+04 1.012449e+04 1.002063e+04
9.2 1.013146e+04 1.010968e+04 1.013065e+04 1.015244e+04
10.2 1.017970e+04 1.012914e+04 1.014091e+04 1.019147e+04
11.2 1.023615e+04 1.014720e+04 1.016116e+04 1.025010e+04
12.2 1.014157e+04 1.018198e+04 1.018523e+04 1.014481e+04
13.2 1.013695e+04 1.019620e+04 1.021166e+04 1.015241e+04
14.2 1.020101e+04 1.014645e+04 1.020765e+04 1.026222e+04
15.2 1.030787e+04 1.022134e+04 1.018888e+04 1.027540e+04
16.2 1.018154e+04 1.014617e+04 1.017413e+04 1.020950e+04
17.2 1.008408e+04 1.011092e+04 1.016606e+04 1.013921e+04
0.7 1.017970e+04 1.012914e+04 1.014091e+04 1.019147e+04
1.7 1.023615e+04 1.014720e+04 1.016116e+04 1.025010e+04
2.7 1.014157e+04 1.018198e+04 1.018523e+04 1.014481e+04
3.7 1.013695e+04 1.019620e+04 1.021166e+04 1.015241e+04
4.7 1.020101e+04 1.014645e+04 1.020765e+04 1.026222e+04
5.7 1.030787e+04 1.022134e+04 1.018888e+04 1.027540e+04
6.7 1.018154e+04 1.014617e+04 1.017413e+04 1.020950e+04
7.7 1.008408e+04 1.011092e+04 1.016606e+04 1.013921e+04
8.7 1.010523e+04 1.010954e+04 1.016259e+04 1.015829e+04
9.7 1.019595e+04 1.014527e+04 1.016189e+04 1.021257e+04
10.7 1.022896e+04 1.015660e+04 1.016255e+04 1.023491e+04
11.7 1.010882e+04 1.018477e+04 1.016358e+04 1.008763e+04
12.7 1.019079e+04 1.020529e+04 1.016446e+04 1.014996e+04
13.7 1.018868e+04 1.019915e+04 1.016504e+04 1.015458e+04
14.7 1.018918e+04 1.023807e+04 1.016538e+04 1.011649e+04
15.7 1.013633e+04 1.018244e+04 1.016556e+04 1.011945e+04
16.7 1.017320e+04 1.015714e+04 1.016567e+04 1.018173e+04
17.7 1.009489e+04 1.013371e+04 1.016575e+04 1.012693e+04
0.3 1.023615e+04 1.014720e+04 1.016116e+04 1.025010e+04
1.3 1.014157e+04 1.018198e+04 1.018523e+04 1.014481e+04
2.3 1.013695e+04 1.019620e+04 1.021166e+04 1.015241e+04
3.3 1.020101e+04 1.014645e+04 1.020765e+04 1.026222e+04
4.3 1.030787e+04 1.022134e+04 1.018888e+04 1.027540e+04
5.3 1.018154e+04 1.014617e+04 1.017413e+04 1.020950e+04
6.3 1.008408e+04 1.011092e+04 1.016606e+04 1.013921e+04
7.3 1.010523e+04 1.010954e+04 1.016259e+04 1.015829e+04
8.3 1.019595e+04 1.014527e+04 1.016189e+04 1.021257e+04
9.3 1.022896e+04 1.015660e+04 1.016255e+04 1.023491e+04
10.3 1.010882e+04 1.018477e+04 1.016358e+04 1.008763e+04
11.3 1.019079e+04 1.020529e+04 1.016446e+04 1.014996e+04
12.3 1.018868e+04 1.019915e+04 1.016504e+04 1.015458e+04
13.3 1.018918e+04 1.023807e+04 1.016538e+04 1.011649e+04
14.3 1.013633e+04 1.018244e+04 1.016556e+04 1.011945e+04
15.3 1.017320e+04 1.015714e+04 1.016567e+04 1.018173e+04
16.3 1.009489e+04 1.013371e+04 1.016575e+04 1.012693e+04
17.3 1.016219e+04 1.019055e+04 1.016582e+04 1.013745e+04
0.5 1.023279e+04 1.010963e+04 1.013365e+04 1.025681e+04
1.5 1.021964e+04 1.017101e+04 1.015510e+04 1.020373e+04
2.5 1.025286e+04 1.020930e+04 1.019139e+04 1.023494e+04
3.5 1.030315e+04 1.025902e+04 1.022572e+04 1.026985e+04
4.5 1.010563e+04 1.025837e+04 1.026087e+04 1.010813e+04
5.5 1.032551e+04 1.022463e+04 1.025416e+04 1.035504e+04
6.5 1.017601e+04 1.020127e+04 1.021482e+04 1.018957e+04
7.5 1.015276e+04 1.023074e+04 1.018182e+04 1.010383e+04
8.5 1.024982e+04 1.027980e+04 1.016386e+04 1.013388e+04
9.5 1.018458e+04 1.017710e+04 1.015651e+04 1.016400e+04
10.5 1.007377e+04 1.013181e+04 1.015522e+04 1.009718e+04
11.5 1.000110e+04 1.006890e+04 1.015684e+04 1.008904e+04
12.5 1.003551e+04 1.008840e+04 1.015922e+04 1.010633e+04
13.5 1.004963e+04 1.007518e+04 1.015691e+04 1.013136e+04
14.5 1.015868e+04 1.014719e+04 1.013989e+04 1.015139e+04
15.5 1.021048e+04 1.016258e+04 1.013815e+04 1.018606e+04
16.5 1.020575e+04 1.018721e+04 1.015721e+04 1.017575e+04
17.5 1.017372e+04 1.018372e+04 1.018242e+04 1.017242e+04
0.5 1.021964e+04 1.017101e+04 1.015510e+04 1.020373e+04
1.5 1.025286e+04 1.020930e+04 1.019139e+04 1.023494e+04
2.5 1.030315e+04 1.025902e+04 1.022572e+04 1.026985e+04
3.5 1.010563e+04 1.025837e+04 1.026087e+04 1.010813e+04
4.5 1.032551e+04 1.022463e+04 1.025416e+04 1.035504e+04
5.5 1.017601e+04 1.020127e+04 1.021482e+04 1.018957e+04
6.5 1.015276e+04 1.023074e+04 1.018182e+04 1.010383e+04
7.5 1.024982e+04 1.027980e+04 1.016386e+04 1.013388e+04
8.5 1.018458e+04 1.017710e+04 1.015651e+04 1.016400e+04
9.5 1.007377e+04 1.013181e+04 1.015522e+04 1.009718e+04
10.5 1.000110e+04 1.006890e+04 1.015684e+04 1.008904e+04
11.5 1.003551e+04 1.008840e+04 1.015922e+04 1.010633e+04
12.5 1.004963e+04 1.007518e+04 1.015691e+04 1.013136e+04
13.5 1.015868e+04 1.014719e+04 1.013989e+04 1.015139e+04
14.5 1.021048e+04 1.016258e+04 1.013815e+04 1.018606e+04
15.5 1.020575e+04 1.018721e+04 1.015721e+04 1.017575e+04
16.5 1.017372e+04 1.018372e+04 1.018242e+04 1.017242e+04
17.5 1.014835e+04 1.017616e+04 1.018531e+04 1.015749e+04
1.0 1.030315e+04 1.025902e+04 1.022572e+04 1.026985e+04
2.0 1.010563e+04 1.025837e+04 1.026087e+04 1.010813e+04
3.0 1.032551e+04 1.022463e+04 1.025416e+04 1.035504e+04
4.0 1.017601e+04 1.020127e+04 1.021482e+04 1.018957e+04
5.0 1.015276e+04 1.023074e+04 1.018182e+04 1.010383e+04
6.0 1.024982e+04 1.027980e+04 1.016386e+04 1.013388e+04
7.0 1.018458e+04 1.017710e+04 1.015651e+04 1.016400e+04
8.0 1.007377e+04 1.013181e+04 1.015522e+04 1.009718e+04
9.0 1.000110e+04 1.006890e+04 1.015684e+04 1.008904e+04
10.0 1.003551e+04 1.008840e+04 1.015922e+04 1.010633e+04
11.0 1.004963e+04 1.007518e+04 1.015691e+04 1.013136e+04
12.0 1.015868e+04 1.014719e+04 1.013989e+04 1.015139e+04
13.0 1.021048e+04 1.016258e+04 1.013815e+04 1.018606e+04
14.0 1.020575e+04 1.018721e+04 1.015721e+04 1.017575e+04
15.0 1.017372e+04 1.018372e+04 1.018242e+04 1.017242e+04
16.0 1.014835e+04 1.017616e+04 1.018531e+04 1.015749e+04
17.0 1.028875e+04 1.025531e+04 1.017740e+04 1.021085e+04
18.0 1.030991e+04 1.020647e+04 1.017044e+04 1.027389e+04
0.4 1.021048e+04 1.016258e+04 1.013815e+04 1.018606e+04
1.4 1.020575e+04 1.018721e+04 1.015721e+04 1.017575e+04
2.4 1.017372e+04 1.018372e+04 1.018242e+04 1.017242e+04
3.4 1.014835e+04 1.017616e+04 1.018531e+04 1.015749e+04
4.4 1.028875e+04 1.025531e+04 1.017740e+04 1.021085e+04
5.4 1.030991e+04 1.020647e+04 1.017044e+04 1.027389e+04
6.4 1.010575e+04 1.016593e+04 1.016627e+04 1.010610e+04
7.4 9.917235e+03 1.008193e+04 1.016418e+04 9.999494e+03
8.4 1.005696e+04 1.006068e+04 1.016356e+04 1.015985e+04
9.4 1.009023e+04 1.004336e+04 1.016381e+04 1.021068e+04
10.4 1.009448e+04 1.012257e+04 1.016440e+04 1.013631e+04
11.4 1.008869e+04 1.013835e+04 1.016498e+04 1.011531e+04
12.4 1.010769e+04 1.016296e+04 1.016542e+04 1.011015e+04
13.4 1.013796e+04 1.015675e+04 1.016574e+04 1.014695e+04
14.4 1.027469e+04 1.022335e+04 1.016597e+04 1.021731e+04
15.4 1.014711e+04 1.019498e+04 1.016614e+04 1.011827e+04
16.4 1.025975e+04 1.022775e+04 1.016630e+04 1.019830e+04
17.4 1.017579e+04 1.022231e+04 1.016645e+04 1.011993e+04
0.4 1.016848e+04 1.014653e+04 1.015839e+04 1.018034e+04
1.4 1.008114e+04 1.019244e+04 1.015891e+04 1.004761e+04
2.4 1.018826e+04 1.018250e+04 1.017170e+04 1.017746e+04
3.4 1.020372e+04 1.019079e+04 1.017582e+04 1.018874e+04
4.4 1.000533e+04 1.011406e+04 1.017348e+04 1.006476e+04
5.4 1.017113e+04 1.021021e+04 1.017078e+04 1.013170e+04
6.4 1.029990e+04 1.024686e+04 1.016898e+04 1.022201e+04
7.4 1.029798e+04 1.015116e+04 1.016785e+04 1.031466e+04
8.4 1.010125e+04 1.010253e+04 1.016484e+04 1.016356e+04
9.4 1.014468e+04 1.011313e+04 1.013337e+04 1.016491e+04
10.4 1.001475e+04 1.008910e+04 1.011684e+04 1.004249e+04
11.4 1.009254e+04 1.012667e+04 1.013126e+04 1.009713e+04
12.4 1.008053e+04 1.011400e+04 1.013433e+04 1.010087e+04
13.4 1.011638e+04 1.014971e+04 1.013865e+04 1.010532e+04
14.4 1.015397e+04 1.014437e+04 1.015239e+04 1.016199e+04
15.4 1.014041e+04 1.017176e+04 1.017107e+04 1.013972e+04
16.4 1.034969e+04 1.023147e+04 1.019563e+04 1.031385e+04
17.4 1.047830e+04 1.026692e+04 1.022769e+04 1.043907e+04
0.4 1.015397e+04 1.014437e+04 1.015239e+04 1.016199e+04
1.4 1.014041e+04 1.017176e+04 1.017107e+04 1.013972e+04
2.4 1.034969e+04 1.023147e+04 1.019563e+04 1.031385e+04
3.4 1.047830e+04 1.026692e+04 1.022769e+04 1.043907e+04
4.4 1.032381e+04 1.022495e+04 1.023529e+04 1.033416e+04
5.4 1.023768e+04 1.021342e+04 1.020926e+04 1.023352e+04
6.4 1.025405e+04 1.028787e+04 1.018275e+04 1.014893e+04
7.4 1.012390e+04 1.015863e+04 1.016717e+04 1.013245e+04
8.4 1.007595e+04 1.010580e+04 1.016017e+04 1.013032e+04
9.4 9.978894e+03 1.002696e+04 1.015827e+04 1.011020e+04
10.4 1.004497e+04 1.001883e+04 1.015904e+04 1.018518e+04
11.4 1.007675e+04 1.005764e+04 1.016074e+04 1.017985e+04
12.4 1.010020e+04 1.007614e+04 1.016234e+04 1.018640e+04
13.4 1.001820e+04 1.015496e+04 1.016347e+04 1.002671e+04
14.4 1.014422e+04 1.014954e+04 1.016416e+04 1.015884e+04
15.4 1.016937e+04 1.016812e+04 1.016455e+04 1.016580e+04
16.4 1.016506e+04 1.017164e+04 1.016479e+04 1.015821e+04
17.4 1.016013e+04 1.020082e+04 1.016497e+04 1.012428e+04
0.8 1.034969e+04 1.023147e+04 1.019563e+04 1.031385e+04
1.8 1.047830e+04 1.026692e+04 1.022769e+04 1.043907e+04
2.8 1.032381e+04 1.022495e+04 1.023529e+04 1.033416e+04
3.8 1.023768e+04 1.021342e+04 1.020926e+04 1.023352e+04
4.8 1.025405e+04 1.028787e+04 1.018275e+04 1.014893e+04
5.8 1.012390e+04 1.015863e+04 1.016717e+04 1.013245e+04
6.8 1.007595e+04 1.010580e+04 1.016017e+04 1.013032e+04
7.8 9.978894e+03 1.002696e+04 1.015827e+04 1.011020e+04
8.8 1.004497e+04 1.001883e+04 1.015904e+04 1.018518e+04
9.8 1.007675e+04 1.005764e+04 1.016074e+04 1.017985e+04
10.8 1.010020e+04 1.007614e+04 1.016234e+04 1.018640e+04
11.8 1.001820e+04 1.015496e+04 1.016347e+04 1.002671e+04
12.8 1.014422e+04 1.014954e+04 1.016416e+04 1.015884e+04
13.8 1.016937e+04 1.016812e+04 1.016455e+04 1.016580e+04
14.8 1.016506e+04 1.017164e+04 1.016479e+04 1.015821e+04
15.8 1.016013e+04 1.020082e+04 1.016497e+04 1.012428e+04
16.8 1.018235e+04 1.016088e+04 1.016513e+04 1.018659e+04
17.8 1.014728e+04 1.019522e+04 1.016528e+04 1.011733e+04
0.4 1.008163e+04 1.016115e+04 1.015251e+04 1.007299e+04
1.4 1.007381e+04 1.013564e+04 1.017007e+04 1.010824e+04
2.4 1.014100e+04 1.019062e+04 1.019183e+04 1.014220e+04
3.4 1.019653e+04 1.023326e+04 1.019156e+04 1.015483e+04
4.4 1.034335e+04 1.023827e+04 1.017754e+04 1.028262e+04
5.4 1.015443e+04 1.020837e+04 1.016069e+04 1.010676e+04
6.4 1.009458e+04 1.017766e+04 1.016085e+04 1.007777e+04
7.4 1.016916e+04 1.015278e+04 1.017118e+04 1.018756e+04
8.4 1.023672e+04 1.016969e+04 1.017291e+04 1.023994e+04
9.4 1.016249e+04 1.018658e+04 1.017014e+04 1.014605e+04
10.4 1.002182e+04 1.010038e+04 1.016789e+04 1.008932e+04
11.4 1.008682e+04 1.012000e+04 1.016668e+04 1.013349e+04
12.4 1.007321e+04 1.013542e+04 1.016610e+04 1.010389e+04
13.4 1.013475e+04 1.014899e+04 1.016598e+04 1.015175e+04
14.4 1.007766e+04 1.014030e+04 1.016617e+04 1.010353e+04
15.4 1.018720e+04 1.017440e+04 1.016650e+04 1.017929e+04
16.4 9.985714e+03 1.010603e+04 1.016684e+04 1.004652e+04
17.4 1.022236e+04 1.012810e+04 1.016715e+04 1.026140e+04
0.5 1.015443e+04 1.020837e+04 1.016069e+04 1.010676e+04
1.5 1.009458e+04 1.017766e+04 1.016085e+04 1.007777e+04
2.5 1.016916e+04 1.015278e+04 1.017118e+04 1.018756e+04
3.5 1.023672e+04 1.016969e+04 1.017291e+04 1.023994e+04
4.5 1.016249e+04 1.018658e+04 1.017014e+04 1.014605e+04
5.5 1.002182e+04 1.010038e+04 1.016789e+04 1.008932e+04
6.5 1.008682e+04 1.012000e+04 1.016668e+04 1.013349e+04
7.5 1.007321e+04 1.013542e+04 1.016610e+04 1.010389e+04
8.5 1.013475e+04 1.014899e+04 1.016598e+04 1.015175e+04
9.5 1.007766e+04 1.014030e+04 1.016617e+04 1.010353e+04
10.5 1.018720e+04 1.017440e+04 1.016650e+04 1.017929e+04
11.5 9.985714e+03 1.010603e+04 1.016684e+04 1.004652e+04
12.5 1.022236e+04 1.012810e+04 1.016715e+04 1.026140e+04
13.5 1.016018e+04 1.012560e+04 1.016743e+04 1.020201e+04
14.5 1.026631e+04 1.018739e+04 1.016771e+04 1.024664e+04
15.5 1.030026e+04 1.020705e+04 1.016800e+04 1.026121e+04
16.5 1.022424e+04 1.022325e+04 1.016831e+04 1.016930e+04
17.5 1.018886e+04 1.017991e+04 1.016863e+04 1.017758e+04
0.5 1.023998e+04 1.015667e+04 1.015844e+04 1.024176e+04
1.5 1.026120e+04 1.020362e+04 1.018347e+04 1.024104e+04
2.5 1.023335e+04 1.018822e+04 1.020191e+04 1.024704e+04
3.5 1.019351e+04 1.018801e+04 1.021401e+04 1.021951e+04
4.5 1.029306e+04 1.023634e+04 1.023580e+04 1.029251e+04
5.5 1.029805e+04 1.027408e+04 1.026742e+04 1.029138e+04
6.5 1.047097e+04 1.031772e+04 1.029392e+04 1.044716e+04
7.5 1.027356e+04 1.029615e+04 1.032008e+04 1.029749e+04
8.5 1.025783e+04 1.024439e+04 1.027616e+04 1.028960e+04
9.5 1.030216e+04 1.029088e+04 1.021154e+04 1.022282e+04
10.5 1.032918e+04 1.031012e+04 1.016930e+04 1.018837e+04
11.5 1.017449e+04 1.019486e+04 1.014992e+04 1.012955e+04
12.5 1.006657e+04 1.011895e+04 1.013968e+04 1.008730e+04
13.5 9.958154e+03 1.006913e+04 1.009122e+04 9.980243e+03
14.5 1.008707e+04 1.003352e+04 1.004300e+04 1.009655e+04
15.5 1.001058e+04 1.004121e+04 1.004975e+04 1.001912e+04
16.5 1.009480e+04 1.003195e+04 1.008063e+04 1.014349e+04
17.5 9.991104e+03 1.007782e+04 1.011343e+04 1.002671e+04
0.4 1.023335e+04 1.018822e+04 1.020191e+04 1.024704e+04
1.4 1.019351e+04 1.018801e+04 1.021401e+04 1.021951e+04
2.4 1.029306e+04 1.023634e+04 1.023580e+04 1.029251e+04
3.4 1.029805e+04 1.027408e+04 1.026742e+04 1.029138e+04
4.4 1.047097e+04 1.031772e+04 1.029392e+04 1.044716e+04
5.4 1.027356e+04 1.029615e+04 1.032008e+04 1.029749e+04
6.4 1.025783e+04 1.024439e+04 1.027616e+04 1.028960e+04
7.4 1.030216e+04 1.029088e+04 1.021154e+04 1.022282e+04
8.4 1.032918e+04 1.031012e+04 1.016930e+04 1.018837e+04
9.4 1.017449e+04 1.019486e+04 1.014992e+04 1.012955e+04
10.4 1.006657e+04 1.011895e+04 1.013968e+04 1.008730e+04
11.4 9.958154e+03 1.006913e+04 1.009122e+04 9.980243e+03
12.4 1.008707e+04 1.003352e+04 1.004300e+04 1.009655e+04
13.4 1.001058e+04 1.004121e+04 1.004975e+04 1.001912e+04
14.4 1.009480e+04 1.003195e+04 1.008063e+04 1.014349e+04
15.4 9.991104e+03 1.007782e+04 1.011343e+04 1.002671e+04
16.4 1.012622e+04 1.013880e+04 1.014479e+04 1.013222e+04
17.4 1.022797e+04 1.016764e+04 1.017906e+04 1.023940e+04
0.9 1.029306e+04 1.023634e+04 1.023580e+04 1.029251e+04
1.9 1.029805e+04 1.027408e+04 1.026742e+04 1.029138e+04
2.9 1.047097e+04 1.031772e+04 1.029392e+04 1.044716e+04
3.9 1.027356e+04 1.029615e+04 1.032008e+04 1.029749e+04
4.9 1.025783e+04 1.024439e+04 1.027616e+04 1.028960e+04
5.9 1.030216e+04 1.029088e+04 1.021154e+04 1.022282e+04
6.9 1.032918e+04 1.031012e+04 1.016930e+04 1.018837e+04
7.9 1.017449e+04 1.019486e+04 1.014992e+04 1.012955e+04
8.9 1.006657e+04 1.011895e+04 1.013968e+04 1.008730e+04
9.9 9.958154e+03 1.006913e+04 1.009122e+04 9.980243e+03
10.9 1.008707e+04 1.003352e+04 1.004300e+04 1.009655e+04
11.9 1.001058e+04 1.004121e+04 1.004975e+04 1.001912e+04
12.9 1.009480e+04 1.003195e+04 1.008063e+04 1.014349e+04
13.9 9.991104e+03 1.007782e+04 1.011343e+04 1.002671e+04
14.9 1.012622e+04 1.013880e+04 1.014479e+04 1.013222e+04
15.9 1.022797e+04 1.016764e+04 1.017906e+04 1.023940e+04
16.9 1.009149e+04 1.019531e+04 1.020270e+04 1.009888e+04
17.9 1.006342e+04 1.022638e+04 1.024199e+04 1.007903e+04
0.4 1.029805e+04 1.027408e+04 1.026742e+04 1.029138e+04
1.4 1.047097e+04 1.031772e+04 1.029392e+04 1.044716e+04
2.4 1.027356e+04 1.029615e+04 1.032008e+04 1.029749e+04
3.4 1.025783e+04 1.024439e+04 1.027616e+04 1.028960e+04
4.4 1.030216e+04 1.029088e+04 1.021154e+04 1.022282e+04
5.4 1.032918e+04 1.031012e+04 1.016930e+04 1.018837e+04
6.4 1.017449e+04 1.019486e+04 1.014992e+04 1.012955e+04
7.4 1.006657e+04 1.011895e+04 1.013968e+04 1.008730e+04
8.4 9.958154e+03 1.006913e+04 1.009122e+04 9.980243e+03
9.4 1.008707e+04 1.003352e+04 1.004300e+04 1.009655e+04
10.4 1.001058e+04 1.004121e+04 1.004975e+04 1.001912e+04
11.4 1.009480e+04 1.003195e+04 1.008063e+04 1.014349e+04
12.4 9.991104e+03 1.007782e+04 1.011343e+04 1.002671e+04
13.4 1.012622e+04 1.013880e+04 1.014479e+04 1.013222e+04
14.4 1.022797e+04 1.016764e+04 1.017906e+04 1.023940e+04
15.4 1.009149e+04 1.019531e+04 1.020270e+04 1.009888e+04
16.4 1.006342e+04 1.022638e+04 1.024199e+04 1.007903e+04
17.4 1.017794e+04 1.027400e+04 1.029469e+04 1.019862e+04
0.8 1.012622e+04 1.013880e+04 1.014479e+04 1.013222e+04
1.8 1.022797e+04 1.016764e+04 1.017906e+04 1.023940e+04
2.8 1.009149e+04 1.019531e+04 1.020270e+04 1.009888e+04
3.8 1.006342e+04 1.022638e+04 1.024199e+04 1.007903e+04
4.8 1.017794e+04 1.027400e+04 1.029469e+04 1.019862e+04
5.8 1.013211e+04 1.019012e+04 1.027839e+04 1.022039e+04
6.8 1.032263e+04 1.027789e+04 1.022345e+04 1.026819e+04
7.8 1.021578e+04 1.021732e+04 1.018112e+04 1.017958e+04
8.8 1.023290e+04 1.017754e+04 1.015913e+04 1.021449e+04
9.8 1.005512e+04 1.011853e+04 1.015063e+04 1.008722e+04
10.8 1.024087e+04 1.024616e+04 1.014969e+04 1.014440e+04
11.8 1.033003e+04 1.031628e+04 1.015220e+04 1.016595e+04
12.8 1.024753e+04 1.022965e+04 1.013897e+04 1.015685e+04
13.8 1.004470e+04 1.015044e+04 1.008684e+04 9.981094e+03
14.8 1.016003e+04 1.007964e+04 1.008485e+04 1.016524e+04
15.8 1.005562e+04 1.005527e+04 1.009353e+04 1.009388e+04
16.8 1.011679e+04 1.006318e+04 1.008302e+04 1.013664e+04
17.8 1.011729e+04 1.005100e+04 1.009306e+04 1.015934e+04
1.0 1.009149e+04 1.019531e+04 1.020270e+04 1.009888e+04
2.0 1.006342e+04 1.022638e+04 1.024199e+04 1.007903e+04
3.0 1.017794e+04 1.027400e+04 1.029469e+04 1.019862e+04
4.0 1.013211e+04 1.019012e+04 1.027839e+04 1.022039e+04
5.0 1.032263e+04 1.027789e+04 1.022345e+04 1.026819e+04
6.0 1.021578e+04 1.021732e+04 1.018112e+04 1.017958e+04
7.0 1.023290e+04 1.017754e+04 1.015913e+04 1.021449e+04
8.0 1.005512e+04 1.011853e+04 1.015063e+04 1.008722e+04
9.0 1.024087e+04 1.024616e+04 1.014969e+04 1.014440e+04
10.0 1.033003e+04 1.031628e+04 1.015220e+04 1.016595e+04
11.0 1.024753e+04 1.022965e+04 1.013897e+04 1.015685e+04
12.0 1.004470e+04 1.015044e+04 1.008684e+04 9.981094e+03
13.0 1.016003e+04 1.007964e+04 1.008485e+04 1.016524e+04
14.0 1.005562e+04 1.005527e+04 1.009353e+04 1.009388e+04
15.0 1.011679e+04 1.006318e+04 1.008302e+04 1.013664e+04
16.0 1.011729e+04 1.005100e+04 1.009306e+04 1.015934e+04
17.0 1.015729e+04 1.012653e+04 1.012505e+04 1.015582e+04
18.0 1.018904e+04 1.019210e+04 1.016657e+04 1.016352e+04
0.1 1.009149e+04 1.019531e+04 1.020270e+04 1.009888e+04
1.1 1.006342e+04 1.022638e+04 1.024199e+04 1.007903e+04
2.1 1.017794e+04 1.027400e+04 1.029469e+04 1.019862e+04
3.1 1.013211e+04 1.019012e+04 1.027839e+04 1.022039e+04
4.1 1.032263e+04 1.027789e+04 1.022345e+04 1.026819e+04
5.1 1.021578e+04 1.021732e+04 1.018112e+04 1.017958e+04
6.1 1.023290e+04 1.017754e+04 1.015913e+04 1.021449e+04
7.1 1.005512e+04 1.011853e+04 1.015063e+04 1.008722e+04
8.1 1.024087e+04 1.024616e+04 1.014969e+04 1.014440e+04
9.1 1.033003e+04 1.031628e+04 1.015220e+04 1.016595e+04
10.1 1.024753e+04 1.022965e+04 1.013897e+04 1.015685e+04
11.1 1.004470e+04 1.015044e+04 1.008684e+04 9.981094e+03
12.1 1.016003e+04 1.007964e+04 1.008485e+04 1.016524e+04
13.1 1.005562e+04 1.005527e+04 1.009353e+04 1.009388e+04
14.1 1.011679e+04 1.006318e+04 1.008302e+04 1.013664e+04
15.1 1.011729e+04 1.005100e+04 1.009306e+04 1.015934e+04
16.1 1.015729e+04 1.012653e+04 1.012505e+04 1.015582e+04
17.1 1.018904e+04 1.019210e+04 1.016657e+04 1.016352e+04
0.9 1.015729e+04 1.012653e+04 1.012505e+04 1.015582e+04
1.9 1.018904e+04 1.019210e+04 1.016657e+04 1.016352e+04
2.9 1.011477e+04 1.018734e+04 1.019436e+04 1.012179e+04
3.9 1.012725e+04 1.027984e+04 1.023563e+04 1.008304e+04
4.9 1.026771e+04 1.031244e+04 1.028682e+04 1.024209e+04
5.9 1.017151e+04 1.026534e+04 1.026929e+04 1.017546e+04
6.9 1.035567e+04 1.030161e+04 1.021311e+04 1.026717e+04
7.9 1.016121e+04 1.016991e+04 1.016911e+04 1.016041e+04
8.9 1.007323e+04 1.011110e+04 1.014522e+04 1.010735e+04
9.9 1.017581e+04 1.004777e+04 1.013474e+04 1.026278e+04
10.9 1.016044e+04 1.006686e+04 1.013192e+04 1.022550e+04
0.1 1.018904e+04 1.019210e+04 1.016657e+04 1.016352e+04
1.1 1.011477e+04 1.018734e+04 1.019436e+04 1.012179e+04
2.1 1.012725e+04 1.027984e+04 1.023563e+04 1.008304e+04
3.1 1.026771e+04 1.031244e+04 1.028682e+04 1.024209e+04
4.1 1.017151e+04 1.026534e+04 1.026929e+04 1.017546e+04
5.1 1.035567e+04 1.030161e+04 1.021311e+04 1.026717e+04
6.1 1.016121e+04 1.016991e+04 1.016911e+04 1.016041e+04
7.1 1.007323e+04 1.011110e+04 1.014522e+04 1.010735e+04
8.1 1.017581e+04 1.004777e+04 1.013474e+04 1.026278e+04
9.1 1.016044e+04 1.006686e+04 1.013192e+04 1.022550e+04
0.1 1.011477e+04 1.018734e+04 1.019436e+04 1.012179e+04
1.1 1.012725e+04 1.027984e+04 1.023563e+04 1.008304e+04
2.1 1.026771e+04 1.031244e+04 1.028682e+04 1.024209e+04
3.1 1.017151e+04 1.026534e+04 1.026929e+04 1.017546e+04
4.1 1.035567e+04 1.030161e+04 1.021311e+04 1.026717e+04
5.1 1.016121e+04 1.016991e+04 1.016911e+04 1.016041e+04
6.1 1.007323e+04 1.011110e+04 1.014522e+04 1.010735e+04
7.1 1.017581e+04 1.004777e+04 1.013474e+04 1.026278e+04
8.1 1.016044e+04 1.006686e+04 1.013192e+04 1.022550e+04
