0.9 1.024185e+04 1.016171e+04 1.020140e+04 1.028154e+04
1.9 1.014742e+04 1.013534e+04 1.021431e+04 1.022640e+04
2.9 1.011467e+04 1.014668e+04 1.016766e+04 1.013565e+04
3.9 1.017492e+04 1.010334e+04 1.016441e+04 1.023599e+04
4.9 1.021340e+04 1.014457e+04 1.018481e+04 1.025365e+04
5.9 1.018873e+04 1.014028e+04 1.016241e+04 1.021086e+04
6.9 1.020451e+04 1.015701e+04 1.017169e+04 1.021919e+04
7.9 1.022236e+04 1.017293e+04 1.017407e+04 1.022351e+04
8.9 1.018493e+04 1.016539e+04 1.013333e+04 1.015287e+04
9.9 1.018063e+04 1.015321e+04 1.012325e+04 1.015067e+04
10.9 1.013619e+04 1.022542e+04 1.014332e+04 1.005409e+04
11.9 1.029667e+04 1.028336e+04 1.019350e+04 1.020681e+04
12.9 1.001434e+04 1.018821e+04 1.021679e+04 1.004293e+04
13.9 1.004408e+04 1.014795e+04 1.019892e+04 1.009506e+04
14.9 1.013146e+04 1.010968e+04 1.018775e+04 1.020954e+04
15.9 1.017970e+04 1.012914e+04 1.017832e+04 1.022888e+04
16.9 1.023615e+04 1.014720e+04 1.017886e+04 1.026780e+04
17.9 1.014157e+04 1.018198e+04 1.017993e+04 1.013951e+04
0.8 1.017492e+04 1.010334e+04 1.016441e+04 1.023599e+04
1.8 1.021340e+04 1.014457e+04 1.018481e+04 1.025365e+04
2.8 1.018873e+04 1.014028e+04 1.016241e+04 1.021086e+04
3.8 1.020451e+04 1.015701e+04 1.017169e+04 1.021919e+04
4.8 1.022236e+04 1.017293e+04 1.017407e+04 1.022351e+04
5.8 1.018493e+04 1.016539e+04 1.013333e+04 1.015287e+04
6.8 1.018063e+04 1.015321e+04 1.012325e+04 1.015067e+04
7.8 1.013619e+04 1.022542e+04 1.014332e+04 1.005409e+04
8.8 1.029667e+04 1.028336e+04 1.019350e+04 1.020681e+04
9.8 1.001434e+04 1.018821e+04 1.021679e+04 1.004293e+04
10.8 1.004408e+04 1.014795e+04 1.019892e+04 1.009506e+04
11.8 1.013146e+04 1.010968e+04 1.018775e+04 1.020954e+04
12.8 1.017970e+04 1.012914e+04 1.017832e+04 1.022888e+04
13.8 1.023615e+04 1.014720e+04 1.017886e+04 1.026780e+04
14.8 1.014157e+04 1.018198e+04 1.017993e+04 1.013951e+04
15.8 1.013695e+04 1.019620e+04 1.014746e+04 1.008820e+04
16.8 1.020101e+04 1.014645e+04 1.010945e+04 1.016401e+04
17.8 1.030787e+04 1.022134e+04 1.011489e+04 1.020142e+04
0.2 1.018873e+04 1.014028e+04 1.016241e+04 1.021086e+04
1.2 1.020451e+04 1.015701e+04 1.017169e+04 1.021919e+04
2.2 1.022236e+04 1.017293e+04 1.017407e+04 1.022351e+04
3.2 1.018493e+04 1.016539e+04 1.013333e+04 1.015287e+04
4.2 1.018063e+04 1.015321e+04 1.012325e+04 1.015067e+04
5.2 1.013619e+04 1.022542e+04 1.014332e+04 1.005409e+04
6.2 1.029667e+04 1.028336e+04 1.019350e+04 1.020681e+04
7.2 1.001434e+04 1.018821e+04 1.021679e+04 1.004293e+04
8.2 1.004408e+04 1.014795e+04 1.019892e+04 1.009506e+04
9.2 1.013146e+04 1.010968e+04 1.018775e+04 1.020954e+04
10.2 1.017970e+04 1.012914e+04 1.017832e+04 1.022888e+04
11.2 1.023615e+04 1.014720e+04 1.017886e+04 1.026780e+04
12.2 1.014157e+04 1.018198e+04 1.017993e+04 1.013951e+04
13.2 1.013695e+04 1.019620e+04 1.014746e+04 1.008820e+04
14.2 1.020101e+04 1.014645e+04 1.010945e+04 1.016401e+04
15.2 1.030787e+04 1.022134e+04 1.011489e+04 1.020142e+04
16.2 1.018154e+04 1.014617e+04 1.013985e+04 1.017522e+04
17.2 1.008408e+04 1.011092e+04 1.015896e+04 1.013212e+04
0.9 1.029667e+04 1.028336e+04 1.019350e+04 1.020681e+04
1.9 1.001434e+04 1.018821e+04 1.021679e+04 1.004293e+04
2.9 1.004408e+04 1.014795e+04 1.019892e+04 1.009506e+04
3.9 1.013146e+04 1.010968e+04 1.018775e+04 1.020954e+04
4.9 1.017970e+04 1.012914e+04 1.017832e+04 1.022888e+04
5.9 1.023615e+04 1.014720e+04 1.017886e+04 1.026780e+04
6.9 1.014157e+04 1.018198e+04 1.017993e+04 1.013951e+04
7.9 1.013695e+04 1.019620e+04 1.014746e+04 1.008820e+04
8.9 1.020101e+04 1.014645e+04 1.010945e+04 1.016401e+04
9.9 1.030787e+04 1.022134e+04 1.011489e+04 1.020142e+04
10.9 1.018154e+04 1.014617e+04 1.013985e+04 1.017522e+04
11.9 1.008408e+04 1.011092e+04 1.015896e+04 1.013212e+04
12.9 1.010523e+04 1.010954e+04 1.016926e+04 1.016495e+04
13.9 1.019595e+04 1.014527e+04 1.017362e+04 1.022430e+04
14.9 1.022896e+04 1.015660e+04 1.017441e+04 1.024677e+04
15.9 1.010882e+04 1.018477e+04 1.017339e+04 1.009744e+04
16.9 1.019079e+04 1.020529e+04 1.017189e+04 1.015739e+04
17.9 1.018868e+04 1.019915e+04 1.017061e+04 1.016014e+04
0.7 1.004408e+04 1.014795e+04 1.019892e+04 1.009506e+04
1.7 1.013146e+04 1.010968e+04 1.018775e+04 1.020954e+04
2.7 1.017970e+04 1.012914e+04 1.017832e+04 1.022888e+04
3.7 1.023615e+04 1.014720e+04 1.017886e+04 1.026780e+04
4.7 1.014157e+04 1.018198e+04 1.017993e+04 1.013951e+04
5.7 1.013695e+04 1.019620e+04 1.014746e+04 1.008820e+04
6.7 1.020101e+04 1.014645e+04 1.010945e+04 1.016401e+04
7.7 1.030787e+04 1.022134e+04 1.011489e+04 1.020142e+04
8.7 1.018154e+04 1.014617e+04 1.013985e+04 1.017522e+04
9.7 1.008408e+04 1.011092e+04 1.015896e+04 1.013212e+04
10.7 1.010523e+04 1.010954e+04 1.016926e+04 1.016495e+04
11.7 1.019595e+04 1.014527e+04 1.017362e+04 1.022430e+04
12.7 1.022896e+04 1.015660e+04 1.017441e+04 1.024677e+04
13.7 1.010882e+04 1.018477e+04 1.017339e+04 1.009744e+04
14.7 1.019079e+04 1.020529e+04 1.017189e+04 1.015739e+04
15.7 1.018868e+04 1.019915e+04 1.017061e+04 1.016014e+04
16.7 1.018918e+04 1.023807e+04 1.016974e+04 1.012086e+04
17.7 1.013633e+04 1.018244e+04 1.016922e+04 1.012311e+04
0.7 1.017970e+04 1.012914e+04 1.017832e+04 1.022888e+04
1.7 1.023615e+04 1.014720e+04 1.017886e+04 1.026780e+04
2.7 1.014157e+04 1.018198e+04 1.017993e+04 1.013951e+04
3.7 1.013695e+04 1.019620e+04 1.014746e+04 1.008820e+04
4.7 1.020101e+04 1.014645e+04 1.010945e+04 1.016401e+04
5.7 1.030787e+04 1.022134e+04 1.011489e+04 1.020142e+04
6.7 1.018154e+04 1.014617e+04 1.013985e+04 1.017522e+04
7.7 1.008408e+04 1.011092e+04 1.015896e+04 1.013212e+04
8.7 1.010523e+04 1.010954e+04 1.016926e+04 1.016495e+04
9.7 1.019595e+04 1.014527e+04 1.017362e+04 1.022430e+04
10.7 1.022896e+04 1.015660e+04 1.017441e+04 1.024677e+04
11.7 1.010882e+04 1.018477e+04 1.017339e+04 1.009744e+04
12.7 1.019079e+04 1.020529e+04 1.017189e+04 1.015739e+04
13.7 1.018868e+04 1.019915e+04 1.017061e+04 1.016014e+04
14.7 1.018918e+04 1.023807e+04 1.016974e+04 1.012086e+04
15.7 1.013633e+04 1.018244e+04 1.016922e+04 1.012311e+04
16.7 1.017320e+04 1.015714e+04 1.016891e+04 1.018496e+04
17.7 1.009489e+04 1.013371e+04 1.016870e+04 1.012989e+04
0.3 1.023615e+04 1.014720e+04 1.017886e+04 1.026780e+04
1.3 1.014157e+04 1.018198e+04 1.017993e+04 1.013951e+04
2.3 1.013695e+04 1.019620e+04 1.014746e+04 1.008820e+04
3.3 1.020101e+04 1.014645e+04 1.010945e+04 1.016401e+04
4.3 1.030787e+04 1.022134e+04 1.011489e+04 1.020142e+04
5.3 1.018154e+04 1.014617e+04 1.013985e+04 1.017522e+04
6.3 1.008408e+04 1.011092e+04 1.015896e+04 1.013212e+04
7.3 1.010523e+04 1.010954e+04 1.016926e+04 1.016495e+04
8.3 1.019595e+04 1.014527e+04 1.017362e+04 1.022430e+04
9.3 1.022896e+04 1.015660e+04 1.017441e+04 1.024677e+04
10.3 1.010882e+04 1.018477e+04 1.017339e+04 1.009744e+04
11.3 1.019079e+04 1.020529e+04 1.017189e+04 1.015739e+04
12.3 1.018868e+04 1.019915e+04 1.017061e+04 1.016014e+04
13.3 1.018918e+04 1.023807e+04 1.016974e+04 1.012086e+04
14.3 1.013633e+04 1.018244e+04 1.016922e+04 1.012311e+04
15.3 1.017320e+04 1.015714e+04 1.016891e+04 1.018496e+04
16.3 1.009489e+04 1.013371e+04 1.016870e+04 1.012989e+04
17.3 1.016219e+04 1.019055e+04 1.016854e+04 1.014018e+04
0.1 1.013079e+04 1.012241e+04 1.017213e+04 1.018051e+04
1.1 1.008361e+04 1.008860e+04 1.020661e+04 1.020162e+04
2.1 1.011626e+04 1.008440e+04 1.021202e+04 1.024389e+04
3.1 1.005473e+04 1.011658e+04 1.019287e+04 1.013102e+04
4.1 1.011019e+04 1.011112e+04 1.017526e+04 1.017432e+04
5.1 1.014846e+04 1.010284e+04 1.016809e+04 1.021370e+04
6.1 1.023279e+04 1.010963e+04 1.017891e+04 1.030207e+04
7.1 1.021964e+04 1.017101e+04 1.019021e+04 1.023883e+04
8.1 1.025286e+04 1.020930e+04 1.019044e+04 1.023400e+04
9.1 1.030315e+04 1.025902e+04 1.016877e+04 1.021290e+04
10.1 1.010563e+04 1.025837e+04 1.013566e+04 9.982921e+03
11.1 1.032551e+04 1.022463e+04 1.009800e+04 1.019887e+04
12.1 1.017601e+04 1.020127e+04 1.009782e+04 1.007256e+04
13.1 1.015276e+04 1.023074e+04 1.012679e+04 1.004880e+04
14.1 1.024982e+04 1.027980e+04 1.015238e+04 1.012240e+04
15.1 1.018458e+04 1.017710e+04 1.016688e+04 1.017436e+04
16.1 1.007377e+04 1.013181e+04 1.017327e+04 1.011523e+04
17.1 1.000110e+04 1.006890e+04 1.017482e+04 1.010701e+04
0.1 1.011626e+04 1.008440e+04 1.021202e+04 1.024389e+04
1.1 1.005473e+04 1.011658e+04 1.019287e+04 1.013102e+04
2.1 1.011019e+04 1.011112e+04 1.017526e+04 1.017432e+04
3.1 1.014846e+04 1.010284e+04 1.016809e+04 1.021370e+04
4.1 1.023279e+04 1.010963e+04 1.017891e+04 1.030207e+04
5.1 1.021964e+04 1.017101e+04 1.019021e+04 1.023883e+04
6.1 1.025286e+04 1.020930e+04 1.019044e+04 1.023400e+04
7.1 1.030315e+04 1.025902e+04 1.016877e+04 1.021290e+04
8.1 1.010563e+04 1.025837e+04 1.013566e+04 9.982921e+03
9.1 1.032551e+04 1.022463e+04 1.009800e+04 1.019887e+04
10.1 1.017601e+04 1.020127e+04 1.009782e+04 1.007256e+04
11.1 1.015276e+04 1.023074e+04 1.012679e+04 1.004880e+04
12.1 1.024982e+04 1.027980e+04 1.015238e+04 1.012240e+04
13.1 1.018458e+04 1.017710e+04 1.016688e+04 1.017436e+04
14.1 1.007377e+04 1.013181e+04 1.017327e+04 1.011523e+04
15.1 1.000110e+04 1.006890e+04 1.017482e+04 1.010701e+04
16.1 1.003551e+04 1.008840e+04 1.018253e+04 1.012964e+04
17.1 1.004963e+04 1.007518e+04 1.021786e+04 1.019230e+04
0.1 1.011019e+04 1.011112e+04 1.017526e+04 1.017432e+04
1.1 1.014846e+04 1.010284e+04 1.016809e+04 1.021370e+04
2.1 1.023279e+04 1.010963e+04 1.017891e+04 1.030207e+04
3.1 1.021964e+04 1.017101e+04 1.019021e+04 1.023883e+04
4.1 1.025286e+04 1.020930e+04 1.019044e+04 1.023400e+04
5.1 1.030315e+04 1.025902e+04 1.016877e+04 1.021290e+04
6.1 1.010563e+04 1.025837e+04 1.013566e+04 9.982921e+03
7.1 1.032551e+04 1.022463e+04 1.009800e+04 1.019887e+04
8.1 1.017601e+04 1.020127e+04 1.009782e+04 1.007256e+04
9.1 1.015276e+04 1.023074e+04 1.012679e+04 1.004880e+04
10.1 1.024982e+04 1.027980e+04 1.015238e+04 1.012240e+04
11.1 1.018458e+04 1.017710e+04 1.016688e+04 1.017436e+04
12.1 1.007377e+04 1.013181e+04 1.017327e+04 1.011523e+04
13.1 1.000110e+04 1.006890e+04 1.017482e+04 1.010701e+04
14.1 1.003551e+04 1.008840e+04 1.018253e+04 1.012964e+04
15.1 1.004963e+04 1.007518e+04 1.021786e+04 1.019230e+04
16.1 1.015868e+04 1.014719e+04 1.023653e+04 1.024802e+04
17.1 1.021048e+04 1.016258e+04 1.022008e+04 1.026798e+04
0.5 1.023279e+04 1.010963e+04 1.017891e+04 1.030207e+04
1.5 1.021964e+04 1.017101e+04 1.019021e+04 1.023883e+04
2.5 1.025286e+04 1.020930e+04 1.019044e+04 1.023400e+04
3.5 1.030315e+04 1.025902e+04 1.016877e+04 1.021290e+04
4.5 1.010563e+04 1.025837e+04 1.013566e+04 9.982921e+03
5.5 1.032551e+04 1.022463e+04 1.009800e+04 1.019887e+04
6.5 1.017601e+04 1.020127e+04 1.009782e+04 1.007256e+04
7.5 1.015276e+04 1.023074e+04 1.012679e+04 1.004880e+04
8.5 1.024982e+04 1.027980e+04 1.015238e+04 1.012240e+04
9.5 1.018458e+04 1.017710e+04 1.016688e+04 1.017436e+04
10.5 1.007377e+04 1.013181e+04 1.017327e+04 1.011523e+04
11.5 1.000110e+04 1.006890e+04 1.017482e+04 1.010701e+04
12.5 1.003551e+04 1.008840e+04 1.018253e+04 1.012964e+04
13.5 1.004963e+04 1.007518e+04 1.021786e+04 1.019230e+04
14.5 1.015868e+04 1.014719e+04 1.023653e+04 1.024802e+04
15.5 1.021048e+04 1.016258e+04 1.022008e+04 1.026798e+04
16.5 1.020575e+04 1.018721e+04 1.019314e+04 1.021168e+04
17.5 1.017372e+04 1.018372e+04 1.013620e+04 1.012620e+04
0.5 1.021964e+04 1.017101e+04 1.019021e+04 1.023883e+04
1.5 1.025286e+04 1.020930e+04 1.019044e+04 1.023400e+04
2.5 1.030315e+04 1.025902e+04 1.016877e+04 1.021290e+04
3.5 1.010563e+04 1.025837e+04 1.013566e+04 9.982921e+03
4.5 1.032551e+04 1.022463e+04 1.009800e+04 1.019887e+04
5.5 1.017601e+04 1.020127e+04 1.009782e+04 1.007256e+04
6.5 1.015276e+04 1.023074e+04 1.012679e+04 1.004880e+04
7.5 1.024982e+04 1.027980e+04 1.015238e+04 1.012240e+04
8.5 1.018458e+04 1.017710e+04 1.016688e+04 1.017436e+04
9.5 1.007377e+04 1.013181e+04 1.017327e+04 1.011523e+04
10.5 1.000110e+04 1.006890e+04 1.017482e+04 1.010701e+04
11.5 1.003551e+04 1.008840e+04 1.018253e+04 1.012964e+04
12.5 1.004963e+04 1.007518e+04 1.021786e+04 1.019230e+04
13.5 1.015868e+04 1.014719e+04 1.023653e+04 1.024802e+04
14.5 1.021048e+04 1.016258e+04 1.022008e+04 1.026798e+04
15.5 1.020575e+04 1.018721e+04 1.019314e+04 1.021168e+04
16.5 1.017372e+04 1.018372e+04 1.013620e+04 1.012620e+04
17.5 1.014835e+04 1.017616e+04 1.009527e+04 1.006746e+04
1.0 1.030315e+04 1.025902e+04 1.016877e+04 1.021290e+04
2.0 1.010563e+04 1.025837e+04 1.013566e+04 9.982921e+03
3.0 1.032551e+04 1.022463e+04 1.009800e+04 1.019887e+04
4.0 1.017601e+04 1.020127e+04 1.009782e+04 1.007256e+04
5.0 1.015276e+04 1.023074e+04 1.012679e+04 1.004880e+04
6.0 1.024982e+04 1.027980e+04 1.015238e+04 1.012240e+04
7.0 1.018458e+04 1.017710e+04 1.016688e+04 1.017436e+04
8.0 1.007377e+04 1.013181e+04 1.017327e+04 1.011523e+04
9.0 1.000110e+04 1.006890e+04 1.017482e+04 1.010701e+04
10.0 1.003551e+04 1.008840e+04 1.018253e+04 1.012964e+04
11.0 1.004963e+04 1.007518e+04 1.021786e+04 1.019230e+04
12.0 1.015868e+04 1.014719e+04 1.023653e+04 1.024802e+04
13.0 1.021048e+04 1.016258e+04 1.022008e+04 1.026798e+04
14.0 1.020575e+04 1.018721e+04 1.019314e+04 1.021168e+04
15.0 1.017372e+04 1.018372e+04 1.013620e+04 1.012620e+04
16.0 1.014835e+04 1.017616e+04 1.009527e+04 1.006746e+04
17.0 1.028875e+04 1.025531e+04 1.010748e+04 1.014093e+04
18.0 1.030991e+04 1.020647e+04 1.013632e+04 1.023976e+04
0.1 1.003551e+04 1.008840e+04 1.018253e+04 1.012964e+04
1.1 1.004963e+04 1.007518e+04 1.021786e+04 1.019230e+04
2.1 1.015868e+04 1.014719e+04 1.023653e+04 1.024802e+04
3.1 1.021048e+04 1.016258e+04 1.022008e+04 1.026798e+04
4.1 1.020575e+04 1.018721e+04 1.019314e+04 1.021168e+04
5.1 1.017372e+04 1.018372e+04 1.013620e+04 1.012620e+04
6.1 1.014835e+04 1.017616e+04 1.009527e+04 1.006746e+04
7.1 1.028875e+04 1.025531e+04 1.010748e+04 1.014093e+04
8.1 1.030991e+04 1.020647e+04 1.013632e+04 1.023976e+04
9.1 1.010575e+04 1.016593e+04 1.015734e+04 1.009716e+04
10.1 9.917235e+03 1.008193e+04 1.016873e+04 1.000404e+04
11.1 1.005696e+04 1.006068e+04 1.017352e+04 1.016980e+04
12.1 1.009023e+04 1.004336e+04 1.017423e+04 1.022109e+04
13.1 1.009448e+04 1.012257e+04 1.017296e+04 1.014488e+04
14.1 1.008869e+04 1.013835e+04 1.017124e+04 1.012158e+04
15.1 1.010769e+04 1.016296e+04 1.016981e+04 1.011453e+04
16.1 1.013796e+04 1.015675e+04 1.016883e+04 1.015004e+04
17.1 1.027469e+04 1.022335e+04 1.016822e+04 1.021956e+04
0.6 1.015868e+04 1.014719e+04 1.023653e+04 1.024802e+04
1.6 1.021048e+04 1.016258e+04 1.022008e+04 1.026798e+04
2.6 1.020575e+04 1.018721e+04 1.019314e+04 1.021168e+04
3.6 1.017372e+04 1.018372e+04 1.013620e+04 1.012620e+04
4.6 1.014835e+04 1.017616e+04 1.009527e+04 1.006746e+04
5.6 1.028875e+04 1.025531e+04 1.010748e+04 1.014093e+04
6.6 1.030991e+04 1.020647e+04 1.013632e+04 1.023976e+04
7.6 1.010575e+04 1.016593e+04 1.015734e+04 1.009716e+04
8.6 9.917235e+03 1.008193e+04 1.016873e+04 1.000404e+04
9.6 1.005696e+04 1.006068e+04 1.017352e+04 1.016980e+04
10.6 1.009023e+04 1.004336e+04 1.017423e+04 1.022109e+04
11.6 1.009448e+04 1.012257e+04 1.017296e+04 1.014488e+04
12.6 1.008869e+04 1.013835e+04 1.017124e+04 1.012158e+04
13.6 1.010769e+04 1.016296e+04 1.016981e+04 1.011453e+04
14.6 1.013796e+04 1.015675e+04 1.016883e+04 1.015004e+04
15.6 1.027469e+04 1.022335e+04 1.016822e+04 1.021956e+04
16.6 1.014711e+04 1.019498e+04 1.016783e+04 1.011995e+04
17.6 1.025975e+04 1.022775e+04 1.016755e+04 1.019955e+04
0.4 1.021048e+04 1.016258e+04 1.022008e+04 1.026798e+04
1.4 1.020575e+04 1.018721e+04 1.019314e+04 1.021168e+04
2.4 1.017372e+04 1.018372e+04 1.013620e+04 1.012620e+04
3.4 1.014835e+04 1.017616e+04 1.009527e+04 1.006746e+04
4.4 1.028875e+04 1.025531e+04 1.010748e+04 1.014093e+04
5.4 1.030991e+04 1.020647e+04 1.013632e+04 1.023976e+04
6.4 1.010575e+04 1.016593e+04 1.015734e+04 1.009716e+04
7.4 9.917235e+03 1.008193e+04 1.016873e+04 1.000404e+04
8.4 1.005696e+04 1.006068e+04 1.017352e+04 1.016980e+04
9.4 1.009023e+04 1.004336e+04 1.017423e+04 1.022109e+04
10.4 1.009448e+04 1.012257e+04 1.017296e+04 1.014488e+04
11.4 1.008869e+04 1.013835e+04 1.017124e+04 1.012158e+04
12.4 1.010769e+04 1.016296e+04 1.016981e+04 1.011453e+04
13.4 1.013796e+04 1.015675e+04 1.016883e+04 1.015004e+04
14.4 1.027469e+04 1.022335e+04 1.016822e+04 1.021956e+04
15.4 1.014711e+04 1.019498e+04 1.016783e+04 1.011995e+04
16.4 1.025975e+04 1.022775e+04 1.016755e+04 1.019955e+04
17.4 1.017579e+04 1.022231e+04 1.016732e+04 1.012079e+04
1.0 1.022533e+04 1.009429e+04 1.020468e+04 1.033572e+04
2.0 1.016848e+04 1.014653e+04 1.022756e+04 1.024951e+04
3.0 1.008114e+04 1.019244e+04 1.020583e+04 1.009453e+04
4.0 1.018826e+04 1.018250e+04 1.015584e+04 1.016160e+04
5.0 1.020372e+04 1.019079e+04 1.011048e+04 1.012341e+04
6.0 1.000533e+04 1.011406e+04 1.011257e+04 1.000384e+04
7.0 1.017113e+04 1.021021e+04 1.013491e+04 1.009583e+04
8.0 1.029990e+04 1.024686e+04 1.015310e+04 1.020613e+04
9.0 1.029798e+04 1.015116e+04 1.016612e+04 1.031293e+04
10.0 1.010125e+04 1.010253e+04 1.020233e+04 1.020105e+04
11.0 1.014468e+04 1.011313e+04 1.021794e+04 1.024949e+04
12.0 1.001475e+04 1.008910e+04 1.017365e+04 1.009931e+04
13.0 1.009254e+04 1.012667e+04 1.016922e+04 1.013509e+04
14.0 1.008053e+04 1.011400e+04 1.019417e+04 1.016071e+04
15.0 1.011638e+04 1.014971e+04 1.019505e+04 1.016172e+04
16.0 1.015397e+04 1.014437e+04 1.017962e+04 1.018922e+04
17.0 1.014041e+04 1.017176e+04 1.017019e+04 1.013883e+04
18.0 1.034969e+04 1.023147e+04 1.017998e+04 1.029820e+04
0.4 1.016848e+04 1.014653e+04 1.022756e+04 1.024951e+04
1.4 1.008114e+04 1.019244e+04 1.020583e+04 1.009453e+04
2.4 1.018826e+04 1.018250e+04 1.015584e+04 1.016160e+04
3.4 1.020372e+04 1.019079e+04 1.011048e+04 1.012341e+04
4.4 1.000533e+04 1.011406e+04 1.011257e+04 1.000384e+04
5.4 1.017113e+04 1.021021e+04 1.013491e+04 1.009583e+04
6.4 1.029990e+04 1.024686e+04 1.015310e+04 1.020613e+04
7.4 1.029798e+04 1.015116e+04 1.016612e+04 1.031293e+04
8.4 1.010125e+04 1.010253e+04 1.020233e+04 1.020105e+04
9.4 1.014468e+04 1.011313e+04 1.021794e+04 1.024949e+04
10.4 1.001475e+04 1.008910e+04 1.017365e+04 1.009931e+04
11.4 1.009254e+04 1.012667e+04 1.016922e+04 1.013509e+04
12.4 1.008053e+04 1.011400e+04 1.019417e+04 1.016071e+04
13.4 1.011638e+04 1.014971e+04 1.019505e+04 1.016172e+04
14.4 1.015397e+04 1.014437e+04 1.017962e+04 1.018922e+04
15.4 1.014041e+04 1.017176e+04 1.017019e+04 1.013883e+04
16.4 1.034969e+04 1.023147e+04 1.017998e+04 1.029820e+04
17.4 1.047830e+04 1.026692e+04 1.016243e+04 1.037381e+04
0.9 1.010125e+04 1.010253e+04 1.020233e+04 1.020105e+04
1.9 1.014468e+04 1.011313e+04 1.021794e+04 1.024949e+04
2.9 1.001475e+04 1.008910e+04 1.017365e+04 1.009931e+04
3.9 1.009254e+04 1.012667e+04 1.016922e+04 1.013509e+04
4.9 1.008053e+04 1.011400e+04 1.019417e+04 1.016071e+04
5.9 1.011638e+04 1.014971e+04 1.019505e+04 1.016172e+04
6.9 1.015397e+04 1.014437e+04 1.017962e+04 1.018922e+04
7.9 1.014041e+04 1.017176e+04 1.017019e+04 1.013883e+04
8.9 1.034969e+04 1.023147e+04 1.017998e+04 1.029820e+04
9.9 1.047830e+04 1.026692e+04 1.016243e+04 1.037381e+04
10.9 1.032381e+04 1.022495e+04 1.011932e+04 1.021818e+04
11.9 1.023768e+04 1.021342e+04 1.010358e+04 1.012784e+04
12.9 1.025405e+04 1.028787e+04 1.012557e+04 1.009176e+04
13.9 1.012390e+04 1.015863e+04 1.015011e+04 1.011538e+04
14.9 1.007595e+04 1.010580e+04 1.016497e+04 1.013512e+04
15.9 9.978894e+03 1.002696e+04 1.017206e+04 1.012399e+04
16.9 1.004497e+04 1.001883e+04 1.017432e+04 1.020046e+04
17.9 1.007675e+04 1.005764e+04 1.017387e+04 1.019298e+04
0.9 1.009254e+04 1.012667e+04 1.016922e+04 1.013509e+04
1.9 1.008053e+04 1.011400e+04 1.019417e+04 1.016071e+04
2.9 1.011638e+04 1.014971e+04 1.019505e+04 1.016172e+04
3.9 1.015397e+04 1.014437e+04 1.017962e+04 1.018922e+04
4.9 1.014041e+04 1.017176e+04 1.017019e+04 1.013883e+04
5.9 1.034969e+04 1.023147e+04 1.017998e+04 1.029820e+04
6.9 1.047830e+04 1.026692e+04 1.016243e+04 1.037381e+04
7.9 1.032381e+04 1.022495e+04 1.011932e+04 1.021818e+04
8.9 1.023768e+04 1.021342e+04 1.010358e+04 1.012784e+04
9.9 1.025405e+04 1.028787e+04 1.012557e+04 1.009176e+04
10.9 1.012390e+04 1.015863e+04 1.015011e+04 1.011538e+04
11.9 1.007595e+04 1.010580e+04 1.016497e+04 1.013512e+04
12.9 9.978894e+03 1.002696e+04 1.017206e+04 1.012399e+04
13.9 1.004497e+04 1.001883e+04 1.017432e+04 1.020046e+04
14.9 1.007675e+04 1.005764e+04 1.017387e+04 1.019298e+04
15.9 1.010020e+04 1.007614e+04 1.017236e+04 1.019642e+04
16.9 1.001820e+04 1.015496e+04 1.017083e+04 1.003406e+04
17.9 1.014422e+04 1.014954e+04 1.016971e+04 1.016439e+04
0.2 1.008053e+04 1.011400e+04 1.019417e+04 1.016071e+04
1.2 1.011638e+04 1.014971e+04 1.019505e+04 1.016172e+04
2.2 1.015397e+04 1.014437e+04 1.017962e+04 1.018922e+04
3.2 1.014041e+04 1.017176e+04 1.017019e+04 1.013883e+04
4.2 1.034969e+04 1.023147e+04 1.017998e+04 1.029820e+04
5.2 1.047830e+04 1.026692e+04 1.016243e+04 1.037381e+04
6.2 1.032381e+04 1.022495e+04 1.011932e+04 1.021818e+04
7.2 1.023768e+04 1.021342e+04 1.010358e+04 1.012784e+04
8.2 1.025405e+04 1.028787e+04 1.012557e+04 1.009176e+04
9.2 1.012390e+04 1.015863e+04 1.015011e+04 1.011538e+04
10.2 1.007595e+04 1.010580e+04 1.016497e+04 1.013512e+04
11.2 9.978894e+03 1.002696e+04 1.017206e+04 1.012399e+04
12.2 1.004497e+04 1.001883e+04 1.017432e+04 1.020046e+04
13.2 1.007675e+04 1.005764e+04 1.017387e+04 1.019298e+04
14.2 1.010020e+04 1.007614e+04 1.017236e+04 1.019642e+04
15.2 1.001820e+04 1.015496e+04 1.017083e+04 1.003406e+04
16.2 1.014422e+04 1.014954e+04 1.016971e+04 1.016439e+04
17.2 1.016937e+04 1.016812e+04 1.016899e+04 1.017024e+04
0.4 1.015397e+04 1.014437e+04 1.017962e+04 1.018922e+04
1.4 1.014041e+04 1.017176e+04 1.017019e+04 1.013883e+04
2.4 1.034969e+04 1.023147e+04 1.017998e+04 1.029820e+04
3.4 1.047830e+04 1.026692e+04 1.016243e+04 1.037381e+04
4.4 1.032381e+04 1.022495e+04 1.011932e+04 1.021818e+04
5.4 1.023768e+04 1.021342e+04 1.010358e+04 1.012784e+04
6.4 1.025405e+04 1.028787e+04 1.012557e+04 1.009176e+04
7.4 1.012390e+04 1.015863e+04 1.015011e+04 1.011538e+04
8.4 1.007595e+04 1.010580e+04 1.016497e+04 1.013512e+04
9.4 9.978894e+03 1.002696e+04 1.017206e+04 1.012399e+04
10.4 1.004497e+04 1.001883e+04 1.017432e+04 1.020046e+04
11.4 1.007675e+04 1.005764e+04 1.017387e+04 1.019298e+04
12.4 1.010020e+04 1.007614e+04 1.017236e+04 1.019642e+04
13.4 1.001820e+04 1.015496e+04 1.017083e+04 1.003406e+04
14.4 1.014422e+04 1.014954e+04 1.016971e+04 1.016439e+04
15.4 1.016937e+04 1.016812e+04 1.016899e+04 1.017024e+04
16.4 1.016506e+04 1.017164e+04 1.016853e+04 1.016195e+04
17.4 1.016013e+04 1.020082e+04 1.016821e+04 1.012753e+04
0.8 1.034969e+04 1.023147e+04 1.017998e+04 1.029820e+04
1.8 1.047830e+04 1.026692e+04 1.016243e+04 1.037381e+04
2.8 1.032381e+04 1.022495e+04 1.011932e+04 1.021818e+04
3.8 1.023768e+04 1.021342e+04 1.010358e+04 1.012784e+04
4.8 1.025405e+04 1.028787e+04 1.012557e+04 1.009176e+04
5.8 1.012390e+04 1.015863e+04 1.015011e+04 1.011538e+04
6.8 1.007595e+04 1.010580e+04 1.016497e+04 1.013512e+04
7.8 9.978894e+03 1.002696e+04 1.017206e+04 1.012399e+04
8.8 1.004497e+04 1.001883e+04 1.017432e+04 1.020046e+04
9.8 1.007675e+04 1.005764e+04 1.017387e+04 1.019298e+04
10.8 1.010020e+04 1.007614e+04 1.017236e+04 1.019642e+04
11.8 1.001820e+04 1.015496e+04 1.017083e+04 1.003406e+04
12.8 1.014422e+04 1.014954e+04 1.016971e+04 1.016439e+04
13.8 1.016937e+04 1.016812e+04 1.016899e+04 1.017024e+04
14.8 1.016506e+04 1.017164e+04 1.016853e+04 1.016195e+04
15.8 1.016013e+04 1.020082e+04 1.016821e+04 1.012753e+04
16.8 1.018235e+04 1.016088e+04 1.016794e+04 1.018941e+04
17.8 1.014728e+04 1.019522e+04 1.016770e+04 1.011976e+04
0.2 1.007315e+04 1.007105e+04 1.017537e+04 1.017747e+04
1.2 1.016482e+04 1.009075e+04 1.021192e+04 1.028600e+04
2.2 1.008766e+04 1.012482e+04 1.021672e+04 1.017956e+04
3.2 1.009459e+04 1.012490e+04 1.019548e+04 1.016517e+04
4.2 1.008163e+04 1.016115e+04 1.018098e+04 1.010145e+04
5.2 1.007381e+04 1.013564e+04 1.016856e+04 1.010673e+04
6.2 1.014100e+04 1.019062e+04 1.014229e+04 1.009266e+04
7.2 1.019653e+04 1.023326e+04 1.012161e+04 1.008488e+04
8.2 1.034335e+04 1.023827e+04 1.016155e+04 1.026664e+04
9.2 1.015443e+04 1.020837e+04 1.018825e+04 1.013431e+04
10.2 1.009458e+04 1.017766e+04 1.018356e+04 1.010048e+04
11.2 1.016916e+04 1.015278e+04 1.015528e+04 1.017166e+04
12.2 1.023672e+04 1.016969e+04 1.012081e+04 1.018785e+04
13.2 1.016249e+04 1.018658e+04 1.012557e+04 1.010148e+04
14.2 1.002182e+04 1.010038e+04 1.014678e+04 1.006821e+04
15.2 1.008682e+04 1.012000e+04 1.019014e+04 1.015695e+04
16.2 1.007321e+04 1.013542e+04 1.021728e+04 1.015507e+04
17.2 1.013475e+04 1.014899e+04 1.017827e+04 1.016404e+04
0.2 1.008766e+04 1.012482e+04 1.021672e+04 1.017956e+04
1.2 1.009459e+04 1.012490e+04 1.019548e+04 1.016517e+04
2.2 1.008163e+04 1.016115e+04 1.018098e+04 1.010145e+04
3.2 1.007381e+04 1.013564e+04 1.016856e+04 1.010673e+04
4.2 1.014100e+04 1.019062e+04 1.014229e+04 1.009266e+04
5.2 1.019653e+04 1.023326e+04 1.012161e+04 1.008488e+04
6.2 1.034335e+04 1.023827e+04 1.016155e+04 1.026664e+04
7.2 1.015443e+04 1.020837e+04 1.018825e+04 1.013431e+04
8.2 1.009458e+04 1.017766e+04 1.018356e+04 1.010048e+04
9.2 1.016916e+04 1.015278e+04 1.015528e+04 1.017166e+04
10.2 1.023672e+04 1.016969e+04 1.012081e+04 1.018785e+04
11.2 1.016249e+04 1.018658e+04 1.012557e+04 1.010148e+04
12.2 1.002182e+04 1.010038e+04 1.014678e+04 1.006821e+04
13.2 1.008682e+04 1.012000e+04 1.019014e+04 1.015695e+04
14.2 1.007321e+04 1.013542e+04 1.021728e+04 1.015507e+04
15.2 1.013475e+04 1.014899e+04 1.017827e+04 1.016404e+04
16.2 1.007766e+04 1.014030e+04 1.013886e+04 1.007622e+04
17.2 1.018720e+04 1.017440e+04 1.013976e+04 1.015256e+04
0.4 1.008163e+04 1.016115e+04 1.018098e+04 1.010145e+04
1.4 1.007381e+04 1.013564e+04 1.016856e+04 1.010673e+04
2.4 1.014100e+04 1.019062e+04 1.014229e+04 1.009266e+04
3.4 1.019653e+04 1.023326e+04 1.012161e+04 1.008488e+04
4.4 1.034335e+04 1.023827e+04 1.016155e+04 1.026664e+04
5.4 1.015443e+04 1.020837e+04 1.018825e+04 1.013431e+04
6.4 1.009458e+04 1.017766e+04 1.018356e+04 1.010048e+04
7.4 1.016916e+04 1.015278e+04 1.015528e+04 1.017166e+04
8.4 1.023672e+04 1.016969e+04 1.012081e+04 1.018785e+04
9.4 1.016249e+04 1.018658e+04 1.012557e+04 1.010148e+04
10.4 1.002182e+04 1.010038e+04 1.014678e+04 1.006821e+04
11.4 1.008682e+04 1.012000e+04 1.019014e+04 1.015695e+04
12.4 1.007321e+04 1.013542e+04 1.021728e+04 1.015507e+04
13.4 1.013475e+04 1.014899e+04 1.017827e+04 1.016404e+04
14.4 1.007766e+04 1.014030e+04 1.013886e+04 1.007622e+04
15.4 1.018720e+04 1.017440e+04 1.013976e+04 1.015256e+04
16.4 9.985714e+03 1.010603e+04 1.015235e+04 1.003203e+04
17.4 1.022236e+04 1.012810e+04 1.016169e+04 1.025595e+04
0.3 1.019653e+04 1.023326e+04 1.012161e+04 1.008488e+04
1.3 1.034335e+04 1.023827e+04 1.016155e+04 1.026664e+04
2.3 1.015443e+04 1.020837e+04 1.018825e+04 1.013431e+04
3.3 1.009458e+04 1.017766e+04 1.018356e+04 1.010048e+04
4.3 1.016916e+04 1.015278e+04 1.015528e+04 1.017166e+04
5.3 1.023672e+04 1.016969e+04 1.012081e+04 1.018785e+04
6.3 1.016249e+04 1.018658e+04 1.012557e+04 1.010148e+04
7.3 1.002182e+04 1.010038e+04 1.014678e+04 1.006821e+04
8.3 1.008682e+04 1.012000e+04 1.019014e+04 1.015695e+04
9.3 1.007321e+04 1.013542e+04 1.021728e+04 1.015507e+04
10.3 1.013475e+04 1.014899e+04 1.017827e+04 1.016404e+04
11.3 1.007766e+04 1.014030e+04 1.013886e+04 1.007622e+04
12.3 1.018720e+04 1.017440e+04 1.013976e+04 1.015256e+04
13.3 9.985714e+03 1.010603e+04 1.015235e+04 1.003203e+04
14.3 1.022236e+04 1.012810e+04 1.016169e+04 1.025595e+04
15.3 1.016018e+04 1.012560e+04 1.016717e+04 1.020175e+04
16.3 1.026631e+04 1.018739e+04 1.016990e+04 1.024883e+04
17.3 1.030026e+04 1.020705e+04 1.017062e+04 1.026383e+04
0.5 1.015443e+04 1.020837e+04 1.018825e+04 1.013431e+04
1.5 1.009458e+04 1.017766e+04 1.018356e+04 1.010048e+04
2.5 1.016916e+04 1.015278e+04 1.015528e+04 1.017166e+04
3.5 1.023672e+04 1.016969e+04 1.012081e+04 1.018785e+04
4.5 1.016249e+04 1.018658e+04 1.012557e+04 1.010148e+04
5.5 1.002182e+04 1.010038e+04 1.014678e+04 1.006821e+04
6.5 1.008682e+04 1.012000e+04 1.019014e+04 1.015695e+04
7.5 1.007321e+04 1.013542e+04 1.021728e+04 1.015507e+04
8.5 1.013475e+04 1.014899e+04 1.017827e+04 1.016404e+04
9.5 1.007766e+04 1.014030e+04 1.013886e+04 1.007622e+04
10.5 1.018720e+04 1.017440e+04 1.013976e+04 1.015256e+04
11.5 9.985714e+03 1.010603e+04 1.015235e+04 1.003203e+04
12.5 1.022236e+04 1.012810e+04 1.016169e+04 1.025595e+04
13.5 1.016018e+04 1.012560e+04 1.016717e+04 1.020175e+04
14.5 1.026631e+04 1.018739e+04 1.016990e+04 1.024883e+04
15.5 1.030026e+04 1.020705e+04 1.017062e+04 1.026383e+04
16.5 1.022424e+04 1.022325e+04 1.017014e+04 1.017114e+04
17.5 1.018886e+04 1.017991e+04 1.016926e+04 1.017821e+04
0.7 1.008682e+04 1.012000e+04 1.019014e+04 1.015695e+04
1.7 1.007321e+04 1.013542e+04 1.021728e+04 1.015507e+04
2.7 1.013475e+04 1.014899e+04 1.017827e+04 1.016404e+04
3.7 1.007766e+04 1.014030e+04 1.013886e+04 1.007622e+04
4.7 1.018720e+04 1.017440e+04 1.013976e+04 1.015256e+04
5.7 9.985714e+03 1.010603e+04 1.015235e+04 1.003203e+04
6.7 1.022236e+04 1.012810e+04 1.016169e+04 1.025595e+04
7.7 1.016018e+04 1.012560e+04 1.016717e+04 1.020175e+04
8.7 1.026631e+04 1.018739e+04 1.016990e+04 1.024883e+04
9.7 1.030026e+04 1.020705e+04 1.017062e+04 1.026383e+04
10.7 1.022424e+04 1.022325e+04 1.017014e+04 1.017114e+04
11.7 1.018886e+04 1.017991e+04 1.016926e+04 1.017821e+04
12.7 1.024911e+04 1.021220e+04 1.016844e+04 1.020535e+04
13.7 1.028083e+04 1.021384e+04 1.016783e+04 1.023482e+04
14.7 1.021025e+04 1.017470e+04 1.016739e+04 1.020294e+04
15.7 1.014707e+04 1.018165e+04 1.016704e+04 1.013246e+04
16.7 1.015505e+04 1.018430e+04 1.016674e+04 1.013750e+04
17.7 1.013643e+04 1.017280e+04 1.016644e+04 1.013007e+04
0.1 1.009025e+04 1.008843e+04 1.016976e+04 1.017159e+04
1.1 1.007031e+04 1.009277e+04 1.020398e+04 1.018152e+04
2.1 1.014665e+04 1.006465e+04 1.020747e+04 1.028948e+04
3.1 1.009082e+04 1.010746e+04 1.018597e+04 1.016933e+04
4.1 1.018033e+04 1.011713e+04 1.017378e+04 1.023698e+04
5.1 9.899871e+03 1.009088e+04 1.015277e+04 9.961763e+03
6.1 1.007848e+04 1.012256e+04 1.016814e+04 1.012407e+04
7.1 1.014807e+04 1.011905e+04 1.019115e+04 1.022017e+04
8.1 1.015054e+04 1.013364e+04 1.017282e+04 1.018971e+04
9.1 1.016787e+04 1.013315e+04 1.015941e+04 1.019413e+04
10.1 1.023998e+04 1.015667e+04 1.016656e+04 1.024988e+04
11.1 1.026120e+04 1.020362e+04 1.016138e+04 1.021895e+04
12.1 1.023335e+04 1.018822e+04 1.014682e+04 1.019195e+04
13.1 1.019351e+04 1.018801e+04 1.015529e+04 1.016079e+04
14.1 1.029306e+04 1.023634e+04 1.017900e+04 1.023571e+04
15.1 1.029805e+04 1.027408e+04 1.017991e+04 1.020387e+04
16.1 1.047097e+04 1.031772e+04 1.017320e+04 1.032644e+04
17.1 1.027356e+04 1.029615e+04 1.014156e+04 1.011896e+04
0.9 1.009082e+04 1.010746e+04 1.018597e+04 1.016933e+04
1.9 1.018033e+04 1.011713e+04 1.017378e+04 1.023698e+04
2.9 9.899871e+03 1.009088e+04 1.015277e+04 9.961763e+03
3.9 1.007848e+04 1.012256e+04 1.016814e+04 1.012407e+04
4.9 1.014807e+04 1.011905e+04 1.019115e+04 1.022017e+04
5.9 1.015054e+04 1.013364e+04 1.017282e+04 1.018971e+04
6.9 1.016787e+04 1.013315e+04 1.015941e+04 1.019413e+04
7.9 1.023998e+04 1.015667e+04 1.016656e+04 1.024988e+04
8.9 1.026120e+04 1.020362e+04 1.016138e+04 1.021895e+04
9.9 1.023335e+04 1.018822e+04 1.014682e+04 1.019195e+04
10.9 1.019351e+04 1.018801e+04 1.015529e+04 1.016079e+04
11.9 1.029306e+04 1.023634e+04 1.017900e+04 1.023571e+04
12.9 1.029805e+04 1.027408e+04 1.017991e+04 1.020387e+04
13.9 1.047097e+04 1.031772e+04 1.017320e+04 1.032644e+04
14.9 1.027356e+04 1.029615e+04 1.014156e+04 1.011896e+04
15.9 1.025783e+04 1.024439e+04 1.010501e+04 1.011846e+04
16.9 1.030216e+04 1.029088e+04 1.011231e+04 1.012359e+04
17.9 1.032918e+04 1.031012e+04 1.013788e+04 1.015694e+04
0.4 9.899871e+03 1.009088e+04 1.015277e+04 9.961763e+03
1.4 1.007848e+04 1.012256e+04 1.016814e+04 1.012407e+04
2.4 1.014807e+04 1.011905e+04 1.019115e+04 1.022017e+04
3.4 1.015054e+04 1.013364e+04 1.017282e+04 1.018971e+04
4.4 1.016787e+04 1.013315e+04 1.015941e+04 1.019413e+04
5.4 1.023998e+04 1.015667e+04 1.016656e+04 1.024988e+04
6.4 1.026120e+04 1.020362e+04 1.016138e+04 1.021895e+04
7.4 1.023335e+04 1.018822e+04 1.014682e+04 1.019195e+04
8.4 1.019351e+04 1.018801e+04 1.015529e+04 1.016079e+04
9.4 1.029306e+04 1.023634e+04 1.017900e+04 1.023571e+04
10.4 1.029805e+04 1.027408e+04 1.017991e+04 1.020387e+04
11.4 1.047097e+04 1.031772e+04 1.017320e+04 1.032644e+04
12.4 1.027356e+04 1.029615e+04 1.014156e+04 1.011896e+04
13.4 1.025783e+04 1.024439e+04 1.010501e+04 1.011846e+04
14.4 1.030216e+04 1.029088e+04 1.011231e+04 1.012359e+04
15.4 1.032918e+04 1.031012e+04 1.013788e+04 1.015694e+04
16.4 1.017449e+04 1.019486e+04 1.016009e+04 1.013972e+04
17.4 1.006657e+04 1.011895e+04 1.020394e+04 1.015157e+04
0.9 1.014807e+04 1.011905e+04 1.019115e+04 1.022017e+04
1.9 1.015054e+04 1.013364e+04 1.017282e+04 1.018971e+04
2.9 1.016787e+04 1.013315e+04 1.015941e+04 1.019413e+04
3.9 1.023998e+04 1.015667e+04 1.016656e+04 1.024988e+04
4.9 1.026120e+04 1.020362e+04 1.016138e+04 1.021895e+04
5.9 1.023335e+04 1.018822e+04 1.014682e+04 1.019195e+04
6.9 1.019351e+04 1.018801e+04 1.015529e+04 1.016079e+04
7.9 1.029306e+04 1.023634e+04 1.017900e+04 1.023571e+04
8.9 1.029805e+04 1.027408e+04 1.017991e+04 1.020387e+04
9.9 1.047097e+04 1.031772e+04 1.017320e+04 1.032644e+04
10.9 1.027356e+04 1.029615e+04 1.014156e+04 1.011896e+04
11.9 1.025783e+04 1.024439e+04 1.010501e+04 1.011846e+04
12.9 1.030216e+04 1.029088e+04 1.011231e+04 1.012359e+04
13.9 1.032918e+04 1.031012e+04 1.013788e+04 1.015694e+04
14.9 1.017449e+04 1.019486e+04 1.016009e+04 1.013972e+04
15.9 1.006657e+04 1.011895e+04 1.020394e+04 1.015157e+04
16.9 9.958154e+03 1.006913e+04 1.025017e+04 1.013920e+04
17.9 1.008707e+04 1.003352e+04 1.022469e+04 1.027823e+04
0.1 1.015054e+04 1.013364e+04 1.017282e+04 1.018971e+04
1.1 1.016787e+04 1.013315e+04 1.015941e+04 1.019413e+04
2.1 1.023998e+04 1.015667e+04 1.016656e+04 1.024988e+04
3.1 1.026120e+04 1.020362e+04 1.016138e+04 1.021895e+04
4.1 1.023335e+04 1.018822e+04 1.014682e+04 1.019195e+04
5.1 1.019351e+04 1.018801e+04 1.015529e+04 1.016079e+04
6.1 1.029306e+04 1.023634e+04 1.017900e+04 1.023571e+04
7.1 1.029805e+04 1.027408e+04 1.017991e+04 1.020387e+04
8.1 1.047097e+04 1.031772e+04 1.017320e+04 1.032644e+04
9.1 1.027356e+04 1.029615e+04 1.014156e+04 1.011896e+04
10.1 1.025783e+04 1.024439e+04 1.010501e+04 1.011846e+04
11.1 1.030216e+04 1.029088e+04 1.011231e+04 1.012359e+04
12.1 1.032918e+04 1.031012e+04 1.013788e+04 1.015694e+04
13.1 1.017449e+04 1.019486e+04 1.016009e+04 1.013972e+04
14.1 1.006657e+04 1.011895e+04 1.020394e+04 1.015157e+04
15.1 9.958154e+03 1.006913e+04 1.025017e+04 1.013920e+04
16.1 1.008707e+04 1.003352e+04 1.022469e+04 1.027823e+04
17.1 1.001058e+04 1.004121e+04 1.017652e+04 1.014589e+04
0.5 1.023998e+04 1.015667e+04 1.016656e+04 1.024988e+04
1.5 1.026120e+04 1.020362e+04 1.016138e+04 1.021895e+04
2.5 1.023335e+04 1.018822e+04 1.014682e+04 1.019195e+04
3.5 1.019351e+04 1.018801e+04 1.015529e+04 1.016079e+04
4.5 1.029306e+04 1.023634e+04 1.017900e+04 1.023571e+04
5.5 1.029805e+04 1.027408e+04 1.017991e+04 1.020387e+04
6.5 1.047097e+04 1.031772e+04 1.017320e+04 1.032644e+04
7.5 1.027356e+04 1.029615e+04 1.014156e+04 1.011896e+04
8.5 1.025783e+04 1.024439e+04 1.010501e+04 1.011846e+04
9.5 1.030216e+04 1.029088e+04 1.011231e+04 1.012359e+04
10.5 1.032918e+04 1.031012e+04 1.013788e+04 1.015694e+04
11.5 1.017449e+04 1.019486e+04 1.016009e+04 1.013972e+04
12.5 1.006657e+04 1.011895e+04 1.020394e+04 1.015157e+04
13.5 9.958154e+03 1.006913e+04 1.025017e+04 1.013920e+04
14.5 1.008707e+04 1.003352e+04 1.022469e+04 1.027823e+04
15.5 1.001058e+04 1.004121e+04 1.017652e+04 1.014589e+04
16.5 1.009480e+04 1.003195e+04 1.015636e+04 1.021922e+04
17.5 9.991104e+03 1.007782e+04 1.016005e+04 1.007333e+04
0.4 1.023335e+04 1.018822e+04 1.014682e+04 1.019195e+04
1.4 1.019351e+04 1.018801e+04 1.015529e+04 1.016079e+04
2.4 1.029306e+04 1.023634e+04 1.017900e+04 1.023571e+04
3.4 1.029805e+04 1.027408e+04 1.017991e+04 1.020387e+04
4.4 1.047097e+04 1.031772e+04 1.017320e+04 1.032644e+04
5.4 1.027356e+04 1.029615e+04 1.014156e+04 1.011896e+04
6.4 1.025783e+04 1.024439e+04 1.010501e+04 1.011846e+04
7.4 1.030216e+04 1.029088e+04 1.011231e+04 1.012359e+04
8.4 1.032918e+04 1.031012e+04 1.013788e+04 1.015694e+04
9.4 1.017449e+04 1.019486e+04 1.016009e+04 1.013972e+04
10.4 1.006657e+04 1.011895e+04 1.020394e+04 1.015157e+04
11.4 9.958154e+03 1.006913e+04 1.025017e+04 1.013920e+04
12.4 1.008707e+04 1.003352e+04 1.022469e+04 1.027823e+04
13.4 1.001058e+04 1.004121e+04 1.017652e+04 1.014589e+04
14.4 1.009480e+04 1.003195e+04 1.015636e+04 1.021922e+04
15.4 9.991104e+03 1.007782e+04 1.016005e+04 1.007333e+04
16.4 1.012622e+04 1.013880e+04 1.018268e+04 1.017011e+04
17.4 1.022797e+04 1.016764e+04 1.017314e+04 1.023347e+04
0.9 1.029306e+04 1.023634e+04 1.017900e+04 1.023571e+04
1.9 1.029805e+04 1.027408e+04 1.017991e+04 1.020387e+04
2.9 1.047097e+04 1.031772e+04 1.017320e+04 1.032644e+04
3.9 1.027356e+04 1.029615e+04 1.014156e+04 1.011896e+04
4.9 1.025783e+04 1.024439e+04 1.010501e+04 1.011846e+04
5.9 1.030216e+04 1.029088e+04 1.011231e+04 1.012359e+04
6.9 1.032918e+04 1.031012e+04 1.013788e+04 1.015694e+04
7.9 1.017449e+04 1.019486e+04 1.016009e+04 1.013972e+04
8.9 1.006657e+04 1.011895e+04 1.020394e+04 1.015157e+04
9.9 9.958154e+03 1.006913e+04 1.025017e+04 1.013920e+04
10.9 1.008707e+04 1.003352e+04 1.022469e+04 1.027823e+04
11.9 1.001058e+04 1.004121e+04 1.017652e+04 1.014589e+04
12.9 1.009480e+04 1.003195e+04 1.015636e+04 1.021922e+04
13.9 9.991104e+03 1.007782e+04 1.016005e+04 1.007333e+04
14.9 1.012622e+04 1.013880e+04 1.018268e+04 1.017011e+04
15.9 1.022797e+04 1.016764e+04 1.017314e+04 1.023347e+04
16.9 1.009149e+04 1.019531e+04 1.016532e+04 1.006149e+04
17.9 1.006342e+04 1.022638e+04 1.018743e+04 1.002447e+04
0.4 1.029805e+04 1.027408e+04 1.017991e+04 1.020387e+04
1.4 1.047097e+04 1.031772e+04 1.017320e+04 1.032644e+04
2.4 1.027356e+04 1.029615e+04 1.014156e+04 1.011896e+04
3.4 1.025783e+04 1.024439e+04 1.010501e+04 1.011846e+04
4.4 1.030216e+04 1.029088e+04 1.011231e+04 1.012359e+04
5.4 1.032918e+04 1.031012e+04 1.013788e+04 1.015694e+04
6.4 1.017449e+04 1.019486e+04 1.016009e+04 1.013972e+04
7.4 1.006657e+04 1.011895e+04 1.020394e+04 1.015157e+04
8.4 9.958154e+03 1.006913e+04 1.025017e+04 1.013920e+04
9.4 1.008707e+04 1.003352e+04 1.022469e+04 1.027823e+04
10.4 1.001058e+04 1.004121e+04 1.017652e+04 1.014589e+04
11.4 1.009480e+04 1.003195e+04 1.015636e+04 1.021922e+04
12.4 9.991104e+03 1.007782e+04 1.016005e+04 1.007333e+04
13.4 1.012622e+04 1.013880e+04 1.018268e+04 1.017011e+04
14.4 1.022797e+04 1.016764e+04 1.017314e+04 1.023347e+04
15.4 1.009149e+04 1.019531e+04 1.016532e+04 1.006149e+04
16.4 1.006342e+04 1.022638e+04 1.018743e+04 1.002447e+04
17.4 1.017794e+04 1.027400e+04 1.015637e+04 1.006030e+04
0.9 1.006657e+04 1.011895e+04 1.020394e+04 1.015157e+04
1.9 9.958154e+03 1.006913e+04 1.025017e+04 1.013920e+04
2.9 1.008707e+04 1.003352e+04 1.022469e+04 1.027823e+04
3.9 1.001058e+04 1.004121e+04 1.017652e+04 1.014589e+04
4.9 1.009480e+04 1.003195e+04 1.015636e+04 1.021922e+04
5.9 9.991104e+03 1.007782e+04 1.016005e+04 1.007333e+04
6.9 1.012622e+04 1.013880e+04 1.018268e+04 1.017011e+04
7.9 1.022797e+04 1.016764e+04 1.017314e+04 1.023347e+04
8.9 1.009149e+04 1.019531e+04 1.016532e+04 1.006149e+04
9.9 1.006342e+04 1.022638e+04 1.018743e+04 1.002447e+04
10.9 1.017794e+04 1.027400e+04 1.015637e+04 1.006030e+04
11.9 1.013211e+04 1.019012e+04 1.009620e+04 1.003819e+04
12.9 1.032263e+04 1.027789e+04 1.009311e+04 1.013784e+04
13.9 1.021578e+04 1.021732e+04 1.012441e+04 1.012286e+04
14.9 1.023290e+04 1.017754e+04 1.015095e+04 1.020631e+04
15.9 1.005512e+04 1.011853e+04 1.016577e+04 1.010236e+04
16.9 1.024087e+04 1.024616e+04 1.017245e+04 1.016717e+04
17.9 1.033003e+04 1.031628e+04 1.018505e+04 1.019880e+04
0.8 9.958154e+03 1.006913e+04 1.025017e+04 1.013920e+04
1.8 1.008707e+04 1.003352e+04 1.022469e+04 1.027823e+04
2.8 1.001058e+04 1.004121e+04 1.017652e+04 1.014589e+04
3.8 1.009480e+04 1.003195e+04 1.015636e+04 1.021922e+04
4.8 9.991104e+03 1.007782e+04 1.016005e+04 1.007333e+04
5.8 1.012622e+04 1.013880e+04 1.018268e+04 1.017011e+04
6.8 1.022797e+04 1.016764e+04 1.017314e+04 1.023347e+04
7.8 1.009149e+04 1.019531e+04 1.016532e+04 1.006149e+04
8.8 1.006342e+04 1.022638e+04 1.018743e+04 1.002447e+04
9.8 1.017794e+04 1.027400e+04 1.015637e+04 1.006030e+04
10.8 1.013211e+04 1.019012e+04 1.009620e+04 1.003819e+04
11.8 1.032263e+04 1.027789e+04 1.009311e+04 1.013784e+04
12.8 1.021578e+04 1.021732e+04 1.012441e+04 1.012286e+04
13.8 1.023290e+04 1.017754e+04 1.015095e+04 1.020631e+04
14.8 1.005512e+04 1.011853e+04 1.016577e+04 1.010236e+04
15.8 1.024087e+04 1.024616e+04 1.017245e+04 1.016717e+04
16.8 1.033003e+04 1.031628e+04 1.018505e+04 1.019880e+04
17.8 1.024753e+04 1.022965e+04 1.022035e+04 1.023822e+04
0.9 1.001058e+04 1.004121e+04 1.017652e+04 1.014589e+04
1.9 1.009480e+04 1.003195e+04 1.015636e+04 1.021922e+04
2.9 9.991104e+03 1.007782e+04 1.016005e+04 1.007333e+04
3.9 1.012622e+04 1.013880e+04 1.018268e+04 1.017011e+04
4.9 1.022797e+04 1.016764e+04 1.017314e+04 1.023347e+04
5.9 1.009149e+04 1.019531e+04 1.016532e+04 1.006149e+04
6.9 1.006342e+04 1.022638e+04 1.018743e+04 1.002447e+04
7.9 1.017794e+04 1.027400e+04 1.015637e+04 1.006030e+04
8.9 1.013211e+04 1.019012e+04 1.009620e+04 1.003819e+04
9.9 1.032263e+04 1.027789e+04 1.009311e+04 1.013784e+04
10.9 1.021578e+04 1.021732e+04 1.012441e+04 1.012286e+04
11.9 1.023290e+04 1.017754e+04 1.015095e+04 1.020631e+04
12.9 1.005512e+04 1.011853e+04 1.016577e+04 1.010236e+04
13.9 1.024087e+04 1.024616e+04 1.017245e+04 1.016717e+04
14.9 1.033003e+04 1.031628e+04 1.018505e+04 1.019880e+04
15.9 1.024753e+04 1.022965e+04 1.022035e+04 1.023822e+04
16.9 1.004470e+04 1.015044e+04 1.021009e+04 1.010435e+04
17.9 1.016003e+04 1.007964e+04 1.017489e+04 1.025528e+04
0.1 1.009480e+04 1.003195e+04 1.015636e+04 1.021922e+04
1.1 9.991104e+03 1.007782e+04 1.016005e+04 1.007333e+04
2.1 1.012622e+04 1.013880e+04 1.018268e+04 1.017011e+04
3.1 1.022797e+04 1.016764e+04 1.017314e+04 1.023347e+04
4.1 1.009149e+04 1.019531e+04 1.016532e+04 1.006149e+04
5.1 1.006342e+04 1.022638e+04 1.018743e+04 1.002447e+04
6.1 1.017794e+04 1.027400e+04 1.015637e+04 1.006030e+04
7.1 1.013211e+04 1.019012e+04 1.009620e+04 1.003819e+04
8.1 1.032263e+04 1.027789e+04 1.009311e+04 1.013784e+04
9.1 1.021578e+04 1.021732e+04 1.012441e+04 1.012286e+04
10.1 1.023290e+04 1.017754e+04 1.015095e+04 1.020631e+04
11.1 1.005512e+04 1.011853e+04 1.016577e+04 1.010236e+04
12.1 1.024087e+04 1.024616e+04 1.017245e+04 1.016717e+04
13.1 1.033003e+04 1.031628e+04 1.018505e+04 1.019880e+04
14.1 1.024753e+04 1.022965e+04 1.022035e+04 1.023822e+04
15.1 1.004470e+04 1.015044e+04 1.021009e+04 1.010435e+04
16.1 1.016003e+04 1.007964e+04 1.017489e+04 1.025528e+04
17.1 1.005562e+04 1.005527e+04 1.020218e+04 1.020254e+04
0.8 1.012622e+04 1.013880e+04 1.018268e+04 1.017011e+04
1.8 1.022797e+04 1.016764e+04 1.017314e+04 1.023347e+04
2.8 1.009149e+04 1.019531e+04 1.016532e+04 1.006149e+04
3.8 1.006342e+04 1.022638e+04 1.018743e+04 1.002447e+04
4.8 1.017794e+04 1.027400e+04 1.015637e+04 1.006030e+04
5.8 1.013211e+04 1.019012e+04 1.009620e+04 1.003819e+04
6.8 1.032263e+04 1.027789e+04 1.009311e+04 1.013784e+04
7.8 1.021578e+04 1.021732e+04 1.012441e+04 1.012286e+04
8.8 1.023290e+04 1.017754e+04 1.015095e+04 1.020631e+04
9.8 1.005512e+04 1.011853e+04 1.016577e+04 1.010236e+04
10.8 1.024087e+04 1.024616e+04 1.017245e+04 1.016717e+04
11.8 1.033003e+04 1.031628e+04 1.018505e+04 1.019880e+04
12.8 1.024753e+04 1.022965e+04 1.022035e+04 1.023822e+04
13.8 1.004470e+04 1.015044e+04 1.021009e+04 1.010435e+04
14.8 1.016003e+04 1.007964e+04 1.017489e+04 1.025528e+04
15.8 1.005562e+04 1.005527e+04 1.020218e+04 1.020254e+04
16.8 1.011679e+04 1.006318e+04 1.021363e+04 1.026724e+04
17.8 1.011729e+04 1.005100e+04 1.018509e+04 1.025137e+04
1.0 1.009149e+04 1.019531e+04 1.016532e+04 1.006149e+04
2.0 1.006342e+04 1.022638e+04 1.018743e+04 1.002447e+04
3.0 1.017794e+04 1.027400e+04 1.015637e+04 1.006030e+04
4.0 1.013211e+04 1.019012e+04 1.009620e+04 1.003819e+04
5.0 1.032263e+04 1.027789e+04 1.009311e+04 1.013784e+04
6.0 1.021578e+04 1.021732e+04 1.012441e+04 1.012286e+04
7.0 1.023290e+04 1.017754e+04 1.015095e+04 1.020631e+04
8.0 1.005512e+04 1.011853e+04 1.016577e+04 1.010236e+04
9.0 1.024087e+04 1.024616e+04 1.017245e+04 1.016717e+04
10.0 1.033003e+04 1.031628e+04 1.018505e+04 1.019880e+04
11.0 1.024753e+04 1.022965e+04 1.022035e+04 1.023822e+04
12.0 1.004470e+04 1.015044e+04 1.021009e+04 1.010435e+04
13.0 1.016003e+04 1.007964e+04 1.017489e+04 1.025528e+04
14.0 1.005562e+04 1.005527e+04 1.020218e+04 1.020254e+04
15.0 1.011679e+04 1.006318e+04 1.021363e+04 1.026724e+04
16.0 1.011729e+04 1.005100e+04 1.018509e+04 1.025137e+04
17.0 1.015729e+04 1.012653e+04 1.017636e+04 1.020712e+04
18.0 1.018904e+04 1.019210e+04 1.015953e+04 1.015647e+04
0.1 1.009149e+04 1.019531e+04 1.016532e+04 1.006149e+04
1.1 1.006342e+04 1.022638e+04 1.018743e+04 1.002447e+04
2.1 1.017794e+04 1.027400e+04 1.015637e+04 1.006030e+04
3.1 1.013211e+04 1.019012e+04 1.009620e+04 1.003819e+04
4.1 1.032263e+04 1.027789e+04 1.009311e+04 1.013784e+04
5.1 1.021578e+04 1.021732e+04 1.012441e+04 1.012286e+04
6.1 1.023290e+04 1.017754e+04 1.015095e+04 1.020631e+04
7.1 1.005512e+04 1.011853e+04 1.016577e+04 1.010236e+04
8.1 1.024087e+04 1.024616e+04 1.017245e+04 1.016717e+04
9.1 1.033003e+04 1.031628e+04 1.018505e+04 1.019880e+04
10.1 1.024753e+04 1.022965e+04 1.022035e+04 1.023822e+04
11.1 1.004470e+04 1.015044e+04 1.021009e+04 1.010435e+04
12.1 1.016003e+04 1.007964e+04 1.017489e+04 1.025528e+04
13.1 1.005562e+04 1.005527e+04 1.020218e+04 1.020254e+04
14.1 1.011679e+04 1.006318e+04 1.021363e+04 1.026724e+04
15.1 1.011729e+04 1.005100e+04 1.018509e+04 1.025137e+04
16.1 1.015729e+04 1.012653e+04 1.017636e+04 1.020712e+04
17.1 1.018904e+04 1.019210e+04 1.015953e+04 1.015647e+04
0.2 1.033003e+04 1.031628e+04 1.018505e+04 1.019880e+04
1.2 1.024753e+04 1.022965e+04 1.022035e+04 1.023822e+04
2.2 1.004470e+04 1.015044e+04 1.021009e+04 1.010435e+04
3.2 1.016003e+04 1.007964e+04 1.017489e+04 1.025528e+04
4.2 1.005562e+04 1.005527e+04 1.020218e+04 1.020254e+04
5.2 1.011679e+04 1.006318e+04 1.021363e+04 1.026724e+04
6.2 1.011729e+04 1.005100e+04 1.018509e+04 1.025137e+04
7.2 1.015729e+04 1.012653e+04 1.017636e+04 1.020712e+04
8.2 1.018904e+04 1.019210e+04 1.015953e+04 1.015647e+04
9.2 1.011477e+04 1.018734e+04 1.015340e+04 1.008083e+04
10.2 1.012725e+04 1.027984e+04 1.018032e+04 1.002774e+04
11.2 1.026771e+04 1.031244e+04 1.015404e+04 1.010931e+04
12.2 1.017151e+04 1.026534e+04 1.009908e+04 1.000525e+04
13.2 1.035567e+04 1.030161e+04 1.009814e+04 1.015220e+04
14.2 1.016121e+04 1.016991e+04 1.012978e+04 1.012108e+04
15.2 1.007323e+04 1.011110e+04 1.015627e+04 1.011840e+04
16.2 1.017581e+04 1.004777e+04 1.017121e+04 1.029925e+04
17.2 1.016044e+04 1.006686e+04 1.018378e+04 1.027737e+04
0.6 1.016003e+04 1.007964e+04 1.017489e+04 1.025528e+04
1.6 1.005562e+04 1.005527e+04 1.020218e+04 1.020254e+04
2.6 1.011679e+04 1.006318e+04 1.021363e+04 1.026724e+04
3.6 1.011729e+04 1.005100e+04 1.018509e+04 1.025137e+04
4.6 1.015729e+04 1.012653e+04 1.017636e+04 1.020712e+04
5.6 1.018904e+04 1.019210e+04 1.015953e+04 1.015647e+04
6.6 1.011477e+04 1.018734e+04 1.015340e+04 1.008083e+04
7.6 1.012725e+04 1.027984e+04 1.018032e+04 1.002774e+04
8.6 1.026771e+04 1.031244e+04 1.015404e+04 1.010931e+04
9.6 1.017151e+04 1.026534e+04 1.009908e+04 1.000525e+04
10.6 1.035567e+04 1.030161e+04 1.009814e+04 1.015220e+04
11.6 1.016121e+04 1.016991e+04 1.012978e+04 1.012108e+04
12.6 1.007323e+04 1.011110e+04 1.015627e+04 1.011840e+04
13.6 1.017581e+04 1.004777e+04 1.017121e+04 1.029925e+04
14.6 1.016044e+04 1.006686e+04 1.018378e+04 1.027737e+04
0.5 1.005562e+04 1.005527e+04 1.020218e+04 1.020254e+04
1.5 1.011679e+04 1.006318e+04 1.021363e+04 1.026724e+04
2.5 1.011729e+04 1.005100e+04 1.018509e+04 1.025137e+04
3.5 1.015729e+04 1.012653e+04 1.017636e+04 1.020712e+04
4.5 1.018904e+04 1.019210e+04 1.015953e+04 1.015647e+04
5.5 1.011477e+04 1.018734e+04 1.015340e+04 1.008083e+04
6.5 1.012725e+04 1.027984e+04 1.018032e+04 1.002774e+04
7.5 1.026771e+04 1.031244e+04 1.015404e+04 1.010931e+04
8.5 1.017151e+04 1.026534e+04 1.009908e+04 1.000525e+04
9.5 1.035567e+04 1.030161e+04 1.009814e+04 1.015220e+04
10.5 1.016121e+04 1.016991e+04 1.012978e+04 1.012108e+04
11.5 1.007323e+04 1.011110e+04 1.015627e+04 1.011840e+04
12.5 1.017581e+04 1.004777e+04 1.017121e+04 1.029925e+04
13.5 1.016044e+04 1.006686e+04 1.018378e+04 1.027737e+04
1.0 1.011729e+04 1.005100e+04 1.018509e+04 1.025137e+04
2.0 1.015729e+04 1.012653e+04 1.017636e+04 1.020712e+04
3.0 1.018904e+04 1.019210e+04 1.015953e+04 1.015647e+04
4.0 1.011477e+04 1.018734e+04 1.015340e+04 1.008083e+04
5.0 1.012725e+04 1.027984e+04 1.018032e+04 1.002774e+04
6.0 1.026771e+04 1.031244e+04 1.015404e+04 1.010931e+04
7.0 1.017151e+04 1.026534e+04 1.009908e+04 1.000525e+04
8.0 1.035567e+04 1.030161e+04 1.009814e+04 1.015220e+04
9.0 1.016121e+04 1.016991e+04 1.012978e+04 1.012108e+04
10.0 1.007323e+04 1.011110e+04 1.015627e+04 1.011840e+04
11.0 1.017581e+04 1.004777e+04 1.017121e+04 1.029925e+04
12.0 1.016044e+04 1.006686e+04 1.018378e+04 1.027737e+04
0.9 1.015729e+04 1.012653e+04 1.017636e+04 1.020712e+04
1.9 1.018904e+04 1.019210e+04 1.015953e+04 1.015647e+04
2.9 1.011477e+04 1.018734e+04 1.015340e+04 1.008083e+04
3.9 1.012725e+04 1.027984e+04 1.018032e+04 1.002774e+04
4.9 1.026771e+04 1.031244e+04 1.015404e+04 1.010931e+04
5.9 1.017151e+04 1.026534e+04 1.009908e+04 1.000525e+04
6.9 1.035567e+04 1.030161e+04 1.009814e+04 1.015220e+04
7.9 1.016121e+04 1.016991e+04 1.012978e+04 1.012108e+04
8.9 1.007323e+04 1.011110e+04 1.015627e+04 1.011840e+04
9.9 1.017581e+04 1.004777e+04 1.017121e+04 1.029925e+04
10.9 1.016044e+04 1.006686e+04 1.018378e+04 1.027737e+04
0.1 1.018904e+04 1.019210e+04 1.015953e+04 1.015647e+04
1.1 1.011477e+04 1.018734e+04 1.015340e+04 1.008083e+04
2.1 1.012725e+04 1.027984e+04 1.018032e+04 1.002774e+04
3.1 1.026771e+04 1.031244e+04 1.015404e+04 1.010931e+04
4.1 1.017151e+04 1.026534e+04 1.009908e+04 1.000525e+04
5.1 1.035567e+04 1.030161e+04 1.009814e+04 1.015220e+04
6.1 1.016121e+04 1.016991e+04 1.012978e+04 1.012108e+04
7.1 1.007323e+04 1.011110e+04 1.015627e+04 1.011840e+04
8.1 1.017581e+04 1.004777e+04 1.017121e+04 1.029925e+04
9.1 1.016044e+04 1.006686e+04 1.018378e+04 1.027737e+04
0.1 1.011477e+04 1.018734e+04 1.015340e+04 1.008083e+04
1.1 1.012725e+04 1.027984e+04 1.018032e+04 1.002774e+04
2.1 1.026771e+04 1.031244e+04 1.015404e+04 1.010931e+04
3.1 1.017151e+04 1.026534e+04 1.009908e+04 1.000525e+04
4.1 1.035567e+04 1.030161e+04 1.009814e+04 1.015220e+04
5.1 1.016121e+04 1.016991e+04 1.012978e+04 1.012108e+04
6.1 1.007323e+04 1.011110e+04 1.015627e+04 1.011840e+04
7.1 1.017581e+04 1.004777e+04 1.017121e+04 1.029925e+04
8.1 1.016044e+04 1.006686e+04 1.018378e+04 1.027737e+04
