0.7 1.018154e+04 1.014617e+04 1.016987e+04 1.020525e+04
1.7 1.008408e+04 1.011092e+04 1.015530e+04 1.012846e+04
2.7 1.010523e+04 1.010954e+04 1.014546e+04 1.014115e+04
3.7 1.019595e+04 1.014527e+04 1.015708e+04 1.020776e+04
4.7 1.022896e+04 1.015660e+04 1.014918e+04 1.022155e+04
5.7 1.010882e+04 1.018477e+04 1.015354e+04 1.007759e+04
6.7 1.019079e+04 1.020529e+04 1.017348e+04 1.015899e+04
7.7 1.018868e+04 1.019915e+04 1.016042e+04 1.014995e+04
8.7 1.018918e+04 1.023807e+04 1.016291e+04 1.011402e+04
9.7 1.013633e+04 1.018244e+04 1.019428e+04 1.014817e+04
10.7 1.017320e+04 1.015714e+04 1.018365e+04 1.019970e+04
11.7 1.009489e+04 1.013371e+04 1.014175e+04 1.010294e+04
12.7 1.016219e+04 1.019055e+04 1.013238e+04 1.010402e+04
13.6 1.018412e+04 1.021708e+04 1.016793e+04 1.013497e+04
14.6 1.017068e+04 1.022165e+04 1.020389e+04 1.015292e+04
15.6 1.016717e+04 1.019439e+04 1.020570e+04 1.017847e+04
16.6 1.017838e+04 1.017733e+04 1.018824e+04 1.018930e+04
17.6 1.006961e+04 1.012211e+04 1.015015e+04 1.009764e+04
0.3 1.010523e+04 1.010954e+04 1.014546e+04 1.014115e+04
1.3 1.019595e+04 1.014527e+04 1.015708e+04 1.020776e+04
2.3 1.022896e+04 1.015660e+04 1.014918e+04 1.022155e+04
3.3 1.010882e+04 1.018477e+04 1.015354e+04 1.007759e+04
4.3 1.019079e+04 1.020529e+04 1.017348e+04 1.015899e+04
5.3 1.018868e+04 1.019915e+04 1.016042e+04 1.014995e+04
6.3 1.018918e+04 1.023807e+04 1.016291e+04 1.011402e+04
7.3 1.013633e+04 1.018244e+04 1.019428e+04 1.014817e+04
8.3 1.017320e+04 1.015714e+04 1.018365e+04 1.019970e+04
9.3 1.009489e+04 1.013371e+04 1.014175e+04 1.010294e+04
10.3 1.016219e+04 1.019055e+04 1.013238e+04 1.010402e+04
11.3 1.018412e+04 1.021708e+04 1.016793e+04 1.013497e+04
12.3 1.017068e+04 1.022165e+04 1.020389e+04 1.015292e+04
13.3 1.016717e+04 1.019439e+04 1.020570e+04 1.017847e+04
14.3 1.017838e+04 1.017733e+04 1.018824e+04 1.018930e+04
15.3 1.006961e+04 1.012211e+04 1.015015e+04 1.009764e+04
16.3 1.020635e+04 1.015334e+04 1.011887e+04 1.017188e+04
17.3 1.031579e+04 1.019180e+04 1.013805e+04 1.026204e+04
0.6 1.010882e+04 1.018477e+04 1.015354e+04 1.007759e+04
1.6 1.019079e+04 1.020529e+04 1.017348e+04 1.015899e+04
2.6 1.018868e+04 1.019915e+04 1.016042e+04 1.014995e+04
3.6 1.018918e+04 1.023807e+04 1.016291e+04 1.011402e+04
4.6 1.013633e+04 1.018244e+04 1.019428e+04 1.014817e+04
5.6 1.017320e+04 1.015714e+04 1.018365e+04 1.019970e+04
6.6 1.009489e+04 1.013371e+04 1.014175e+04 1.010294e+04
7.6 1.016219e+04 1.019055e+04 1.013238e+04 1.010402e+04
8.6 1.018412e+04 1.021708e+04 1.016793e+04 1.013497e+04
9.6 1.017068e+04 1.022165e+04 1.020389e+04 1.015292e+04
10.6 1.016717e+04 1.019439e+04 1.020570e+04 1.017847e+04
11.6 1.017838e+04 1.017733e+04 1.018824e+04 1.018930e+04
12.6 1.006961e+04 1.012211e+04 1.015015e+04 1.009764e+04
13.6 1.020635e+04 1.015334e+04 1.011887e+04 1.017188e+04
14.6 1.031579e+04 1.019180e+04 1.013805e+04 1.026204e+04
15.6 1.028416e+04 1.019469e+04 1.018635e+04 1.027582e+04
16.6 1.019324e+04 1.012994e+04 1.019726e+04 1.026056e+04
17.6 1.026294e+04 1.013025e+04 1.015716e+04 1.028985e+04
0.8 1.013633e+04 1.018244e+04 1.019428e+04 1.014817e+04
1.8 1.017320e+04 1.015714e+04 1.018365e+04 1.019970e+04
2.8 1.009489e+04 1.013371e+04 1.014175e+04 1.010294e+04
3.8 1.016219e+04 1.019055e+04 1.013238e+04 1.010402e+04
4.8 1.018412e+04 1.021708e+04 1.016793e+04 1.013497e+04
5.8 1.017068e+04 1.022165e+04 1.020389e+04 1.015292e+04
6.8 1.016717e+04 1.019439e+04 1.020570e+04 1.017847e+04
7.8 1.017838e+04 1.017733e+04 1.018824e+04 1.018930e+04
8.8 1.006961e+04 1.012211e+04 1.015015e+04 1.009764e+04
9.8 1.020635e+04 1.015334e+04 1.011887e+04 1.017188e+04
10.8 1.031579e+04 1.019180e+04 1.013805e+04 1.026204e+04
11.8 1.028416e+04 1.019469e+04 1.018635e+04 1.027582e+04
12.8 1.019324e+04 1.012994e+04 1.019726e+04 1.026056e+04
13.8 1.026294e+04 1.013025e+04 1.015716e+04 1.028985e+04
14.8 1.023050e+04 1.014915e+04 1.013618e+04 1.021753e+04
15.8 1.022858e+04 1.020121e+04 1.016704e+04 1.019440e+04
16.8 1.028153e+04 1.018605e+04 1.017989e+04 1.027536e+04
17.8 1.020854e+04 1.020525e+04 1.015093e+04 1.015423e+04
0.4 1.018412e+04 1.021708e+04 1.016793e+04 1.013497e+04
1.4 1.017068e+04 1.022165e+04 1.020389e+04 1.015292e+04
2.4 1.016717e+04 1.019439e+04 1.020570e+04 1.017847e+04
3.4 1.017838e+04 1.017733e+04 1.018824e+04 1.018930e+04
4.4 1.006961e+04 1.012211e+04 1.015015e+04 1.009764e+04
5.4 1.020635e+04 1.015334e+04 1.011887e+04 1.017188e+04
6.4 1.031579e+04 1.019180e+04 1.013805e+04 1.026204e+04
7.4 1.028416e+04 1.019469e+04 1.018635e+04 1.027582e+04
8.4 1.019324e+04 1.012994e+04 1.019726e+04 1.026056e+04
9.4 1.026294e+04 1.013025e+04 1.015716e+04 1.028985e+04
10.4 1.023050e+04 1.014915e+04 1.013618e+04 1.021753e+04
11.4 1.022858e+04 1.020121e+04 1.016704e+04 1.019440e+04
12.4 1.028153e+04 1.018605e+04 1.017989e+04 1.027536e+04
13.4 1.020854e+04 1.020525e+04 1.015093e+04 1.015423e+04
14.4 1.007683e+04 1.019229e+04 1.014191e+04 1.002645e+04
15.4 1.024357e+04 1.023919e+04 1.017400e+04 1.017838e+04
16.4 1.019395e+04 1.020774e+04 1.020730e+04 1.019352e+04
17.4 1.009504e+04 1.014564e+04 1.020735e+04 1.015676e+04
0.2 1.016717e+04 1.019439e+04 1.020570e+04 1.017847e+04
1.2 1.017838e+04 1.017733e+04 1.018824e+04 1.018930e+04
2.2 1.006961e+04 1.012211e+04 1.015015e+04 1.009764e+04
3.2 1.020635e+04 1.015334e+04 1.011887e+04 1.017188e+04
4.2 1.031579e+04 1.019180e+04 1.013805e+04 1.026204e+04
5.2 1.028416e+04 1.019469e+04 1.018635e+04 1.027582e+04
6.2 1.019324e+04 1.012994e+04 1.019726e+04 1.026056e+04
7.2 1.026294e+04 1.013025e+04 1.015716e+04 1.028985e+04
8.2 1.023050e+04 1.014915e+04 1.013618e+04 1.021753e+04
9.2 1.022858e+04 1.020121e+04 1.016704e+04 1.019440e+04
10.2 1.028153e+04 1.018605e+04 1.017989e+04 1.027536e+04
11.2 1.020854e+04 1.020525e+04 1.015093e+04 1.015423e+04
12.2 1.007683e+04 1.019229e+04 1.014191e+04 1.002645e+04
13.2 1.024357e+04 1.023919e+04 1.017400e+04 1.017838e+04
14.2 1.019395e+04 1.020774e+04 1.020730e+04 1.019352e+04
15.2 1.009504e+04 1.014564e+04 1.020735e+04 1.015676e+04
16.2 1.011679e+04 1.007901e+04 1.018972e+04 1.022750e+04
17.2 1.017460e+04 1.004329e+04 1.017480e+04 1.030611e+04
0.4 1.028416e+04 1.019469e+04 1.018635e+04 1.027582e+04
1.4 1.019324e+04 1.012994e+04 1.019726e+04 1.026056e+04
2.4 1.026294e+04 1.013025e+04 1.015716e+04 1.028985e+04
3.4 1.023050e+04 1.014915e+04 1.013618e+04 1.021753e+04
4.4 1.022858e+04 1.020121e+04 1.016704e+04 1.019440e+04
5.4 1.028153e+04 1.018605e+04 1.017989e+04 1.027536e+04
6.4 1.020854e+04 1.020525e+04 1.015093e+04 1.015423e+04
7.4 1.007683e+04 1.019229e+04 1.014191e+04 1.002645e+04
8.4 1.024357e+04 1.023919e+04 1.017400e+04 1.017838e+04
9.4 1.019395e+04 1.020774e+04 1.020730e+04 1.019352e+04
10.4 1.009504e+04 1.014564e+04 1.020735e+04 1.015676e+04
11.4 1.011679e+04 1.007901e+04 1.018972e+04 1.022750e+04
12.4 1.017460e+04 1.004329e+04 1.017480e+04 1.030611e+04
13.4 9.921309e+03 1.000947e+04 1.016766e+04 1.007949e+04
14.4 9.933817e+03 1.003312e+04 1.015084e+04 1.005154e+04
15.4 9.993184e+03 1.008803e+04 1.013540e+04 1.004056e+04
16.4 1.013305e+04 1.015740e+04 1.015338e+04 1.012903e+04
17.4 1.020388e+04 1.018631e+04 1.017332e+04 1.019090e+04
0.8 1.022858e+04 1.020121e+04 1.016704e+04 1.019440e+04
1.8 1.028153e+04 1.018605e+04 1.017989e+04 1.027536e+04
2.8 1.020854e+04 1.020525e+04 1.015093e+04 1.015423e+04
3.8 1.007683e+04 1.019229e+04 1.014191e+04 1.002645e+04
4.8 1.024357e+04 1.023919e+04 1.017400e+04 1.017838e+04
5.8 1.019395e+04 1.020774e+04 1.020730e+04 1.019352e+04
6.8 1.009504e+04 1.014564e+04 1.020735e+04 1.015676e+04
7.8 1.011679e+04 1.007901e+04 1.018972e+04 1.022750e+04
8.8 1.017460e+04 1.004329e+04 1.017480e+04 1.030611e+04
9.8 9.921309e+03 1.000947e+04 1.016766e+04 1.007949e+04
10.8 9.933817e+03 1.003312e+04 1.015084e+04 1.005154e+04
11.8 9.993184e+03 1.008803e+04 1.013540e+04 1.004056e+04
12.8 1.013305e+04 1.015740e+04 1.015338e+04 1.012903e+04
13.8 1.020388e+04 1.018631e+04 1.017332e+04 1.019090e+04
14.8 1.016219e+04 1.020187e+04 1.017551e+04 1.013583e+04
15.8 1.006938e+04 1.017690e+04 1.016784e+04 1.006032e+04
16.8 1.026483e+04 1.020015e+04 1.016672e+04 1.023140e+04
17.8 1.015372e+04 1.019402e+04 1.017535e+04 1.013505e+04
0.5 9.921309e+03 1.000947e+04 1.016766e+04 1.007949e+04
1.5 9.933817e+03 1.003312e+04 1.015084e+04 1.005154e+04
2.5 9.993184e+03 1.008803e+04 1.013540e+04 1.004056e+04
3.5 1.013305e+04 1.015740e+04 1.015338e+04 1.012903e+04
4.5 1.020388e+04 1.018631e+04 1.017332e+04 1.019090e+04
5.5 1.016219e+04 1.020187e+04 1.017551e+04 1.013583e+04
6.5 1.006938e+04 1.017690e+04 1.016784e+04 1.006032e+04
7.5 1.026483e+04 1.020015e+04 1.016672e+04 1.023140e+04
8.5 1.015372e+04 1.019402e+04 1.017535e+04 1.013505e+04
9.5 1.024231e+04 1.017971e+04 1.017960e+04 1.024219e+04
10.5 1.021632e+04 1.015534e+04 1.017527e+04 1.023624e+04
11.5 1.028418e+04 1.019265e+04 1.016058e+04 1.025210e+04
12.5 1.008037e+04 1.017474e+04 1.015452e+04 1.006015e+04
13.5 1.011642e+04 1.016923e+04 1.013762e+04 1.008481e+04
14.5 1.013531e+04 1.020005e+04 1.011950e+04 1.005476e+04
15.5 1.023766e+04 1.022041e+04 1.015060e+04 1.016785e+04
16.5 1.014305e+04 1.020766e+04 1.018739e+04 1.012278e+04
17.5 1.017178e+04 1.018175e+04 1.017031e+04 1.016034e+04
0.1 9.993184e+03 1.008803e+04 1.013540e+04 1.004056e+04
1.1 1.013305e+04 1.015740e+04 1.015338e+04 1.012903e+04
2.1 1.020388e+04 1.018631e+04 1.017332e+04 1.019090e+04
3.1 1.016219e+04 1.020187e+04 1.017551e+04 1.013583e+04
4.1 1.006938e+04 1.017690e+04 1.016784e+04 1.006032e+04
5.1 1.026483e+04 1.020015e+04 1.016672e+04 1.023140e+04
6.1 1.015372e+04 1.019402e+04 1.017535e+04 1.013505e+04
7.1 1.024231e+04 1.017971e+04 1.017960e+04 1.024219e+04
8.1 1.021632e+04 1.015534e+04 1.017527e+04 1.023624e+04
9.1 1.028418e+04 1.019265e+04 1.016058e+04 1.025210e+04
10.1 1.008037e+04 1.017474e+04 1.015452e+04 1.006015e+04
11.1 1.011642e+04 1.016923e+04 1.013762e+04 1.008481e+04
12.1 1.013531e+04 1.020005e+04 1.011950e+04 1.005476e+04
13.1 1.023766e+04 1.022041e+04 1.015060e+04 1.016785e+04
14.1 1.014305e+04 1.020766e+04 1.018739e+04 1.012278e+04
15.1 1.017178e+04 1.018175e+04 1.017031e+04 1.016034e+04
16.1 1.012883e+04 1.021222e+04 1.015685e+04 1.007346e+04
17.1 1.019929e+04 1.020724e+04 1.018328e+04 1.017533e+04
1.0 1.016219e+04 1.020187e+04 1.017551e+04 1.013583e+04
2.0 1.006938e+04 1.017690e+04 1.016784e+04 1.006032e+04
3.0 1.026483e+04 1.020015e+04 1.016672e+04 1.023140e+04
4.0 1.015372e+04 1.019402e+04 1.017535e+04 1.013505e+04
5.0 1.024231e+04 1.017971e+04 1.017960e+04 1.024219e+04
6.0 1.021632e+04 1.015534e+04 1.017527e+04 1.023624e+04
7.0 1.028418e+04 1.019265e+04 1.016058e+04 1.025210e+04
8.0 1.008037e+04 1.017474e+04 1.015452e+04 1.006015e+04
9.0 1.011642e+04 1.016923e+04 1.013762e+04 1.008481e+04
10.0 1.013531e+04 1.020005e+04 1.011950e+04 1.005476e+04
11.0 1.023766e+04 1.022041e+04 1.015060e+04 1.016785e+04
12.0 1.014305e+04 1.020766e+04 1.018739e+04 1.012278e+04
13.0 1.017178e+04 1.018175e+04 1.017031e+04 1.016034e+04
14.0 1.012883e+04 1.021222e+04 1.015685e+04 1.007346e+04
15.0 1.019929e+04 1.020724e+04 1.018328e+04 1.017533e+04
16.0 1.017250e+04 1.018082e+04 1.018741e+04 1.017909e+04
17.0 1.021188e+04 1.017103e+04 1.017278e+04 1.021362e+04
18.0 1.029833e+04 1.021128e+04 1.016848e+04 1.025553e+04
0.1 1.006938e+04 1.017690e+04 1.016784e+04 1.006032e+04
1.1 1.026483e+04 1.020015e+04 1.016672e+04 1.023140e+04
2.1 1.015372e+04 1.019402e+04 1.017535e+04 1.013505e+04
3.1 1.024231e+04 1.017971e+04 1.017960e+04 1.024219e+04
4.1 1.021632e+04 1.015534e+04 1.017527e+04 1.023624e+04
5.1 1.028418e+04 1.019265e+04 1.016058e+04 1.025210e+04
6.1 1.008037e+04 1.017474e+04 1.015452e+04 1.006015e+04
7.1 1.011642e+04 1.016923e+04 1.013762e+04 1.008481e+04
8.1 1.013531e+04 1.020005e+04 1.011950e+04 1.005476e+04
9.1 1.023766e+04 1.022041e+04 1.015060e+04 1.016785e+04
10.1 1.014305e+04 1.020766e+04 1.018739e+04 1.012278e+04
11.1 1.017178e+04 1.018175e+04 1.017031e+04 1.016034e+04
12.1 1.012883e+04 1.021222e+04 1.015685e+04 1.007346e+04
13.1 1.019929e+04 1.020724e+04 1.018328e+04 1.017533e+04
14.1 1.017250e+04 1.018082e+04 1.018741e+04 1.017909e+04
15.1 1.021188e+04 1.017103e+04 1.017278e+04 1.021362e+04
16.1 1.029833e+04 1.021128e+04 1.016848e+04 1.025553e+04
17.1 1.029982e+04 1.022018e+04 1.017040e+04 1.025004e+04
0.2 1.015372e+04 1.019402e+04 1.017535e+04 1.013505e+04
1.2 1.024231e+04 1.017971e+04 1.017960e+04 1.024219e+04
2.2 1.021632e+04 1.015534e+04 1.017527e+04 1.023624e+04
3.2 1.028418e+04 1.019265e+04 1.016058e+04 1.025210e+04
4.2 1.008037e+04 1.017474e+04 1.015452e+04 1.006015e+04
5.2 1.011642e+04 1.016923e+04 1.013762e+04 1.008481e+04
6.2 1.013531e+04 1.020005e+04 1.011950e+04 1.005476e+04
7.2 1.023766e+04 1.022041e+04 1.015060e+04 1.016785e+04
8.2 1.014305e+04 1.020766e+04 1.018739e+04 1.012278e+04
9.2 1.017178e+04 1.018175e+04 1.017031e+04 1.016034e+04
10.2 1.012883e+04 1.021222e+04 1.015685e+04 1.007346e+04
11.2 1.019929e+04 1.020724e+04 1.018328e+04 1.017533e+04
12.2 1.017250e+04 1.018082e+04 1.018741e+04 1.017909e+04
13.2 1.021188e+04 1.017103e+04 1.017278e+04 1.021362e+04
14.2 1.029833e+04 1.021128e+04 1.016848e+04 1.025553e+04
15.2 1.029982e+04 1.022018e+04 1.017040e+04 1.025004e+04
16.2 1.013211e+04 1.016641e+04 1.017505e+04 1.014074e+04
17.2 1.013079e+04 1.012241e+04 1.017342e+04 1.018180e+04
0.0 1.024231e+04 1.017971e+04 1.017960e+04 1.024219e+04
1.0 1.021632e+04 1.015534e+04 1.017527e+04 1.023624e+04
2.0 1.028418e+04 1.019265e+04 1.016058e+04 1.025210e+04
3.0 1.008037e+04 1.017474e+04 1.015452e+04 1.006015e+04
4.0 1.011642e+04 1.016923e+04 1.013762e+04 1.008481e+04
5.0 1.013531e+04 1.020005e+04 1.011950e+04 1.005476e+04
6.0 1.023766e+04 1.022041e+04 1.015060e+04 1.016785e+04
7.0 1.014305e+04 1.020766e+04 1.018739e+04 1.012278e+04
8.0 1.017178e+04 1.018175e+04 1.017031e+04 1.016034e+04
9.0 1.012883e+04 1.021222e+04 1.015685e+04 1.007346e+04
10.0 1.019929e+04 1.020724e+04 1.018328e+04 1.017533e+04
11.0 1.017250e+04 1.018082e+04 1.018741e+04 1.017909e+04
12.0 1.021188e+04 1.017103e+04 1.017278e+04 1.021362e+04
13.0 1.029833e+04 1.021128e+04 1.016848e+04 1.025553e+04
14.0 1.029982e+04 1.022018e+04 1.017040e+04 1.025004e+04
15.0 1.013211e+04 1.016641e+04 1.017505e+04 1.014074e+04
16.0 1.013079e+04 1.012241e+04 1.017342e+04 1.018180e+04
17.0 1.008361e+04 1.008860e+04 1.016921e+04 1.016423e+04
1.0 1.008037e+04 1.017474e+04 1.015452e+04 1.006015e+04
2.0 1.011642e+04 1.016923e+04 1.013762e+04 1.008481e+04
3.0 1.013531e+04 1.020005e+04 1.011950e+04 1.005476e+04
4.0 1.023766e+04 1.022041e+04 1.015060e+04 1.016785e+04
5.0 1.014305e+04 1.020766e+04 1.018739e+04 1.012278e+04
6.0 1.017178e+04 1.018175e+04 1.017031e+04 1.016034e+04
7.0 1.012883e+04 1.021222e+04 1.015685e+04 1.007346e+04
8.0 1.019929e+04 1.020724e+04 1.018328e+04 1.017533e+04
9.0 1.017250e+04 1.018082e+04 1.018741e+04 1.017909e+04
10.0 1.021188e+04 1.017103e+04 1.017278e+04 1.021362e+04
11.0 1.029833e+04 1.021128e+04 1.016848e+04 1.025553e+04
12.0 1.029982e+04 1.022018e+04 1.017040e+04 1.025004e+04
13.0 1.013211e+04 1.016641e+04 1.017505e+04 1.014074e+04
14.0 1.013079e+04 1.012241e+04 1.017342e+04 1.018180e+04
15.0 1.008361e+04 1.008860e+04 1.016921e+04 1.016423e+04
16.0 1.011626e+04 1.008440e+04 1.016631e+04 1.019818e+04
17.0 1.005473e+04 1.011658e+04 1.016495e+04 1.010310e+04
18.0 1.011019e+04 1.011112e+04 1.016452e+04 1.016358e+04
0.2 1.023766e+04 1.022041e+04 1.015060e+04 1.016785e+04
1.2 1.014305e+04 1.020766e+04 1.018739e+04 1.012278e+04
2.2 1.017178e+04 1.018175e+04 1.017031e+04 1.016034e+04
3.2 1.012883e+04 1.021222e+04 1.015685e+04 1.007346e+04
4.2 1.019929e+04 1.020724e+04 1.018328e+04 1.017533e+04
5.2 1.017250e+04 1.018082e+04 1.018741e+04 1.017909e+04
6.2 1.021188e+04 1.017103e+04 1.017278e+04 1.021362e+04
7.2 1.029833e+04 1.021128e+04 1.016848e+04 1.025553e+04
8.2 1.029982e+04 1.022018e+04 1.017040e+04 1.025004e+04
9.2 1.013211e+04 1.016641e+04 1.017505e+04 1.014074e+04
10.2 1.013079e+04 1.012241e+04 1.017342e+04 1.018180e+04
11.2 1.008361e+04 1.008860e+04 1.016921e+04 1.016423e+04
12.2 1.011626e+04 1.008440e+04 1.016631e+04 1.019818e+04
13.2 1.005473e+04 1.011658e+04 1.016495e+04 1.010310e+04
14.2 1.011019e+04 1.011112e+04 1.016452e+04 1.016358e+04
15.2 1.014846e+04 1.010284e+04 1.016460e+04 1.021021e+04
16.2 1.023279e+04 1.010963e+04 1.016490e+04 1.028806e+04
17.2 1.021964e+04 1.017101e+04 1.016525e+04 1.021387e+04
0.7 1.019929e+04 1.020724e+04 1.018328e+04 1.017533e+04
1.7 1.017250e+04 1.018082e+04 1.018741e+04 1.017909e+04
2.7 1.021188e+04 1.017103e+04 1.017278e+04 1.021362e+04
3.7 1.029833e+04 1.021128e+04 1.016848e+04 1.025553e+04
4.7 1.029982e+04 1.022018e+04 1.017040e+04 1.025004e+04
5.7 1.013211e+04 1.016641e+04 1.017505e+04 1.014074e+04
6.7 1.013079e+04 1.012241e+04 1.017342e+04 1.018180e+04
7.7 1.008361e+04 1.008860e+04 1.016921e+04 1.016423e+04
8.7 1.011626e+04 1.008440e+04 1.016631e+04 1.019818e+04
9.7 1.005473e+04 1.011658e+04 1.016495e+04 1.010310e+04
10.7 1.011019e+04 1.011112e+04 1.016452e+04 1.016358e+04
11.7 1.014846e+04 1.010284e+04 1.016460e+04 1.021021e+04
12.7 1.023279e+04 1.010963e+04 1.016490e+04 1.028806e+04
13.7 1.021964e+04 1.017101e+04 1.016525e+04 1.021387e+04
14.7 1.025286e+04 1.020930e+04 1.016555e+04 1.020911e+04
15.7 1.030315e+04 1.025902e+04 1.016578e+04 1.020991e+04
16.7 1.010563e+04 1.025837e+04 1.016595e+04 1.001321e+04
17.7 1.032551e+04 1.022463e+04 1.016607e+04 1.026695e+04
0.9 1.021188e+04 1.017103e+04 1.017278e+04 1.021362e+04
1.9 1.029833e+04 1.021128e+04 1.016848e+04 1.025553e+04
2.9 1.029982e+04 1.022018e+04 1.017040e+04 1.025004e+04
3.9 1.013211e+04 1.016641e+04 1.017505e+04 1.014074e+04
4.9 1.013079e+04 1.012241e+04 1.017342e+04 1.018180e+04
5.9 1.008361e+04 1.008860e+04 1.016921e+04 1.016423e+04
6.9 1.011626e+04 1.008440e+04 1.016631e+04 1.019818e+04
7.9 1.005473e+04 1.011658e+04 1.016495e+04 1.010310e+04
8.9 1.011019e+04 1.011112e+04 1.016452e+04 1.016358e+04
9.9 1.014846e+04 1.010284e+04 1.016460e+04 1.021021e+04
10.9 1.023279e+04 1.010963e+04 1.016490e+04 1.028806e+04
11.9 1.021964e+04 1.017101e+04 1.016525e+04 1.021387e+04
12.9 1.025286e+04 1.020930e+04 1.016555e+04 1.020911e+04
13.9 1.030315e+04 1.025902e+04 1.016578e+04 1.020991e+04
14.9 1.010563e+04 1.025837e+04 1.016595e+04 1.001321e+04
15.9 1.032551e+04 1.022463e+04 1.016607e+04 1.026695e+04
16.9 1.017601e+04 1.020127e+04 1.016618e+04 1.014093e+04
17.9 1.015276e+04 1.023074e+04 1.016627e+04 1.008829e+04
0.6 1.005696e+04 1.006068e+04 1.016886e+04 1.016515e+04
1.6 1.009023e+04 1.004336e+04 1.016133e+04 1.020819e+04
2.6 1.009448e+04 1.012257e+04 1.015631e+04 1.012822e+04
3.6 1.008869e+04 1.013835e+04 1.017006e+04 1.012039e+04
4.6 1.010769e+04 1.016296e+04 1.017365e+04 1.011837e+04
5.6 1.013796e+04 1.015675e+04 1.014839e+04 1.012960e+04
6.6 1.027469e+04 1.022335e+04 1.014292e+04 1.019426e+04
7.6 1.014711e+04 1.019498e+04 1.015258e+04 1.010470e+04
8.6 1.025975e+04 1.022775e+04 1.014216e+04 1.017416e+04
9.6 1.017579e+04 1.022231e+04 1.016061e+04 1.011409e+04
10.6 1.022372e+04 1.020405e+04 1.018935e+04 1.020903e+04
11.6 1.018756e+04 1.020138e+04 1.018944e+04 1.017561e+04
12.6 1.016451e+04 1.017818e+04 1.018826e+04 1.017459e+04
13.6 1.023614e+04 1.014723e+04 1.018553e+04 1.027444e+04
14.6 1.026445e+04 1.018412e+04 1.017453e+04 1.025486e+04
15.6 1.022297e+04 1.017734e+04 1.016687e+04 1.021250e+04
16.6 1.026642e+04 1.019684e+04 1.016515e+04 1.023473e+04
17.6 1.011764e+04 1.015898e+04 1.016410e+04 1.012276e+04
0.2 1.009448e+04 1.012257e+04 1.015631e+04 1.012822e+04
1.2 1.008869e+04 1.013835e+04 1.017006e+04 1.012039e+04
2.2 1.010769e+04 1.016296e+04 1.017365e+04 1.011837e+04
3.2 1.013796e+04 1.015675e+04 1.014839e+04 1.012960e+04
4.2 1.027469e+04 1.022335e+04 1.014292e+04 1.019426e+04
5.2 1.014711e+04 1.019498e+04 1.015258e+04 1.010470e+04
6.2 1.025975e+04 1.022775e+04 1.014216e+04 1.017416e+04
7.2 1.017579e+04 1.022231e+04 1.016061e+04 1.011409e+04
8.2 1.022372e+04 1.020405e+04 1.018935e+04 1.020903e+04
9.2 1.018756e+04 1.020138e+04 1.018944e+04 1.017561e+04
10.2 1.016451e+04 1.017818e+04 1.018826e+04 1.017459e+04
11.2 1.023614e+04 1.014723e+04 1.018553e+04 1.027444e+04
12.2 1.026445e+04 1.018412e+04 1.017453e+04 1.025486e+04
13.2 1.022297e+04 1.017734e+04 1.016687e+04 1.021250e+04
14.2 1.026642e+04 1.019684e+04 1.016515e+04 1.023473e+04
15.2 1.011764e+04 1.015898e+04 1.016410e+04 1.012276e+04
16.2 1.005842e+04 1.016141e+04 1.016288e+04 1.005988e+04
17.2 1.014104e+04 1.017364e+04 1.016319e+04 1.013060e+04
1.0 1.010769e+04 1.016296e+04 1.017365e+04 1.011837e+04
2.0 1.013796e+04 1.015675e+04 1.014839e+04 1.012960e+04
3.0 1.027469e+04 1.022335e+04 1.014292e+04 1.019426e+04
4.0 1.014711e+04 1.019498e+04 1.015258e+04 1.010470e+04
5.0 1.025975e+04 1.022775e+04 1.014216e+04 1.017416e+04
6.0 1.017579e+04 1.022231e+04 1.016061e+04 1.011409e+04
7.0 1.022372e+04 1.020405e+04 1.018935e+04 1.020903e+04
8.0 1.018756e+04 1.020138e+04 1.018944e+04 1.017561e+04
9.0 1.016451e+04 1.017818e+04 1.018826e+04 1.017459e+04
10.0 1.023614e+04 1.014723e+04 1.018553e+04 1.027444e+04
11.0 1.026445e+04 1.018412e+04 1.017453e+04 1.025486e+04
12.0 1.022297e+04 1.017734e+04 1.016687e+04 1.021250e+04
13.0 1.026642e+04 1.019684e+04 1.016515e+04 1.023473e+04
14.0 1.011764e+04 1.015898e+04 1.016410e+04 1.012276e+04
15.0 1.005842e+04 1.016141e+04 1.016288e+04 1.005988e+04
16.0 1.014104e+04 1.017364e+04 1.016319e+04 1.013060e+04
17.0 1.013590e+04 1.018460e+04 1.016370e+04 1.011500e+04
18.0 1.021429e+04 1.019002e+04 1.016048e+04 1.018475e+04
0.8 1.027469e+04 1.022335e+04 1.014292e+04 1.019426e+04
1.8 1.014711e+04 1.019498e+04 1.015258e+04 1.010470e+04
2.8 1.025975e+04 1.022775e+04 1.014216e+04 1.017416e+04
3.8 1.017579e+04 1.022231e+04 1.016061e+04 1.011409e+04
4.8 1.022372e+04 1.020405e+04 1.018935e+04 1.020903e+04
5.8 1.018756e+04 1.020138e+04 1.018944e+04 1.017561e+04
6.8 1.016451e+04 1.017818e+04 1.018826e+04 1.017459e+04
7.8 1.023614e+04 1.014723e+04 1.018553e+04 1.027444e+04
8.8 1.026445e+04 1.018412e+04 1.017453e+04 1.025486e+04
9.8 1.022297e+04 1.017734e+04 1.016687e+04 1.021250e+04
10.8 1.026642e+04 1.019684e+04 1.016515e+04 1.023473e+04
11.8 1.011764e+04 1.015898e+04 1.016410e+04 1.012276e+04
12.8 1.005842e+04 1.016141e+04 1.016288e+04 1.005988e+04
13.8 1.014104e+04 1.017364e+04 1.016319e+04 1.013060e+04
14.8 1.013590e+04 1.018460e+04 1.016370e+04 1.011500e+04
15.8 1.021429e+04 1.019002e+04 1.016048e+04 1.018475e+04
16.8 1.029059e+04 1.020744e+04 1.016238e+04 1.024553e+04
17.8 1.013425e+04 1.013987e+04 1.017033e+04 1.016472e+04
0.4 1.017579e+04 1.022231e+04 1.016061e+04 1.011409e+04
1.4 1.022372e+04 1.020405e+04 1.018935e+04 1.020903e+04
2.4 1.018756e+04 1.020138e+04 1.018944e+04 1.017561e+04
3.4 1.016451e+04 1.017818e+04 1.018826e+04 1.017459e+04
4.4 1.023614e+04 1.014723e+04 1.018553e+04 1.027444e+04
5.4 1.026445e+04 1.018412e+04 1.017453e+04 1.025486e+04
6.4 1.022297e+04 1.017734e+04 1.016687e+04 1.021250e+04
7.4 1.026642e+04 1.019684e+04 1.016515e+04 1.023473e+04
8.4 1.011764e+04 1.015898e+04 1.016410e+04 1.012276e+04
9.4 1.005842e+04 1.016141e+04 1.016288e+04 1.005988e+04
10.4 1.014104e+04 1.017364e+04 1.016319e+04 1.013060e+04
11.4 1.013590e+04 1.018460e+04 1.016370e+04 1.011500e+04
12.4 1.021429e+04 1.019002e+04 1.016048e+04 1.018475e+04
13.4 1.029059e+04 1.020744e+04 1.016238e+04 1.024553e+04
14.4 1.013425e+04 1.013987e+04 1.017033e+04 1.016472e+04
15.4 1.022971e+04 1.011521e+04 1.017178e+04 1.028627e+04
16.4 1.022533e+04 1.009429e+04 1.016956e+04 1.030060e+04
17.4 1.016848e+04 1.014653e+04 1.016758e+04 1.018952e+04
0.1 1.018756e+04 1.020138e+04 1.018944e+04 1.017561e+04
1.1 1.016451e+04 1.017818e+04 1.018826e+04 1.017459e+04
2.1 1.023614e+04 1.014723e+04 1.018553e+04 1.027444e+04
3.1 1.026445e+04 1.018412e+04 1.017453e+04 1.025486e+04
4.1 1.022297e+04 1.017734e+04 1.016687e+04 1.021250e+04
5.1 1.026642e+04 1.019684e+04 1.016515e+04 1.023473e+04
6.1 1.011764e+04 1.015898e+04 1.016410e+04 1.012276e+04
7.1 1.005842e+04 1.016141e+04 1.016288e+04 1.005988e+04
8.1 1.014104e+04 1.017364e+04 1.016319e+04 1.013060e+04
9.1 1.013590e+04 1.018460e+04 1.016370e+04 1.011500e+04
10.1 1.021429e+04 1.019002e+04 1.016048e+04 1.018475e+04
11.1 1.029059e+04 1.020744e+04 1.016238e+04 1.024553e+04
12.1 1.013425e+04 1.013987e+04 1.017033e+04 1.016472e+04
13.1 1.022971e+04 1.011521e+04 1.017178e+04 1.028627e+04
14.1 1.022533e+04 1.009429e+04 1.016956e+04 1.030060e+04
15.1 1.016848e+04 1.014653e+04 1.016758e+04 1.018952e+04
16.1 1.008114e+04 1.019244e+04 1.016644e+04 1.005514e+04
17.1 1.018826e+04 1.018250e+04 1.016589e+04 1.017165e+04
0.9 1.023614e+04 1.014723e+04 1.018553e+04 1.027444e+04
1.9 1.026445e+04 1.018412e+04 1.017453e+04 1.025486e+04
2.9 1.022297e+04 1.017734e+04 1.016687e+04 1.021250e+04
3.9 1.026642e+04 1.019684e+04 1.016515e+04 1.023473e+04
4.9 1.011764e+04 1.015898e+04 1.016410e+04 1.012276e+04
5.9 1.005842e+04 1.016141e+04 1.016288e+04 1.005988e+04
6.9 1.014104e+04 1.017364e+04 1.016319e+04 1.013060e+04
7.9 1.013590e+04 1.018460e+04 1.016370e+04 1.011500e+04
8.9 1.021429e+04 1.019002e+04 1.016048e+04 1.018475e+04
9.9 1.029059e+04 1.020744e+04 1.016238e+04 1.024553e+04
10.9 1.013425e+04 1.013987e+04 1.017033e+04 1.016472e+04
11.9 1.022971e+04 1.011521e+04 1.017178e+04 1.028627e+04
12.9 1.022533e+04 1.009429e+04 1.016956e+04 1.030060e+04
13.9 1.016848e+04 1.014653e+04 1.016758e+04 1.018952e+04
14.9 1.008114e+04 1.019244e+04 1.016644e+04 1.005514e+04
15.9 1.018826e+04 1.018250e+04 1.016589e+04 1.017165e+04
16.9 1.020372e+04 1.019079e+04 1.016574e+04 1.017867e+04
17.9 1.000533e+04 1.011406e+04 1.016582e+04 1.005709e+04
0.4 1.026445e+04 1.018412e+04 1.017453e+04 1.025486e+04
1.4 1.022297e+04 1.017734e+04 1.016687e+04 1.021250e+04
2.4 1.026642e+04 1.019684e+04 1.016515e+04 1.023473e+04
3.4 1.011764e+04 1.015898e+04 1.016410e+04 1.012276e+04
4.4 1.005842e+04 1.016141e+04 1.016288e+04 1.005988e+04
5.4 1.014104e+04 1.017364e+04 1.016319e+04 1.013060e+04
6.4 1.013590e+04 1.018460e+04 1.016370e+04 1.011500e+04
7.4 1.021429e+04 1.019002e+04 1.016048e+04 1.018475e+04
8.4 1.029059e+04 1.020744e+04 1.016238e+04 1.024553e+04
9.4 1.013425e+04 1.013987e+04 1.017033e+04 1.016472e+04
10.4 1.022971e+04 1.011521e+04 1.017178e+04 1.028627e+04
11.4 1.022533e+04 1.009429e+04 1.016956e+04 1.030060e+04
12.4 1.016848e+04 1.014653e+04 1.016758e+04 1.018952e+04
13.4 1.008114e+04 1.019244e+04 1.016644e+04 1.005514e+04
14.4 1.018826e+04 1.018250e+04 1.016589e+04 1.017165e+04
15.4 1.020372e+04 1.019079e+04 1.016574e+04 1.017867e+04
16.4 1.000533e+04 1.011406e+04 1.016582e+04 1.005709e+04
17.4 1.017113e+04 1.021021e+04 1.016600e+04 1.012692e+04
0.4 1.026642e+04 1.019684e+04 1.016515e+04 1.023473e+04
1.4 1.011764e+04 1.015898e+04 1.016410e+04 1.012276e+04
2.4 1.005842e+04 1.016141e+04 1.016288e+04 1.005988e+04
3.4 1.014104e+04 1.017364e+04 1.016319e+04 1.013060e+04
4.4 1.013590e+04 1.018460e+04 1.016370e+04 1.011500e+04
5.4 1.021429e+04 1.019002e+04 1.016048e+04 1.018475e+04
6.4 1.029059e+04 1.020744e+04 1.016238e+04 1.024553e+04
7.4 1.013425e+04 1.013987e+04 1.017033e+04 1.016472e+04
8.4 1.022971e+04 1.011521e+04 1.017178e+04 1.028627e+04
9.4 1.022533e+04 1.009429e+04 1.016956e+04 1.030060e+04
10.4 1.016848e+04 1.014653e+04 1.016758e+04 1.018952e+04
11.4 1.008114e+04 1.019244e+04 1.016644e+04 1.005514e+04
12.4 1.018826e+04 1.018250e+04 1.016589e+04 1.017165e+04
13.4 1.020372e+04 1.019079e+04 1.016574e+04 1.017867e+04
14.4 1.000533e+04 1.011406e+04 1.016582e+04 1.005709e+04
15.4 1.017113e+04 1.021021e+04 1.016600e+04 1.012692e+04
16.4 1.029990e+04 1.024686e+04 1.016619e+04 1.021923e+04
17.4 1.029798e+04 1.015116e+04 1.016635e+04 1.031316e+04
0.8 1.005842e+04 1.016141e+04 1.016288e+04 1.005988e+04
1.8 1.014104e+04 1.017364e+04 1.016319e+04 1.013060e+04
2.8 1.013590e+04 1.018460e+04 1.016370e+04 1.011500e+04
3.8 1.021429e+04 1.019002e+04 1.016048e+04 1.018475e+04
4.8 1.029059e+04 1.020744e+04 1.016238e+04 1.024553e+04
5.8 1.013425e+04 1.013987e+04 1.017033e+04 1.016472e+04
6.8 1.022971e+04 1.011521e+04 1.017178e+04 1.028627e+04
7.8 1.022533e+04 1.009429e+04 1.016956e+04 1.030060e+04
8.8 1.016848e+04 1.014653e+04 1.016758e+04 1.018952e+04
9.8 1.008114e+04 1.019244e+04 1.016644e+04 1.005514e+04
10.8 1.018826e+04 1.018250e+04 1.016589e+04 1.017165e+04
11.8 1.020372e+04 1.019079e+04 1.016574e+04 1.017867e+04
12.8 1.000533e+04 1.011406e+04 1.016582e+04 1.005709e+04
13.8 1.017113e+04 1.021021e+04 1.016600e+04 1.012692e+04
14.8 1.029990e+04 1.024686e+04 1.016619e+04 1.021923e+04
15.8 1.029798e+04 1.015116e+04 1.016635e+04 1.031316e+04
16.8 1.010125e+04 1.010253e+04 1.016648e+04 1.016520e+04
17.8 1.014468e+04 1.011313e+04 1.016658e+04 1.019812e+04
1.0 1.013590e+04 1.018460e+04 1.016370e+04 1.011500e+04
2.0 1.021429e+04 1.019002e+04 1.016048e+04 1.018475e+04
3.0 1.029059e+04 1.020744e+04 1.016238e+04 1.024553e+04
4.0 1.013425e+04 1.013987e+04 1.017033e+04 1.016472e+04
5.0 1.022971e+04 1.011521e+04 1.017178e+04 1.028627e+04
6.0 1.022533e+04 1.009429e+04 1.016956e+04 1.030060e+04
7.0 1.016848e+04 1.014653e+04 1.016758e+04 1.018952e+04
8.0 1.008114e+04 1.019244e+04 1.016644e+04 1.005514e+04
9.0 1.018826e+04 1.018250e+04 1.016589e+04 1.017165e+04
10.0 1.020372e+04 1.019079e+04 1.016574e+04 1.017867e+04
11.0 1.000533e+04 1.011406e+04 1.016582e+04 1.005709e+04
12.0 1.017113e+04 1.021021e+04 1.016600e+04 1.012692e+04
13.0 1.029990e+04 1.024686e+04 1.016619e+04 1.021923e+04
14.0 1.029798e+04 1.015116e+04 1.016635e+04 1.031316e+04
15.0 1.010125e+04 1.010253e+04 1.016648e+04 1.016520e+04
16.0 1.014468e+04 1.011313e+04 1.016658e+04 1.019812e+04
17.0 1.001475e+04 1.008910e+04 1.016668e+04 1.009233e+04
18.0 1.009254e+04 1.012667e+04 1.016677e+04 1.013264e+04
0.2 9.978894e+03 1.002696e+04 1.016888e+04 1.012082e+04
1.2 1.004497e+04 1.001883e+04 1.016474e+04 1.019088e+04
2.2 1.007675e+04 1.005764e+04 1.015770e+04 1.017681e+04
3.2 1.010020e+04 1.007614e+04 1.015954e+04 1.018360e+04
4.2 1.001820e+04 1.015496e+04 1.016027e+04 1.002350e+04
5.2 1.014422e+04 1.014954e+04 1.016656e+04 1.016125e+04
6.2 1.016937e+04 1.016812e+04 1.016275e+04 1.016400e+04
7.2 1.016506e+04 1.017164e+04 1.015748e+04 1.015090e+04
8.2 1.016013e+04 1.020082e+04 1.017572e+04 1.013504e+04
9.2 1.018235e+04 1.016088e+04 1.018378e+04 1.020525e+04
10.2 1.014728e+04 1.019522e+04 1.017062e+04 1.012268e+04
11.2 1.014131e+04 1.020064e+04 1.015152e+04 1.009220e+04
12.2 1.020652e+04 1.023434e+04 1.015684e+04 1.012903e+04
13.2 1.014570e+04 1.019940e+04 1.017220e+04 1.011850e+04
14.2 1.017466e+04 1.021813e+04 1.016973e+04 1.012626e+04
15.2 1.034048e+04 1.019237e+04 1.014535e+04 1.029346e+04
16.2 1.033817e+04 1.022190e+04 1.012870e+04 1.024496e+04
17.2 1.019207e+04 1.023183e+04 1.016184e+04 1.012208e+04
0.1 1.007675e+04 1.005764e+04 1.015770e+04 1.017681e+04
1.1 1.010020e+04 1.007614e+04 1.015954e+04 1.018360e+04
2.1 1.001820e+04 1.015496e+04 1.016027e+04 1.002350e+04
3.1 1.014422e+04 1.014954e+04 1.016656e+04 1.016125e+04
4.1 1.016937e+04 1.016812e+04 1.016275e+04 1.016400e+04
5.1 1.016506e+04 1.017164e+04 1.015748e+04 1.015090e+04
6.1 1.016013e+04 1.020082e+04 1.017572e+04 1.013504e+04
7.1 1.018235e+04 1.016088e+04 1.018378e+04 1.020525e+04
8.1 1.014728e+04 1.019522e+04 1.017062e+04 1.012268e+04
9.1 1.014131e+04 1.020064e+04 1.015152e+04 1.009220e+04
10.1 1.020652e+04 1.023434e+04 1.015684e+04 1.012903e+04
11.1 1.014570e+04 1.019940e+04 1.017220e+04 1.011850e+04
12.1 1.017466e+04 1.021813e+04 1.016973e+04 1.012626e+04
13.1 1.034048e+04 1.019237e+04 1.014535e+04 1.029346e+04
14.1 1.033817e+04 1.022190e+04 1.012870e+04 1.024496e+04
15.1 1.019207e+04 1.023183e+04 1.016184e+04 1.012208e+04
16.1 1.021549e+04 1.020686e+04 1.019556e+04 1.020420e+04
17.1 1.020466e+04 1.018881e+04 1.017815e+04 1.019400e+04
0.8 1.014422e+04 1.014954e+04 1.016656e+04 1.016125e+04
1.8 1.016937e+04 1.016812e+04 1.016275e+04 1.016400e+04
2.8 1.016506e+04 1.017164e+04 1.015748e+04 1.015090e+04
3.8 1.016013e+04 1.020082e+04 1.017572e+04 1.013504e+04
4.8 1.018235e+04 1.016088e+04 1.018378e+04 1.020525e+04
5.8 1.014728e+04 1.019522e+04 1.017062e+04 1.012268e+04
6.8 1.014131e+04 1.020064e+04 1.015152e+04 1.009220e+04
7.8 1.020652e+04 1.023434e+04 1.015684e+04 1.012903e+04
8.8 1.014570e+04 1.019940e+04 1.017220e+04 1.011850e+04
9.8 1.017466e+04 1.021813e+04 1.016973e+04 1.012626e+04
10.8 1.034048e+04 1.019237e+04 1.014535e+04 1.029346e+04
11.8 1.033817e+04 1.022190e+04 1.012870e+04 1.024496e+04
12.8 1.019207e+04 1.023183e+04 1.016184e+04 1.012208e+04
13.8 1.021549e+04 1.020686e+04 1.019556e+04 1.020420e+04
14.8 1.020466e+04 1.018881e+04 1.017815e+04 1.019400e+04
15.8 1.022708e+04 1.019211e+04 1.016748e+04 1.020244e+04
16.8 1.010989e+04 1.020253e+04 1.018049e+04 1.008786e+04
17.8 1.016273e+04 1.018852e+04 1.017981e+04 1.015401e+04
0.1 1.016506e+04 1.017164e+04 1.015748e+04 1.015090e+04
1.1 1.016013e+04 1.020082e+04 1.017572e+04 1.013504e+04
2.1 1.018235e+04 1.016088e+04 1.018378e+04 1.020525e+04
3.1 1.014728e+04 1.019522e+04 1.017062e+04 1.012268e+04
4.1 1.014131e+04 1.020064e+04 1.015152e+04 1.009220e+04
5.1 1.020652e+04 1.023434e+04 1.015684e+04 1.012903e+04
6.1 1.014570e+04 1.019940e+04 1.017220e+04 1.011850e+04
7.1 1.017466e+04 1.021813e+04 1.016973e+04 1.012626e+04
8.1 1.034048e+04 1.019237e+04 1.014535e+04 1.029346e+04
9.1 1.033817e+04 1.022190e+04 1.012870e+04 1.024496e+04
10.1 1.019207e+04 1.023183e+04 1.016184e+04 1.012208e+04
11.1 1.021549e+04 1.020686e+04 1.019556e+04 1.020420e+04
12.1 1.020466e+04 1.018881e+04 1.017815e+04 1.019400e+04
13.1 1.022708e+04 1.019211e+04 1.016748e+04 1.020244e+04
14.1 1.010989e+04 1.020253e+04 1.018049e+04 1.008786e+04
15.1 1.016273e+04 1.018852e+04 1.017981e+04 1.015401e+04
16.1 1.015130e+04 1.021425e+04 1.017166e+04 1.010870e+04
17.1 1.006703e+04 1.019243e+04 1.016958e+04 1.004417e+04
0.3 1.018235e+04 1.016088e+04 1.018378e+04 1.020525e+04
1.3 1.014728e+04 1.019522e+04 1.017062e+04 1.012268e+04
2.3 1.014131e+04 1.020064e+04 1.015152e+04 1.009220e+04
3.3 1.020652e+04 1.023434e+04 1.015684e+04 1.012903e+04
4.3 1.014570e+04 1.019940e+04 1.017220e+04 1.011850e+04
5.3 1.017466e+04 1.021813e+04 1.016973e+04 1.012626e+04
6.3 1.034048e+04 1.019237e+04 1.014535e+04 1.029346e+04
7.3 1.033817e+04 1.022190e+04 1.012870e+04 1.024496e+04
8.3 1.019207e+04 1.023183e+04 1.016184e+04 1.012208e+04
9.3 1.021549e+04 1.020686e+04 1.019556e+04 1.020420e+04
10.3 1.020466e+04 1.018881e+04 1.017815e+04 1.019400e+04
11.3 1.022708e+04 1.019211e+04 1.016748e+04 1.020244e+04
12.3 1.010989e+04 1.020253e+04 1.018049e+04 1.008786e+04
13.3 1.016273e+04 1.018852e+04 1.017981e+04 1.015401e+04
14.3 1.015130e+04 1.021425e+04 1.017166e+04 1.010870e+04
15.3 1.006703e+04 1.019243e+04 1.016958e+04 1.004417e+04
16.3 1.021492e+04 1.019466e+04 1.016670e+04 1.018696e+04
17.3 1.025400e+04 1.019516e+04 1.016367e+04 1.022251e+04
1.0 1.020652e+04 1.023434e+04 1.015684e+04 1.012903e+04
2.0 1.014570e+04 1.019940e+04 1.017220e+04 1.011850e+04
3.0 1.017466e+04 1.021813e+04 1.016973e+04 1.012626e+04
4.0 1.034048e+04 1.019237e+04 1.014535e+04 1.029346e+04
5.0 1.033817e+04 1.022190e+04 1.012870e+04 1.024496e+04
6.0 1.019207e+04 1.023183e+04 1.016184e+04 1.012208e+04
7.0 1.021549e+04 1.020686e+04 1.019556e+04 1.020420e+04
8.0 1.020466e+04 1.018881e+04 1.017815e+04 1.019400e+04
9.0 1.022708e+04 1.019211e+04 1.016748e+04 1.020244e+04
10.0 1.010989e+04 1.020253e+04 1.018049e+04 1.008786e+04
11.0 1.016273e+04 1.018852e+04 1.017981e+04 1.015401e+04
12.0 1.015130e+04 1.021425e+04 1.017166e+04 1.010870e+04
13.0 1.006703e+04 1.019243e+04 1.016958e+04 1.004417e+04
14.0 1.021492e+04 1.019466e+04 1.016670e+04 1.018696e+04
15.0 1.025400e+04 1.019516e+04 1.016367e+04 1.022251e+04
16.0 1.013598e+04 1.016407e+04 1.017005e+04 1.014196e+04
17.0 1.018182e+04 1.010395e+04 1.017201e+04 1.024989e+04
18.0 1.022538e+04 1.006730e+04 1.016938e+04 1.032746e+04
0.2 1.014570e+04 1.019940e+04 1.017220e+04 1.011850e+04
1.2 1.017466e+04 1.021813e+04 1.016973e+04 1.012626e+04
2.2 1.034048e+04 1.019237e+04 1.014535e+04 1.029346e+04
3.2 1.033817e+04 1.022190e+04 1.012870e+04 1.024496e+04
4.2 1.019207e+04 1.023183e+04 1.016184e+04 1.012208e+04
5.2 1.021549e+04 1.020686e+04 1.019556e+04 1.020420e+04
6.2 1.020466e+04 1.018881e+04 1.017815e+04 1.019400e+04
7.2 1.022708e+04 1.019211e+04 1.016748e+04 1.020244e+04
8.2 1.010989e+04 1.020253e+04 1.018049e+04 1.008786e+04
9.2 1.016273e+04 1.018852e+04 1.017981e+04 1.015401e+04
10.2 1.015130e+04 1.021425e+04 1.017166e+04 1.010870e+04
11.2 1.006703e+04 1.019243e+04 1.016958e+04 1.004417e+04
12.2 1.021492e+04 1.019466e+04 1.016670e+04 1.018696e+04
13.2 1.025400e+04 1.019516e+04 1.016367e+04 1.022251e+04
14.2 1.013598e+04 1.016407e+04 1.017005e+04 1.014196e+04
15.2 1.018182e+04 1.010395e+04 1.017201e+04 1.024989e+04
16.2 1.022538e+04 1.006730e+04 1.016938e+04 1.032746e+04
17.2 1.007315e+04 1.007105e+04 1.016690e+04 1.016901e+04
0.2 1.019207e+04 1.023183e+04 1.016184e+04 1.012208e+04
1.2 1.021549e+04 1.020686e+04 1.019556e+04 1.020420e+04
2.2 1.020466e+04 1.018881e+04 1.017815e+04 1.019400e+04
3.2 1.022708e+04 1.019211e+04 1.016748e+04 1.020244e+04
4.2 1.010989e+04 1.020253e+04 1.018049e+04 1.008786e+04
5.2 1.016273e+04 1.018852e+04 1.017981e+04 1.015401e+04
6.2 1.015130e+04 1.021425e+04 1.017166e+04 1.010870e+04
7.2 1.006703e+04 1.019243e+04 1.016958e+04 1.004417e+04
8.2 1.021492e+04 1.019466e+04 1.016670e+04 1.018696e+04
9.2 1.025400e+04 1.019516e+04 1.016367e+04 1.022251e+04
10.2 1.013598e+04 1.016407e+04 1.017005e+04 1.014196e+04
11.2 1.018182e+04 1.010395e+04 1.017201e+04 1.024989e+04
12.2 1.022538e+04 1.006730e+04 1.016938e+04 1.032746e+04
13.2 1.007315e+04 1.007105e+04 1.016690e+04 1.016901e+04
14.2 1.016482e+04 1.009075e+04 1.016559e+04 1.023966e+04
15.2 1.008766e+04 1.012482e+04 1.016505e+04 1.012789e+04
16.2 1.009459e+04 1.012490e+04 1.016497e+04 1.013466e+04
17.2 1.008163e+04 1.016115e+04 1.016514e+04 1.008562e+04
0.5 1.022708e+04 1.019211e+04 1.016748e+04 1.020244e+04
1.5 1.010989e+04 1.020253e+04 1.018049e+04 1.008786e+04
2.5 1.016273e+04 1.018852e+04 1.017981e+04 1.015401e+04
3.5 1.015130e+04 1.021425e+04 1.017166e+04 1.010870e+04
4.5 1.006703e+04 1.019243e+04 1.016958e+04 1.004417e+04
5.5 1.021492e+04 1.019466e+04 1.016670e+04 1.018696e+04
6.5 1.025400e+04 1.019516e+04 1.016367e+04 1.022251e+04
7.5 1.013598e+04 1.016407e+04 1.017005e+04 1.014196e+04
8.5 1.018182e+04 1.010395e+04 1.017201e+04 1.024989e+04
9.5 1.022538e+04 1.006730e+04 1.016938e+04 1.032746e+04
10.5 1.007315e+04 1.007105e+04 1.016690e+04 1.016901e+04
11.5 1.016482e+04 1.009075e+04 1.016559e+04 1.023966e+04
12.5 1.008766e+04 1.012482e+04 1.016505e+04 1.012789e+04
13.5 1.009459e+04 1.012490e+04 1.016497e+04 1.013466e+04
14.5 1.008163e+04 1.016115e+04 1.016514e+04 1.008562e+04
15.5 1.007381e+04 1.013564e+04 1.016541e+04 1.010359e+04
16.5 1.014100e+04 1.019062e+04 1.016567e+04 1.011604e+04
17.5 1.019653e+04 1.023326e+04 1.016587e+04 1.012913e+04
0.9 1.016273e+04 1.018852e+04 1.017981e+04 1.015401e+04
1.9 1.015130e+04 1.021425e+04 1.017166e+04 1.010870e+04
2.9 1.006703e+04 1.019243e+04 1.016958e+04 1.004417e+04
3.9 1.021492e+04 1.019466e+04 1.016670e+04 1.018696e+04
4.9 1.025400e+04 1.019516e+04 1.016367e+04 1.022251e+04
5.9 1.013598e+04 1.016407e+04 1.017005e+04 1.014196e+04
6.9 1.018182e+04 1.010395e+04 1.017201e+04 1.024989e+04
7.9 1.022538e+04 1.006730e+04 1.016938e+04 1.032746e+04
8.9 1.007315e+04 1.007105e+04 1.016690e+04 1.016901e+04
9.9 1.016482e+04 1.009075e+04 1.016559e+04 1.023966e+04
10.9 1.008766e+04 1.012482e+04 1.016505e+04 1.012789e+04
11.9 1.009459e+04 1.012490e+04 1.016497e+04 1.013466e+04
12.9 1.008163e+04 1.016115e+04 1.016514e+04 1.008562e+04
13.9 1.007381e+04 1.013564e+04 1.016541e+04 1.010359e+04
14.9 1.014100e+04 1.019062e+04 1.016567e+04 1.011604e+04
15.9 1.019653e+04 1.023326e+04 1.016587e+04 1.012913e+04
16.9 1.034335e+04 1.023827e+04 1.016601e+04 1.027109e+04
17.9 1.015443e+04 1.020837e+04 1.016611e+04 1.011218e+04
0.9 1.006703e+04 1.019243e+04 1.016958e+04 1.004417e+04
1.9 1.021492e+04 1.019466e+04 1.016670e+04 1.018696e+04
2.9 1.025400e+04 1.019516e+04 1.016367e+04 1.022251e+04
3.9 1.013598e+04 1.016407e+04 1.017005e+04 1.014196e+04
4.9 1.018182e+04 1.010395e+04 1.017201e+04 1.024989e+04
5.9 1.022538e+04 1.006730e+04 1.016938e+04 1.032746e+04
6.9 1.007315e+04 1.007105e+04 1.016690e+04 1.016901e+04
7.9 1.016482e+04 1.009075e+04 1.016559e+04 1.023966e+04
8.9 1.008766e+04 1.012482e+04 1.016505e+04 1.012789e+04
9.9 1.009459e+04 1.012490e+04 1.016497e+04 1.013466e+04
10.9 1.008163e+04 1.016115e+04 1.016514e+04 1.008562e+04
11.9 1.007381e+04 1.013564e+04 1.016541e+04 1.010359e+04
12.9 1.014100e+04 1.019062e+04 1.016567e+04 1.011604e+04
13.9 1.019653e+04 1.023326e+04 1.016587e+04 1.012913e+04
14.9 1.034335e+04 1.023827e+04 1.016601e+04 1.027109e+04
15.9 1.015443e+04 1.020837e+04 1.016611e+04 1.011218e+04
16.9 1.009458e+04 1.017766e+04 1.016620e+04 1.008312e+04
17.9 1.016916e+04 1.015278e+04 1.016627e+04 1.018266e+04
0.2 1.018720e+04 1.017440e+04 1.016782e+04 1.018062e+04
1.2 9.985714e+03 1.010603e+04 1.016961e+04 1.004930e+04
2.2 1.022236e+04 1.012810e+04 1.016766e+04 1.026192e+04
3.2 1.016018e+04 1.012560e+04 1.014598e+04 1.018056e+04
4.2 1.026631e+04 1.018739e+04 1.012052e+04 1.019945e+04
5.2 1.030026e+04 1.020705e+04 1.014282e+04 1.023603e+04
6.2 1.022424e+04 1.022325e+04 1.018503e+04 1.018603e+04
7.2 1.018886e+04 1.017991e+04 1.018412e+04 1.019306e+04
8.2 1.024911e+04 1.021220e+04 1.018033e+04 1.021724e+04
9.2 1.028083e+04 1.021384e+04 1.019684e+04 1.026383e+04
10.2 1.021025e+04 1.017470e+04 1.019246e+04 1.022800e+04
11.2 1.014707e+04 1.018165e+04 1.016330e+04 1.012872e+04
12.2 1.015505e+04 1.018430e+04 1.014994e+04 1.012070e+04
13.2 1.013643e+04 1.017280e+04 1.016751e+04 1.013114e+04
14.2 1.024530e+04 1.017884e+04 1.017439e+04 1.024085e+04
15.2 1.025754e+04 1.017520e+04 1.016365e+04 1.024599e+04
16.2 1.017626e+04 1.018107e+04 1.016148e+04 1.015667e+04
17.2 1.006385e+04 1.016322e+04 1.016377e+04 1.006440e+04
0.7 1.022236e+04 1.012810e+04 1.016766e+04 1.026192e+04
1.7 1.016018e+04 1.012560e+04 1.014598e+04 1.018056e+04
2.7 1.026631e+04 1.018739e+04 1.012052e+04 1.019945e+04
3.7 1.030026e+04 1.020705e+04 1.014282e+04 1.023603e+04
4.7 1.022424e+04 1.022325e+04 1.018503e+04 1.018603e+04
5.7 1.018886e+04 1.017991e+04 1.018412e+04 1.019306e+04
6.7 1.024911e+04 1.021220e+04 1.018033e+04 1.021724e+04
7.7 1.028083e+04 1.021384e+04 1.019684e+04 1.026383e+04
8.7 1.021025e+04 1.017470e+04 1.019246e+04 1.022800e+04
9.7 1.014707e+04 1.018165e+04 1.016330e+04 1.012872e+04
10.7 1.015505e+04 1.018430e+04 1.014994e+04 1.012070e+04
11.7 1.013643e+04 1.017280e+04 1.016751e+04 1.013114e+04
12.7 1.024530e+04 1.017884e+04 1.017439e+04 1.024085e+04
13.7 1.025754e+04 1.017520e+04 1.016365e+04 1.024599e+04
14.7 1.017626e+04 1.018107e+04 1.016148e+04 1.015667e+04
15.7 1.006385e+04 1.016322e+04 1.016377e+04 1.006440e+04
16.7 1.017574e+04 1.016933e+04 1.016432e+04 1.017073e+04
17.7 1.012844e+04 1.015459e+04 1.016406e+04 1.013790e+04
1.0 1.022424e+04 1.022325e+04 1.018503e+04 1.018603e+04
2.0 1.018886e+04 1.017991e+04 1.018412e+04 1.019306e+04
3.0 1.024911e+04 1.021220e+04 1.018033e+04 1.021724e+04
4.0 1.028083e+04 1.021384e+04 1.019684e+04 1.026383e+04
5.0 1.021025e+04 1.017470e+04 1.019246e+04 1.022800e+04
6.0 1.014707e+04 1.018165e+04 1.016330e+04 1.012872e+04
7.0 1.015505e+04 1.018430e+04 1.014994e+04 1.012070e+04
8.0 1.013643e+04 1.017280e+04 1.016751e+04 1.013114e+04
9.0 1.024530e+04 1.017884e+04 1.017439e+04 1.024085e+04
10.0 1.025754e+04 1.017520e+04 1.016365e+04 1.024599e+04
11.0 1.017626e+04 1.018107e+04 1.016148e+04 1.015667e+04
12.0 1.006385e+04 1.016322e+04 1.016377e+04 1.006440e+04
13.0 1.017574e+04 1.016933e+04 1.016432e+04 1.017073e+04
14.0 1.012844e+04 1.015459e+04 1.016406e+04 1.013790e+04
15.0 1.027433e+04 1.019272e+04 1.016683e+04 1.024845e+04
16.0 1.016281e+04 1.015348e+04 1.017244e+04 1.018177e+04
17.0 1.011995e+04 1.018500e+04 1.016503e+04 1.009998e+04
18.0 1.018003e+04 1.019806e+04 1.015370e+04 1.013567e+04
0.9 1.024911e+04 1.021220e+04 1.018033e+04 1.021724e+04
1.9 1.028083e+04 1.021384e+04 1.019684e+04 1.026383e+04
2.9 1.021025e+04 1.017470e+04 1.019246e+04 1.022800e+04
3.9 1.014707e+04 1.018165e+04 1.016330e+04 1.012872e+04
4.9 1.015505e+04 1.018430e+04 1.014994e+04 1.012070e+04
5.9 1.013643e+04 1.017280e+04 1.016751e+04 1.013114e+04
6.9 1.024530e+04 1.017884e+04 1.017439e+04 1.024085e+04
7.9 1.025754e+04 1.017520e+04 1.016365e+04 1.024599e+04
8.9 1.017626e+04 1.018107e+04 1.016148e+04 1.015667e+04
9.9 1.006385e+04 1.016322e+04 1.016377e+04 1.006440e+04
10.9 1.017574e+04 1.016933e+04 1.016432e+04 1.017073e+04
11.9 1.012844e+04 1.015459e+04 1.016406e+04 1.013790e+04
12.9 1.027433e+04 1.019272e+04 1.016683e+04 1.024845e+04
13.9 1.016281e+04 1.015348e+04 1.017244e+04 1.018177e+04
14.9 1.011995e+04 1.018500e+04 1.016503e+04 1.009998e+04
15.9 1.018003e+04 1.019806e+04 1.015370e+04 1.013567e+04
16.9 1.009479e+04 1.022410e+04 1.015872e+04 1.002941e+04
17.9 1.012760e+04 1.016177e+04 1.016984e+04 1.013566e+04
0.7 1.028083e+04 1.021384e+04 1.019684e+04 1.026383e+04
1.7 1.021025e+04 1.017470e+04 1.019246e+04 1.022800e+04
2.7 1.014707e+04 1.018165e+04 1.016330e+04 1.012872e+04
3.7 1.015505e+04 1.018430e+04 1.014994e+04 1.012070e+04
4.7 1.013643e+04 1.017280e+04 1.016751e+04 1.013114e+04
5.7 1.024530e+04 1.017884e+04 1.017439e+04 1.024085e+04
6.7 1.025754e+04 1.017520e+04 1.016365e+04 1.024599e+04
7.7 1.017626e+04 1.018107e+04 1.016148e+04 1.015667e+04
8.7 1.006385e+04 1.016322e+04 1.016377e+04 1.006440e+04
9.7 1.017574e+04 1.016933e+04 1.016432e+04 1.017073e+04
10.7 1.012844e+04 1.015459e+04 1.016406e+04 1.013790e+04
11.7 1.027433e+04 1.019272e+04 1.016683e+04 1.024845e+04
12.7 1.016281e+04 1.015348e+04 1.017244e+04 1.018177e+04
13.7 1.011995e+04 1.018500e+04 1.016503e+04 1.009998e+04
14.7 1.018003e+04 1.019806e+04 1.015370e+04 1.013567e+04
15.7 1.009479e+04 1.022410e+04 1.015872e+04 1.002941e+04
16.7 1.012760e+04 1.016177e+04 1.016984e+04 1.013566e+04
17.7 1.022905e+04 1.013467e+04 1.017192e+04 1.026630e+04
0.7 1.021025e+04 1.017470e+04 1.019246e+04 1.022800e+04
1.7 1.014707e+04 1.018165e+04 1.016330e+04 1.012872e+04
2.7 1.015505e+04 1.018430e+04 1.014994e+04 1.012070e+04
3.7 1.013643e+04 1.017280e+04 1.016751e+04 1.013114e+04
4.7 1.024530e+04 1.017884e+04 1.017439e+04 1.024085e+04
5.7 1.025754e+04 1.017520e+04 1.016365e+04 1.024599e+04
6.7 1.017626e+04 1.018107e+04 1.016148e+04 1.015667e+04
7.7 1.006385e+04 1.016322e+04 1.016377e+04 1.006440e+04
8.7 1.017574e+04 1.016933e+04 1.016432e+04 1.017073e+04
9.7 1.012844e+04 1.015459e+04 1.016406e+04 1.013790e+04
10.7 1.027433e+04 1.019272e+04 1.016683e+04 1.024845e+04
11.7 1.016281e+04 1.015348e+04 1.017244e+04 1.018177e+04
12.7 1.011995e+04 1.018500e+04 1.016503e+04 1.009998e+04
13.7 1.018003e+04 1.019806e+04 1.015370e+04 1.013567e+04
14.7 1.009479e+04 1.022410e+04 1.015872e+04 1.002941e+04
15.7 1.012760e+04 1.016177e+04 1.016984e+04 1.013566e+04
16.7 1.022905e+04 1.013467e+04 1.017192e+04 1.026630e+04
17.7 1.012945e+04 1.010212e+04 1.017003e+04 1.019736e+04
0.3 1.015505e+04 1.018430e+04 1.014994e+04 1.012070e+04
1.3 1.013643e+04 1.017280e+04 1.016751e+04 1.013114e+04
2.3 1.024530e+04 1.017884e+04 1.017439e+04 1.024085e+04
3.3 1.025754e+04 1.017520e+04 1.016365e+04 1.024599e+04
4.3 1.017626e+04 1.018107e+04 1.016148e+04 1.015667e+04
5.3 1.006385e+04 1.016322e+04 1.016377e+04 1.006440e+04
6.3 1.017574e+04 1.016933e+04 1.016432e+04 1.017073e+04
7.3 1.012844e+04 1.015459e+04 1.016406e+04 1.013790e+04
8.3 1.027433e+04 1.019272e+04 1.016683e+04 1.024845e+04
9.3 1.016281e+04 1.015348e+04 1.017244e+04 1.018177e+04
10.3 1.011995e+04 1.018500e+04 1.016503e+04 1.009998e+04
11.3 1.018003e+04 1.019806e+04 1.015370e+04 1.013567e+04
12.3 1.009479e+04 1.022410e+04 1.015872e+04 1.002941e+04
13.3 1.012760e+04 1.016177e+04 1.016984e+04 1.013566e+04
14.3 1.022905e+04 1.013467e+04 1.017192e+04 1.026630e+04
15.3 1.012945e+04 1.010212e+04 1.017003e+04 1.019736e+04
16.3 1.009025e+04 1.008843e+04 1.016828e+04 1.017011e+04
17.3 1.007031e+04 1.009277e+04 1.016714e+04 1.014468e+04
0.1 1.013643e+04 1.017280e+04 1.016751e+04 1.013114e+04
1.1 1.024530e+04 1.017884e+04 1.017439e+04 1.024085e+04
2.1 1.025754e+04 1.017520e+04 1.016365e+04 1.024599e+04
3.1 1.017626e+04 1.018107e+04 1.016148e+04 1.015667e+04
4.1 1.006385e+04 1.016322e+04 1.016377e+04 1.006440e+04
5.1 1.017574e+04 1.016933e+04 1.016432e+04 1.017073e+04
6.1 1.012844e+04 1.015459e+04 1.016406e+04 1.013790e+04
7.1 1.027433e+04 1.019272e+04 1.016683e+04 1.024845e+04
8.1 1.016281e+04 1.015348e+04 1.017244e+04 1.018177e+04
9.1 1.011995e+04 1.018500e+04 1.016503e+04 1.009998e+04
10.1 1.018003e+04 1.019806e+04 1.015370e+04 1.013567e+04
11.1 1.009479e+04 1.022410e+04 1.015872e+04 1.002941e+04
12.1 1.012760e+04 1.016177e+04 1.016984e+04 1.013566e+04
13.1 1.022905e+04 1.013467e+04 1.017192e+04 1.026630e+04
14.1 1.012945e+04 1.010212e+04 1.017003e+04 1.019736e+04
15.1 1.009025e+04 1.008843e+04 1.016828e+04 1.017011e+04
16.1 1.007031e+04 1.009277e+04 1.016714e+04 1.014468e+04
17.1 1.014665e+04 1.006465e+04 1.016644e+04 1.024844e+04
1.0 1.017626e+04 1.018107e+04 1.016148e+04 1.015667e+04
2.0 1.006385e+04 1.016322e+04 1.016377e+04 1.006440e+04
3.0 1.017574e+04 1.016933e+04 1.016432e+04 1.017073e+04
4.0 1.012844e+04 1.015459e+04 1.016406e+04 1.013790e+04
5.0 1.027433e+04 1.019272e+04 1.016683e+04 1.024845e+04
6.0 1.016281e+04 1.015348e+04 1.017244e+04 1.018177e+04
7.0 1.011995e+04 1.018500e+04 1.016503e+04 1.009998e+04
8.0 1.018003e+04 1.019806e+04 1.015370e+04 1.013567e+04
9.0 1.009479e+04 1.022410e+04 1.015872e+04 1.002941e+04
10.0 1.012760e+04 1.016177e+04 1.016984e+04 1.013566e+04
11.0 1.022905e+04 1.013467e+04 1.017192e+04 1.026630e+04
12.0 1.012945e+04 1.010212e+04 1.017003e+04 1.019736e+04
13.0 1.009025e+04 1.008843e+04 1.016828e+04 1.017011e+04
14.0 1.007031e+04 1.009277e+04 1.016714e+04 1.014468e+04
15.0 1.014665e+04 1.006465e+04 1.016644e+04 1.024844e+04
16.0 1.009082e+04 1.010746e+04 1.016612e+04 1.014948e+04
17.0 1.018033e+04 1.011713e+04 1.016608e+04 1.022928e+04
18.0 9.899871e+03 1.009088e+04 1.016616e+04 9.975151e+03
1.0 1.017574e+04 1.016933e+04 1.016432e+04 1.017073e+04
2.0 1.012844e+04 1.015459e+04 1.016406e+04 1.013790e+04
3.0 1.027433e+04 1.019272e+04 1.016683e+04 1.024845e+04
4.0 1.016281e+04 1.015348e+04 1.017244e+04 1.018177e+04
5.0 1.011995e+04 1.018500e+04 1.016503e+04 1.009998e+04
6.0 1.018003e+04 1.019806e+04 1.015370e+04 1.013567e+04
7.0 1.009479e+04 1.022410e+04 1.015872e+04 1.002941e+04
8.0 1.012760e+04 1.016177e+04 1.016984e+04 1.013566e+04
9.0 1.022905e+04 1.013467e+04 1.017192e+04 1.026630e+04
10.0 1.012945e+04 1.010212e+04 1.017003e+04 1.019736e+04
11.0 1.009025e+04 1.008843e+04 1.016828e+04 1.017011e+04
12.0 1.007031e+04 1.009277e+04 1.016714e+04 1.014468e+04
13.0 1.014665e+04 1.006465e+04 1.016644e+04 1.024844e+04
14.0 1.009082e+04 1.010746e+04 1.016612e+04 1.014948e+04
15.0 1.018033e+04 1.011713e+04 1.016608e+04 1.022928e+04
16.0 9.899871e+03 1.009088e+04 1.016616e+04 9.975151e+03
17.0 1.007848e+04 1.012256e+04 1.016627e+04 1.012219e+04
18.0 1.014807e+04 1.011905e+04 1.016635e+04 1.019537e+04
0.8 1.027433e+04 1.019272e+04 1.016683e+04 1.024845e+04
1.8 1.016281e+04 1.015348e+04 1.017244e+04 1.018177e+04
2.8 1.011995e+04 1.018500e+04 1.016503e+04 1.009998e+04
3.8 1.018003e+04 1.019806e+04 1.015370e+04 1.013567e+04
4.8 1.009479e+04 1.022410e+04 1.015872e+04 1.002941e+04
5.8 1.012760e+04 1.016177e+04 1.016984e+04 1.013566e+04
6.8 1.022905e+04 1.013467e+04 1.017192e+04 1.026630e+04
7.8 1.012945e+04 1.010212e+04 1.017003e+04 1.019736e+04
8.8 1.009025e+04 1.008843e+04 1.016828e+04 1.017011e+04
9.8 1.007031e+04 1.009277e+04 1.016714e+04 1.014468e+04
10.8 1.014665e+04 1.006465e+04 1.016644e+04 1.024844e+04
11.8 1.009082e+04 1.010746e+04 1.016612e+04 1.014948e+04
12.8 1.018033e+04 1.011713e+04 1.016608e+04 1.022928e+04
13.8 9.899871e+03 1.009088e+04 1.016616e+04 9.975151e+03
14.8 1.007848e+04 1.012256e+04 1.016627e+04 1.012219e+04
15.8 1.014807e+04 1.011905e+04 1.016635e+04 1.019537e+04
16.8 1.015054e+04 1.013364e+04 1.016640e+04 1.018329e+04
17.8 1.016787e+04 1.013315e+04 1.016643e+04 1.020114e+04
0.3 1.016281e+04 1.015348e+04 1.017244e+04 1.018177e+04
1.3 1.011995e+04 1.018500e+04 1.016503e+04 1.009998e+04
2.3 1.018003e+04 1.019806e+04 1.015370e+04 1.013567e+04
3.3 1.009479e+04 1.022410e+04 1.015872e+04 1.002941e+04
4.3 1.012760e+04 1.016177e+04 1.016984e+04 1.013566e+04
5.3 1.022905e+04 1.013467e+04 1.017192e+04 1.026630e+04
6.3 1.012945e+04 1.010212e+04 1.017003e+04 1.019736e+04
7.3 1.009025e+04 1.008843e+04 1.016828e+04 1.017011e+04
8.3 1.007031e+04 1.009277e+04 1.016714e+04 1.014468e+04
9.3 1.014665e+04 1.006465e+04 1.016644e+04 1.024844e+04
10.3 1.009082e+04 1.010746e+04 1.016612e+04 1.014948e+04
11.3 1.018033e+04 1.011713e+04 1.016608e+04 1.022928e+04
12.3 9.899871e+03 1.009088e+04 1.016616e+04 9.975151e+03
13.3 1.007848e+04 1.012256e+04 1.016627e+04 1.012219e+04
14.3 1.014807e+04 1.011905e+04 1.016635e+04 1.019537e+04
15.3 1.015054e+04 1.013364e+04 1.016640e+04 1.018329e+04
16.3 1.016787e+04 1.013315e+04 1.016643e+04 1.020114e+04
17.3 1.023998e+04 1.015667e+04 1.016645e+04 1.024976e+04
