0.7 1.166341e+04 1.163566e+04 1.165927e+04 1.168702e+04
1.7 1.159310e+04 1.163884e+04 1.165735e+04 1.161161e+04
2.7 1.163408e+04 1.163356e+04 1.163760e+04 1.163812e+04
3.7 1.164830e+04 1.163326e+04 1.163683e+04 1.165187e+04
4.7 1.167529e+04 1.166060e+04 1.166692e+04 1.168161e+04
5.7 1.175077e+04 1.166485e+04 1.168711e+04 1.177304e+04
6.7 1.170264e+04 1.167771e+04 1.168182e+04 1.170676e+04
7.7 1.166036e+04 1.165662e+04 1.165899e+04 1.166274e+04
8.7 1.166609e+04 1.166642e+04 1.164447e+04 1.164415e+04
9.7 1.171537e+04 1.164441e+04 1.164513e+04 1.171609e+04
10.7 1.169989e+04 1.165692e+04 1.164967e+04 1.169264e+04
11.7 1.167898e+04 1.163737e+04 1.165330e+04 1.169491e+04
12.7 1.166248e+04 1.162323e+04 1.165566e+04 1.169491e+04
13.7 1.162560e+04 1.163796e+04 1.165697e+04 1.164460e+04
14.7 1.164325e+04 1.163105e+04 1.165743e+04 1.166963e+04
15.7 1.165742e+04 1.164099e+04 1.165739e+04 1.167381e+04
16.7 1.159467e+04 1.163670e+04 1.165717e+04 1.161514e+04
17.7 1.158730e+04 1.165675e+04 1.165697e+04 1.158752e+04
0.1 1.159310e+04 1.163884e+04 1.165735e+04 1.161161e+04
1.1 1.163408e+04 1.163356e+04 1.163760e+04 1.163812e+04
2.1 1.164830e+04 1.163326e+04 1.163683e+04 1.165187e+04
3.1 1.167529e+04 1.166060e+04 1.166692e+04 1.168161e+04
4.1 1.175077e+04 1.166485e+04 1.168711e+04 1.177304e+04
5.1 1.170264e+04 1.167771e+04 1.168182e+04 1.170676e+04
6.1 1.166036e+04 1.165662e+04 1.165899e+04 1.166274e+04
7.1 1.166609e+04 1.166642e+04 1.164447e+04 1.164415e+04
8.1 1.171537e+04 1.164441e+04 1.164513e+04 1.171609e+04
9.1 1.169989e+04 1.165692e+04 1.164967e+04 1.169264e+04
10.1 1.167898e+04 1.163737e+04 1.165330e+04 1.169491e+04
11.1 1.166248e+04 1.162323e+04 1.165566e+04 1.169491e+04
12.1 1.162560e+04 1.163796e+04 1.165697e+04 1.164460e+04
13.1 1.164325e+04 1.163105e+04 1.165743e+04 1.166963e+04
14.1 1.165742e+04 1.164099e+04 1.165739e+04 1.167381e+04
15.1 1.159467e+04 1.163670e+04 1.165717e+04 1.161514e+04
16.1 1.158730e+04 1.165675e+04 1.165697e+04 1.158752e+04
17.1 1.170961e+04 1.166164e+04 1.165683e+04 1.170480e+04
0.5 1.164830e+04 1.163326e+04 1.163683e+04 1.165187e+04
1.5 1.167529e+04 1.166060e+04 1.166692e+04 1.168161e+04
2.5 1.175077e+04 1.166485e+04 1.168711e+04 1.177304e+04
3.5 1.170264e+04 1.167771e+04 1.168182e+04 1.170676e+04
4.5 1.166036e+04 1.165662e+04 1.165899e+04 1.166274e+04
5.5 1.166609e+04 1.166642e+04 1.164447e+04 1.164415e+04
6.5 1.171537e+04 1.164441e+04 1.164513e+04 1.171609e+04
7.5 1.169989e+04 1.165692e+04 1.164967e+04 1.169264e+04
8.5 1.167898e+04 1.163737e+04 1.165330e+04 1.169491e+04
9.5 1.166248e+04 1.162323e+04 1.165566e+04 1.169491e+04
10.5 1.162560e+04 1.163796e+04 1.165697e+04 1.164460e+04
11.5 1.164325e+04 1.163105e+04 1.165743e+04 1.166963e+04
12.5 1.165742e+04 1.164099e+04 1.165739e+04 1.167381e+04
13.5 1.159467e+04 1.163670e+04 1.165717e+04 1.161514e+04
14.5 1.158730e+04 1.165675e+04 1.165697e+04 1.158752e+04
15.5 1.170961e+04 1.166164e+04 1.165683e+04 1.170480e+04
16.5 1.172506e+04 1.167196e+04 1.165675e+04 1.170985e+04
17.5 1.169184e+04 1.168677e+04 1.165670e+04 1.166178e+04
0.9 1.175077e+04 1.166485e+04 1.168711e+04 1.177304e+04
1.9 1.170264e+04 1.167771e+04 1.168182e+04 1.170676e+04
2.9 1.166036e+04 1.165662e+04 1.165899e+04 1.166274e+04
3.9 1.166609e+04 1.166642e+04 1.164447e+04 1.164415e+04
4.9 1.171537e+04 1.164441e+04 1.164513e+04 1.171609e+04
5.9 1.169989e+04 1.165692e+04 1.164967e+04 1.169264e+04
6.9 1.167898e+04 1.163737e+04 1.165330e+04 1.169491e+04
7.9 1.166248e+04 1.162323e+04 1.165566e+04 1.169491e+04
8.9 1.162560e+04 1.163796e+04 1.165697e+04 1.164460e+04
9.9 1.164325e+04 1.163105e+04 1.165743e+04 1.166963e+04
10.9 1.165742e+04 1.164099e+04 1.165739e+04 1.167381e+04
11.9 1.159467e+04 1.163670e+04 1.165717e+04 1.161514e+04
12.9 1.158730e+04 1.165675e+04 1.165697e+04 1.158752e+04
13.9 1.170961e+04 1.166164e+04 1.165683e+04 1.170480e+04
14.9 1.172506e+04 1.167196e+04 1.165675e+04 1.170985e+04
15.9 1.169184e+04 1.168677e+04 1.165670e+04 1.166178e+04
16.9 1.167340e+04 1.168507e+04 1.165667e+04 1.164500e+04
17.9 1.168196e+04 1.167040e+04 1.165665e+04 1.166822e+04
0.4 1.165171e+04 1.165048e+04 1.166801e+04 1.166924e+04
1.4 1.165809e+04 1.165416e+04 1.170965e+04 1.171358e+04
2.4 1.161485e+04 1.169561e+04 1.170180e+04 1.162104e+04
3.4 1.163337e+04 1.165694e+04 1.163572e+04 1.161214e+04
4.4 1.160171e+04 1.162378e+04 1.161095e+04 1.158889e+04
5.4 1.167865e+04 1.164111e+04 1.162412e+04 1.166165e+04
6.4 1.162679e+04 1.163299e+04 1.164044e+04 1.163424e+04
7.4 1.164083e+04 1.164492e+04 1.165103e+04 1.164693e+04
8.4 1.162809e+04 1.165279e+04 1.165702e+04 1.163232e+04
9.4 1.174055e+04 1.163846e+04 1.165970e+04 1.176179e+04
10.4 1.166381e+04 1.165314e+04 1.166015e+04 1.167082e+04
11.4 1.165103e+04 1.162595e+04 1.165951e+04 1.168460e+04
12.4 1.170110e+04 1.164741e+04 1.165867e+04 1.171236e+04
13.4 1.161416e+04 1.163668e+04 1.165802e+04 1.163550e+04
14.4 1.168249e+04 1.165517e+04 1.165763e+04 1.168495e+04
15.4 1.165716e+04 1.164454e+04 1.165743e+04 1.167005e+04
16.4 1.161778e+04 1.166427e+04 1.165733e+04 1.161084e+04
17.4 1.171626e+04 1.165684e+04 1.165727e+04 1.171669e+04
0.2 1.166041e+04 1.164905e+04 1.166202e+04 1.167339e+04
1.2 1.166407e+04 1.170189e+04 1.171945e+04 1.168164e+04
2.2 1.177785e+04 1.177919e+04 1.173544e+04 1.173410e+04
3.2 1.173049e+04 1.167740e+04 1.163162e+04 1.168470e+04
4.2 1.159751e+04 1.161710e+04 1.157406e+04 1.155447e+04
5.2 1.164752e+04 1.164908e+04 1.160005e+04 1.159849e+04
6.2 1.167009e+04 1.164548e+04 1.162880e+04 1.165341e+04
7.2 1.168231e+04 1.166487e+04 1.164795e+04 1.166539e+04
8.2 1.157766e+04 1.162640e+04 1.164770e+04 1.159896e+04
9.2 1.164836e+04 1.165299e+04 1.165512e+04 1.165049e+04
10.2 1.169114e+04 1.165665e+04 1.167596e+04 1.171046e+04
11.2 1.157070e+04 1.166068e+04 1.167543e+04 1.158545e+04
12.2 1.163194e+04 1.164127e+04 1.166459e+04 1.165526e+04
13.2 1.162554e+04 1.163134e+04 1.165577e+04 1.164996e+04
14.2 1.164428e+04 1.162673e+04 1.165285e+04 1.167040e+04
15.2 1.166817e+04 1.162448e+04 1.165871e+04 1.170240e+04
16.2 1.165733e+04 1.169937e+04 1.166647e+04 1.162442e+04
17.2 1.171925e+04 1.172233e+04 1.166931e+04 1.166622e+04
0.6 1.177785e+04 1.177919e+04 1.173544e+04 1.173410e+04
1.6 1.173049e+04 1.167740e+04 1.163162e+04 1.168470e+04
2.6 1.159751e+04 1.161710e+04 1.157406e+04 1.155447e+04
3.6 1.164752e+04 1.164908e+04 1.160005e+04 1.159849e+04
4.6 1.167009e+04 1.164548e+04 1.162880e+04 1.165341e+04
5.6 1.168231e+04 1.166487e+04 1.164795e+04 1.166539e+04
6.6 1.157766e+04 1.162640e+04 1.164770e+04 1.159896e+04
7.6 1.164836e+04 1.165299e+04 1.165512e+04 1.165049e+04
8.6 1.169114e+04 1.165665e+04 1.167596e+04 1.171046e+04
9.6 1.157070e+04 1.166068e+04 1.167543e+04 1.158545e+04
10.6 1.163194e+04 1.164127e+04 1.166459e+04 1.165526e+04
11.6 1.162554e+04 1.163134e+04 1.165577e+04 1.164996e+04
12.6 1.164428e+04 1.162673e+04 1.165285e+04 1.167040e+04
13.6 1.166817e+04 1.162448e+04 1.165871e+04 1.170240e+04
14.6 1.165733e+04 1.169937e+04 1.166647e+04 1.162442e+04
15.6 1.171925e+04 1.172233e+04 1.166931e+04 1.166622e+04
16.6 1.172839e+04 1.170862e+04 1.166507e+04 1.168484e+04
17.6 1.172639e+04 1.168233e+04 1.166020e+04 1.170426e+04
0.5 1.173049e+04 1.167740e+04 1.163162e+04 1.168470e+04
1.5 1.159751e+04 1.161710e+04 1.157406e+04 1.155447e+04
2.5 1.164752e+04 1.164908e+04 1.160005e+04 1.159849e+04
3.5 1.167009e+04 1.164548e+04 1.162880e+04 1.165341e+04
4.5 1.168231e+04 1.166487e+04 1.164795e+04 1.166539e+04
5.5 1.157766e+04 1.162640e+04 1.164770e+04 1.159896e+04
6.5 1.164836e+04 1.165299e+04 1.165512e+04 1.165049e+04
7.5 1.169114e+04 1.165665e+04 1.167596e+04 1.171046e+04
8.5 1.157070e+04 1.166068e+04 1.167543e+04 1.158545e+04
9.5 1.163194e+04 1.164127e+04 1.166459e+04 1.165526e+04
10.5 1.162554e+04 1.163134e+04 1.165577e+04 1.164996e+04
11.5 1.164428e+04 1.162673e+04 1.165285e+04 1.167040e+04
12.5 1.166817e+04 1.162448e+04 1.165871e+04 1.170240e+04
13.5 1.165733e+04 1.169937e+04 1.166647e+04 1.162442e+04
14.5 1.171925e+04 1.172233e+04 1.166931e+04 1.166622e+04
15.5 1.172839e+04 1.170862e+04 1.166507e+04 1.168484e+04
16.5 1.172639e+04 1.168233e+04 1.166020e+04 1.170426e+04
17.5 1.162809e+04 1.167178e+04 1.165718e+04 1.161349e+04
0.2 1.159751e+04 1.161710e+04 1.157406e+04 1.155447e+04
1.2 1.164752e+04 1.164908e+04 1.160005e+04 1.159849e+04
2.2 1.167009e+04 1.164548e+04 1.162880e+04 1.165341e+04
3.2 1.168231e+04 1.166487e+04 1.164795e+04 1.166539e+04
4.2 1.157766e+04 1.162640e+04 1.164770e+04 1.159896e+04
5.2 1.164836e+04 1.165299e+04 1.165512e+04 1.165049e+04
6.2 1.169114e+04 1.165665e+04 1.167596e+04 1.171046e+04
7.2 1.157070e+04 1.166068e+04 1.167543e+04 1.158545e+04
8.2 1.163194e+04 1.164127e+04 1.166459e+04 1.165526e+04
9.2 1.162554e+04 1.163134e+04 1.165577e+04 1.164996e+04
10.2 1.164428e+04 1.162673e+04 1.165285e+04 1.167040e+04
11.2 1.166817e+04 1.162448e+04 1.165871e+04 1.170240e+04
12.2 1.165733e+04 1.169937e+04 1.166647e+04 1.162442e+04
13.2 1.171925e+04 1.172233e+04 1.166931e+04 1.166622e+04
14.2 1.172839e+04 1.170862e+04 1.166507e+04 1.168484e+04
15.2 1.172639e+04 1.168233e+04 1.166020e+04 1.170426e+04
16.2 1.162809e+04 1.167178e+04 1.165718e+04 1.161349e+04
17.2 1.169834e+04 1.166159e+04 1.165573e+04 1.169248e+04
1.0 1.167009e+04 1.164548e+04 1.162880e+04 1.165341e+04
2.0 1.168231e+04 1.166487e+04 1.164795e+04 1.166539e+04
3.0 1.157766e+04 1.162640e+04 1.164770e+04 1.159896e+04
4.0 1.164836e+04 1.165299e+04 1.165512e+04 1.165049e+04
5.0 1.169114e+04 1.165665e+04 1.167596e+04 1.171046e+04
6.0 1.157070e+04 1.166068e+04 1.167543e+04 1.158545e+04
7.0 1.163194e+04 1.164127e+04 1.166459e+04 1.165526e+04
8.0 1.162554e+04 1.163134e+04 1.165577e+04 1.164996e+04
9.0 1.164428e+04 1.162673e+04 1.165285e+04 1.167040e+04
10.0 1.166817e+04 1.162448e+04 1.165871e+04 1.170240e+04
11.0 1.165733e+04 1.169937e+04 1.166647e+04 1.162442e+04
12.0 1.171925e+04 1.172233e+04 1.166931e+04 1.166622e+04
13.0 1.172839e+04 1.170862e+04 1.166507e+04 1.168484e+04
14.0 1.172639e+04 1.168233e+04 1.166020e+04 1.170426e+04
15.0 1.162809e+04 1.167178e+04 1.165718e+04 1.161349e+04
16.0 1.169834e+04 1.166159e+04 1.165573e+04 1.169248e+04
17.0 1.178890e+04 1.167459e+04 1.165526e+04 1.176957e+04
18.0 1.162210e+04 1.165159e+04 1.165534e+04 1.162585e+04
0.1 1.167009e+04 1.164548e+04 1.162880e+04 1.165341e+04
1.1 1.168231e+04 1.166487e+04 1.164795e+04 1.166539e+04
2.1 1.157766e+04 1.162640e+04 1.164770e+04 1.159896e+04
3.1 1.164836e+04 1.165299e+04 1.165512e+04 1.165049e+04
4.1 1.169114e+04 1.165665e+04 1.167596e+04 1.171046e+04
5.1 1.157070e+04 1.166068e+04 1.167543e+04 1.158545e+04
6.1 1.163194e+04 1.164127e+04 1.166459e+04 1.165526e+04
7.1 1.162554e+04 1.163134e+04 1.165577e+04 1.164996e+04
8.1 1.164428e+04 1.162673e+04 1.165285e+04 1.167040e+04
9.1 1.166817e+04 1.162448e+04 1.165871e+04 1.170240e+04
10.1 1.165733e+04 1.169937e+04 1.166647e+04 1.162442e+04
11.1 1.171925e+04 1.172233e+04 1.166931e+04 1.166622e+04
12.1 1.172839e+04 1.170862e+04 1.166507e+04 1.168484e+04
13.1 1.172639e+04 1.168233e+04 1.166020e+04 1.170426e+04
14.1 1.162809e+04 1.167178e+04 1.165718e+04 1.161349e+04
15.1 1.169834e+04 1.166159e+04 1.165573e+04 1.169248e+04
16.1 1.178890e+04 1.167459e+04 1.165526e+04 1.176957e+04
17.1 1.162210e+04 1.165159e+04 1.165534e+04 1.162585e+04
0.1 1.168231e+04 1.166487e+04 1.164795e+04 1.166539e+04
1.1 1.157766e+04 1.162640e+04 1.164770e+04 1.159896e+04
2.1 1.164836e+04 1.165299e+04 1.165512e+04 1.165049e+04
3.1 1.169114e+04 1.165665e+04 1.167596e+04 1.171046e+04
4.1 1.157070e+04 1.166068e+04 1.167543e+04 1.158545e+04
5.1 1.163194e+04 1.164127e+04 1.166459e+04 1.165526e+04
6.1 1.162554e+04 1.163134e+04 1.165577e+04 1.164996e+04
7.1 1.164428e+04 1.162673e+04 1.165285e+04 1.167040e+04
8.1 1.166817e+04 1.162448e+04 1.165871e+04 1.170240e+04
9.1 1.165733e+04 1.169937e+04 1.166647e+04 1.162442e+04
10.1 1.171925e+04 1.172233e+04 1.166931e+04 1.166622e+04
11.1 1.172839e+04 1.170862e+04 1.166507e+04 1.168484e+04
12.1 1.172639e+04 1.168233e+04 1.166020e+04 1.170426e+04
13.1 1.162809e+04 1.167178e+04 1.165718e+04 1.161349e+04
14.1 1.169834e+04 1.166159e+04 1.165573e+04 1.169248e+04
15.1 1.178890e+04 1.167459e+04 1.165526e+04 1.176957e+04
16.1 1.162210e+04 1.165159e+04 1.165534e+04 1.162585e+04
17.1 1.157091e+04 1.165318e+04 1.165564e+04 1.157336e+04
0.6 1.164836e+04 1.165299e+04 1.165512e+04 1.165049e+04
1.6 1.169114e+04 1.165665e+04 1.167596e+04 1.171046e+04
2.6 1.157070e+04 1.166068e+04 1.167543e+04 1.158545e+04
3.6 1.163194e+04 1.164127e+04 1.166459e+04 1.165526e+04
4.6 1.162554e+04 1.163134e+04 1.165577e+04 1.164996e+04
5.6 1.164428e+04 1.162673e+04 1.165285e+04 1.167040e+04
6.6 1.166817e+04 1.162448e+04 1.165871e+04 1.170240e+04
7.6 1.165733e+04 1.169937e+04 1.166647e+04 1.162442e+04
8.6 1.171925e+04 1.172233e+04 1.166931e+04 1.166622e+04
9.6 1.172839e+04 1.170862e+04 1.166507e+04 1.168484e+04
10.6 1.172639e+04 1.168233e+04 1.166020e+04 1.170426e+04
11.6 1.162809e+04 1.167178e+04 1.165718e+04 1.161349e+04
12.6 1.169834e+04 1.166159e+04 1.165573e+04 1.169248e+04
13.6 1.178890e+04 1.167459e+04 1.165526e+04 1.176957e+04
14.6 1.162210e+04 1.165159e+04 1.165534e+04 1.162585e+04
15.6 1.157091e+04 1.165318e+04 1.165564e+04 1.157336e+04
16.6 1.162026e+04 1.163056e+04 1.165592e+04 1.164563e+04
17.6 1.169116e+04 1.164505e+04 1.165613e+04 1.170224e+04
0.1 1.169114e+04 1.165665e+04 1.167596e+04 1.171046e+04
1.1 1.157070e+04 1.166068e+04 1.167543e+04 1.158545e+04
2.1 1.163194e+04 1.164127e+04 1.166459e+04 1.165526e+04
3.1 1.162554e+04 1.163134e+04 1.165577e+04 1.164996e+04
4.1 1.164428e+04 1.162673e+04 1.165285e+04 1.167040e+04
5.1 1.166817e+04 1.162448e+04 1.165871e+04 1.170240e+04
6.1 1.165733e+04 1.169937e+04 1.166647e+04 1.162442e+04
7.1 1.171925e+04 1.172233e+04 1.166931e+04 1.166622e+04
8.1 1.172839e+04 1.170862e+04 1.166507e+04 1.168484e+04
9.1 1.172639e+04 1.168233e+04 1.166020e+04 1.170426e+04
10.1 1.162809e+04 1.167178e+04 1.165718e+04 1.161349e+04
11.1 1.169834e+04 1.166159e+04 1.165573e+04 1.169248e+04
12.1 1.178890e+04 1.167459e+04 1.165526e+04 1.176957e+04
13.1 1.162210e+04 1.165159e+04 1.165534e+04 1.162585e+04
14.1 1.157091e+04 1.165318e+04 1.165564e+04 1.157336e+04
15.1 1.162026e+04 1.163056e+04 1.165592e+04 1.164563e+04
16.1 1.169116e+04 1.164505e+04 1.165613e+04 1.170224e+04
17.1 1.165562e+04 1.164289e+04 1.165625e+04 1.166898e+04
0.4 1.163194e+04 1.164127e+04 1.166459e+04 1.165526e+04
1.4 1.162554e+04 1.163134e+04 1.165577e+04 1.164996e+04
2.4 1.164428e+04 1.162673e+04 1.165285e+04 1.167040e+04
3.4 1.166817e+04 1.162448e+04 1.165871e+04 1.170240e+04
4.4 1.165733e+04 1.169937e+04 1.166647e+04 1.162442e+04
5.4 1.171925e+04 1.172233e+04 1.166931e+04 1.166622e+04
6.4 1.172839e+04 1.170862e+04 1.166507e+04 1.168484e+04
7.4 1.172639e+04 1.168233e+04 1.166020e+04 1.170426e+04
8.4 1.162809e+04 1.167178e+04 1.165718e+04 1.161349e+04
9.4 1.169834e+04 1.166159e+04 1.165573e+04 1.169248e+04
10.4 1.178890e+04 1.167459e+04 1.165526e+04 1.176957e+04
11.4 1.162210e+04 1.165159e+04 1.165534e+04 1.162585e+04
12.4 1.157091e+04 1.165318e+04 1.165564e+04 1.157336e+04
13.4 1.162026e+04 1.163056e+04 1.165592e+04 1.164563e+04
14.4 1.169116e+04 1.164505e+04 1.165613e+04 1.170224e+04
15.4 1.165562e+04 1.164289e+04 1.165625e+04 1.166898e+04
16.4 1.168289e+04 1.167346e+04 1.165632e+04 1.166574e+04
17.4 1.150908e+04 1.165155e+04 1.165635e+04 1.151388e+04
0.9 1.164428e+04 1.162673e+04 1.165285e+04 1.167040e+04
1.9 1.166817e+04 1.162448e+04 1.165871e+04 1.170240e+04
2.9 1.165733e+04 1.169937e+04 1.166647e+04 1.162442e+04
3.9 1.171925e+04 1.172233e+04 1.166931e+04 1.166622e+04
4.9 1.172839e+04 1.170862e+04 1.166507e+04 1.168484e+04
5.9 1.172639e+04 1.168233e+04 1.166020e+04 1.170426e+04
6.9 1.162809e+04 1.167178e+04 1.165718e+04 1.161349e+04
7.9 1.169834e+04 1.166159e+04 1.165573e+04 1.169248e+04
8.9 1.178890e+04 1.167459e+04 1.165526e+04 1.176957e+04
9.9 1.162210e+04 1.165159e+04 1.165534e+04 1.162585e+04
10.9 1.157091e+04 1.165318e+04 1.165564e+04 1.157336e+04
11.9 1.162026e+04 1.163056e+04 1.165592e+04 1.164563e+04
12.9 1.169116e+04 1.164505e+04 1.165613e+04 1.170224e+04
13.9 1.165562e+04 1.164289e+04 1.165625e+04 1.166898e+04
14.9 1.168289e+04 1.167346e+04 1.165632e+04 1.166574e+04
15.9 1.150908e+04 1.165155e+04 1.165635e+04 1.151388e+04
16.9 1.151111e+04 1.162999e+04 1.165638e+04 1.153750e+04
17.9 1.159049e+04 1.161063e+04 1.165640e+04 1.163626e+04
0.9 1.173206e+04 1.171188e+04 1.168371e+04 1.170389e+04
1.9 1.169914e+04 1.173070e+04 1.171199e+04 1.168043e+04
2.9 1.177396e+04 1.169256e+04 1.168215e+04 1.176355e+04
3.9 1.167994e+04 1.167263e+04 1.163411e+04 1.164142e+04
4.9 1.159770e+04 1.163143e+04 1.160692e+04 1.157319e+04
5.9 1.151141e+04 1.160491e+04 1.161532e+04 1.152183e+04
6.9 1.154675e+04 1.162691e+04 1.163300e+04 1.155285e+04
7.9 1.170077e+04 1.160241e+04 1.164003e+04 1.173838e+04
8.9 1.166044e+04 1.165271e+04 1.167110e+04 1.167884e+04
9.9 1.170446e+04 1.165853e+04 1.169010e+04 1.173603e+04
10.9 1.155364e+04 1.169659e+04 1.169560e+04 1.155266e+04
11.9 1.167758e+04 1.166130e+04 1.169967e+04 1.171595e+04
12.9 1.169391e+04 1.165174e+04 1.166078e+04 1.170294e+04
13.9 1.161626e+04 1.165338e+04 1.161642e+04 1.157930e+04
14.9 1.172783e+04 1.169271e+04 1.161341e+04 1.164854e+04
15.9 1.168610e+04 1.169052e+04 1.163028e+04 1.162586e+04
0.9 1.177396e+04 1.169256e+04 1.168215e+04 1.176355e+04
1.9 1.167994e+04 1.167263e+04 1.163411e+04 1.164142e+04
2.9 1.159770e+04 1.163143e+04 1.160692e+04 1.157319e+04
3.9 1.151141e+04 1.160491e+04 1.161532e+04 1.152183e+04
4.9 1.154675e+04 1.162691e+04 1.163300e+04 1.155285e+04
5.9 1.170077e+04 1.160241e+04 1.164003e+04 1.173838e+04
6.9 1.166044e+04 1.165271e+04 1.167110e+04 1.167884e+04
7.9 1.170446e+04 1.165853e+04 1.169010e+04 1.173603e+04
8.9 1.155364e+04 1.169659e+04 1.169560e+04 1.155266e+04
9.9 1.167758e+04 1.166130e+04 1.169967e+04 1.171595e+04
10.9 1.169391e+04 1.165174e+04 1.166078e+04 1.170294e+04
11.9 1.161626e+04 1.165338e+04 1.161642e+04 1.157930e+04
12.9 1.172783e+04 1.169271e+04 1.161341e+04 1.164854e+04
13.9 1.168610e+04 1.169052e+04 1.163028e+04 1.162586e+04
0.2 1.167994e+04 1.167263e+04 1.163411e+04 1.164142e+04
1.2 1.159770e+04 1.163143e+04 1.160692e+04 1.157319e+04
2.2 1.151141e+04 1.160491e+04 1.161532e+04 1.152183e+04
3.2 1.154675e+04 1.162691e+04 1.163300e+04 1.155285e+04
4.2 1.170077e+04 1.160241e+04 1.164003e+04 1.173838e+04
5.2 1.166044e+04 1.165271e+04 1.167110e+04 1.167884e+04
6.2 1.170446e+04 1.165853e+04 1.169010e+04 1.173603e+04
7.2 1.155364e+04 1.169659e+04 1.169560e+04 1.155266e+04
8.2 1.167758e+04 1.166130e+04 1.169967e+04 1.171595e+04
9.2 1.169391e+04 1.165174e+04 1.166078e+04 1.170294e+04
10.2 1.161626e+04 1.165338e+04 1.161642e+04 1.157930e+04
11.2 1.172783e+04 1.169271e+04 1.161341e+04 1.164854e+04
12.2 1.168610e+04 1.169052e+04 1.163028e+04 1.162586e+04
0.9 1.151141e+04 1.160491e+04 1.161532e+04 1.152183e+04
1.9 1.154675e+04 1.162691e+04 1.163300e+04 1.155285e+04
2.9 1.170077e+04 1.160241e+04 1.164003e+04 1.173838e+04
3.9 1.166044e+04 1.165271e+04 1.167110e+04 1.167884e+04
4.9 1.170446e+04 1.165853e+04 1.169010e+04 1.173603e+04
5.9 1.155364e+04 1.169659e+04 1.169560e+04 1.155266e+04
6.9 1.167758e+04 1.166130e+04 1.169967e+04 1.171595e+04
7.9 1.169391e+04 1.165174e+04 1.166078e+04 1.170294e+04
8.9 1.161626e+04 1.165338e+04 1.161642e+04 1.157930e+04
9.9 1.172783e+04 1.169271e+04 1.161341e+04 1.164854e+04
10.9 1.168610e+04 1.169052e+04 1.163028e+04 1.162586e+04
0.9 1.154675e+04 1.162691e+04 1.163300e+04 1.155285e+04
1.9 1.170077e+04 1.160241e+04 1.164003e+04 1.173838e+04
2.9 1.166044e+04 1.165271e+04 1.167110e+04 1.167884e+04
3.9 1.170446e+04 1.165853e+04 1.169010e+04 1.173603e+04
4.9 1.155364e+04 1.169659e+04 1.169560e+04 1.155266e+04
5.9 1.167758e+04 1.166130e+04 1.169967e+04 1.171595e+04
6.9 1.169391e+04 1.165174e+04 1.166078e+04 1.170294e+04
7.9 1.161626e+04 1.165338e+04 1.161642e+04 1.157930e+04
8.9 1.172783e+04 1.169271e+04 1.161341e+04 1.164854e+04
9.9 1.168610e+04 1.169052e+04 1.163028e+04 1.162586e+04
0.7 1.170077e+04 1.160241e+04 1.164003e+04 1.173838e+04
1.7 1.166044e+04 1.165271e+04 1.167110e+04 1.167884e+04
2.7 1.170446e+04 1.165853e+04 1.169010e+04 1.173603e+04
3.7 1.155364e+04 1.169659e+04 1.169560e+04 1.155266e+04
4.7 1.167758e+04 1.166130e+04 1.169967e+04 1.171595e+04
5.7 1.169391e+04 1.165174e+04 1.166078e+04 1.170294e+04
6.7 1.161626e+04 1.165338e+04 1.161642e+04 1.157930e+04
7.7 1.172783e+04 1.169271e+04 1.161341e+04 1.164854e+04
8.7 1.168610e+04 1.169052e+04 1.163028e+04 1.162586e+04
0.7 1.166044e+04 1.165271e+04 1.167110e+04 1.167884e+04
1.7 1.170446e+04 1.165853e+04 1.169010e+04 1.173603e+04
2.7 1.155364e+04 1.169659e+04 1.169560e+04 1.155266e+04
3.7 1.167758e+04 1.166130e+04 1.169967e+04 1.171595e+04
4.7 1.169391e+04 1.165174e+04 1.166078e+04 1.170294e+04
5.7 1.161626e+04 1.165338e+04 1.161642e+04 1.157930e+04
6.7 1.172783e+04 1.169271e+04 1.161341e+04 1.164854e+04
7.7 1.168610e+04 1.169052e+04 1.163028e+04 1.162586e+04
1.0 1.155364e+04 1.169659e+04 1.169560e+04 1.155266e+04
2.0 1.167758e+04 1.166130e+04 1.169967e+04 1.171595e+04
3.0 1.169391e+04 1.165174e+04 1.166078e+04 1.170294e+04
4.0 1.161626e+04 1.165338e+04 1.161642e+04 1.157930e+04
5.0 1.172783e+04 1.169271e+04 1.161341e+04 1.164854e+04
6.0 1.168610e+04 1.169052e+04 1.163028e+04 1.162586e+04
0.8 1.167758e+04 1.166130e+04 1.169967e+04 1.171595e+04
1.8 1.169391e+04 1.165174e+04 1.166078e+04 1.170294e+04
2.8 1.161626e+04 1.165338e+04 1.161642e+04 1.157930e+04
3.8 1.172783e+04 1.169271e+04 1.161341e+04 1.164854e+04
4.8 1.168610e+04 1.169052e+04 1.163028e+04 1.162586e+04
