0.5 1.077286e+04 1.076182e+04 1.076388e+04 1.077492e+04
1.5 1.080900e+04 1.075778e+04 1.076387e+04 1.081510e+04
2.5 1.076108e+04 1.076119e+04 1.076383e+04 1.076372e+04
3.5 1.073661e+04 1.076101e+04 1.076378e+04 1.073938e+04
4.5 1.077329e+04 1.075763e+04 1.076376e+04 1.077942e+04
5.5 1.073302e+04 1.076496e+04 1.076375e+04 1.073181e+04
6.5 1.080241e+04 1.075980e+04 1.076376e+04 1.080637e+04
7.5 1.075222e+04 1.076920e+04 1.076372e+04 1.074674e+04
8.5 1.078147e+04 1.077702e+04 1.076366e+04 1.076812e+04
9.5 1.080092e+04 1.078620e+04 1.076367e+04 1.077839e+04
10.5 1.076109e+04 1.078463e+04 1.076385e+04 1.074032e+04
11.5 1.072496e+04 1.076139e+04 1.076405e+04 1.072762e+04
12.5 1.071935e+04 1.076482e+04 1.076406e+04 1.071859e+04
13.5 1.077264e+04 1.075556e+04 1.076397e+04 1.078105e+04
14.5 1.073578e+04 1.075440e+04 1.076390e+04 1.074527e+04
15.5 1.072697e+04 1.075814e+04 1.076388e+04 1.073272e+04
16.5 1.073652e+04 1.074901e+04 1.076393e+04 1.075143e+04
17.5 1.074643e+04 1.076552e+04 1.076391e+04 1.074482e+04
18.5 1.077344e+04 1.076637e+04 1.076381e+04 1.077088e+04
1.0 1.080900e+04 1.075778e+04 1.076387e+04 1.081510e+04
2.0 1.076108e+04 1.076119e+04 1.076383e+04 1.076372e+04
3.0 1.073661e+04 1.076101e+04 1.076378e+04 1.073938e+04
4.0 1.077329e+04 1.075763e+04 1.076376e+04 1.077942e+04
5.0 1.073302e+04 1.076496e+04 1.076375e+04 1.073181e+04
6.0 1.080241e+04 1.075980e+04 1.076376e+04 1.080637e+04
7.0 1.075222e+04 1.076920e+04 1.076372e+04 1.074674e+04
8.0 1.078147e+04 1.077702e+04 1.076366e+04 1.076812e+04
9.0 1.080092e+04 1.078620e+04 1.076367e+04 1.077839e+04
10.0 1.076109e+04 1.078463e+04 1.076385e+04 1.074032e+04
11.0 1.072496e+04 1.076139e+04 1.076405e+04 1.072762e+04
12.0 1.071935e+04 1.076482e+04 1.076406e+04 1.071859e+04
13.0 1.077264e+04 1.075556e+04 1.076397e+04 1.078105e+04
14.0 1.073578e+04 1.075440e+04 1.076390e+04 1.074527e+04
15.0 1.072697e+04 1.075814e+04 1.076388e+04 1.073272e+04
16.0 1.073652e+04 1.074901e+04 1.076393e+04 1.075143e+04
17.0 1.074643e+04 1.076552e+04 1.076391e+04 1.074482e+04
18.0 1.077344e+04 1.076637e+04 1.076381e+04 1.077088e+04
19.0 1.076075e+04 1.076899e+04 1.076370e+04 1.075546e+04
0.2 1.076108e+04 1.076119e+04 1.076383e+04 1.076372e+04
1.2 1.073661e+04 1.076101e+04 1.076378e+04 1.073938e+04
2.2 1.077329e+04 1.075763e+04 1.076376e+04 1.077942e+04
3.2 1.073302e+04 1.076496e+04 1.076375e+04 1.073181e+04
4.2 1.080241e+04 1.075980e+04 1.076376e+04 1.080637e+04
5.2 1.075222e+04 1.076920e+04 1.076372e+04 1.074674e+04
6.2 1.078147e+04 1.077702e+04 1.076366e+04 1.076812e+04
7.2 1.080092e+04 1.078620e+04 1.076367e+04 1.077839e+04
8.2 1.076109e+04 1.078463e+04 1.076385e+04 1.074032e+04
9.2 1.072496e+04 1.076139e+04 1.076405e+04 1.072762e+04
10.2 1.071935e+04 1.076482e+04 1.076406e+04 1.071859e+04
11.2 1.077264e+04 1.075556e+04 1.076397e+04 1.078105e+04
12.2 1.073578e+04 1.075440e+04 1.076390e+04 1.074527e+04
13.2 1.072697e+04 1.075814e+04 1.076388e+04 1.073272e+04
14.2 1.073652e+04 1.074901e+04 1.076393e+04 1.075143e+04
15.2 1.074643e+04 1.076552e+04 1.076391e+04 1.074482e+04
16.2 1.077344e+04 1.076637e+04 1.076381e+04 1.077088e+04
17.2 1.076075e+04 1.076899e+04 1.076370e+04 1.075546e+04
18.2 1.077808e+04 1.078004e+04 1.076367e+04 1.076171e+04
0.9 1.073652e+04 1.074901e+04 1.076393e+04 1.075143e+04
1.9 1.074643e+04 1.076552e+04 1.076391e+04 1.074482e+04
2.9 1.077344e+04 1.076637e+04 1.076381e+04 1.077088e+04
3.9 1.076075e+04 1.076899e+04 1.076370e+04 1.075546e+04
4.9 1.077808e+04 1.078004e+04 1.076367e+04 1.076171e+04
5.9 1.080195e+04 1.075701e+04 1.076378e+04 1.080873e+04
6.9 1.072688e+04 1.074132e+04 1.076390e+04 1.074947e+04
7.9 1.076286e+04 1.075012e+04 1.076397e+04 1.077671e+04
8.9 1.076764e+04 1.077046e+04 1.076407e+04 1.076125e+04
9.9 1.079150e+04 1.077274e+04 1.076405e+04 1.078280e+04
10.9 1.076679e+04 1.075780e+04 1.076385e+04 1.077285e+04
11.9 1.073512e+04 1.076592e+04 1.076368e+04 1.073288e+04
12.9 1.075504e+04 1.076529e+04 1.076359e+04 1.075334e+04
13.9 1.077466e+04 1.077081e+04 1.076357e+04 1.076742e+04
14.9 1.075817e+04 1.078000e+04 1.076367e+04 1.074184e+04
15.9 1.076277e+04 1.076458e+04 1.076389e+04 1.076207e+04
16.9 1.074987e+04 1.075926e+04 1.076402e+04 1.075463e+04
17.9 1.073260e+04 1.074694e+04 1.076399e+04 1.074966e+04
18.9 1.073564e+04 1.074953e+04 1.076393e+04 1.075004e+04
0.5 1.074643e+04 1.076552e+04 1.076391e+04 1.074482e+04
1.5 1.077344e+04 1.076637e+04 1.076381e+04 1.077088e+04
2.5 1.076075e+04 1.076899e+04 1.076370e+04 1.075546e+04
3.5 1.077808e+04 1.078004e+04 1.076367e+04 1.076171e+04
4.5 1.080195e+04 1.075701e+04 1.076378e+04 1.080873e+04
5.5 1.072688e+04 1.074132e+04 1.076390e+04 1.074947e+04
6.5 1.076286e+04 1.075012e+04 1.076397e+04 1.077671e+04
7.5 1.076764e+04 1.077046e+04 1.076407e+04 1.076125e+04
8.5 1.079150e+04 1.077274e+04 1.076405e+04 1.078280e+04
9.5 1.076679e+04 1.075780e+04 1.076385e+04 1.077285e+04
10.5 1.073512e+04 1.076592e+04 1.076368e+04 1.073288e+04
11.5 1.075504e+04 1.076529e+04 1.076359e+04 1.075334e+04
12.5 1.077466e+04 1.077081e+04 1.076357e+04 1.076742e+04
13.5 1.075817e+04 1.078000e+04 1.076367e+04 1.074184e+04
14.5 1.076277e+04 1.076458e+04 1.076389e+04 1.076207e+04
15.5 1.074987e+04 1.075926e+04 1.076402e+04 1.075463e+04
16.5 1.073260e+04 1.074694e+04 1.076399e+04 1.074966e+04
17.5 1.073564e+04 1.074953e+04 1.076393e+04 1.075004e+04
18.5 1.075780e+04 1.074739e+04 1.076388e+04 1.077429e+04
1.0 1.076764e+04 1.077046e+04 1.076407e+04 1.076125e+04
2.0 1.079150e+04 1.077274e+04 1.076405e+04 1.078280e+04
3.0 1.076679e+04 1.075780e+04 1.076385e+04 1.077285e+04
4.0 1.073512e+04 1.076592e+04 1.076368e+04 1.073288e+04
5.0 1.075504e+04 1.076529e+04 1.076359e+04 1.075334e+04
6.0 1.077466e+04 1.077081e+04 1.076357e+04 1.076742e+04
7.0 1.075817e+04 1.078000e+04 1.076367e+04 1.074184e+04
8.0 1.076277e+04 1.076458e+04 1.076389e+04 1.076207e+04
9.0 1.074987e+04 1.075926e+04 1.076402e+04 1.075463e+04
10.0 1.073260e+04 1.074694e+04 1.076399e+04 1.074966e+04
11.0 1.073564e+04 1.074953e+04 1.076393e+04 1.075004e+04
12.0 1.075780e+04 1.074739e+04 1.076388e+04 1.077429e+04
13.0 1.079132e+04 1.075119e+04 1.076385e+04 1.080398e+04
14.0 1.077745e+04 1.076151e+04 1.076384e+04 1.077977e+04
15.0 1.081777e+04 1.076252e+04 1.076383e+04 1.081908e+04
16.0 1.080148e+04 1.077271e+04 1.076384e+04 1.079261e+04
17.0 1.075087e+04 1.076995e+04 1.076384e+04 1.074476e+04
18.0 1.075287e+04 1.077798e+04 1.076384e+04 1.073874e+04
19.0 1.075734e+04 1.075859e+04 1.076384e+04 1.076259e+04
1.0 1.079150e+04 1.077274e+04 1.076405e+04 1.078280e+04
2.0 1.076679e+04 1.075780e+04 1.076385e+04 1.077285e+04
3.0 1.073512e+04 1.076592e+04 1.076368e+04 1.073288e+04
4.0 1.075504e+04 1.076529e+04 1.076359e+04 1.075334e+04
5.0 1.077466e+04 1.077081e+04 1.076357e+04 1.076742e+04
6.0 1.075817e+04 1.078000e+04 1.076367e+04 1.074184e+04
7.0 1.076277e+04 1.076458e+04 1.076389e+04 1.076207e+04
8.0 1.074987e+04 1.075926e+04 1.076402e+04 1.075463e+04
9.0 1.073260e+04 1.074694e+04 1.076399e+04 1.074966e+04
10.0 1.073564e+04 1.074953e+04 1.076393e+04 1.075004e+04
11.0 1.075780e+04 1.074739e+04 1.076388e+04 1.077429e+04
12.0 1.079132e+04 1.075119e+04 1.076385e+04 1.080398e+04
13.0 1.077745e+04 1.076151e+04 1.076384e+04 1.077977e+04
14.0 1.081777e+04 1.076252e+04 1.076383e+04 1.081908e+04
15.0 1.080148e+04 1.077271e+04 1.076384e+04 1.079261e+04
16.0 1.075087e+04 1.076995e+04 1.076384e+04 1.074476e+04
17.0 1.075287e+04 1.077798e+04 1.076384e+04 1.073874e+04
18.0 1.075734e+04 1.075859e+04 1.076384e+04 1.076259e+04
19.0 1.078037e+04 1.076646e+04 1.076385e+04 1.077775e+04
0.9 1.076679e+04 1.075780e+04 1.076385e+04 1.077285e+04
1.9 1.073512e+04 1.076592e+04 1.076368e+04 1.073288e+04
2.9 1.075504e+04 1.076529e+04 1.076359e+04 1.075334e+04
3.9 1.077466e+04 1.077081e+04 1.076357e+04 1.076742e+04
4.9 1.075817e+04 1.078000e+04 1.076367e+04 1.074184e+04
5.9 1.076277e+04 1.076458e+04 1.076389e+04 1.076207e+04
6.9 1.074987e+04 1.075926e+04 1.076402e+04 1.075463e+04
7.9 1.073260e+04 1.074694e+04 1.076399e+04 1.074966e+04
8.9 1.073564e+04 1.074953e+04 1.076393e+04 1.075004e+04
9.9 1.075780e+04 1.074739e+04 1.076388e+04 1.077429e+04
10.9 1.079132e+04 1.075119e+04 1.076385e+04 1.080398e+04
11.9 1.077745e+04 1.076151e+04 1.076384e+04 1.077977e+04
12.9 1.081777e+04 1.076252e+04 1.076383e+04 1.081908e+04
13.9 1.080148e+04 1.077271e+04 1.076384e+04 1.079261e+04
14.9 1.075087e+04 1.076995e+04 1.076384e+04 1.074476e+04
15.9 1.075287e+04 1.077798e+04 1.076384e+04 1.073874e+04
16.9 1.075734e+04 1.075859e+04 1.076384e+04 1.076259e+04
17.9 1.078037e+04 1.076646e+04 1.076385e+04 1.077775e+04
18.9 1.078113e+04 1.075435e+04 1.076387e+04 1.079066e+04
0.7 1.078413e+04 1.075426e+04 1.076403e+04 1.079391e+04
1.7 1.074758e+04 1.075800e+04 1.076410e+04 1.075368e+04
2.7 1.072167e+04 1.075296e+04 1.076398e+04 1.073269e+04
3.7 1.075711e+04 1.075859e+04 1.076386e+04 1.076238e+04
4.7 1.074646e+04 1.075024e+04 1.076371e+04 1.075993e+04
5.7 1.077574e+04 1.076517e+04 1.076356e+04 1.077413e+04
6.7 1.075185e+04 1.076585e+04 1.076347e+04 1.074947e+04
7.7 1.080386e+04 1.077309e+04 1.076355e+04 1.079431e+04
8.7 1.078490e+04 1.078135e+04 1.076367e+04 1.076722e+04
9.7 1.078979e+04 1.078252e+04 1.076384e+04 1.077110e+04
10.7 1.074048e+04 1.076663e+04 1.076405e+04 1.073791e+04
11.7 1.077333e+04 1.075753e+04 1.076411e+04 1.077990e+04
12.7 1.077661e+04 1.077863e+04 1.076402e+04 1.076200e+04
13.7 1.076471e+04 1.078461e+04 1.076396e+04 1.074406e+04
14.7 1.077134e+04 1.077531e+04 1.076397e+04 1.075999e+04
15.7 1.078243e+04 1.077628e+04 1.076390e+04 1.077005e+04
16.7 1.074824e+04 1.075125e+04 1.076377e+04 1.076076e+04
17.7 1.075490e+04 1.075386e+04 1.076369e+04 1.076473e+04
18.7 1.074837e+04 1.075452e+04 1.076369e+04 1.075754e+04
0.1 1.074758e+04 1.075800e+04 1.076410e+04 1.075368e+04
1.1 1.072167e+04 1.075296e+04 1.076398e+04 1.073269e+04
2.1 1.075711e+04 1.075859e+04 1.076386e+04 1.076238e+04
3.1 1.074646e+04 1.075024e+04 1.076371e+04 1.075993e+04
4.1 1.077574e+04 1.076517e+04 1.076356e+04 1.077413e+04
5.1 1.075185e+04 1.076585e+04 1.076347e+04 1.074947e+04
6.1 1.080386e+04 1.077309e+04 1.076355e+04 1.079431e+04
7.1 1.078490e+04 1.078135e+04 1.076367e+04 1.076722e+04
8.1 1.078979e+04 1.078252e+04 1.076384e+04 1.077110e+04
9.1 1.074048e+04 1.076663e+04 1.076405e+04 1.073791e+04
10.1 1.077333e+04 1.075753e+04 1.076411e+04 1.077990e+04
11.1 1.077661e+04 1.077863e+04 1.076402e+04 1.076200e+04
12.1 1.076471e+04 1.078461e+04 1.076396e+04 1.074406e+04
13.1 1.077134e+04 1.077531e+04 1.076397e+04 1.075999e+04
14.1 1.078243e+04 1.077628e+04 1.076390e+04 1.077005e+04
15.1 1.074824e+04 1.075125e+04 1.076377e+04 1.076076e+04
16.1 1.075490e+04 1.075386e+04 1.076369e+04 1.076473e+04
17.1 1.074837e+04 1.075452e+04 1.076369e+04 1.075754e+04
18.1 1.077553e+04 1.074084e+04 1.076378e+04 1.079848e+04
0.9 1.075711e+04 1.075859e+04 1.076386e+04 1.076238e+04
1.9 1.074646e+04 1.075024e+04 1.076371e+04 1.075993e+04
2.9 1.077574e+04 1.076517e+04 1.076356e+04 1.077413e+04
3.9 1.075185e+04 1.076585e+04 1.076347e+04 1.074947e+04
4.9 1.080386e+04 1.077309e+04 1.076355e+04 1.079431e+04
5.9 1.078490e+04 1.078135e+04 1.076367e+04 1.076722e+04
6.9 1.078979e+04 1.078252e+04 1.076384e+04 1.077110e+04
7.9 1.074048e+04 1.076663e+04 1.076405e+04 1.073791e+04
8.9 1.077333e+04 1.075753e+04 1.076411e+04 1.077990e+04
9.9 1.077661e+04 1.077863e+04 1.076402e+04 1.076200e+04
10.9 1.076471e+04 1.078461e+04 1.076396e+04 1.074406e+04
11.9 1.077134e+04 1.077531e+04 1.076397e+04 1.075999e+04
12.9 1.078243e+04 1.077628e+04 1.076390e+04 1.077005e+04
13.9 1.074824e+04 1.075125e+04 1.076377e+04 1.076076e+04
14.9 1.075490e+04 1.075386e+04 1.076369e+04 1.076473e+04
15.9 1.074837e+04 1.075452e+04 1.076369e+04 1.075754e+04
16.9 1.077553e+04 1.074084e+04 1.076378e+04 1.079848e+04
17.9 1.078547e+04 1.074439e+04 1.076390e+04 1.080498e+04
18.9 1.071244e+04 1.075481e+04 1.076392e+04 1.072155e+04
0.2 1.075711e+04 1.075859e+04 1.076386e+04 1.076238e+04
1.2 1.074646e+04 1.075024e+04 1.076371e+04 1.075993e+04
2.2 1.077574e+04 1.076517e+04 1.076356e+04 1.077413e+04
3.2 1.075185e+04 1.076585e+04 1.076347e+04 1.074947e+04
4.2 1.080386e+04 1.077309e+04 1.076355e+04 1.079431e+04
5.2 1.078490e+04 1.078135e+04 1.076367e+04 1.076722e+04
6.2 1.078979e+04 1.078252e+04 1.076384e+04 1.077110e+04
7.2 1.074048e+04 1.076663e+04 1.076405e+04 1.073791e+04
8.2 1.077333e+04 1.075753e+04 1.076411e+04 1.077990e+04
9.2 1.077661e+04 1.077863e+04 1.076402e+04 1.076200e+04
10.2 1.076471e+04 1.078461e+04 1.076396e+04 1.074406e+04
11.2 1.077134e+04 1.077531e+04 1.076397e+04 1.075999e+04
12.2 1.078243e+04 1.077628e+04 1.076390e+04 1.077005e+04
13.1 1.074824e+04 1.075125e+04 1.076377e+04 1.076076e+04
14.1 1.075490e+04 1.075386e+04 1.076369e+04 1.076473e+04
15.1 1.074837e+04 1.075452e+04 1.076369e+04 1.075754e+04
16.1 1.077553e+04 1.074084e+04 1.076378e+04 1.079848e+04
17.1 1.078547e+04 1.074439e+04 1.076390e+04 1.080498e+04
18.1 1.071244e+04 1.075481e+04 1.076392e+04 1.072155e+04
0.2 1.076471e+04 1.078461e+04 1.076396e+04 1.074406e+04
1.2 1.077134e+04 1.077531e+04 1.076397e+04 1.075999e+04
2.2 1.078243e+04 1.077628e+04 1.076390e+04 1.077005e+04
3.2 1.074824e+04 1.075125e+04 1.076377e+04 1.076076e+04
4.2 1.075490e+04 1.075386e+04 1.076369e+04 1.076473e+04
5.2 1.074837e+04 1.075452e+04 1.076369e+04 1.075754e+04
6.2 1.077553e+04 1.074084e+04 1.076378e+04 1.079848e+04
7.2 1.078547e+04 1.074439e+04 1.076390e+04 1.080498e+04
8.2 1.071244e+04 1.075481e+04 1.076392e+04 1.072155e+04
9.2 1.073757e+04 1.076088e+04 1.076389e+04 1.074059e+04
10.2 1.076695e+04 1.076586e+04 1.076387e+04 1.076496e+04
11.2 1.070385e+04 1.075389e+04 1.076393e+04 1.071388e+04
12.2 1.076164e+04 1.076104e+04 1.076405e+04 1.076465e+04
13.1 1.076469e+04 1.075362e+04 1.076405e+04 1.077512e+04
14.1 1.076132e+04 1.075736e+04 1.076390e+04 1.076786e+04
15.1 1.076273e+04 1.075118e+04 1.076372e+04 1.077526e+04
16.1 1.072294e+04 1.074680e+04 1.076360e+04 1.073974e+04
17.1 1.074153e+04 1.076477e+04 1.076353e+04 1.074029e+04
18.1 1.078024e+04 1.077279e+04 1.076350e+04 1.077095e+04
1.0 1.078243e+04 1.077628e+04 1.076390e+04 1.077005e+04
2.0 1.074824e+04 1.075125e+04 1.076377e+04 1.076076e+04
3.0 1.075490e+04 1.075386e+04 1.076369e+04 1.076473e+04
4.0 1.074837e+04 1.075452e+04 1.076369e+04 1.075754e+04
5.0 1.077553e+04 1.074084e+04 1.076378e+04 1.079848e+04
6.0 1.078547e+04 1.074439e+04 1.076390e+04 1.080498e+04
7.0 1.071244e+04 1.075481e+04 1.076392e+04 1.072155e+04
8.0 1.073757e+04 1.076088e+04 1.076389e+04 1.074059e+04
9.0 1.076695e+04 1.076586e+04 1.076387e+04 1.076496e+04
10.0 1.070385e+04 1.075389e+04 1.076393e+04 1.071388e+04
11.0 1.076164e+04 1.076104e+04 1.076405e+04 1.076465e+04
12.0 1.076469e+04 1.075362e+04 1.076405e+04 1.077512e+04
13.0 1.076132e+04 1.075736e+04 1.076390e+04 1.076786e+04
14.0 1.076273e+04 1.075118e+04 1.076372e+04 1.077526e+04
15.0 1.072294e+04 1.074680e+04 1.076360e+04 1.073974e+04
16.0 1.074153e+04 1.076477e+04 1.076353e+04 1.074029e+04
17.0 1.078024e+04 1.077279e+04 1.076350e+04 1.077095e+04
18.0 1.077122e+04 1.078324e+04 1.076367e+04 1.075165e+04
19.0 1.076234e+04 1.076903e+04 1.076398e+04 1.075728e+04
0.1 1.070385e+04 1.075389e+04 1.076393e+04 1.071388e+04
1.1 1.076164e+04 1.076104e+04 1.076405e+04 1.076465e+04
2.1 1.076469e+04 1.075362e+04 1.076405e+04 1.077512e+04
3.1 1.076132e+04 1.075736e+04 1.076390e+04 1.076786e+04
4.1 1.076273e+04 1.075118e+04 1.076372e+04 1.077526e+04
5.1 1.072294e+04 1.074680e+04 1.076360e+04 1.073974e+04
6.1 1.074153e+04 1.076477e+04 1.076353e+04 1.074029e+04
7.1 1.078024e+04 1.077279e+04 1.076350e+04 1.077095e+04
8.1 1.077122e+04 1.078324e+04 1.076367e+04 1.075165e+04
9.1 1.076234e+04 1.076903e+04 1.076398e+04 1.075728e+04
10.1 1.076684e+04 1.076948e+04 1.076409e+04 1.076145e+04
11.1 1.077524e+04 1.077632e+04 1.076403e+04 1.076295e+04
12.1 1.077108e+04 1.076602e+04 1.076394e+04 1.076901e+04
13.1 1.075252e+04 1.078998e+04 1.076388e+04 1.072643e+04
14.1 1.078047e+04 1.077644e+04 1.076385e+04 1.076788e+04
15.1 1.074207e+04 1.075804e+04 1.076383e+04 1.074786e+04
16.1 1.079191e+04 1.075800e+04 1.076383e+04 1.079773e+04
17.1 1.075917e+04 1.074931e+04 1.076383e+04 1.077370e+04
18.1 1.073611e+04 1.075374e+04 1.076384e+04 1.074621e+04
0.8 1.076469e+04 1.075362e+04 1.076405e+04 1.077512e+04
1.8 1.076132e+04 1.075736e+04 1.076390e+04 1.076786e+04
2.8 1.076273e+04 1.075118e+04 1.076372e+04 1.077526e+04
3.8 1.072294e+04 1.074680e+04 1.076360e+04 1.073974e+04
4.8 1.074153e+04 1.076477e+04 1.076353e+04 1.074029e+04
5.8 1.078024e+04 1.077279e+04 1.076350e+04 1.077095e+04
6.8 1.077122e+04 1.078324e+04 1.076367e+04 1.075165e+04
7.8 1.076234e+04 1.076903e+04 1.076398e+04 1.075728e+04
8.8 1.076684e+04 1.076948e+04 1.076409e+04 1.076145e+04
9.8 1.077524e+04 1.077632e+04 1.076403e+04 1.076295e+04
10.8 1.077108e+04 1.076602e+04 1.076394e+04 1.076901e+04
11.8 1.075252e+04 1.078998e+04 1.076388e+04 1.072643e+04
12.8 1.078047e+04 1.077644e+04 1.076385e+04 1.076788e+04
13.8 1.074207e+04 1.075804e+04 1.076383e+04 1.074786e+04
14.8 1.079191e+04 1.075800e+04 1.076383e+04 1.079773e+04
15.8 1.075917e+04 1.074931e+04 1.076383e+04 1.077370e+04
16.8 1.073611e+04 1.075374e+04 1.076384e+04 1.074621e+04
17.8 1.074863e+04 1.075080e+04 1.076384e+04 1.076166e+04
18.8 1.074731e+04 1.074933e+04 1.076385e+04 1.076183e+04
0.9 1.076132e+04 1.075736e+04 1.076390e+04 1.076786e+04
1.9 1.076273e+04 1.075118e+04 1.076372e+04 1.077526e+04
2.9 1.072294e+04 1.074680e+04 1.076360e+04 1.073974e+04
3.9 1.074153e+04 1.076477e+04 1.076353e+04 1.074029e+04
4.9 1.078024e+04 1.077279e+04 1.076350e+04 1.077095e+04
5.9 1.077122e+04 1.078324e+04 1.076367e+04 1.075165e+04
6.9 1.076234e+04 1.076903e+04 1.076398e+04 1.075728e+04
7.9 1.076684e+04 1.076948e+04 1.076409e+04 1.076145e+04
8.9 1.077524e+04 1.077632e+04 1.076403e+04 1.076295e+04
9.9 1.077108e+04 1.076602e+04 1.076394e+04 1.076901e+04
10.9 1.075252e+04 1.078998e+04 1.076388e+04 1.072643e+04
11.9 1.078047e+04 1.077644e+04 1.076385e+04 1.076788e+04
12.9 1.074207e+04 1.075804e+04 1.076383e+04 1.074786e+04
13.9 1.079191e+04 1.075800e+04 1.076383e+04 1.079773e+04
14.9 1.075917e+04 1.074931e+04 1.076383e+04 1.077370e+04
15.9 1.073611e+04 1.075374e+04 1.076384e+04 1.074621e+04
16.9 1.074863e+04 1.075080e+04 1.076384e+04 1.076166e+04
17.9 1.074731e+04 1.074933e+04 1.076385e+04 1.076183e+04
18.9 1.078405e+04 1.075971e+04 1.076398e+04 1.078832e+04
0.4 1.078405e+04 1.075971e+04 1.076398e+04 1.078832e+04
1.4 1.078743e+04 1.075058e+04 1.076411e+04 1.080096e+04
2.4 1.077845e+04 1.075913e+04 1.076404e+04 1.078335e+04
3.4 1.072220e+04 1.075340e+04 1.076385e+04 1.073265e+04
4.4 1.078020e+04 1.075299e+04 1.076370e+04 1.079091e+04
5.4 1.078409e+04 1.076024e+04 1.076363e+04 1.078748e+04
6.4 1.072770e+04 1.076177e+04 1.076362e+04 1.072954e+04
7.4 1.080247e+04 1.076687e+04 1.076362e+04 1.079922e+04
8.4 1.077759e+04 1.078148e+04 1.076363e+04 1.075973e+04
9.4 1.074507e+04 1.078366e+04 1.076364e+04 1.072505e+04
10.4 1.082088e+04 1.079944e+04 1.076379e+04 1.078523e+04
11.4 1.079332e+04 1.077339e+04 1.076408e+04 1.078401e+04
12.4 1.077514e+04 1.076246e+04 1.076429e+04 1.077697e+04
13.4 1.076538e+04 1.076163e+04 1.076426e+04 1.076800e+04
14.4 1.075972e+04 1.074200e+04 1.076403e+04 1.078175e+04
15.4 1.072663e+04 1.074433e+04 1.076379e+04 1.074609e+04
16.4 1.073479e+04 1.074452e+04 1.076366e+04 1.075393e+04
17.4 1.072721e+04 1.075600e+04 1.076362e+04 1.073483e+04
18.4 1.075795e+04 1.077486e+04 1.076361e+04 1.074669e+04
0.1 1.078743e+04 1.075058e+04 1.076411e+04 1.080096e+04
1.1 1.077845e+04 1.075913e+04 1.076404e+04 1.078335e+04
2.1 1.072220e+04 1.075340e+04 1.076385e+04 1.073265e+04
3.1 1.078020e+04 1.075299e+04 1.076370e+04 1.079091e+04
4.1 1.078409e+04 1.076024e+04 1.076363e+04 1.078748e+04
5.1 1.072770e+04 1.076177e+04 1.076362e+04 1.072954e+04
6.1 1.080247e+04 1.076687e+04 1.076362e+04 1.079922e+04
7.1 1.077759e+04 1.078148e+04 1.076363e+04 1.075973e+04
8.1 1.074507e+04 1.078366e+04 1.076364e+04 1.072505e+04
9.1 1.082088e+04 1.079944e+04 1.076379e+04 1.078523e+04
10.1 1.079332e+04 1.077339e+04 1.076408e+04 1.078401e+04
11.1 1.077514e+04 1.076246e+04 1.076429e+04 1.077697e+04
12.1 1.076538e+04 1.076163e+04 1.076426e+04 1.076800e+04
13.1 1.075972e+04 1.074200e+04 1.076403e+04 1.078175e+04
14.1 1.072663e+04 1.074433e+04 1.076379e+04 1.074609e+04
15.1 1.073479e+04 1.074452e+04 1.076366e+04 1.075393e+04
16.1 1.072721e+04 1.075600e+04 1.076362e+04 1.073483e+04
17.1 1.075795e+04 1.077486e+04 1.076361e+04 1.074669e+04
18.1 1.078663e+04 1.077239e+04 1.076365e+04 1.077789e+04
1.0 1.072220e+04 1.075340e+04 1.076385e+04 1.073265e+04
2.0 1.078020e+04 1.075299e+04 1.076370e+04 1.079091e+04
3.0 1.078409e+04 1.076024e+04 1.076363e+04 1.078748e+04
4.0 1.072770e+04 1.076177e+04 1.076362e+04 1.072954e+04
5.0 1.080247e+04 1.076687e+04 1.076362e+04 1.079922e+04
6.0 1.077759e+04 1.078148e+04 1.076363e+04 1.075973e+04
7.0 1.074507e+04 1.078366e+04 1.076364e+04 1.072505e+04
8.0 1.082088e+04 1.079944e+04 1.076379e+04 1.078523e+04
9.0 1.079332e+04 1.077339e+04 1.076408e+04 1.078401e+04
10.0 1.077514e+04 1.076246e+04 1.076429e+04 1.077697e+04
11.0 1.076538e+04 1.076163e+04 1.076426e+04 1.076800e+04
12.0 1.075972e+04 1.074200e+04 1.076403e+04 1.078175e+04
13.0 1.072663e+04 1.074433e+04 1.076379e+04 1.074609e+04
14.0 1.073479e+04 1.074452e+04 1.076366e+04 1.075393e+04
15.0 1.072721e+04 1.075600e+04 1.076362e+04 1.073483e+04
16.0 1.075795e+04 1.077486e+04 1.076361e+04 1.074669e+04
17.0 1.078663e+04 1.077239e+04 1.076365e+04 1.077789e+04
18.0 1.073267e+04 1.077007e+04 1.076370e+04 1.072630e+04
19.0 1.075481e+04 1.075496e+04 1.076382e+04 1.076366e+04
0.5 1.078020e+04 1.075299e+04 1.076370e+04 1.079091e+04
1.5 1.078409e+04 1.076024e+04 1.076363e+04 1.078748e+04
2.5 1.072770e+04 1.076177e+04 1.076362e+04 1.072954e+04
3.5 1.080247e+04 1.076687e+04 1.076362e+04 1.079922e+04
4.5 1.077759e+04 1.078148e+04 1.076363e+04 1.075973e+04
5.5 1.074507e+04 1.078366e+04 1.076364e+04 1.072505e+04
6.5 1.082088e+04 1.079944e+04 1.076379e+04 1.078523e+04
7.5 1.079332e+04 1.077339e+04 1.076408e+04 1.078401e+04
8.5 1.077514e+04 1.076246e+04 1.076429e+04 1.077697e+04
9.5 1.076538e+04 1.076163e+04 1.076426e+04 1.076800e+04
10.5 1.075972e+04 1.074200e+04 1.076403e+04 1.078175e+04
11.5 1.072663e+04 1.074433e+04 1.076379e+04 1.074609e+04
12.5 1.073479e+04 1.074452e+04 1.076366e+04 1.075393e+04
13.5 1.072721e+04 1.075600e+04 1.076362e+04 1.073483e+04
14.5 1.075795e+04 1.077486e+04 1.076361e+04 1.074669e+04
15.5 1.078663e+04 1.077239e+04 1.076365e+04 1.077789e+04
16.5 1.073267e+04 1.077007e+04 1.076370e+04 1.072630e+04
17.5 1.075481e+04 1.075496e+04 1.076382e+04 1.076366e+04
18.5 1.076354e+04 1.074866e+04 1.076401e+04 1.077889e+04
0.8 1.077514e+04 1.076246e+04 1.076429e+04 1.077697e+04
1.8 1.076538e+04 1.076163e+04 1.076426e+04 1.076800e+04
2.8 1.075972e+04 1.074200e+04 1.076403e+04 1.078175e+04
3.8 1.072663e+04 1.074433e+04 1.076379e+04 1.074609e+04
4.8 1.073479e+04 1.074452e+04 1.076366e+04 1.075393e+04
5.8 1.072721e+04 1.075600e+04 1.076362e+04 1.073483e+04
6.8 1.075795e+04 1.077486e+04 1.076361e+04 1.074669e+04
7.8 1.078663e+04 1.077239e+04 1.076365e+04 1.077789e+04
8.8 1.073267e+04 1.077007e+04 1.076370e+04 1.072630e+04
9.8 1.075481e+04 1.075496e+04 1.076382e+04 1.076366e+04
10.8 1.076354e+04 1.074866e+04 1.076401e+04 1.077889e+04
11.8 1.075823e+04 1.077289e+04 1.076416e+04 1.074951e+04
12.8 1.075722e+04 1.077122e+04 1.076422e+04 1.075022e+04
13.8 1.078248e+04 1.076961e+04 1.076406e+04 1.077693e+04
14.8 1.075336e+04 1.075519e+04 1.076384e+04 1.076202e+04
15.8 1.074427e+04 1.075307e+04 1.076371e+04 1.075491e+04
16.8 1.079182e+04 1.076449e+04 1.076364e+04 1.079097e+04
17.8 1.075266e+04 1.075057e+04 1.076363e+04 1.076571e+04
18.8 1.076273e+04 1.076677e+04 1.076363e+04 1.075959e+04
0.5 1.076538e+04 1.076163e+04 1.076426e+04 1.076800e+04
1.5 1.075972e+04 1.074200e+04 1.076403e+04 1.078175e+04
2.5 1.072663e+04 1.074433e+04 1.076379e+04 1.074609e+04
3.5 1.073479e+04 1.074452e+04 1.076366e+04 1.075393e+04
4.5 1.072721e+04 1.075600e+04 1.076362e+04 1.073483e+04
5.5 1.075795e+04 1.077486e+04 1.076361e+04 1.074669e+04
6.5 1.078663e+04 1.077239e+04 1.076365e+04 1.077789e+04
7.5 1.073267e+04 1.077007e+04 1.076370e+04 1.072630e+04
8.5 1.075481e+04 1.075496e+04 1.076382e+04 1.076366e+04
9.5 1.076354e+04 1.074866e+04 1.076401e+04 1.077889e+04
10.5 1.075823e+04 1.077289e+04 1.076416e+04 1.074951e+04
11.5 1.075722e+04 1.077122e+04 1.076422e+04 1.075022e+04
12.5 1.078248e+04 1.076961e+04 1.076406e+04 1.077693e+04
13.5 1.075336e+04 1.075519e+04 1.076384e+04 1.076202e+04
14.5 1.074427e+04 1.075307e+04 1.076371e+04 1.075491e+04
15.5 1.079182e+04 1.076449e+04 1.076364e+04 1.079097e+04
16.5 1.075266e+04 1.075057e+04 1.076363e+04 1.076571e+04
17.5 1.076273e+04 1.076677e+04 1.076363e+04 1.075959e+04
18.5 1.079977e+04 1.077727e+04 1.076368e+04 1.078618e+04
0.5 1.075972e+04 1.074200e+04 1.076403e+04 1.078175e+04
1.5 1.072663e+04 1.074433e+04 1.076379e+04 1.074609e+04
2.5 1.073479e+04 1.074452e+04 1.076366e+04 1.075393e+04
3.5 1.072721e+04 1.075600e+04 1.076362e+04 1.073483e+04
4.5 1.075795e+04 1.077486e+04 1.076361e+04 1.074669e+04
5.5 1.078663e+04 1.077239e+04 1.076365e+04 1.077789e+04
6.5 1.073267e+04 1.077007e+04 1.076370e+04 1.072630e+04
7.5 1.075481e+04 1.075496e+04 1.076382e+04 1.076366e+04
8.5 1.076354e+04 1.074866e+04 1.076401e+04 1.077889e+04
9.5 1.075823e+04 1.077289e+04 1.076416e+04 1.074951e+04
10.5 1.075722e+04 1.077122e+04 1.076422e+04 1.075022e+04
11.5 1.078248e+04 1.076961e+04 1.076406e+04 1.077693e+04
12.5 1.075336e+04 1.075519e+04 1.076384e+04 1.076202e+04
13.5 1.074427e+04 1.075307e+04 1.076371e+04 1.075491e+04
14.5 1.079182e+04 1.076449e+04 1.076364e+04 1.079097e+04
15.5 1.075266e+04 1.075057e+04 1.076363e+04 1.076571e+04
16.5 1.076273e+04 1.076677e+04 1.076363e+04 1.075959e+04
17.5 1.079977e+04 1.077727e+04 1.076368e+04 1.078618e+04
18.5 1.077173e+04 1.077203e+04 1.076373e+04 1.076343e+04
0.3 1.075823e+04 1.077289e+04 1.076416e+04 1.074951e+04
1.3 1.075722e+04 1.077122e+04 1.076422e+04 1.075022e+04
2.3 1.078248e+04 1.076961e+04 1.076406e+04 1.077693e+04
3.3 1.075336e+04 1.075519e+04 1.076384e+04 1.076202e+04
4.3 1.074427e+04 1.075307e+04 1.076371e+04 1.075491e+04
5.3 1.079182e+04 1.076449e+04 1.076364e+04 1.079097e+04
6.3 1.075266e+04 1.075057e+04 1.076363e+04 1.076571e+04
7.3 1.076273e+04 1.076677e+04 1.076363e+04 1.075959e+04
8.3 1.079977e+04 1.077727e+04 1.076368e+04 1.078618e+04
9.3 1.077173e+04 1.077203e+04 1.076373e+04 1.076343e+04
10.3 1.077146e+04 1.078168e+04 1.076385e+04 1.075363e+04
11.3 1.077380e+04 1.075730e+04 1.076402e+04 1.078052e+04
12.3 1.075652e+04 1.076593e+04 1.076416e+04 1.075475e+04
13.3 1.074590e+04 1.076106e+04 1.076421e+04 1.074906e+04
14.3 1.075785e+04 1.074608e+04 1.076409e+04 1.077587e+04
15.3 1.076531e+04 1.074934e+04 1.076396e+04 1.077993e+04
16.3 1.077603e+04 1.073752e+04 1.076383e+04 1.080234e+04
17.3 1.076391e+04 1.075058e+04 1.076368e+04 1.077701e+04
18.3 1.073035e+04 1.075027e+04 1.076359e+04 1.074367e+04
0.0 1.075722e+04 1.077122e+04 1.076422e+04 1.075022e+04
1.0 1.078248e+04 1.076961e+04 1.076406e+04 1.077693e+04
2.0 1.075336e+04 1.075519e+04 1.076384e+04 1.076202e+04
3.0 1.074427e+04 1.075307e+04 1.076371e+04 1.075491e+04
4.0 1.079182e+04 1.076449e+04 1.076364e+04 1.079097e+04
5.0 1.075266e+04 1.075057e+04 1.076363e+04 1.076571e+04
6.0 1.076273e+04 1.076677e+04 1.076363e+04 1.075959e+04
7.0 1.079977e+04 1.077727e+04 1.076368e+04 1.078618e+04
8.0 1.077173e+04 1.077203e+04 1.076373e+04 1.076343e+04
9.0 1.077146e+04 1.078168e+04 1.076385e+04 1.075363e+04
10.0 1.077380e+04 1.075730e+04 1.076402e+04 1.078052e+04
11.0 1.075652e+04 1.076593e+04 1.076416e+04 1.075475e+04
12.0 1.074590e+04 1.076106e+04 1.076421e+04 1.074906e+04
13.0 1.075785e+04 1.074608e+04 1.076409e+04 1.077587e+04
14.0 1.076531e+04 1.074934e+04 1.076396e+04 1.077993e+04
15.0 1.077603e+04 1.073752e+04 1.076383e+04 1.080234e+04
16.0 1.076391e+04 1.075058e+04 1.076368e+04 1.077701e+04
17.0 1.073035e+04 1.075027e+04 1.076359e+04 1.074367e+04
18.0 1.076507e+04 1.075540e+04 1.076353e+04 1.077320e+04
0.6 1.075336e+04 1.075519e+04 1.076384e+04 1.076202e+04
1.6 1.074427e+04 1.075307e+04 1.076371e+04 1.075491e+04
2.6 1.079182e+04 1.076449e+04 1.076364e+04 1.079097e+04
3.6 1.075266e+04 1.075057e+04 1.076363e+04 1.076571e+04
4.6 1.076273e+04 1.076677e+04 1.076363e+04 1.075959e+04
5.6 1.079977e+04 1.077727e+04 1.076368e+04 1.078618e+04
6.6 1.077173e+04 1.077203e+04 1.076373e+04 1.076343e+04
7.6 1.077146e+04 1.078168e+04 1.076385e+04 1.075363e+04
8.6 1.077380e+04 1.075730e+04 1.076402e+04 1.078052e+04
9.6 1.075652e+04 1.076593e+04 1.076416e+04 1.075475e+04
10.6 1.074590e+04 1.076106e+04 1.076421e+04 1.074906e+04
11.6 1.075785e+04 1.074608e+04 1.076409e+04 1.077587e+04
12.6 1.076531e+04 1.074934e+04 1.076396e+04 1.077993e+04
13.6 1.077603e+04 1.073752e+04 1.076383e+04 1.080234e+04
14.6 1.076391e+04 1.075058e+04 1.076368e+04 1.077701e+04
15.6 1.073035e+04 1.075027e+04 1.076359e+04 1.074367e+04
16.6 1.076507e+04 1.075540e+04 1.076353e+04 1.077320e+04
17.6 1.078542e+04 1.078061e+04 1.076353e+04 1.076834e+04
18.6 1.077829e+04 1.077661e+04 1.076362e+04 1.076530e+04
0.2 1.075652e+04 1.076593e+04 1.076416e+04 1.075475e+04
1.2 1.074590e+04 1.076106e+04 1.076421e+04 1.074906e+04
2.2 1.075785e+04 1.074608e+04 1.076409e+04 1.077587e+04
3.2 1.076531e+04 1.074934e+04 1.076396e+04 1.077993e+04
4.2 1.077603e+04 1.073752e+04 1.076383e+04 1.080234e+04
5.2 1.076391e+04 1.075058e+04 1.076368e+04 1.077701e+04
6.2 1.073035e+04 1.075027e+04 1.076359e+04 1.074367e+04
7.2 1.076507e+04 1.075540e+04 1.076353e+04 1.077320e+04
8.2 1.078542e+04 1.078061e+04 1.076353e+04 1.076834e+04
9.2 1.077829e+04 1.077661e+04 1.076362e+04 1.076530e+04
10.2 1.077727e+04 1.078471e+04 1.076372e+04 1.075628e+04
11.2 1.078304e+04 1.077494e+04 1.076381e+04 1.077191e+04
12.2 1.075572e+04 1.079898e+04 1.076399e+04 1.072073e+04
13.2 1.079974e+04 1.076647e+04 1.076413e+04 1.079740e+04
14.2 1.074917e+04 1.075380e+04 1.076407e+04 1.075944e+04
15.2 1.079747e+04 1.078602e+04 1.076396e+04 1.077541e+04
16.2 1.077858e+04 1.078445e+04 1.076388e+04 1.075801e+04
17.2 1.084868e+04 1.078650e+04 1.076384e+04 1.082602e+04
18.2 1.076988e+04 1.077055e+04 1.076389e+04 1.076323e+04
0.4 1.075785e+04 1.074608e+04 1.076409e+04 1.077587e+04
1.4 1.076531e+04 1.074934e+04 1.076396e+04 1.077993e+04
2.4 1.077603e+04 1.073752e+04 1.076383e+04 1.080234e+04
3.4 1.076391e+04 1.075058e+04 1.076368e+04 1.077701e+04
4.4 1.073035e+04 1.075027e+04 1.076359e+04 1.074367e+04
5.4 1.076507e+04 1.075540e+04 1.076353e+04 1.077320e+04
6.4 1.078542e+04 1.078061e+04 1.076353e+04 1.076834e+04
7.4 1.077829e+04 1.077661e+04 1.076362e+04 1.076530e+04
8.4 1.077727e+04 1.078471e+04 1.076372e+04 1.075628e+04
9.4 1.078304e+04 1.077494e+04 1.076381e+04 1.077191e+04
10.4 1.075572e+04 1.079898e+04 1.076399e+04 1.072073e+04
11.4 1.079974e+04 1.076647e+04 1.076413e+04 1.079740e+04
12.4 1.074917e+04 1.075380e+04 1.076407e+04 1.075944e+04
13.4 1.079747e+04 1.078602e+04 1.076396e+04 1.077541e+04
14.4 1.077858e+04 1.078445e+04 1.076388e+04 1.075801e+04
15.4 1.084868e+04 1.078650e+04 1.076384e+04 1.082602e+04
16.4 1.076988e+04 1.077055e+04 1.076389e+04 1.076323e+04
17.4 1.074707e+04 1.077077e+04 1.076395e+04 1.074025e+04
18.4 1.072801e+04 1.075087e+04 1.076390e+04 1.074104e+04
0.4 1.076531e+04 1.074934e+04 1.076396e+04 1.077993e+04
1.4 1.077603e+04 1.073752e+04 1.076383e+04 1.080234e+04
2.4 1.076391e+04 1.075058e+04 1.076368e+04 1.077701e+04
3.4 1.073035e+04 1.075027e+04 1.076359e+04 1.074367e+04
4.4 1.076507e+04 1.075540e+04 1.076353e+04 1.077320e+04
5.4 1.078542e+04 1.078061e+04 1.076353e+04 1.076834e+04
6.4 1.077829e+04 1.077661e+04 1.076362e+04 1.076530e+04
7.4 1.077727e+04 1.078471e+04 1.076372e+04 1.075628e+04
8.4 1.078304e+04 1.077494e+04 1.076381e+04 1.077191e+04
9.4 1.075572e+04 1.079898e+04 1.076399e+04 1.072073e+04
10.4 1.079974e+04 1.076647e+04 1.076413e+04 1.079740e+04
11.4 1.074917e+04 1.075380e+04 1.076407e+04 1.075944e+04
12.4 1.079747e+04 1.078602e+04 1.076396e+04 1.077541e+04
13.4 1.077858e+04 1.078445e+04 1.076388e+04 1.075801e+04
14.4 1.084868e+04 1.078650e+04 1.076384e+04 1.082602e+04
15.4 1.076988e+04 1.077055e+04 1.076389e+04 1.076323e+04
16.4 1.074707e+04 1.077077e+04 1.076395e+04 1.074025e+04
17.4 1.072801e+04 1.075087e+04 1.076390e+04 1.074104e+04
18.4 1.079074e+04 1.076676e+04 1.076381e+04 1.078779e+04
0.1 1.077603e+04 1.073752e+04 1.076383e+04 1.080234e+04
1.1 1.076391e+04 1.075058e+04 1.076368e+04 1.077701e+04
2.1 1.073035e+04 1.075027e+04 1.076359e+04 1.074367e+04
3.1 1.076507e+04 1.075540e+04 1.076353e+04 1.077320e+04
4.1 1.078542e+04 1.078061e+04 1.076353e+04 1.076834e+04
5.1 1.077829e+04 1.077661e+04 1.076362e+04 1.076530e+04
6.1 1.077727e+04 1.078471e+04 1.076372e+04 1.075628e+04
7.1 1.078304e+04 1.077494e+04 1.076381e+04 1.077191e+04
8.1 1.075572e+04 1.079898e+04 1.076399e+04 1.072073e+04
9.1 1.079974e+04 1.076647e+04 1.076413e+04 1.079740e+04
10.1 1.074917e+04 1.075380e+04 1.076407e+04 1.075944e+04
11.1 1.079747e+04 1.078602e+04 1.076396e+04 1.077541e+04
12.1 1.077858e+04 1.078445e+04 1.076388e+04 1.075801e+04
13.1 1.084868e+04 1.078650e+04 1.076384e+04 1.082602e+04
14.1 1.076988e+04 1.077055e+04 1.076389e+04 1.076323e+04
15.1 1.074707e+04 1.077077e+04 1.076395e+04 1.074025e+04
16.1 1.072801e+04 1.075087e+04 1.076390e+04 1.074104e+04
17.1 1.079074e+04 1.076676e+04 1.076381e+04 1.078779e+04
18.1 1.073583e+04 1.075092e+04 1.076373e+04 1.074864e+04
0.3 1.076988e+04 1.077055e+04 1.076389e+04 1.076323e+04
1.3 1.074707e+04 1.077077e+04 1.076395e+04 1.074025e+04
2.3 1.072801e+04 1.075087e+04 1.076390e+04 1.074104e+04
3.3 1.079074e+04 1.076676e+04 1.076381e+04 1.078779e+04
4.3 1.073583e+04 1.075092e+04 1.076373e+04 1.074864e+04
5.3 1.078529e+04 1.075396e+04 1.076369e+04 1.079502e+04
6.3 1.074307e+04 1.076236e+04 1.076367e+04 1.074439e+04
7.3 1.074192e+04 1.074915e+04 1.076373e+04 1.075650e+04
8.3 1.076466e+04 1.075730e+04 1.076387e+04 1.077123e+04
9.3 1.073757e+04 1.073794e+04 1.076413e+04 1.076376e+04
10.3 1.077252e+04 1.074862e+04 1.076432e+04 1.078822e+04
11.3 1.072456e+04 1.074666e+04 1.076418e+04 1.074208e+04
12.3 1.075603e+04 1.073192e+04 1.076388e+04 1.078799e+04
13.3 1.073470e+04 1.074891e+04 1.076372e+04 1.074951e+04
14.3 1.071777e+04 1.074092e+04 1.076368e+04 1.074052e+04
15.3 1.075475e+04 1.074925e+04 1.076366e+04 1.076916e+04
16.3 1.072142e+04 1.075805e+04 1.076366e+04 1.072704e+04
17.3 1.074292e+04 1.075712e+04 1.076368e+04 1.074947e+04
18.3 1.076952e+04 1.076985e+04 1.076364e+04 1.076331e+04
0.6 1.072801e+04 1.075087e+04 1.076390e+04 1.074104e+04
1.6 1.079074e+04 1.076676e+04 1.076381e+04 1.078779e+04
2.6 1.073583e+04 1.075092e+04 1.076373e+04 1.074864e+04
3.6 1.078529e+04 1.075396e+04 1.076369e+04 1.079502e+04
4.6 1.074307e+04 1.076236e+04 1.076367e+04 1.074439e+04
5.6 1.074192e+04 1.074915e+04 1.076373e+04 1.075650e+04
6.6 1.076466e+04 1.075730e+04 1.076387e+04 1.077123e+04
7.6 1.073757e+04 1.073794e+04 1.076413e+04 1.076376e+04
8.6 1.077252e+04 1.074862e+04 1.076432e+04 1.078822e+04
9.6 1.072456e+04 1.074666e+04 1.076418e+04 1.074208e+04
10.6 1.075603e+04 1.073192e+04 1.076388e+04 1.078799e+04
11.6 1.073470e+04 1.074891e+04 1.076372e+04 1.074951e+04
12.6 1.071777e+04 1.074092e+04 1.076368e+04 1.074052e+04
13.6 1.075475e+04 1.074925e+04 1.076366e+04 1.076916e+04
14.6 1.072142e+04 1.075805e+04 1.076366e+04 1.072704e+04
15.6 1.074292e+04 1.075712e+04 1.076368e+04 1.074947e+04
16.6 1.076952e+04 1.076985e+04 1.076364e+04 1.076331e+04
17.6 1.080055e+04 1.076982e+04 1.076362e+04 1.079435e+04
18.6 1.081020e+04 1.077294e+04 1.076369e+04 1.080095e+04
0.3 1.073757e+04 1.073794e+04 1.076413e+04 1.076376e+04
1.3 1.077252e+04 1.074862e+04 1.076432e+04 1.078822e+04
2.3 1.072456e+04 1.074666e+04 1.076418e+04 1.074208e+04
3.3 1.075603e+04 1.073192e+04 1.076388e+04 1.078799e+04
4.3 1.073470e+04 1.074891e+04 1.076372e+04 1.074951e+04
5.3 1.071777e+04 1.074092e+04 1.076368e+04 1.074052e+04
6.3 1.075475e+04 1.074925e+04 1.076366e+04 1.076916e+04
7.3 1.072142e+04 1.075805e+04 1.076366e+04 1.072704e+04
8.3 1.074292e+04 1.075712e+04 1.076368e+04 1.074947e+04
9.3 1.076952e+04 1.076985e+04 1.076364e+04 1.076331e+04
10.3 1.080055e+04 1.076982e+04 1.076362e+04 1.079435e+04
11.3 1.081020e+04 1.077294e+04 1.076369e+04 1.080095e+04
12.3 1.076742e+04 1.077629e+04 1.076382e+04 1.075494e+04
13.3 1.075232e+04 1.078172e+04 1.076401e+04 1.073461e+04
14.3 1.081664e+04 1.077720e+04 1.076396e+04 1.080340e+04
15.3 1.079259e+04 1.077911e+04 1.076375e+04 1.077723e+04
16.3 1.078791e+04 1.079266e+04 1.076386e+04 1.075911e+04
17.3 1.075431e+04 1.077863e+04 1.076406e+04 1.073975e+04
18.3 1.076657e+04 1.076178e+04 1.076404e+04 1.076884e+04
0.1 1.077252e+04 1.074862e+04 1.076432e+04 1.078822e+04
1.1 1.072456e+04 1.074666e+04 1.076418e+04 1.074208e+04
2.1 1.075603e+04 1.073192e+04 1.076388e+04 1.078799e+04
3.1 1.073470e+04 1.074891e+04 1.076372e+04 1.074951e+04
4.1 1.071777e+04 1.074092e+04 1.076368e+04 1.074052e+04
5.1 1.075475e+04 1.074925e+04 1.076366e+04 1.076916e+04
6.1 1.072142e+04 1.075805e+04 1.076366e+04 1.072704e+04
7.1 1.074292e+04 1.075712e+04 1.076368e+04 1.074947e+04
8.1 1.076952e+04 1.076985e+04 1.076364e+04 1.076331e+04
9.1 1.080055e+04 1.076982e+04 1.076362e+04 1.079435e+04
10.1 1.081020e+04 1.077294e+04 1.076369e+04 1.080095e+04
11.1 1.076742e+04 1.077629e+04 1.076382e+04 1.075494e+04
12.1 1.075232e+04 1.078172e+04 1.076401e+04 1.073461e+04
13.1 1.081664e+04 1.077720e+04 1.076396e+04 1.080340e+04
14.1 1.079259e+04 1.077911e+04 1.076375e+04 1.077723e+04
15.1 1.078791e+04 1.079266e+04 1.076386e+04 1.075911e+04
16.1 1.075431e+04 1.077863e+04 1.076406e+04 1.073975e+04
17.1 1.076657e+04 1.076178e+04 1.076404e+04 1.076884e+04
18.1 1.077663e+04 1.075707e+04 1.076395e+04 1.078351e+04
0.4 1.075603e+04 1.073192e+04 1.076388e+04 1.078799e+04
1.4 1.073470e+04 1.074891e+04 1.076372e+04 1.074951e+04
2.4 1.071777e+04 1.074092e+04 1.076368e+04 1.074052e+04
3.4 1.075475e+04 1.074925e+04 1.076366e+04 1.076916e+04
4.4 1.072142e+04 1.075805e+04 1.076366e+04 1.072704e+04
5.4 1.074292e+04 1.075712e+04 1.076368e+04 1.074947e+04
6.4 1.076952e+04 1.076985e+04 1.076364e+04 1.076331e+04
7.4 1.080055e+04 1.076982e+04 1.076362e+04 1.079435e+04
8.4 1.081020e+04 1.077294e+04 1.076369e+04 1.080095e+04
9.4 1.076742e+04 1.077629e+04 1.076382e+04 1.075494e+04
10.4 1.075232e+04 1.078172e+04 1.076401e+04 1.073461e+04
11.4 1.081664e+04 1.077720e+04 1.076396e+04 1.080340e+04
12.4 1.079259e+04 1.077911e+04 1.076375e+04 1.077723e+04
13.4 1.078791e+04 1.079266e+04 1.076386e+04 1.075911e+04
14.4 1.075431e+04 1.077863e+04 1.076406e+04 1.073975e+04
15.4 1.076657e+04 1.076178e+04 1.076404e+04 1.076884e+04
16.4 1.077663e+04 1.075707e+04 1.076395e+04 1.078351e+04
17.4 1.075538e+04 1.076220e+04 1.076388e+04 1.075706e+04
18.4 1.077289e+04 1.081314e+04 1.076385e+04 1.072359e+04
1.0 1.071777e+04 1.074092e+04 1.076368e+04 1.074052e+04
2.0 1.075475e+04 1.074925e+04 1.076366e+04 1.076916e+04
3.0 1.072142e+04 1.075805e+04 1.076366e+04 1.072704e+04
4.0 1.074292e+04 1.075712e+04 1.076368e+04 1.074947e+04
5.0 1.076952e+04 1.076985e+04 1.076364e+04 1.076331e+04
6.0 1.080055e+04 1.076982e+04 1.076362e+04 1.079435e+04
7.0 1.081020e+04 1.077294e+04 1.076369e+04 1.080095e+04
8.0 1.076742e+04 1.077629e+04 1.076382e+04 1.075494e+04
9.0 1.075232e+04 1.078172e+04 1.076401e+04 1.073461e+04
10.0 1.081664e+04 1.077720e+04 1.076396e+04 1.080340e+04
11.0 1.079259e+04 1.077911e+04 1.076375e+04 1.077723e+04
12.0 1.078791e+04 1.079266e+04 1.076386e+04 1.075911e+04
13.0 1.075431e+04 1.077863e+04 1.076406e+04 1.073975e+04
14.0 1.076657e+04 1.076178e+04 1.076404e+04 1.076884e+04
15.0 1.077663e+04 1.075707e+04 1.076395e+04 1.078351e+04
16.0 1.075538e+04 1.076220e+04 1.076388e+04 1.075706e+04
17.0 1.077289e+04 1.081314e+04 1.076385e+04 1.072359e+04
18.0 1.081537e+04 1.078548e+04 1.076383e+04 1.079372e+04
19.0 1.078689e+04 1.076935e+04 1.076383e+04 1.078136e+04
0.3 1.075475e+04 1.074925e+04 1.076366e+04 1.076916e+04
1.3 1.072142e+04 1.075805e+04 1.076366e+04 1.072704e+04
2.3 1.074292e+04 1.075712e+04 1.076368e+04 1.074947e+04
3.3 1.076952e+04 1.076985e+04 1.076364e+04 1.076331e+04
4.3 1.080055e+04 1.076982e+04 1.076362e+04 1.079435e+04
5.3 1.081020e+04 1.077294e+04 1.076369e+04 1.080095e+04
6.3 1.076742e+04 1.077629e+04 1.076382e+04 1.075494e+04
7.3 1.075232e+04 1.078172e+04 1.076401e+04 1.073461e+04
8.3 1.081664e+04 1.077720e+04 1.076396e+04 1.080340e+04
9.3 1.079259e+04 1.077911e+04 1.076375e+04 1.077723e+04
10.3 1.078791e+04 1.079266e+04 1.076386e+04 1.075911e+04
11.3 1.075431e+04 1.077863e+04 1.076406e+04 1.073975e+04
12.3 1.076657e+04 1.076178e+04 1.076404e+04 1.076884e+04
13.3 1.077663e+04 1.075707e+04 1.076395e+04 1.078351e+04
14.3 1.075538e+04 1.076220e+04 1.076388e+04 1.075706e+04
15.3 1.077289e+04 1.081314e+04 1.076385e+04 1.072359e+04
16.3 1.081537e+04 1.078548e+04 1.076383e+04 1.079372e+04
17.3 1.078689e+04 1.076935e+04 1.076383e+04 1.078136e+04
18.3 1.076747e+04 1.077596e+04 1.076383e+04 1.075534e+04
0.9 1.076231e+04 1.078366e+04 1.076394e+04 1.074259e+04
1.9 1.077706e+04 1.077544e+04 1.076392e+04 1.076554e+04
2.9 1.077510e+04 1.077559e+04 1.076382e+04 1.076332e+04
3.9 1.079836e+04 1.077489e+04 1.076374e+04 1.078722e+04
4.9 1.077674e+04 1.077586e+04 1.076369e+04 1.076457e+04
5.9 1.076364e+04 1.076843e+04 1.076373e+04 1.075895e+04
6.9 1.072889e+04 1.074751e+04 1.076386e+04 1.074523e+04
7.9 1.076108e+04 1.075721e+04 1.076395e+04 1.076783e+04
8.9 1.076700e+04 1.076689e+04 1.076398e+04 1.076409e+04
9.9 1.077799e+04 1.077927e+04 1.076387e+04 1.076260e+04
10.9 1.071417e+04 1.077147e+04 1.076376e+04 1.070646e+04
11.9 1.069122e+04 1.074818e+04 1.076379e+04 1.070682e+04
12.9 1.072474e+04 1.073823e+04 1.076387e+04 1.075038e+04
13.9 1.080399e+04 1.077249e+04 1.076389e+04 1.079540e+04
14.9 1.079895e+04 1.076827e+04 1.076385e+04 1.079453e+04
15.9 1.072439e+04 1.074694e+04 1.076382e+04 1.074127e+04
16.9 1.077124e+04 1.073280e+04 1.076389e+04 1.080234e+04
17.9 1.076041e+04 1.075193e+04 1.076402e+04 1.077250e+04
18.9 1.076268e+04 1.078050e+04 1.076403e+04 1.074621e+04
0.3 1.077706e+04 1.077544e+04 1.076392e+04 1.076554e+04
1.3 1.077510e+04 1.077559e+04 1.076382e+04 1.076332e+04
2.3 1.079836e+04 1.077489e+04 1.076374e+04 1.078722e+04
3.3 1.077674e+04 1.077586e+04 1.076369e+04 1.076457e+04
4.3 1.076364e+04 1.076843e+04 1.076373e+04 1.075895e+04
5.3 1.072889e+04 1.074751e+04 1.076386e+04 1.074523e+04
6.3 1.076108e+04 1.075721e+04 1.076395e+04 1.076783e+04
7.3 1.076700e+04 1.076689e+04 1.076398e+04 1.076409e+04
8.3 1.077799e+04 1.077927e+04 1.076387e+04 1.076260e+04
9.3 1.071417e+04 1.077147e+04 1.076376e+04 1.070646e+04
10.3 1.069122e+04 1.074818e+04 1.076379e+04 1.070682e+04
11.3 1.072474e+04 1.073823e+04 1.076387e+04 1.075038e+04
12.3 1.080399e+04 1.077249e+04 1.076389e+04 1.079540e+04
13.3 1.079895e+04 1.076827e+04 1.076385e+04 1.079453e+04
14.3 1.072439e+04 1.074694e+04 1.076382e+04 1.074127e+04
15.3 1.077124e+04 1.073280e+04 1.076389e+04 1.080234e+04
16.3 1.076041e+04 1.075193e+04 1.076402e+04 1.077250e+04
17.3 1.076268e+04 1.078050e+04 1.076403e+04 1.074621e+04
18.3 1.076334e+04 1.076557e+04 1.076388e+04 1.076165e+04
0.1 1.076108e+04 1.075721e+04 1.076395e+04 1.076783e+04
1.1 1.076700e+04 1.076689e+04 1.076398e+04 1.076409e+04
2.1 1.077799e+04 1.077927e+04 1.076387e+04 1.076260e+04
3.1 1.071417e+04 1.077147e+04 1.076376e+04 1.070646e+04
4.1 1.069122e+04 1.074818e+04 1.076379e+04 1.070682e+04
5.1 1.072474e+04 1.073823e+04 1.076387e+04 1.075038e+04
6.1 1.080399e+04 1.077249e+04 1.076389e+04 1.079540e+04
7.1 1.079895e+04 1.076827e+04 1.076385e+04 1.079453e+04
8.1 1.072439e+04 1.074694e+04 1.076382e+04 1.074127e+04
9.1 1.077124e+04 1.073280e+04 1.076389e+04 1.080234e+04
10.1 1.076041e+04 1.075193e+04 1.076402e+04 1.077250e+04
11.1 1.076268e+04 1.078050e+04 1.076403e+04 1.074621e+04
12.1 1.076334e+04 1.076557e+04 1.076388e+04 1.076165e+04
13.1 1.077720e+04 1.076555e+04 1.076372e+04 1.077536e+04
14.1 1.073748e+04 1.076347e+04 1.076362e+04 1.073762e+04
15.1 1.079466e+04 1.077322e+04 1.076356e+04 1.078501e+04
16.1 1.079466e+04 1.079233e+04 1.076361e+04 1.076594e+04
17.1 1.077630e+04 1.077465e+04 1.076384e+04 1.076549e+04
18.1 1.077125e+04 1.076372e+04 1.076402e+04 1.077155e+04
0.1 1.072474e+04 1.073823e+04 1.076387e+04 1.075038e+04
1.1 1.080399e+04 1.077249e+04 1.076389e+04 1.079540e+04
2.1 1.079895e+04 1.076827e+04 1.076385e+04 1.079453e+04
3.1 1.072439e+04 1.074694e+04 1.076382e+04 1.074127e+04
4.1 1.077124e+04 1.073280e+04 1.076389e+04 1.080234e+04
5.1 1.076041e+04 1.075193e+04 1.076402e+04 1.077250e+04
6.1 1.076268e+04 1.078050e+04 1.076403e+04 1.074621e+04
7.1 1.076334e+04 1.076557e+04 1.076388e+04 1.076165e+04
8.1 1.077720e+04 1.076555e+04 1.076372e+04 1.077536e+04
9.1 1.073748e+04 1.076347e+04 1.076362e+04 1.073762e+04
10.1 1.079466e+04 1.077322e+04 1.076356e+04 1.078501e+04
11.1 1.079466e+04 1.079233e+04 1.076361e+04 1.076594e+04
12.1 1.077630e+04 1.077465e+04 1.076384e+04 1.076549e+04
13.1 1.077125e+04 1.076372e+04 1.076402e+04 1.077155e+04
14.1 1.074722e+04 1.075952e+04 1.076401e+04 1.075171e+04
15.1 1.075715e+04 1.076705e+04 1.076394e+04 1.075405e+04
16.1 1.078553e+04 1.076441e+04 1.076389e+04 1.078502e+04
17.1 1.078421e+04 1.076750e+04 1.076388e+04 1.078060e+04
18.1 1.080382e+04 1.076327e+04 1.076390e+04 1.080445e+04
1.0 1.076041e+04 1.075193e+04 1.076402e+04 1.077250e+04
2.0 1.076268e+04 1.078050e+04 1.076403e+04 1.074621e+04
3.0 1.076334e+04 1.076557e+04 1.076388e+04 1.076165e+04
4.0 1.077720e+04 1.076555e+04 1.076372e+04 1.077536e+04
5.0 1.073748e+04 1.076347e+04 1.076362e+04 1.073762e+04
6.0 1.079466e+04 1.077322e+04 1.076356e+04 1.078501e+04
7.0 1.079466e+04 1.079233e+04 1.076361e+04 1.076594e+04
8.0 1.077630e+04 1.077465e+04 1.076384e+04 1.076549e+04
9.0 1.077125e+04 1.076372e+04 1.076402e+04 1.077155e+04
10.0 1.074722e+04 1.075952e+04 1.076401e+04 1.075171e+04
11.0 1.075715e+04 1.076705e+04 1.076394e+04 1.075405e+04
12.0 1.078553e+04 1.076441e+04 1.076389e+04 1.078502e+04
13.0 1.078421e+04 1.076750e+04 1.076388e+04 1.078060e+04
14.0 1.080382e+04 1.076327e+04 1.076390e+04 1.080445e+04
15.0 1.077171e+04 1.077321e+04 1.076385e+04 1.076235e+04
16.0 1.074602e+04 1.076279e+04 1.076374e+04 1.074697e+04
17.0 1.072807e+04 1.074517e+04 1.076376e+04 1.074666e+04
18.0 1.072622e+04 1.073671e+04 1.076384e+04 1.075336e+04
19.0 1.073642e+04 1.073600e+04 1.076388e+04 1.076430e+04
0.6 1.076268e+04 1.078050e+04 1.076403e+04 1.074621e+04
1.6 1.076334e+04 1.076557e+04 1.076388e+04 1.076165e+04
2.6 1.077720e+04 1.076555e+04 1.076372e+04 1.077536e+04
3.6 1.073748e+04 1.076347e+04 1.076362e+04 1.073762e+04
4.6 1.079466e+04 1.077322e+04 1.076356e+04 1.078501e+04
5.6 1.079466e+04 1.079233e+04 1.076361e+04 1.076594e+04
6.6 1.077630e+04 1.077465e+04 1.076384e+04 1.076549e+04
7.6 1.077125e+04 1.076372e+04 1.076402e+04 1.077155e+04
8.6 1.074722e+04 1.075952e+04 1.076401e+04 1.075171e+04
9.6 1.075715e+04 1.076705e+04 1.076394e+04 1.075405e+04
10.6 1.078553e+04 1.076441e+04 1.076389e+04 1.078502e+04
11.6 1.078421e+04 1.076750e+04 1.076388e+04 1.078060e+04
12.6 1.080382e+04 1.076327e+04 1.076390e+04 1.080445e+04
13.6 1.077171e+04 1.077321e+04 1.076385e+04 1.076235e+04
14.6 1.074602e+04 1.076279e+04 1.076374e+04 1.074697e+04
15.6 1.072807e+04 1.074517e+04 1.076376e+04 1.074666e+04
16.6 1.072622e+04 1.073671e+04 1.076384e+04 1.075336e+04
17.6 1.073642e+04 1.073600e+04 1.076388e+04 1.076430e+04
18.6 1.068765e+04 1.075116e+04 1.076387e+04 1.070035e+04
0.9 1.076334e+04 1.076557e+04 1.076388e+04 1.076165e+04
1.9 1.077720e+04 1.076555e+04 1.076372e+04 1.077536e+04
2.9 1.073748e+04 1.076347e+04 1.076362e+04 1.073762e+04
3.9 1.079466e+04 1.077322e+04 1.076356e+04 1.078501e+04
4.9 1.079466e+04 1.079233e+04 1.076361e+04 1.076594e+04
5.9 1.077630e+04 1.077465e+04 1.076384e+04 1.076549e+04
6.9 1.077125e+04 1.076372e+04 1.076402e+04 1.077155e+04
7.9 1.074722e+04 1.075952e+04 1.076401e+04 1.075171e+04
8.9 1.075715e+04 1.076705e+04 1.076394e+04 1.075405e+04
9.9 1.078553e+04 1.076441e+04 1.076389e+04 1.078502e+04
10.9 1.078421e+04 1.076750e+04 1.076388e+04 1.078060e+04
11.9 1.080382e+04 1.076327e+04 1.076390e+04 1.080445e+04
12.9 1.077171e+04 1.077321e+04 1.076385e+04 1.076235e+04
13.9 1.074602e+04 1.076279e+04 1.076374e+04 1.074697e+04
14.9 1.072807e+04 1.074517e+04 1.076376e+04 1.074666e+04
15.9 1.072622e+04 1.073671e+04 1.076384e+04 1.075336e+04
16.9 1.073642e+04 1.073600e+04 1.076388e+04 1.076430e+04
17.9 1.068765e+04 1.075116e+04 1.076387e+04 1.070035e+04
18.9 1.079204e+04 1.073431e+04 1.076386e+04 1.082160e+04
0.1 1.078421e+04 1.076750e+04 1.076388e+04 1.078060e+04
1.1 1.080382e+04 1.076327e+04 1.076390e+04 1.080445e+04
2.1 1.077171e+04 1.077321e+04 1.076385e+04 1.076235e+04
3.1 1.074602e+04 1.076279e+04 1.076374e+04 1.074697e+04
4.1 1.072807e+04 1.074517e+04 1.076376e+04 1.074666e+04
5.1 1.072622e+04 1.073671e+04 1.076384e+04 1.075336e+04
6.1 1.073642e+04 1.073600e+04 1.076388e+04 1.076430e+04
7.1 1.068765e+04 1.075116e+04 1.076387e+04 1.070035e+04
8.1 1.079204e+04 1.073431e+04 1.076386e+04 1.082160e+04
9.1 1.077402e+04 1.075911e+04 1.076385e+04 1.077877e+04
10.1 1.077263e+04 1.077625e+04 1.076385e+04 1.076023e+04
11.1 1.072913e+04 1.077042e+04 1.076392e+04 1.072262e+04
12.1 1.073942e+04 1.077344e+04 1.076397e+04 1.072996e+04
13.1 1.077640e+04 1.077476e+04 1.076391e+04 1.076555e+04
14.1 1.077004e+04 1.077028e+04 1.076382e+04 1.076358e+04
15.1 1.077608e+04 1.077679e+04 1.076373e+04 1.076302e+04
16.1 1.076941e+04 1.075875e+04 1.076369e+04 1.077436e+04
17.1 1.076219e+04 1.077844e+04 1.076369e+04 1.074744e+04
18.1 1.076473e+04 1.077758e+04 1.076373e+04 1.075088e+04
0.4 1.072913e+04 1.077042e+04 1.076392e+04 1.072262e+04
1.4 1.073942e+04 1.077344e+04 1.076397e+04 1.072996e+04
2.4 1.077640e+04 1.077476e+04 1.076391e+04 1.076555e+04
3.4 1.077004e+04 1.077028e+04 1.076382e+04 1.076358e+04
4.4 1.077608e+04 1.077679e+04 1.076373e+04 1.076302e+04
5.4 1.076941e+04 1.075875e+04 1.076369e+04 1.077436e+04
6.4 1.076219e+04 1.077844e+04 1.076369e+04 1.074744e+04
7.4 1.076473e+04 1.077758e+04 1.076373e+04 1.075088e+04
8.4 1.073873e+04 1.076211e+04 1.076387e+04 1.074049e+04
9.4 1.079502e+04 1.077118e+04 1.076397e+04 1.078781e+04
10.4 1.077915e+04 1.077408e+04 1.076401e+04 1.076909e+04
11.4 1.077960e+04 1.077729e+04 1.076400e+04 1.076630e+04
12.4 1.078707e+04 1.077421e+04 1.076390e+04 1.077675e+04
13.4 1.080793e+04 1.077741e+04 1.076379e+04 1.079431e+04
14.4 1.076083e+04 1.077924e+04 1.076372e+04 1.074532e+04
15.4 1.082479e+04 1.077313e+04 1.076369e+04 1.081535e+04
16.4 1.078174e+04 1.078641e+04 1.076376e+04 1.075909e+04
17.4 1.077951e+04 1.076892e+04 1.076388e+04 1.077447e+04
18.4 1.073559e+04 1.074307e+04 1.076392e+04 1.075645e+04
0.6 1.077640e+04 1.077476e+04 1.076391e+04 1.076555e+04
1.6 1.077004e+04 1.077028e+04 1.076382e+04 1.076358e+04
2.6 1.077608e+04 1.077679e+04 1.076373e+04 1.076302e+04
3.6 1.076941e+04 1.075875e+04 1.076369e+04 1.077436e+04
4.6 1.076219e+04 1.077844e+04 1.076369e+04 1.074744e+04
5.6 1.076473e+04 1.077758e+04 1.076373e+04 1.075088e+04
6.6 1.073873e+04 1.076211e+04 1.076387e+04 1.074049e+04
7.6 1.079502e+04 1.077118e+04 1.076397e+04 1.078781e+04
8.6 1.077915e+04 1.077408e+04 1.076401e+04 1.076909e+04
9.6 1.077960e+04 1.077729e+04 1.076400e+04 1.076630e+04
10.6 1.078707e+04 1.077421e+04 1.076390e+04 1.077675e+04
11.6 1.080793e+04 1.077741e+04 1.076379e+04 1.079431e+04
12.6 1.076083e+04 1.077924e+04 1.076372e+04 1.074532e+04
13.6 1.082479e+04 1.077313e+04 1.076369e+04 1.081535e+04
14.6 1.078174e+04 1.078641e+04 1.076376e+04 1.075909e+04
15.6 1.077951e+04 1.076892e+04 1.076388e+04 1.077447e+04
16.6 1.073559e+04 1.074307e+04 1.076392e+04 1.075645e+04
17.6 1.076230e+04 1.075413e+04 1.076390e+04 1.077207e+04
18.6 1.076805e+04 1.075020e+04 1.076388e+04 1.078172e+04
0.5 1.077915e+04 1.077408e+04 1.076401e+04 1.076909e+04
1.5 1.077960e+04 1.077729e+04 1.076400e+04 1.076630e+04
2.5 1.078707e+04 1.077421e+04 1.076390e+04 1.077675e+04
3.5 1.080793e+04 1.077741e+04 1.076379e+04 1.079431e+04
4.5 1.076083e+04 1.077924e+04 1.076372e+04 1.074532e+04
5.5 1.082479e+04 1.077313e+04 1.076369e+04 1.081535e+04
6.5 1.078174e+04 1.078641e+04 1.076376e+04 1.075909e+04
7.5 1.077951e+04 1.076892e+04 1.076388e+04 1.077447e+04
8.5 1.073559e+04 1.074307e+04 1.076392e+04 1.075645e+04
9.5 1.076230e+04 1.075413e+04 1.076390e+04 1.077207e+04
10.5 1.076805e+04 1.075020e+04 1.076388e+04 1.078172e+04
11.5 1.076120e+04 1.075692e+04 1.076386e+04 1.076814e+04
12.5 1.079680e+04 1.075520e+04 1.076386e+04 1.080546e+04
13.5 1.074701e+04 1.076649e+04 1.076390e+04 1.074442e+04
14.5 1.074729e+04 1.077630e+04 1.076388e+04 1.073487e+04
15.5 1.077140e+04 1.077082e+04 1.076378e+04 1.076436e+04
16.5 1.072949e+04 1.075391e+04 1.076374e+04 1.073932e+04
17.5 1.081531e+04 1.076158e+04 1.076380e+04 1.081753e+04
18.5 1.072348e+04 1.075177e+04 1.076387e+04 1.073558e+04
0.9 1.078707e+04 1.077421e+04 1.076390e+04 1.077675e+04
1.9 1.080793e+04 1.077741e+04 1.076379e+04 1.079431e+04
2.9 1.076083e+04 1.077924e+04 1.076372e+04 1.074532e+04
3.9 1.082479e+04 1.077313e+04 1.076369e+04 1.081535e+04
4.9 1.078174e+04 1.078641e+04 1.076376e+04 1.075909e+04
5.9 1.077951e+04 1.076892e+04 1.076388e+04 1.077447e+04
6.9 1.073559e+04 1.074307e+04 1.076392e+04 1.075645e+04
7.9 1.076230e+04 1.075413e+04 1.076390e+04 1.077207e+04
8.9 1.076805e+04 1.075020e+04 1.076388e+04 1.078172e+04
9.9 1.076120e+04 1.075692e+04 1.076386e+04 1.076814e+04
10.9 1.079680e+04 1.075520e+04 1.076386e+04 1.080546e+04
11.9 1.074701e+04 1.076649e+04 1.076390e+04 1.074442e+04
12.9 1.074729e+04 1.077630e+04 1.076388e+04 1.073487e+04
13.9 1.077140e+04 1.077082e+04 1.076378e+04 1.076436e+04
14.9 1.072949e+04 1.075391e+04 1.076374e+04 1.073932e+04
15.9 1.081531e+04 1.076158e+04 1.076380e+04 1.081753e+04
16.9 1.072348e+04 1.075177e+04 1.076387e+04 1.073558e+04
17.9 1.070436e+04 1.072584e+04 1.076393e+04 1.074245e+04
18.9 1.072226e+04 1.075441e+04 1.076408e+04 1.073192e+04
0.9 1.074701e+04 1.076649e+04 1.076390e+04 1.074442e+04
1.9 1.074729e+04 1.077630e+04 1.076388e+04 1.073487e+04
2.9 1.077140e+04 1.077082e+04 1.076378e+04 1.076436e+04
3.9 1.072949e+04 1.075391e+04 1.076374e+04 1.073932e+04
4.9 1.081531e+04 1.076158e+04 1.076380e+04 1.081753e+04
5.9 1.072348e+04 1.075177e+04 1.076387e+04 1.073558e+04
6.9 1.070436e+04 1.072584e+04 1.076393e+04 1.074245e+04
7.9 1.072226e+04 1.075441e+04 1.076408e+04 1.073192e+04
8.9 1.078832e+04 1.076714e+04 1.076412e+04 1.078531e+04
9.9 1.073864e+04 1.075804e+04 1.076391e+04 1.074452e+04
10.9 1.076834e+04 1.076327e+04 1.076367e+04 1.076874e+04
11.9 1.078051e+04 1.075850e+04 1.076353e+04 1.078554e+04
12.9 1.078007e+04 1.077387e+04 1.076346e+04 1.076966e+04
13.9 1.078004e+04 1.077106e+04 1.076354e+04 1.077253e+04
14.9 1.084033e+04 1.077751e+04 1.076385e+04 1.082668e+04
15.9 1.078464e+04 1.076933e+04 1.076409e+04 1.077939e+04
16.9 1.077869e+04 1.076117e+04 1.076414e+04 1.078166e+04
17.9 1.073865e+04 1.077706e+04 1.076408e+04 1.072567e+04
18.9 1.080834e+04 1.076081e+04 1.076391e+04 1.081144e+04
0.9 1.072226e+04 1.075441e+04 1.076408e+04 1.073192e+04
1.9 1.078832e+04 1.076714e+04 1.076412e+04 1.078531e+04
2.9 1.073864e+04 1.075804e+04 1.076391e+04 1.074452e+04
3.9 1.076834e+04 1.076327e+04 1.076367e+04 1.076874e+04
4.9 1.078051e+04 1.075850e+04 1.076353e+04 1.078554e+04
5.9 1.078007e+04 1.077387e+04 1.076346e+04 1.076966e+04
6.9 1.078004e+04 1.077106e+04 1.076354e+04 1.077253e+04
7.9 1.084033e+04 1.077751e+04 1.076385e+04 1.082668e+04
8.9 1.078464e+04 1.076933e+04 1.076409e+04 1.077939e+04
9.9 1.077869e+04 1.076117e+04 1.076414e+04 1.078166e+04
10.9 1.073865e+04 1.077706e+04 1.076408e+04 1.072567e+04
11.9 1.080834e+04 1.076081e+04 1.076391e+04 1.081144e+04
12.9 1.075720e+04 1.076271e+04 1.076376e+04 1.075825e+04
13.9 1.074602e+04 1.075898e+04 1.076368e+04 1.075072e+04
14.9 1.077067e+04 1.075234e+04 1.076370e+04 1.078203e+04
15.9 1.075462e+04 1.074935e+04 1.076382e+04 1.076909e+04
16.9 1.073099e+04 1.073043e+04 1.076391e+04 1.076446e+04
17.9 1.075227e+04 1.075780e+04 1.076391e+04 1.075839e+04
18.9 1.079207e+04 1.076314e+04 1.076389e+04 1.079281e+04
0.9 1.078832e+04 1.076714e+04 1.076412e+04 1.078531e+04
1.9 1.073864e+04 1.075804e+04 1.076391e+04 1.074452e+04
2.9 1.076834e+04 1.076327e+04 1.076367e+04 1.076874e+04
3.9 1.078051e+04 1.075850e+04 1.076353e+04 1.078554e+04
4.9 1.078007e+04 1.077387e+04 1.076346e+04 1.076966e+04
5.9 1.078004e+04 1.077106e+04 1.076354e+04 1.077253e+04
6.9 1.084033e+04 1.077751e+04 1.076385e+04 1.082668e+04
7.9 1.078464e+04 1.076933e+04 1.076409e+04 1.077939e+04
8.9 1.077869e+04 1.076117e+04 1.076414e+04 1.078166e+04
9.9 1.073865e+04 1.077706e+04 1.076408e+04 1.072567e+04
10.9 1.080834e+04 1.076081e+04 1.076391e+04 1.081144e+04
11.9 1.075720e+04 1.076271e+04 1.076376e+04 1.075825e+04
12.9 1.074602e+04 1.075898e+04 1.076368e+04 1.075072e+04
13.9 1.077067e+04 1.075234e+04 1.076370e+04 1.078203e+04
14.9 1.075462e+04 1.074935e+04 1.076382e+04 1.076909e+04
15.9 1.073099e+04 1.073043e+04 1.076391e+04 1.076446e+04
16.9 1.075227e+04 1.075780e+04 1.076391e+04 1.075839e+04
17.9 1.079207e+04 1.076314e+04 1.076389e+04 1.079281e+04
18.9 1.074870e+04 1.076696e+04 1.076386e+04 1.074561e+04
0.9 1.073864e+04 1.075804e+04 1.076391e+04 1.074452e+04
1.9 1.076834e+04 1.076327e+04 1.076367e+04 1.076874e+04
2.9 1.078051e+04 1.075850e+04 1.076353e+04 1.078554e+04
3.9 1.078007e+04 1.077387e+04 1.076346e+04 1.076966e+04
4.9 1.078004e+04 1.077106e+04 1.076354e+04 1.077253e+04
5.9 1.084033e+04 1.077751e+04 1.076385e+04 1.082668e+04
6.9 1.078464e+04 1.076933e+04 1.076409e+04 1.077939e+04
7.9 1.077869e+04 1.076117e+04 1.076414e+04 1.078166e+04
8.9 1.073865e+04 1.077706e+04 1.076408e+04 1.072567e+04
9.9 1.080834e+04 1.076081e+04 1.076391e+04 1.081144e+04
10.9 1.075720e+04 1.076271e+04 1.076376e+04 1.075825e+04
11.9 1.074602e+04 1.075898e+04 1.076368e+04 1.075072e+04
12.9 1.077067e+04 1.075234e+04 1.076370e+04 1.078203e+04
13.9 1.075462e+04 1.074935e+04 1.076382e+04 1.076909e+04
14.9 1.073099e+04 1.073043e+04 1.076391e+04 1.076446e+04
15.9 1.075227e+04 1.075780e+04 1.076391e+04 1.075839e+04
16.9 1.079207e+04 1.076314e+04 1.076389e+04 1.079281e+04
17.9 1.074870e+04 1.076696e+04 1.076386e+04 1.074561e+04
18.9 1.076138e+04 1.075245e+04 1.076385e+04 1.077278e+04
0.6 1.077869e+04 1.076117e+04 1.076414e+04 1.078166e+04
1.6 1.073865e+04 1.077706e+04 1.076408e+04 1.072567e+04
2.6 1.080834e+04 1.076081e+04 1.076391e+04 1.081144e+04
3.6 1.075720e+04 1.076271e+04 1.076376e+04 1.075825e+04
4.6 1.074602e+04 1.075898e+04 1.076368e+04 1.075072e+04
5.6 1.077067e+04 1.075234e+04 1.076370e+04 1.078203e+04
6.6 1.075462e+04 1.074935e+04 1.076382e+04 1.076909e+04
7.6 1.073099e+04 1.073043e+04 1.076391e+04 1.076446e+04
8.6 1.075227e+04 1.075780e+04 1.076391e+04 1.075839e+04
9.6 1.079207e+04 1.076314e+04 1.076389e+04 1.079281e+04
10.6 1.074870e+04 1.076696e+04 1.076386e+04 1.074561e+04
11.6 1.076138e+04 1.075245e+04 1.076385e+04 1.077278e+04
12.6 1.075777e+04 1.076373e+04 1.076384e+04 1.075788e+04
13.6 1.081635e+04 1.079741e+04 1.076384e+04 1.078279e+04
14.6 1.080805e+04 1.080091e+04 1.076384e+04 1.077099e+04
15.6 1.081904e+04 1.078842e+04 1.076384e+04 1.079447e+04
16.6 1.077530e+04 1.076490e+04 1.076384e+04 1.077424e+04
17.6 1.065943e+04 1.074835e+04 1.076384e+04 1.067492e+04
18.6 1.066001e+04 1.074616e+04 1.076384e+04 1.067770e+04
0.4 1.073865e+04 1.077706e+04 1.076408e+04 1.072567e+04
1.4 1.080834e+04 1.076081e+04 1.076391e+04 1.081144e+04
2.4 1.075720e+04 1.076271e+04 1.076376e+04 1.075825e+04
3.4 1.074602e+04 1.075898e+04 1.076368e+04 1.075072e+04
4.4 1.077067e+04 1.075234e+04 1.076370e+04 1.078203e+04
5.4 1.075462e+04 1.074935e+04 1.076382e+04 1.076909e+04
6.4 1.073099e+04 1.073043e+04 1.076391e+04 1.076446e+04
7.4 1.075227e+04 1.075780e+04 1.076391e+04 1.075839e+04
8.4 1.079207e+04 1.076314e+04 1.076389e+04 1.079281e+04
9.4 1.074870e+04 1.076696e+04 1.076386e+04 1.074561e+04
10.4 1.076138e+04 1.075245e+04 1.076385e+04 1.077278e+04
11.4 1.075777e+04 1.076373e+04 1.076384e+04 1.075788e+04
12.4 1.081635e+04 1.079741e+04 1.076384e+04 1.078279e+04
13.4 1.080805e+04 1.080091e+04 1.076384e+04 1.077099e+04
14.4 1.081904e+04 1.078842e+04 1.076384e+04 1.079447e+04
15.4 1.077530e+04 1.076490e+04 1.076384e+04 1.077424e+04
16.4 1.065943e+04 1.074835e+04 1.076384e+04 1.067492e+04
17.4 1.066001e+04 1.074616e+04 1.076384e+04 1.067770e+04
18.4 1.073227e+04 1.073495e+04 1.076384e+04 1.076117e+04
