-0.00112137  0.00071635  0.000315772  0.0094757  0.0263919  0.0456437  
-0.00147971  0.00046635  0.00030735  0.0118466  0.0365754  0.0919872  
-0.00100522  0.000444166  0.000535299  0.0291258  -0.0165039  0.0585116  
-0.00161253  0.000312778  0.00091565  0.00780305  0.0676989  0.0885515  
-0.00116092  0.000312778  0.00100512  0.0214495  -0.0501654  0.111686  
-0.00150151  9.15764e-05  0.000915651  -0.0118373  0.0956241  0.0435041  
-0.00121349  -0.000147417  0.000915651  -0.0118417  0.00894396  0.113327  
-0.000638052  7.24074e-05  0.000915651  -0.0118455  0.0283794  0.0434789  
-0.00173439  0.000341845  0.000915651  7.31367e-05  0.0691299  0.100917  
-0.0011066  0.000573281  0.00124419  -0.002744  -0.00962305  0.0829437  
-0.00162137  0.000573281  0.00115327  0.0174231  0.0852558  0.130114  
-0.00121287  0.000226587  0.00125991  -0.0289393  -0.0283781  0.102943  
-0.00146742  0.000226614  0.00115706  -0.000394375  0.0843511  0.0999935  
-0.00143743  3.1568e-05  0.000915652  -0.0192386  0.0189885  0.0388854  
-0.00139726  -2.6619e-05  0.00122763  -0.00040366  0.0427049  -0.0300575  
-0.00159547  -5.43864e-05  0.00152808  -0.00032648  0.0883562  0.0309726  
-0.000920204  0.000106109  0.00179385  -0.00268804  -0.00928134  0.0394744  
-0.00160627  0.000114257  0.00179385  -0.0228319  0.0698453  0.0581396  
-0.000887819  0.000114257  0.00179385  -0.0256388  -0.0213228  0.0200182  
-0.00140662  0.000114257  0.00223439  -0.0228028  0.0982462  0.0397605  
-0.00106162  0.000234272  0.00207414  -0.0228378  -0.0383735  0.0397734  
-0.00141766  0.00100832  -0.000136628  0.00509799  0.0917997  0.0499699  
-0.00113394  0.000594797  -2.25254e-05  0.0164591  -0.0157375  0.0650217  
-0.00114691  0.000691269  -0.000136628  0.0233282  0.0976123  0.0214413  
-0.000907657  0.000585747  -0.000136628  0.00510953  -0.0173925  0.0826626  
-0.001234  0.00100832  -0.000136628  0.0163305  0.0668538  0.050397  
-0.00115097  0.000688474  -0.000136628  0.00510741  0.0108659  0.0689512  
-0.00115097  0.00100832  0.00010823  0.0189942  0.0564357  0.0390982  
-0.00133452  0.000921302  -0.000136628  0.00510065  0.00197718  0.0817157  
-0.000554183  0.000602368  -0.000136628  0.00510646  0.0285717  -0.0117054  
-0.00107293  0.00100832  4.90057e-05  0.0247532  0.0543095  0.0245854  
-0.000129054  0.00100832  -0.000547961  -0.0234899  -0.0256721  -0.0632577  
-0.00102312  0.00120828  -0.000146598  0.0405519  0.0987701  -0.0104755  
-0.000543773  0.000958141  -0.00016876  0.0331006  -0.0469555  0.00341995  
-0.00107701  0.00123206  -8.79439e-05  0.0330688  0.0902794  0.00131431  
-0.000381117  0.00123206  4.7601e-05  0.01345  -0.0682097  0.0197194  
-0.000751548  0.00123206  -0.000272462  0.00540743  0.115795  -0.000223363  
-0.000678026  0.00152944  -0.000217807  0.0357526  -0.0957542  0.0150052  
-0.00124922  0.00178588  -0.000170574  0.025651  0.101333  -0.00289162  
0.000165165  0.00153629  -0.000235643  0.00637985  -0.0479203  0.0126481  
-0.00107362  0.00153629  -0.000170574  0.0256857  0.0913399  0.01943  
-0.000810613  0.00153629  -0.000170574  0.0118029  -0.0428086  0.0491537  
-0.001459  0.00199953  -0.000170574  0.0382621  0.106476  0.0387395  
-0.00108528  0.00176062  -0.000170574  0.0197817  -0.0354224  0.0568899  
-0.000749735  0.00168151  -9.06149e-05  0.0183634  0.0861129  0.0154176  
-0.000705484  0.00126165  -0.000170574  0.00657887  -0.00025765  0.0473708  
-0.00100236  0.00166168  4.67695e-05  0.0372129  0.0229337  0.029233  
-0.00110175  0.00149196  0.000165946  0.0256692  0.0190111  0.0690325  
-0.000301031  0.00156178  0.00010067  0.0137671  0.0315634  0.00247667  
-0.00110245  0.00156178  3.95266e-05  0.011629  0.0368865  0.05312  
-0.000675445  0.00179887  0.000173919  0.025656  -0.0233287  0.00226324  
-0.00139064  0.00167932  0.000235446  0.0146736  0.0820186  0.0540775  
-0.000702582  0.00167932  0.000188755  0.0128269  -0.0277258  0.0368663  
-0.00127826  0.00192481  0.000268161  0.0191244  0.0818194  0.0529741  
-0.000577376  0.00168222  0.00017573  0.0019411  -0.0540866  0.0694461  
-0.00125187  0.00215047  0.000279309  0.0200052  0.087458  0.0672114  
-0.00101239  0.002153  0.0002348  0.0116632  -0.0499566  0.0670045  
-0.00111128  0.00199194  8.57233e-05  0.000967362  0.0598456  0.0217977  
-0.00120553  0.00173675  0.000106942  0.00436977  0.0134656  0.0621087  
-0.000823544  0.00213732  0.000221909  0.0261827  0.0162082  0.0265857  
-0.000789351  0.00166586  0.000156618  0.0142693  0.0637521  0.03322  
-0.000262327  0.00163307  8.7709e-05  0.0199595  -0.0385606  0.0298111  
-0.00111156  0.00192247  7.81775e-05  0.0157867  0.0909594  0.053848  
-0.000363375  0.00171981  -0.000170574  0.00894568  -0.074333  0.0296902  
-0.00117179  0.00213732  2.29144e-05  0.0199819  0.108786  0.00960584  
-0.000475964  0.00160401  -0.000170574  0.0173222  -0.0577766  0.00968442  
-0.00113371  0.0021605  -1.78068e-05  0.0293866  0.0834755  0.00985999  
-0.000700959  0.00199799  0.000157958  0.0280986  -0.0272423  0.0373067  
-0.000972198  0.00203851  0.000264377  0.0264917  0.0529895  -0.00563213  
-0.00101159  0.00192393  0.000141312  0.00339757  0.0360542  0.0261108  
-0.00060026  0.00221083  8.10133e-05  0.0310424  0.00516178  -0.00381862  
-0.000963277  0.00226885  6.2354e-05  0.00391399  0.0525077  0.0524212  
-0.000555508  0.00255549  0.00018595  0.019993  -0.00982656  0.01611  
-0.00127476  0.00260355  0.000400856  0.0361754  0.0866432  0.0339854  
-0.000367835  -0.00046562  0.00030349  0.0112756  -0.0535118  0.0473209  
-0.000405354  -0.00046562  -0.000170574  -0.0349432  0.0732395  0.0242948  
0.000205725  -0.000328624  -0.000170574  -0.00640309  -0.0268909  0.0575344  
-0.000149487  0.000169272  -0.000948474  -0.00651019  0.0755344  0.0122499  
0.000564974  0.000169272  -0.000948474  0.0435862  -0.106396  0.0600382  
-0.000176225  -7.54361e-05  -0.000417878  0.0361465  0.126889  0.10807  
0.000509327  -0.000277687  -0.00045208  0.0131206  -0.0654968  0.095263  
-0.000386576  0.000559831  -0.000209105  0.0319998  0.0924279  0.059543  
5.4058e-05  0.000237733  -0.000397764  0.0204464  -0.0806931  0.0857927  
-0.000656928  0.000547355  0.000115996  0.0321183  0.0905957  0.0597313  
0.000147063  0.000508508  0.000381396  0.0142743  -0.032568  0.0860826  
-0.000414854  0.000337984  0.000115996  0.00685002  0.0727703  0.0565854  
-9.92275e-05  0.000402594  0.000115996  -0.0100392  -0.0286565  0.0861256  
-0.000176579  0.000698984  0.000115996  0.0126031  0.0391749  0.0405984  
-0.000457202  0.000404702  0.000115996  0.012626  0.0105185  0.076537  
3.82402e-05  -6.19006e-05  5.04351e-06  -0.00436327  -0.00449046  0.00629447  
-0.000719728  6.7039e-05  0.000115996  0.0256753  0.0550155  0.0283019  
0.000762454  -0.000112386  0.000115996  0.000675921  -0.0609001  0.0248374  
-0.000336943  0.000126361  0.000115996  0.0126016  0.083728  0.0526011  
0.000425235  -2.43382e-05  0.000248958  0.0126123  -0.0767955  0.0406859  
-0.00034432  0.000324541  0.000395251  0.0213832  0.0883045  0.0163023  
0.000448183  1.00009e-05  0.000453487  -0.000318867  -0.0709476  0.0161939  
-0.000396119  0.000398099  0.000870695  0.0275896  0.1045  0.0144969  
0.000109425  0.000324541  0.000870695  -0.0104349  -0.0555928  0.0345432  
-0.000194496  0.00031043  0.000870695  0.0170705  0.0723889  0.0346784  
0.000505088  3.74107e-05  0.000994959  -0.016758  -0.026082  0.0424144  
-2.72531e-06  2.86083e-05  0.00102549  2.26254e-05  0.0359471  0.0060235  
0.000284223  6.95595e-05  0.00113401  -0.0172194  0.0279554  0.043077  
0.00042763  -7.94369e-05  0.000956559  -0.0104429  -0.00718727  -0.0032112  
-6.70842e-05  -2.29314e-05  0.00105721  -0.00143315  0.0663167  -0.00048734  
0.00107452  -7.94369e-05  0.0010228  -0.0104526  -0.0539594  -0.0130149  
0.000208167  -7.94369e-05  0.000585069  -0.0321968  0.15  0.00690598  
0.00121465  0.000183775  -4.62861e-05  -0.0104978  -0.149161  -0.0102226  
-0.00168306  0.000589226  0.000682175  0.0482115  0.0623426  0.0968454  
-0.00172747  0.000927146  0.000974287  -0.00883114  0.0838125  0.0868255  
-0.00152314  0.000677146  0.000974287  0.0103559  -0.0118048  0.104266  
-0.00172673  0.000326672  0.00111698  -0.000551687  0.0585825  0.0593687  
-0.00155341  0.000243951  0.00133077  -0.000876612  -0.0029926  0.105137  
-0.00109033  0.000243951  0.00140448  -0.0278928  0.00449593  0.0553306  
-0.0016663  0.000240142  0.00141863  -0.0100125  0.0734906  0.0805295  
-0.000673988  -2.52216e-05  0.00124454  -0.0279008  -0.0337805  0.0805679  
-0.0016108  0.000715155  0.00146988  0.0238063  0.0909445  0.0849828  
-0.000535973  -3.38065e-05  0.000974287  -0.0402254  -0.0681499  0.0858094  
-0.000217757  -3.38065e-05  0.000974287  -0.0304507  0.0985032  0.0420701  
0.000484904  0.000334672  0.00144441  0.00792904  -0.113469  0.0365308  
-0.000854667  0.000445408  0.00174907  0.00811821  0.133687  0.0724331  
0.000260287  -6.8681e-05  0.0016234  -0.0240217  -0.0456575  0.0439905  
-0.000594847  -1.3753e-05  0.00169525  -0.00849774  0.0765549  0.0635146  
0.000264018  -0.000363275  0.00157909  -0.024064  -0.0679794  0.0554713  
-0.000474576  -2.72831e-05  0.00185603  -0.0160154  0.0913695  0.0512928  
-0.000355252  -0.000292689  0.0018011  -0.0240817  -0.0436097  0.0461831  
-0.000482313  -2.72831e-05  0.00202618  -0.0240639  0.0735639  0.0241607  
-5.18367e-05  -0.000461011  0.00174643  -0.0240367  -0.0299866  0.0523199  
-0.000190556  -2.72831e-05  0.00165254  -0.02405  0.0195658  0.0242055  
-0.000211041  -0.000148001  0.00168468  -0.0208599  0.0331902  0.073646  
0.000264093  -0.000137283  0.00175953  -0.00921613  -0.0255806  0.0414565  
-0.000473735  4.20869e-05  0.00195715  -0.0261249  0.0730566  0.0614874  
-0.000389421  0.000882572  -0.000446784  0.0118461  -0.0398144  0.0164142  
-0.00175001  0.00088762  -0.000946252  -0.0138899  0.119747  0.0701238  
-0.000685171  0.000537353  -0.00151245  0.0248043  -0.104469  0.0374954  
-0.000358349  0.000551871  0.00100413  0.0248092  0.0283482  0.0582946  
-0.000600192  0.000574577  0.0013753  0.00711005  0.0703932  0.0483496  
-0.000531696  0.000373326  0.00142528  -0.00528144  -0.0379063  0.081714  
-0.00116797  0.000250541  0.0015541  0.00451053  0.0628192  0.0747688  
-0.000709548  0.000456351  0.00186319  -0.0131925  -0.034376  0.0990858  
-0.00150993  0.000563374  0.00175391  -0.0132041  0.0787468  0.0583964  
-0.00094432  0.000563374  0.00169821  -0.0233987  -0.0428477  0.0850737  
-0.000980222  0.000563375  0.00170501  -0.0131982  0.0432758  0.0585939  
-0.000747005  0.000844042  0.00174279  -0.02054  -0.00817912  0.103252  
-0.00106572  0.000631468  0.00182433  -0.0132157  0.0485769  0.0959979  
-0.000724453  0.000536706  0.00186904  -0.0132387  -0.009226  0.117617  
-0.000877197  0.00109722  0.00180435  -0.0163296  0.0161539  0.061665  
-0.000889808  0.00059815  0.00174864  -0.0270654  0.0260244  0.0817383  
-0.0003064  0.00059815  0.00181941  -0.0132606  -0.0253755  0.0331347  
-0.000935347  0.000434808  0.00176621  -0.028172  0.0538302  0.0924926  
-5.11181e-05  0.00047785  0.00197198  -0.0161621  -0.0406095  0.0761795  
-0.000904732  0.00059815  0.00164758  -0.0282107  0.0671373  0.0692314  
-0.000190844  0.000410341  0.00169911  -0.0157484  -0.0422172  0.0537003  
-0.00064078  0.00059815  0.00164758  -0.0132853  0.080529  0.0499691  
-0.000121742  0.000325589  0.00172156  -0.0205934  -0.0642548  0.0675535  
-0.000685302  0.000113522  0.00162722  -0.0438726  0.0992908  0.0701613  
0.000425968  0.000545299  0.00152786  0.00788037  -0.128026  0.0684109  
-0.000196571  0.000556152  0.00169583  -0.0131199  0.115931  0.0744823  
0.000419209  0.000477083  0.00185475  -0.0178065  -0.0617834  0.0654705  
-0.000136218  0.000676674  0.00177067  -0.00624515  0.0898148  0.074396  
0.000760277  0.000447594  0.00181416  -0.0317666  -0.0464939  0.0901039  
2.95605e-05  0.000462582  0.00172996  -0.023478  0.0602405  0.0964876  
0.00048572  0.000462582  0.00150965  -0.0317855  -0.0232535  0.0850304  
0.000501702  0.000652529  0.00159632  0.000563691  0.0450917  0.0650579  
8.13212e-05  0.00018807  0.0013106  -0.0357342  -0.0062136  0.0864286  
0.000501702  0.00067572  0.00150965  0.0204062  0.0263643  0.0763493  
2.15735e-06  0.000298621  0.00136668  -0.0294394  0.0174695  0.0872825  
0.000501702  0.000447379  0.00145472  -0.000439422  -0.0301221  0.0536906  
-9.27232e-05  0.000592743  0.00150965  -0.00816909  0.0647696  0.0763714  
0.000270786  0.000618667  0.00150965  -0.0160402  -0.0601225  0.0633739  
-0.000353441  0.000619341  0.00137184  -0.0081644  0.0854731  0.0765929  
0.00022899  0.00100352  0.00168101  -0.0141577  -0.0380962  0.0907779  
-3.13775e-05  0.00100352  0.00147575  -0.00819072  0.0543981  0.0766913  
-3.13775e-05  0.00100352  0.0015562  -0.0082054  0.0011994  0.139844  
0.000405528  0.000528553  0.00108704  -0.0318244  -0.018255  0.0703828  
-0.000201637  0.000577211  0.000867956  -0.068609  0.0926344  0.159379  
-2.17672e-05  0.00141987  0.000995936  0.0206384  -0.109624  0.159451  
-0.000191421  0.00092488  0.00119177  -0.00541035  0.0837971  0.169527  
7.73097e-05  0.00092488  0.00125948  -0.000370702  0.0189513  0.155115  
0.00165687  0.00084004  0.000993389  -0.000356678  -0.0408349  0.128445  
