1.116248e+04 1.143132e+04 1.144594e+04 1.114786e+04
1.117314e+04 1.143079e+04 1.141902e+04 1.118492e+04
1.135654e+04 1.143028e+04 1.144604e+04 1.134078e+04
1.157003e+04 1.142978e+04 1.145654e+04 1.154328e+04
1.162149e+04 1.142931e+04 1.143081e+04 1.161998e+04
1.163173e+04 1.142886e+04 1.142059e+04 1.164000e+04
1.153956e+04 1.142843e+04 1.140740e+04 1.156059e+04
1.155631e+04 1.142803e+04 1.140632e+04 1.157801e+04
1.154209e+04 1.142765e+04 1.142544e+04 1.154430e+04
1.144750e+04 1.142729e+04 1.141308e+04 1.146170e+04
1.135378e+04 1.142696e+04 1.140874e+04 1.137200e+04
1.138939e+04 1.142672e+04 1.142833e+04 1.138778e+04
1.134327e+04 1.143577e+04 1.141642e+04 1.136261e+04
1.142504e+04 1.146836e+04 1.147229e+04 1.142111e+04
1.146959e+04 1.150216e+04 1.150580e+04 1.146595e+04
1.136881e+04 1.151219e+04 1.135765e+04 1.152335e+04
1.171776e+04 1.148623e+04 1.166982e+04 1.153416e+04
1.118418e+04 1.145215e+04 1.148360e+04 1.115274e+04
1.128727e+04 1.142969e+04 1.147708e+04 1.123989e+04
1.141832e+04 1.141909e+04 1.145084e+04 1.138657e+04
1.140686e+04 1.141593e+04 1.142834e+04 1.139445e+04
1.146956e+04 1.141665e+04 1.142283e+04 1.146337e+04
1.153317e+04 1.141881e+04 1.142737e+04 1.152461e+04
1.155215e+04 1.142096e+04 1.145412e+04 1.151899e+04
1.143021e+04 1.142250e+04 1.142622e+04 1.142649e+04
1.143647e+04 1.142340e+04 1.144985e+04 1.141002e+04
1.143760e+04 1.142385e+04 1.144316e+04 1.141829e+04
1.146672e+04 1.142411e+04 1.143344e+04 1.145739e+04
1.146459e+04 1.143351e+04 1.144002e+04 1.145809e+04
1.141167e+04 1.146639e+04 1.147305e+04 1.140500e+04
1.158140e+04 1.150046e+04 1.151974e+04 1.156213e+04
1.169510e+04 1.151074e+04 1.156734e+04 1.163851e+04
1.164092e+04 1.148503e+04 1.152871e+04 1.159725e+04
1.146725e+04 1.145120e+04 1.146652e+04 1.145193e+04
1.138768e+04 1.142897e+04 1.143929e+04 1.137736e+04
1.133179e+04 1.141860e+04 1.143308e+04 1.131731e+04
1.132617e+04 1.141565e+04 1.141852e+04 1.132330e+04
1.145807e+04 1.141658e+04 1.144945e+04 1.142520e+04
1.149807e+04 1.141895e+04 1.141465e+04 1.150237e+04
1.139339e+04 1.142128e+04 1.142631e+04 1.138836e+04
1.132988e+04 1.142307e+04 1.142565e+04 1.132731e+04
1.134233e+04 1.143346e+04 1.145281e+04 1.132297e+04
1.133220e+04 1.146691e+04 1.148737e+04 1.131175e+04
1.152041e+04 1.150131e+04 1.155777e+04 1.146395e+04
1.145092e+04 1.151179e+04 1.156732e+04 1.139539e+04
1.130441e+04 1.148622e+04 1.152174e+04 1.126888e+04
1.131098e+04 1.145249e+04 1.148720e+04 1.127628e+04
1.138696e+04 1.143035e+04 1.144965e+04 1.136767e+04
1.153888e+04 1.142006e+04 1.142976e+04 1.152918e+04
1.157113e+04 1.141719e+04 1.143849e+04 1.154983e+04
1.159647e+04 1.141818e+04 1.141623e+04 1.159842e+04
1.137624e+04 1.142060e+04 1.139658e+04 1.140027e+04
1.135157e+04 1.142299e+04 1.139895e+04 1.137562e+04
1.132028e+04 1.142476e+04 1.140175e+04 1.134328e+04
1.132708e+04 1.142590e+04 1.138812e+04 1.136485e+04
1.115079e+04 1.143044e+04 1.133194e+04 1.124930e+04
1.155879e+04 1.144456e+04 1.140691e+04 1.159643e+04
1.136178e+04 1.145905e+04 1.139299e+04 1.142784e+04
1.132479e+04 1.146352e+04 1.138646e+04 1.140185e+04
1.141499e+04 1.145290e+04 1.139120e+04 1.147669e+04
1.136621e+04 1.143886e+04 1.141830e+04 1.138676e+04
1.144896e+04 1.142967e+04 1.146305e+04 1.141558e+04
1.132760e+04 1.142543e+04 1.146392e+04 1.128911e+04
1.131364e+04 1.142430e+04 1.146417e+04 1.127377e+04
1.137420e+04 1.142477e+04 1.143938e+04 1.135960e+04
1.143225e+04 1.142584e+04 1.143589e+04 1.142220e+04
1.139395e+04 1.142689e+04 1.142098e+04 1.139986e+04
1.138466e+04 1.142768e+04 1.141570e+04 1.139663e+04
1.138057e+04 1.142818e+04 1.143144e+04 1.137731e+04
1.141839e+04 1.142847e+04 1.142608e+04 1.142079e+04
1.151807e+04 1.142869e+04 1.144470e+04 1.150206e+04
1.157375e+04 1.143271e+04 1.145882e+04 1.154764e+04
1.155991e+04 1.144656e+04 1.141954e+04 1.158692e+04
1.148328e+04 1.146089e+04 1.141537e+04 1.152880e+04
1.154404e+04 1.146525e+04 1.139593e+04 1.161335e+04
1.157555e+04 1.145454e+04 1.138959e+04 1.164050e+04
1.149064e+04 1.144041e+04 1.146286e+04 1.146820e+04
1.154368e+04 1.143113e+04 1.145034e+04 1.152447e+04
1.144067e+04 1.142681e+04 1.143497e+04 1.143251e+04
1.148103e+04 1.142558e+04 1.146037e+04 1.144624e+04
1.145067e+04 1.142597e+04 1.142849e+04 1.144815e+04
1.143285e+04 1.142695e+04 1.146055e+04 1.139924e+04
1.154092e+04 1.142790e+04 1.140979e+04 1.155903e+04
1.164509e+04 1.142858e+04 1.142149e+04 1.165218e+04
1.157444e+04 1.142901e+04 1.143225e+04 1.157120e+04
1.152414e+04 1.143311e+04 1.141285e+04 1.154440e+04
1.139167e+04 1.144694e+04 1.145417e+04 1.138445e+04
1.141454e+04 1.146123e+04 1.141056e+04 1.146521e+04
1.129453e+04 1.146553e+04 1.141109e+04 1.134897e+04
1.138852e+04 1.145475e+04 1.142152e+04 1.142175e+04
1.154959e+04 1.144057e+04 1.145197e+04 1.153818e+04
1.163921e+04 1.143123e+04 1.146656e+04 1.160388e+04
1.154818e+04 1.142684e+04 1.147052e+04 1.150451e+04
1.145295e+04 1.142555e+04 1.144892e+04 1.142958e+04
1.136756e+04 1.142587e+04 1.146891e+04 1.132452e+04
1.134180e+04 1.142678e+04 1.146149e+04 1.130710e+04
1.140743e+04 1.142768e+04 1.146218e+04 1.137293e+04
1.137664e+04 1.142835e+04 1.143955e+04 1.136544e+04
1.133956e+04 1.143260e+04 1.143222e+04 1.133994e+04
1.131852e+04 1.144650e+04 1.139997e+04 1.136506e+04
1.126907e+04 1.146079e+04 1.137910e+04 1.135076e+04
1.136732e+04 1.146506e+04 1.139959e+04 1.143279e+04
1.133579e+04 1.145425e+04 1.139551e+04 1.139453e+04
1.136940e+04 1.144003e+04 1.142050e+04 1.138893e+04
1.136801e+04 1.143065e+04 1.145125e+04 1.134742e+04
1.139303e+04 1.142623e+04 1.144110e+04 1.137817e+04
1.141084e+04 1.142493e+04 1.142407e+04 1.141170e+04
1.139714e+04 1.142524e+04 1.144058e+04 1.138180e+04
1.148624e+04 1.142614e+04 1.141593e+04 1.149646e+04
1.148599e+04 1.142703e+04 1.147188e+04 1.144114e+04
1.144694e+04 1.142764e+04 1.142336e+04 1.145122e+04
1.148294e+04 1.142799e+04 1.149000e+04 1.142093e+04
1.155347e+04 1.142821e+04 1.141920e+04 1.156248e+04
1.146081e+04 1.143757e+04 1.144332e+04 1.145506e+04
1.161538e+04 1.147040e+04 1.146294e+04 1.162283e+04
1.171086e+04 1.150441e+04 1.156644e+04 1.164882e+04
1.143618e+04 1.151462e+04 1.153868e+04 1.141211e+04
1.131683e+04 1.148882e+04 1.152751e+04 1.127813e+04
1.136995e+04 1.145489e+04 1.146866e+04 1.135618e+04
1.138923e+04 1.143257e+04 1.142100e+04 1.140080e+04
1.145091e+04 1.142208e+04 1.140344e+04 1.146955e+04
1.147283e+04 1.141901e+04 1.141636e+04 1.147548e+04
1.157465e+04 1.141980e+04 1.140668e+04 1.158776e+04
1.164003e+04 1.142201e+04 1.141865e+04 1.164338e+04
1.152258e+04 1.142418e+04 1.138936e+04 1.155740e+04
1.141624e+04 1.142573e+04 1.138338e+04 1.145859e+04
1.135641e+04 1.142662e+04 1.139293e+04 1.139010e+04
1.140098e+04 1.142708e+04 1.138454e+04 1.144352e+04
1.146104e+04 1.143113e+04 1.137965e+04 1.151253e+04
1.149904e+04 1.144490e+04 1.135443e+04 1.158952e+04
1.136525e+04 1.145912e+04 1.139371e+04 1.143065e+04
1.134902e+04 1.146334e+04 1.138375e+04 1.142862e+04
1.129926e+04 1.145249e+04 1.136443e+04 1.138732e+04
1.134283e+04 1.143823e+04 1.137419e+04 1.140687e+04
1.141482e+04 1.142881e+04 1.135954e+04 1.148409e+04
1.140964e+04 1.142435e+04 1.139296e+04 1.144103e+04
1.139255e+04 1.142298e+04 1.136597e+04 1.144956e+04
1.156145e+04 1.142322e+04 1.148067e+04 1.150400e+04
1.132283e+04 1.142406e+04 1.148387e+04 1.126302e+04
1.130567e+04 1.142487e+04 1.145180e+04 1.127874e+04
1.145248e+04 1.142545e+04 1.146639e+04 1.141155e+04
1.152687e+04 1.142962e+04 1.144000e+04 1.151649e+04
1.153094e+04 1.144343e+04 1.141655e+04 1.155782e+04
1.152452e+04 1.145763e+04 1.139340e+04 1.158875e+04
1.142180e+04 1.146180e+04 1.141887e+04 1.146474e+04
1.139284e+04 1.145087e+04 1.141582e+04 1.142790e+04
1.136278e+04 1.143652e+04 1.143202e+04 1.136728e+04
1.134437e+04 1.142701e+04 1.144061e+04 1.133077e+04
1.139068e+04 1.142245e+04 1.145654e+04 1.135658e+04
1.146626e+04 1.142097e+04 1.145233e+04 1.143491e+04
1.161333e+04 1.142111e+04 1.145083e+04 1.158360e+04
1.151511e+04 1.142183e+04 1.143960e+04 1.149733e+04
1.148316e+04 1.142253e+04 1.144656e+04 1.145912e+04
1.145425e+04 1.142295e+04 1.145740e+04 1.141979e+04
1.151815e+04 1.142309e+04 1.143259e+04 1.150864e+04
1.154775e+04 1.142309e+04 1.144624e+04 1.152460e+04
1.165758e+04 1.143222e+04 1.145268e+04 1.163712e+04
1.146922e+04 1.146481e+04 1.146359e+04 1.147044e+04
1.143772e+04 1.149856e+04 1.152145e+04 1.141482e+04
1.151709e+04 1.150849e+04 1.156802e+04 1.145756e+04
1.147039e+04 1.148241e+04 1.146274e+04 1.149006e+04
1.158479e+04 1.144818e+04 1.149904e+04 1.153393e+04
1.129187e+04 1.142552e+04 1.140617e+04 1.131122e+04
1.121441e+04 1.141469e+04 1.142354e+04 1.120556e+04
1.141900e+04 1.141126e+04 1.150416e+04 1.132609e+04
1.131981e+04 1.141168e+04 1.132314e+04 1.140836e+04
1.146726e+04 1.141352e+04 1.145822e+04 1.142256e+04
1.130768e+04 1.141531e+04 1.141362e+04 1.130937e+04
1.121868e+04 1.141646e+04 1.144683e+04 1.118832e+04
1.117424e+04 1.141695e+04 1.137840e+04 1.121278e+04
1.130130e+04 1.141695e+04 1.143999e+04 1.127826e+04
1.144144e+04 1.141674e+04 1.139976e+04 1.145842e+04
1.136082e+04 1.142564e+04 1.143377e+04 1.135268e+04
1.145650e+04 1.145797e+04 1.145316e+04 1.146132e+04
1.158703e+04 1.149147e+04 1.151471e+04 1.156379e+04
1.171908e+04 1.150114e+04 1.150947e+04 1.171075e+04
1.157730e+04 1.147476e+04 1.146461e+04 1.158745e+04
1.152215e+04 1.144023e+04 1.145967e+04 1.150271e+04
1.144702e+04 1.141728e+04 1.140653e+04 1.145777e+04
