1.057788e+04 1.070947e+04 1.070857e+04 1.057878e+04
1.059747e+04 1.070925e+04 1.072016e+04 1.058656e+04
1.066442e+04 1.070903e+04 1.070634e+04 1.066711e+04
1.077960e+04 1.070881e+04 1.073583e+04 1.075258e+04
1.079832e+04 1.070860e+04 1.071039e+04 1.079653e+04
1.078056e+04 1.070840e+04 1.071112e+04 1.077783e+04
1.076774e+04 1.070820e+04 1.070231e+04 1.077364e+04
1.080955e+04 1.070802e+04 1.069748e+04 1.082008e+04
1.080158e+04 1.070784e+04 1.069987e+04 1.080954e+04
1.074263e+04 1.070767e+04 1.068732e+04 1.076298e+04
1.071679e+04 1.070751e+04 1.069122e+04 1.073309e+04
1.068468e+04 1.070740e+04 1.068493e+04 1.070714e+04
1.065878e+04 1.071105e+04 1.070010e+04 1.066973e+04
1.066599e+04 1.072427e+04 1.072834e+04 1.066191e+04
1.066367e+04 1.073797e+04 1.075660e+04 1.064505e+04
1.074914e+04 1.074201e+04 1.074132e+04 1.074983e+04
1.084254e+04 1.073143e+04 1.076954e+04 1.080444e+04
1.064477e+04 1.071755e+04 1.075504e+04 1.060728e+04
1.066547e+04 1.070839e+04 1.074319e+04 1.063066e+04
1.068349e+04 1.070404e+04 1.072716e+04 1.066038e+04
1.068876e+04 1.070271e+04 1.071778e+04 1.067369e+04
1.069691e+04 1.070296e+04 1.070294e+04 1.069692e+04
1.070065e+04 1.070379e+04 1.070141e+04 1.070304e+04
1.070386e+04 1.070462e+04 1.069775e+04 1.071073e+04
1.065033e+04 1.070519e+04 1.069642e+04 1.065910e+04
1.068177e+04 1.070551e+04 1.070517e+04 1.068211e+04
1.071861e+04 1.070564e+04 1.070237e+04 1.072188e+04
1.071896e+04 1.070569e+04 1.071761e+04 1.070705e+04
1.072168e+04 1.070946e+04 1.071338e+04 1.071776e+04
1.070132e+04 1.072276e+04 1.073579e+04 1.068829e+04
1.077418e+04 1.073654e+04 1.074859e+04 1.076214e+04
1.082441e+04 1.074066e+04 1.076209e+04 1.080297e+04
1.082251e+04 1.073015e+04 1.076619e+04 1.078647e+04
1.073989e+04 1.071634e+04 1.073136e+04 1.072488e+04
1.071752e+04 1.070725e+04 1.072134e+04 1.070343e+04
1.067565e+04 1.070297e+04 1.071647e+04 1.066214e+04
1.065135e+04 1.070170e+04 1.071129e+04 1.064177e+04
1.068924e+04 1.070202e+04 1.069951e+04 1.069174e+04
1.073634e+04 1.070291e+04 1.069573e+04 1.074352e+04
1.069520e+04 1.070379e+04 1.069091e+04 1.070807e+04
1.065666e+04 1.070445e+04 1.068729e+04 1.067382e+04
1.065189e+04 1.070860e+04 1.069701e+04 1.066348e+04
1.066786e+04 1.072212e+04 1.072205e+04 1.066793e+04
1.072095e+04 1.073602e+04 1.075695e+04 1.070003e+04
1.071298e+04 1.074021e+04 1.077566e+04 1.067753e+04
1.067354e+04 1.072975e+04 1.075170e+04 1.065159e+04
1.068730e+04 1.071598e+04 1.074142e+04 1.066186e+04
1.070531e+04 1.070692e+04 1.072700e+04 1.068523e+04
1.076415e+04 1.070267e+04 1.071909e+04 1.074772e+04
1.078334e+04 1.070143e+04 1.071538e+04 1.076940e+04
1.074682e+04 1.070177e+04 1.069205e+04 1.075653e+04
1.067189e+04 1.070268e+04 1.066737e+04 1.070720e+04
1.064561e+04 1.070359e+04 1.066446e+04 1.068474e+04
1.060942e+04 1.070424e+04 1.065149e+04 1.066216e+04
1.065914e+04 1.070465e+04 1.066916e+04 1.069463e+04
1.062233e+04 1.070847e+04 1.065530e+04 1.067550e+04
1.073320e+04 1.072133e+04 1.068070e+04 1.077383e+04
1.067645e+04 1.073461e+04 1.067567e+04 1.073539e+04
1.068772e+04 1.073861e+04 1.068462e+04 1.074171e+04
1.071176e+04 1.072860e+04 1.069821e+04 1.074215e+04
1.072351e+04 1.071542e+04 1.072654e+04 1.071239e+04
1.076266e+04 1.070675e+04 1.074709e+04 1.072231e+04
1.076364e+04 1.070269e+04 1.075339e+04 1.071294e+04
1.073910e+04 1.070152e+04 1.074504e+04 1.069557e+04
1.072481e+04 1.070184e+04 1.072054e+04 1.070612e+04
1.072162e+04 1.070273e+04 1.070031e+04 1.072404e+04
1.068833e+04 1.070360e+04 1.068905e+04 1.070288e+04
1.066962e+04 1.070423e+04 1.068021e+04 1.069364e+04
1.066805e+04 1.070459e+04 1.068776e+04 1.068488e+04
1.072575e+04 1.070478e+04 1.070729e+04 1.072324e+04
1.075445e+04 1.070489e+04 1.073116e+04 1.072819e+04
1.074670e+04 1.070855e+04 1.073846e+04 1.071680e+04
1.073291e+04 1.072134e+04 1.072404e+04 1.073022e+04
1.073891e+04 1.073459e+04 1.070173e+04 1.077178e+04
1.076574e+04 1.073859e+04 1.070382e+04 1.080050e+04
1.076175e+04 1.072857e+04 1.070236e+04 1.078795e+04
1.070228e+04 1.071539e+04 1.073469e+04 1.068298e+04
1.068246e+04 1.070672e+04 1.073638e+04 1.065280e+04
1.069869e+04 1.070266e+04 1.074207e+04 1.065928e+04
1.069045e+04 1.070148e+04 1.074523e+04 1.064669e+04
1.069834e+04 1.070181e+04 1.071830e+04 1.068185e+04
1.070030e+04 1.070269e+04 1.070301e+04 1.069998e+04
1.072499e+04 1.070356e+04 1.067859e+04 1.074996e+04
1.074843e+04 1.070418e+04 1.068272e+04 1.076989e+04
1.072411e+04 1.070458e+04 1.069036e+04 1.073832e+04
1.078134e+04 1.070839e+04 1.070622e+04 1.078351e+04
1.074815e+04 1.072125e+04 1.071103e+04 1.075837e+04
1.069461e+04 1.073453e+04 1.069365e+04 1.073549e+04
1.066871e+04 1.073853e+04 1.069504e+04 1.071220e+04
1.071690e+04 1.072853e+04 1.072049e+04 1.072494e+04
1.079102e+04 1.071535e+04 1.073860e+04 1.076778e+04
1.083350e+04 1.070669e+04 1.075218e+04 1.078800e+04
1.078618e+04 1.070263e+04 1.074798e+04 1.074082e+04
1.073052e+04 1.070145e+04 1.073824e+04 1.069373e+04
1.070083e+04 1.070178e+04 1.072289e+04 1.067972e+04
1.066709e+04 1.070266e+04 1.070516e+04 1.066460e+04
1.065644e+04 1.070353e+04 1.069994e+04 1.066004e+04
1.063557e+04 1.070419e+04 1.068700e+04 1.065275e+04
1.062724e+04 1.070818e+04 1.068285e+04 1.065258e+04
1.062275e+04 1.072115e+04 1.066652e+04 1.067737e+04
1.061540e+04 1.073448e+04 1.067101e+04 1.067886e+04
1.065531e+04 1.073850e+04 1.068775e+04 1.070606e+04
1.069226e+04 1.072850e+04 1.071144e+04 1.070932e+04
1.071705e+04 1.071532e+04 1.072334e+04 1.070903e+04
1.070314e+04 1.070666e+04 1.073338e+04 1.067641e+04
1.071282e+04 1.070260e+04 1.073901e+04 1.067641e+04
1.073143e+04 1.070142e+04 1.073626e+04 1.069660e+04
1.072937e+04 1.070176e+04 1.072141e+04 1.070972e+04
1.075185e+04 1.070264e+04 1.070726e+04 1.074723e+04
1.074650e+04 1.070351e+04 1.071933e+04 1.073069e+04
1.072566e+04 1.070414e+04 1.070789e+04 1.072191e+04
1.071540e+04 1.070451e+04 1.070394e+04 1.071596e+04
1.076112e+04 1.070473e+04 1.071912e+04 1.074673e+04
1.075025e+04 1.070860e+04 1.072392e+04 1.073493e+04
1.084316e+04 1.072198e+04 1.074753e+04 1.081761e+04
1.081847e+04 1.073583e+04 1.076845e+04 1.078585e+04
1.069773e+04 1.074000e+04 1.076684e+04 1.067089e+04
1.065274e+04 1.072954e+04 1.076312e+04 1.061916e+04
1.070841e+04 1.071578e+04 1.075065e+04 1.067354e+04
1.073491e+04 1.070673e+04 1.072124e+04 1.072040e+04
1.075338e+04 1.070249e+04 1.071528e+04 1.074059e+04
1.076673e+04 1.070126e+04 1.071955e+04 1.074844e+04
1.080420e+04 1.070160e+04 1.069986e+04 1.080594e+04
1.078637e+04 1.070252e+04 1.067750e+04 1.081139e+04
1.069164e+04 1.070343e+04 1.065962e+04 1.073545e+04
1.064533e+04 1.070408e+04 1.065815e+04 1.069126e+04
1.063907e+04 1.070446e+04 1.065376e+04 1.068977e+04
1.066217e+04 1.070469e+04 1.068297e+04 1.068389e+04
1.071163e+04 1.070840e+04 1.068579e+04 1.073425e+04
1.073242e+04 1.072121e+04 1.069143e+04 1.076220e+04
1.068449e+04 1.073447e+04 1.067879e+04 1.074017e+04
1.065585e+04 1.073846e+04 1.067270e+04 1.072161e+04
1.063543e+04 1.072844e+04 1.067886e+04 1.068502e+04
1.066951e+04 1.071526e+04 1.069367e+04 1.069110e+04
1.069392e+04 1.070659e+04 1.070029e+04 1.070022e+04
1.068491e+04 1.070252e+04 1.070475e+04 1.068269e+04
1.071041e+04 1.070134e+04 1.070073e+04 1.071102e+04
1.074145e+04 1.070166e+04 1.072699e+04 1.071612e+04
1.065096e+04 1.070253e+04 1.071480e+04 1.063869e+04
1.067571e+04 1.070339e+04 1.070269e+04 1.067641e+04
1.070301e+04 1.070403e+04 1.067680e+04 1.073024e+04
1.071726e+04 1.070802e+04 1.067893e+04 1.074635e+04
1.072454e+04 1.072098e+04 1.067269e+04 1.077283e+04
1.070186e+04 1.073429e+04 1.066724e+04 1.076891e+04
1.069890e+04 1.073830e+04 1.068605e+04 1.075115e+04
1.066988e+04 1.072829e+04 1.070238e+04 1.069579e+04
1.066942e+04 1.071510e+04 1.072377e+04 1.066075e+04
1.069238e+04 1.070641e+04 1.073785e+04 1.066094e+04
1.072920e+04 1.070233e+04 1.074716e+04 1.068437e+04
1.077588e+04 1.070113e+04 1.073246e+04 1.074455e+04
1.082153e+04 1.070143e+04 1.073237e+04 1.079058e+04
1.074013e+04 1.070228e+04 1.071550e+04 1.072692e+04
1.072053e+04 1.070312e+04 1.071099e+04 1.071267e+04
1.070587e+04 1.070372e+04 1.069717e+04 1.071242e+04
1.070970e+04 1.070406e+04 1.069667e+04 1.071709e+04
1.075110e+04 1.070424e+04 1.071800e+04 1.073734e+04
1.079454e+04 1.070808e+04 1.072600e+04 1.077662e+04
1.075122e+04 1.072142e+04 1.073137e+04 1.074126e+04
1.073680e+04 1.073522e+04 1.074871e+04 1.072331e+04
1.074834e+04 1.073934e+04 1.077106e+04 1.071662e+04
1.077106e+04 1.072883e+04 1.073824e+04 1.076165e+04
1.076132e+04 1.071501e+04 1.074033e+04 1.073601e+04
1.070372e+04 1.070589e+04 1.072551e+04 1.068411e+04
1.062424e+04 1.070158e+04 1.071296e+04 1.061286e+04
1.072985e+04 1.070027e+04 1.072846e+04 1.070166e+04
1.080229e+04 1.070053e+04 1.074647e+04 1.075635e+04
1.067722e+04 1.070137e+04 1.068572e+04 1.069288e+04
1.062441e+04 1.070220e+04 1.070510e+04 1.062151e+04
1.053135e+04 1.070277e+04 1.068668e+04 1.054744e+04
1.057575e+04 1.070307e+04 1.067676e+04 1.060206e+04
1.065885e+04 1.070317e+04 1.070016e+04 1.066186e+04
1.068819e+04 1.070319e+04 1.071129e+04 1.068009e+04
1.068586e+04 1.070691e+04 1.071653e+04 1.067624e+04
1.074865e+04 1.072015e+04 1.071486e+04 1.075394e+04
1.080553e+04 1.073386e+04 1.074861e+04 1.079079e+04
1.082410e+04 1.073788e+04 1.074044e+04 1.082154e+04
1.075449e+04 1.072726e+04 1.072062e+04 1.076112e+04
1.071875e+04 1.071331e+04 1.071270e+04 1.071936e+04
1.070469e+04 1.070407e+04 1.069487e+04 1.071389e+04
