0.5 1.272653e+04 1.273002e+04 1.272430e+04 1.272081e+04
1.5 1.272490e+04 1.268315e+04 1.272081e+04 1.276256e+04
2.5 1.272959e+04 1.273840e+04 1.270846e+04 1.269966e+04
3.5 1.274906e+04 1.271402e+04 1.269565e+04 1.273069e+04
4.5 1.265382e+04 1.266263e+04 1.269178e+04 1.268298e+04
5.5 1.277754e+04 1.269800e+04 1.270145e+04 1.278100e+04
6.5 1.278917e+04 1.271934e+04 1.271417e+04 1.278400e+04
7.5 1.268872e+04 1.270106e+04 1.272252e+04 1.271019e+04
8.5 1.274225e+04 1.275869e+04 1.272641e+04 1.270997e+04
9.5 1.274090e+04 1.273076e+04 1.272751e+04 1.273765e+04
10.5 1.268747e+04 1.270737e+04 1.272716e+04 1.270725e+04
11.5 1.261762e+04 1.273274e+04 1.272626e+04 1.261113e+04
12.5 1.273529e+04 1.273488e+04 1.272537e+04 1.272577e+04
13.5 1.265401e+04 1.268644e+04 1.272471e+04 1.269229e+04
14.5 1.273786e+04 1.272959e+04 1.272429e+04 1.273256e+04
15.5 1.272909e+04 1.273353e+04 1.272405e+04 1.271961e+04
16.5 1.275212e+04 1.272078e+04 1.272388e+04 1.275522e+04
17.5 1.270246e+04 1.270729e+04 1.272028e+04 1.271545e+04
18.5 1.277348e+04 1.272521e+04 1.270785e+04 1.275612e+04
19.5 1.265047e+04 1.272383e+04 1.269498e+04 1.262162e+04
20.5 1.260251e+04 1.268281e+04 1.269106e+04 1.261076e+04
0.5 1.275212e+04 1.272078e+04 1.272388e+04 1.275522e+04
1.5 1.270246e+04 1.270729e+04 1.272028e+04 1.271545e+04
2.5 1.277348e+04 1.272521e+04 1.270785e+04 1.275612e+04
3.5 1.265047e+04 1.272383e+04 1.269498e+04 1.262162e+04
4.5 1.260251e+04 1.268281e+04 1.269106e+04 1.261076e+04
5.5 1.272112e+04 1.273111e+04 1.270067e+04 1.269069e+04
6.5 1.263897e+04 1.270416e+04 1.271335e+04 1.264816e+04
7.5 1.275482e+04 1.273967e+04 1.272166e+04 1.273681e+04
8.5 1.265097e+04 1.274491e+04 1.272552e+04 1.263158e+04
9.5 1.265883e+04 1.271802e+04 1.272659e+04 1.266740e+04
10.5 1.276290e+04 1.274699e+04 1.272621e+04 1.274212e+04
11.5 1.278901e+04 1.273648e+04 1.272529e+04 1.277783e+04
12.5 1.288747e+04 1.271880e+04 1.272439e+04 1.289306e+04
13.5 1.268386e+04 1.275122e+04 1.272372e+04 1.265636e+04
14.5 1.273826e+04 1.269955e+04 1.272330e+04 1.276201e+04
15.5 1.271167e+04 1.268857e+04 1.272306e+04 1.274615e+04
16.5 1.276042e+04 1.282516e+04 1.272291e+04 1.265818e+04
17.5 1.283722e+04 1.282147e+04 1.272282e+04 1.273857e+04
18.5 1.291381e+04 1.282998e+04 1.272275e+04 1.280659e+04
19.5 1.287283e+04 1.283196e+04 1.272269e+04 1.276357e+04
20.5 1.299545e+04 1.277686e+04 1.272264e+04 1.294123e+04
0.5 1.262485e+04 1.269477e+04 1.272182e+04 1.265190e+04
1.5 1.260200e+04 1.269556e+04 1.271830e+04 1.262474e+04
2.5 1.258937e+04 1.272826e+04 1.270593e+04 1.256704e+04
3.5 1.269219e+04 1.263780e+04 1.269311e+04 1.274750e+04
4.5 1.263900e+04 1.267678e+04 1.268924e+04 1.265146e+04
5.5 1.260021e+04 1.267300e+04 1.269890e+04 1.262612e+04
6.5 1.271646e+04 1.267615e+04 1.271162e+04 1.275194e+04
7.5 1.267932e+04 1.270598e+04 1.271998e+04 1.269333e+04
8.5 1.275497e+04 1.270356e+04 1.272389e+04 1.277531e+04
9.5 1.279506e+04 1.273085e+04 1.272501e+04 1.278922e+04
10.5 1.283460e+04 1.271280e+04 1.272468e+04 1.284648e+04
11.5 1.282642e+04 1.268200e+04 1.272381e+04 1.286822e+04
12.5 1.269097e+04 1.271466e+04 1.272295e+04 1.269926e+04
13.5 1.269287e+04 1.268428e+04 1.272233e+04 1.273092e+04
14.5 1.272833e+04 1.269641e+04 1.272195e+04 1.275388e+04
15.5 1.274738e+04 1.272098e+04 1.272176e+04 1.274815e+04
16.5 1.264354e+04 1.269499e+04 1.272166e+04 1.267021e+04
17.5 1.264147e+04 1.276706e+04 1.272161e+04 1.259602e+04
18.5 1.271634e+04 1.281123e+04 1.272158e+04 1.262670e+04
19.5 1.273334e+04 1.280087e+04 1.272157e+04 1.265404e+04
20.5 1.273917e+04 1.277734e+04 1.272156e+04 1.268338e+04
0.5 1.271641e+04 1.270611e+04 1.272321e+04 1.273351e+04
1.5 1.267843e+04 1.270170e+04 1.271978e+04 1.269651e+04
2.5 1.266981e+04 1.269881e+04 1.270751e+04 1.267850e+04
3.5 1.265871e+04 1.268785e+04 1.269478e+04 1.266564e+04
4.5 1.263105e+04 1.267501e+04 1.269101e+04 1.264704e+04
5.5 1.263984e+04 1.269214e+04 1.270076e+04 1.264847e+04
6.5 1.275901e+04 1.274444e+04 1.271358e+04 1.272814e+04
7.5 1.281103e+04 1.269922e+04 1.272204e+04 1.283385e+04
8.5 1.284133e+04 1.272222e+04 1.272604e+04 1.284514e+04
9.5 1.279103e+04 1.271283e+04 1.272725e+04 1.280545e+04
10.5 1.267472e+04 1.270199e+04 1.272700e+04 1.269973e+04
11.5 1.268594e+04 1.269322e+04 1.272622e+04 1.271894e+04
12.5 1.276201e+04 1.269794e+04 1.272545e+04 1.278953e+04
13.5 1.277857e+04 1.269488e+04 1.272492e+04 1.280861e+04
14.5 1.268199e+04 1.268281e+04 1.272463e+04 1.272380e+04
15.5 1.282591e+04 1.272043e+04 1.272448e+04 1.282996e+04
16.5 1.290309e+04 1.273044e+04 1.272096e+04 1.289361e+04
17.5 1.289254e+04 1.267835e+04 1.270864e+04 1.292283e+04
18.5 1.270159e+04 1.269846e+04 1.269589e+04 1.269902e+04
19.5 1.266091e+04 1.269134e+04 1.269210e+04 1.266167e+04
20.5 1.268201e+04 1.267527e+04 1.270184e+04 1.270859e+04
0.5 1.282591e+04 1.272043e+04 1.272448e+04 1.282996e+04
1.5 1.290309e+04 1.273044e+04 1.272096e+04 1.289361e+04
2.5 1.289254e+04 1.267835e+04 1.270864e+04 1.292283e+04
3.5 1.270159e+04 1.269846e+04 1.269589e+04 1.269902e+04
4.5 1.266091e+04 1.269134e+04 1.269210e+04 1.266167e+04
5.5 1.268201e+04 1.267527e+04 1.270184e+04 1.270859e+04
6.5 1.276148e+04 1.273079e+04 1.271465e+04 1.274534e+04
7.5 1.268018e+04 1.270083e+04 1.272309e+04 1.270244e+04
8.5 1.265987e+04 1.273620e+04 1.272709e+04 1.265076e+04
9.5 1.268883e+04 1.270952e+04 1.272829e+04 1.270760e+04
10.5 1.272194e+04 1.273350e+04 1.272804e+04 1.271648e+04
11.5 1.256940e+04 1.273017e+04 1.272726e+04 1.256649e+04
12.5 1.264874e+04 1.267621e+04 1.272649e+04 1.269902e+04
13.5 1.264372e+04 1.275420e+04 1.272595e+04 1.261547e+04
14.5 1.273620e+04 1.272616e+04 1.272566e+04 1.273570e+04
15.5 1.274650e+04 1.282611e+04 1.272555e+04 1.264594e+04
16.5 1.277602e+04 1.281717e+04 1.272554e+04 1.268440e+04
17.5 1.273584e+04 1.283449e+04 1.272559e+04 1.262694e+04
18.5 1.263123e+04 1.281498e+04 1.272566e+04 1.254191e+04
19.5 1.265209e+04 1.274290e+04 1.272575e+04 1.263494e+04
20.5 1.272915e+04 1.273490e+04 1.272584e+04 1.272008e+04
0.5 1.265334e+04 1.268431e+04 1.272649e+04 1.269552e+04
1.5 1.270037e+04 1.269445e+04 1.272312e+04 1.272904e+04
2.5 1.271642e+04 1.267089e+04 1.271091e+04 1.275643e+04
3.5 1.272246e+04 1.267429e+04 1.269826e+04 1.274643e+04
4.5 1.277963e+04 1.267431e+04 1.269457e+04 1.279989e+04
5.5 1.276232e+04 1.269435e+04 1.270442e+04 1.277239e+04
6.5 1.275222e+04 1.273358e+04 1.271735e+04 1.273598e+04
