0.5 1.273826e+04 1.269955e+04 1.270781e+04 1.274652e+04
1.5 1.271167e+04 1.268857e+04 1.272007e+04 1.274317e+04
2.5 1.276042e+04 1.282516e+04 1.276400e+04 1.269927e+04
3.5 1.283722e+04 1.282147e+04 1.280957e+04 1.282532e+04
4.5 1.291381e+04 1.282998e+04 1.282312e+04 1.290695e+04
5.5 1.287283e+04 1.283196e+04 1.278820e+04 1.282908e+04
6.5 1.299545e+04 1.277686e+04 1.274235e+04 1.296094e+04
7.5 1.262339e+04 1.267117e+04 1.271212e+04 1.266434e+04
8.5 1.283211e+04 1.277160e+04 1.269785e+04 1.275837e+04
9.5 1.266183e+04 1.269035e+04 1.269358e+04 1.266506e+04
10.5 1.263164e+04 1.266071e+04 1.269452e+04 1.266545e+04
11.5 1.261950e+04 1.269977e+04 1.269738e+04 1.261712e+04
12.5 1.271542e+04 1.268953e+04 1.270022e+04 1.272611e+04
13.5 1.265614e+04 1.269584e+04 1.270222e+04 1.266252e+04
14.5 1.269907e+04 1.270657e+04 1.270334e+04 1.269585e+04
15.5 1.264171e+04 1.267682e+04 1.270395e+04 1.266883e+04
16.5 1.267794e+04 1.273331e+04 1.271666e+04 1.266129e+04
17.5 1.282313e+04 1.277028e+04 1.276086e+04 1.281371e+04
18.5 1.284242e+04 1.279904e+04 1.280662e+04 1.285000e+04
19.5 1.285115e+04 1.281740e+04 1.282031e+04 1.285406e+04
20.5 1.279022e+04 1.280344e+04 1.278552e+04 1.277230e+04
0.5 1.264171e+04 1.267682e+04 1.270395e+04 1.266883e+04
1.5 1.267794e+04 1.273331e+04 1.271666e+04 1.266129e+04
2.5 1.282313e+04 1.277028e+04 1.276086e+04 1.281371e+04
3.5 1.284242e+04 1.279904e+04 1.280662e+04 1.285000e+04
4.5 1.285115e+04 1.281740e+04 1.282031e+04 1.285406e+04
5.5 1.279022e+04 1.280344e+04 1.278552e+04 1.277230e+04
6.5 1.269002e+04 1.273352e+04 1.273979e+04 1.269629e+04
7.5 1.278632e+04 1.271031e+04 1.270966e+04 1.278567e+04
8.5 1.285353e+04 1.269927e+04 1.269549e+04 1.284976e+04
9.5 1.266625e+04 1.265945e+04 1.269131e+04 1.269811e+04
10.5 1.256340e+04 1.266767e+04 1.269234e+04 1.258807e+04
11.5 1.267216e+04 1.266074e+04 1.269529e+04 1.270672e+04
12.5 1.268179e+04 1.264686e+04 1.269820e+04 1.273313e+04
13.5 1.268276e+04 1.268194e+04 1.270027e+04 1.270109e+04
14.5 1.265331e+04 1.264071e+04 1.270146e+04 1.271406e+04
15.5 1.261598e+04 1.269799e+04 1.270202e+04 1.262000e+04
16.5 1.262485e+04 1.269477e+04 1.270223e+04 1.263231e+04
17.5 1.260200e+04 1.269556e+04 1.270226e+04 1.260869e+04
18.5 1.258937e+04 1.272826e+04 1.270221e+04 1.256332e+04
19.5 1.269219e+04 1.263780e+04 1.270213e+04 1.275652e+04
20.5 1.263900e+04 1.267678e+04 1.270205e+04 1.266426e+04
0.5 1.274738e+04 1.272098e+04 1.270121e+04 1.272761e+04
1.5 1.264354e+04 1.269499e+04 1.271369e+04 1.266225e+04
2.5 1.264147e+04 1.276706e+04 1.275786e+04 1.263227e+04
3.5 1.271634e+04 1.281123e+04 1.280365e+04 1.270877e+04
4.5 1.273334e+04 1.280087e+04 1.281742e+04 1.274990e+04
5.5 1.273917e+04 1.277734e+04 1.278272e+04 1.274455e+04
6.5 1.276390e+04 1.274980e+04 1.273709e+04 1.275118e+04
7.5 1.262836e+04 1.268564e+04 1.270707e+04 1.264979e+04
8.5 1.270052e+04 1.270251e+04 1.269300e+04 1.269101e+04
9.5 1.277051e+04 1.268798e+04 1.268894e+04 1.277147e+04
10.5 1.278363e+04 1.263680e+04 1.269008e+04 1.283692e+04
11.5 1.288369e+04 1.275949e+04 1.269316e+04 1.281737e+04
12.5 1.269804e+04 1.268910e+04 1.269621e+04 1.270515e+04
13.5 1.273869e+04 1.272435e+04 1.269852e+04 1.271285e+04
14.5 1.253676e+04 1.270261e+04 1.271242e+04 1.254656e+04
15.5 1.265126e+04 1.277503e+04 1.275737e+04 1.263361e+04
16.5 1.282112e+04 1.283477e+04 1.280360e+04 1.278995e+04
17.5 1.278854e+04 1.284541e+04 1.281762e+04 1.276074e+04
18.5 1.266353e+04 1.281535e+04 1.278310e+04 1.263128e+04
19.5 1.262373e+04 1.273604e+04 1.273761e+04 1.262530e+04
20.5 1.276854e+04 1.269703e+04 1.270774e+04 1.277924e+04
0.5 1.273869e+04 1.272435e+04 1.269852e+04 1.271285e+04
1.5 1.253676e+04 1.270261e+04 1.271242e+04 1.254656e+04
2.5 1.265126e+04 1.277503e+04 1.275737e+04 1.263361e+04
3.5 1.282112e+04 1.283477e+04 1.280360e+04 1.278995e+04
4.5 1.278854e+04 1.284541e+04 1.281762e+04 1.276074e+04
5.5 1.266353e+04 1.281535e+04 1.278310e+04 1.263128e+04
6.5 1.262373e+04 1.273604e+04 1.273761e+04 1.262530e+04
7.5 1.276854e+04 1.269703e+04 1.270774e+04 1.277924e+04
8.5 1.275445e+04 1.273239e+04 1.269381e+04 1.271587e+04
9.5 1.269463e+04 1.270441e+04 1.268988e+04 1.268011e+04
10.5 1.269083e+04 1.269868e+04 1.269117e+04 1.268333e+04
11.5 1.269370e+04 1.269034e+04 1.269439e+04 1.269776e+04
12.5 1.269481e+04 1.268375e+04 1.269758e+04 1.270864e+04
13.5 1.275577e+04 1.274642e+04 1.269993e+04 1.270928e+04
14.5 1.276755e+04 1.271281e+04 1.270151e+04 1.275625e+04
15.5 1.274617e+04 1.268262e+04 1.271493e+04 1.277848e+04
16.5 1.287087e+04 1.279825e+04 1.275967e+04 1.283229e+04
17.5 1.292025e+04 1.270310e+04 1.280585e+04 1.302301e+04
18.5 1.319193e+04 1.290985e+04 1.281993e+04 1.310202e+04
19.5 1.275393e+04 1.273937e+04 1.278552e+04 1.280008e+04
20.5 1.271131e+04 1.275010e+04 1.274016e+04 1.270137e+04
0.5 1.276755e+04 1.271281e+04 1.270151e+04 1.275625e+04
1.5 1.274617e+04 1.268262e+04 1.271493e+04 1.277848e+04
2.5 1.287087e+04 1.279825e+04 1.275967e+04 1.283229e+04
3.5 1.292025e+04 1.270310e+04 1.280585e+04 1.302301e+04
4.5 1.319193e+04 1.290985e+04 1.281993e+04 1.310202e+04
5.5 1.275393e+04 1.273937e+04 1.278552e+04 1.280008e+04
6.5 1.271131e+04 1.275010e+04 1.274016e+04 1.270137e+04
7.5 1.265664e+04 1.270953e+04 1.271041e+04 1.265751e+04
8.5 1.269006e+04 1.271389e+04 1.269660e+04 1.267277e+04
9.5 1.263619e+04 1.270468e+04 1.269277e+04 1.262428e+04
10.5 1.249651e+04 1.268192e+04 1.269415e+04 1.250873e+04
11.5 1.265998e+04 1.269272e+04 1.269744e+04 1.266470e+04
12.5 1.255857e+04 1.268563e+04 1.270069e+04 1.257364e+04
13.5 1.256243e+04 1.268523e+04 1.270310e+04 1.258031e+04
14.5 1.265987e+04 1.269036e+04 1.270463e+04 1.267415e+04
15.5 1.267493e+04 1.269742e+04 1.270553e+04 1.268304e+04
16.5 1.271641e+04 1.270611e+04 1.270607e+04 1.271636e+04
17.5 1.267843e+04 1.270170e+04 1.270642e+04 1.268315e+04
18.5 1.266981e+04 1.269881e+04 1.270670e+04 1.267769e+04
19.5 1.265871e+04 1.268785e+04 1.270693e+04 1.267779e+04
20.5 1.263105e+04 1.267501e+04 1.270716e+04 1.266319e+04
0.5 1.264372e+04 1.275420e+04 1.270950e+04 1.259902e+04
1.5 1.273620e+04 1.272616e+04 1.272204e+04 1.273208e+04
2.5 1.274650e+04 1.282611e+04 1.276626e+04 1.268664e+04
3.5 1.277602e+04 1.281717e+04 1.281209e+04 1.277094e+04
4.5 1.273584e+04 1.283449e+04 1.282588e+04 1.272723e+04
5.5 1.263123e+04 1.281498e+04 1.279121e+04 1.260746e+04
6.5 1.265209e+04 1.274290e+04 1.274558e+04 1.265478e+04
7.5 1.272915e+04 1.273490e+04 1.271555e+04 1.270980e+04
8.5 1.271735e+04 1.270752e+04 1.270146e+04 1.271129e+04
9.5 1.269555e+04 1.267889e+04 1.269734e+04 1.271401e+04
10.5 1.282777e+04 1.272175e+04 1.269845e+04 1.280447e+04
11.5 1.266076e+04 1.268223e+04 1.270151e+04 1.268004e+04
12.5 1.285807e+04 1.271814e+04 1.270455e+04 1.284448e+04
13.5 1.265334e+04 1.268431e+04 1.270677e+04 1.267580e+04
14.5 1.270037e+04 1.269445e+04 1.270813e+04 1.271405e+04
15.5 1.271642e+04 1.267089e+04 1.270888e+04 1.275440e+04
16.5 1.272246e+04 1.267429e+04 1.270928e+04 1.275744e+04
17.5 1.277963e+04 1.267431e+04 1.270952e+04 1.281484e+04
18.5 1.276232e+04 1.269435e+04 1.270970e+04 1.277766e+04
19.5 1.275222e+04 1.273358e+04 1.270985e+04 1.272849e+04
