0.1 8.411124e+03 8.391573e+03 8.401169e+03 8.420721e+03
1.1 8.400138e+03 8.401894e+03 8.408551e+03 8.406795e+03
2.1 8.409890e+03 8.428016e+03 8.435289e+03 8.417163e+03
3.1 8.431980e+03 8.441456e+03 8.445285e+03 8.435808e+03
4.1 8.461904e+03 8.449386e+03 8.439093e+03 8.451611e+03
5.1 8.459595e+03 8.442839e+03 8.431519e+03 8.448275e+03
6.1 8.421682e+03 8.426892e+03 8.426637e+03 8.421427e+03
7.1 8.392216e+03 8.429976e+03 8.423970e+03 8.386210e+03
8.1 8.397838e+03 8.442725e+03 8.422865e+03 8.377977e+03
9.1 8.422618e+03 8.435718e+03 8.422778e+03 8.409678e+03
10.1 8.431564e+03 8.421057e+03 8.423167e+03 8.433674e+03
11.1 8.419867e+03 8.411946e+03 8.423638e+03 8.431558e+03
12.1 8.421588e+03 8.410094e+03 8.424013e+03 8.435508e+03
13.1 8.419025e+03 8.400173e+03 8.424268e+03 8.443121e+03
14.1 8.428580e+03 8.397562e+03 8.424434e+03 8.455452e+03
15.1 8.437568e+03 8.418991e+03 8.424550e+03 8.443128e+03
16.1 8.438221e+03 8.429171e+03 8.424639e+03 8.433689e+03
17.1 8.435998e+03 8.427120e+03 8.424717e+03 8.433594e+03
0.3 8.638737e+03 8.468408e+03 8.402684e+03 8.573013e+03
1.3 8.519968e+03 8.450310e+03 8.417720e+03 8.487378e+03
2.3 8.417950e+03 8.441680e+03 8.441833e+03 8.418103e+03
3.3 8.369917e+03 8.425151e+03 8.445683e+03 8.390450e+03
4.3 8.367528e+03 8.428946e+03 8.438609e+03 8.377191e+03
5.3 8.352063e+03 8.425906e+03 8.432118e+03 8.358276e+03
6.3 8.343944e+03 8.420260e+03 8.428174e+03 8.351858e+03
7.3 8.350268e+03 8.420227e+03 8.426151e+03 8.356192e+03
8.3 8.369803e+03 8.443364e+03 8.425488e+03 8.351926e+03
9.3 8.423667e+03 8.462663e+03 8.425660e+03 8.386663e+03
10.3 8.447321e+03 8.460694e+03 8.426158e+03 8.412785e+03
11.3 8.404232e+03 8.442142e+03 8.426653e+03 8.388743e+03
12.3 8.379699e+03 8.425261e+03 8.427028e+03 8.381465e+03
13.3 8.377397e+03 8.410191e+03 8.427282e+03 8.394488e+03
14.3 8.372213e+03 8.393970e+03 8.427450e+03 8.405694e+03
15.3 8.353935e+03 8.379917e+03 8.427565e+03 8.401583e+03
16.3 8.373181e+03 8.370778e+03 8.427639e+03 8.430041e+03
17.3 8.394020e+03 8.389176e+03 8.427680e+03 8.432523e+03
0.3 8.423920e+03 8.407263e+03 8.367703e+03 8.384360e+03
1.3 8.395567e+03 8.406510e+03 8.400165e+03 8.389222e+03
2.3 8.428571e+03 8.428738e+03 8.438792e+03 8.438624e+03
3.3 8.446460e+03 8.441737e+03 8.471933e+03 8.476656e+03
4.3 8.442359e+03 8.431205e+03 8.491281e+03 8.502435e+03
5.3 8.408197e+03 8.392516e+03 8.474023e+03 8.489704e+03
6.3 8.418631e+03 8.425307e+03 8.445174e+03 8.438498e+03
7.3 8.436041e+03 8.435384e+03 8.386221e+03 8.386878e+03
8.3 8.427170e+03 8.410518e+03 8.335088e+03 8.351740e+03
9.3 8.398901e+03 8.396135e+03 8.334672e+03 8.337438e+03
10.3 8.397079e+03 8.414251e+03 8.376151e+03 8.358979e+03
11.3 8.439603e+03 8.433406e+03 8.434545e+03 8.440741e+03
12.3 8.459195e+03 8.449841e+03 8.480588e+03 8.489943e+03
13.3 8.438980e+03 8.436538e+03 8.516454e+03 8.518895e+03
14.3 8.423623e+03 8.410962e+03 8.501084e+03 8.513744e+03
15.3 8.471479e+03 8.459727e+03 8.453823e+03 8.465576e+03
16.3 8.480354e+03 8.479742e+03 8.401034e+03 8.401646e+03
17.3 8.467061e+03 8.452599e+03 8.381350e+03 8.395812e+03
0.6 8.428571e+03 8.428738e+03 8.438792e+03 8.438624e+03
1.6 8.446460e+03 8.441737e+03 8.471933e+03 8.476656e+03
2.6 8.442359e+03 8.431205e+03 8.491281e+03 8.502435e+03
3.6 8.408197e+03 8.392516e+03 8.474023e+03 8.489704e+03
4.6 8.418631e+03 8.425307e+03 8.445174e+03 8.438498e+03
5.6 8.436041e+03 8.435384e+03 8.386221e+03 8.386878e+03
6.6 8.427170e+03 8.410518e+03 8.335088e+03 8.351740e+03
7.6 8.398901e+03 8.396135e+03 8.334672e+03 8.337438e+03
8.6 8.397079e+03 8.414251e+03 8.376151e+03 8.358979e+03
9.6 8.439603e+03 8.433406e+03 8.434545e+03 8.440741e+03
10.6 8.459195e+03 8.449841e+03 8.480588e+03 8.489943e+03
11.6 8.438980e+03 8.436538e+03 8.516454e+03 8.518895e+03
12.6 8.423623e+03 8.410962e+03 8.501084e+03 8.513744e+03
13.6 8.471479e+03 8.459727e+03 8.453823e+03 8.465576e+03
14.6 8.480354e+03 8.479742e+03 8.401034e+03 8.401646e+03
15.6 8.467061e+03 8.452599e+03 8.381350e+03 8.395812e+03
16.6 8.432058e+03 8.438080e+03 8.394026e+03 8.388004e+03
17.6 8.408166e+03 8.414729e+03 8.435333e+03 8.428771e+03
0.9 8.398901e+03 8.396135e+03 8.334672e+03 8.337438e+03
1.9 8.397079e+03 8.414251e+03 8.376151e+03 8.358979e+03
2.9 8.439603e+03 8.433406e+03 8.434545e+03 8.440741e+03
3.9 8.459195e+03 8.449841e+03 8.480588e+03 8.489943e+03
4.9 8.438980e+03 8.436538e+03 8.516454e+03 8.518895e+03
5.9 8.423623e+03 8.410962e+03 8.501084e+03 8.513744e+03
6.9 8.471479e+03 8.459727e+03 8.453823e+03 8.465576e+03
7.9 8.480354e+03 8.479742e+03 8.401034e+03 8.401646e+03
8.9 8.467061e+03 8.452599e+03 8.381350e+03 8.395812e+03
9.9 8.432058e+03 8.438080e+03 8.394026e+03 8.388004e+03
10.9 8.408166e+03 8.414729e+03 8.435333e+03 8.428771e+03
11.9 8.390097e+03 8.399606e+03 8.458027e+03 8.448518e+03
12.9 8.427158e+03 8.413989e+03 8.449837e+03 8.463005e+03
13.9 8.455426e+03 8.465230e+03 8.429971e+03 8.420167e+03
14.9 8.463389e+03 8.473649e+03 8.405122e+03 8.394862e+03
15.9 8.447766e+03 8.461211e+03 8.410505e+03 8.397060e+03
16.9 8.410122e+03 8.427377e+03 8.432566e+03 8.415311e+03
17.9 8.402326e+03 8.405400e+03 8.436187e+03 8.433113e+03
0.8 8.397079e+03 8.414251e+03 8.376151e+03 8.358979e+03
1.8 8.439603e+03 8.433406e+03 8.434545e+03 8.440741e+03
2.8 8.459195e+03 8.449841e+03 8.480588e+03 8.489943e+03
3.8 8.438980e+03 8.436538e+03 8.516454e+03 8.518895e+03
4.8 8.423623e+03 8.410962e+03 8.501084e+03 8.513744e+03
5.8 8.471479e+03 8.459727e+03 8.453823e+03 8.465576e+03
6.8 8.480354e+03 8.479742e+03 8.401034e+03 8.401646e+03
7.8 8.467061e+03 8.452599e+03 8.381350e+03 8.395812e+03
8.8 8.432058e+03 8.438080e+03 8.394026e+03 8.388004e+03
9.8 8.408166e+03 8.414729e+03 8.435333e+03 8.428771e+03
10.8 8.390097e+03 8.399606e+03 8.458027e+03 8.448518e+03
11.8 8.427158e+03 8.413989e+03 8.449837e+03 8.463005e+03
12.8 8.455426e+03 8.465230e+03 8.429971e+03 8.420167e+03
13.8 8.463389e+03 8.473649e+03 8.405122e+03 8.394862e+03
14.8 8.447766e+03 8.461211e+03 8.410505e+03 8.397060e+03
15.8 8.410122e+03 8.427377e+03 8.432566e+03 8.415311e+03
16.8 8.402326e+03 8.405400e+03 8.436187e+03 8.433113e+03
17.8 8.435299e+03 8.406393e+03 8.430678e+03 8.459584e+03
0.3 8.439603e+03 8.433406e+03 8.434545e+03 8.440741e+03
1.3 8.459195e+03 8.449841e+03 8.480588e+03 8.489943e+03
2.3 8.438980e+03 8.436538e+03 8.516454e+03 8.518895e+03
3.3 8.423623e+03 8.410962e+03 8.501084e+03 8.513744e+03
4.3 8.471479e+03 8.459727e+03 8.453823e+03 8.465576e+03
5.3 8.480354e+03 8.479742e+03 8.401034e+03 8.401646e+03
6.3 8.467061e+03 8.452599e+03 8.381350e+03 8.395812e+03
7.3 8.432058e+03 8.438080e+03 8.394026e+03 8.388004e+03
8.3 8.408166e+03 8.414729e+03 8.435333e+03 8.428771e+03
9.3 8.390097e+03 8.399606e+03 8.458027e+03 8.448518e+03
10.3 8.427158e+03 8.413989e+03 8.449837e+03 8.463005e+03
11.3 8.455426e+03 8.465230e+03 8.429971e+03 8.420167e+03
12.3 8.463389e+03 8.473649e+03 8.405122e+03 8.394862e+03
13.3 8.447766e+03 8.461211e+03 8.410505e+03 8.397060e+03
14.3 8.410122e+03 8.427377e+03 8.432566e+03 8.415311e+03
15.3 8.402326e+03 8.405400e+03 8.436187e+03 8.433113e+03
16.3 8.435299e+03 8.406393e+03 8.430678e+03 8.459584e+03
17.3 8.447558e+03 8.428498e+03 8.424005e+03 8.443064e+03
0.8 8.467061e+03 8.452599e+03 8.381350e+03 8.395812e+03
1.8 8.432058e+03 8.438080e+03 8.394026e+03 8.388004e+03
2.8 8.408166e+03 8.414729e+03 8.435333e+03 8.428771e+03
3.8 8.390097e+03 8.399606e+03 8.458027e+03 8.448518e+03
4.8 8.427158e+03 8.413989e+03 8.449837e+03 8.463005e+03
5.8 8.455426e+03 8.465230e+03 8.429971e+03 8.420167e+03
6.8 8.463389e+03 8.473649e+03 8.405122e+03 8.394862e+03
7.8 8.447766e+03 8.461211e+03 8.410505e+03 8.397060e+03
8.8 8.410122e+03 8.427377e+03 8.432566e+03 8.415311e+03
9.8 8.402326e+03 8.405400e+03 8.436187e+03 8.433113e+03
10.8 8.435299e+03 8.406393e+03 8.430678e+03 8.459584e+03
11.8 8.447558e+03 8.428498e+03 8.424005e+03 8.443064e+03
12.8 8.422442e+03 8.437461e+03 8.414195e+03 8.399177e+03
13.8 8.389336e+03 8.428220e+03 8.420202e+03 8.381318e+03
14.8 8.379005e+03 8.444077e+03 8.426895e+03 8.361823e+03
15.8 8.431816e+03 8.414548e+03 8.426835e+03 8.444103e+03
16.8 8.440095e+03 8.428955e+03 8.425219e+03 8.436359e+03
17.8 8.446637e+03 8.419130e+03 8.424203e+03 8.451710e+03
0.8 8.432058e+03 8.438080e+03 8.394026e+03 8.388004e+03
1.8 8.408166e+03 8.414729e+03 8.435333e+03 8.428771e+03
2.8 8.390097e+03 8.399606e+03 8.458027e+03 8.448518e+03
3.8 8.427158e+03 8.413989e+03 8.449837e+03 8.463005e+03
4.8 8.455426e+03 8.465230e+03 8.429971e+03 8.420167e+03
5.8 8.463389e+03 8.473649e+03 8.405122e+03 8.394862e+03
6.8 8.447766e+03 8.461211e+03 8.410505e+03 8.397060e+03
7.8 8.410122e+03 8.427377e+03 8.432566e+03 8.415311e+03
8.8 8.402326e+03 8.405400e+03 8.436187e+03 8.433113e+03
9.8 8.435299e+03 8.406393e+03 8.430678e+03 8.459584e+03
10.8 8.447558e+03 8.428498e+03 8.424005e+03 8.443064e+03
11.8 8.422442e+03 8.437461e+03 8.414195e+03 8.399177e+03
12.8 8.389336e+03 8.428220e+03 8.420202e+03 8.381318e+03
13.8 8.379005e+03 8.444077e+03 8.426895e+03 8.361823e+03
14.8 8.431816e+03 8.414548e+03 8.426835e+03 8.444103e+03
15.8 8.440095e+03 8.428955e+03 8.425219e+03 8.436359e+03
16.8 8.446637e+03 8.419130e+03 8.424203e+03 8.451710e+03
17.8 8.439657e+03 8.404729e+03 8.423715e+03 8.458643e+03
0.5 8.463389e+03 8.473649e+03 8.405122e+03 8.394862e+03
1.5 8.447766e+03 8.461211e+03 8.410505e+03 8.397060e+03
2.5 8.410122e+03 8.427377e+03 8.432566e+03 8.415311e+03
3.5 8.402326e+03 8.405400e+03 8.436187e+03 8.433113e+03
4.5 8.435299e+03 8.406393e+03 8.430678e+03 8.459584e+03
5.5 8.447558e+03 8.428498e+03 8.424005e+03 8.443064e+03
6.5 8.422442e+03 8.437461e+03 8.414195e+03 8.399177e+03
7.5 8.389336e+03 8.428220e+03 8.420202e+03 8.381318e+03
8.5 8.379005e+03 8.444077e+03 8.426895e+03 8.361823e+03
9.5 8.431816e+03 8.414548e+03 8.426835e+03 8.444103e+03
10.5 8.440095e+03 8.428955e+03 8.425219e+03 8.436359e+03
11.5 8.446637e+03 8.419130e+03 8.424203e+03 8.451710e+03
12.5 8.439657e+03 8.404729e+03 8.423715e+03 8.458643e+03
13.5 8.418365e+03 8.409645e+03 8.423551e+03 8.432271e+03
14.5 8.417800e+03 8.411686e+03 8.423627e+03 8.429741e+03
15.5 8.326669e+03 8.415607e+03 8.423854e+03 8.334915e+03
16.5 8.436767e+03 8.446788e+03 8.424124e+03 8.414103e+03
17.5 8.492135e+03 8.463621e+03 8.424382e+03 8.452896e+03
0.0 8.447558e+03 8.428498e+03 8.424005e+03 8.443064e+03
1.0 8.422442e+03 8.437461e+03 8.414195e+03 8.399177e+03
2.0 8.389336e+03 8.428220e+03 8.420202e+03 8.381318e+03
3.0 8.379005e+03 8.444077e+03 8.426895e+03 8.361823e+03
4.0 8.431816e+03 8.414548e+03 8.426835e+03 8.444103e+03
5.0 8.440095e+03 8.428955e+03 8.425219e+03 8.436359e+03
6.0 8.446637e+03 8.419130e+03 8.424203e+03 8.451710e+03
7.0 8.439657e+03 8.404729e+03 8.423715e+03 8.458643e+03
8.0 8.418365e+03 8.409645e+03 8.423551e+03 8.432271e+03
9.0 8.417800e+03 8.411686e+03 8.423627e+03 8.429741e+03
10.0 8.326669e+03 8.415607e+03 8.423854e+03 8.334915e+03
11.0 8.436767e+03 8.446788e+03 8.424124e+03 8.414103e+03
12.0 8.492135e+03 8.463621e+03 8.424382e+03 8.452896e+03
13.0 8.585898e+03 8.468073e+03 8.424614e+03 8.542439e+03
14.0 8.534474e+03 8.451405e+03 8.424819e+03 8.507888e+03
15.0 8.452180e+03 8.423201e+03 8.424994e+03 8.453973e+03
16.0 8.411182e+03 8.412682e+03 8.425144e+03 8.423644e+03
17.0 8.383818e+03 8.398301e+03 8.425272e+03 8.410789e+03
0.1 8.416620e+03 8.440441e+03 8.405539e+03 8.381717e+03
1.1 8.420994e+03 8.429091e+03 8.418516e+03 8.410418e+03
2.1 8.411409e+03 8.421078e+03 8.442262e+03 8.432592e+03
3.1 8.402503e+03 8.416461e+03 8.449232e+03 8.435274e+03
4.1 8.401925e+03 8.434182e+03 8.441922e+03 8.409665e+03
5.1 8.404743e+03 8.438602e+03 8.433963e+03 8.400105e+03
6.1 8.403770e+03 8.426863e+03 8.428948e+03 8.405856e+03
7.1 8.419987e+03 8.441554e+03 8.421907e+03 8.400341e+03
8.1 8.429669e+03 8.428992e+03 8.403718e+03 8.404396e+03
9.1 8.423007e+03 8.439416e+03 8.402310e+03 8.385900e+03
10.1 8.449164e+03 8.438136e+03 8.425530e+03 8.436557e+03
11.1 8.451329e+03 8.434678e+03 8.444469e+03 8.461120e+03
12.1 8.441406e+03 8.432515e+03 8.443032e+03 8.451922e+03
13.1 8.426488e+03 8.435677e+03 8.435593e+03 8.426404e+03
14.1 8.422424e+03 8.443186e+03 8.409582e+03 8.388820e+03
15.1 8.417927e+03 8.423134e+03 8.372071e+03 8.366864e+03
16.1 8.423660e+03 8.396322e+03 8.364998e+03 8.392336e+03
17.1 8.417455e+03 8.390164e+03 8.390610e+03 8.417901e+03
0.7 8.423007e+03 8.439416e+03 8.402310e+03 8.385900e+03
1.7 8.449164e+03 8.438136e+03 8.425530e+03 8.436557e+03
2.7 8.451329e+03 8.434678e+03 8.444469e+03 8.461120e+03
3.7 8.441406e+03 8.432515e+03 8.443032e+03 8.451922e+03
4.7 8.426488e+03 8.435677e+03 8.435593e+03 8.426404e+03
5.7 8.422424e+03 8.443186e+03 8.409582e+03 8.388820e+03
6.7 8.417927e+03 8.423134e+03 8.372071e+03 8.366864e+03
7.7 8.423660e+03 8.396322e+03 8.364998e+03 8.392336e+03
8.7 8.417455e+03 8.390164e+03 8.390610e+03 8.417901e+03
9.7 8.429375e+03 8.421528e+03 8.432488e+03 8.440334e+03
10.7 8.453076e+03 8.455398e+03 8.478461e+03 8.476139e+03
11.7 8.438936e+03 8.426414e+03 8.488987e+03 8.501509e+03
12.7 8.429386e+03 8.413298e+03 8.466711e+03 8.482799e+03
13.7 8.423028e+03 8.430665e+03 8.443568e+03 8.435930e+03
14.7 8.408691e+03 8.420044e+03 8.429311e+03 8.417958e+03
15.7 8.399275e+03 8.428240e+03 8.422252e+03 8.393288e+03
16.7 8.418048e+03 8.436117e+03 8.403634e+03 8.385565e+03
17.7 8.434856e+03 8.436606e+03 8.369645e+03 8.367895e+03
0.1 8.423660e+03 8.396322e+03 8.364998e+03 8.392336e+03
1.1 8.417455e+03 8.390164e+03 8.390610e+03 8.417901e+03
2.1 8.429375e+03 8.421528e+03 8.432488e+03 8.440334e+03
3.1 8.453076e+03 8.455398e+03 8.478461e+03 8.476139e+03
4.1 8.438936e+03 8.426414e+03 8.488987e+03 8.501509e+03
5.1 8.429386e+03 8.413298e+03 8.466711e+03 8.482799e+03
6.1 8.423028e+03 8.430665e+03 8.443568e+03 8.435930e+03
7.1 8.408691e+03 8.420044e+03 8.429311e+03 8.417958e+03
8.1 8.399275e+03 8.428240e+03 8.422252e+03 8.393288e+03
9.1 8.418048e+03 8.436117e+03 8.403634e+03 8.385565e+03
10.1 8.434856e+03 8.436606e+03 8.369645e+03 8.367895e+03
11.1 8.431305e+03 8.412863e+03 8.360270e+03 8.378712e+03
12.1 8.412273e+03 8.403240e+03 8.380670e+03 8.389703e+03
13.1 8.420175e+03 8.414910e+03 8.415418e+03 8.420684e+03
14.1 8.437481e+03 8.419034e+03 8.463803e+03 8.482250e+03
15.1 8.442216e+03 8.422314e+03 8.496743e+03 8.516646e+03
16.1 8.426482e+03 8.429486e+03 8.481841e+03 8.478837e+03
17.1 8.440398e+03 8.453783e+03 8.453518e+03 8.440133e+03
0.9 8.429375e+03 8.421528e+03 8.432488e+03 8.440334e+03
1.9 8.453076e+03 8.455398e+03 8.478461e+03 8.476139e+03
2.9 8.438936e+03 8.426414e+03 8.488987e+03 8.501509e+03
3.9 8.429386e+03 8.413298e+03 8.466711e+03 8.482799e+03
4.9 8.423028e+03 8.430665e+03 8.443568e+03 8.435930e+03
5.9 8.408691e+03 8.420044e+03 8.429311e+03 8.417958e+03
6.9 8.399275e+03 8.428240e+03 8.422252e+03 8.393288e+03
7.9 8.418048e+03 8.436117e+03 8.403634e+03 8.385565e+03
8.9 8.434856e+03 8.436606e+03 8.369645e+03 8.367895e+03
9.9 8.431305e+03 8.412863e+03 8.360270e+03 8.378712e+03
10.9 8.412273e+03 8.403240e+03 8.380670e+03 8.389703e+03
11.9 8.420175e+03 8.414910e+03 8.415418e+03 8.420684e+03
12.9 8.437481e+03 8.419034e+03 8.463803e+03 8.482250e+03
13.9 8.442216e+03 8.422314e+03 8.496743e+03 8.516646e+03
14.9 8.426482e+03 8.429486e+03 8.481841e+03 8.478837e+03
15.9 8.440398e+03 8.453783e+03 8.453518e+03 8.440133e+03
16.9 8.453974e+03 8.440618e+03 8.433563e+03 8.446918e+03
17.9 8.468253e+03 8.427899e+03 8.423048e+03 8.463402e+03
0.5 8.412273e+03 8.403240e+03 8.380670e+03 8.389703e+03
1.5 8.420175e+03 8.414910e+03 8.415418e+03 8.420684e+03
2.5 8.437481e+03 8.419034e+03 8.463803e+03 8.482250e+03
3.5 8.442216e+03 8.422314e+03 8.496743e+03 8.516646e+03
4.5 8.426482e+03 8.429486e+03 8.481841e+03 8.478837e+03
5.5 8.440398e+03 8.453783e+03 8.453518e+03 8.440133e+03
6.5 8.453974e+03 8.440618e+03 8.433563e+03 8.446918e+03
7.5 8.468253e+03 8.427899e+03 8.423048e+03 8.463402e+03
8.5 8.463676e+03 8.424107e+03 8.418787e+03 8.458356e+03
9.5 8.433013e+03 8.424953e+03 8.404960e+03 8.413020e+03
10.5 8.417353e+03 8.420341e+03 8.381964e+03 8.378975e+03
11.5 8.415729e+03 8.432271e+03 8.381545e+03 8.365003e+03
12.5 8.435460e+03 8.441527e+03 8.410089e+03 8.404022e+03
13.5 8.439590e+03 8.440366e+03 8.451979e+03 8.451202e+03
14.5 8.419046e+03 8.417815e+03 8.461113e+03 8.462345e+03
15.5 8.425229e+03 8.421980e+03 8.448388e+03 8.451637e+03
16.5 8.423618e+03 8.428033e+03 8.435577e+03 8.431162e+03
17.5 8.450126e+03 8.441683e+03 8.427586e+03 8.436028e+03
0.5 8.420175e+03 8.414910e+03 8.415418e+03 8.420684e+03
1.5 8.437481e+03 8.419034e+03 8.463803e+03 8.482250e+03
2.5 8.442216e+03 8.422314e+03 8.496743e+03 8.516646e+03
3.5 8.426482e+03 8.429486e+03 8.481841e+03 8.478837e+03
4.5 8.440398e+03 8.453783e+03 8.453518e+03 8.440133e+03
5.5 8.453974e+03 8.440618e+03 8.433563e+03 8.446918e+03
6.5 8.468253e+03 8.427899e+03 8.423048e+03 8.463402e+03
7.5 8.463676e+03 8.424107e+03 8.418787e+03 8.458356e+03
8.5 8.433013e+03 8.424953e+03 8.404960e+03 8.413020e+03
9.5 8.417353e+03 8.420341e+03 8.381964e+03 8.378975e+03
10.5 8.415729e+03 8.432271e+03 8.381545e+03 8.365003e+03
11.5 8.435460e+03 8.441527e+03 8.410089e+03 8.404022e+03
12.5 8.439590e+03 8.440366e+03 8.451979e+03 8.451202e+03
13.5 8.419046e+03 8.417815e+03 8.461113e+03 8.462345e+03
14.5 8.425229e+03 8.421980e+03 8.448388e+03 8.451637e+03
15.5 8.423618e+03 8.428033e+03 8.435577e+03 8.431162e+03
16.5 8.450126e+03 8.441683e+03 8.427586e+03 8.436028e+03
17.5 8.470121e+03 8.439118e+03 8.423427e+03 8.454431e+03
0.1 8.417353e+03 8.420341e+03 8.381964e+03 8.378975e+03
1.1 8.415729e+03 8.432271e+03 8.381545e+03 8.365003e+03
2.1 8.435460e+03 8.441527e+03 8.410089e+03 8.404022e+03
3.1 8.439590e+03 8.440366e+03 8.451979e+03 8.451202e+03
4.1 8.419046e+03 8.417815e+03 8.461113e+03 8.462345e+03
5.1 8.425229e+03 8.421980e+03 8.448388e+03 8.451637e+03
6.1 8.423618e+03 8.428033e+03 8.435577e+03 8.431162e+03
7.1 8.450126e+03 8.441683e+03 8.427586e+03 8.436028e+03
8.1 8.470121e+03 8.439118e+03 8.423427e+03 8.454431e+03
9.1 8.456388e+03 8.417906e+03 8.421935e+03 8.460418e+03
10.1 8.417312e+03 8.403349e+03 8.422054e+03 8.436017e+03
11.1 8.383609e+03 8.395109e+03 8.422822e+03 8.411322e+03
12.1 8.408736e+03 8.415623e+03 8.423435e+03 8.416548e+03
13.1 8.470112e+03 8.430585e+03 8.407690e+03 8.447218e+03
14.1 8.381233e+03 8.436398e+03 8.380680e+03 8.325516e+03
15.1 8.364350e+03 8.424431e+03 8.388733e+03 8.328651e+03
16.1 8.520683e+03 8.434421e+03 8.422949e+03 8.509212e+03
17.1 8.540953e+03 8.457089e+03 8.458248e+03 8.542112e+03
0.1 8.415729e+03 8.432271e+03 8.381545e+03 8.365003e+03
1.1 8.435460e+03 8.441527e+03 8.410089e+03 8.404022e+03
2.1 8.439590e+03 8.440366e+03 8.451979e+03 8.451202e+03
3.1 8.419046e+03 8.417815e+03 8.461113e+03 8.462345e+03
4.1 8.425229e+03 8.421980e+03 8.448388e+03 8.451637e+03
5.1 8.423618e+03 8.428033e+03 8.435577e+03 8.431162e+03
6.1 8.450126e+03 8.441683e+03 8.427586e+03 8.436028e+03
7.1 8.470121e+03 8.439118e+03 8.423427e+03 8.454431e+03
8.1 8.456388e+03 8.417906e+03 8.421935e+03 8.460418e+03
9.1 8.417312e+03 8.403349e+03 8.422054e+03 8.436017e+03
10.1 8.383609e+03 8.395109e+03 8.422822e+03 8.411322e+03
11.1 8.408736e+03 8.415623e+03 8.423435e+03 8.416548e+03
12.1 8.470112e+03 8.430585e+03 8.407690e+03 8.447218e+03
13.1 8.381233e+03 8.436398e+03 8.380680e+03 8.325516e+03
14.1 8.364350e+03 8.424431e+03 8.388733e+03 8.328651e+03
15.1 8.520683e+03 8.434421e+03 8.422949e+03 8.509212e+03
16.1 8.540953e+03 8.457089e+03 8.458248e+03 8.542112e+03
17.1 8.479239e+03 8.478531e+03 8.460004e+03 8.460711e+03
0.7 8.381233e+03 8.436398e+03 8.380680e+03 8.325516e+03
1.7 8.364350e+03 8.424431e+03 8.388733e+03 8.328651e+03
2.7 8.520683e+03 8.434421e+03 8.422949e+03 8.509212e+03
3.7 8.540953e+03 8.457089e+03 8.458248e+03 8.542112e+03
4.7 8.479239e+03 8.478531e+03 8.460004e+03 8.460711e+03
5.7 8.429106e+03 8.446412e+03 8.446322e+03 8.429017e+03
6.7 8.399097e+03 8.385402e+03 8.434654e+03 8.448350e+03
7.7 8.381994e+03 8.371022e+03 8.427674e+03 8.438645e+03
8.7 8.393237e+03 8.386795e+03 8.424218e+03 8.430661e+03
9.7 8.385175e+03 8.395217e+03 8.423170e+03 8.413128e+03
10.7 8.386973e+03 8.416634e+03 8.423483e+03 8.393822e+03
11.7 8.410800e+03 8.437645e+03 8.424261e+03 8.397416e+03
12.7 8.444562e+03 8.439775e+03 8.424976e+03 8.429763e+03
13.7 8.438722e+03 8.424689e+03 8.425465e+03 8.439498e+03
14.7 8.381901e+03 8.423118e+03 8.425752e+03 8.384535e+03
15.7 8.387335e+03 8.416728e+03 8.425911e+03 8.396518e+03
16.7 8.414124e+03 8.400384e+03 8.426001e+03 8.439742e+03
17.7 8.428749e+03 8.399441e+03 8.426051e+03 8.455359e+03
0.4 8.364350e+03 8.424431e+03 8.388733e+03 8.328651e+03
1.4 8.520683e+03 8.434421e+03 8.422949e+03 8.509212e+03
2.4 8.540953e+03 8.457089e+03 8.458248e+03 8.542112e+03
3.4 8.479239e+03 8.478531e+03 8.460004e+03 8.460711e+03
4.4 8.429106e+03 8.446412e+03 8.446322e+03 8.429017e+03
5.4 8.399097e+03 8.385402e+03 8.434654e+03 8.448350e+03
6.4 8.381994e+03 8.371022e+03 8.427674e+03 8.438645e+03
7.4 8.393237e+03 8.386795e+03 8.424218e+03 8.430661e+03
8.4 8.385175e+03 8.395217e+03 8.423170e+03 8.413128e+03
9.4 8.386973e+03 8.416634e+03 8.423483e+03 8.393822e+03
10.4 8.410800e+03 8.437645e+03 8.424261e+03 8.397416e+03
11.4 8.444562e+03 8.439775e+03 8.424976e+03 8.429763e+03
12.4 8.438722e+03 8.424689e+03 8.425465e+03 8.439498e+03
13.4 8.381901e+03 8.423118e+03 8.425752e+03 8.384535e+03
14.4 8.387335e+03 8.416728e+03 8.425911e+03 8.396518e+03
15.4 8.414124e+03 8.400384e+03 8.426001e+03 8.439742e+03
16.4 8.428749e+03 8.399441e+03 8.426051e+03 8.455359e+03
17.4 8.411669e+03 8.420853e+03 8.426061e+03 8.416877e+03
1.0 8.400185e+03 8.403764e+03 8.399806e+03 8.396227e+03
2.0 8.406182e+03 8.434766e+03 8.445327e+03 8.416743e+03
3.0 8.408275e+03 8.462657e+03 8.492839e+03 8.438457e+03
4.0 8.392777e+03 8.423814e+03 8.488969e+03 8.457932e+03
5.0 8.415838e+03 8.416901e+03 8.461075e+03 8.460012e+03
6.0 8.477774e+03 8.447685e+03 8.428496e+03 8.458585e+03
7.0 8.465861e+03 8.462133e+03 8.403075e+03 8.406802e+03
8.0 8.428019e+03 8.452942e+03 8.402886e+03 8.377963e+03
9.0 8.417777e+03 8.449192e+03 8.425701e+03 8.394286e+03
10.0 8.437208e+03 8.428809e+03 8.440767e+03 8.449166e+03
11.0 8.464983e+03 8.420730e+03 8.438014e+03 8.482267e+03
12.0 8.471608e+03 8.434056e+03 8.431051e+03 8.468602e+03
13.0 8.439436e+03 8.455681e+03 8.413187e+03 8.396943e+03
14.0 8.435259e+03 8.468045e+03 8.399879e+03 8.367093e+03
15.0 8.454036e+03 8.441368e+03 8.419211e+03 8.431878e+03
16.0 8.431037e+03 8.406045e+03 8.439545e+03 8.464536e+03
17.0 8.401012e+03 8.400452e+03 8.439466e+03 8.440027e+03
18.0 8.411906e+03 8.419512e+03 8.433197e+03 8.425591e+03
0.2 8.400185e+03 8.403764e+03 8.399806e+03 8.396227e+03
1.2 8.406182e+03 8.434766e+03 8.445327e+03 8.416743e+03
2.2 8.408275e+03 8.462657e+03 8.492839e+03 8.438457e+03
3.2 8.392777e+03 8.423814e+03 8.488969e+03 8.457932e+03
4.2 8.415838e+03 8.416901e+03 8.461075e+03 8.460012e+03
5.2 8.477774e+03 8.447685e+03 8.428496e+03 8.458585e+03
6.2 8.465861e+03 8.462133e+03 8.403075e+03 8.406802e+03
7.2 8.428019e+03 8.452942e+03 8.402886e+03 8.377963e+03
8.2 8.417777e+03 8.449192e+03 8.425701e+03 8.394286e+03
9.2 8.437208e+03 8.428809e+03 8.440767e+03 8.449166e+03
10.2 8.464983e+03 8.420730e+03 8.438014e+03 8.482267e+03
11.2 8.471608e+03 8.434056e+03 8.431051e+03 8.468602e+03
12.2 8.439436e+03 8.455681e+03 8.413187e+03 8.396943e+03
13.2 8.435259e+03 8.468045e+03 8.399879e+03 8.367093e+03
14.2 8.454036e+03 8.441368e+03 8.419211e+03 8.431878e+03
15.2 8.431037e+03 8.406045e+03 8.439545e+03 8.464536e+03
16.2 8.401012e+03 8.400452e+03 8.439466e+03 8.440027e+03
17.2 8.411906e+03 8.419512e+03 8.433197e+03 8.425591e+03
0.9 8.428019e+03 8.452942e+03 8.402886e+03 8.377963e+03
1.9 8.417777e+03 8.449192e+03 8.425701e+03 8.394286e+03
2.9 8.437208e+03 8.428809e+03 8.440767e+03 8.449166e+03
3.9 8.464983e+03 8.420730e+03 8.438014e+03 8.482267e+03
4.9 8.471608e+03 8.434056e+03 8.431051e+03 8.468602e+03
5.9 8.439436e+03 8.455681e+03 8.413187e+03 8.396943e+03
6.9 8.435259e+03 8.468045e+03 8.399879e+03 8.367093e+03
7.9 8.454036e+03 8.441368e+03 8.419211e+03 8.431878e+03
8.9 8.431037e+03 8.406045e+03 8.439545e+03 8.464536e+03
9.9 8.401012e+03 8.400452e+03 8.439466e+03 8.440027e+03
10.9 8.411906e+03 8.419512e+03 8.433197e+03 8.425591e+03
11.9 8.434215e+03 8.417188e+03 8.428481e+03 8.445508e+03
12.9 8.461883e+03 8.407946e+03 8.425719e+03 8.479656e+03
13.9 8.482624e+03 8.410464e+03 8.424346e+03 8.496506e+03
14.9 8.469007e+03 8.414856e+03 8.423993e+03 8.478144e+03
15.9 8.444100e+03 8.412124e+03 8.424241e+03 8.456217e+03
16.9 8.412072e+03 8.401234e+03 8.424691e+03 8.435530e+03
17.9 8.398235e+03 8.420984e+03 8.425103e+03 8.402353e+03
0.7 8.435259e+03 8.468045e+03 8.399879e+03 8.367093e+03
1.7 8.454036e+03 8.441368e+03 8.419211e+03 8.431878e+03
2.7 8.431037e+03 8.406045e+03 8.439545e+03 8.464536e+03
3.7 8.401012e+03 8.400452e+03 8.439466e+03 8.440027e+03
4.7 8.411906e+03 8.419512e+03 8.433197e+03 8.425591e+03
5.7 8.434215e+03 8.417188e+03 8.428481e+03 8.445508e+03
6.7 8.461883e+03 8.407946e+03 8.425719e+03 8.479656e+03
7.7 8.482624e+03 8.410464e+03 8.424346e+03 8.496506e+03
8.7 8.469007e+03 8.414856e+03 8.423993e+03 8.478144e+03
9.7 8.444100e+03 8.412124e+03 8.424241e+03 8.456217e+03
10.7 8.412072e+03 8.401234e+03 8.424691e+03 8.435530e+03
11.7 8.398235e+03 8.420984e+03 8.425103e+03 8.402353e+03
12.7 8.403895e+03 8.419160e+03 8.425401e+03 8.410136e+03
13.7 8.411106e+03 8.413998e+03 8.425594e+03 8.422702e+03
14.7 8.427022e+03 8.412675e+03 8.425715e+03 8.440062e+03
15.7 8.421660e+03 8.428409e+03 8.425789e+03 8.419040e+03
16.7 8.412679e+03 8.447910e+03 8.425830e+03 8.390599e+03
17.7 8.394930e+03 8.439215e+03 8.425847e+03 8.381562e+03
0.8 8.387296e+03 8.401543e+03 8.373486e+03 8.359238e+03
1.8 8.451161e+03 8.442686e+03 8.414375e+03 8.422849e+03
2.8 8.451942e+03 8.455323e+03 8.474318e+03 8.470937e+03
3.8 8.409399e+03 8.433597e+03 8.492525e+03 8.468327e+03
4.8 8.425673e+03 8.433222e+03 8.470736e+03 8.463186e+03
5.8 8.435900e+03 8.451005e+03 8.445871e+03 8.430766e+03
6.8 8.432440e+03 8.464578e+03 8.411429e+03 8.379291e+03
7.8 8.425946e+03 8.458113e+03 8.378411e+03 8.346244e+03
8.8 8.445728e+03 8.451130e+03 8.387718e+03 8.382317e+03
9.8 8.456103e+03 8.456248e+03 8.435366e+03 8.435221e+03
10.8 8.403439e+03 8.422580e+03 8.456667e+03 8.437526e+03
11.8 8.410910e+03 8.402604e+03 8.448688e+03 8.456994e+03
12.8 8.479063e+03 8.447476e+03 8.432097e+03 8.463684e+03
13.8 8.499254e+03 8.458300e+03 8.418200e+03 8.459153e+03
14.8 8.474273e+03 8.454708e+03 8.423196e+03 8.442761e+03
15.8 8.465041e+03 8.432122e+03 8.428822e+03 8.461741e+03
16.8 8.452911e+03 8.424789e+03 8.427748e+03 8.455870e+03
17.8 8.429127e+03 8.424853e+03 8.425605e+03 8.429879e+03
0.9 8.451161e+03 8.442686e+03 8.414375e+03 8.422849e+03
1.9 8.451942e+03 8.455323e+03 8.474318e+03 8.470937e+03
2.9 8.409399e+03 8.433597e+03 8.492525e+03 8.468327e+03
3.9 8.425673e+03 8.433222e+03 8.470736e+03 8.463186e+03
4.9 8.435900e+03 8.451005e+03 8.445871e+03 8.430766e+03
5.9 8.432440e+03 8.464578e+03 8.411429e+03 8.379291e+03
6.9 8.425946e+03 8.458113e+03 8.378411e+03 8.346244e+03
7.9 8.445728e+03 8.451130e+03 8.387718e+03 8.382317e+03
8.9 8.456103e+03 8.456248e+03 8.435366e+03 8.435221e+03
9.9 8.403439e+03 8.422580e+03 8.456667e+03 8.437526e+03
10.9 8.410910e+03 8.402604e+03 8.448688e+03 8.456994e+03
11.9 8.479063e+03 8.447476e+03 8.432097e+03 8.463684e+03
12.9 8.499254e+03 8.458300e+03 8.418200e+03 8.459153e+03
13.9 8.474273e+03 8.454708e+03 8.423196e+03 8.442761e+03
14.9 8.465041e+03 8.432122e+03 8.428822e+03 8.461741e+03
15.9 8.452911e+03 8.424789e+03 8.427748e+03 8.455870e+03
16.9 8.429127e+03 8.424853e+03 8.425605e+03 8.429879e+03
17.9 8.428794e+03 8.423700e+03 8.424407e+03 8.429500e+03
0.6 8.425946e+03 8.458113e+03 8.378411e+03 8.346244e+03
1.6 8.445728e+03 8.451130e+03 8.387718e+03 8.382317e+03
2.6 8.456103e+03 8.456248e+03 8.435366e+03 8.435221e+03
3.6 8.403439e+03 8.422580e+03 8.456667e+03 8.437526e+03
4.6 8.410910e+03 8.402604e+03 8.448688e+03 8.456994e+03
5.6 8.479063e+03 8.447476e+03 8.432097e+03 8.463684e+03
6.6 8.499254e+03 8.458300e+03 8.418200e+03 8.459153e+03
7.6 8.474273e+03 8.454708e+03 8.423196e+03 8.442761e+03
8.6 8.465041e+03 8.432122e+03 8.428822e+03 8.461741e+03
9.6 8.452911e+03 8.424789e+03 8.427748e+03 8.455870e+03
10.6 8.429127e+03 8.424853e+03 8.425605e+03 8.429879e+03
11.6 8.428794e+03 8.423700e+03 8.424407e+03 8.429500e+03
12.6 8.441519e+03 8.413510e+03 8.423836e+03 8.451845e+03
13.6 8.412355e+03 8.408880e+03 8.423610e+03 8.427085e+03
14.6 8.385043e+03 8.415934e+03 8.423642e+03 8.392751e+03
15.6 8.286535e+03 8.426727e+03 8.423825e+03 8.283633e+03
16.6 8.432863e+03 8.432776e+03 8.424045e+03 8.424132e+03
17.6 8.585446e+03 8.427788e+03 8.424238e+03 8.581895e+03
1.0 8.445728e+03 8.451130e+03 8.387718e+03 8.382317e+03
2.0 8.456103e+03 8.456248e+03 8.435366e+03 8.435221e+03
3.0 8.403439e+03 8.422580e+03 8.456667e+03 8.437526e+03
4.0 8.410910e+03 8.402604e+03 8.448688e+03 8.456994e+03
5.0 8.479063e+03 8.447476e+03 8.432097e+03 8.463684e+03
6.0 8.499254e+03 8.458300e+03 8.418200e+03 8.459153e+03
7.0 8.474273e+03 8.454708e+03 8.423196e+03 8.442761e+03
8.0 8.465041e+03 8.432122e+03 8.428822e+03 8.461741e+03
9.0 8.452911e+03 8.424789e+03 8.427748e+03 8.455870e+03
10.0 8.429127e+03 8.424853e+03 8.425605e+03 8.429879e+03
11.0 8.428794e+03 8.423700e+03 8.424407e+03 8.429500e+03
12.0 8.441519e+03 8.413510e+03 8.423836e+03 8.451845e+03
13.0 8.412355e+03 8.408880e+03 8.423610e+03 8.427085e+03
14.0 8.385043e+03 8.415934e+03 8.423642e+03 8.392751e+03
15.0 8.286535e+03 8.426727e+03 8.423825e+03 8.283633e+03
16.0 8.432863e+03 8.432776e+03 8.424045e+03 8.424132e+03
17.0 8.585446e+03 8.427788e+03 8.424238e+03 8.581895e+03
18.0 8.583681e+03 8.426039e+03 8.424386e+03 8.582028e+03
1.0 8.499254e+03 8.458300e+03 8.418200e+03 8.459153e+03
2.0 8.474273e+03 8.454708e+03 8.423196e+03 8.442761e+03
3.0 8.465041e+03 8.432122e+03 8.428822e+03 8.461741e+03
4.0 8.452911e+03 8.424789e+03 8.427748e+03 8.455870e+03
5.0 8.429127e+03 8.424853e+03 8.425605e+03 8.429879e+03
6.0 8.428794e+03 8.423700e+03 8.424407e+03 8.429500e+03
7.0 8.441519e+03 8.413510e+03 8.423836e+03 8.451845e+03
8.0 8.412355e+03 8.408880e+03 8.423610e+03 8.427085e+03
9.0 8.385043e+03 8.415934e+03 8.423642e+03 8.392751e+03
10.0 8.286535e+03 8.426727e+03 8.423825e+03 8.283633e+03
11.0 8.432863e+03 8.432776e+03 8.424045e+03 8.424132e+03
12.0 8.585446e+03 8.427788e+03 8.424238e+03 8.581895e+03
13.0 8.583681e+03 8.426039e+03 8.424386e+03 8.582028e+03
14.0 8.486375e+03 8.396959e+03 8.424499e+03 8.513915e+03
15.0 8.396713e+03 8.392273e+03 8.424588e+03 8.429028e+03
16.0 8.375823e+03 8.406270e+03 8.424665e+03 8.394218e+03
17.0 8.402488e+03 8.425491e+03 8.424733e+03 8.401730e+03
18.0 8.418147e+03 8.414719e+03 8.424795e+03 8.428223e+03
0.1 8.431612e+03 8.446246e+03 8.402399e+03 8.387765e+03
1.1 8.448596e+03 8.446913e+03 8.414670e+03 8.416353e+03
2.1 8.449531e+03 8.443075e+03 8.440134e+03 8.446589e+03
3.1 8.452319e+03 8.440280e+03 8.448171e+03 8.460211e+03
4.1 8.461471e+03 8.436041e+03 8.440705e+03 8.466135e+03
5.1 8.437755e+03 8.426244e+03 8.432356e+03 8.443867e+03
6.1 8.395572e+03 8.409340e+03 8.427054e+03 8.413285e+03
7.1 8.412459e+03 8.407824e+03 8.424233e+03 8.428868e+03
8.1 8.464907e+03 8.407697e+03 8.423120e+03 8.480330e+03
9.1 8.450823e+03 8.400989e+03 8.423062e+03 8.472897e+03
10.1 8.425995e+03 8.406264e+03 8.423461e+03 8.443192e+03
11.1 8.406458e+03 8.416095e+03 8.423913e+03 8.414275e+03
12.1 8.395303e+03 8.429686e+03 8.424249e+03 8.389867e+03
13.1 8.407211e+03 8.434950e+03 8.424457e+03 8.396718e+03
14.1 8.420619e+03 8.431884e+03 8.424578e+03 8.413314e+03
15.1 8.428548e+03 8.424213e+03 8.424655e+03 8.428991e+03
16.1 8.429633e+03 8.427652e+03 8.424716e+03 8.426697e+03
17.1 8.412970e+03 8.434020e+03 8.424777e+03 8.403727e+03
