0.1 8.411124e+03 8.391573e+03 8.456152e+03 8.475703e+03
1.1 8.400138e+03 8.401894e+03 8.451990e+03 8.450234e+03
2.1 8.409890e+03 8.428016e+03 8.427322e+03 8.409195e+03
3.1 8.431980e+03 8.441456e+03 8.398719e+03 8.389242e+03
4.1 8.461904e+03 8.449386e+03 8.396150e+03 8.408668e+03
5.1 8.459595e+03 8.442839e+03 8.408353e+03 8.425109e+03
6.1 8.421682e+03 8.426892e+03 8.421229e+03 8.416018e+03
7.1 8.392216e+03 8.429976e+03 8.441542e+03 8.403782e+03
8.1 8.397838e+03 8.442725e+03 8.446781e+03 8.401894e+03
9.1 8.422618e+03 8.435718e+03 8.426128e+03 8.413028e+03
10.1 8.431564e+03 8.421057e+03 8.413876e+03 8.424383e+03
11.1 8.419867e+03 8.411946e+03 8.416164e+03 8.424085e+03
12.1 8.421588e+03 8.410094e+03 8.420948e+03 8.432442e+03
13.1 8.419025e+03 8.400173e+03 8.424158e+03 8.443011e+03
14.1 8.428580e+03 8.397562e+03 8.425961e+03 8.456979e+03
15.1 8.437568e+03 8.418991e+03 8.426746e+03 8.445324e+03
16.1 8.438221e+03 8.429171e+03 8.426797e+03 8.435847e+03
17.1 8.435998e+03 8.427120e+03 8.426462e+03 8.435340e+03
1.0 8.392216e+03 8.429976e+03 8.441542e+03 8.403782e+03
2.0 8.397838e+03 8.442725e+03 8.446781e+03 8.401894e+03
3.0 8.422618e+03 8.435718e+03 8.426128e+03 8.413028e+03
4.0 8.431564e+03 8.421057e+03 8.413876e+03 8.424383e+03
5.0 8.419867e+03 8.411946e+03 8.416164e+03 8.424085e+03
6.0 8.421588e+03 8.410094e+03 8.420948e+03 8.432442e+03
7.0 8.419025e+03 8.400173e+03 8.424158e+03 8.443011e+03
8.0 8.428580e+03 8.397562e+03 8.425961e+03 8.456979e+03
9.0 8.437568e+03 8.418991e+03 8.426746e+03 8.445324e+03
10.0 8.438221e+03 8.429171e+03 8.426797e+03 8.435847e+03
11.0 8.435998e+03 8.427120e+03 8.426462e+03 8.435340e+03
12.0 8.447010e+03 8.428153e+03 8.426041e+03 8.444899e+03
13.0 8.490434e+03 8.402707e+03 8.425682e+03 8.513409e+03
14.0 8.495690e+03 8.439333e+03 8.425416e+03 8.481773e+03
15.0 8.507299e+03 8.467916e+03 8.425224e+03 8.464606e+03
16.0 8.495457e+03 8.475597e+03 8.425085e+03 8.444945e+03
17.0 8.440262e+03 8.460868e+03 8.424981e+03 8.404375e+03
18.0 8.376650e+03 8.441339e+03 8.424896e+03 8.360208e+03
0.9 8.498787e+03 8.451079e+03 8.441052e+03 8.488761e+03
1.9 8.660552e+03 8.472595e+03 8.459571e+03 8.647528e+03
2.9 8.638737e+03 8.468408e+03 8.449041e+03 8.619370e+03
3.9 8.519968e+03 8.450310e+03 8.426997e+03 8.496655e+03
4.9 8.417950e+03 8.441680e+03 8.408204e+03 8.384473e+03
5.9 8.369917e+03 8.425151e+03 8.394764e+03 8.339530e+03
6.9 8.367528e+03 8.428946e+03 8.399510e+03 8.338091e+03
7.9 8.352063e+03 8.425906e+03 8.411014e+03 8.337172e+03
8.9 8.343944e+03 8.420260e+03 8.419602e+03 8.343286e+03
9.9 8.350268e+03 8.420227e+03 8.424219e+03 8.354260e+03
10.9 8.369803e+03 8.443364e+03 8.426072e+03 8.352511e+03
11.9 8.423667e+03 8.462663e+03 8.426279e+03 8.387283e+03
12.9 8.447321e+03 8.460694e+03 8.425719e+03 8.412346e+03
13.9 8.404232e+03 8.442142e+03 8.424998e+03 8.387088e+03
14.9 8.379699e+03 8.425261e+03 8.424411e+03 8.378848e+03
15.9 8.377397e+03 8.410191e+03 8.424017e+03 8.391223e+03
16.9 8.372213e+03 8.393970e+03 8.423768e+03 8.402011e+03
17.9 8.353935e+03 8.379917e+03 8.423606e+03 8.397624e+03
0.9 8.660552e+03 8.472595e+03 8.459571e+03 8.647528e+03
1.9 8.638737e+03 8.468408e+03 8.449041e+03 8.619370e+03
2.9 8.519968e+03 8.450310e+03 8.426997e+03 8.496655e+03
3.9 8.417950e+03 8.441680e+03 8.408204e+03 8.384473e+03
4.9 8.369917e+03 8.425151e+03 8.394764e+03 8.339530e+03
5.9 8.367528e+03 8.428946e+03 8.399510e+03 8.338091e+03
6.9 8.352063e+03 8.425906e+03 8.411014e+03 8.337172e+03
7.9 8.343944e+03 8.420260e+03 8.419602e+03 8.343286e+03
8.9 8.350268e+03 8.420227e+03 8.424219e+03 8.354260e+03
9.9 8.369803e+03 8.443364e+03 8.426072e+03 8.352511e+03
10.9 8.423667e+03 8.462663e+03 8.426279e+03 8.387283e+03
11.9 8.447321e+03 8.460694e+03 8.425719e+03 8.412346e+03
12.9 8.404232e+03 8.442142e+03 8.424998e+03 8.387088e+03
13.9 8.379699e+03 8.425261e+03 8.424411e+03 8.378848e+03
14.9 8.377397e+03 8.410191e+03 8.424017e+03 8.391223e+03
15.9 8.372213e+03 8.393970e+03 8.423768e+03 8.402011e+03
16.9 8.353935e+03 8.379917e+03 8.423606e+03 8.397624e+03
17.9 8.373181e+03 8.370778e+03 8.423500e+03 8.425903e+03
0.3 8.638737e+03 8.468408e+03 8.449041e+03 8.619370e+03
1.3 8.519968e+03 8.450310e+03 8.426997e+03 8.496655e+03
2.3 8.417950e+03 8.441680e+03 8.408204e+03 8.384473e+03
3.3 8.369917e+03 8.425151e+03 8.394764e+03 8.339530e+03
4.3 8.367528e+03 8.428946e+03 8.399510e+03 8.338091e+03
5.3 8.352063e+03 8.425906e+03 8.411014e+03 8.337172e+03
6.3 8.343944e+03 8.420260e+03 8.419602e+03 8.343286e+03
7.3 8.350268e+03 8.420227e+03 8.424219e+03 8.354260e+03
8.3 8.369803e+03 8.443364e+03 8.426072e+03 8.352511e+03
9.3 8.423667e+03 8.462663e+03 8.426279e+03 8.387283e+03
10.3 8.447321e+03 8.460694e+03 8.425719e+03 8.412346e+03
11.3 8.404232e+03 8.442142e+03 8.424998e+03 8.387088e+03
12.3 8.379699e+03 8.425261e+03 8.424411e+03 8.378848e+03
13.3 8.377397e+03 8.410191e+03 8.424017e+03 8.391223e+03
14.3 8.372213e+03 8.393970e+03 8.423768e+03 8.402011e+03
15.3 8.353935e+03 8.379917e+03 8.423606e+03 8.397624e+03
16.3 8.373181e+03 8.370778e+03 8.423500e+03 8.425903e+03
17.3 8.394020e+03 8.389176e+03 8.423433e+03 8.428276e+03
0.7 8.506407e+03 8.442074e+03 8.436148e+03 8.500482e+03
1.7 8.511141e+03 8.451524e+03 8.459743e+03 8.519360e+03
2.7 8.473213e+03 8.438300e+03 8.461454e+03 8.496367e+03
3.7 8.423920e+03 8.407263e+03 8.435057e+03 8.451714e+03
4.7 8.395567e+03 8.406510e+03 8.415741e+03 8.404798e+03
5.7 8.428571e+03 8.428738e+03 8.411786e+03 8.411618e+03
6.7 8.446460e+03 8.441737e+03 8.410576e+03 8.415299e+03
7.7 8.442359e+03 8.431205e+03 8.402422e+03 8.413576e+03
8.7 8.408197e+03 8.392516e+03 8.397678e+03 8.413359e+03
9.7 8.418631e+03 8.425307e+03 8.421527e+03 8.414851e+03
10.7 8.436041e+03 8.435384e+03 8.453286e+03 8.453942e+03
11.7 8.427170e+03 8.410518e+03 8.459371e+03 8.476022e+03
12.7 8.398901e+03 8.396135e+03 8.443098e+03 8.445864e+03
13.7 8.397079e+03 8.414251e+03 8.427664e+03 8.410493e+03
14.7 8.439603e+03 8.433406e+03 8.417031e+03 8.423228e+03
15.7 8.459195e+03 8.449841e+03 8.411456e+03 8.420810e+03
16.7 8.438980e+03 8.436538e+03 8.402841e+03 8.405282e+03
17.7 8.423623e+03 8.410962e+03 8.398973e+03 8.411633e+03
0.9 8.511141e+03 8.451524e+03 8.459743e+03 8.519360e+03
1.9 8.473213e+03 8.438300e+03 8.461454e+03 8.496367e+03
2.9 8.423920e+03 8.407263e+03 8.435057e+03 8.451714e+03
3.9 8.395567e+03 8.406510e+03 8.415741e+03 8.404798e+03
4.9 8.428571e+03 8.428738e+03 8.411786e+03 8.411618e+03
5.9 8.446460e+03 8.441737e+03 8.410576e+03 8.415299e+03
6.9 8.442359e+03 8.431205e+03 8.402422e+03 8.413576e+03
7.9 8.408197e+03 8.392516e+03 8.397678e+03 8.413359e+03
8.9 8.418631e+03 8.425307e+03 8.421527e+03 8.414851e+03
9.9 8.436041e+03 8.435384e+03 8.453286e+03 8.453942e+03
10.9 8.427170e+03 8.410518e+03 8.459371e+03 8.476022e+03
11.9 8.398901e+03 8.396135e+03 8.443098e+03 8.445864e+03
12.9 8.397079e+03 8.414251e+03 8.427664e+03 8.410493e+03
13.9 8.439603e+03 8.433406e+03 8.417031e+03 8.423228e+03
14.9 8.459195e+03 8.449841e+03 8.411456e+03 8.420810e+03
15.9 8.438980e+03 8.436538e+03 8.402841e+03 8.405282e+03
16.9 8.423623e+03 8.410962e+03 8.398973e+03 8.411633e+03
17.9 8.471479e+03 8.459727e+03 8.420608e+03 8.432361e+03
0.8 8.473213e+03 8.438300e+03 8.461454e+03 8.496367e+03
1.8 8.423920e+03 8.407263e+03 8.435057e+03 8.451714e+03
2.8 8.395567e+03 8.406510e+03 8.415741e+03 8.404798e+03
3.8 8.428571e+03 8.428738e+03 8.411786e+03 8.411618e+03
4.8 8.446460e+03 8.441737e+03 8.410576e+03 8.415299e+03
5.8 8.442359e+03 8.431205e+03 8.402422e+03 8.413576e+03
6.8 8.408197e+03 8.392516e+03 8.397678e+03 8.413359e+03
7.8 8.418631e+03 8.425307e+03 8.421527e+03 8.414851e+03
8.8 8.436041e+03 8.435384e+03 8.453286e+03 8.453942e+03
9.8 8.427170e+03 8.410518e+03 8.459371e+03 8.476022e+03
10.8 8.398901e+03 8.396135e+03 8.443098e+03 8.445864e+03
11.8 8.397079e+03 8.414251e+03 8.427664e+03 8.410493e+03
12.8 8.439603e+03 8.433406e+03 8.417031e+03 8.423228e+03
13.8 8.459195e+03 8.449841e+03 8.411456e+03 8.420810e+03
14.8 8.438980e+03 8.436538e+03 8.402841e+03 8.405282e+03
15.8 8.423623e+03 8.410962e+03 8.398973e+03 8.411633e+03
16.8 8.471479e+03 8.459727e+03 8.420608e+03 8.432361e+03
17.8 8.480354e+03 8.479742e+03 8.440050e+03 8.440662e+03
0.3 8.423920e+03 8.407263e+03 8.435057e+03 8.451714e+03
1.3 8.395567e+03 8.406510e+03 8.415741e+03 8.404798e+03
2.3 8.428571e+03 8.428738e+03 8.411786e+03 8.411618e+03
3.3 8.446460e+03 8.441737e+03 8.410576e+03 8.415299e+03
4.3 8.442359e+03 8.431205e+03 8.402422e+03 8.413576e+03
5.3 8.408197e+03 8.392516e+03 8.397678e+03 8.413359e+03
6.3 8.418631e+03 8.425307e+03 8.421527e+03 8.414851e+03
7.3 8.436041e+03 8.435384e+03 8.453286e+03 8.453942e+03
8.3 8.427170e+03 8.410518e+03 8.459371e+03 8.476022e+03
9.3 8.398901e+03 8.396135e+03 8.443098e+03 8.445864e+03
10.3 8.397079e+03 8.414251e+03 8.427664e+03 8.410493e+03
11.3 8.439603e+03 8.433406e+03 8.417031e+03 8.423228e+03
12.3 8.459195e+03 8.449841e+03 8.411456e+03 8.420810e+03
13.3 8.438980e+03 8.436538e+03 8.402841e+03 8.405282e+03
14.3 8.423623e+03 8.410962e+03 8.398973e+03 8.411633e+03
15.3 8.471479e+03 8.459727e+03 8.420608e+03 8.432361e+03
16.3 8.480354e+03 8.479742e+03 8.440050e+03 8.440662e+03
17.3 8.467061e+03 8.452599e+03 8.448500e+03 8.462962e+03
0.6 8.428571e+03 8.428738e+03 8.411786e+03 8.411618e+03
1.6 8.446460e+03 8.441737e+03 8.410576e+03 8.415299e+03
2.6 8.442359e+03 8.431205e+03 8.402422e+03 8.413576e+03
3.6 8.408197e+03 8.392516e+03 8.397678e+03 8.413359e+03
4.6 8.418631e+03 8.425307e+03 8.421527e+03 8.414851e+03
5.6 8.436041e+03 8.435384e+03 8.453286e+03 8.453942e+03
6.6 8.427170e+03 8.410518e+03 8.459371e+03 8.476022e+03
7.6 8.398901e+03 8.396135e+03 8.443098e+03 8.445864e+03
8.6 8.397079e+03 8.414251e+03 8.427664e+03 8.410493e+03
9.6 8.439603e+03 8.433406e+03 8.417031e+03 8.423228e+03
10.6 8.459195e+03 8.449841e+03 8.411456e+03 8.420810e+03
11.6 8.438980e+03 8.436538e+03 8.402841e+03 8.405282e+03
12.6 8.423623e+03 8.410962e+03 8.398973e+03 8.411633e+03
13.6 8.471479e+03 8.459727e+03 8.420608e+03 8.432361e+03
14.6 8.480354e+03 8.479742e+03 8.440050e+03 8.440662e+03
15.6 8.467061e+03 8.452599e+03 8.448500e+03 8.462962e+03
16.6 8.432058e+03 8.438080e+03 8.448607e+03 8.442586e+03
17.6 8.408166e+03 8.414729e+03 8.425125e+03 8.418562e+03
0.9 8.418631e+03 8.425307e+03 8.421527e+03 8.414851e+03
1.9 8.436041e+03 8.435384e+03 8.453286e+03 8.453942e+03
2.9 8.427170e+03 8.410518e+03 8.459371e+03 8.476022e+03
3.9 8.398901e+03 8.396135e+03 8.443098e+03 8.445864e+03
4.9 8.397079e+03 8.414251e+03 8.427664e+03 8.410493e+03
5.9 8.439603e+03 8.433406e+03 8.417031e+03 8.423228e+03
6.9 8.459195e+03 8.449841e+03 8.411456e+03 8.420810e+03
7.9 8.438980e+03 8.436538e+03 8.402841e+03 8.405282e+03
8.9 8.423623e+03 8.410962e+03 8.398973e+03 8.411633e+03
9.9 8.471479e+03 8.459727e+03 8.420608e+03 8.432361e+03
10.9 8.480354e+03 8.479742e+03 8.440050e+03 8.440662e+03
11.9 8.467061e+03 8.452599e+03 8.448500e+03 8.462962e+03
12.9 8.432058e+03 8.438080e+03 8.448607e+03 8.442586e+03
13.9 8.408166e+03 8.414729e+03 8.425125e+03 8.418562e+03
14.9 8.390097e+03 8.399606e+03 8.395702e+03 8.386193e+03
15.9 8.427158e+03 8.413989e+03 8.395105e+03 8.408274e+03
16.9 8.455426e+03 8.465230e+03 8.427017e+03 8.417213e+03
17.9 8.463389e+03 8.473649e+03 8.456895e+03 8.446635e+03
0.9 8.436041e+03 8.435384e+03 8.453286e+03 8.453942e+03
1.9 8.427170e+03 8.410518e+03 8.459371e+03 8.476022e+03
2.9 8.398901e+03 8.396135e+03 8.443098e+03 8.445864e+03
3.9 8.397079e+03 8.414251e+03 8.427664e+03 8.410493e+03
4.9 8.439603e+03 8.433406e+03 8.417031e+03 8.423228e+03
5.9 8.459195e+03 8.449841e+03 8.411456e+03 8.420810e+03
6.9 8.438980e+03 8.436538e+03 8.402841e+03 8.405282e+03
7.9 8.423623e+03 8.410962e+03 8.398973e+03 8.411633e+03
8.9 8.471479e+03 8.459727e+03 8.420608e+03 8.432361e+03
9.9 8.480354e+03 8.479742e+03 8.440050e+03 8.440662e+03
10.9 8.467061e+03 8.452599e+03 8.448500e+03 8.462962e+03
11.9 8.432058e+03 8.438080e+03 8.448607e+03 8.442586e+03
12.9 8.408166e+03 8.414729e+03 8.425125e+03 8.418562e+03
13.9 8.390097e+03 8.399606e+03 8.395702e+03 8.386193e+03
14.9 8.427158e+03 8.413989e+03 8.395105e+03 8.408274e+03
15.9 8.455426e+03 8.465230e+03 8.427017e+03 8.417213e+03
16.9 8.463389e+03 8.473649e+03 8.456895e+03 8.446635e+03
17.9 8.447766e+03 8.461211e+03 8.450458e+03 8.437013e+03
1.0 8.427170e+03 8.410518e+03 8.459371e+03 8.476022e+03
2.0 8.398901e+03 8.396135e+03 8.443098e+03 8.445864e+03
3.0 8.397079e+03 8.414251e+03 8.427664e+03 8.410493e+03
4.0 8.439603e+03 8.433406e+03 8.417031e+03 8.423228e+03
5.0 8.459195e+03 8.449841e+03 8.411456e+03 8.420810e+03
6.0 8.438980e+03 8.436538e+03 8.402841e+03 8.405282e+03
7.0 8.423623e+03 8.410962e+03 8.398973e+03 8.411633e+03
8.0 8.471479e+03 8.459727e+03 8.420608e+03 8.432361e+03
9.0 8.480354e+03 8.479742e+03 8.440050e+03 8.440662e+03
10.0 8.467061e+03 8.452599e+03 8.448500e+03 8.462962e+03
11.0 8.432058e+03 8.438080e+03 8.448607e+03 8.442586e+03
12.0 8.408166e+03 8.414729e+03 8.425125e+03 8.418562e+03
13.0 8.390097e+03 8.399606e+03 8.395702e+03 8.386193e+03
14.0 8.427158e+03 8.413989e+03 8.395105e+03 8.408274e+03
15.0 8.455426e+03 8.465230e+03 8.427017e+03 8.417213e+03
16.0 8.463389e+03 8.473649e+03 8.456895e+03 8.446635e+03
17.0 8.447766e+03 8.461211e+03 8.450458e+03 8.437013e+03
18.0 8.410122e+03 8.427377e+03 8.414175e+03 8.396920e+03
0.9 8.398901e+03 8.396135e+03 8.443098e+03 8.445864e+03
1.9 8.397079e+03 8.414251e+03 8.427664e+03 8.410493e+03
2.9 8.439603e+03 8.433406e+03 8.417031e+03 8.423228e+03
3.9 8.459195e+03 8.449841e+03 8.411456e+03 8.420810e+03
4.9 8.438980e+03 8.436538e+03 8.402841e+03 8.405282e+03
5.9 8.423623e+03 8.410962e+03 8.398973e+03 8.411633e+03
6.9 8.471479e+03 8.459727e+03 8.420608e+03 8.432361e+03
7.9 8.480354e+03 8.479742e+03 8.440050e+03 8.440662e+03
8.9 8.467061e+03 8.452599e+03 8.448500e+03 8.462962e+03
9.9 8.432058e+03 8.438080e+03 8.448607e+03 8.442586e+03
10.9 8.408166e+03 8.414729e+03 8.425125e+03 8.418562e+03
11.9 8.390097e+03 8.399606e+03 8.395702e+03 8.386193e+03
12.9 8.427158e+03 8.413989e+03 8.395105e+03 8.408274e+03
13.9 8.455426e+03 8.465230e+03 8.427017e+03 8.417213e+03
14.9 8.463389e+03 8.473649e+03 8.456895e+03 8.446635e+03
15.9 8.447766e+03 8.461211e+03 8.450458e+03 8.437013e+03
16.9 8.410122e+03 8.427377e+03 8.414175e+03 8.396920e+03
17.9 8.402326e+03 8.405400e+03 8.391911e+03 8.388836e+03
0.8 8.397079e+03 8.414251e+03 8.427664e+03 8.410493e+03
1.8 8.439603e+03 8.433406e+03 8.417031e+03 8.423228e+03
2.8 8.459195e+03 8.449841e+03 8.411456e+03 8.420810e+03
3.8 8.438980e+03 8.436538e+03 8.402841e+03 8.405282e+03
4.8 8.423623e+03 8.410962e+03 8.398973e+03 8.411633e+03
5.8 8.471479e+03 8.459727e+03 8.420608e+03 8.432361e+03
6.8 8.480354e+03 8.479742e+03 8.440050e+03 8.440662e+03
7.8 8.467061e+03 8.452599e+03 8.448500e+03 8.462962e+03
8.8 8.432058e+03 8.438080e+03 8.448607e+03 8.442586e+03
9.8 8.408166e+03 8.414729e+03 8.425125e+03 8.418562e+03
10.8 8.390097e+03 8.399606e+03 8.395702e+03 8.386193e+03
11.8 8.427158e+03 8.413989e+03 8.395105e+03 8.408274e+03
12.8 8.455426e+03 8.465230e+03 8.427017e+03 8.417213e+03
13.8 8.463389e+03 8.473649e+03 8.456895e+03 8.446635e+03
14.8 8.447766e+03 8.461211e+03 8.450458e+03 8.437013e+03
15.8 8.410122e+03 8.427377e+03 8.414175e+03 8.396920e+03
16.8 8.402326e+03 8.405400e+03 8.391911e+03 8.388836e+03
17.8 8.435299e+03 8.406393e+03 8.402112e+03 8.431019e+03
0.3 8.439603e+03 8.433406e+03 8.417031e+03 8.423228e+03
1.3 8.459195e+03 8.449841e+03 8.411456e+03 8.420810e+03
2.3 8.438980e+03 8.436538e+03 8.402841e+03 8.405282e+03
3.3 8.423623e+03 8.410962e+03 8.398973e+03 8.411633e+03
4.3 8.471479e+03 8.459727e+03 8.420608e+03 8.432361e+03
5.3 8.480354e+03 8.479742e+03 8.440050e+03 8.440662e+03
6.3 8.467061e+03 8.452599e+03 8.448500e+03 8.462962e+03
7.3 8.432058e+03 8.438080e+03 8.448607e+03 8.442586e+03
8.3 8.408166e+03 8.414729e+03 8.425125e+03 8.418562e+03
9.3 8.390097e+03 8.399606e+03 8.395702e+03 8.386193e+03
10.3 8.427158e+03 8.413989e+03 8.395105e+03 8.408274e+03
11.3 8.455426e+03 8.465230e+03 8.427017e+03 8.417213e+03
12.3 8.463389e+03 8.473649e+03 8.456895e+03 8.446635e+03
13.3 8.447766e+03 8.461211e+03 8.450458e+03 8.437013e+03
14.3 8.410122e+03 8.427377e+03 8.414175e+03 8.396920e+03
15.3 8.402326e+03 8.405400e+03 8.391911e+03 8.388836e+03
16.3 8.435299e+03 8.406393e+03 8.402112e+03 8.431019e+03
17.3 8.447558e+03 8.428498e+03 8.433227e+03 8.452287e+03
0.3 8.423623e+03 8.410962e+03 8.398973e+03 8.411633e+03
1.3 8.471479e+03 8.459727e+03 8.420608e+03 8.432361e+03
2.3 8.480354e+03 8.479742e+03 8.440050e+03 8.440662e+03
3.3 8.467061e+03 8.452599e+03 8.448500e+03 8.462962e+03
4.3 8.432058e+03 8.438080e+03 8.448607e+03 8.442586e+03
5.3 8.408166e+03 8.414729e+03 8.425125e+03 8.418562e+03
6.3 8.390097e+03 8.399606e+03 8.395702e+03 8.386193e+03
7.3 8.427158e+03 8.413989e+03 8.395105e+03 8.408274e+03
8.3 8.455426e+03 8.465230e+03 8.427017e+03 8.417213e+03
9.3 8.463389e+03 8.473649e+03 8.456895e+03 8.446635e+03
10.3 8.447766e+03 8.461211e+03 8.450458e+03 8.437013e+03
11.3 8.410122e+03 8.427377e+03 8.414175e+03 8.396920e+03
12.3 8.402326e+03 8.405400e+03 8.391911e+03 8.388836e+03
13.3 8.435299e+03 8.406393e+03 8.402112e+03 8.431019e+03
14.3 8.447558e+03 8.428498e+03 8.433227e+03 8.452287e+03
15.3 8.422442e+03 8.437461e+03 8.456203e+03 8.441184e+03
16.3 8.389336e+03 8.428220e+03 8.439051e+03 8.400167e+03
17.3 8.379005e+03 8.444077e+03 8.412797e+03 8.347725e+03
0.7 8.480354e+03 8.479742e+03 8.440050e+03 8.440662e+03
1.7 8.467061e+03 8.452599e+03 8.448500e+03 8.462962e+03
2.7 8.432058e+03 8.438080e+03 8.448607e+03 8.442586e+03
3.7 8.408166e+03 8.414729e+03 8.425125e+03 8.418562e+03
4.7 8.390097e+03 8.399606e+03 8.395702e+03 8.386193e+03
5.7 8.427158e+03 8.413989e+03 8.395105e+03 8.408274e+03
6.7 8.455426e+03 8.465230e+03 8.427017e+03 8.417213e+03
7.7 8.463389e+03 8.473649e+03 8.456895e+03 8.446635e+03
8.7 8.447766e+03 8.461211e+03 8.450458e+03 8.437013e+03
9.7 8.410122e+03 8.427377e+03 8.414175e+03 8.396920e+03
10.7 8.402326e+03 8.405400e+03 8.391911e+03 8.388836e+03
11.7 8.435299e+03 8.406393e+03 8.402112e+03 8.431019e+03
12.7 8.447558e+03 8.428498e+03 8.433227e+03 8.452287e+03
13.7 8.422442e+03 8.437461e+03 8.456203e+03 8.441184e+03
14.7 8.389336e+03 8.428220e+03 8.439051e+03 8.400167e+03
15.7 8.379005e+03 8.444077e+03 8.412797e+03 8.347725e+03
16.7 8.431816e+03 8.414548e+03 8.419740e+03 8.437008e+03
17.7 8.440095e+03 8.428955e+03 8.424727e+03 8.435867e+03
0.8 8.467061e+03 8.452599e+03 8.448500e+03 8.462962e+03
1.8 8.432058e+03 8.438080e+03 8.448607e+03 8.442586e+03
2.8 8.408166e+03 8.414729e+03 8.425125e+03 8.418562e+03
3.8 8.390097e+03 8.399606e+03 8.395702e+03 8.386193e+03
4.8 8.427158e+03 8.413989e+03 8.395105e+03 8.408274e+03
5.8 8.455426e+03 8.465230e+03 8.427017e+03 8.417213e+03
6.8 8.463389e+03 8.473649e+03 8.456895e+03 8.446635e+03
7.8 8.447766e+03 8.461211e+03 8.450458e+03 8.437013e+03
8.8 8.410122e+03 8.427377e+03 8.414175e+03 8.396920e+03
9.8 8.402326e+03 8.405400e+03 8.391911e+03 8.388836e+03
10.8 8.435299e+03 8.406393e+03 8.402112e+03 8.431019e+03
11.8 8.447558e+03 8.428498e+03 8.433227e+03 8.452287e+03
12.8 8.422442e+03 8.437461e+03 8.456203e+03 8.441184e+03
13.8 8.389336e+03 8.428220e+03 8.439051e+03 8.400167e+03
14.8 8.379005e+03 8.444077e+03 8.412797e+03 8.347725e+03
15.8 8.431816e+03 8.414548e+03 8.419740e+03 8.437008e+03
16.8 8.440095e+03 8.428955e+03 8.424727e+03 8.435867e+03
17.8 8.446637e+03 8.419130e+03 8.411231e+03 8.438738e+03
0.8 8.432058e+03 8.438080e+03 8.448607e+03 8.442586e+03
1.8 8.408166e+03 8.414729e+03 8.425125e+03 8.418562e+03
2.8 8.390097e+03 8.399606e+03 8.395702e+03 8.386193e+03
3.8 8.427158e+03 8.413989e+03 8.395105e+03 8.408274e+03
4.8 8.455426e+03 8.465230e+03 8.427017e+03 8.417213e+03
5.8 8.463389e+03 8.473649e+03 8.456895e+03 8.446635e+03
6.8 8.447766e+03 8.461211e+03 8.450458e+03 8.437013e+03
7.8 8.410122e+03 8.427377e+03 8.414175e+03 8.396920e+03
8.8 8.402326e+03 8.405400e+03 8.391911e+03 8.388836e+03
9.8 8.435299e+03 8.406393e+03 8.402112e+03 8.431019e+03
10.8 8.447558e+03 8.428498e+03 8.433227e+03 8.452287e+03
11.8 8.422442e+03 8.437461e+03 8.456203e+03 8.441184e+03
12.8 8.389336e+03 8.428220e+03 8.439051e+03 8.400167e+03
13.8 8.379005e+03 8.444077e+03 8.412797e+03 8.347725e+03
14.8 8.431816e+03 8.414548e+03 8.419740e+03 8.437008e+03
15.8 8.440095e+03 8.428955e+03 8.424727e+03 8.435867e+03
16.8 8.446637e+03 8.419130e+03 8.411231e+03 8.438738e+03
17.8 8.439657e+03 8.404729e+03 8.409227e+03 8.444155e+03
0.3 8.427158e+03 8.413989e+03 8.395105e+03 8.408274e+03
1.3 8.455426e+03 8.465230e+03 8.427017e+03 8.417213e+03
2.3 8.463389e+03 8.473649e+03 8.456895e+03 8.446635e+03
3.3 8.447766e+03 8.461211e+03 8.450458e+03 8.437013e+03
4.3 8.410122e+03 8.427377e+03 8.414175e+03 8.396920e+03
5.3 8.402326e+03 8.405400e+03 8.391911e+03 8.388836e+03
6.3 8.435299e+03 8.406393e+03 8.402112e+03 8.431019e+03
7.3 8.447558e+03 8.428498e+03 8.433227e+03 8.452287e+03
8.3 8.422442e+03 8.437461e+03 8.456203e+03 8.441184e+03
9.3 8.389336e+03 8.428220e+03 8.439051e+03 8.400167e+03
10.3 8.379005e+03 8.444077e+03 8.412797e+03 8.347725e+03
11.3 8.431816e+03 8.414548e+03 8.419740e+03 8.437008e+03
12.3 8.440095e+03 8.428955e+03 8.424727e+03 8.435867e+03
13.3 8.446637e+03 8.419130e+03 8.411231e+03 8.438738e+03
14.3 8.439657e+03 8.404729e+03 8.409227e+03 8.444155e+03
15.3 8.418365e+03 8.409645e+03 8.416596e+03 8.425316e+03
16.3 8.417800e+03 8.411686e+03 8.422849e+03 8.428963e+03
17.3 8.326669e+03 8.415607e+03 8.426055e+03 8.337117e+03
0.3 8.455426e+03 8.465230e+03 8.427017e+03 8.417213e+03
1.3 8.463389e+03 8.473649e+03 8.456895e+03 8.446635e+03
2.3 8.447766e+03 8.461211e+03 8.450458e+03 8.437013e+03
3.3 8.410122e+03 8.427377e+03 8.414175e+03 8.396920e+03
4.3 8.402326e+03 8.405400e+03 8.391911e+03 8.388836e+03
5.3 8.435299e+03 8.406393e+03 8.402112e+03 8.431019e+03
6.3 8.447558e+03 8.428498e+03 8.433227e+03 8.452287e+03
7.3 8.422442e+03 8.437461e+03 8.456203e+03 8.441184e+03
8.3 8.389336e+03 8.428220e+03 8.439051e+03 8.400167e+03
9.3 8.379005e+03 8.444077e+03 8.412797e+03 8.347725e+03
10.3 8.431816e+03 8.414548e+03 8.419740e+03 8.437008e+03
11.3 8.440095e+03 8.428955e+03 8.424727e+03 8.435867e+03
12.3 8.446637e+03 8.419130e+03 8.411231e+03 8.438738e+03
13.3 8.439657e+03 8.404729e+03 8.409227e+03 8.444155e+03
14.3 8.418365e+03 8.409645e+03 8.416596e+03 8.425316e+03
15.3 8.417800e+03 8.411686e+03 8.422849e+03 8.428963e+03
16.3 8.326669e+03 8.415607e+03 8.426055e+03 8.337117e+03
17.3 8.436767e+03 8.446788e+03 8.427303e+03 8.417282e+03
0.5 8.463389e+03 8.473649e+03 8.456895e+03 8.446635e+03
1.5 8.447766e+03 8.461211e+03 8.450458e+03 8.437013e+03
2.5 8.410122e+03 8.427377e+03 8.414175e+03 8.396920e+03
3.5 8.402326e+03 8.405400e+03 8.391911e+03 8.388836e+03
4.5 8.435299e+03 8.406393e+03 8.402112e+03 8.431019e+03
5.5 8.447558e+03 8.428498e+03 8.433227e+03 8.452287e+03
6.5 8.422442e+03 8.437461e+03 8.456203e+03 8.441184e+03
7.5 8.389336e+03 8.428220e+03 8.439051e+03 8.400167e+03
8.5 8.379005e+03 8.444077e+03 8.412797e+03 8.347725e+03
9.5 8.431816e+03 8.414548e+03 8.419740e+03 8.437008e+03
10.5 8.440095e+03 8.428955e+03 8.424727e+03 8.435867e+03
11.5 8.446637e+03 8.419130e+03 8.411231e+03 8.438738e+03
12.5 8.439657e+03 8.404729e+03 8.409227e+03 8.444155e+03
13.5 8.418365e+03 8.409645e+03 8.416596e+03 8.425316e+03
14.5 8.417800e+03 8.411686e+03 8.422849e+03 8.428963e+03
15.5 8.326669e+03 8.415607e+03 8.426055e+03 8.337117e+03
16.5 8.436767e+03 8.446788e+03 8.427303e+03 8.417282e+03
17.5 8.492135e+03 8.463621e+03 8.427460e+03 8.455973e+03
0.1 8.435299e+03 8.406393e+03 8.402112e+03 8.431019e+03
1.1 8.447558e+03 8.428498e+03 8.433227e+03 8.452287e+03
2.1 8.422442e+03 8.437461e+03 8.456203e+03 8.441184e+03
3.1 8.389336e+03 8.428220e+03 8.439051e+03 8.400167e+03
4.1 8.379005e+03 8.444077e+03 8.412797e+03 8.347725e+03
5.1 8.431816e+03 8.414548e+03 8.419740e+03 8.437008e+03
6.1 8.440095e+03 8.428955e+03 8.424727e+03 8.435867e+03
7.1 8.446637e+03 8.419130e+03 8.411231e+03 8.438738e+03
8.1 8.439657e+03 8.404729e+03 8.409227e+03 8.444155e+03
9.1 8.418365e+03 8.409645e+03 8.416596e+03 8.425316e+03
10.1 8.417800e+03 8.411686e+03 8.422849e+03 8.428963e+03
11.1 8.326669e+03 8.415607e+03 8.426055e+03 8.337117e+03
12.1 8.436767e+03 8.446788e+03 8.427303e+03 8.417282e+03
13.1 8.492135e+03 8.463621e+03 8.427460e+03 8.455973e+03
14.1 8.585898e+03 8.468073e+03 8.427050e+03 8.544874e+03
15.1 8.534474e+03 8.451405e+03 8.426455e+03 8.509525e+03
16.1 8.452180e+03 8.423201e+03 8.425910e+03 8.454889e+03
17.1 8.411182e+03 8.412682e+03 8.425498e+03 8.423998e+03
0.0 8.447558e+03 8.428498e+03 8.433227e+03 8.452287e+03
1.0 8.422442e+03 8.437461e+03 8.456203e+03 8.441184e+03
2.0 8.389336e+03 8.428220e+03 8.439051e+03 8.400167e+03
3.0 8.379005e+03 8.444077e+03 8.412797e+03 8.347725e+03
4.0 8.431816e+03 8.414548e+03 8.419740e+03 8.437008e+03
5.0 8.440095e+03 8.428955e+03 8.424727e+03 8.435867e+03
6.0 8.446637e+03 8.419130e+03 8.411231e+03 8.438738e+03
7.0 8.439657e+03 8.404729e+03 8.409227e+03 8.444155e+03
8.0 8.418365e+03 8.409645e+03 8.416596e+03 8.425316e+03
9.0 8.417800e+03 8.411686e+03 8.422849e+03 8.428963e+03
10.0 8.326669e+03 8.415607e+03 8.426055e+03 8.337117e+03
11.0 8.436767e+03 8.446788e+03 8.427303e+03 8.417282e+03
12.0 8.492135e+03 8.463621e+03 8.427460e+03 8.455973e+03
13.0 8.585898e+03 8.468073e+03 8.427050e+03 8.544874e+03
14.0 8.534474e+03 8.451405e+03 8.426455e+03 8.509525e+03
15.0 8.452180e+03 8.423201e+03 8.425910e+03 8.454889e+03
16.0 8.411182e+03 8.412682e+03 8.425498e+03 8.423998e+03
17.0 8.383818e+03 8.398301e+03 8.425204e+03 8.410720e+03
0.2 8.379005e+03 8.444077e+03 8.412797e+03 8.347725e+03
1.2 8.431816e+03 8.414548e+03 8.419740e+03 8.437008e+03
2.2 8.440095e+03 8.428955e+03 8.424727e+03 8.435867e+03
3.2 8.446637e+03 8.419130e+03 8.411231e+03 8.438738e+03
4.2 8.439657e+03 8.404729e+03 8.409227e+03 8.444155e+03
5.2 8.418365e+03 8.409645e+03 8.416596e+03 8.425316e+03
6.2 8.417800e+03 8.411686e+03 8.422849e+03 8.428963e+03
7.2 8.326669e+03 8.415607e+03 8.426055e+03 8.337117e+03
8.2 8.436767e+03 8.446788e+03 8.427303e+03 8.417282e+03
9.2 8.492135e+03 8.463621e+03 8.427460e+03 8.455973e+03
10.2 8.585898e+03 8.468073e+03 8.427050e+03 8.544874e+03
11.2 8.534474e+03 8.451405e+03 8.426455e+03 8.509525e+03
12.2 8.452180e+03 8.423201e+03 8.425910e+03 8.454889e+03
13.2 8.411182e+03 8.412682e+03 8.425498e+03 8.423998e+03
14.2 8.383818e+03 8.398301e+03 8.425204e+03 8.410720e+03
15.2 8.343345e+03 8.380484e+03 8.424981e+03 8.387842e+03
16.2 8.327125e+03 8.366596e+03 8.424796e+03 8.385324e+03
17.2 8.342718e+03 8.365519e+03 8.424634e+03 8.401832e+03
0.3 8.422032e+03 8.434598e+03 8.429344e+03 8.416778e+03
1.3 8.418846e+03 8.436430e+03 8.443742e+03 8.426157e+03
2.3 8.411037e+03 8.440144e+03 8.450762e+03 8.421655e+03
3.3 8.416620e+03 8.440441e+03 8.439088e+03 8.415267e+03
4.3 8.420994e+03 8.429091e+03 8.427623e+03 8.419526e+03
5.3 8.411409e+03 8.421078e+03 8.415143e+03 8.405474e+03
6.3 8.402503e+03 8.416461e+03 8.399352e+03 8.385394e+03
7.3 8.401925e+03 8.434182e+03 8.398888e+03 8.366631e+03
8.3 8.404743e+03 8.438602e+03 8.409112e+03 8.375253e+03
9.3 8.403770e+03 8.426863e+03 8.421945e+03 8.398853e+03
10.3 8.419987e+03 8.441554e+03 8.442300e+03 8.420734e+03
11.3 8.429669e+03 8.428992e+03 8.452665e+03 8.453343e+03
12.3 8.423007e+03 8.439416e+03 8.452711e+03 8.436301e+03
13.3 8.449164e+03 8.438136e+03 8.437511e+03 8.448539e+03
14.3 8.451329e+03 8.434678e+03 8.403501e+03 8.420153e+03
15.3 8.441406e+03 8.432515e+03 8.389989e+03 8.398879e+03
16.3 8.426488e+03 8.435677e+03 8.408891e+03 8.399702e+03
17.3 8.422424e+03 8.443186e+03 8.440583e+03 8.419821e+03
0.8 8.411037e+03 8.440144e+03 8.450762e+03 8.421655e+03
1.8 8.416620e+03 8.440441e+03 8.439088e+03 8.415267e+03
2.8 8.420994e+03 8.429091e+03 8.427623e+03 8.419526e+03
3.8 8.411409e+03 8.421078e+03 8.415143e+03 8.405474e+03
4.8 8.402503e+03 8.416461e+03 8.399352e+03 8.385394e+03
5.8 8.401925e+03 8.434182e+03 8.398888e+03 8.366631e+03
6.8 8.404743e+03 8.438602e+03 8.409112e+03 8.375253e+03
7.8 8.403770e+03 8.426863e+03 8.421945e+03 8.398853e+03
8.8 8.419987e+03 8.441554e+03 8.442300e+03 8.420734e+03
9.8 8.429669e+03 8.428992e+03 8.452665e+03 8.453343e+03
10.8 8.423007e+03 8.439416e+03 8.452711e+03 8.436301e+03
11.8 8.449164e+03 8.438136e+03 8.437511e+03 8.448539e+03
12.8 8.451329e+03 8.434678e+03 8.403501e+03 8.420153e+03
13.8 8.441406e+03 8.432515e+03 8.389989e+03 8.398879e+03
14.8 8.426488e+03 8.435677e+03 8.408891e+03 8.399702e+03
15.8 8.422424e+03 8.443186e+03 8.440583e+03 8.419821e+03
16.8 8.417927e+03 8.423134e+03 8.458889e+03 8.453682e+03
17.8 8.423660e+03 8.396322e+03 8.446461e+03 8.473799e+03
0.1 8.416620e+03 8.440441e+03 8.439088e+03 8.415267e+03
1.1 8.420994e+03 8.429091e+03 8.427623e+03 8.419526e+03
2.1 8.411409e+03 8.421078e+03 8.415143e+03 8.405474e+03
3.1 8.402503e+03 8.416461e+03 8.399352e+03 8.385394e+03
4.1 8.401925e+03 8.434182e+03 8.398888e+03 8.366631e+03
5.1 8.404743e+03 8.438602e+03 8.409112e+03 8.375253e+03
6.1 8.403770e+03 8.426863e+03 8.421945e+03 8.398853e+03
7.1 8.419987e+03 8.441554e+03 8.442300e+03 8.420734e+03
8.1 8.429669e+03 8.428992e+03 8.452665e+03 8.453343e+03
9.1 8.423007e+03 8.439416e+03 8.452711e+03 8.436301e+03
10.1 8.449164e+03 8.438136e+03 8.437511e+03 8.448539e+03
11.1 8.451329e+03 8.434678e+03 8.403501e+03 8.420153e+03
12.1 8.441406e+03 8.432515e+03 8.389989e+03 8.398879e+03
13.1 8.426488e+03 8.435677e+03 8.408891e+03 8.399702e+03
14.1 8.422424e+03 8.443186e+03 8.440583e+03 8.419821e+03
15.1 8.417927e+03 8.423134e+03 8.458889e+03 8.453682e+03
16.1 8.423660e+03 8.396322e+03 8.446461e+03 8.473799e+03
17.1 8.417455e+03 8.390164e+03 8.425378e+03 8.452669e+03
0.2 8.403770e+03 8.426863e+03 8.421945e+03 8.398853e+03
1.2 8.419987e+03 8.441554e+03 8.442300e+03 8.420734e+03
2.2 8.429669e+03 8.428992e+03 8.452665e+03 8.453343e+03
3.2 8.423007e+03 8.439416e+03 8.452711e+03 8.436301e+03
4.2 8.449164e+03 8.438136e+03 8.437511e+03 8.448539e+03
5.2 8.451329e+03 8.434678e+03 8.403501e+03 8.420153e+03
6.2 8.441406e+03 8.432515e+03 8.389989e+03 8.398879e+03
7.2 8.426488e+03 8.435677e+03 8.408891e+03 8.399702e+03
8.2 8.422424e+03 8.443186e+03 8.440583e+03 8.419821e+03
9.2 8.417927e+03 8.423134e+03 8.458889e+03 8.453682e+03
10.2 8.423660e+03 8.396322e+03 8.446461e+03 8.473799e+03
11.2 8.417455e+03 8.390164e+03 8.425378e+03 8.452669e+03
12.2 8.429375e+03 8.421528e+03 8.420895e+03 8.428741e+03
13.2 8.453076e+03 8.455398e+03 8.412227e+03 8.409905e+03
14.2 8.438936e+03 8.426414e+03 8.395885e+03 8.408406e+03
15.2 8.429386e+03 8.413298e+03 8.394854e+03 8.410943e+03
16.2 8.423028e+03 8.430665e+03 8.407213e+03 8.399576e+03
17.2 8.408691e+03 8.420044e+03 8.418382e+03 8.407030e+03
0.6 8.429669e+03 8.428992e+03 8.452665e+03 8.453343e+03
1.6 8.423007e+03 8.439416e+03 8.452711e+03 8.436301e+03
2.6 8.449164e+03 8.438136e+03 8.437511e+03 8.448539e+03
3.6 8.451329e+03 8.434678e+03 8.403501e+03 8.420153e+03
4.6 8.441406e+03 8.432515e+03 8.389989e+03 8.398879e+03
5.6 8.426488e+03 8.435677e+03 8.408891e+03 8.399702e+03
6.6 8.422424e+03 8.443186e+03 8.440583e+03 8.419821e+03
7.6 8.417927e+03 8.423134e+03 8.458889e+03 8.453682e+03
8.6 8.423660e+03 8.396322e+03 8.446461e+03 8.473799e+03
9.6 8.417455e+03 8.390164e+03 8.425378e+03 8.452669e+03
10.6 8.429375e+03 8.421528e+03 8.420895e+03 8.428741e+03
11.6 8.453076e+03 8.455398e+03 8.412227e+03 8.409905e+03
12.6 8.438936e+03 8.426414e+03 8.395885e+03 8.408406e+03
13.6 8.429386e+03 8.413298e+03 8.394854e+03 8.410943e+03
14.6 8.423028e+03 8.430665e+03 8.407213e+03 8.399576e+03
15.6 8.408691e+03 8.420044e+03 8.418382e+03 8.407030e+03
16.6 8.399275e+03 8.428240e+03 8.431778e+03 8.402813e+03
17.6 8.418048e+03 8.436117e+03 8.451862e+03 8.433793e+03
0.7 8.423007e+03 8.439416e+03 8.452711e+03 8.436301e+03
1.7 8.449164e+03 8.438136e+03 8.437511e+03 8.448539e+03
2.7 8.451329e+03 8.434678e+03 8.403501e+03 8.420153e+03
3.7 8.441406e+03 8.432515e+03 8.389989e+03 8.398879e+03
4.7 8.426488e+03 8.435677e+03 8.408891e+03 8.399702e+03
5.7 8.422424e+03 8.443186e+03 8.440583e+03 8.419821e+03
6.7 8.417927e+03 8.423134e+03 8.458889e+03 8.453682e+03
7.7 8.423660e+03 8.396322e+03 8.446461e+03 8.473799e+03
8.7 8.417455e+03 8.390164e+03 8.425378e+03 8.452669e+03
9.7 8.429375e+03 8.421528e+03 8.420895e+03 8.428741e+03
10.7 8.453076e+03 8.455398e+03 8.412227e+03 8.409905e+03
11.7 8.438936e+03 8.426414e+03 8.395885e+03 8.408406e+03
12.7 8.429386e+03 8.413298e+03 8.394854e+03 8.410943e+03
13.7 8.423028e+03 8.430665e+03 8.407213e+03 8.399576e+03
14.7 8.408691e+03 8.420044e+03 8.418382e+03 8.407030e+03
15.7 8.399275e+03 8.428240e+03 8.431778e+03 8.402813e+03
16.7 8.418048e+03 8.436117e+03 8.451862e+03 8.433793e+03
17.7 8.434856e+03 8.436606e+03 8.458078e+03 8.456329e+03
0.5 8.426488e+03 8.435677e+03 8.408891e+03 8.399702e+03
1.5 8.422424e+03 8.443186e+03 8.440583e+03 8.419821e+03
2.5 8.417927e+03 8.423134e+03 8.458889e+03 8.453682e+03
3.5 8.423660e+03 8.396322e+03 8.446461e+03 8.473799e+03
4.5 8.417455e+03 8.390164e+03 8.425378e+03 8.452669e+03
5.5 8.429375e+03 8.421528e+03 8.420895e+03 8.428741e+03
6.5 8.453076e+03 8.455398e+03 8.412227e+03 8.409905e+03
7.5 8.438936e+03 8.426414e+03 8.395885e+03 8.408406e+03
8.5 8.429386e+03 8.413298e+03 8.394854e+03 8.410943e+03
9.5 8.423028e+03 8.430665e+03 8.407213e+03 8.399576e+03
10.5 8.408691e+03 8.420044e+03 8.418382e+03 8.407030e+03
11.5 8.399275e+03 8.428240e+03 8.431778e+03 8.402813e+03
12.5 8.418048e+03 8.436117e+03 8.451862e+03 8.433793e+03
13.5 8.434856e+03 8.436606e+03 8.458078e+03 8.456329e+03
14.5 8.431305e+03 8.412863e+03 8.445080e+03 8.463522e+03
15.5 8.412273e+03 8.403240e+03 8.432477e+03 8.441509e+03
16.5 8.420175e+03 8.414910e+03 8.430975e+03 8.436241e+03
17.5 8.437481e+03 8.419034e+03 8.426311e+03 8.444758e+03
0.5 8.422424e+03 8.443186e+03 8.440583e+03 8.419821e+03
1.5 8.417927e+03 8.423134e+03 8.458889e+03 8.453682e+03
2.5 8.423660e+03 8.396322e+03 8.446461e+03 8.473799e+03
3.5 8.417455e+03 8.390164e+03 8.425378e+03 8.452669e+03
4.5 8.429375e+03 8.421528e+03 8.420895e+03 8.428741e+03
5.5 8.453076e+03 8.455398e+03 8.412227e+03 8.409905e+03
6.5 8.438936e+03 8.426414e+03 8.395885e+03 8.408406e+03
7.5 8.429386e+03 8.413298e+03 8.394854e+03 8.410943e+03
8.5 8.423028e+03 8.430665e+03 8.407213e+03 8.399576e+03
9.5 8.408691e+03 8.420044e+03 8.418382e+03 8.407030e+03
10.5 8.399275e+03 8.428240e+03 8.431778e+03 8.402813e+03
11.5 8.418048e+03 8.436117e+03 8.451862e+03 8.433793e+03
12.5 8.434856e+03 8.436606e+03 8.458078e+03 8.456329e+03
13.5 8.431305e+03 8.412863e+03 8.445080e+03 8.463522e+03
14.5 8.412273e+03 8.403240e+03 8.432477e+03 8.441509e+03
15.5 8.420175e+03 8.414910e+03 8.430975e+03 8.436241e+03
16.5 8.437481e+03 8.419034e+03 8.426311e+03 8.444758e+03
17.5 8.442216e+03 8.422314e+03 8.403614e+03 8.423517e+03
0.6 8.417927e+03 8.423134e+03 8.458889e+03 8.453682e+03
1.6 8.423660e+03 8.396322e+03 8.446461e+03 8.473799e+03
2.6 8.417455e+03 8.390164e+03 8.425378e+03 8.452669e+03
3.6 8.429375e+03 8.421528e+03 8.420895e+03 8.428741e+03
4.6 8.453076e+03 8.455398e+03 8.412227e+03 8.409905e+03
5.6 8.438936e+03 8.426414e+03 8.395885e+03 8.408406e+03
6.6 8.429386e+03 8.413298e+03 8.394854e+03 8.410943e+03
7.6 8.423028e+03 8.430665e+03 8.407213e+03 8.399576e+03
8.6 8.408691e+03 8.420044e+03 8.418382e+03 8.407030e+03
9.6 8.399275e+03 8.428240e+03 8.431778e+03 8.402813e+03
10.6 8.418048e+03 8.436117e+03 8.451862e+03 8.433793e+03
11.6 8.434856e+03 8.436606e+03 8.458078e+03 8.456329e+03
12.6 8.431305e+03 8.412863e+03 8.445080e+03 8.463522e+03
13.6 8.412273e+03 8.403240e+03 8.432477e+03 8.441509e+03
14.6 8.420175e+03 8.414910e+03 8.430975e+03 8.436241e+03
15.6 8.437481e+03 8.419034e+03 8.426311e+03 8.444758e+03
16.6 8.442216e+03 8.422314e+03 8.403614e+03 8.423517e+03
17.6 8.426482e+03 8.429486e+03 8.389348e+03 8.386344e+03
0.1 8.423660e+03 8.396322e+03 8.446461e+03 8.473799e+03
1.1 8.417455e+03 8.390164e+03 8.425378e+03 8.452669e+03
2.1 8.429375e+03 8.421528e+03 8.420895e+03 8.428741e+03
3.1 8.453076e+03 8.455398e+03 8.412227e+03 8.409905e+03
4.1 8.438936e+03 8.426414e+03 8.395885e+03 8.408406e+03
5.1 8.429386e+03 8.413298e+03 8.394854e+03 8.410943e+03
6.1 8.423028e+03 8.430665e+03 8.407213e+03 8.399576e+03
7.1 8.408691e+03 8.420044e+03 8.418382e+03 8.407030e+03
8.1 8.399275e+03 8.428240e+03 8.431778e+03 8.402813e+03
9.1 8.418048e+03 8.436117e+03 8.451862e+03 8.433793e+03
10.1 8.434856e+03 8.436606e+03 8.458078e+03 8.456329e+03
11.1 8.431305e+03 8.412863e+03 8.445080e+03 8.463522e+03
12.1 8.412273e+03 8.403240e+03 8.432477e+03 8.441509e+03
13.1 8.420175e+03 8.414910e+03 8.430975e+03 8.436241e+03
14.1 8.437481e+03 8.419034e+03 8.426311e+03 8.444758e+03
15.1 8.442216e+03 8.422314e+03 8.403614e+03 8.423517e+03
16.1 8.426482e+03 8.429486e+03 8.389348e+03 8.386344e+03
17.1 8.440398e+03 8.453783e+03 8.398268e+03 8.384883e+03
0.9 8.429375e+03 8.421528e+03 8.420895e+03 8.428741e+03
1.9 8.453076e+03 8.455398e+03 8.412227e+03 8.409905e+03
2.9 8.438936e+03 8.426414e+03 8.395885e+03 8.408406e+03
3.9 8.429386e+03 8.413298e+03 8.394854e+03 8.410943e+03
4.9 8.423028e+03 8.430665e+03 8.407213e+03 8.399576e+03
5.9 8.408691e+03 8.420044e+03 8.418382e+03 8.407030e+03
6.9 8.399275e+03 8.428240e+03 8.431778e+03 8.402813e+03
7.9 8.418048e+03 8.436117e+03 8.451862e+03 8.433793e+03
8.9 8.434856e+03 8.436606e+03 8.458078e+03 8.456329e+03
9.9 8.431305e+03 8.412863e+03 8.445080e+03 8.463522e+03
10.9 8.412273e+03 8.403240e+03 8.432477e+03 8.441509e+03
11.9 8.420175e+03 8.414910e+03 8.430975e+03 8.436241e+03
12.9 8.437481e+03 8.419034e+03 8.426311e+03 8.444758e+03
13.9 8.442216e+03 8.422314e+03 8.403614e+03 8.423517e+03
14.9 8.426482e+03 8.429486e+03 8.389348e+03 8.386344e+03
15.9 8.440398e+03 8.453783e+03 8.398268e+03 8.384883e+03
16.9 8.453974e+03 8.440618e+03 8.412321e+03 8.425676e+03
17.9 8.468253e+03 8.427899e+03 8.421712e+03 8.462065e+03
0.4 8.399275e+03 8.428240e+03 8.431778e+03 8.402813e+03
1.4 8.418048e+03 8.436117e+03 8.451862e+03 8.433793e+03
2.4 8.434856e+03 8.436606e+03 8.458078e+03 8.456329e+03
3.4 8.431305e+03 8.412863e+03 8.445080e+03 8.463522e+03
4.4 8.412273e+03 8.403240e+03 8.432477e+03 8.441509e+03
5.4 8.420175e+03 8.414910e+03 8.430975e+03 8.436241e+03
6.4 8.437481e+03 8.419034e+03 8.426311e+03 8.444758e+03
7.4 8.442216e+03 8.422314e+03 8.403614e+03 8.423517e+03
8.4 8.426482e+03 8.429486e+03 8.389348e+03 8.386344e+03
9.4 8.440398e+03 8.453783e+03 8.398268e+03 8.384883e+03
10.4 8.453974e+03 8.440618e+03 8.412321e+03 8.425676e+03
11.4 8.468253e+03 8.427899e+03 8.421712e+03 8.462065e+03
12.4 8.463676e+03 8.424107e+03 8.434298e+03 8.473867e+03
13.4 8.433013e+03 8.424953e+03 8.451975e+03 8.460035e+03
14.4 8.417353e+03 8.420341e+03 8.460035e+03 8.457046e+03
15.4 8.415729e+03 8.432271e+03 8.455921e+03 8.439379e+03
16.4 8.435460e+03 8.441527e+03 8.440517e+03 8.434450e+03
17.4 8.439590e+03 8.440366e+03 8.409743e+03 8.408966e+03
0.2 8.418048e+03 8.436117e+03 8.451862e+03 8.433793e+03
1.2 8.434856e+03 8.436606e+03 8.458078e+03 8.456329e+03
2.2 8.431305e+03 8.412863e+03 8.445080e+03 8.463522e+03
3.2 8.412273e+03 8.403240e+03 8.432477e+03 8.441509e+03
4.2 8.420175e+03 8.414910e+03 8.430975e+03 8.436241e+03
5.2 8.437481e+03 8.419034e+03 8.426311e+03 8.444758e+03
6.2 8.442216e+03 8.422314e+03 8.403614e+03 8.423517e+03
7.2 8.426482e+03 8.429486e+03 8.389348e+03 8.386344e+03
8.2 8.440398e+03 8.453783e+03 8.398268e+03 8.384883e+03
9.2 8.453974e+03 8.440618e+03 8.412321e+03 8.425676e+03
10.2 8.468253e+03 8.427899e+03 8.421712e+03 8.462065e+03
11.2 8.463676e+03 8.424107e+03 8.434298e+03 8.473867e+03
12.2 8.433013e+03 8.424953e+03 8.451975e+03 8.460035e+03
13.2 8.417353e+03 8.420341e+03 8.460035e+03 8.457046e+03
14.2 8.415729e+03 8.432271e+03 8.455921e+03 8.439379e+03
15.2 8.435460e+03 8.441527e+03 8.440517e+03 8.434450e+03
16.2 8.439590e+03 8.440366e+03 8.409743e+03 8.408966e+03
17.2 8.419046e+03 8.417815e+03 8.387078e+03 8.388309e+03
0.9 8.431305e+03 8.412863e+03 8.445080e+03 8.463522e+03
1.9 8.412273e+03 8.403240e+03 8.432477e+03 8.441509e+03
2.9 8.420175e+03 8.414910e+03 8.430975e+03 8.436241e+03
3.9 8.437481e+03 8.419034e+03 8.426311e+03 8.444758e+03
4.9 8.442216e+03 8.422314e+03 8.403614e+03 8.423517e+03
5.9 8.426482e+03 8.429486e+03 8.389348e+03 8.386344e+03
6.9 8.440398e+03 8.453783e+03 8.398268e+03 8.384883e+03
7.9 8.453974e+03 8.440618e+03 8.412321e+03 8.425676e+03
8.9 8.468253e+03 8.427899e+03 8.421712e+03 8.462065e+03
9.9 8.463676e+03 8.424107e+03 8.434298e+03 8.473867e+03
10.9 8.433013e+03 8.424953e+03 8.451975e+03 8.460035e+03
11.9 8.417353e+03 8.420341e+03 8.460035e+03 8.457046e+03
12.9 8.415729e+03 8.432271e+03 8.455921e+03 8.439379e+03
13.9 8.435460e+03 8.441527e+03 8.440517e+03 8.434450e+03
14.9 8.439590e+03 8.440366e+03 8.409743e+03 8.408966e+03
15.9 8.419046e+03 8.417815e+03 8.387078e+03 8.388309e+03
16.9 8.425229e+03 8.421980e+03 8.392207e+03 8.395456e+03
17.9 8.423618e+03 8.428033e+03 8.420100e+03 8.415685e+03
0.5 8.412273e+03 8.403240e+03 8.432477e+03 8.441509e+03
1.5 8.420175e+03 8.414910e+03 8.430975e+03 8.436241e+03
2.5 8.437481e+03 8.419034e+03 8.426311e+03 8.444758e+03
3.5 8.442216e+03 8.422314e+03 8.403614e+03 8.423517e+03
4.5 8.426482e+03 8.429486e+03 8.389348e+03 8.386344e+03
5.5 8.440398e+03 8.453783e+03 8.398268e+03 8.384883e+03
6.5 8.453974e+03 8.440618e+03 8.412321e+03 8.425676e+03
7.5 8.468253e+03 8.427899e+03 8.421712e+03 8.462065e+03
8.5 8.463676e+03 8.424107e+03 8.434298e+03 8.473867e+03
9.5 8.433013e+03 8.424953e+03 8.451975e+03 8.460035e+03
10.5 8.417353e+03 8.420341e+03 8.460035e+03 8.457046e+03
11.5 8.415729e+03 8.432271e+03 8.455921e+03 8.439379e+03
12.5 8.435460e+03 8.441527e+03 8.440517e+03 8.434450e+03
13.5 8.439590e+03 8.440366e+03 8.409743e+03 8.408966e+03
14.5 8.419046e+03 8.417815e+03 8.387078e+03 8.388309e+03
15.5 8.425229e+03 8.421980e+03 8.392207e+03 8.395456e+03
16.5 8.423618e+03 8.428033e+03 8.420100e+03 8.415685e+03
17.5 8.450126e+03 8.441683e+03 8.438372e+03 8.446814e+03
0.5 8.420175e+03 8.414910e+03 8.430975e+03 8.436241e+03
1.5 8.437481e+03 8.419034e+03 8.426311e+03 8.444758e+03
2.5 8.442216e+03 8.422314e+03 8.403614e+03 8.423517e+03
3.5 8.426482e+03 8.429486e+03 8.389348e+03 8.386344e+03
4.5 8.440398e+03 8.453783e+03 8.398268e+03 8.384883e+03
5.5 8.453974e+03 8.440618e+03 8.412321e+03 8.425676e+03
6.5 8.468253e+03 8.427899e+03 8.421712e+03 8.462065e+03
7.5 8.463676e+03 8.424107e+03 8.434298e+03 8.473867e+03
8.5 8.433013e+03 8.424953e+03 8.451975e+03 8.460035e+03
9.5 8.417353e+03 8.420341e+03 8.460035e+03 8.457046e+03
10.5 8.415729e+03 8.432271e+03 8.455921e+03 8.439379e+03
11.5 8.435460e+03 8.441527e+03 8.440517e+03 8.434450e+03
12.5 8.439590e+03 8.440366e+03 8.409743e+03 8.408966e+03
13.5 8.419046e+03 8.417815e+03 8.387078e+03 8.388309e+03
14.5 8.425229e+03 8.421980e+03 8.392207e+03 8.395456e+03
15.5 8.423618e+03 8.428033e+03 8.420100e+03 8.415685e+03
16.5 8.450126e+03 8.441683e+03 8.438372e+03 8.446814e+03
17.5 8.470121e+03 8.439118e+03 8.425970e+03 8.456974e+03
0.5 8.463676e+03 8.424107e+03 8.434298e+03 8.473867e+03
1.5 8.433013e+03 8.424953e+03 8.451975e+03 8.460035e+03
2.5 8.417353e+03 8.420341e+03 8.460035e+03 8.457046e+03
3.5 8.415729e+03 8.432271e+03 8.455921e+03 8.439379e+03
4.5 8.435460e+03 8.441527e+03 8.440517e+03 8.434450e+03
5.5 8.439590e+03 8.440366e+03 8.409743e+03 8.408966e+03
6.5 8.419046e+03 8.417815e+03 8.387078e+03 8.388309e+03
7.5 8.425229e+03 8.421980e+03 8.392207e+03 8.395456e+03
8.5 8.423618e+03 8.428033e+03 8.420100e+03 8.415685e+03
9.5 8.450126e+03 8.441683e+03 8.438372e+03 8.446814e+03
10.5 8.470121e+03 8.439118e+03 8.425970e+03 8.456974e+03
11.5 8.456388e+03 8.417906e+03 8.413664e+03 8.452146e+03
12.5 8.417312e+03 8.403349e+03 8.415804e+03 8.429767e+03
13.5 8.383609e+03 8.395109e+03 8.421063e+03 8.409563e+03
14.5 8.408736e+03 8.415623e+03 8.434250e+03 8.427363e+03
15.5 8.470112e+03 8.430585e+03 8.460604e+03 8.500132e+03
16.5 8.381233e+03 8.436398e+03 8.468591e+03 8.413426e+03
17.5 8.364350e+03 8.424431e+03 8.443906e+03 8.383825e+03
0.0 8.433013e+03 8.424953e+03 8.451975e+03 8.460035e+03
1.0 8.417353e+03 8.420341e+03 8.460035e+03 8.457046e+03
2.0 8.415729e+03 8.432271e+03 8.455921e+03 8.439379e+03
3.0 8.435460e+03 8.441527e+03 8.440517e+03 8.434450e+03
4.0 8.439590e+03 8.440366e+03 8.409743e+03 8.408966e+03
5.0 8.419046e+03 8.417815e+03 8.387078e+03 8.388309e+03
6.0 8.425229e+03 8.421980e+03 8.392207e+03 8.395456e+03
7.0 8.423618e+03 8.428033e+03 8.420100e+03 8.415685e+03
8.0 8.450126e+03 8.441683e+03 8.438372e+03 8.446814e+03
9.0 8.470121e+03 8.439118e+03 8.425970e+03 8.456974e+03
10.0 8.456388e+03 8.417906e+03 8.413664e+03 8.452146e+03
11.0 8.417312e+03 8.403349e+03 8.415804e+03 8.429767e+03
12.0 8.383609e+03 8.395109e+03 8.421063e+03 8.409563e+03
13.0 8.408736e+03 8.415623e+03 8.434250e+03 8.427363e+03
14.0 8.470112e+03 8.430585e+03 8.460604e+03 8.500132e+03
15.0 8.381233e+03 8.436398e+03 8.468591e+03 8.413426e+03
16.0 8.364350e+03 8.424431e+03 8.443906e+03 8.383825e+03
17.0 8.520683e+03 8.434421e+03 8.419208e+03 8.505471e+03
0.1 8.417353e+03 8.420341e+03 8.460035e+03 8.457046e+03
1.1 8.415729e+03 8.432271e+03 8.455921e+03 8.439379e+03
2.1 8.435460e+03 8.441527e+03 8.440517e+03 8.434450e+03
3.1 8.439590e+03 8.440366e+03 8.409743e+03 8.408966e+03
4.1 8.419046e+03 8.417815e+03 8.387078e+03 8.388309e+03
5.1 8.425229e+03 8.421980e+03 8.392207e+03 8.395456e+03
6.1 8.423618e+03 8.428033e+03 8.420100e+03 8.415685e+03
7.1 8.450126e+03 8.441683e+03 8.438372e+03 8.446814e+03
8.1 8.470121e+03 8.439118e+03 8.425970e+03 8.456974e+03
9.1 8.456388e+03 8.417906e+03 8.413664e+03 8.452146e+03
10.1 8.417312e+03 8.403349e+03 8.415804e+03 8.429767e+03
11.1 8.383609e+03 8.395109e+03 8.421063e+03 8.409563e+03
12.1 8.408736e+03 8.415623e+03 8.434250e+03 8.427363e+03
13.1 8.470112e+03 8.430585e+03 8.460604e+03 8.500132e+03
14.1 8.381233e+03 8.436398e+03 8.468591e+03 8.413426e+03
15.1 8.364350e+03 8.424431e+03 8.443906e+03 8.383825e+03
16.1 8.520683e+03 8.434421e+03 8.419208e+03 8.505471e+03
17.1 8.540953e+03 8.457089e+03 8.400588e+03 8.484452e+03
0.1 8.415729e+03 8.432271e+03 8.455921e+03 8.439379e+03
1.1 8.435460e+03 8.441527e+03 8.440517e+03 8.434450e+03
2.1 8.439590e+03 8.440366e+03 8.409743e+03 8.408966e+03
3.1 8.419046e+03 8.417815e+03 8.387078e+03 8.388309e+03
4.1 8.425229e+03 8.421980e+03 8.392207e+03 8.395456e+03
5.1 8.423618e+03 8.428033e+03 8.420100e+03 8.415685e+03
6.1 8.450126e+03 8.441683e+03 8.438372e+03 8.446814e+03
7.1 8.470121e+03 8.439118e+03 8.425970e+03 8.456974e+03
8.1 8.456388e+03 8.417906e+03 8.413664e+03 8.452146e+03
9.1 8.417312e+03 8.403349e+03 8.415804e+03 8.429767e+03
10.1 8.383609e+03 8.395109e+03 8.421063e+03 8.409563e+03
11.1 8.408736e+03 8.415623e+03 8.434250e+03 8.427363e+03
12.1 8.470112e+03 8.430585e+03 8.460604e+03 8.500132e+03
13.1 8.381233e+03 8.436398e+03 8.468591e+03 8.413426e+03
14.1 8.364350e+03 8.424431e+03 8.443906e+03 8.383825e+03
15.1 8.520683e+03 8.434421e+03 8.419208e+03 8.505471e+03
16.1 8.540953e+03 8.457089e+03 8.400588e+03 8.484452e+03
17.1 8.479239e+03 8.478531e+03 8.389950e+03 8.390658e+03
0.8 8.423618e+03 8.428033e+03 8.420100e+03 8.415685e+03
1.8 8.450126e+03 8.441683e+03 8.438372e+03 8.446814e+03
2.8 8.470121e+03 8.439118e+03 8.425970e+03 8.456974e+03
3.8 8.456388e+03 8.417906e+03 8.413664e+03 8.452146e+03
4.8 8.417312e+03 8.403349e+03 8.415804e+03 8.429767e+03
5.8 8.383609e+03 8.395109e+03 8.421063e+03 8.409563e+03
6.8 8.408736e+03 8.415623e+03 8.434250e+03 8.427363e+03
7.8 8.470112e+03 8.430585e+03 8.460604e+03 8.500132e+03
8.8 8.381233e+03 8.436398e+03 8.468591e+03 8.413426e+03
9.8 8.364350e+03 8.424431e+03 8.443906e+03 8.383825e+03
10.8 8.520683e+03 8.434421e+03 8.419208e+03 8.505471e+03
11.8 8.540953e+03 8.457089e+03 8.400588e+03 8.484452e+03
12.8 8.479239e+03 8.478531e+03 8.389950e+03 8.390658e+03
13.8 8.429106e+03 8.446412e+03 8.397990e+03 8.380685e+03
14.8 8.399097e+03 8.385402e+03 8.411674e+03 8.425369e+03
15.8 8.381994e+03 8.371022e+03 8.421267e+03 8.432239e+03
16.8 8.393237e+03 8.386795e+03 8.426126e+03 8.432568e+03
17.8 8.385175e+03 8.395217e+03 8.427849e+03 8.417806e+03
0.5 8.408736e+03 8.415623e+03 8.434250e+03 8.427363e+03
1.5 8.470112e+03 8.430585e+03 8.460604e+03 8.500132e+03
2.5 8.381233e+03 8.436398e+03 8.468591e+03 8.413426e+03
3.5 8.364350e+03 8.424431e+03 8.443906e+03 8.383825e+03
4.5 8.520683e+03 8.434421e+03 8.419208e+03 8.505471e+03
5.5 8.540953e+03 8.457089e+03 8.400588e+03 8.484452e+03
6.5 8.479239e+03 8.478531e+03 8.389950e+03 8.390658e+03
7.5 8.429106e+03 8.446412e+03 8.397990e+03 8.380685e+03
8.5 8.399097e+03 8.385402e+03 8.411674e+03 8.425369e+03
9.5 8.381994e+03 8.371022e+03 8.421267e+03 8.432239e+03
10.5 8.393237e+03 8.386795e+03 8.426126e+03 8.432568e+03
11.5 8.385175e+03 8.395217e+03 8.427849e+03 8.417806e+03
12.5 8.386973e+03 8.416634e+03 8.427812e+03 8.398151e+03
13.5 8.410800e+03 8.437645e+03 8.427031e+03 8.400186e+03
14.5 8.444562e+03 8.439775e+03 8.426152e+03 8.430939e+03
15.5 8.438722e+03 8.424689e+03 8.425458e+03 8.439492e+03
16.5 8.381901e+03 8.423118e+03 8.424995e+03 8.383778e+03
17.5 8.387335e+03 8.416728e+03 8.424712e+03 8.395318e+03
0.7 8.470112e+03 8.430585e+03 8.460604e+03 8.500132e+03
1.7 8.381233e+03 8.436398e+03 8.468591e+03 8.413426e+03
2.7 8.364350e+03 8.424431e+03 8.443906e+03 8.383825e+03
3.7 8.520683e+03 8.434421e+03 8.419208e+03 8.505471e+03
4.7 8.540953e+03 8.457089e+03 8.400588e+03 8.484452e+03
5.7 8.479239e+03 8.478531e+03 8.389950e+03 8.390658e+03
6.7 8.429106e+03 8.446412e+03 8.397990e+03 8.380685e+03
7.7 8.399097e+03 8.385402e+03 8.411674e+03 8.425369e+03
8.7 8.381994e+03 8.371022e+03 8.421267e+03 8.432239e+03
9.7 8.393237e+03 8.386795e+03 8.426126e+03 8.432568e+03
10.7 8.385175e+03 8.395217e+03 8.427849e+03 8.417806e+03
11.7 8.386973e+03 8.416634e+03 8.427812e+03 8.398151e+03
12.7 8.410800e+03 8.437645e+03 8.427031e+03 8.400186e+03
13.7 8.444562e+03 8.439775e+03 8.426152e+03 8.430939e+03
14.7 8.438722e+03 8.424689e+03 8.425458e+03 8.439492e+03
15.7 8.381901e+03 8.423118e+03 8.424995e+03 8.383778e+03
16.7 8.387335e+03 8.416728e+03 8.424712e+03 8.395318e+03
17.7 8.414124e+03 8.400384e+03 8.424535e+03 8.438275e+03
0.7 8.381233e+03 8.436398e+03 8.468591e+03 8.413426e+03
1.7 8.364350e+03 8.424431e+03 8.443906e+03 8.383825e+03
2.7 8.520683e+03 8.434421e+03 8.419208e+03 8.505471e+03
3.7 8.540953e+03 8.457089e+03 8.400588e+03 8.484452e+03
4.7 8.479239e+03 8.478531e+03 8.389950e+03 8.390658e+03
5.7 8.429106e+03 8.446412e+03 8.397990e+03 8.380685e+03
6.7 8.399097e+03 8.385402e+03 8.411674e+03 8.425369e+03
7.7 8.381994e+03 8.371022e+03 8.421267e+03 8.432239e+03
8.7 8.393237e+03 8.386795e+03 8.426126e+03 8.432568e+03
9.7 8.385175e+03 8.395217e+03 8.427849e+03 8.417806e+03
10.7 8.386973e+03 8.416634e+03 8.427812e+03 8.398151e+03
11.7 8.410800e+03 8.437645e+03 8.427031e+03 8.400186e+03
12.7 8.444562e+03 8.439775e+03 8.426152e+03 8.430939e+03
13.7 8.438722e+03 8.424689e+03 8.425458e+03 8.439492e+03
14.7 8.381901e+03 8.423118e+03 8.424995e+03 8.383778e+03
15.7 8.387335e+03 8.416728e+03 8.424712e+03 8.395318e+03
16.7 8.414124e+03 8.400384e+03 8.424535e+03 8.438275e+03
17.7 8.428749e+03 8.399441e+03 8.424406e+03 8.453713e+03
0.4 8.364350e+03 8.424431e+03 8.443906e+03 8.383825e+03
1.4 8.520683e+03 8.434421e+03 8.419208e+03 8.505471e+03
2.4 8.540953e+03 8.457089e+03 8.400588e+03 8.484452e+03
3.4 8.479239e+03 8.478531e+03 8.389950e+03 8.390658e+03
4.4 8.429106e+03 8.446412e+03 8.397990e+03 8.380685e+03
5.4 8.399097e+03 8.385402e+03 8.411674e+03 8.425369e+03
6.4 8.381994e+03 8.371022e+03 8.421267e+03 8.432239e+03
7.4 8.393237e+03 8.386795e+03 8.426126e+03 8.432568e+03
8.4 8.385175e+03 8.395217e+03 8.427849e+03 8.417806e+03
9.4 8.386973e+03 8.416634e+03 8.427812e+03 8.398151e+03
10.4 8.410800e+03 8.437645e+03 8.427031e+03 8.400186e+03
11.4 8.444562e+03 8.439775e+03 8.426152e+03 8.430939e+03
12.4 8.438722e+03 8.424689e+03 8.425458e+03 8.439492e+03
13.4 8.381901e+03 8.423118e+03 8.424995e+03 8.383778e+03
14.4 8.387335e+03 8.416728e+03 8.424712e+03 8.395318e+03
15.4 8.414124e+03 8.400384e+03 8.424535e+03 8.438275e+03
16.4 8.428749e+03 8.399441e+03 8.424406e+03 8.453713e+03
17.4 8.411669e+03 8.420853e+03 8.424308e+03 8.415124e+03
0.2 8.448746e+03 8.416386e+03 8.428081e+03 8.460441e+03
1.2 8.435213e+03 8.433261e+03 8.443467e+03 8.445419e+03
2.2 8.396507e+03 8.424467e+03 8.452060e+03 8.424099e+03
3.2 8.363758e+03 8.403971e+03 8.448796e+03 8.408583e+03
4.2 8.376022e+03 8.403118e+03 8.435495e+03 8.408399e+03
5.2 8.400185e+03 8.403764e+03 8.424894e+03 8.421315e+03
6.2 8.406182e+03 8.434766e+03 8.429046e+03 8.400462e+03
7.2 8.408275e+03 8.462657e+03 8.411815e+03 8.357432e+03
8.2 8.392777e+03 8.423814e+03 8.389106e+03 8.358069e+03
9.2 8.415838e+03 8.416901e+03 8.402148e+03 8.401085e+03
10.2 8.477774e+03 8.447685e+03 8.430500e+03 8.460590e+03
11.2 8.465861e+03 8.462133e+03 8.444583e+03 8.448310e+03
12.2 8.428019e+03 8.452942e+03 8.445651e+03 8.420728e+03
13.2 8.417777e+03 8.449192e+03 8.429121e+03 8.397706e+03
14.2 8.437208e+03 8.428809e+03 8.403388e+03 8.411787e+03
15.2 8.464983e+03 8.420730e+03 8.396687e+03 8.440940e+03
16.2 8.471608e+03 8.434056e+03 8.420083e+03 8.457634e+03
17.2 8.439436e+03 8.455681e+03 8.455490e+03 8.439245e+03
0.6 8.396507e+03 8.424467e+03 8.452060e+03 8.424099e+03
1.6 8.363758e+03 8.403971e+03 8.448796e+03 8.408583e+03
2.6 8.376022e+03 8.403118e+03 8.435495e+03 8.408399e+03
3.6 8.400185e+03 8.403764e+03 8.424894e+03 8.421315e+03
4.6 8.406182e+03 8.434766e+03 8.429046e+03 8.400462e+03
5.6 8.408275e+03 8.462657e+03 8.411815e+03 8.357432e+03
6.6 8.392777e+03 8.423814e+03 8.389106e+03 8.358069e+03
7.6 8.415838e+03 8.416901e+03 8.402148e+03 8.401085e+03
8.6 8.477774e+03 8.447685e+03 8.430500e+03 8.460590e+03
9.6 8.465861e+03 8.462133e+03 8.444583e+03 8.448310e+03
10.6 8.428019e+03 8.452942e+03 8.445651e+03 8.420728e+03
11.6 8.417777e+03 8.449192e+03 8.429121e+03 8.397706e+03
12.6 8.437208e+03 8.428809e+03 8.403388e+03 8.411787e+03
13.6 8.464983e+03 8.420730e+03 8.396687e+03 8.440940e+03
14.6 8.471608e+03 8.434056e+03 8.420083e+03 8.457634e+03
15.6 8.439436e+03 8.455681e+03 8.455490e+03 8.439245e+03
16.6 8.435259e+03 8.468045e+03 8.460486e+03 8.427700e+03
17.6 8.454036e+03 8.441368e+03 8.431118e+03 8.443786e+03
0.7 8.363758e+03 8.403971e+03 8.448796e+03 8.408583e+03
1.7 8.376022e+03 8.403118e+03 8.435495e+03 8.408399e+03
2.7 8.400185e+03 8.403764e+03 8.424894e+03 8.421315e+03
3.7 8.406182e+03 8.434766e+03 8.429046e+03 8.400462e+03
4.7 8.408275e+03 8.462657e+03 8.411815e+03 8.357432e+03
5.7 8.392777e+03 8.423814e+03 8.389106e+03 8.358069e+03
6.7 8.415838e+03 8.416901e+03 8.402148e+03 8.401085e+03
7.7 8.477774e+03 8.447685e+03 8.430500e+03 8.460590e+03
8.7 8.465861e+03 8.462133e+03 8.444583e+03 8.448310e+03
9.7 8.428019e+03 8.452942e+03 8.445651e+03 8.420728e+03
10.7 8.417777e+03 8.449192e+03 8.429121e+03 8.397706e+03
11.7 8.437208e+03 8.428809e+03 8.403388e+03 8.411787e+03
12.7 8.464983e+03 8.420730e+03 8.396687e+03 8.440940e+03
13.7 8.471608e+03 8.434056e+03 8.420083e+03 8.457634e+03
14.7 8.439436e+03 8.455681e+03 8.455490e+03 8.439245e+03
15.7 8.435259e+03 8.468045e+03 8.460486e+03 8.427700e+03
16.7 8.454036e+03 8.441368e+03 8.431118e+03 8.443786e+03
17.7 8.431037e+03 8.406045e+03 8.400238e+03 8.425230e+03
1.0 8.400185e+03 8.403764e+03 8.424894e+03 8.421315e+03
2.0 8.406182e+03 8.434766e+03 8.429046e+03 8.400462e+03
3.0 8.408275e+03 8.462657e+03 8.411815e+03 8.357432e+03
4.0 8.392777e+03 8.423814e+03 8.389106e+03 8.358069e+03
5.0 8.415838e+03 8.416901e+03 8.402148e+03 8.401085e+03
6.0 8.477774e+03 8.447685e+03 8.430500e+03 8.460590e+03
7.0 8.465861e+03 8.462133e+03 8.444583e+03 8.448310e+03
8.0 8.428019e+03 8.452942e+03 8.445651e+03 8.420728e+03
9.0 8.417777e+03 8.449192e+03 8.429121e+03 8.397706e+03
10.0 8.437208e+03 8.428809e+03 8.403388e+03 8.411787e+03
11.0 8.464983e+03 8.420730e+03 8.396687e+03 8.440940e+03
12.0 8.471608e+03 8.434056e+03 8.420083e+03 8.457634e+03
13.0 8.439436e+03 8.455681e+03 8.455490e+03 8.439245e+03
14.0 8.435259e+03 8.468045e+03 8.460486e+03 8.427700e+03
15.0 8.454036e+03 8.441368e+03 8.431118e+03 8.443786e+03
16.0 8.431037e+03 8.406045e+03 8.400238e+03 8.425230e+03
17.0 8.401012e+03 8.400452e+03 8.391217e+03 8.391777e+03
18.0 8.411906e+03 8.419512e+03 8.401841e+03 8.394235e+03
0.2 8.400185e+03 8.403764e+03 8.424894e+03 8.421315e+03
1.2 8.406182e+03 8.434766e+03 8.429046e+03 8.400462e+03
2.2 8.408275e+03 8.462657e+03 8.411815e+03 8.357432e+03
3.2 8.392777e+03 8.423814e+03 8.389106e+03 8.358069e+03
4.2 8.415838e+03 8.416901e+03 8.402148e+03 8.401085e+03
5.2 8.477774e+03 8.447685e+03 8.430500e+03 8.460590e+03
6.2 8.465861e+03 8.462133e+03 8.444583e+03 8.448310e+03
7.2 8.428019e+03 8.452942e+03 8.445651e+03 8.420728e+03
8.2 8.417777e+03 8.449192e+03 8.429121e+03 8.397706e+03
9.2 8.437208e+03 8.428809e+03 8.403388e+03 8.411787e+03
10.2 8.464983e+03 8.420730e+03 8.396687e+03 8.440940e+03
11.2 8.471608e+03 8.434056e+03 8.420083e+03 8.457634e+03
12.2 8.439436e+03 8.455681e+03 8.455490e+03 8.439245e+03
13.2 8.435259e+03 8.468045e+03 8.460486e+03 8.427700e+03
14.2 8.454036e+03 8.441368e+03 8.431118e+03 8.443786e+03
15.2 8.431037e+03 8.406045e+03 8.400238e+03 8.425230e+03
16.2 8.401012e+03 8.400452e+03 8.391217e+03 8.391777e+03
17.2 8.411906e+03 8.419512e+03 8.401841e+03 8.394235e+03
0.5 8.415838e+03 8.416901e+03 8.402148e+03 8.401085e+03
1.5 8.477774e+03 8.447685e+03 8.430500e+03 8.460590e+03
2.5 8.465861e+03 8.462133e+03 8.444583e+03 8.448310e+03
3.5 8.428019e+03 8.452942e+03 8.445651e+03 8.420728e+03
4.5 8.417777e+03 8.449192e+03 8.429121e+03 8.397706e+03
5.5 8.437208e+03 8.428809e+03 8.403388e+03 8.411787e+03
6.5 8.464983e+03 8.420730e+03 8.396687e+03 8.440940e+03
7.5 8.471608e+03 8.434056e+03 8.420083e+03 8.457634e+03
8.5 8.439436e+03 8.455681e+03 8.455490e+03 8.439245e+03
9.5 8.435259e+03 8.468045e+03 8.460486e+03 8.427700e+03
10.5 8.454036e+03 8.441368e+03 8.431118e+03 8.443786e+03
11.5 8.431037e+03 8.406045e+03 8.400238e+03 8.425230e+03
12.5 8.401012e+03 8.400452e+03 8.391217e+03 8.391777e+03
13.5 8.411906e+03 8.419512e+03 8.401841e+03 8.394235e+03
14.5 8.434215e+03 8.417188e+03 8.414203e+03 8.431230e+03
15.5 8.461883e+03 8.407946e+03 8.422178e+03 8.476114e+03
16.5 8.482624e+03 8.410464e+03 8.426252e+03 8.498412e+03
17.5 8.469007e+03 8.414856e+03 8.427664e+03 8.481814e+03
1.0 8.465861e+03 8.462133e+03 8.444583e+03 8.448310e+03
2.0 8.428019e+03 8.452942e+03 8.445651e+03 8.420728e+03
3.0 8.417777e+03 8.449192e+03 8.429121e+03 8.397706e+03
4.0 8.437208e+03 8.428809e+03 8.403388e+03 8.411787e+03
5.0 8.464983e+03 8.420730e+03 8.396687e+03 8.440940e+03
6.0 8.471608e+03 8.434056e+03 8.420083e+03 8.457634e+03
7.0 8.439436e+03 8.455681e+03 8.455490e+03 8.439245e+03
8.0 8.435259e+03 8.468045e+03 8.460486e+03 8.427700e+03
9.0 8.454036e+03 8.441368e+03 8.431118e+03 8.443786e+03
10.0 8.431037e+03 8.406045e+03 8.400238e+03 8.425230e+03
11.0 8.401012e+03 8.400452e+03 8.391217e+03 8.391777e+03
12.0 8.411906e+03 8.419512e+03 8.401841e+03 8.394235e+03
13.0 8.434215e+03 8.417188e+03 8.414203e+03 8.431230e+03
14.0 8.461883e+03 8.407946e+03 8.422178e+03 8.476114e+03
15.0 8.482624e+03 8.410464e+03 8.426252e+03 8.498412e+03
16.0 8.469007e+03 8.414856e+03 8.427664e+03 8.481814e+03
17.0 8.444100e+03 8.412124e+03 8.427506e+03 8.459482e+03
18.0 8.412072e+03 8.401234e+03 8.426713e+03 8.437552e+03
0.9 8.428019e+03 8.452942e+03 8.445651e+03 8.420728e+03
1.9 8.417777e+03 8.449192e+03 8.429121e+03 8.397706e+03
2.9 8.437208e+03 8.428809e+03 8.403388e+03 8.411787e+03
3.9 8.464983e+03 8.420730e+03 8.396687e+03 8.440940e+03
4.9 8.471608e+03 8.434056e+03 8.420083e+03 8.457634e+03
5.9 8.439436e+03 8.455681e+03 8.455490e+03 8.439245e+03
6.9 8.435259e+03 8.468045e+03 8.460486e+03 8.427700e+03
7.9 8.454036e+03 8.441368e+03 8.431118e+03 8.443786e+03
8.9 8.431037e+03 8.406045e+03 8.400238e+03 8.425230e+03
9.9 8.401012e+03 8.400452e+03 8.391217e+03 8.391777e+03
10.9 8.411906e+03 8.419512e+03 8.401841e+03 8.394235e+03
11.9 8.434215e+03 8.417188e+03 8.414203e+03 8.431230e+03
12.9 8.461883e+03 8.407946e+03 8.422178e+03 8.476114e+03
13.9 8.482624e+03 8.410464e+03 8.426252e+03 8.498412e+03
14.9 8.469007e+03 8.414856e+03 8.427664e+03 8.481814e+03
15.9 8.444100e+03 8.412124e+03 8.427506e+03 8.459482e+03
16.9 8.412072e+03 8.401234e+03 8.426713e+03 8.437552e+03
17.9 8.398235e+03 8.420984e+03 8.425887e+03 8.403138e+03
0.7 8.471608e+03 8.434056e+03 8.420083e+03 8.457634e+03
1.7 8.439436e+03 8.455681e+03 8.455490e+03 8.439245e+03
2.7 8.435259e+03 8.468045e+03 8.460486e+03 8.427700e+03
3.7 8.454036e+03 8.441368e+03 8.431118e+03 8.443786e+03
4.7 8.431037e+03 8.406045e+03 8.400238e+03 8.425230e+03
5.7 8.401012e+03 8.400452e+03 8.391217e+03 8.391777e+03
6.7 8.411906e+03 8.419512e+03 8.401841e+03 8.394235e+03
7.7 8.434215e+03 8.417188e+03 8.414203e+03 8.431230e+03
8.7 8.461883e+03 8.407946e+03 8.422178e+03 8.476114e+03
9.7 8.482624e+03 8.410464e+03 8.426252e+03 8.498412e+03
10.7 8.469007e+03 8.414856e+03 8.427664e+03 8.481814e+03
11.7 8.444100e+03 8.412124e+03 8.427506e+03 8.459482e+03
12.7 8.412072e+03 8.401234e+03 8.426713e+03 8.437552e+03
13.7 8.398235e+03 8.420984e+03 8.425887e+03 8.403138e+03
14.7 8.403895e+03 8.419160e+03 8.425271e+03 8.410006e+03
15.7 8.411106e+03 8.413998e+03 8.424882e+03 8.421990e+03
16.7 8.427022e+03 8.412675e+03 8.427592e+03 8.441939e+03
17.7 8.421660e+03 8.428409e+03 8.441677e+03 8.434928e+03
1.0 8.439436e+03 8.455681e+03 8.455490e+03 8.439245e+03
2.0 8.435259e+03 8.468045e+03 8.460486e+03 8.427700e+03
3.0 8.454036e+03 8.441368e+03 8.431118e+03 8.443786e+03
4.0 8.431037e+03 8.406045e+03 8.400238e+03 8.425230e+03
5.0 8.401012e+03 8.400452e+03 8.391217e+03 8.391777e+03
6.0 8.411906e+03 8.419512e+03 8.401841e+03 8.394235e+03
7.0 8.434215e+03 8.417188e+03 8.414203e+03 8.431230e+03
8.0 8.461883e+03 8.407946e+03 8.422178e+03 8.476114e+03
9.0 8.482624e+03 8.410464e+03 8.426252e+03 8.498412e+03
10.0 8.469007e+03 8.414856e+03 8.427664e+03 8.481814e+03
11.0 8.444100e+03 8.412124e+03 8.427506e+03 8.459482e+03
12.0 8.412072e+03 8.401234e+03 8.426713e+03 8.437552e+03
13.0 8.398235e+03 8.420984e+03 8.425887e+03 8.403138e+03
14.0 8.403895e+03 8.419160e+03 8.425271e+03 8.410006e+03
15.0 8.411106e+03 8.413998e+03 8.424882e+03 8.421990e+03
16.0 8.427022e+03 8.412675e+03 8.427592e+03 8.441939e+03
17.0 8.421660e+03 8.428409e+03 8.441677e+03 8.434928e+03
18.0 8.412679e+03 8.447910e+03 8.441233e+03 8.406002e+03
0.7 8.435259e+03 8.468045e+03 8.460486e+03 8.427700e+03
1.7 8.454036e+03 8.441368e+03 8.431118e+03 8.443786e+03
2.7 8.431037e+03 8.406045e+03 8.400238e+03 8.425230e+03
3.7 8.401012e+03 8.400452e+03 8.391217e+03 8.391777e+03
4.7 8.411906e+03 8.419512e+03 8.401841e+03 8.394235e+03
5.7 8.434215e+03 8.417188e+03 8.414203e+03 8.431230e+03
6.7 8.461883e+03 8.407946e+03 8.422178e+03 8.476114e+03
7.7 8.482624e+03 8.410464e+03 8.426252e+03 8.498412e+03
8.7 8.469007e+03 8.414856e+03 8.427664e+03 8.481814e+03
9.7 8.444100e+03 8.412124e+03 8.427506e+03 8.459482e+03
10.7 8.412072e+03 8.401234e+03 8.426713e+03 8.437552e+03
11.7 8.398235e+03 8.420984e+03 8.425887e+03 8.403138e+03
12.7 8.403895e+03 8.419160e+03 8.425271e+03 8.410006e+03
13.7 8.411106e+03 8.413998e+03 8.424882e+03 8.421990e+03
14.7 8.427022e+03 8.412675e+03 8.427592e+03 8.441939e+03
15.7 8.421660e+03 8.428409e+03 8.441677e+03 8.434928e+03
16.7 8.412679e+03 8.447910e+03 8.441233e+03 8.406002e+03
17.7 8.394930e+03 8.439215e+03 8.419045e+03 8.374760e+03
0.1 8.427022e+03 8.412675e+03 8.427592e+03 8.441939e+03
1.1 8.421660e+03 8.428409e+03 8.441677e+03 8.434928e+03
2.1 8.412679e+03 8.447910e+03 8.441233e+03 8.406002e+03
3.1 8.394930e+03 8.439215e+03 8.419045e+03 8.374760e+03
4.1 8.390137e+03 8.416155e+03 8.409182e+03 8.383165e+03
5.1 8.391201e+03 8.405647e+03 8.415796e+03 8.401351e+03
6.1 8.386592e+03 8.420451e+03 8.436740e+03 8.402881e+03
7.1 8.373854e+03 8.412195e+03 8.452608e+03 8.414267e+03
8.1 8.366269e+03 8.387732e+03 8.452642e+03 8.431179e+03
9.1 8.387296e+03 8.401543e+03 8.449077e+03 8.434830e+03
10.1 8.451161e+03 8.442686e+03 8.439295e+03 8.447770e+03
11.1 8.451942e+03 8.455323e+03 8.413007e+03 8.409626e+03
12.1 8.409399e+03 8.433597e+03 8.385367e+03 8.361169e+03
13.1 8.425673e+03 8.433222e+03 8.384587e+03 8.377037e+03
14.1 8.435900e+03 8.451005e+03 8.412433e+03 8.397328e+03
15.1 8.432440e+03 8.464578e+03 8.449989e+03 8.417850e+03
16.1 8.425946e+03 8.458113e+03 8.463893e+03 8.431726e+03
17.1 8.445728e+03 8.451130e+03 8.453731e+03 8.448330e+03
0.1 8.391201e+03 8.405647e+03 8.415796e+03 8.401351e+03
1.1 8.386592e+03 8.420451e+03 8.436740e+03 8.402881e+03
2.1 8.373854e+03 8.412195e+03 8.452608e+03 8.414267e+03
3.1 8.366269e+03 8.387732e+03 8.452642e+03 8.431179e+03
4.1 8.387296e+03 8.401543e+03 8.449077e+03 8.434830e+03
5.1 8.451161e+03 8.442686e+03 8.439295e+03 8.447770e+03
6.1 8.451942e+03 8.455323e+03 8.413007e+03 8.409626e+03
7.1 8.409399e+03 8.433597e+03 8.385367e+03 8.361169e+03
8.1 8.425673e+03 8.433222e+03 8.384587e+03 8.377037e+03
9.1 8.435900e+03 8.451005e+03 8.412433e+03 8.397328e+03
10.1 8.432440e+03 8.464578e+03 8.449989e+03 8.417850e+03
11.1 8.425946e+03 8.458113e+03 8.463893e+03 8.431726e+03
12.1 8.445728e+03 8.451130e+03 8.453731e+03 8.448330e+03
13.1 8.456103e+03 8.456248e+03 8.423190e+03 8.423045e+03
14.1 8.403439e+03 8.422580e+03 8.389726e+03 8.370585e+03
15.1 8.410910e+03 8.402604e+03 8.395234e+03 8.403540e+03
16.1 8.479063e+03 8.447476e+03 8.424116e+03 8.455703e+03
17.1 8.499254e+03 8.458300e+03 8.440138e+03 8.481092e+03
0.7 8.373854e+03 8.412195e+03 8.452608e+03 8.414267e+03
1.7 8.366269e+03 8.387732e+03 8.452642e+03 8.431179e+03
2.7 8.387296e+03 8.401543e+03 8.449077e+03 8.434830e+03
3.7 8.451161e+03 8.442686e+03 8.439295e+03 8.447770e+03
4.7 8.451942e+03 8.455323e+03 8.413007e+03 8.409626e+03
5.7 8.409399e+03 8.433597e+03 8.385367e+03 8.361169e+03
6.7 8.425673e+03 8.433222e+03 8.384587e+03 8.377037e+03
7.7 8.435900e+03 8.451005e+03 8.412433e+03 8.397328e+03
8.7 8.432440e+03 8.464578e+03 8.449989e+03 8.417850e+03
9.7 8.425946e+03 8.458113e+03 8.463893e+03 8.431726e+03
10.7 8.445728e+03 8.451130e+03 8.453731e+03 8.448330e+03
11.7 8.456103e+03 8.456248e+03 8.423190e+03 8.423045e+03
12.7 8.403439e+03 8.422580e+03 8.389726e+03 8.370585e+03
13.7 8.410910e+03 8.402604e+03 8.395234e+03 8.403540e+03
14.7 8.479063e+03 8.447476e+03 8.424116e+03 8.455703e+03
15.7 8.499254e+03 8.458300e+03 8.440138e+03 8.481092e+03
16.7 8.474273e+03 8.454708e+03 8.431481e+03 8.451046e+03
17.7 8.465041e+03 8.432122e+03 8.411852e+03 8.444771e+03
0.7 8.366269e+03 8.387732e+03 8.452642e+03 8.431179e+03
1.7 8.387296e+03 8.401543e+03 8.449077e+03 8.434830e+03
2.7 8.451161e+03 8.442686e+03 8.439295e+03 8.447770e+03
3.7 8.451942e+03 8.455323e+03 8.413007e+03 8.409626e+03
4.7 8.409399e+03 8.433597e+03 8.385367e+03 8.361169e+03
5.7 8.425673e+03 8.433222e+03 8.384587e+03 8.377037e+03
6.7 8.435900e+03 8.451005e+03 8.412433e+03 8.397328e+03
7.7 8.432440e+03 8.464578e+03 8.449989e+03 8.417850e+03
8.7 8.425946e+03 8.458113e+03 8.463893e+03 8.431726e+03
9.7 8.445728e+03 8.451130e+03 8.453731e+03 8.448330e+03
10.7 8.456103e+03 8.456248e+03 8.423190e+03 8.423045e+03
11.7 8.403439e+03 8.422580e+03 8.389726e+03 8.370585e+03
12.7 8.410910e+03 8.402604e+03 8.395234e+03 8.403540e+03
13.7 8.479063e+03 8.447476e+03 8.424116e+03 8.455703e+03
14.7 8.499254e+03 8.458300e+03 8.440138e+03 8.481092e+03
15.7 8.474273e+03 8.454708e+03 8.431481e+03 8.451046e+03
16.7 8.465041e+03 8.432122e+03 8.411852e+03 8.444771e+03
17.7 8.452911e+03 8.424789e+03 8.405667e+03 8.433789e+03
0.8 8.387296e+03 8.401543e+03 8.449077e+03 8.434830e+03
1.8 8.451161e+03 8.442686e+03 8.439295e+03 8.447770e+03
2.8 8.451942e+03 8.455323e+03 8.413007e+03 8.409626e+03
3.8 8.409399e+03 8.433597e+03 8.385367e+03 8.361169e+03
4.8 8.425673e+03 8.433222e+03 8.384587e+03 8.377037e+03
5.8 8.435900e+03 8.451005e+03 8.412433e+03 8.397328e+03
6.8 8.432440e+03 8.464578e+03 8.449989e+03 8.417850e+03
7.8 8.425946e+03 8.458113e+03 8.463893e+03 8.431726e+03
8.8 8.445728e+03 8.451130e+03 8.453731e+03 8.448330e+03
9.8 8.456103e+03 8.456248e+03 8.423190e+03 8.423045e+03
10.8 8.403439e+03 8.422580e+03 8.389726e+03 8.370585e+03
11.8 8.410910e+03 8.402604e+03 8.395234e+03 8.403540e+03
12.8 8.479063e+03 8.447476e+03 8.424116e+03 8.455703e+03
13.8 8.499254e+03 8.458300e+03 8.440138e+03 8.481092e+03
14.8 8.474273e+03 8.454708e+03 8.431481e+03 8.451046e+03
15.8 8.465041e+03 8.432122e+03 8.411852e+03 8.444771e+03
16.8 8.452911e+03 8.424789e+03 8.405667e+03 8.433789e+03
17.8 8.429127e+03 8.424853e+03 8.412789e+03 8.417063e+03
0.9 8.451161e+03 8.442686e+03 8.439295e+03 8.447770e+03
1.9 8.451942e+03 8.455323e+03 8.413007e+03 8.409626e+03
2.9 8.409399e+03 8.433597e+03 8.385367e+03 8.361169e+03
3.9 8.425673e+03 8.433222e+03 8.384587e+03 8.377037e+03
4.9 8.435900e+03 8.451005e+03 8.412433e+03 8.397328e+03
5.9 8.432440e+03 8.464578e+03 8.449989e+03 8.417850e+03
6.9 8.425946e+03 8.458113e+03 8.463893e+03 8.431726e+03
7.9 8.445728e+03 8.451130e+03 8.453731e+03 8.448330e+03
8.9 8.456103e+03 8.456248e+03 8.423190e+03 8.423045e+03
9.9 8.403439e+03 8.422580e+03 8.389726e+03 8.370585e+03
10.9 8.410910e+03 8.402604e+03 8.395234e+03 8.403540e+03
11.9 8.479063e+03 8.447476e+03 8.424116e+03 8.455703e+03
12.9 8.499254e+03 8.458300e+03 8.440138e+03 8.481092e+03
13.9 8.474273e+03 8.454708e+03 8.431481e+03 8.451046e+03
14.9 8.465041e+03 8.432122e+03 8.411852e+03 8.444771e+03
15.9 8.452911e+03 8.424789e+03 8.405667e+03 8.433789e+03
16.9 8.429127e+03 8.424853e+03 8.412789e+03 8.417063e+03
17.9 8.428794e+03 8.423700e+03 8.420435e+03 8.425529e+03
0.6 8.435900e+03 8.451005e+03 8.412433e+03 8.397328e+03
1.6 8.432440e+03 8.464578e+03 8.449989e+03 8.417850e+03
2.6 8.425946e+03 8.458113e+03 8.463893e+03 8.431726e+03
3.6 8.445728e+03 8.451130e+03 8.453731e+03 8.448330e+03
4.6 8.456103e+03 8.456248e+03 8.423190e+03 8.423045e+03
5.6 8.403439e+03 8.422580e+03 8.389726e+03 8.370585e+03
6.6 8.410910e+03 8.402604e+03 8.395234e+03 8.403540e+03
7.6 8.479063e+03 8.447476e+03 8.424116e+03 8.455703e+03
8.6 8.499254e+03 8.458300e+03 8.440138e+03 8.481092e+03
9.6 8.474273e+03 8.454708e+03 8.431481e+03 8.451046e+03
10.6 8.465041e+03 8.432122e+03 8.411852e+03 8.444771e+03
11.6 8.452911e+03 8.424789e+03 8.405667e+03 8.433789e+03
12.6 8.429127e+03 8.424853e+03 8.412789e+03 8.417063e+03
13.6 8.428794e+03 8.423700e+03 8.420435e+03 8.425529e+03
14.6 8.441519e+03 8.413510e+03 8.425068e+03 8.453077e+03
15.6 8.412355e+03 8.408880e+03 8.427350e+03 8.430826e+03
16.6 8.385043e+03 8.415934e+03 8.428084e+03 8.397193e+03
17.6 8.286535e+03 8.426727e+03 8.427889e+03 8.287697e+03
0.7 8.432440e+03 8.464578e+03 8.449989e+03 8.417850e+03
1.7 8.425946e+03 8.458113e+03 8.463893e+03 8.431726e+03
2.7 8.445728e+03 8.451130e+03 8.453731e+03 8.448330e+03
3.7 8.456103e+03 8.456248e+03 8.423190e+03 8.423045e+03
4.7 8.403439e+03 8.422580e+03 8.389726e+03 8.370585e+03
5.7 8.410910e+03 8.402604e+03 8.395234e+03 8.403540e+03
6.7 8.479063e+03 8.447476e+03 8.424116e+03 8.455703e+03
7.7 8.499254e+03 8.458300e+03 8.440138e+03 8.481092e+03
8.7 8.474273e+03 8.454708e+03 8.431481e+03 8.451046e+03
9.7 8.465041e+03 8.432122e+03 8.411852e+03 8.444771e+03
10.7 8.452911e+03 8.424789e+03 8.405667e+03 8.433789e+03
11.7 8.429127e+03 8.424853e+03 8.412789e+03 8.417063e+03
12.7 8.428794e+03 8.423700e+03 8.420435e+03 8.425529e+03
13.7 8.441519e+03 8.413510e+03 8.425068e+03 8.453077e+03
14.7 8.412355e+03 8.408880e+03 8.427350e+03 8.430826e+03
15.7 8.385043e+03 8.415934e+03 8.428084e+03 8.397193e+03
16.7 8.286535e+03 8.426727e+03 8.427889e+03 8.287697e+03
17.7 8.432863e+03 8.432776e+03 8.427315e+03 8.427402e+03
0.6 8.425946e+03 8.458113e+03 8.463893e+03 8.431726e+03
1.6 8.445728e+03 8.451130e+03 8.453731e+03 8.448330e+03
2.6 8.456103e+03 8.456248e+03 8.423190e+03 8.423045e+03
3.6 8.403439e+03 8.422580e+03 8.389726e+03 8.370585e+03
4.6 8.410910e+03 8.402604e+03 8.395234e+03 8.403540e+03
5.6 8.479063e+03 8.447476e+03 8.424116e+03 8.455703e+03
6.6 8.499254e+03 8.458300e+03 8.440138e+03 8.481092e+03
7.6 8.474273e+03 8.454708e+03 8.431481e+03 8.451046e+03
8.6 8.465041e+03 8.432122e+03 8.411852e+03 8.444771e+03
9.6 8.452911e+03 8.424789e+03 8.405667e+03 8.433789e+03
10.6 8.429127e+03 8.424853e+03 8.412789e+03 8.417063e+03
11.6 8.428794e+03 8.423700e+03 8.420435e+03 8.425529e+03
12.6 8.441519e+03 8.413510e+03 8.425068e+03 8.453077e+03
13.6 8.412355e+03 8.408880e+03 8.427350e+03 8.430826e+03
14.6 8.385043e+03 8.415934e+03 8.428084e+03 8.397193e+03
15.6 8.286535e+03 8.426727e+03 8.427889e+03 8.287697e+03
16.6 8.432863e+03 8.432776e+03 8.427315e+03 8.427402e+03
17.6 8.585446e+03 8.427788e+03 8.426729e+03 8.584386e+03
1.0 8.445728e+03 8.451130e+03 8.453731e+03 8.448330e+03
2.0 8.456103e+03 8.456248e+03 8.423190e+03 8.423045e+03
3.0 8.403439e+03 8.422580e+03 8.389726e+03 8.370585e+03
4.0 8.410910e+03 8.402604e+03 8.395234e+03 8.403540e+03
5.0 8.479063e+03 8.447476e+03 8.424116e+03 8.455703e+03
6.0 8.499254e+03 8.458300e+03 8.440138e+03 8.481092e+03
7.0 8.474273e+03 8.454708e+03 8.431481e+03 8.451046e+03
8.0 8.465041e+03 8.432122e+03 8.411852e+03 8.444771e+03
9.0 8.452911e+03 8.424789e+03 8.405667e+03 8.433789e+03
10.0 8.429127e+03 8.424853e+03 8.412789e+03 8.417063e+03
11.0 8.428794e+03 8.423700e+03 8.420435e+03 8.425529e+03
12.0 8.441519e+03 8.413510e+03 8.425068e+03 8.453077e+03
13.0 8.412355e+03 8.408880e+03 8.427350e+03 8.430826e+03
14.0 8.385043e+03 8.415934e+03 8.428084e+03 8.397193e+03
15.0 8.286535e+03 8.426727e+03 8.427889e+03 8.287697e+03
16.0 8.432863e+03 8.432776e+03 8.427315e+03 8.427402e+03
17.0 8.585446e+03 8.427788e+03 8.426729e+03 8.584386e+03
18.0 8.583681e+03 8.426039e+03 8.426279e+03 8.583921e+03
0.5 8.410910e+03 8.402604e+03 8.395234e+03 8.403540e+03
1.5 8.479063e+03 8.447476e+03 8.424116e+03 8.455703e+03
2.5 8.499254e+03 8.458300e+03 8.440138e+03 8.481092e+03
3.5 8.474273e+03 8.454708e+03 8.431481e+03 8.451046e+03
4.5 8.465041e+03 8.432122e+03 8.411852e+03 8.444771e+03
5.5 8.452911e+03 8.424789e+03 8.405667e+03 8.433789e+03
6.5 8.429127e+03 8.424853e+03 8.412789e+03 8.417063e+03
7.5 8.428794e+03 8.423700e+03 8.420435e+03 8.425529e+03
8.5 8.441519e+03 8.413510e+03 8.425068e+03 8.453077e+03
9.5 8.412355e+03 8.408880e+03 8.427350e+03 8.430826e+03
10.5 8.385043e+03 8.415934e+03 8.428084e+03 8.397193e+03
11.5 8.286535e+03 8.426727e+03 8.427889e+03 8.287697e+03
12.5 8.432863e+03 8.432776e+03 8.427315e+03 8.427402e+03
13.5 8.585446e+03 8.427788e+03 8.426729e+03 8.584386e+03
14.5 8.583681e+03 8.426039e+03 8.426279e+03 8.583921e+03
15.5 8.486375e+03 8.396959e+03 8.425973e+03 8.515389e+03
16.5 8.396713e+03 8.392273e+03 8.425765e+03 8.430205e+03
17.5 8.375823e+03 8.406270e+03 8.425615e+03 8.395167e+03
1.0 8.499254e+03 8.458300e+03 8.440138e+03 8.481092e+03
2.0 8.474273e+03 8.454708e+03 8.431481e+03 8.451046e+03
3.0 8.465041e+03 8.432122e+03 8.411852e+03 8.444771e+03
4.0 8.452911e+03 8.424789e+03 8.405667e+03 8.433789e+03
5.0 8.429127e+03 8.424853e+03 8.412789e+03 8.417063e+03
6.0 8.428794e+03 8.423700e+03 8.420435e+03 8.425529e+03
7.0 8.441519e+03 8.413510e+03 8.425068e+03 8.453077e+03
8.0 8.412355e+03 8.408880e+03 8.427350e+03 8.430826e+03
9.0 8.385043e+03 8.415934e+03 8.428084e+03 8.397193e+03
10.0 8.286535e+03 8.426727e+03 8.427889e+03 8.287697e+03
11.0 8.432863e+03 8.432776e+03 8.427315e+03 8.427402e+03
12.0 8.585446e+03 8.427788e+03 8.426729e+03 8.584386e+03
13.0 8.583681e+03 8.426039e+03 8.426279e+03 8.583921e+03
14.0 8.486375e+03 8.396959e+03 8.425973e+03 8.515389e+03
15.0 8.396713e+03 8.392273e+03 8.425765e+03 8.430205e+03
16.0 8.375823e+03 8.406270e+03 8.425615e+03 8.395167e+03
17.0 8.402488e+03 8.425491e+03 8.425492e+03 8.402490e+03
18.0 8.418147e+03 8.414719e+03 8.425390e+03 8.428818e+03
0.1 8.393775e+03 8.420316e+03 8.427571e+03 8.401031e+03
1.1 8.416249e+03 8.428449e+03 8.441846e+03 8.429645e+03
2.1 8.421429e+03 8.437003e+03 8.451220e+03 8.435646e+03
3.1 8.431612e+03 8.446246e+03 8.444725e+03 8.430091e+03
4.1 8.448596e+03 8.446913e+03 8.436879e+03 8.438561e+03
5.1 8.449531e+03 8.443075e+03 8.418990e+03 8.425445e+03
6.1 8.452319e+03 8.440280e+03 8.398365e+03 8.410404e+03
7.1 8.461471e+03 8.436041e+03 8.397178e+03 8.422608e+03
8.1 8.437755e+03 8.426244e+03 8.408450e+03 8.419961e+03
9.1 8.395572e+03 8.409340e+03 8.418472e+03 8.404703e+03
10.1 8.412459e+03 8.407824e+03 8.424321e+03 8.428956e+03
11.1 8.464907e+03 8.407697e+03 8.427072e+03 8.484282e+03
12.1 8.450823e+03 8.400989e+03 8.427881e+03 8.477715e+03
13.1 8.425995e+03 8.406264e+03 8.427658e+03 8.447389e+03
14.1 8.406458e+03 8.416095e+03 8.427094e+03 8.417457e+03
15.1 8.395303e+03 8.429686e+03 8.426583e+03 8.392201e+03
16.1 8.407211e+03 8.434950e+03 8.426252e+03 8.398513e+03
17.1 8.420619e+03 8.431884e+03 8.426081e+03 8.414816e+03
0.5 8.421429e+03 8.437003e+03 8.451220e+03 8.435646e+03
1.5 8.431612e+03 8.446246e+03 8.444725e+03 8.430091e+03
2.5 8.448596e+03 8.446913e+03 8.436879e+03 8.438561e+03
3.5 8.449531e+03 8.443075e+03 8.418990e+03 8.425445e+03
4.5 8.452319e+03 8.440280e+03 8.398365e+03 8.410404e+03
5.5 8.461471e+03 8.436041e+03 8.397178e+03 8.422608e+03
6.5 8.437755e+03 8.426244e+03 8.408450e+03 8.419961e+03
7.5 8.395572e+03 8.409340e+03 8.418472e+03 8.404703e+03
8.5 8.412459e+03 8.407824e+03 8.424321e+03 8.428956e+03
9.5 8.464907e+03 8.407697e+03 8.427072e+03 8.484282e+03
10.5 8.450823e+03 8.400989e+03 8.427881e+03 8.477715e+03
11.5 8.425995e+03 8.406264e+03 8.427658e+03 8.447389e+03
12.5 8.406458e+03 8.416095e+03 8.427094e+03 8.417457e+03
13.5 8.395303e+03 8.429686e+03 8.426583e+03 8.392201e+03
14.5 8.407211e+03 8.434950e+03 8.426252e+03 8.398513e+03
15.5 8.420619e+03 8.431884e+03 8.426081e+03 8.414816e+03
16.5 8.428548e+03 8.424213e+03 8.426010e+03 8.430345e+03
17.5 8.429633e+03 8.427652e+03 8.425987e+03 8.427968e+03
0.1 8.431612e+03 8.446246e+03 8.444725e+03 8.430091e+03
1.1 8.448596e+03 8.446913e+03 8.436879e+03 8.438561e+03
2.1 8.449531e+03 8.443075e+03 8.418990e+03 8.425445e+03
3.1 8.452319e+03 8.440280e+03 8.398365e+03 8.410404e+03
4.1 8.461471e+03 8.436041e+03 8.397178e+03 8.422608e+03
5.1 8.437755e+03 8.426244e+03 8.408450e+03 8.419961e+03
6.1 8.395572e+03 8.409340e+03 8.418472e+03 8.404703e+03
7.1 8.412459e+03 8.407824e+03 8.424321e+03 8.428956e+03
8.1 8.464907e+03 8.407697e+03 8.427072e+03 8.484282e+03
9.1 8.450823e+03 8.400989e+03 8.427881e+03 8.477715e+03
10.1 8.425995e+03 8.406264e+03 8.427658e+03 8.447389e+03
11.1 8.406458e+03 8.416095e+03 8.427094e+03 8.417457e+03
12.1 8.395303e+03 8.429686e+03 8.426583e+03 8.392201e+03
13.1 8.407211e+03 8.434950e+03 8.426252e+03 8.398513e+03
14.1 8.420619e+03 8.431884e+03 8.426081e+03 8.414816e+03
15.1 8.428548e+03 8.424213e+03 8.426010e+03 8.430345e+03
16.1 8.429633e+03 8.427652e+03 8.425987e+03 8.427968e+03
17.1 8.412970e+03 8.434020e+03 8.425982e+03 8.404932e+03
