0.9 9.961341e+03 9.904861e+03 9.982319e+03 1.003880e+04
1.9 9.899819e+03 9.936652e+03 9.978928e+03 9.942095e+03
2.9 1.009933e+04 1.006644e+04 9.978939e+03 1.001183e+04
3.9 1.015146e+04 1.007617e+04 9.982888e+03 1.005818e+04
4.9 9.916615e+03 1.003413e+04 9.983949e+03 9.866431e+03
5.9 1.000159e+04 1.002778e+04 9.983307e+03 9.957120e+03
6.9 9.889339e+03 1.002667e+04 9.982647e+03 9.845312e+03
7.9 9.959915e+03 1.000693e+04 9.982230e+03 9.935211e+03
8.9 1.001156e+04 9.982183e+03 9.981983e+03 1.001136e+04
9.9 9.982857e+03 9.977288e+03 9.981869e+03 9.987439e+03
10.9 9.878278e+03 9.942932e+03 9.981854e+03 9.917200e+03
11.9 9.915729e+03 9.933590e+03 9.981888e+03 9.964027e+03
12.9 1.006894e+04 9.946449e+03 9.981931e+03 1.010442e+04
13.9 9.999663e+03 9.954917e+03 9.981966e+03 1.002671e+04
14.9 9.978531e+03 9.951161e+03 9.981991e+03 1.000936e+04
15.9 1.002190e+04 9.989754e+03 9.982007e+03 1.001415e+04
16.9 1.009925e+04 9.988930e+03 9.982020e+03 1.009234e+04
17.9 1.014705e+04 9.920154e+03 9.982029e+03 1.020892e+04
0.1 1.010400e+04 1.005848e+04 9.981799e+03 1.002732e+04
1.1 9.903638e+03 1.002590e+04 9.973288e+03 9.851022e+03
2.1 1.001573e+04 9.979779e+03 9.969644e+03 1.000559e+04
3.1 9.914271e+03 1.005451e+04 9.982445e+03 9.842208e+03
4.1 1.001882e+04 1.007601e+04 9.991141e+03 9.933949e+03
5.1 9.951580e+03 1.002327e+04 9.989684e+03 9.917991e+03
6.1 1.002850e+04 1.002090e+04 9.986186e+03 9.993789e+03
7.1 9.941799e+03 1.002823e+04 9.983743e+03 9.897312e+03
8.1 1.006062e+04 1.001681e+04 9.982309e+03 1.002612e+04
9.1 1.008759e+04 9.983691e+03 9.981595e+03 1.008550e+04
10.1 9.979390e+03 9.988874e+03 9.981402e+03 9.971918e+03
11.1 9.898996e+03 9.958755e+03 9.981493e+03 9.921734e+03
12.1 9.863963e+03 9.928415e+03 9.981665e+03 9.917212e+03
13.1 9.879156e+03 9.925369e+03 9.981810e+03 9.935597e+03
14.1 9.773316e+03 9.858503e+03 9.981903e+03 9.896717e+03
15.1 9.776686e+03 9.868490e+03 9.981953e+03 9.890149e+03
16.1 9.877335e+03 9.908857e+03 9.981978e+03 9.950457e+03
17.1 9.783202e+03 9.886077e+03 9.981990e+03 9.879115e+03
1.0 1.004708e+04 1.001232e+04 9.974718e+03 1.000949e+04
2.0 9.988189e+03 9.925271e+03 9.969123e+03 1.003204e+04
3.0 9.939477e+03 9.975695e+03 9.980140e+03 9.943921e+03
4.0 1.003188e+04 1.002499e+04 9.990653e+03 9.997537e+03
5.0 1.010231e+04 9.971512e+03 9.990176e+03 1.012098e+04
6.0 9.985056e+03 9.911149e+03 9.986645e+03 1.006055e+04
7.0 9.806943e+03 9.908584e+03 9.984022e+03 9.882381e+03
8.0 9.873736e+03 9.991117e+03 9.982459e+03 9.865078e+03
9.0 1.009485e+04 1.002795e+04 9.981648e+03 1.004855e+04
10.0 1.006846e+04 9.981687e+03 9.981386e+03 1.006816e+04
11.0 9.914107e+03 9.913407e+03 9.981443e+03 9.982143e+03
12.0 9.969763e+03 1.006399e+04 9.981608e+03 9.887384e+03
13.0 1.007860e+04 1.012659e+04 9.981758e+03 9.933769e+03
14.0 1.012812e+04 1.003211e+04 9.981852e+03 1.007786e+04
15.0 9.983743e+03 9.986858e+03 9.981900e+03 9.978784e+03
16.0 9.940912e+03 9.965501e+03 9.981923e+03 9.957334e+03
17.0 9.946908e+03 9.924368e+03 9.981934e+03 1.000447e+04
18.0 9.922013e+03 9.920408e+03 9.981937e+03 9.983541e+03
0.6 1.015334e+04 1.001697e+04 9.979470e+03 1.011584e+04
1.6 9.979279e+03 9.917224e+03 9.972291e+03 1.003435e+04
2.6 9.958995e+03 9.945473e+03 9.975374e+03 9.988896e+03
3.6 1.003673e+04 9.995796e+03 9.986655e+03 1.002759e+04
4.6 1.006752e+04 9.995066e+03 9.989308e+03 1.006176e+04
5.6 9.882702e+03 9.962095e+03 9.986777e+03 9.907385e+03
6.6 9.860275e+03 9.964404e+03 9.984280e+03 9.880151e+03
7.6 1.003557e+04 1.006527e+04 9.982722e+03 9.953021e+03
8.6 9.947654e+03 9.998880e+03 9.981850e+03 9.930625e+03
9.6 1.010723e+04 1.005251e+04 9.981480e+03 1.003621e+04
10.6 1.001765e+04 1.001470e+04 9.981446e+03 9.984396e+03
11.6 9.977877e+03 9.959502e+03 9.981562e+03 9.999938e+03
12.6 9.981658e+03 9.928349e+03 9.981699e+03 1.003501e+04
13.6 9.943480e+03 9.941684e+03 9.981801e+03 9.983597e+03
14.6 9.789018e+03 9.983032e+03 9.981862e+03 9.787848e+03
15.6 1.002040e+04 1.003631e+04 9.981898e+03 9.965985e+03
16.6 1.010147e+04 1.005731e+04 9.981921e+03 1.002608e+04
17.6 1.021254e+04 1.000947e+04 9.981936e+03 1.018500e+04
1.0 9.846267e+03 9.957271e+03 9.974567e+03 9.863563e+03
2.0 9.895777e+03 9.972954e+03 9.969264e+03 9.892087e+03
3.0 1.000245e+04 1.003358e+04 9.980616e+03 9.949485e+03
4.0 1.006112e+04 1.010484e+04 9.990831e+03 9.947115e+03
5.0 1.001044e+04 1.007115e+04 9.990168e+03 9.929460e+03
6.0 1.004415e+04 1.002437e+04 9.986630e+03 1.000641e+04
7.0 1.006657e+04 9.962175e+03 9.984030e+03 1.008842e+04
8.0 1.007772e+04 9.898931e+03 9.982482e+03 1.016127e+04
9.0 1.010707e+04 9.975188e+03 9.982012e+03 1.011389e+04
10.0 1.008803e+04 1.000115e+04 9.978173e+03 1.006506e+04
11.0 1.005473e+04 9.974110e+03 9.972279e+03 1.005290e+04
12.0 9.971157e+03 9.998239e+03 9.977448e+03 9.950366e+03
13.0 1.005451e+04 9.986738e+03 9.986826e+03 1.005460e+04
14.0 9.991876e+03 1.001442e+04 9.987955e+03 9.965406e+03
15.0 9.982569e+03 9.968447e+03 9.985598e+03 9.999720e+03
16.0 9.996568e+03 1.000502e+04 9.983577e+03 9.975123e+03
17.0 9.971618e+03 9.966388e+03 9.982324e+03 9.987554e+03
18.0 9.923415e+03 9.952370e+03 9.981619e+03 9.952664e+03
0.8 1.008803e+04 1.000115e+04 9.978173e+03 1.006506e+04
1.8 1.005473e+04 9.974110e+03 9.972279e+03 1.005290e+04
2.8 9.971157e+03 9.998239e+03 9.977448e+03 9.950366e+03
3.8 1.005451e+04 9.986738e+03 9.986826e+03 1.005460e+04
4.8 9.991876e+03 1.001442e+04 9.987955e+03 9.965406e+03
5.8 9.982569e+03 9.968447e+03 9.985598e+03 9.999720e+03
6.8 9.996568e+03 1.000502e+04 9.983577e+03 9.975123e+03
7.8 9.971618e+03 9.966388e+03 9.982324e+03 9.987554e+03
8.8 9.923415e+03 9.952370e+03 9.981619e+03 9.952664e+03
9.8 9.945378e+03 9.969716e+03 9.981321e+03 9.956984e+03
10.8 9.935885e+03 9.930016e+03 9.981342e+03 9.987210e+03
11.8 9.989501e+03 9.953772e+03 9.981869e+03 1.001760e+04
12.8 9.980981e+03 9.929215e+03 9.977502e+03 1.002927e+04
13.8 1.003298e+04 9.971740e+03 9.975897e+03 1.003714e+04
14.8 9.996565e+03 1.001649e+04 9.982193e+03 9.962273e+03
15.8 9.949207e+03 1.002696e+04 9.985163e+03 9.907414e+03
16.8 9.998617e+03 9.983403e+03 9.984210e+03 9.999424e+03
17.8 1.007285e+04 1.000292e+04 9.982787e+03 1.005272e+04
0.5 9.989501e+03 9.953772e+03 9.981869e+03 1.001760e+04
1.5 9.980981e+03 9.929215e+03 9.977502e+03 1.002927e+04
2.5 1.003298e+04 9.971740e+03 9.975897e+03 1.003714e+04
3.5 9.996565e+03 1.001649e+04 9.982193e+03 9.962273e+03
4.5 9.949207e+03 1.002696e+04 9.985163e+03 9.907414e+03
5.5 9.998617e+03 9.983403e+03 9.984210e+03 9.999424e+03
6.5 1.007285e+04 1.000292e+04 9.982787e+03 1.005272e+04
7.5 9.954675e+03 9.981084e+03 9.981826e+03 9.955417e+03
8.5 9.824141e+03 9.984882e+03 9.981235e+03 9.820494e+03
9.5 9.841233e+03 9.938337e+03 9.980916e+03 9.883812e+03
10.5 9.978043e+03 1.000589e+04 9.980737e+03 9.952885e+03
11.5 1.001878e+04 9.981084e+03 9.972556e+03 1.001025e+04
12.5 9.938702e+03 9.986031e+03 9.966771e+03 9.919443e+03
13.5 9.991668e+03 9.982780e+03 9.979011e+03 9.987899e+03
14.5 1.014998e+04 1.004062e+04 9.990474e+03 1.009983e+04
15.5 1.009291e+04 1.004452e+04 9.989918e+03 1.003830e+04
16.5 1.013935e+04 1.002192e+04 9.986034e+03 1.010347e+04
17.5 9.969242e+03 9.980265e+03 9.983162e+03 9.972140e+03
0.9 1.001878e+04 9.981084e+03 9.972556e+03 1.001025e+04
1.9 9.938702e+03 9.986031e+03 9.966771e+03 9.919443e+03
2.9 9.991668e+03 9.982780e+03 9.979011e+03 9.987899e+03
3.9 1.014998e+04 1.004062e+04 9.990474e+03 1.009983e+04
4.9 1.009291e+04 1.004452e+04 9.989918e+03 1.003830e+04
5.9 1.013935e+04 1.002192e+04 9.986034e+03 1.010347e+04
6.9 9.969242e+03 9.980265e+03 9.983162e+03 9.972140e+03
7.9 9.927418e+03 9.930500e+03 9.981478e+03 9.978396e+03
8.9 9.990414e+03 9.954010e+03 9.980647e+03 1.001705e+04
9.9 1.001046e+04 9.953776e+03 9.980445e+03 1.003713e+04
10.9 1.013393e+04 9.978065e+03 9.980608e+03 1.013648e+04
11.9 9.844022e+03 9.984484e+03 9.980898e+03 9.840436e+03
12.9 9.898461e+03 1.000230e+04 9.981180e+03 9.877342e+03
13.9 1.011375e+04 9.982395e+03 9.984450e+03 1.011580e+04
14.9 1.007048e+04 1.003993e+04 1.004210e+04 1.007265e+04
15.9 1.001676e+04 1.009410e+04 1.010527e+04 1.002793e+04
16.9 1.005824e+04 1.003435e+04 1.002458e+04 1.004848e+04
17.9 9.943572e+03 9.940901e+03 9.906402e+03 9.909073e+03
1.0 1.007048e+04 1.003993e+04 1.004210e+04 1.007265e+04
2.0 1.001676e+04 1.009410e+04 1.010527e+04 1.002793e+04
3.0 1.005824e+04 1.003435e+04 1.002458e+04 1.004848e+04
4.0 9.943572e+03 9.940901e+03 9.906402e+03 9.909073e+03
5.0 9.923607e+03 9.936124e+03 9.893612e+03 9.881095e+03
6.0 9.888209e+03 9.939179e+03 9.927702e+03 9.876732e+03
7.0 9.922662e+03 9.939799e+03 9.957196e+03 9.940058e+03
8.0 9.885460e+03 9.982134e+03 9.975278e+03 9.878604e+03
9.0 9.938739e+03 9.997703e+03 9.984986e+03 9.926022e+03
10.0 9.948878e+03 9.985510e+03 9.988632e+03 9.952000e+03
11.0 1.003422e+04 9.983803e+03 9.988540e+03 1.003896e+04
12.0 9.995604e+03 9.956874e+03 9.986973e+03 1.002570e+04
13.0 9.940026e+03 9.929729e+03 9.985373e+03 9.995671e+03
14.0 9.927221e+03 9.926060e+03 9.984268e+03 9.985429e+03
15.0 1.004248e+04 9.924627e+03 9.983648e+03 1.010150e+04
16.0 1.003905e+04 9.934217e+03 9.983344e+03 1.008818e+04
17.0 9.937685e+03 9.950246e+03 9.983204e+03 9.970642e+03
18.0 1.006569e+04 9.950027e+03 9.983135e+03 1.009880e+04
0.5 9.825588e+03 1.006517e+04 9.981661e+03 9.742076e+03
1.5 9.904693e+03 9.979405e+03 9.974824e+03 9.900112e+03
2.5 9.918538e+03 9.913238e+03 9.975199e+03 9.980499e+03
3.5 1.000724e+04 1.002017e+04 9.985398e+03 9.972467e+03
4.5 9.944878e+03 1.004548e+04 9.988904e+03 9.888305e+03
5.5 9.956084e+03 1.004873e+04 9.986333e+03 9.893686e+03
6.5 9.967278e+03 9.974023e+03 9.972685e+03 9.965940e+03
7.5 9.983472e+03 9.973926e+03 9.965714e+03 9.975260e+03
8.5 1.013473e+04 1.003884e+04 9.981910e+03 1.007780e+04
9.5 1.018090e+04 1.007136e+04 9.994429e+03 1.010398e+04
10.5 1.010211e+04 1.009752e+04 9.992720e+03 9.997308e+03
11.5 1.008511e+04 1.004949e+04 9.987817e+03 1.002345e+04
12.5 1.004377e+04 1.003789e+04 9.984365e+03 9.990242e+03
13.5 1.007862e+04 9.979077e+03 9.982365e+03 1.008191e+04
14.5 9.983223e+03 9.945483e+03 9.981388e+03 1.001913e+04
15.5 9.974511e+03 9.997862e+03 9.981101e+03 9.957750e+03
16.5 1.001971e+04 9.988176e+03 9.981183e+03 1.001272e+04
17.5 1.012185e+04 9.994797e+03 9.981394e+03 1.010845e+04
1.0 9.967278e+03 9.974023e+03 9.972685e+03 9.965940e+03
2.0 9.983472e+03 9.973926e+03 9.965714e+03 9.975260e+03
3.0 1.013473e+04 1.003884e+04 9.981910e+03 1.007780e+04
4.0 1.018090e+04 1.007136e+04 9.994429e+03 1.010398e+04
5.0 1.010211e+04 1.009752e+04 9.992720e+03 9.997308e+03
6.0 1.008511e+04 1.004949e+04 9.987817e+03 1.002345e+04
7.0 1.004377e+04 1.003789e+04 9.984365e+03 9.990242e+03
8.0 1.007862e+04 9.979077e+03 9.982365e+03 1.008191e+04
9.0 9.983223e+03 9.945483e+03 9.981388e+03 1.001913e+04
10.0 9.974511e+03 9.997862e+03 9.981101e+03 9.957750e+03
11.0 1.001971e+04 9.988176e+03 9.981183e+03 1.001272e+04
12.0 1.012185e+04 9.994797e+03 9.981394e+03 1.010845e+04
13.0 1.007902e+04 9.969101e+03 9.981592e+03 1.009151e+04
14.0 9.920695e+03 9.907641e+03 9.981730e+03 9.994785e+03
15.0 9.989573e+03 9.942773e+03 9.981814e+03 1.002861e+04
16.0 1.000155e+04 9.954690e+03 9.981863e+03 1.002873e+04
17.0 9.927009e+03 9.909766e+03 9.981896e+03 9.999139e+03
18.0 9.910992e+03 9.931768e+03 9.981920e+03 9.961144e+03
1.0 9.965961e+03 1.001361e+04 9.977922e+03 9.930273e+03
2.0 9.933834e+03 9.969009e+03 9.972718e+03 9.937543e+03
3.0 9.927835e+03 1.001179e+04 9.979356e+03 9.895404e+03
4.0 1.007021e+04 1.006127e+04 9.987717e+03 9.996648e+03
5.0 1.012122e+04 1.008607e+04 9.987948e+03 1.002310e+04
6.0 1.009239e+04 1.004756e+04 9.985483e+03 1.003031e+04
7.0 1.016401e+04 1.000903e+04 9.983562e+03 1.013855e+04
8.0 1.018908e+04 1.004686e+04 9.981321e+03 1.012354e+04
9.0 9.987227e+03 9.970813e+03 9.971527e+03 9.987941e+03
10.0 1.000560e+04 9.947604e+03 9.970384e+03 1.002838e+04
11.0 1.001044e+04 1.002530e+04 9.984405e+03 9.969541e+03
12.0 1.019050e+04 1.006630e+04 9.991011e+03 1.011521e+04
13.0 1.003447e+04 1.006721e+04 9.988795e+03 9.956058e+03
14.0 9.993727e+03 1.000586e+04 9.985479e+03 9.973342e+03
15.0 1.007005e+04 9.978025e+03 9.983275e+03 1.007530e+04
16.0 1.002704e+04 9.992591e+03 9.981997e+03 1.001645e+04
17.0 9.840972e+03 9.966349e+03 9.981392e+03 9.856015e+03
18.0 9.941901e+03 9.957440e+03 9.981262e+03 9.965724e+03
0.3 1.018908e+04 1.004686e+04 9.981321e+03 1.012354e+04
1.3 9.987227e+03 9.970813e+03 9.971527e+03 9.987941e+03
2.3 1.000560e+04 9.947604e+03 9.970384e+03 1.002838e+04
3.3 1.001044e+04 1.002530e+04 9.984405e+03 9.969541e+03
4.3 1.019050e+04 1.006630e+04 9.991011e+03 1.011521e+04
5.3 1.003447e+04 1.006721e+04 9.988795e+03 9.956058e+03
6.3 9.993727e+03 1.000586e+04 9.985479e+03 9.973342e+03
7.3 1.007005e+04 9.978025e+03 9.983275e+03 1.007530e+04
8.3 1.002704e+04 9.992591e+03 9.981997e+03 1.001645e+04
9.3 9.840972e+03 9.966349e+03 9.981392e+03 9.856015e+03
10.3 9.941901e+03 9.957440e+03 9.981262e+03 9.965724e+03
11.3 9.970745e+03 9.976544e+03 9.981378e+03 9.975579e+03
12.3 9.941252e+03 9.968727e+03 9.981551e+03 9.954076e+03
13.3 9.772207e+03 9.964832e+03 9.981690e+03 9.789065e+03
14.3 1.002273e+04 9.950519e+03 9.981778e+03 1.005399e+04
15.3 1.020033e+04 9.953368e+03 9.981827e+03 1.022879e+04
16.3 1.012996e+04 9.939599e+03 9.981853e+03 1.017221e+04
17.3 1.003062e+04 9.952613e+03 9.981869e+03 1.005988e+04
0.4 1.000948e+04 1.000318e+04 9.982769e+03 9.989065e+03
1.4 1.005628e+04 1.001109e+04 9.978638e+03 1.002382e+04
2.4 1.005415e+04 1.002051e+04 9.976084e+03 1.000972e+04
3.4 1.009496e+04 1.007000e+04 9.981967e+03 1.000692e+04
4.4 1.007597e+04 1.005384e+04 9.985680e+03 1.000781e+04
5.4 9.926713e+03 1.001810e+04 9.985033e+03 9.893642e+03
6.4 9.983310e+03 9.960302e+03 9.983630e+03 1.000664e+04
7.4 1.014787e+04 9.961844e+03 9.982668e+03 1.016869e+04
8.4 1.005249e+04 9.960966e+03 9.982093e+03 1.007361e+04
9.4 9.932545e+03 9.946019e+03 9.981795e+03 9.968321e+03
10.4 9.912160e+03 9.931423e+03 9.981705e+03 9.962442e+03
11.4 9.908207e+03 9.968854e+03 9.981731e+03 9.921084e+03
12.4 9.921043e+03 9.964121e+03 9.981793e+03 9.938715e+03
13.4 1.001384e+04 9.987432e+03 9.981844e+03 1.000825e+04
14.4 1.014141e+04 1.002005e+04 9.981876e+03 1.010324e+04
15.4 1.006164e+04 9.998473e+03 9.981890e+03 1.004506e+04
16.4 9.825638e+03 9.968677e+03 9.981894e+03 9.838855e+03
17.4 9.889092e+03 1.000658e+04 9.981894e+03 9.864401e+03
