0.1 8.411124e+03 8.391573e+03 8.422598e+03 8.442149e+03
1.1 8.400138e+03 8.401894e+03 8.413239e+03 8.411483e+03
2.1 8.409890e+03 8.428016e+03 8.407557e+03 8.389431e+03
3.1 8.431980e+03 8.441456e+03 8.414539e+03 8.405062e+03
4.1 8.461904e+03 8.449386e+03 8.425317e+03 8.437835e+03
5.1 8.459595e+03 8.442839e+03 8.432199e+03 8.448955e+03
6.1 8.421682e+03 8.426892e+03 8.434957e+03 8.429747e+03
7.1 8.392216e+03 8.429976e+03 8.434237e+03 8.396477e+03
8.1 8.397838e+03 8.442725e+03 8.430572e+03 8.385685e+03
9.1 8.422618e+03 8.435718e+03 8.429727e+03 8.416627e+03
10.1 8.431564e+03 8.421057e+03 8.429914e+03 8.440421e+03
11.1 8.419867e+03 8.411946e+03 8.429780e+03 8.437700e+03
12.1 8.421588e+03 8.410094e+03 8.429394e+03 8.440888e+03
13.1 8.419025e+03 8.400173e+03 8.428920e+03 8.447773e+03
14.1 8.428580e+03 8.397562e+03 8.428412e+03 8.459430e+03
15.1 8.437568e+03 8.418991e+03 8.427910e+03 8.446487e+03
16.1 8.438221e+03 8.429171e+03 8.427452e+03 8.436501e+03
17.1 8.435998e+03 8.427120e+03 8.427058e+03 8.435936e+03
1.0 8.392216e+03 8.429976e+03 8.434237e+03 8.396477e+03
2.0 8.397838e+03 8.442725e+03 8.430572e+03 8.385685e+03
3.0 8.422618e+03 8.435718e+03 8.429727e+03 8.416627e+03
4.0 8.431564e+03 8.421057e+03 8.429914e+03 8.440421e+03
5.0 8.419867e+03 8.411946e+03 8.429780e+03 8.437700e+03
6.0 8.421588e+03 8.410094e+03 8.429394e+03 8.440888e+03
7.0 8.419025e+03 8.400173e+03 8.428920e+03 8.447773e+03
8.0 8.428580e+03 8.397562e+03 8.428412e+03 8.459430e+03
9.0 8.437568e+03 8.418991e+03 8.427910e+03 8.446487e+03
10.0 8.438221e+03 8.429171e+03 8.427452e+03 8.436501e+03
11.0 8.435998e+03 8.427120e+03 8.427058e+03 8.435936e+03
12.0 8.447010e+03 8.428153e+03 8.426726e+03 8.445584e+03
13.0 8.490434e+03 8.402707e+03 8.426445e+03 8.514171e+03
14.0 8.495690e+03 8.439333e+03 8.426202e+03 8.482560e+03
15.0 8.507299e+03 8.467916e+03 8.425989e+03 8.465371e+03
16.0 8.495457e+03 8.475597e+03 8.425799e+03 8.445659e+03
17.0 8.440262e+03 8.460868e+03 8.425630e+03 8.405024e+03
18.0 8.376650e+03 8.441339e+03 8.425478e+03 8.360790e+03
0.9 8.498787e+03 8.451079e+03 8.424077e+03 8.471785e+03
1.9 8.660552e+03 8.472595e+03 8.422345e+03 8.610301e+03
2.9 8.638737e+03 8.468408e+03 8.424262e+03 8.594591e+03
3.9 8.519968e+03 8.450310e+03 8.427043e+03 8.496701e+03
4.9 8.417950e+03 8.441680e+03 8.429739e+03 8.406008e+03
5.9 8.369917e+03 8.425151e+03 8.429420e+03 8.374187e+03
6.9 8.367528e+03 8.428946e+03 8.427258e+03 8.365839e+03
7.9 8.352063e+03 8.425906e+03 8.425502e+03 8.351660e+03
8.9 8.343944e+03 8.420260e+03 8.424553e+03 8.348237e+03
9.9 8.350268e+03 8.420227e+03 8.424167e+03 8.354209e+03
10.9 8.369803e+03 8.443364e+03 8.424116e+03 8.350554e+03
11.9 8.423667e+03 8.462663e+03 8.424228e+03 8.385231e+03
12.9 8.447321e+03 8.460694e+03 8.424382e+03 8.411009e+03
13.9 8.404232e+03 8.442142e+03 8.424516e+03 8.386606e+03
14.9 8.379699e+03 8.425261e+03 8.424613e+03 8.379050e+03
15.9 8.377397e+03 8.410191e+03 8.424680e+03 8.391886e+03
16.9 8.372213e+03 8.393970e+03 8.424728e+03 8.402972e+03
17.9 8.353935e+03 8.379917e+03 8.424768e+03 8.398787e+03
0.9 8.660552e+03 8.472595e+03 8.422345e+03 8.610301e+03
1.9 8.638737e+03 8.468408e+03 8.424262e+03 8.594591e+03
2.9 8.519968e+03 8.450310e+03 8.427043e+03 8.496701e+03
3.9 8.417950e+03 8.441680e+03 8.429739e+03 8.406008e+03
4.9 8.369917e+03 8.425151e+03 8.429420e+03 8.374187e+03
5.9 8.367528e+03 8.428946e+03 8.427258e+03 8.365839e+03
6.9 8.352063e+03 8.425906e+03 8.425502e+03 8.351660e+03
7.9 8.343944e+03 8.420260e+03 8.424553e+03 8.348237e+03
8.9 8.350268e+03 8.420227e+03 8.424167e+03 8.354209e+03
9.9 8.369803e+03 8.443364e+03 8.424116e+03 8.350554e+03
10.9 8.423667e+03 8.462663e+03 8.424228e+03 8.385231e+03
11.9 8.447321e+03 8.460694e+03 8.424382e+03 8.411009e+03
12.9 8.404232e+03 8.442142e+03 8.424516e+03 8.386606e+03
13.9 8.379699e+03 8.425261e+03 8.424613e+03 8.379050e+03
14.9 8.377397e+03 8.410191e+03 8.424680e+03 8.391886e+03
15.9 8.372213e+03 8.393970e+03 8.424728e+03 8.402972e+03
16.9 8.353935e+03 8.379917e+03 8.424768e+03 8.398787e+03
17.9 8.373181e+03 8.370778e+03 8.424804e+03 8.427207e+03
0.3 8.638737e+03 8.468408e+03 8.424262e+03 8.594591e+03
1.3 8.519968e+03 8.450310e+03 8.427043e+03 8.496701e+03
2.3 8.417950e+03 8.441680e+03 8.429739e+03 8.406008e+03
3.3 8.369917e+03 8.425151e+03 8.429420e+03 8.374187e+03
4.3 8.367528e+03 8.428946e+03 8.427258e+03 8.365839e+03
5.3 8.352063e+03 8.425906e+03 8.425502e+03 8.351660e+03
6.3 8.343944e+03 8.420260e+03 8.424553e+03 8.348237e+03
7.3 8.350268e+03 8.420227e+03 8.424167e+03 8.354209e+03
8.3 8.369803e+03 8.443364e+03 8.424116e+03 8.350554e+03
9.3 8.423667e+03 8.462663e+03 8.424228e+03 8.385231e+03
10.3 8.447321e+03 8.460694e+03 8.424382e+03 8.411009e+03
11.3 8.404232e+03 8.442142e+03 8.424516e+03 8.386606e+03
12.3 8.379699e+03 8.425261e+03 8.424613e+03 8.379050e+03
13.3 8.377397e+03 8.410191e+03 8.424680e+03 8.391886e+03
14.3 8.372213e+03 8.393970e+03 8.424728e+03 8.402972e+03
15.3 8.353935e+03 8.379917e+03 8.424768e+03 8.398787e+03
16.3 8.373181e+03 8.370778e+03 8.424804e+03 8.427207e+03
17.3 8.394020e+03 8.389176e+03 8.424837e+03 8.429681e+03
0.7 8.506407e+03 8.442074e+03 8.424748e+03 8.489082e+03
1.7 8.511141e+03 8.451524e+03 8.424059e+03 8.483677e+03
2.7 8.473213e+03 8.438300e+03 8.426240e+03 8.461152e+03
3.7 8.423920e+03 8.407263e+03 8.429070e+03 8.445728e+03
4.7 8.395567e+03 8.406510e+03 8.429844e+03 8.418901e+03
5.7 8.428571e+03 8.428738e+03 8.429978e+03 8.429810e+03
6.7 8.446460e+03 8.441737e+03 8.424551e+03 8.429274e+03
7.7 8.442359e+03 8.431205e+03 8.419188e+03 8.430341e+03
8.7 8.408197e+03 8.392516e+03 8.419937e+03 8.435618e+03
9.7 8.418631e+03 8.425307e+03 8.421435e+03 8.414759e+03
10.7 8.436041e+03 8.435384e+03 8.417566e+03 8.418223e+03
11.7 8.427170e+03 8.410518e+03 8.417548e+03 8.434199e+03
12.7 8.398901e+03 8.396135e+03 8.423563e+03 8.426329e+03
13.7 8.397079e+03 8.414251e+03 8.430808e+03 8.413636e+03
14.7 8.439603e+03 8.433406e+03 8.432692e+03 8.438888e+03
15.7 8.459195e+03 8.449841e+03 8.429207e+03 8.438561e+03
16.7 8.438980e+03 8.436538e+03 8.423891e+03 8.426332e+03
17.7 8.423623e+03 8.410962e+03 8.422899e+03 8.435559e+03
0.9 8.511141e+03 8.451524e+03 8.424059e+03 8.483677e+03
1.9 8.473213e+03 8.438300e+03 8.426240e+03 8.461152e+03
2.9 8.423920e+03 8.407263e+03 8.429070e+03 8.445728e+03
3.9 8.395567e+03 8.406510e+03 8.429844e+03 8.418901e+03
4.9 8.428571e+03 8.428738e+03 8.429978e+03 8.429810e+03
5.9 8.446460e+03 8.441737e+03 8.424551e+03 8.429274e+03
6.9 8.442359e+03 8.431205e+03 8.419188e+03 8.430341e+03
7.9 8.408197e+03 8.392516e+03 8.419937e+03 8.435618e+03
8.9 8.418631e+03 8.425307e+03 8.421435e+03 8.414759e+03
9.9 8.436041e+03 8.435384e+03 8.417566e+03 8.418223e+03
10.9 8.427170e+03 8.410518e+03 8.417548e+03 8.434199e+03
11.9 8.398901e+03 8.396135e+03 8.423563e+03 8.426329e+03
12.9 8.397079e+03 8.414251e+03 8.430808e+03 8.413636e+03
13.9 8.439603e+03 8.433406e+03 8.432692e+03 8.438888e+03
14.9 8.459195e+03 8.449841e+03 8.429207e+03 8.438561e+03
15.9 8.438980e+03 8.436538e+03 8.423891e+03 8.426332e+03
16.9 8.423623e+03 8.410962e+03 8.422899e+03 8.435559e+03
17.9 8.471479e+03 8.459727e+03 8.421080e+03 8.432833e+03
0.8 8.473213e+03 8.438300e+03 8.426240e+03 8.461152e+03
1.8 8.423920e+03 8.407263e+03 8.429070e+03 8.445728e+03
2.8 8.395567e+03 8.406510e+03 8.429844e+03 8.418901e+03
3.8 8.428571e+03 8.428738e+03 8.429978e+03 8.429810e+03
4.8 8.446460e+03 8.441737e+03 8.424551e+03 8.429274e+03
5.8 8.442359e+03 8.431205e+03 8.419188e+03 8.430341e+03
6.8 8.408197e+03 8.392516e+03 8.419937e+03 8.435618e+03
7.8 8.418631e+03 8.425307e+03 8.421435e+03 8.414759e+03
8.8 8.436041e+03 8.435384e+03 8.417566e+03 8.418223e+03
9.8 8.427170e+03 8.410518e+03 8.417548e+03 8.434199e+03
10.8 8.398901e+03 8.396135e+03 8.423563e+03 8.426329e+03
11.8 8.397079e+03 8.414251e+03 8.430808e+03 8.413636e+03
12.8 8.439603e+03 8.433406e+03 8.432692e+03 8.438888e+03
13.8 8.459195e+03 8.449841e+03 8.429207e+03 8.438561e+03
14.8 8.438980e+03 8.436538e+03 8.423891e+03 8.426332e+03
15.8 8.423623e+03 8.410962e+03 8.422899e+03 8.435559e+03
16.8 8.471479e+03 8.459727e+03 8.421080e+03 8.432833e+03
17.8 8.480354e+03 8.479742e+03 8.418966e+03 8.419577e+03
0.3 8.423920e+03 8.407263e+03 8.429070e+03 8.445728e+03
1.3 8.395567e+03 8.406510e+03 8.429844e+03 8.418901e+03
2.3 8.428571e+03 8.428738e+03 8.429978e+03 8.429810e+03
3.3 8.446460e+03 8.441737e+03 8.424551e+03 8.429274e+03
4.3 8.442359e+03 8.431205e+03 8.419188e+03 8.430341e+03
5.3 8.408197e+03 8.392516e+03 8.419937e+03 8.435618e+03
6.3 8.418631e+03 8.425307e+03 8.421435e+03 8.414759e+03
7.3 8.436041e+03 8.435384e+03 8.417566e+03 8.418223e+03
8.3 8.427170e+03 8.410518e+03 8.417548e+03 8.434199e+03
9.3 8.398901e+03 8.396135e+03 8.423563e+03 8.426329e+03
10.3 8.397079e+03 8.414251e+03 8.430808e+03 8.413636e+03
11.3 8.439603e+03 8.433406e+03 8.432692e+03 8.438888e+03
12.3 8.459195e+03 8.449841e+03 8.429207e+03 8.438561e+03
13.3 8.438980e+03 8.436538e+03 8.423891e+03 8.426332e+03
14.3 8.423623e+03 8.410962e+03 8.422899e+03 8.435559e+03
15.3 8.471479e+03 8.459727e+03 8.421080e+03 8.432833e+03
16.3 8.480354e+03 8.479742e+03 8.418966e+03 8.419577e+03
17.3 8.467061e+03 8.452599e+03 8.420691e+03 8.435153e+03
0.6 8.428571e+03 8.428738e+03 8.429978e+03 8.429810e+03
1.6 8.446460e+03 8.441737e+03 8.424551e+03 8.429274e+03
2.6 8.442359e+03 8.431205e+03 8.419188e+03 8.430341e+03
3.6 8.408197e+03 8.392516e+03 8.419937e+03 8.435618e+03
4.6 8.418631e+03 8.425307e+03 8.421435e+03 8.414759e+03
5.6 8.436041e+03 8.435384e+03 8.417566e+03 8.418223e+03
6.6 8.427170e+03 8.410518e+03 8.417548e+03 8.434199e+03
7.6 8.398901e+03 8.396135e+03 8.423563e+03 8.426329e+03
8.6 8.397079e+03 8.414251e+03 8.430808e+03 8.413636e+03
9.6 8.439603e+03 8.433406e+03 8.432692e+03 8.438888e+03
10.6 8.459195e+03 8.449841e+03 8.429207e+03 8.438561e+03
11.6 8.438980e+03 8.436538e+03 8.423891e+03 8.426332e+03
12.6 8.423623e+03 8.410962e+03 8.422899e+03 8.435559e+03
13.6 8.471479e+03 8.459727e+03 8.421080e+03 8.432833e+03
14.6 8.480354e+03 8.479742e+03 8.418966e+03 8.419577e+03
15.6 8.467061e+03 8.452599e+03 8.420691e+03 8.435153e+03
16.6 8.432058e+03 8.438080e+03 8.424830e+03 8.418808e+03
17.6 8.408166e+03 8.414729e+03 8.427002e+03 8.420439e+03
0.9 8.418631e+03 8.425307e+03 8.421435e+03 8.414759e+03
1.9 8.436041e+03 8.435384e+03 8.417566e+03 8.418223e+03
2.9 8.427170e+03 8.410518e+03 8.417548e+03 8.434199e+03
3.9 8.398901e+03 8.396135e+03 8.423563e+03 8.426329e+03
4.9 8.397079e+03 8.414251e+03 8.430808e+03 8.413636e+03
5.9 8.439603e+03 8.433406e+03 8.432692e+03 8.438888e+03
6.9 8.459195e+03 8.449841e+03 8.429207e+03 8.438561e+03
7.9 8.438980e+03 8.436538e+03 8.423891e+03 8.426332e+03
8.9 8.423623e+03 8.410962e+03 8.422899e+03 8.435559e+03
9.9 8.471479e+03 8.459727e+03 8.421080e+03 8.432833e+03
10.9 8.480354e+03 8.479742e+03 8.418966e+03 8.419577e+03
11.9 8.467061e+03 8.452599e+03 8.420691e+03 8.435153e+03
12.9 8.432058e+03 8.438080e+03 8.424830e+03 8.418808e+03
13.9 8.408166e+03 8.414729e+03 8.427002e+03 8.420439e+03
14.9 8.390097e+03 8.399606e+03 8.428116e+03 8.418607e+03
15.9 8.427158e+03 8.413989e+03 8.427464e+03 8.440633e+03
16.9 8.455426e+03 8.465230e+03 8.426197e+03 8.416393e+03
17.9 8.463389e+03 8.473649e+03 8.427936e+03 8.417675e+03
0.9 8.436041e+03 8.435384e+03 8.417566e+03 8.418223e+03
1.9 8.427170e+03 8.410518e+03 8.417548e+03 8.434199e+03
2.9 8.398901e+03 8.396135e+03 8.423563e+03 8.426329e+03
3.9 8.397079e+03 8.414251e+03 8.430808e+03 8.413636e+03
4.9 8.439603e+03 8.433406e+03 8.432692e+03 8.438888e+03
5.9 8.459195e+03 8.449841e+03 8.429207e+03 8.438561e+03
6.9 8.438980e+03 8.436538e+03 8.423891e+03 8.426332e+03
7.9 8.423623e+03 8.410962e+03 8.422899e+03 8.435559e+03
8.9 8.471479e+03 8.459727e+03 8.421080e+03 8.432833e+03
9.9 8.480354e+03 8.479742e+03 8.418966e+03 8.419577e+03
10.9 8.467061e+03 8.452599e+03 8.420691e+03 8.435153e+03
11.9 8.432058e+03 8.438080e+03 8.424830e+03 8.418808e+03
12.9 8.408166e+03 8.414729e+03 8.427002e+03 8.420439e+03
13.9 8.390097e+03 8.399606e+03 8.428116e+03 8.418607e+03
14.9 8.427158e+03 8.413989e+03 8.427464e+03 8.440633e+03
15.9 8.455426e+03 8.465230e+03 8.426197e+03 8.416393e+03
16.9 8.463389e+03 8.473649e+03 8.427936e+03 8.417675e+03
17.9 8.447766e+03 8.461211e+03 8.429746e+03 8.416301e+03
1.0 8.427170e+03 8.410518e+03 8.417548e+03 8.434199e+03
2.0 8.398901e+03 8.396135e+03 8.423563e+03 8.426329e+03
3.0 8.397079e+03 8.414251e+03 8.430808e+03 8.413636e+03
4.0 8.439603e+03 8.433406e+03 8.432692e+03 8.438888e+03
5.0 8.459195e+03 8.449841e+03 8.429207e+03 8.438561e+03
6.0 8.438980e+03 8.436538e+03 8.423891e+03 8.426332e+03
7.0 8.423623e+03 8.410962e+03 8.422899e+03 8.435559e+03
8.0 8.471479e+03 8.459727e+03 8.421080e+03 8.432833e+03
9.0 8.480354e+03 8.479742e+03 8.418966e+03 8.419577e+03
10.0 8.467061e+03 8.452599e+03 8.420691e+03 8.435153e+03
11.0 8.432058e+03 8.438080e+03 8.424830e+03 8.418808e+03
12.0 8.408166e+03 8.414729e+03 8.427002e+03 8.420439e+03
13.0 8.390097e+03 8.399606e+03 8.428116e+03 8.418607e+03
14.0 8.427158e+03 8.413989e+03 8.427464e+03 8.440633e+03
15.0 8.455426e+03 8.465230e+03 8.426197e+03 8.416393e+03
16.0 8.463389e+03 8.473649e+03 8.427936e+03 8.417675e+03
17.0 8.447766e+03 8.461211e+03 8.429746e+03 8.416301e+03
18.0 8.410122e+03 8.427377e+03 8.430164e+03 8.412909e+03
0.9 8.398901e+03 8.396135e+03 8.423563e+03 8.426329e+03
1.9 8.397079e+03 8.414251e+03 8.430808e+03 8.413636e+03
2.9 8.439603e+03 8.433406e+03 8.432692e+03 8.438888e+03
3.9 8.459195e+03 8.449841e+03 8.429207e+03 8.438561e+03
4.9 8.438980e+03 8.436538e+03 8.423891e+03 8.426332e+03
5.9 8.423623e+03 8.410962e+03 8.422899e+03 8.435559e+03
6.9 8.471479e+03 8.459727e+03 8.421080e+03 8.432833e+03
7.9 8.480354e+03 8.479742e+03 8.418966e+03 8.419577e+03
8.9 8.467061e+03 8.452599e+03 8.420691e+03 8.435153e+03
9.9 8.432058e+03 8.438080e+03 8.424830e+03 8.418808e+03
10.9 8.408166e+03 8.414729e+03 8.427002e+03 8.420439e+03
11.9 8.390097e+03 8.399606e+03 8.428116e+03 8.418607e+03
12.9 8.427158e+03 8.413989e+03 8.427464e+03 8.440633e+03
13.9 8.455426e+03 8.465230e+03 8.426197e+03 8.416393e+03
14.9 8.463389e+03 8.473649e+03 8.427936e+03 8.417675e+03
15.9 8.447766e+03 8.461211e+03 8.429746e+03 8.416301e+03
16.9 8.410122e+03 8.427377e+03 8.430164e+03 8.412909e+03
17.9 8.402326e+03 8.405400e+03 8.428547e+03 8.425472e+03
0.8 8.397079e+03 8.414251e+03 8.430808e+03 8.413636e+03
1.8 8.439603e+03 8.433406e+03 8.432692e+03 8.438888e+03
2.8 8.459195e+03 8.449841e+03 8.429207e+03 8.438561e+03
3.8 8.438980e+03 8.436538e+03 8.423891e+03 8.426332e+03
4.8 8.423623e+03 8.410962e+03 8.422899e+03 8.435559e+03
5.8 8.471479e+03 8.459727e+03 8.421080e+03 8.432833e+03
6.8 8.480354e+03 8.479742e+03 8.418966e+03 8.419577e+03
7.8 8.467061e+03 8.452599e+03 8.420691e+03 8.435153e+03
8.8 8.432058e+03 8.438080e+03 8.424830e+03 8.418808e+03
9.8 8.408166e+03 8.414729e+03 8.427002e+03 8.420439e+03
10.8 8.390097e+03 8.399606e+03 8.428116e+03 8.418607e+03
11.8 8.427158e+03 8.413989e+03 8.427464e+03 8.440633e+03
12.8 8.455426e+03 8.465230e+03 8.426197e+03 8.416393e+03
13.8 8.463389e+03 8.473649e+03 8.427936e+03 8.417675e+03
14.8 8.447766e+03 8.461211e+03 8.429746e+03 8.416301e+03
15.8 8.410122e+03 8.427377e+03 8.430164e+03 8.412909e+03
16.8 8.402326e+03 8.405400e+03 8.428547e+03 8.425472e+03
17.8 8.435299e+03 8.406393e+03 8.426465e+03 8.455371e+03
0.3 8.439603e+03 8.433406e+03 8.432692e+03 8.438888e+03
1.3 8.459195e+03 8.449841e+03 8.429207e+03 8.438561e+03
2.3 8.438980e+03 8.436538e+03 8.423891e+03 8.426332e+03
3.3 8.423623e+03 8.410962e+03 8.422899e+03 8.435559e+03
4.3 8.471479e+03 8.459727e+03 8.421080e+03 8.432833e+03
5.3 8.480354e+03 8.479742e+03 8.418966e+03 8.419577e+03
6.3 8.467061e+03 8.452599e+03 8.420691e+03 8.435153e+03
7.3 8.432058e+03 8.438080e+03 8.424830e+03 8.418808e+03
8.3 8.408166e+03 8.414729e+03 8.427002e+03 8.420439e+03
9.3 8.390097e+03 8.399606e+03 8.428116e+03 8.418607e+03
10.3 8.427158e+03 8.413989e+03 8.427464e+03 8.440633e+03
11.3 8.455426e+03 8.465230e+03 8.426197e+03 8.416393e+03
12.3 8.463389e+03 8.473649e+03 8.427936e+03 8.417675e+03
13.3 8.447766e+03 8.461211e+03 8.429746e+03 8.416301e+03
14.3 8.410122e+03 8.427377e+03 8.430164e+03 8.412909e+03
15.3 8.402326e+03 8.405400e+03 8.428547e+03 8.425472e+03
16.3 8.435299e+03 8.406393e+03 8.426465e+03 8.455371e+03
17.3 8.447558e+03 8.428498e+03 8.424129e+03 8.443189e+03
0.3 8.423623e+03 8.410962e+03 8.422899e+03 8.435559e+03
1.3 8.471479e+03 8.459727e+03 8.421080e+03 8.432833e+03
2.3 8.480354e+03 8.479742e+03 8.418966e+03 8.419577e+03
3.3 8.467061e+03 8.452599e+03 8.420691e+03 8.435153e+03
4.3 8.432058e+03 8.438080e+03 8.424830e+03 8.418808e+03
5.3 8.408166e+03 8.414729e+03 8.427002e+03 8.420439e+03
6.3 8.390097e+03 8.399606e+03 8.428116e+03 8.418607e+03
7.3 8.427158e+03 8.413989e+03 8.427464e+03 8.440633e+03
8.3 8.455426e+03 8.465230e+03 8.426197e+03 8.416393e+03
9.3 8.463389e+03 8.473649e+03 8.427936e+03 8.417675e+03
10.3 8.447766e+03 8.461211e+03 8.429746e+03 8.416301e+03
11.3 8.410122e+03 8.427377e+03 8.430164e+03 8.412909e+03
12.3 8.402326e+03 8.405400e+03 8.428547e+03 8.425472e+03
13.3 8.435299e+03 8.406393e+03 8.426465e+03 8.455371e+03
14.3 8.447558e+03 8.428498e+03 8.424129e+03 8.443189e+03
15.3 8.422442e+03 8.437461e+03 8.422705e+03 8.407686e+03
16.3 8.389336e+03 8.428220e+03 8.423640e+03 8.384756e+03
17.3 8.379005e+03 8.444077e+03 8.425463e+03 8.360391e+03
0.7 8.480354e+03 8.479742e+03 8.418966e+03 8.419577e+03
1.7 8.467061e+03 8.452599e+03 8.420691e+03 8.435153e+03
2.7 8.432058e+03 8.438080e+03 8.424830e+03 8.418808e+03
3.7 8.408166e+03 8.414729e+03 8.427002e+03 8.420439e+03
4.7 8.390097e+03 8.399606e+03 8.428116e+03 8.418607e+03
5.7 8.427158e+03 8.413989e+03 8.427464e+03 8.440633e+03
6.7 8.455426e+03 8.465230e+03 8.426197e+03 8.416393e+03
7.7 8.463389e+03 8.473649e+03 8.427936e+03 8.417675e+03
8.7 8.447766e+03 8.461211e+03 8.429746e+03 8.416301e+03
9.7 8.410122e+03 8.427377e+03 8.430164e+03 8.412909e+03
10.7 8.402326e+03 8.405400e+03 8.428547e+03 8.425472e+03
11.7 8.435299e+03 8.406393e+03 8.426465e+03 8.455371e+03
12.7 8.447558e+03 8.428498e+03 8.424129e+03 8.443189e+03
13.7 8.422442e+03 8.437461e+03 8.422705e+03 8.407686e+03
14.7 8.389336e+03 8.428220e+03 8.423640e+03 8.384756e+03
15.7 8.379005e+03 8.444077e+03 8.425463e+03 8.360391e+03
16.7 8.431816e+03 8.414548e+03 8.423655e+03 8.440923e+03
17.7 8.440095e+03 8.428955e+03 8.419752e+03 8.430893e+03
0.8 8.467061e+03 8.452599e+03 8.420691e+03 8.435153e+03
1.8 8.432058e+03 8.438080e+03 8.424830e+03 8.418808e+03
2.8 8.408166e+03 8.414729e+03 8.427002e+03 8.420439e+03
3.8 8.390097e+03 8.399606e+03 8.428116e+03 8.418607e+03
4.8 8.427158e+03 8.413989e+03 8.427464e+03 8.440633e+03
5.8 8.455426e+03 8.465230e+03 8.426197e+03 8.416393e+03
6.8 8.463389e+03 8.473649e+03 8.427936e+03 8.417675e+03
7.8 8.447766e+03 8.461211e+03 8.429746e+03 8.416301e+03
8.8 8.410122e+03 8.427377e+03 8.430164e+03 8.412909e+03
9.8 8.402326e+03 8.405400e+03 8.428547e+03 8.425472e+03
10.8 8.435299e+03 8.406393e+03 8.426465e+03 8.455371e+03
11.8 8.447558e+03 8.428498e+03 8.424129e+03 8.443189e+03
12.8 8.422442e+03 8.437461e+03 8.422705e+03 8.407686e+03
13.8 8.389336e+03 8.428220e+03 8.423640e+03 8.384756e+03
14.8 8.379005e+03 8.444077e+03 8.425463e+03 8.360391e+03
15.8 8.431816e+03 8.414548e+03 8.423655e+03 8.440923e+03
16.8 8.440095e+03 8.428955e+03 8.419752e+03 8.430893e+03
17.8 8.446637e+03 8.419130e+03 8.420514e+03 8.448021e+03
0.8 8.432058e+03 8.438080e+03 8.424830e+03 8.418808e+03
1.8 8.408166e+03 8.414729e+03 8.427002e+03 8.420439e+03
2.8 8.390097e+03 8.399606e+03 8.428116e+03 8.418607e+03
3.8 8.427158e+03 8.413989e+03 8.427464e+03 8.440633e+03
4.8 8.455426e+03 8.465230e+03 8.426197e+03 8.416393e+03
5.8 8.463389e+03 8.473649e+03 8.427936e+03 8.417675e+03
6.8 8.447766e+03 8.461211e+03 8.429746e+03 8.416301e+03
7.8 8.410122e+03 8.427377e+03 8.430164e+03 8.412909e+03
8.8 8.402326e+03 8.405400e+03 8.428547e+03 8.425472e+03
9.8 8.435299e+03 8.406393e+03 8.426465e+03 8.455371e+03
10.8 8.447558e+03 8.428498e+03 8.424129e+03 8.443189e+03
11.8 8.422442e+03 8.437461e+03 8.422705e+03 8.407686e+03
12.8 8.389336e+03 8.428220e+03 8.423640e+03 8.384756e+03
13.8 8.379005e+03 8.444077e+03 8.425463e+03 8.360391e+03
14.8 8.431816e+03 8.414548e+03 8.423655e+03 8.440923e+03
15.8 8.440095e+03 8.428955e+03 8.419752e+03 8.430893e+03
16.8 8.446637e+03 8.419130e+03 8.420514e+03 8.448021e+03
17.8 8.439657e+03 8.404729e+03 8.422786e+03 8.457714e+03
0.3 8.427158e+03 8.413989e+03 8.427464e+03 8.440633e+03
1.3 8.455426e+03 8.465230e+03 8.426197e+03 8.416393e+03
2.3 8.463389e+03 8.473649e+03 8.427936e+03 8.417675e+03
3.3 8.447766e+03 8.461211e+03 8.429746e+03 8.416301e+03
4.3 8.410122e+03 8.427377e+03 8.430164e+03 8.412909e+03
5.3 8.402326e+03 8.405400e+03 8.428547e+03 8.425472e+03
6.3 8.435299e+03 8.406393e+03 8.426465e+03 8.455371e+03
7.3 8.447558e+03 8.428498e+03 8.424129e+03 8.443189e+03
8.3 8.422442e+03 8.437461e+03 8.422705e+03 8.407686e+03
9.3 8.389336e+03 8.428220e+03 8.423640e+03 8.384756e+03
10.3 8.379005e+03 8.444077e+03 8.425463e+03 8.360391e+03
11.3 8.431816e+03 8.414548e+03 8.423655e+03 8.440923e+03
12.3 8.440095e+03 8.428955e+03 8.419752e+03 8.430893e+03
13.3 8.446637e+03 8.419130e+03 8.420514e+03 8.448021e+03
14.3 8.439657e+03 8.404729e+03 8.422786e+03 8.457714e+03
15.3 8.418365e+03 8.409645e+03 8.424340e+03 8.433060e+03
16.3 8.417800e+03 8.411686e+03 8.425137e+03 8.431251e+03
17.3 8.326669e+03 8.415607e+03 8.425475e+03 8.336536e+03
0.3 8.455426e+03 8.465230e+03 8.426197e+03 8.416393e+03
1.3 8.463389e+03 8.473649e+03 8.427936e+03 8.417675e+03
2.3 8.447766e+03 8.461211e+03 8.429746e+03 8.416301e+03
3.3 8.410122e+03 8.427377e+03 8.430164e+03 8.412909e+03
4.3 8.402326e+03 8.405400e+03 8.428547e+03 8.425472e+03
5.3 8.435299e+03 8.406393e+03 8.426465e+03 8.455371e+03
6.3 8.447558e+03 8.428498e+03 8.424129e+03 8.443189e+03
7.3 8.422442e+03 8.437461e+03 8.422705e+03 8.407686e+03
8.3 8.389336e+03 8.428220e+03 8.423640e+03 8.384756e+03
9.3 8.379005e+03 8.444077e+03 8.425463e+03 8.360391e+03
10.3 8.431816e+03 8.414548e+03 8.423655e+03 8.440923e+03
11.3 8.440095e+03 8.428955e+03 8.419752e+03 8.430893e+03
12.3 8.446637e+03 8.419130e+03 8.420514e+03 8.448021e+03
13.3 8.439657e+03 8.404729e+03 8.422786e+03 8.457714e+03
14.3 8.418365e+03 8.409645e+03 8.424340e+03 8.433060e+03
15.3 8.417800e+03 8.411686e+03 8.425137e+03 8.431251e+03
16.3 8.326669e+03 8.415607e+03 8.425475e+03 8.336536e+03
17.3 8.436767e+03 8.446788e+03 8.425533e+03 8.415512e+03
0.5 8.463389e+03 8.473649e+03 8.427936e+03 8.417675e+03
1.5 8.447766e+03 8.461211e+03 8.429746e+03 8.416301e+03
2.5 8.410122e+03 8.427377e+03 8.430164e+03 8.412909e+03
3.5 8.402326e+03 8.405400e+03 8.428547e+03 8.425472e+03
4.5 8.435299e+03 8.406393e+03 8.426465e+03 8.455371e+03
5.5 8.447558e+03 8.428498e+03 8.424129e+03 8.443189e+03
6.5 8.422442e+03 8.437461e+03 8.422705e+03 8.407686e+03
7.5 8.389336e+03 8.428220e+03 8.423640e+03 8.384756e+03
8.5 8.379005e+03 8.444077e+03 8.425463e+03 8.360391e+03
9.5 8.431816e+03 8.414548e+03 8.423655e+03 8.440923e+03
10.5 8.440095e+03 8.428955e+03 8.419752e+03 8.430893e+03
11.5 8.446637e+03 8.419130e+03 8.420514e+03 8.448021e+03
12.5 8.439657e+03 8.404729e+03 8.422786e+03 8.457714e+03
13.5 8.418365e+03 8.409645e+03 8.424340e+03 8.433060e+03
14.5 8.417800e+03 8.411686e+03 8.425137e+03 8.431251e+03
15.5 8.326669e+03 8.415607e+03 8.425475e+03 8.336536e+03
16.5 8.436767e+03 8.446788e+03 8.425533e+03 8.415512e+03
17.5 8.492135e+03 8.463621e+03 8.425452e+03 8.453965e+03
0.1 8.435299e+03 8.406393e+03 8.426465e+03 8.455371e+03
1.1 8.447558e+03 8.428498e+03 8.424129e+03 8.443189e+03
2.1 8.422442e+03 8.437461e+03 8.422705e+03 8.407686e+03
3.1 8.389336e+03 8.428220e+03 8.423640e+03 8.384756e+03
4.1 8.379005e+03 8.444077e+03 8.425463e+03 8.360391e+03
5.1 8.431816e+03 8.414548e+03 8.423655e+03 8.440923e+03
6.1 8.440095e+03 8.428955e+03 8.419752e+03 8.430893e+03
7.1 8.446637e+03 8.419130e+03 8.420514e+03 8.448021e+03
8.1 8.439657e+03 8.404729e+03 8.422786e+03 8.457714e+03
9.1 8.418365e+03 8.409645e+03 8.424340e+03 8.433060e+03
10.1 8.417800e+03 8.411686e+03 8.425137e+03 8.431251e+03
11.1 8.326669e+03 8.415607e+03 8.425475e+03 8.336536e+03
12.1 8.436767e+03 8.446788e+03 8.425533e+03 8.415512e+03
13.1 8.492135e+03 8.463621e+03 8.425452e+03 8.453965e+03
14.1 8.585898e+03 8.468073e+03 8.425335e+03 8.543160e+03
15.1 8.534474e+03 8.451405e+03 8.425241e+03 8.508311e+03
16.1 8.452180e+03 8.423201e+03 8.425185e+03 8.454164e+03
17.1 8.411182e+03 8.412682e+03 8.425159e+03 8.423659e+03
0.0 8.447558e+03 8.428498e+03 8.424129e+03 8.443189e+03
1.0 8.422442e+03 8.437461e+03 8.422705e+03 8.407686e+03
2.0 8.389336e+03 8.428220e+03 8.423640e+03 8.384756e+03
3.0 8.379005e+03 8.444077e+03 8.425463e+03 8.360391e+03
4.0 8.431816e+03 8.414548e+03 8.423655e+03 8.440923e+03
5.0 8.440095e+03 8.428955e+03 8.419752e+03 8.430893e+03
6.0 8.446637e+03 8.419130e+03 8.420514e+03 8.448021e+03
7.0 8.439657e+03 8.404729e+03 8.422786e+03 8.457714e+03
8.0 8.418365e+03 8.409645e+03 8.424340e+03 8.433060e+03
9.0 8.417800e+03 8.411686e+03 8.425137e+03 8.431251e+03
10.0 8.326669e+03 8.415607e+03 8.425475e+03 8.336536e+03
11.0 8.436767e+03 8.446788e+03 8.425533e+03 8.415512e+03
12.0 8.492135e+03 8.463621e+03 8.425452e+03 8.453965e+03
13.0 8.585898e+03 8.468073e+03 8.425335e+03 8.543160e+03
14.0 8.534474e+03 8.451405e+03 8.425241e+03 8.508311e+03
15.0 8.452180e+03 8.423201e+03 8.425185e+03 8.454164e+03
16.0 8.411182e+03 8.412682e+03 8.425159e+03 8.423659e+03
17.0 8.383818e+03 8.398301e+03 8.425150e+03 8.410666e+03
0.2 8.379005e+03 8.444077e+03 8.425463e+03 8.360391e+03
1.2 8.431816e+03 8.414548e+03 8.423655e+03 8.440923e+03
2.2 8.440095e+03 8.428955e+03 8.419752e+03 8.430893e+03
3.2 8.446637e+03 8.419130e+03 8.420514e+03 8.448021e+03
4.2 8.439657e+03 8.404729e+03 8.422786e+03 8.457714e+03
5.2 8.418365e+03 8.409645e+03 8.424340e+03 8.433060e+03
6.2 8.417800e+03 8.411686e+03 8.425137e+03 8.431251e+03
7.2 8.326669e+03 8.415607e+03 8.425475e+03 8.336536e+03
8.2 8.436767e+03 8.446788e+03 8.425533e+03 8.415512e+03
9.2 8.492135e+03 8.463621e+03 8.425452e+03 8.453965e+03
10.2 8.585898e+03 8.468073e+03 8.425335e+03 8.543160e+03
11.2 8.534474e+03 8.451405e+03 8.425241e+03 8.508311e+03
12.2 8.452180e+03 8.423201e+03 8.425185e+03 8.454164e+03
13.2 8.411182e+03 8.412682e+03 8.425159e+03 8.423659e+03
14.2 8.383818e+03 8.398301e+03 8.425150e+03 8.410666e+03
15.2 8.343345e+03 8.380484e+03 8.425149e+03 8.388010e+03
16.2 8.327125e+03 8.366596e+03 8.425152e+03 8.385681e+03
17.2 8.342718e+03 8.365519e+03 8.425158e+03 8.402357e+03
0.3 8.422032e+03 8.434598e+03 8.425213e+03 8.412647e+03
1.3 8.418846e+03 8.436430e+03 8.424490e+03 8.406905e+03
2.3 8.411037e+03 8.440144e+03 8.425409e+03 8.396303e+03
3.3 8.416620e+03 8.440441e+03 8.425466e+03 8.401644e+03
4.3 8.420994e+03 8.429091e+03 8.425513e+03 8.417416e+03
5.3 8.411409e+03 8.421078e+03 8.424783e+03 8.415114e+03
6.3 8.402503e+03 8.416461e+03 8.425390e+03 8.411432e+03
7.3 8.401925e+03 8.434182e+03 8.425632e+03 8.393375e+03
8.3 8.404743e+03 8.438602e+03 8.425540e+03 8.391681e+03
9.3 8.403770e+03 8.426863e+03 8.425442e+03 8.402350e+03
10.3 8.419987e+03 8.441554e+03 8.423955e+03 8.402388e+03
11.3 8.429669e+03 8.428992e+03 8.422330e+03 8.423007e+03
12.3 8.423007e+03 8.439416e+03 8.421983e+03 8.405573e+03
13.3 8.449164e+03 8.438136e+03 8.422712e+03 8.433739e+03
14.3 8.451329e+03 8.434678e+03 8.425017e+03 8.441668e+03
15.3 8.441406e+03 8.432515e+03 8.426171e+03 8.435062e+03
16.3 8.426488e+03 8.435677e+03 8.426196e+03 8.417007e+03
17.3 8.422424e+03 8.443186e+03 8.425405e+03 8.404643e+03
0.8 8.411037e+03 8.440144e+03 8.425409e+03 8.396303e+03
1.8 8.416620e+03 8.440441e+03 8.425466e+03 8.401644e+03
2.8 8.420994e+03 8.429091e+03 8.425513e+03 8.417416e+03
3.8 8.411409e+03 8.421078e+03 8.424783e+03 8.415114e+03
4.8 8.402503e+03 8.416461e+03 8.425390e+03 8.411432e+03
5.8 8.401925e+03 8.434182e+03 8.425632e+03 8.393375e+03
6.8 8.404743e+03 8.438602e+03 8.425540e+03 8.391681e+03
7.8 8.403770e+03 8.426863e+03 8.425442e+03 8.402350e+03
8.8 8.419987e+03 8.441554e+03 8.423955e+03 8.402388e+03
9.8 8.429669e+03 8.428992e+03 8.422330e+03 8.423007e+03
10.8 8.423007e+03 8.439416e+03 8.421983e+03 8.405573e+03
11.8 8.449164e+03 8.438136e+03 8.422712e+03 8.433739e+03
12.8 8.451329e+03 8.434678e+03 8.425017e+03 8.441668e+03
13.8 8.441406e+03 8.432515e+03 8.426171e+03 8.435062e+03
14.8 8.426488e+03 8.435677e+03 8.426196e+03 8.417007e+03
15.8 8.422424e+03 8.443186e+03 8.425405e+03 8.404643e+03
16.8 8.417927e+03 8.423134e+03 8.426865e+03 8.421657e+03
17.8 8.423660e+03 8.396322e+03 8.425198e+03 8.452536e+03
0.1 8.416620e+03 8.440441e+03 8.425466e+03 8.401644e+03
1.1 8.420994e+03 8.429091e+03 8.425513e+03 8.417416e+03
2.1 8.411409e+03 8.421078e+03 8.424783e+03 8.415114e+03
3.1 8.402503e+03 8.416461e+03 8.425390e+03 8.411432e+03
4.1 8.401925e+03 8.434182e+03 8.425632e+03 8.393375e+03
5.1 8.404743e+03 8.438602e+03 8.425540e+03 8.391681e+03
6.1 8.403770e+03 8.426863e+03 8.425442e+03 8.402350e+03
7.1 8.419987e+03 8.441554e+03 8.423955e+03 8.402388e+03
8.1 8.429669e+03 8.428992e+03 8.422330e+03 8.423007e+03
9.1 8.423007e+03 8.439416e+03 8.421983e+03 8.405573e+03
10.1 8.449164e+03 8.438136e+03 8.422712e+03 8.433739e+03
11.1 8.451329e+03 8.434678e+03 8.425017e+03 8.441668e+03
12.1 8.441406e+03 8.432515e+03 8.426171e+03 8.435062e+03
13.1 8.426488e+03 8.435677e+03 8.426196e+03 8.417007e+03
14.1 8.422424e+03 8.443186e+03 8.425405e+03 8.404643e+03
15.1 8.417927e+03 8.423134e+03 8.426865e+03 8.421657e+03
16.1 8.423660e+03 8.396322e+03 8.425198e+03 8.452536e+03
17.1 8.417455e+03 8.390164e+03 8.421513e+03 8.448804e+03
0.2 8.403770e+03 8.426863e+03 8.425442e+03 8.402350e+03
1.2 8.419987e+03 8.441554e+03 8.423955e+03 8.402388e+03
2.2 8.429669e+03 8.428992e+03 8.422330e+03 8.423007e+03
3.2 8.423007e+03 8.439416e+03 8.421983e+03 8.405573e+03
4.2 8.449164e+03 8.438136e+03 8.422712e+03 8.433739e+03
5.2 8.451329e+03 8.434678e+03 8.425017e+03 8.441668e+03
6.2 8.441406e+03 8.432515e+03 8.426171e+03 8.435062e+03
7.2 8.426488e+03 8.435677e+03 8.426196e+03 8.417007e+03
8.2 8.422424e+03 8.443186e+03 8.425405e+03 8.404643e+03
9.2 8.417927e+03 8.423134e+03 8.426865e+03 8.421657e+03
10.2 8.423660e+03 8.396322e+03 8.425198e+03 8.452536e+03
11.2 8.417455e+03 8.390164e+03 8.421513e+03 8.448804e+03
12.2 8.429375e+03 8.421528e+03 8.422572e+03 8.430418e+03
13.2 8.453076e+03 8.455398e+03 8.425614e+03 8.423292e+03
14.2 8.438936e+03 8.426414e+03 8.428015e+03 8.440537e+03
15.2 8.429386e+03 8.413298e+03 8.427976e+03 8.444064e+03
16.2 8.423028e+03 8.430665e+03 8.427158e+03 8.419520e+03
17.2 8.408691e+03 8.420044e+03 8.426520e+03 8.415167e+03
0.6 8.429669e+03 8.428992e+03 8.422330e+03 8.423007e+03
1.6 8.423007e+03 8.439416e+03 8.421983e+03 8.405573e+03
2.6 8.449164e+03 8.438136e+03 8.422712e+03 8.433739e+03
3.6 8.451329e+03 8.434678e+03 8.425017e+03 8.441668e+03
4.6 8.441406e+03 8.432515e+03 8.426171e+03 8.435062e+03
5.6 8.426488e+03 8.435677e+03 8.426196e+03 8.417007e+03
6.6 8.422424e+03 8.443186e+03 8.425405e+03 8.404643e+03
7.6 8.417927e+03 8.423134e+03 8.426865e+03 8.421657e+03
8.6 8.423660e+03 8.396322e+03 8.425198e+03 8.452536e+03
9.6 8.417455e+03 8.390164e+03 8.421513e+03 8.448804e+03
10.6 8.429375e+03 8.421528e+03 8.422572e+03 8.430418e+03
11.6 8.453076e+03 8.455398e+03 8.425614e+03 8.423292e+03
12.6 8.438936e+03 8.426414e+03 8.428015e+03 8.440537e+03
13.6 8.429386e+03 8.413298e+03 8.427976e+03 8.444064e+03
14.6 8.423028e+03 8.430665e+03 8.427158e+03 8.419520e+03
15.6 8.408691e+03 8.420044e+03 8.426520e+03 8.415167e+03
16.6 8.399275e+03 8.428240e+03 8.426130e+03 8.397165e+03
17.6 8.418048e+03 8.436117e+03 8.425256e+03 8.407187e+03
0.7 8.423007e+03 8.439416e+03 8.421983e+03 8.405573e+03
1.7 8.449164e+03 8.438136e+03 8.422712e+03 8.433739e+03
2.7 8.451329e+03 8.434678e+03 8.425017e+03 8.441668e+03
3.7 8.441406e+03 8.432515e+03 8.426171e+03 8.435062e+03
4.7 8.426488e+03 8.435677e+03 8.426196e+03 8.417007e+03
5.7 8.422424e+03 8.443186e+03 8.425405e+03 8.404643e+03
6.7 8.417927e+03 8.423134e+03 8.426865e+03 8.421657e+03
7.7 8.423660e+03 8.396322e+03 8.425198e+03 8.452536e+03
8.7 8.417455e+03 8.390164e+03 8.421513e+03 8.448804e+03
9.7 8.429375e+03 8.421528e+03 8.422572e+03 8.430418e+03
10.7 8.453076e+03 8.455398e+03 8.425614e+03 8.423292e+03
11.7 8.438936e+03 8.426414e+03 8.428015e+03 8.440537e+03
12.7 8.429386e+03 8.413298e+03 8.427976e+03 8.444064e+03
13.7 8.423028e+03 8.430665e+03 8.427158e+03 8.419520e+03
14.7 8.408691e+03 8.420044e+03 8.426520e+03 8.415167e+03
15.7 8.399275e+03 8.428240e+03 8.426130e+03 8.397165e+03
16.7 8.418048e+03 8.436117e+03 8.425256e+03 8.407187e+03
17.7 8.434856e+03 8.436606e+03 8.427228e+03 8.425479e+03
0.5 8.426488e+03 8.435677e+03 8.426196e+03 8.417007e+03
1.5 8.422424e+03 8.443186e+03 8.425405e+03 8.404643e+03
2.5 8.417927e+03 8.423134e+03 8.426865e+03 8.421657e+03
3.5 8.423660e+03 8.396322e+03 8.425198e+03 8.452536e+03
4.5 8.417455e+03 8.390164e+03 8.421513e+03 8.448804e+03
5.5 8.429375e+03 8.421528e+03 8.422572e+03 8.430418e+03
6.5 8.453076e+03 8.455398e+03 8.425614e+03 8.423292e+03
7.5 8.438936e+03 8.426414e+03 8.428015e+03 8.440537e+03
8.5 8.429386e+03 8.413298e+03 8.427976e+03 8.444064e+03
9.5 8.423028e+03 8.430665e+03 8.427158e+03 8.419520e+03
10.5 8.408691e+03 8.420044e+03 8.426520e+03 8.415167e+03
11.5 8.399275e+03 8.428240e+03 8.426130e+03 8.397165e+03
12.5 8.418048e+03 8.436117e+03 8.425256e+03 8.407187e+03
13.5 8.434856e+03 8.436606e+03 8.427228e+03 8.425479e+03
14.5 8.431305e+03 8.412863e+03 8.432116e+03 8.450558e+03
15.5 8.412273e+03 8.403240e+03 8.434254e+03 8.443286e+03
16.5 8.420175e+03 8.414910e+03 8.431385e+03 8.436651e+03
17.5 8.437481e+03 8.419034e+03 8.420850e+03 8.439298e+03
0.5 8.422424e+03 8.443186e+03 8.425405e+03 8.404643e+03
1.5 8.417927e+03 8.423134e+03 8.426865e+03 8.421657e+03
2.5 8.423660e+03 8.396322e+03 8.425198e+03 8.452536e+03
3.5 8.417455e+03 8.390164e+03 8.421513e+03 8.448804e+03
4.5 8.429375e+03 8.421528e+03 8.422572e+03 8.430418e+03
5.5 8.453076e+03 8.455398e+03 8.425614e+03 8.423292e+03
6.5 8.438936e+03 8.426414e+03 8.428015e+03 8.440537e+03
7.5 8.429386e+03 8.413298e+03 8.427976e+03 8.444064e+03
8.5 8.423028e+03 8.430665e+03 8.427158e+03 8.419520e+03
9.5 8.408691e+03 8.420044e+03 8.426520e+03 8.415167e+03
10.5 8.399275e+03 8.428240e+03 8.426130e+03 8.397165e+03
11.5 8.418048e+03 8.436117e+03 8.425256e+03 8.407187e+03
12.5 8.434856e+03 8.436606e+03 8.427228e+03 8.425479e+03
13.5 8.431305e+03 8.412863e+03 8.432116e+03 8.450558e+03
14.5 8.412273e+03 8.403240e+03 8.434254e+03 8.443286e+03
15.5 8.420175e+03 8.414910e+03 8.431385e+03 8.436651e+03
16.5 8.437481e+03 8.419034e+03 8.420850e+03 8.439298e+03
17.5 8.442216e+03 8.422314e+03 8.408759e+03 8.428662e+03
0.6 8.417927e+03 8.423134e+03 8.426865e+03 8.421657e+03
1.6 8.423660e+03 8.396322e+03 8.425198e+03 8.452536e+03
2.6 8.417455e+03 8.390164e+03 8.421513e+03 8.448804e+03
3.6 8.429375e+03 8.421528e+03 8.422572e+03 8.430418e+03
4.6 8.453076e+03 8.455398e+03 8.425614e+03 8.423292e+03
5.6 8.438936e+03 8.426414e+03 8.428015e+03 8.440537e+03
6.6 8.429386e+03 8.413298e+03 8.427976e+03 8.444064e+03
7.6 8.423028e+03 8.430665e+03 8.427158e+03 8.419520e+03
8.6 8.408691e+03 8.420044e+03 8.426520e+03 8.415167e+03
9.6 8.399275e+03 8.428240e+03 8.426130e+03 8.397165e+03
10.6 8.418048e+03 8.436117e+03 8.425256e+03 8.407187e+03
11.6 8.434856e+03 8.436606e+03 8.427228e+03 8.425479e+03
12.6 8.431305e+03 8.412863e+03 8.432116e+03 8.450558e+03
13.6 8.412273e+03 8.403240e+03 8.434254e+03 8.443286e+03
14.6 8.420175e+03 8.414910e+03 8.431385e+03 8.436651e+03
15.6 8.437481e+03 8.419034e+03 8.420850e+03 8.439298e+03
16.6 8.442216e+03 8.422314e+03 8.408759e+03 8.428662e+03
17.6 8.426482e+03 8.429486e+03 8.410882e+03 8.407878e+03
0.1 8.423660e+03 8.396322e+03 8.425198e+03 8.452536e+03
1.1 8.417455e+03 8.390164e+03 8.421513e+03 8.448804e+03
2.1 8.429375e+03 8.421528e+03 8.422572e+03 8.430418e+03
3.1 8.453076e+03 8.455398e+03 8.425614e+03 8.423292e+03
4.1 8.438936e+03 8.426414e+03 8.428015e+03 8.440537e+03
5.1 8.429386e+03 8.413298e+03 8.427976e+03 8.444064e+03
6.1 8.423028e+03 8.430665e+03 8.427158e+03 8.419520e+03
7.1 8.408691e+03 8.420044e+03 8.426520e+03 8.415167e+03
8.1 8.399275e+03 8.428240e+03 8.426130e+03 8.397165e+03
9.1 8.418048e+03 8.436117e+03 8.425256e+03 8.407187e+03
10.1 8.434856e+03 8.436606e+03 8.427228e+03 8.425479e+03
11.1 8.431305e+03 8.412863e+03 8.432116e+03 8.450558e+03
12.1 8.412273e+03 8.403240e+03 8.434254e+03 8.443286e+03
13.1 8.420175e+03 8.414910e+03 8.431385e+03 8.436651e+03
14.1 8.437481e+03 8.419034e+03 8.420850e+03 8.439298e+03
15.1 8.442216e+03 8.422314e+03 8.408759e+03 8.428662e+03
16.1 8.426482e+03 8.429486e+03 8.410882e+03 8.407878e+03
17.1 8.440398e+03 8.453783e+03 8.418200e+03 8.404815e+03
0.9 8.429375e+03 8.421528e+03 8.422572e+03 8.430418e+03
1.9 8.453076e+03 8.455398e+03 8.425614e+03 8.423292e+03
2.9 8.438936e+03 8.426414e+03 8.428015e+03 8.440537e+03
3.9 8.429386e+03 8.413298e+03 8.427976e+03 8.444064e+03
4.9 8.423028e+03 8.430665e+03 8.427158e+03 8.419520e+03
5.9 8.408691e+03 8.420044e+03 8.426520e+03 8.415167e+03
6.9 8.399275e+03 8.428240e+03 8.426130e+03 8.397165e+03
7.9 8.418048e+03 8.436117e+03 8.425256e+03 8.407187e+03
8.9 8.434856e+03 8.436606e+03 8.427228e+03 8.425479e+03
9.9 8.431305e+03 8.412863e+03 8.432116e+03 8.450558e+03
10.9 8.412273e+03 8.403240e+03 8.434254e+03 8.443286e+03
11.9 8.420175e+03 8.414910e+03 8.431385e+03 8.436651e+03
12.9 8.437481e+03 8.419034e+03 8.420850e+03 8.439298e+03
13.9 8.442216e+03 8.422314e+03 8.408759e+03 8.428662e+03
14.9 8.426482e+03 8.429486e+03 8.410882e+03 8.407878e+03
15.9 8.440398e+03 8.453783e+03 8.418200e+03 8.404815e+03
16.9 8.453974e+03 8.440618e+03 8.423601e+03 8.436956e+03
17.9 8.468253e+03 8.427899e+03 8.426514e+03 8.466867e+03
0.4 8.399275e+03 8.428240e+03 8.426130e+03 8.397165e+03
1.4 8.418048e+03 8.436117e+03 8.425256e+03 8.407187e+03
2.4 8.434856e+03 8.436606e+03 8.427228e+03 8.425479e+03
3.4 8.431305e+03 8.412863e+03 8.432116e+03 8.450558e+03
4.4 8.412273e+03 8.403240e+03 8.434254e+03 8.443286e+03
5.4 8.420175e+03 8.414910e+03 8.431385e+03 8.436651e+03
6.4 8.437481e+03 8.419034e+03 8.420850e+03 8.439298e+03
7.4 8.442216e+03 8.422314e+03 8.408759e+03 8.428662e+03
8.4 8.426482e+03 8.429486e+03 8.410882e+03 8.407878e+03
9.4 8.440398e+03 8.453783e+03 8.418200e+03 8.404815e+03
10.4 8.453974e+03 8.440618e+03 8.423601e+03 8.436956e+03
11.4 8.468253e+03 8.427899e+03 8.426514e+03 8.466867e+03
12.4 8.463676e+03 8.424107e+03 8.427732e+03 8.467301e+03
13.4 8.433013e+03 8.424953e+03 8.424996e+03 8.433056e+03
14.4 8.417353e+03 8.420341e+03 8.422212e+03 8.419224e+03
15.4 8.415729e+03 8.432271e+03 8.423691e+03 8.407150e+03
16.4 8.435460e+03 8.441527e+03 8.425298e+03 8.419231e+03
17.4 8.439590e+03 8.440366e+03 8.426176e+03 8.425400e+03
0.2 8.418048e+03 8.436117e+03 8.425256e+03 8.407187e+03
1.2 8.434856e+03 8.436606e+03 8.427228e+03 8.425479e+03
2.2 8.431305e+03 8.412863e+03 8.432116e+03 8.450558e+03
3.2 8.412273e+03 8.403240e+03 8.434254e+03 8.443286e+03
4.2 8.420175e+03 8.414910e+03 8.431385e+03 8.436651e+03
5.2 8.437481e+03 8.419034e+03 8.420850e+03 8.439298e+03
6.2 8.442216e+03 8.422314e+03 8.408759e+03 8.428662e+03
7.2 8.426482e+03 8.429486e+03 8.410882e+03 8.407878e+03
8.2 8.440398e+03 8.453783e+03 8.418200e+03 8.404815e+03
9.2 8.453974e+03 8.440618e+03 8.423601e+03 8.436956e+03
10.2 8.468253e+03 8.427899e+03 8.426514e+03 8.466867e+03
11.2 8.463676e+03 8.424107e+03 8.427732e+03 8.467301e+03
12.2 8.433013e+03 8.424953e+03 8.424996e+03 8.433056e+03
13.2 8.417353e+03 8.420341e+03 8.422212e+03 8.419224e+03
14.2 8.415729e+03 8.432271e+03 8.423691e+03 8.407150e+03
15.2 8.435460e+03 8.441527e+03 8.425298e+03 8.419231e+03
16.2 8.439590e+03 8.440366e+03 8.426176e+03 8.425400e+03
17.2 8.419046e+03 8.417815e+03 8.427302e+03 8.428533e+03
0.9 8.431305e+03 8.412863e+03 8.432116e+03 8.450558e+03
1.9 8.412273e+03 8.403240e+03 8.434254e+03 8.443286e+03
2.9 8.420175e+03 8.414910e+03 8.431385e+03 8.436651e+03
3.9 8.437481e+03 8.419034e+03 8.420850e+03 8.439298e+03
4.9 8.442216e+03 8.422314e+03 8.408759e+03 8.428662e+03
5.9 8.426482e+03 8.429486e+03 8.410882e+03 8.407878e+03
6.9 8.440398e+03 8.453783e+03 8.418200e+03 8.404815e+03
7.9 8.453974e+03 8.440618e+03 8.423601e+03 8.436956e+03
8.9 8.468253e+03 8.427899e+03 8.426514e+03 8.466867e+03
9.9 8.463676e+03 8.424107e+03 8.427732e+03 8.467301e+03
10.9 8.433013e+03 8.424953e+03 8.424996e+03 8.433056e+03
11.9 8.417353e+03 8.420341e+03 8.422212e+03 8.419224e+03
12.9 8.415729e+03 8.432271e+03 8.423691e+03 8.407150e+03
13.9 8.435460e+03 8.441527e+03 8.425298e+03 8.419231e+03
14.9 8.439590e+03 8.440366e+03 8.426176e+03 8.425400e+03
15.9 8.419046e+03 8.417815e+03 8.427302e+03 8.428533e+03
16.9 8.425229e+03 8.421980e+03 8.427451e+03 8.430700e+03
17.9 8.423618e+03 8.428033e+03 8.426547e+03 8.422132e+03
0.5 8.412273e+03 8.403240e+03 8.434254e+03 8.443286e+03
1.5 8.420175e+03 8.414910e+03 8.431385e+03 8.436651e+03
2.5 8.437481e+03 8.419034e+03 8.420850e+03 8.439298e+03
3.5 8.442216e+03 8.422314e+03 8.408759e+03 8.428662e+03
4.5 8.426482e+03 8.429486e+03 8.410882e+03 8.407878e+03
5.5 8.440398e+03 8.453783e+03 8.418200e+03 8.404815e+03
6.5 8.453974e+03 8.440618e+03 8.423601e+03 8.436956e+03
7.5 8.468253e+03 8.427899e+03 8.426514e+03 8.466867e+03
8.5 8.463676e+03 8.424107e+03 8.427732e+03 8.467301e+03
9.5 8.433013e+03 8.424953e+03 8.424996e+03 8.433056e+03
10.5 8.417353e+03 8.420341e+03 8.422212e+03 8.419224e+03
11.5 8.415729e+03 8.432271e+03 8.423691e+03 8.407150e+03
12.5 8.435460e+03 8.441527e+03 8.425298e+03 8.419231e+03
13.5 8.439590e+03 8.440366e+03 8.426176e+03 8.425400e+03
14.5 8.419046e+03 8.417815e+03 8.427302e+03 8.428533e+03
15.5 8.425229e+03 8.421980e+03 8.427451e+03 8.430700e+03
16.5 8.423618e+03 8.428033e+03 8.426547e+03 8.422132e+03
17.5 8.450126e+03 8.441683e+03 8.421950e+03 8.430393e+03
0.5 8.420175e+03 8.414910e+03 8.431385e+03 8.436651e+03
1.5 8.437481e+03 8.419034e+03 8.420850e+03 8.439298e+03
2.5 8.442216e+03 8.422314e+03 8.408759e+03 8.428662e+03
3.5 8.426482e+03 8.429486e+03 8.410882e+03 8.407878e+03
4.5 8.440398e+03 8.453783e+03 8.418200e+03 8.404815e+03
5.5 8.453974e+03 8.440618e+03 8.423601e+03 8.436956e+03
6.5 8.468253e+03 8.427899e+03 8.426514e+03 8.466867e+03
7.5 8.463676e+03 8.424107e+03 8.427732e+03 8.467301e+03
8.5 8.433013e+03 8.424953e+03 8.424996e+03 8.433056e+03
9.5 8.417353e+03 8.420341e+03 8.422212e+03 8.419224e+03
10.5 8.415729e+03 8.432271e+03 8.423691e+03 8.407150e+03
11.5 8.435460e+03 8.441527e+03 8.425298e+03 8.419231e+03
12.5 8.439590e+03 8.440366e+03 8.426176e+03 8.425400e+03
13.5 8.419046e+03 8.417815e+03 8.427302e+03 8.428533e+03
14.5 8.425229e+03 8.421980e+03 8.427451e+03 8.430700e+03
15.5 8.423618e+03 8.428033e+03 8.426547e+03 8.422132e+03
16.5 8.450126e+03 8.441683e+03 8.421950e+03 8.430393e+03
17.5 8.470121e+03 8.439118e+03 8.420951e+03 8.451955e+03
0.5 8.463676e+03 8.424107e+03 8.427732e+03 8.467301e+03
1.5 8.433013e+03 8.424953e+03 8.424996e+03 8.433056e+03
2.5 8.417353e+03 8.420341e+03 8.422212e+03 8.419224e+03
3.5 8.415729e+03 8.432271e+03 8.423691e+03 8.407150e+03
4.5 8.435460e+03 8.441527e+03 8.425298e+03 8.419231e+03
5.5 8.439590e+03 8.440366e+03 8.426176e+03 8.425400e+03
6.5 8.419046e+03 8.417815e+03 8.427302e+03 8.428533e+03
7.5 8.425229e+03 8.421980e+03 8.427451e+03 8.430700e+03
8.5 8.423618e+03 8.428033e+03 8.426547e+03 8.422132e+03
9.5 8.450126e+03 8.441683e+03 8.421950e+03 8.430393e+03
10.5 8.470121e+03 8.439118e+03 8.420951e+03 8.451955e+03
11.5 8.456388e+03 8.417906e+03 8.423076e+03 8.461559e+03
12.5 8.417312e+03 8.403349e+03 8.424976e+03 8.438938e+03
13.5 8.383609e+03 8.395109e+03 8.425996e+03 8.414496e+03
14.5 8.408736e+03 8.415623e+03 8.426331e+03 8.419444e+03
15.5 8.470112e+03 8.430585e+03 8.423832e+03 8.463359e+03
16.5 8.381233e+03 8.436398e+03 8.423392e+03 8.368227e+03
17.5 8.364350e+03 8.424431e+03 8.425318e+03 8.365237e+03
0.0 8.433013e+03 8.424953e+03 8.424996e+03 8.433056e+03
1.0 8.417353e+03 8.420341e+03 8.422212e+03 8.419224e+03
2.0 8.415729e+03 8.432271e+03 8.423691e+03 8.407150e+03
3.0 8.435460e+03 8.441527e+03 8.425298e+03 8.419231e+03
4.0 8.439590e+03 8.440366e+03 8.426176e+03 8.425400e+03
5.0 8.419046e+03 8.417815e+03 8.427302e+03 8.428533e+03
6.0 8.425229e+03 8.421980e+03 8.427451e+03 8.430700e+03
7.0 8.423618e+03 8.428033e+03 8.426547e+03 8.422132e+03
8.0 8.450126e+03 8.441683e+03 8.421950e+03 8.430393e+03
9.0 8.470121e+03 8.439118e+03 8.420951e+03 8.451955e+03
10.0 8.456388e+03 8.417906e+03 8.423076e+03 8.461559e+03
11.0 8.417312e+03 8.403349e+03 8.424976e+03 8.438938e+03
12.0 8.383609e+03 8.395109e+03 8.425996e+03 8.414496e+03
13.0 8.408736e+03 8.415623e+03 8.426331e+03 8.419444e+03
14.0 8.470112e+03 8.430585e+03 8.423832e+03 8.463359e+03
15.0 8.381233e+03 8.436398e+03 8.423392e+03 8.368227e+03
16.0 8.364350e+03 8.424431e+03 8.425318e+03 8.365237e+03
17.0 8.520683e+03 8.434421e+03 8.425505e+03 8.511767e+03
0.1 8.417353e+03 8.420341e+03 8.422212e+03 8.419224e+03
1.1 8.415729e+03 8.432271e+03 8.423691e+03 8.407150e+03
2.1 8.435460e+03 8.441527e+03 8.425298e+03 8.419231e+03
3.1 8.439590e+03 8.440366e+03 8.426176e+03 8.425400e+03
4.1 8.419046e+03 8.417815e+03 8.427302e+03 8.428533e+03
5.1 8.425229e+03 8.421980e+03 8.427451e+03 8.430700e+03
6.1 8.423618e+03 8.428033e+03 8.426547e+03 8.422132e+03
7.1 8.450126e+03 8.441683e+03 8.421950e+03 8.430393e+03
8.1 8.470121e+03 8.439118e+03 8.420951e+03 8.451955e+03
9.1 8.456388e+03 8.417906e+03 8.423076e+03 8.461559e+03
10.1 8.417312e+03 8.403349e+03 8.424976e+03 8.438938e+03
11.1 8.383609e+03 8.395109e+03 8.425996e+03 8.414496e+03
12.1 8.408736e+03 8.415623e+03 8.426331e+03 8.419444e+03
13.1 8.470112e+03 8.430585e+03 8.423832e+03 8.463359e+03
14.1 8.381233e+03 8.436398e+03 8.423392e+03 8.368227e+03
15.1 8.364350e+03 8.424431e+03 8.425318e+03 8.365237e+03
16.1 8.520683e+03 8.434421e+03 8.425505e+03 8.511767e+03
17.1 8.540953e+03 8.457089e+03 8.425574e+03 8.509439e+03
0.1 8.415729e+03 8.432271e+03 8.423691e+03 8.407150e+03
1.1 8.435460e+03 8.441527e+03 8.425298e+03 8.419231e+03
2.1 8.439590e+03 8.440366e+03 8.426176e+03 8.425400e+03
3.1 8.419046e+03 8.417815e+03 8.427302e+03 8.428533e+03
4.1 8.425229e+03 8.421980e+03 8.427451e+03 8.430700e+03
5.1 8.423618e+03 8.428033e+03 8.426547e+03 8.422132e+03
6.1 8.450126e+03 8.441683e+03 8.421950e+03 8.430393e+03
7.1 8.470121e+03 8.439118e+03 8.420951e+03 8.451955e+03
8.1 8.456388e+03 8.417906e+03 8.423076e+03 8.461559e+03
9.1 8.417312e+03 8.403349e+03 8.424976e+03 8.438938e+03
10.1 8.383609e+03 8.395109e+03 8.425996e+03 8.414496e+03
11.1 8.408736e+03 8.415623e+03 8.426331e+03 8.419444e+03
12.1 8.470112e+03 8.430585e+03 8.423832e+03 8.463359e+03
13.1 8.381233e+03 8.436398e+03 8.423392e+03 8.368227e+03
14.1 8.364350e+03 8.424431e+03 8.425318e+03 8.365237e+03
15.1 8.520683e+03 8.434421e+03 8.425505e+03 8.511767e+03
16.1 8.540953e+03 8.457089e+03 8.425574e+03 8.509439e+03
17.1 8.479239e+03 8.478531e+03 8.426220e+03 8.426927e+03
0.8 8.423618e+03 8.428033e+03 8.426547e+03 8.422132e+03
1.8 8.450126e+03 8.441683e+03 8.421950e+03 8.430393e+03
2.8 8.470121e+03 8.439118e+03 8.420951e+03 8.451955e+03
3.8 8.456388e+03 8.417906e+03 8.423076e+03 8.461559e+03
4.8 8.417312e+03 8.403349e+03 8.424976e+03 8.438938e+03
5.8 8.383609e+03 8.395109e+03 8.425996e+03 8.414496e+03
6.8 8.408736e+03 8.415623e+03 8.426331e+03 8.419444e+03
7.8 8.470112e+03 8.430585e+03 8.423832e+03 8.463359e+03
8.8 8.381233e+03 8.436398e+03 8.423392e+03 8.368227e+03
9.8 8.364350e+03 8.424431e+03 8.425318e+03 8.365237e+03
10.8 8.520683e+03 8.434421e+03 8.425505e+03 8.511767e+03
11.8 8.540953e+03 8.457089e+03 8.425574e+03 8.509439e+03
12.8 8.479239e+03 8.478531e+03 8.426220e+03 8.426927e+03
13.8 8.429106e+03 8.446412e+03 8.426227e+03 8.408922e+03
14.8 8.399097e+03 8.385402e+03 8.425957e+03 8.439652e+03
15.8 8.381994e+03 8.371022e+03 8.425718e+03 8.436689e+03
16.8 8.393237e+03 8.386795e+03 8.425553e+03 8.431996e+03
17.8 8.385175e+03 8.395217e+03 8.425445e+03 8.415403e+03
0.5 8.408736e+03 8.415623e+03 8.426331e+03 8.419444e+03
1.5 8.470112e+03 8.430585e+03 8.423832e+03 8.463359e+03
2.5 8.381233e+03 8.436398e+03 8.423392e+03 8.368227e+03
3.5 8.364350e+03 8.424431e+03 8.425318e+03 8.365237e+03
4.5 8.520683e+03 8.434421e+03 8.425505e+03 8.511767e+03
5.5 8.540953e+03 8.457089e+03 8.425574e+03 8.509439e+03
6.5 8.479239e+03 8.478531e+03 8.426220e+03 8.426927e+03
7.5 8.429106e+03 8.446412e+03 8.426227e+03 8.408922e+03
8.5 8.399097e+03 8.385402e+03 8.425957e+03 8.439652e+03
9.5 8.381994e+03 8.371022e+03 8.425718e+03 8.436689e+03
10.5 8.393237e+03 8.386795e+03 8.425553e+03 8.431996e+03
11.5 8.385175e+03 8.395217e+03 8.425445e+03 8.415403e+03
12.5 8.386973e+03 8.416634e+03 8.425378e+03 8.395717e+03
13.5 8.410800e+03 8.437645e+03 8.425335e+03 8.398490e+03
14.5 8.444562e+03 8.439775e+03 8.425306e+03 8.430092e+03
15.5 8.438722e+03 8.424689e+03 8.425281e+03 8.439315e+03
16.5 8.381901e+03 8.423118e+03 8.425258e+03 8.384040e+03
17.5 8.387335e+03 8.416728e+03 8.425232e+03 8.395839e+03
0.7 8.470112e+03 8.430585e+03 8.423832e+03 8.463359e+03
1.7 8.381233e+03 8.436398e+03 8.423392e+03 8.368227e+03
2.7 8.364350e+03 8.424431e+03 8.425318e+03 8.365237e+03
3.7 8.520683e+03 8.434421e+03 8.425505e+03 8.511767e+03
4.7 8.540953e+03 8.457089e+03 8.425574e+03 8.509439e+03
5.7 8.479239e+03 8.478531e+03 8.426220e+03 8.426927e+03
6.7 8.429106e+03 8.446412e+03 8.426227e+03 8.408922e+03
7.7 8.399097e+03 8.385402e+03 8.425957e+03 8.439652e+03
8.7 8.381994e+03 8.371022e+03 8.425718e+03 8.436689e+03
9.7 8.393237e+03 8.386795e+03 8.425553e+03 8.431996e+03
10.7 8.385175e+03 8.395217e+03 8.425445e+03 8.415403e+03
11.7 8.386973e+03 8.416634e+03 8.425378e+03 8.395717e+03
12.7 8.410800e+03 8.437645e+03 8.425335e+03 8.398490e+03
13.7 8.444562e+03 8.439775e+03 8.425306e+03 8.430092e+03
14.7 8.438722e+03 8.424689e+03 8.425281e+03 8.439315e+03
15.7 8.381901e+03 8.423118e+03 8.425258e+03 8.384040e+03
16.7 8.387335e+03 8.416728e+03 8.425232e+03 8.395839e+03
17.7 8.414124e+03 8.400384e+03 8.425203e+03 8.438943e+03
0.7 8.381233e+03 8.436398e+03 8.423392e+03 8.368227e+03
1.7 8.364350e+03 8.424431e+03 8.425318e+03 8.365237e+03
2.7 8.520683e+03 8.434421e+03 8.425505e+03 8.511767e+03
3.7 8.540953e+03 8.457089e+03 8.425574e+03 8.509439e+03
4.7 8.479239e+03 8.478531e+03 8.426220e+03 8.426927e+03
5.7 8.429106e+03 8.446412e+03 8.426227e+03 8.408922e+03
6.7 8.399097e+03 8.385402e+03 8.425957e+03 8.439652e+03
7.7 8.381994e+03 8.371022e+03 8.425718e+03 8.436689e+03
8.7 8.393237e+03 8.386795e+03 8.425553e+03 8.431996e+03
9.7 8.385175e+03 8.395217e+03 8.425445e+03 8.415403e+03
10.7 8.386973e+03 8.416634e+03 8.425378e+03 8.395717e+03
11.7 8.410800e+03 8.437645e+03 8.425335e+03 8.398490e+03
12.7 8.444562e+03 8.439775e+03 8.425306e+03 8.430092e+03
13.7 8.438722e+03 8.424689e+03 8.425281e+03 8.439315e+03
14.7 8.381901e+03 8.423118e+03 8.425258e+03 8.384040e+03
15.7 8.387335e+03 8.416728e+03 8.425232e+03 8.395839e+03
16.7 8.414124e+03 8.400384e+03 8.425203e+03 8.438943e+03
17.7 8.428749e+03 8.399441e+03 8.425170e+03 8.454478e+03
0.4 8.364350e+03 8.424431e+03 8.425318e+03 8.365237e+03
1.4 8.520683e+03 8.434421e+03 8.425505e+03 8.511767e+03
2.4 8.540953e+03 8.457089e+03 8.425574e+03 8.509439e+03
3.4 8.479239e+03 8.478531e+03 8.426220e+03 8.426927e+03
4.4 8.429106e+03 8.446412e+03 8.426227e+03 8.408922e+03
5.4 8.399097e+03 8.385402e+03 8.425957e+03 8.439652e+03
6.4 8.381994e+03 8.371022e+03 8.425718e+03 8.436689e+03
7.4 8.393237e+03 8.386795e+03 8.425553e+03 8.431996e+03
8.4 8.385175e+03 8.395217e+03 8.425445e+03 8.415403e+03
9.4 8.386973e+03 8.416634e+03 8.425378e+03 8.395717e+03
10.4 8.410800e+03 8.437645e+03 8.425335e+03 8.398490e+03
11.4 8.444562e+03 8.439775e+03 8.425306e+03 8.430092e+03
12.4 8.438722e+03 8.424689e+03 8.425281e+03 8.439315e+03
13.4 8.381901e+03 8.423118e+03 8.425258e+03 8.384040e+03
14.4 8.387335e+03 8.416728e+03 8.425232e+03 8.395839e+03
15.4 8.414124e+03 8.400384e+03 8.425203e+03 8.438943e+03
16.4 8.428749e+03 8.399441e+03 8.425170e+03 8.454478e+03
17.4 8.411669e+03 8.420853e+03 8.425138e+03 8.415954e+03
0.2 8.448746e+03 8.416386e+03 8.425049e+03 8.457409e+03
1.2 8.435213e+03 8.433261e+03 8.424418e+03 8.426370e+03
2.2 8.396507e+03 8.424467e+03 8.425899e+03 8.397939e+03
3.2 8.363758e+03 8.403971e+03 8.426727e+03 8.386514e+03
4.2 8.376022e+03 8.403118e+03 8.426119e+03 8.399022e+03
5.2 8.400185e+03 8.403764e+03 8.425454e+03 8.421875e+03
6.2 8.406182e+03 8.434766e+03 8.421803e+03 8.393219e+03
7.2 8.408275e+03 8.462657e+03 8.415862e+03 8.361480e+03
8.2 8.392777e+03 8.423814e+03 8.416555e+03 8.385518e+03
9.2 8.415838e+03 8.416901e+03 8.420276e+03 8.419213e+03
10.2 8.477774e+03 8.447685e+03 8.422551e+03 8.452641e+03
11.2 8.465861e+03 8.462133e+03 8.425175e+03 8.428903e+03
12.2 8.428019e+03 8.452942e+03 8.427345e+03 8.402422e+03
13.2 8.417777e+03 8.449192e+03 8.430228e+03 8.398813e+03
14.2 8.437208e+03 8.428809e+03 8.431323e+03 8.439722e+03
15.2 8.464983e+03 8.420730e+03 8.429032e+03 8.473285e+03
16.2 8.471608e+03 8.434056e+03 8.426259e+03 8.463810e+03
17.2 8.439436e+03 8.455681e+03 8.424290e+03 8.408045e+03
0.6 8.396507e+03 8.424467e+03 8.425899e+03 8.397939e+03
1.6 8.363758e+03 8.403971e+03 8.426727e+03 8.386514e+03
2.6 8.376022e+03 8.403118e+03 8.426119e+03 8.399022e+03
3.6 8.400185e+03 8.403764e+03 8.425454e+03 8.421875e+03
4.6 8.406182e+03 8.434766e+03 8.421803e+03 8.393219e+03
5.6 8.408275e+03 8.462657e+03 8.415862e+03 8.361480e+03
6.6 8.392777e+03 8.423814e+03 8.416555e+03 8.385518e+03
7.6 8.415838e+03 8.416901e+03 8.420276e+03 8.419213e+03
8.6 8.477774e+03 8.447685e+03 8.422551e+03 8.452641e+03
9.6 8.465861e+03 8.462133e+03 8.425175e+03 8.428903e+03
10.6 8.428019e+03 8.452942e+03 8.427345e+03 8.402422e+03
11.6 8.417777e+03 8.449192e+03 8.430228e+03 8.398813e+03
12.6 8.437208e+03 8.428809e+03 8.431323e+03 8.439722e+03
13.6 8.464983e+03 8.420730e+03 8.429032e+03 8.473285e+03
14.6 8.471608e+03 8.434056e+03 8.426259e+03 8.463810e+03
15.6 8.439436e+03 8.455681e+03 8.424290e+03 8.408045e+03
16.6 8.435259e+03 8.468045e+03 8.426615e+03 8.393829e+03
17.6 8.454036e+03 8.441368e+03 8.428750e+03 8.441418e+03
0.7 8.363758e+03 8.403971e+03 8.426727e+03 8.386514e+03
1.7 8.376022e+03 8.403118e+03 8.426119e+03 8.399022e+03
2.7 8.400185e+03 8.403764e+03 8.425454e+03 8.421875e+03
3.7 8.406182e+03 8.434766e+03 8.421803e+03 8.393219e+03
4.7 8.408275e+03 8.462657e+03 8.415862e+03 8.361480e+03
5.7 8.392777e+03 8.423814e+03 8.416555e+03 8.385518e+03
6.7 8.415838e+03 8.416901e+03 8.420276e+03 8.419213e+03
7.7 8.477774e+03 8.447685e+03 8.422551e+03 8.452641e+03
8.7 8.465861e+03 8.462133e+03 8.425175e+03 8.428903e+03
9.7 8.428019e+03 8.452942e+03 8.427345e+03 8.402422e+03
10.7 8.417777e+03 8.449192e+03 8.430228e+03 8.398813e+03
11.7 8.437208e+03 8.428809e+03 8.431323e+03 8.439722e+03
12.7 8.464983e+03 8.420730e+03 8.429032e+03 8.473285e+03
13.7 8.471608e+03 8.434056e+03 8.426259e+03 8.463810e+03
14.7 8.439436e+03 8.455681e+03 8.424290e+03 8.408045e+03
15.7 8.435259e+03 8.468045e+03 8.426615e+03 8.393829e+03
16.7 8.454036e+03 8.441368e+03 8.428750e+03 8.441418e+03
17.7 8.431037e+03 8.406045e+03 8.429678e+03 8.454670e+03
1.0 8.400185e+03 8.403764e+03 8.425454e+03 8.421875e+03
2.0 8.406182e+03 8.434766e+03 8.421803e+03 8.393219e+03
3.0 8.408275e+03 8.462657e+03 8.415862e+03 8.361480e+03
4.0 8.392777e+03 8.423814e+03 8.416555e+03 8.385518e+03
5.0 8.415838e+03 8.416901e+03 8.420276e+03 8.419213e+03
6.0 8.477774e+03 8.447685e+03 8.422551e+03 8.452641e+03
7.0 8.465861e+03 8.462133e+03 8.425175e+03 8.428903e+03
8.0 8.428019e+03 8.452942e+03 8.427345e+03 8.402422e+03
9.0 8.417777e+03 8.449192e+03 8.430228e+03 8.398813e+03
10.0 8.437208e+03 8.428809e+03 8.431323e+03 8.439722e+03
11.0 8.464983e+03 8.420730e+03 8.429032e+03 8.473285e+03
12.0 8.471608e+03 8.434056e+03 8.426259e+03 8.463810e+03
13.0 8.439436e+03 8.455681e+03 8.424290e+03 8.408045e+03
14.0 8.435259e+03 8.468045e+03 8.426615e+03 8.393829e+03
15.0 8.454036e+03 8.441368e+03 8.428750e+03 8.441418e+03
16.0 8.431037e+03 8.406045e+03 8.429678e+03 8.454670e+03
17.0 8.401012e+03 8.400452e+03 8.428044e+03 8.428605e+03
18.0 8.411906e+03 8.419512e+03 8.426004e+03 8.418398e+03
0.2 8.400185e+03 8.403764e+03 8.425454e+03 8.421875e+03
1.2 8.406182e+03 8.434766e+03 8.421803e+03 8.393219e+03
2.2 8.408275e+03 8.462657e+03 8.415862e+03 8.361480e+03
3.2 8.392777e+03 8.423814e+03 8.416555e+03 8.385518e+03
4.2 8.415838e+03 8.416901e+03 8.420276e+03 8.419213e+03
5.2 8.477774e+03 8.447685e+03 8.422551e+03 8.452641e+03
6.2 8.465861e+03 8.462133e+03 8.425175e+03 8.428903e+03
7.2 8.428019e+03 8.452942e+03 8.427345e+03 8.402422e+03
8.2 8.417777e+03 8.449192e+03 8.430228e+03 8.398813e+03
9.2 8.437208e+03 8.428809e+03 8.431323e+03 8.439722e+03
10.2 8.464983e+03 8.420730e+03 8.429032e+03 8.473285e+03
11.2 8.471608e+03 8.434056e+03 8.426259e+03 8.463810e+03
12.2 8.439436e+03 8.455681e+03 8.424290e+03 8.408045e+03
13.2 8.435259e+03 8.468045e+03 8.426615e+03 8.393829e+03
14.2 8.454036e+03 8.441368e+03 8.428750e+03 8.441418e+03
15.2 8.431037e+03 8.406045e+03 8.429678e+03 8.454670e+03
16.2 8.401012e+03 8.400452e+03 8.428044e+03 8.428605e+03
17.2 8.411906e+03 8.419512e+03 8.426004e+03 8.418398e+03
0.5 8.415838e+03 8.416901e+03 8.420276e+03 8.419213e+03
1.5 8.477774e+03 8.447685e+03 8.422551e+03 8.452641e+03
2.5 8.465861e+03 8.462133e+03 8.425175e+03 8.428903e+03
3.5 8.428019e+03 8.452942e+03 8.427345e+03 8.402422e+03
4.5 8.417777e+03 8.449192e+03 8.430228e+03 8.398813e+03
5.5 8.437208e+03 8.428809e+03 8.431323e+03 8.439722e+03
6.5 8.464983e+03 8.420730e+03 8.429032e+03 8.473285e+03
7.5 8.471608e+03 8.434056e+03 8.426259e+03 8.463810e+03
8.5 8.439436e+03 8.455681e+03 8.424290e+03 8.408045e+03
9.5 8.435259e+03 8.468045e+03 8.426615e+03 8.393829e+03
10.5 8.454036e+03 8.441368e+03 8.428750e+03 8.441418e+03
11.5 8.431037e+03 8.406045e+03 8.429678e+03 8.454670e+03
12.5 8.401012e+03 8.400452e+03 8.428044e+03 8.428605e+03
13.5 8.411906e+03 8.419512e+03 8.426004e+03 8.418398e+03
14.5 8.434215e+03 8.417188e+03 8.424750e+03 8.441777e+03
15.5 8.461883e+03 8.407946e+03 8.424208e+03 8.478144e+03
16.5 8.482624e+03 8.410464e+03 8.424099e+03 8.496259e+03
17.5 8.469007e+03 8.414856e+03 8.424219e+03 8.478370e+03
1.0 8.465861e+03 8.462133e+03 8.425175e+03 8.428903e+03
2.0 8.428019e+03 8.452942e+03 8.427345e+03 8.402422e+03
3.0 8.417777e+03 8.449192e+03 8.430228e+03 8.398813e+03
4.0 8.437208e+03 8.428809e+03 8.431323e+03 8.439722e+03
5.0 8.464983e+03 8.420730e+03 8.429032e+03 8.473285e+03
6.0 8.471608e+03 8.434056e+03 8.426259e+03 8.463810e+03
7.0 8.439436e+03 8.455681e+03 8.424290e+03 8.408045e+03
8.0 8.435259e+03 8.468045e+03 8.426615e+03 8.393829e+03
9.0 8.454036e+03 8.441368e+03 8.428750e+03 8.441418e+03
10.0 8.431037e+03 8.406045e+03 8.429678e+03 8.454670e+03
11.0 8.401012e+03 8.400452e+03 8.428044e+03 8.428605e+03
12.0 8.411906e+03 8.419512e+03 8.426004e+03 8.418398e+03
13.0 8.434215e+03 8.417188e+03 8.424750e+03 8.441777e+03
14.0 8.461883e+03 8.407946e+03 8.424208e+03 8.478144e+03
15.0 8.482624e+03 8.410464e+03 8.424099e+03 8.496259e+03
16.0 8.469007e+03 8.414856e+03 8.424219e+03 8.478370e+03
17.0 8.444100e+03 8.412124e+03 8.424423e+03 8.456399e+03
18.0 8.412072e+03 8.401234e+03 8.424619e+03 8.435458e+03
0.9 8.428019e+03 8.452942e+03 8.427345e+03 8.402422e+03
1.9 8.417777e+03 8.449192e+03 8.430228e+03 8.398813e+03
2.9 8.437208e+03 8.428809e+03 8.431323e+03 8.439722e+03
3.9 8.464983e+03 8.420730e+03 8.429032e+03 8.473285e+03
4.9 8.471608e+03 8.434056e+03 8.426259e+03 8.463810e+03
5.9 8.439436e+03 8.455681e+03 8.424290e+03 8.408045e+03
6.9 8.435259e+03 8.468045e+03 8.426615e+03 8.393829e+03
7.9 8.454036e+03 8.441368e+03 8.428750e+03 8.441418e+03
8.9 8.431037e+03 8.406045e+03 8.429678e+03 8.454670e+03
9.9 8.401012e+03 8.400452e+03 8.428044e+03 8.428605e+03
10.9 8.411906e+03 8.419512e+03 8.426004e+03 8.418398e+03
11.9 8.434215e+03 8.417188e+03 8.424750e+03 8.441777e+03
12.9 8.461883e+03 8.407946e+03 8.424208e+03 8.478144e+03
13.9 8.482624e+03 8.410464e+03 8.424099e+03 8.496259e+03
14.9 8.469007e+03 8.414856e+03 8.424219e+03 8.478370e+03
15.9 8.444100e+03 8.412124e+03 8.424423e+03 8.456399e+03
16.9 8.412072e+03 8.401234e+03 8.424619e+03 8.435458e+03
17.9 8.398235e+03 8.420984e+03 8.424774e+03 8.402024e+03
0.7 8.471608e+03 8.434056e+03 8.426259e+03 8.463810e+03
1.7 8.439436e+03 8.455681e+03 8.424290e+03 8.408045e+03
2.7 8.435259e+03 8.468045e+03 8.426615e+03 8.393829e+03
3.7 8.454036e+03 8.441368e+03 8.428750e+03 8.441418e+03
4.7 8.431037e+03 8.406045e+03 8.429678e+03 8.454670e+03
5.7 8.401012e+03 8.400452e+03 8.428044e+03 8.428605e+03
6.7 8.411906e+03 8.419512e+03 8.426004e+03 8.418398e+03
7.7 8.434215e+03 8.417188e+03 8.424750e+03 8.441777e+03
8.7 8.461883e+03 8.407946e+03 8.424208e+03 8.478144e+03
9.7 8.482624e+03 8.410464e+03 8.424099e+03 8.496259e+03
10.7 8.469007e+03 8.414856e+03 8.424219e+03 8.478370e+03
11.7 8.444100e+03 8.412124e+03 8.424423e+03 8.456399e+03
12.7 8.412072e+03 8.401234e+03 8.424619e+03 8.435458e+03
13.7 8.398235e+03 8.420984e+03 8.424774e+03 8.402024e+03
14.7 8.403895e+03 8.419160e+03 8.424886e+03 8.409620e+03
15.7 8.411106e+03 8.413998e+03 8.424966e+03 8.422074e+03
16.7 8.427022e+03 8.412675e+03 8.425028e+03 8.439375e+03
17.7 8.421660e+03 8.428409e+03 8.424453e+03 8.417704e+03
1.0 8.439436e+03 8.455681e+03 8.424290e+03 8.408045e+03
2.0 8.435259e+03 8.468045e+03 8.426615e+03 8.393829e+03
3.0 8.454036e+03 8.441368e+03 8.428750e+03 8.441418e+03
4.0 8.431037e+03 8.406045e+03 8.429678e+03 8.454670e+03
5.0 8.401012e+03 8.400452e+03 8.428044e+03 8.428605e+03
6.0 8.411906e+03 8.419512e+03 8.426004e+03 8.418398e+03
7.0 8.434215e+03 8.417188e+03 8.424750e+03 8.441777e+03
8.0 8.461883e+03 8.407946e+03 8.424208e+03 8.478144e+03
9.0 8.482624e+03 8.410464e+03 8.424099e+03 8.496259e+03
10.0 8.469007e+03 8.414856e+03 8.424219e+03 8.478370e+03
11.0 8.444100e+03 8.412124e+03 8.424423e+03 8.456399e+03
12.0 8.412072e+03 8.401234e+03 8.424619e+03 8.435458e+03
13.0 8.398235e+03 8.420984e+03 8.424774e+03 8.402024e+03
14.0 8.403895e+03 8.419160e+03 8.424886e+03 8.409620e+03
15.0 8.411106e+03 8.413998e+03 8.424966e+03 8.422074e+03
16.0 8.427022e+03 8.412675e+03 8.425028e+03 8.439375e+03
17.0 8.421660e+03 8.428409e+03 8.424453e+03 8.417704e+03
18.0 8.412679e+03 8.447910e+03 8.425277e+03 8.390046e+03
0.7 8.435259e+03 8.468045e+03 8.426615e+03 8.393829e+03
1.7 8.454036e+03 8.441368e+03 8.428750e+03 8.441418e+03
2.7 8.431037e+03 8.406045e+03 8.429678e+03 8.454670e+03
3.7 8.401012e+03 8.400452e+03 8.428044e+03 8.428605e+03
4.7 8.411906e+03 8.419512e+03 8.426004e+03 8.418398e+03
5.7 8.434215e+03 8.417188e+03 8.424750e+03 8.441777e+03
6.7 8.461883e+03 8.407946e+03 8.424208e+03 8.478144e+03
7.7 8.482624e+03 8.410464e+03 8.424099e+03 8.496259e+03
8.7 8.469007e+03 8.414856e+03 8.424219e+03 8.478370e+03
9.7 8.444100e+03 8.412124e+03 8.424423e+03 8.456399e+03
10.7 8.412072e+03 8.401234e+03 8.424619e+03 8.435458e+03
11.7 8.398235e+03 8.420984e+03 8.424774e+03 8.402024e+03
12.7 8.403895e+03 8.419160e+03 8.424886e+03 8.409620e+03
13.7 8.411106e+03 8.413998e+03 8.424966e+03 8.422074e+03
14.7 8.427022e+03 8.412675e+03 8.425028e+03 8.439375e+03
15.7 8.421660e+03 8.428409e+03 8.424453e+03 8.417704e+03
16.7 8.412679e+03 8.447910e+03 8.425277e+03 8.390046e+03
17.7 8.394930e+03 8.439215e+03 8.426688e+03 8.382403e+03
0.1 8.427022e+03 8.412675e+03 8.425028e+03 8.439375e+03
1.1 8.421660e+03 8.428409e+03 8.424453e+03 8.417704e+03
2.1 8.412679e+03 8.447910e+03 8.425277e+03 8.390046e+03
3.1 8.394930e+03 8.439215e+03 8.426688e+03 8.382403e+03
4.1 8.390137e+03 8.416155e+03 8.426504e+03 8.400487e+03
5.1 8.391201e+03 8.405647e+03 8.425865e+03 8.411419e+03
6.1 8.386592e+03 8.420451e+03 8.424279e+03 8.390421e+03
7.1 8.373854e+03 8.412195e+03 8.421909e+03 8.383568e+03
8.1 8.366269e+03 8.387732e+03 8.417475e+03 8.396012e+03
9.1 8.387296e+03 8.401543e+03 8.414720e+03 8.400473e+03
10.1 8.451161e+03 8.442686e+03 8.418474e+03 8.426948e+03
11.1 8.451942e+03 8.455323e+03 8.420549e+03 8.417168e+03
12.1 8.409399e+03 8.433597e+03 8.422573e+03 8.398376e+03
13.1 8.425673e+03 8.433222e+03 8.424562e+03 8.417012e+03
14.1 8.435900e+03 8.451005e+03 8.425397e+03 8.410292e+03
15.1 8.432440e+03 8.464578e+03 8.424194e+03 8.392056e+03
16.1 8.425946e+03 8.458113e+03 8.426671e+03 8.394504e+03
17.1 8.445728e+03 8.451130e+03 8.430558e+03 8.425156e+03
0.1 8.391201e+03 8.405647e+03 8.425865e+03 8.411419e+03
1.1 8.386592e+03 8.420451e+03 8.424279e+03 8.390421e+03
2.1 8.373854e+03 8.412195e+03 8.421909e+03 8.383568e+03
3.1 8.366269e+03 8.387732e+03 8.417475e+03 8.396012e+03
4.1 8.387296e+03 8.401543e+03 8.414720e+03 8.400473e+03
5.1 8.451161e+03 8.442686e+03 8.418474e+03 8.426948e+03
6.1 8.451942e+03 8.455323e+03 8.420549e+03 8.417168e+03
7.1 8.409399e+03 8.433597e+03 8.422573e+03 8.398376e+03
8.1 8.425673e+03 8.433222e+03 8.424562e+03 8.417012e+03
9.1 8.435900e+03 8.451005e+03 8.425397e+03 8.410292e+03
10.1 8.432440e+03 8.464578e+03 8.424194e+03 8.392056e+03
11.1 8.425946e+03 8.458113e+03 8.426671e+03 8.394504e+03
12.1 8.445728e+03 8.451130e+03 8.430558e+03 8.425156e+03
13.1 8.456103e+03 8.456248e+03 8.431249e+03 8.431105e+03
14.1 8.403439e+03 8.422580e+03 8.429757e+03 8.410615e+03
15.1 8.410910e+03 8.402604e+03 8.427270e+03 8.435576e+03
16.1 8.479063e+03 8.447476e+03 8.424732e+03 8.456319e+03
17.1 8.499254e+03 8.458300e+03 8.425049e+03 8.466003e+03
0.7 8.373854e+03 8.412195e+03 8.421909e+03 8.383568e+03
1.7 8.366269e+03 8.387732e+03 8.417475e+03 8.396012e+03
2.7 8.387296e+03 8.401543e+03 8.414720e+03 8.400473e+03
3.7 8.451161e+03 8.442686e+03 8.418474e+03 8.426948e+03
4.7 8.451942e+03 8.455323e+03 8.420549e+03 8.417168e+03
5.7 8.409399e+03 8.433597e+03 8.422573e+03 8.398376e+03
6.7 8.425673e+03 8.433222e+03 8.424562e+03 8.417012e+03
7.7 8.435900e+03 8.451005e+03 8.425397e+03 8.410292e+03
8.7 8.432440e+03 8.464578e+03 8.424194e+03 8.392056e+03
9.7 8.425946e+03 8.458113e+03 8.426671e+03 8.394504e+03
10.7 8.445728e+03 8.451130e+03 8.430558e+03 8.425156e+03
11.7 8.456103e+03 8.456248e+03 8.431249e+03 8.431105e+03
12.7 8.403439e+03 8.422580e+03 8.429757e+03 8.410615e+03
13.7 8.410910e+03 8.402604e+03 8.427270e+03 8.435576e+03
14.7 8.479063e+03 8.447476e+03 8.424732e+03 8.456319e+03
15.7 8.499254e+03 8.458300e+03 8.425049e+03 8.466003e+03
16.7 8.474273e+03 8.454708e+03 8.427263e+03 8.446828e+03
17.7 8.465041e+03 8.432122e+03 8.428716e+03 8.461636e+03
0.7 8.366269e+03 8.387732e+03 8.417475e+03 8.396012e+03
1.7 8.387296e+03 8.401543e+03 8.414720e+03 8.400473e+03
2.7 8.451161e+03 8.442686e+03 8.418474e+03 8.426948e+03
3.7 8.451942e+03 8.455323e+03 8.420549e+03 8.417168e+03
4.7 8.409399e+03 8.433597e+03 8.422573e+03 8.398376e+03
5.7 8.425673e+03 8.433222e+03 8.424562e+03 8.417012e+03
6.7 8.435900e+03 8.451005e+03 8.425397e+03 8.410292e+03
7.7 8.432440e+03 8.464578e+03 8.424194e+03 8.392056e+03
8.7 8.425946e+03 8.458113e+03 8.426671e+03 8.394504e+03
9.7 8.445728e+03 8.451130e+03 8.430558e+03 8.425156e+03
10.7 8.456103e+03 8.456248e+03 8.431249e+03 8.431105e+03
11.7 8.403439e+03 8.422580e+03 8.429757e+03 8.410615e+03
12.7 8.410910e+03 8.402604e+03 8.427270e+03 8.435576e+03
13.7 8.479063e+03 8.447476e+03 8.424732e+03 8.456319e+03
14.7 8.499254e+03 8.458300e+03 8.425049e+03 8.466003e+03
15.7 8.474273e+03 8.454708e+03 8.427263e+03 8.446828e+03
16.7 8.465041e+03 8.432122e+03 8.428716e+03 8.461636e+03
17.7 8.452911e+03 8.424789e+03 8.427369e+03 8.455491e+03
0.8 8.387296e+03 8.401543e+03 8.414720e+03 8.400473e+03
1.8 8.451161e+03 8.442686e+03 8.418474e+03 8.426948e+03
2.8 8.451942e+03 8.455323e+03 8.420549e+03 8.417168e+03
3.8 8.409399e+03 8.433597e+03 8.422573e+03 8.398376e+03
4.8 8.425673e+03 8.433222e+03 8.424562e+03 8.417012e+03
5.8 8.435900e+03 8.451005e+03 8.425397e+03 8.410292e+03
6.8 8.432440e+03 8.464578e+03 8.424194e+03 8.392056e+03
7.8 8.425946e+03 8.458113e+03 8.426671e+03 8.394504e+03
8.8 8.445728e+03 8.451130e+03 8.430558e+03 8.425156e+03
9.8 8.456103e+03 8.456248e+03 8.431249e+03 8.431105e+03
10.8 8.403439e+03 8.422580e+03 8.429757e+03 8.410615e+03
11.8 8.410910e+03 8.402604e+03 8.427270e+03 8.435576e+03
12.8 8.479063e+03 8.447476e+03 8.424732e+03 8.456319e+03
13.8 8.499254e+03 8.458300e+03 8.425049e+03 8.466003e+03
14.8 8.474273e+03 8.454708e+03 8.427263e+03 8.446828e+03
15.8 8.465041e+03 8.432122e+03 8.428716e+03 8.461636e+03
16.8 8.452911e+03 8.424789e+03 8.427369e+03 8.455491e+03
17.8 8.429127e+03 8.424853e+03 8.425664e+03 8.429938e+03
0.9 8.451161e+03 8.442686e+03 8.418474e+03 8.426948e+03
1.9 8.451942e+03 8.455323e+03 8.420549e+03 8.417168e+03
2.9 8.409399e+03 8.433597e+03 8.422573e+03 8.398376e+03
3.9 8.425673e+03 8.433222e+03 8.424562e+03 8.417012e+03
4.9 8.435900e+03 8.451005e+03 8.425397e+03 8.410292e+03
5.9 8.432440e+03 8.464578e+03 8.424194e+03 8.392056e+03
6.9 8.425946e+03 8.458113e+03 8.426671e+03 8.394504e+03
7.9 8.445728e+03 8.451130e+03 8.430558e+03 8.425156e+03
8.9 8.456103e+03 8.456248e+03 8.431249e+03 8.431105e+03
9.9 8.403439e+03 8.422580e+03 8.429757e+03 8.410615e+03
10.9 8.410910e+03 8.402604e+03 8.427270e+03 8.435576e+03
11.9 8.479063e+03 8.447476e+03 8.424732e+03 8.456319e+03
12.9 8.499254e+03 8.458300e+03 8.425049e+03 8.466003e+03
13.9 8.474273e+03 8.454708e+03 8.427263e+03 8.446828e+03
14.9 8.465041e+03 8.432122e+03 8.428716e+03 8.461636e+03
15.9 8.452911e+03 8.424789e+03 8.427369e+03 8.455491e+03
16.9 8.429127e+03 8.424853e+03 8.425664e+03 8.429938e+03
17.9 8.428794e+03 8.423700e+03 8.424633e+03 8.429726e+03
0.6 8.435900e+03 8.451005e+03 8.425397e+03 8.410292e+03
1.6 8.432440e+03 8.464578e+03 8.424194e+03 8.392056e+03
2.6 8.425946e+03 8.458113e+03 8.426671e+03 8.394504e+03
3.6 8.445728e+03 8.451130e+03 8.430558e+03 8.425156e+03
4.6 8.456103e+03 8.456248e+03 8.431249e+03 8.431105e+03
5.6 8.403439e+03 8.422580e+03 8.429757e+03 8.410615e+03
6.6 8.410910e+03 8.402604e+03 8.427270e+03 8.435576e+03
7.6 8.479063e+03 8.447476e+03 8.424732e+03 8.456319e+03
8.6 8.499254e+03 8.458300e+03 8.425049e+03 8.466003e+03
9.6 8.474273e+03 8.454708e+03 8.427263e+03 8.446828e+03
10.6 8.465041e+03 8.432122e+03 8.428716e+03 8.461636e+03
11.6 8.452911e+03 8.424789e+03 8.427369e+03 8.455491e+03
12.6 8.429127e+03 8.424853e+03 8.425664e+03 8.429938e+03
13.6 8.428794e+03 8.423700e+03 8.424633e+03 8.429726e+03
14.6 8.441519e+03 8.413510e+03 8.424160e+03 8.452169e+03
15.6 8.412355e+03 8.408880e+03 8.424022e+03 8.427497e+03
16.6 8.385043e+03 8.415934e+03 8.424071e+03 8.393181e+03
17.6 8.286535e+03 8.426727e+03 8.424195e+03 8.284003e+03
0.7 8.432440e+03 8.464578e+03 8.424194e+03 8.392056e+03
1.7 8.425946e+03 8.458113e+03 8.426671e+03 8.394504e+03
2.7 8.445728e+03 8.451130e+03 8.430558e+03 8.425156e+03
3.7 8.456103e+03 8.456248e+03 8.431249e+03 8.431105e+03
4.7 8.403439e+03 8.422580e+03 8.429757e+03 8.410615e+03
5.7 8.410910e+03 8.402604e+03 8.427270e+03 8.435576e+03
6.7 8.479063e+03 8.447476e+03 8.424732e+03 8.456319e+03
7.7 8.499254e+03 8.458300e+03 8.425049e+03 8.466003e+03
8.7 8.474273e+03 8.454708e+03 8.427263e+03 8.446828e+03
9.7 8.465041e+03 8.432122e+03 8.428716e+03 8.461636e+03
10.7 8.452911e+03 8.424789e+03 8.427369e+03 8.455491e+03
11.7 8.429127e+03 8.424853e+03 8.425664e+03 8.429938e+03
12.7 8.428794e+03 8.423700e+03 8.424633e+03 8.429726e+03
13.7 8.441519e+03 8.413510e+03 8.424160e+03 8.452169e+03
14.7 8.412355e+03 8.408880e+03 8.424022e+03 8.427497e+03
15.7 8.385043e+03 8.415934e+03 8.424071e+03 8.393181e+03
16.7 8.286535e+03 8.426727e+03 8.424195e+03 8.284003e+03
17.7 8.432863e+03 8.432776e+03 8.424318e+03 8.424405e+03
0.6 8.425946e+03 8.458113e+03 8.426671e+03 8.394504e+03
1.6 8.445728e+03 8.451130e+03 8.430558e+03 8.425156e+03
2.6 8.456103e+03 8.456248e+03 8.431249e+03 8.431105e+03
3.6 8.403439e+03 8.422580e+03 8.429757e+03 8.410615e+03
4.6 8.410910e+03 8.402604e+03 8.427270e+03 8.435576e+03
5.6 8.479063e+03 8.447476e+03 8.424732e+03 8.456319e+03
6.6 8.499254e+03 8.458300e+03 8.425049e+03 8.466003e+03
7.6 8.474273e+03 8.454708e+03 8.427263e+03 8.446828e+03
8.6 8.465041e+03 8.432122e+03 8.428716e+03 8.461636e+03
9.6 8.452911e+03 8.424789e+03 8.427369e+03 8.455491e+03
10.6 8.429127e+03 8.424853e+03 8.425664e+03 8.429938e+03
11.6 8.428794e+03 8.423700e+03 8.424633e+03 8.429726e+03
12.6 8.441519e+03 8.413510e+03 8.424160e+03 8.452169e+03
13.6 8.412355e+03 8.408880e+03 8.424022e+03 8.427497e+03
14.6 8.385043e+03 8.415934e+03 8.424071e+03 8.393181e+03
15.6 8.286535e+03 8.426727e+03 8.424195e+03 8.284003e+03
16.6 8.432863e+03 8.432776e+03 8.424318e+03 8.424405e+03
17.6 8.585446e+03 8.427788e+03 8.424410e+03 8.582068e+03
1.0 8.445728e+03 8.451130e+03 8.430558e+03 8.425156e+03
2.0 8.456103e+03 8.456248e+03 8.431249e+03 8.431105e+03
3.0 8.403439e+03 8.422580e+03 8.429757e+03 8.410615e+03
4.0 8.410910e+03 8.402604e+03 8.427270e+03 8.435576e+03
5.0 8.479063e+03 8.447476e+03 8.424732e+03 8.456319e+03
6.0 8.499254e+03 8.458300e+03 8.425049e+03 8.466003e+03
7.0 8.474273e+03 8.454708e+03 8.427263e+03 8.446828e+03
8.0 8.465041e+03 8.432122e+03 8.428716e+03 8.461636e+03
9.0 8.452911e+03 8.424789e+03 8.427369e+03 8.455491e+03
10.0 8.429127e+03 8.424853e+03 8.425664e+03 8.429938e+03
11.0 8.428794e+03 8.423700e+03 8.424633e+03 8.429726e+03
12.0 8.441519e+03 8.413510e+03 8.424160e+03 8.452169e+03
13.0 8.412355e+03 8.408880e+03 8.424022e+03 8.427497e+03
14.0 8.385043e+03 8.415934e+03 8.424071e+03 8.393181e+03
15.0 8.286535e+03 8.426727e+03 8.424195e+03 8.284003e+03
16.0 8.432863e+03 8.432776e+03 8.424318e+03 8.424405e+03
17.0 8.585446e+03 8.427788e+03 8.424410e+03 8.582068e+03
18.0 8.583681e+03 8.426039e+03 8.424471e+03 8.582112e+03
0.5 8.410910e+03 8.402604e+03 8.427270e+03 8.435576e+03
1.5 8.479063e+03 8.447476e+03 8.424732e+03 8.456319e+03
2.5 8.499254e+03 8.458300e+03 8.425049e+03 8.466003e+03
3.5 8.474273e+03 8.454708e+03 8.427263e+03 8.446828e+03
4.5 8.465041e+03 8.432122e+03 8.428716e+03 8.461636e+03
5.5 8.452911e+03 8.424789e+03 8.427369e+03 8.455491e+03
6.5 8.429127e+03 8.424853e+03 8.425664e+03 8.429938e+03
7.5 8.428794e+03 8.423700e+03 8.424633e+03 8.429726e+03
8.5 8.441519e+03 8.413510e+03 8.424160e+03 8.452169e+03
9.5 8.412355e+03 8.408880e+03 8.424022e+03 8.427497e+03
10.5 8.385043e+03 8.415934e+03 8.424071e+03 8.393181e+03
11.5 8.286535e+03 8.426727e+03 8.424195e+03 8.284003e+03
12.5 8.432863e+03 8.432776e+03 8.424318e+03 8.424405e+03
13.5 8.585446e+03 8.427788e+03 8.424410e+03 8.582068e+03
14.5 8.583681e+03 8.426039e+03 8.424471e+03 8.582112e+03
15.5 8.486375e+03 8.396959e+03 8.424508e+03 8.513924e+03
16.5 8.396713e+03 8.392273e+03 8.424534e+03 8.428973e+03
17.5 8.375823e+03 8.406270e+03 8.424553e+03 8.394105e+03
1.0 8.499254e+03 8.458300e+03 8.425049e+03 8.466003e+03
2.0 8.474273e+03 8.454708e+03 8.427263e+03 8.446828e+03
3.0 8.465041e+03 8.432122e+03 8.428716e+03 8.461636e+03
4.0 8.452911e+03 8.424789e+03 8.427369e+03 8.455491e+03
5.0 8.429127e+03 8.424853e+03 8.425664e+03 8.429938e+03
6.0 8.428794e+03 8.423700e+03 8.424633e+03 8.429726e+03
7.0 8.441519e+03 8.413510e+03 8.424160e+03 8.452169e+03
8.0 8.412355e+03 8.408880e+03 8.424022e+03 8.427497e+03
9.0 8.385043e+03 8.415934e+03 8.424071e+03 8.393181e+03
10.0 8.286535e+03 8.426727e+03 8.424195e+03 8.284003e+03
11.0 8.432863e+03 8.432776e+03 8.424318e+03 8.424405e+03
12.0 8.585446e+03 8.427788e+03 8.424410e+03 8.582068e+03
13.0 8.583681e+03 8.426039e+03 8.424471e+03 8.582112e+03
14.0 8.486375e+03 8.396959e+03 8.424508e+03 8.513924e+03
15.0 8.396713e+03 8.392273e+03 8.424534e+03 8.428973e+03
16.0 8.375823e+03 8.406270e+03 8.424553e+03 8.394105e+03
17.0 8.402488e+03 8.425491e+03 8.424569e+03 8.401566e+03
18.0 8.418147e+03 8.414719e+03 8.424582e+03 8.428011e+03
0.1 8.393775e+03 8.420316e+03 8.424632e+03 8.398092e+03
1.1 8.416249e+03 8.428449e+03 8.423721e+03 8.411520e+03
2.1 8.421429e+03 8.437003e+03 8.422795e+03 8.407220e+03
3.1 8.431612e+03 8.446246e+03 8.424617e+03 8.409983e+03
4.1 8.448596e+03 8.446913e+03 8.427914e+03 8.429597e+03
5.1 8.449531e+03 8.443075e+03 8.428044e+03 8.434499e+03
6.1 8.452319e+03 8.440280e+03 8.427581e+03 8.439620e+03
7.1 8.461471e+03 8.436041e+03 8.426356e+03 8.451787e+03
8.1 8.437755e+03 8.426244e+03 8.425244e+03 8.436756e+03
9.1 8.395572e+03 8.409340e+03 8.424615e+03 8.410847e+03
10.1 8.412459e+03 8.407824e+03 8.424374e+03 8.429008e+03
11.1 8.464907e+03 8.407697e+03 8.424356e+03 8.481566e+03
12.1 8.450823e+03 8.400989e+03 8.424439e+03 8.474273e+03
13.1 8.425995e+03 8.406264e+03 8.424545e+03 8.444276e+03
14.1 8.406458e+03 8.416095e+03 8.424638e+03 8.415000e+03
15.1 8.395303e+03 8.429686e+03 8.424707e+03 8.390325e+03
16.1 8.407211e+03 8.434950e+03 8.424758e+03 8.397019e+03
17.1 8.420619e+03 8.431884e+03 8.424797e+03 8.413532e+03
0.5 8.421429e+03 8.437003e+03 8.422795e+03 8.407220e+03
1.5 8.431612e+03 8.446246e+03 8.424617e+03 8.409983e+03
2.5 8.448596e+03 8.446913e+03 8.427914e+03 8.429597e+03
3.5 8.449531e+03 8.443075e+03 8.428044e+03 8.434499e+03
4.5 8.452319e+03 8.440280e+03 8.427581e+03 8.439620e+03
5.5 8.461471e+03 8.436041e+03 8.426356e+03 8.451787e+03
6.5 8.437755e+03 8.426244e+03 8.425244e+03 8.436756e+03
7.5 8.395572e+03 8.409340e+03 8.424615e+03 8.410847e+03
8.5 8.412459e+03 8.407824e+03 8.424374e+03 8.429008e+03
9.5 8.464907e+03 8.407697e+03 8.424356e+03 8.481566e+03
10.5 8.450823e+03 8.400989e+03 8.424439e+03 8.474273e+03
11.5 8.425995e+03 8.406264e+03 8.424545e+03 8.444276e+03
12.5 8.406458e+03 8.416095e+03 8.424638e+03 8.415000e+03
13.5 8.395303e+03 8.429686e+03 8.424707e+03 8.390325e+03
14.5 8.407211e+03 8.434950e+03 8.424758e+03 8.397019e+03
15.5 8.420619e+03 8.431884e+03 8.424797e+03 8.413532e+03
16.5 8.428548e+03 8.424213e+03 8.424831e+03 8.429166e+03
17.5 8.429633e+03 8.427652e+03 8.424863e+03 8.426843e+03
0.1 8.431612e+03 8.446246e+03 8.424617e+03 8.409983e+03
1.1 8.448596e+03 8.446913e+03 8.427914e+03 8.429597e+03
2.1 8.449531e+03 8.443075e+03 8.428044e+03 8.434499e+03
3.1 8.452319e+03 8.440280e+03 8.427581e+03 8.439620e+03
4.1 8.461471e+03 8.436041e+03 8.426356e+03 8.451787e+03
5.1 8.437755e+03 8.426244e+03 8.425244e+03 8.436756e+03
6.1 8.395572e+03 8.409340e+03 8.424615e+03 8.410847e+03
7.1 8.412459e+03 8.407824e+03 8.424374e+03 8.429008e+03
8.1 8.464907e+03 8.407697e+03 8.424356e+03 8.481566e+03
9.1 8.450823e+03 8.400989e+03 8.424439e+03 8.474273e+03
10.1 8.425995e+03 8.406264e+03 8.424545e+03 8.444276e+03
11.1 8.406458e+03 8.416095e+03 8.424638e+03 8.415000e+03
12.1 8.395303e+03 8.429686e+03 8.424707e+03 8.390325e+03
13.1 8.407211e+03 8.434950e+03 8.424758e+03 8.397019e+03
14.1 8.420619e+03 8.431884e+03 8.424797e+03 8.413532e+03
15.1 8.428548e+03 8.424213e+03 8.424831e+03 8.429166e+03
16.1 8.429633e+03 8.427652e+03 8.424863e+03 8.426843e+03
17.1 8.412970e+03 8.434020e+03 8.424896e+03 8.403846e+03
