0.5 1.148066e+03 1.170846e+03 1.177337e+03 1.154558e+03
1.5 1.159886e+03 1.178891e+03 1.177478e+03 1.158473e+03
2.5 1.176018e+03 1.170982e+03 1.177994e+03 1.183030e+03
3.5 1.165498e+03 1.188058e+03 1.178531e+03 1.155971e+03
4.5 1.173085e+03 1.171658e+03 1.178836e+03 1.180263e+03
5.5 1.195925e+03 1.187713e+03 1.178941e+03 1.187153e+03
6.5 1.167716e+03 1.171815e+03 1.178789e+03 1.174691e+03
7.5 1.203022e+03 1.184988e+03 1.178216e+03 1.196250e+03
8.5 1.187421e+03 1.173471e+03 1.177612e+03 1.191562e+03
9.5 1.178998e+03 1.192183e+03 1.177250e+03 1.164065e+03
10.5 1.190826e+03 1.189462e+03 1.177101e+03 1.178465e+03
11.5 1.205491e+03 1.188638e+03 1.177075e+03 1.193929e+03
12.5 1.201768e+03 1.178010e+03 1.177104e+03 1.200863e+03
13.5 1.183256e+03 1.180003e+03 1.177149e+03 1.180401e+03
14.5 1.196505e+03 1.188807e+03 1.177188e+03 1.184886e+03
15.5 1.204505e+03 1.171426e+03 1.177362e+03 1.210441e+03
16.5 1.149216e+03 1.176332e+03 1.177899e+03 1.150782e+03
17.5 1.168194e+03 1.176652e+03 1.178448e+03 1.169990e+03
18.5 1.170859e+03 1.184072e+03 1.178761e+03 1.165547e+03
19.5 1.140414e+03 1.177404e+03 1.178872e+03 1.141882e+03
20.5 1.195276e+03 1.185306e+03 1.178725e+03 1.188695e+03
21.5 1.161743e+03 1.175261e+03 1.178157e+03 1.164638e+03
22.5 1.175200e+03 1.185954e+03 1.177558e+03 1.166804e+03
0.5 1.196505e+03 1.188807e+03 1.177188e+03 1.184886e+03
1.5 1.204505e+03 1.171426e+03 1.177362e+03 1.210441e+03
2.5 1.149216e+03 1.176332e+03 1.177899e+03 1.150782e+03
3.5 1.168194e+03 1.176652e+03 1.178448e+03 1.169990e+03
4.5 1.170859e+03 1.184072e+03 1.178761e+03 1.165547e+03
5.5 1.140414e+03 1.177404e+03 1.178872e+03 1.141882e+03
6.5 1.195276e+03 1.185306e+03 1.178725e+03 1.188695e+03
7.5 1.161743e+03 1.175261e+03 1.178157e+03 1.164638e+03
8.5 1.175200e+03 1.185954e+03 1.177558e+03 1.166804e+03
9.5 1.145589e+03 1.168108e+03 1.177200e+03 1.154681e+03
10.5 1.151040e+03 1.191934e+03 1.177056e+03 1.136163e+03
11.5 1.176091e+03 1.178694e+03 1.177035e+03 1.174432e+03
12.5 1.194136e+03 1.196545e+03 1.177069e+03 1.174660e+03
13.5 1.182271e+03 1.178781e+03 1.177119e+03 1.180609e+03
14.5 1.168807e+03 1.188618e+03 1.177162e+03 1.157352e+03
15.5 1.135868e+03 1.167657e+03 1.177191e+03 1.145403e+03
16.5 1.205050e+03 1.181410e+03 1.177210e+03 1.200851e+03
17.5 1.155559e+03 1.165054e+03 1.177368e+03 1.167874e+03
18.5 1.180727e+03 1.178235e+03 1.177898e+03 1.180390e+03
19.5 1.164290e+03 1.169379e+03 1.178446e+03 1.173357e+03
20.5 1.180433e+03 1.185399e+03 1.178761e+03 1.173795e+03
21.5 1.132689e+03 1.170776e+03 1.178876e+03 1.140789e+03
22.5 1.177515e+03 1.182484e+03 1.178735e+03 1.173765e+03
0.5 1.205050e+03 1.181410e+03 1.177210e+03 1.200851e+03
1.5 1.155559e+03 1.165054e+03 1.177368e+03 1.167874e+03
2.5 1.180727e+03 1.178235e+03 1.177898e+03 1.180390e+03
3.5 1.164290e+03 1.169379e+03 1.178446e+03 1.173357e+03
4.5 1.180433e+03 1.185399e+03 1.178761e+03 1.173795e+03
5.5 1.132689e+03 1.170776e+03 1.178876e+03 1.140789e+03
6.5 1.177515e+03 1.182484e+03 1.178735e+03 1.173765e+03
7.5 1.175846e+03 1.164973e+03 1.178171e+03 1.189044e+03
8.5 1.188941e+03 1.188509e+03 1.177578e+03 1.178009e+03
9.5 1.160281e+03 1.174734e+03 1.177225e+03 1.162773e+03
10.5 1.193852e+03 1.196597e+03 1.177086e+03 1.174342e+03
11.5 1.193371e+03 1.174232e+03 1.177070e+03 1.196209e+03
12.5 1.217496e+03 1.186951e+03 1.177109e+03 1.207655e+03
13.5 1.130476e+03 1.165180e+03 1.177163e+03 1.142459e+03
14.5 1.197982e+03 1.181240e+03 1.177212e+03 1.193954e+03
15.5 1.171389e+03 1.162431e+03 1.177394e+03 1.186352e+03
16.5 1.175723e+03 1.178758e+03 1.177940e+03 1.174905e+03
17.5 1.188224e+03 1.168132e+03 1.178498e+03 1.198590e+03
18.5 1.186018e+03 1.179164e+03 1.178820e+03 1.185673e+03
19.5 1.203919e+03 1.172986e+03 1.178939e+03 1.209872e+03
20.5 1.162017e+03 1.178919e+03 1.178800e+03 1.161899e+03
21.5 1.181790e+03 1.184206e+03 1.178240e+03 1.175824e+03
22.5 1.194024e+03 1.194306e+03 1.177648e+03 1.177365e+03
0.5 1.197982e+03 1.181240e+03 1.177212e+03 1.193954e+03
1.5 1.171389e+03 1.162431e+03 1.177394e+03 1.186352e+03
2.5 1.175723e+03 1.178758e+03 1.177940e+03 1.174905e+03
3.5 1.188224e+03 1.168132e+03 1.178498e+03 1.198590e+03
4.5 1.186018e+03 1.179164e+03 1.178820e+03 1.185673e+03
5.5 1.203919e+03 1.172986e+03 1.178939e+03 1.209872e+03
6.5 1.162017e+03 1.178919e+03 1.178800e+03 1.161899e+03
7.5 1.181790e+03 1.184206e+03 1.178240e+03 1.175824e+03
8.5 1.194024e+03 1.194306e+03 1.177648e+03 1.177365e+03
9.5 1.207249e+03 1.204781e+03 1.177297e+03 1.179765e+03
10.5 1.218634e+03 1.182812e+03 1.177160e+03 1.212982e+03
11.5 1.167041e+03 1.183986e+03 1.177145e+03 1.160199e+03
12.5 1.202069e+03 1.177318e+03 1.177185e+03 1.201936e+03
13.5 1.194161e+03 1.178508e+03 1.177240e+03 1.192893e+03
14.5 1.189695e+03 1.172765e+03 1.177289e+03 1.194219e+03
15.5 1.173019e+03 1.173119e+03 1.177323e+03 1.177223e+03
16.5 1.137905e+03 1.171368e+03 1.177345e+03 1.143882e+03
17.5 1.176376e+03 1.175776e+03 1.177358e+03 1.177958e+03
18.5 1.166694e+03 1.166666e+03 1.177367e+03 1.177396e+03
19.5 1.187256e+03 1.177179e+03 1.177373e+03 1.187450e+03
20.5 1.168104e+03 1.170800e+03 1.177379e+03 1.174683e+03
21.5 1.157429e+03 1.177219e+03 1.177383e+03 1.157593e+03
22.5 1.140766e+03 1.169571e+03 1.177387e+03 1.148582e+03
0.5 1.189267e+03 1.186732e+03 1.177323e+03 1.179859e+03
1.5 1.201483e+03 1.178352e+03 1.177465e+03 1.200595e+03
2.5 1.212881e+03 1.183510e+03 1.177982e+03 1.207353e+03
3.5 1.168884e+03 1.172670e+03 1.178519e+03 1.174733e+03
4.5 1.198280e+03 1.194292e+03 1.178824e+03 1.182812e+03
5.5 1.188102e+03 1.169593e+03 1.178929e+03 1.197438e+03
6.5 1.212707e+03 1.195164e+03 1.178777e+03 1.196319e+03
7.5 1.187214e+03 1.171798e+03 1.178203e+03 1.193619e+03
8.5 1.163850e+03 1.185614e+03 1.177599e+03 1.155835e+03
9.5 1.202197e+03 1.184933e+03 1.177235e+03 1.194499e+03
10.5 1.193692e+03 1.202202e+03 1.177085e+03 1.168575e+03
11.5 1.220367e+03 1.192945e+03 1.177057e+03 1.204479e+03
12.5 1.198366e+03 1.183277e+03 1.177085e+03 1.192175e+03
13.5 1.193289e+03 1.192722e+03 1.177128e+03 1.177695e+03
14.5 1.195011e+03 1.175247e+03 1.177164e+03 1.196928e+03
15.5 1.170780e+03 1.162772e+03 1.177189e+03 1.185196e+03
16.5 1.187673e+03 1.184244e+03 1.177349e+03 1.180778e+03
17.5 1.176742e+03 1.159581e+03 1.177876e+03 1.195037e+03
18.5 1.156182e+03 1.183480e+03 1.178419e+03 1.151121e+03
19.5 1.174754e+03 1.163939e+03 1.178729e+03 1.189544e+03
20.5 1.188211e+03 1.179906e+03 1.178837e+03 1.187142e+03
21.5 1.194311e+03 1.167957e+03 1.178689e+03 1.205043e+03
22.5 1.154910e+03 1.178615e+03 1.178119e+03 1.154414e+03
0.5 1.170780e+03 1.162772e+03 1.177189e+03 1.185196e+03
1.5 1.187673e+03 1.184244e+03 1.177349e+03 1.180778e+03
2.5 1.176742e+03 1.159581e+03 1.177876e+03 1.195037e+03
3.5 1.156182e+03 1.183480e+03 1.178419e+03 1.151121e+03
4.5 1.174754e+03 1.163939e+03 1.178729e+03 1.189544e+03
5.5 1.188211e+03 1.179906e+03 1.178837e+03 1.187142e+03
6.5 1.194311e+03 1.167957e+03 1.178689e+03 1.205043e+03
7.5 1.154910e+03 1.178615e+03 1.178119e+03 1.154414e+03
8.5 1.144449e+03 1.163786e+03 1.177518e+03 1.158181e+03
9.5 1.166830e+03 1.173144e+03 1.177159e+03 1.170844e+03
10.5 1.154747e+03 1.171808e+03 1.177013e+03 1.159951e+03
11.5 1.166265e+03 1.187515e+03 1.176990e+03 1.155741e+03
12.5 1.161971e+03 1.178272e+03 1.177024e+03 1.160723e+03
13.5 1.195755e+03 1.188366e+03 1.177073e+03 1.184462e+03
14.5 1.147612e+03 1.165080e+03 1.177117e+03 1.159649e+03
