0.8 1.481405e+03 1.490913e+03 1.472826e+03 1.463318e+03
1.8 1.468966e+03 1.420471e+03 1.470108e+03 1.518603e+03
2.8 1.445841e+03 1.455631e+03 1.476422e+03 1.466632e+03
3.8 1.494448e+03 1.495218e+03 1.482207e+03 1.481437e+03
4.8 1.472665e+03 1.500517e+03 1.481891e+03 1.454038e+03
5.8 1.583051e+03 1.522042e+03 1.479850e+03 1.540859e+03
6.8 1.501953e+03 1.493797e+03 1.478322e+03 1.486478e+03
7.8 1.474352e+03 1.469927e+03 1.477409e+03 1.481834e+03
8.8 1.495250e+03 1.476944e+03 1.476831e+03 1.495137e+03
9.8 1.479917e+03 1.441373e+03 1.473078e+03 1.511621e+03
10.8 1.392901e+03 1.405103e+03 1.470031e+03 1.457829e+03
11.8 1.424543e+03 1.482401e+03 1.475442e+03 1.417584e+03
12.8 1.437717e+03 1.441994e+03 1.481474e+03 1.477196e+03
13.8 1.517116e+03 1.486405e+03 1.481596e+03 1.512308e+03
14.8 1.524121e+03 1.525193e+03 1.479735e+03 1.478663e+03
15.8 1.565110e+03 1.506097e+03 1.478274e+03 1.537287e+03
16.8 1.513127e+03 1.516632e+03 1.477396e+03 1.473890e+03
17.8 1.501026e+03 1.463155e+03 1.476935e+03 1.514806e+03
0.7 1.479917e+03 1.441373e+03 1.473078e+03 1.511621e+03
1.7 1.392901e+03 1.405103e+03 1.470031e+03 1.457829e+03
2.7 1.424543e+03 1.482401e+03 1.475442e+03 1.417584e+03
3.7 1.437717e+03 1.441994e+03 1.481474e+03 1.477196e+03
4.7 1.517116e+03 1.486405e+03 1.481596e+03 1.512308e+03
5.7 1.524121e+03 1.525193e+03 1.479735e+03 1.478663e+03
6.7 1.565110e+03 1.506097e+03 1.478274e+03 1.537287e+03
7.7 1.513127e+03 1.516632e+03 1.477396e+03 1.473890e+03
8.7 1.501026e+03 1.463155e+03 1.476935e+03 1.514806e+03
9.7 1.427557e+03 1.487797e+03 1.476781e+03 1.416541e+03
10.7 1.390281e+03 1.485232e+03 1.476809e+03 1.381858e+03
11.7 1.487955e+03 1.429321e+03 1.476904e+03 1.535538e+03
12.7 1.487431e+03 1.495606e+03 1.476994e+03 1.468819e+03
13.7 1.388628e+03 1.416663e+03 1.477057e+03 1.449023e+03
14.7 1.509057e+03 1.437960e+03 1.477096e+03 1.548193e+03
15.7 1.433912e+03 1.493238e+03 1.477118e+03 1.417792e+03
16.7 1.472081e+03 1.461308e+03 1.477132e+03 1.487905e+03
17.7 1.517214e+03 1.510993e+03 1.477145e+03 1.483365e+03
0.8 1.445771e+03 1.509890e+03 1.473048e+03 1.408930e+03
1.8 1.535165e+03 1.483936e+03 1.470590e+03 1.521819e+03
2.8 1.410590e+03 1.486597e+03 1.476614e+03 1.400607e+03
3.8 1.487707e+03 1.483692e+03 1.481975e+03 1.485990e+03
4.8 1.481379e+03 1.483792e+03 1.481636e+03 1.479223e+03
5.8 1.499770e+03 1.534539e+03 1.479729e+03 1.444961e+03
6.8 1.497607e+03 1.491148e+03 1.478314e+03 1.484772e+03
7.8 1.511068e+03 1.475349e+03 1.477472e+03 1.513191e+03
8.8 1.503650e+03 1.479644e+03 1.477037e+03 1.501042e+03
9.8 1.480415e+03 1.498581e+03 1.476897e+03 1.458731e+03
10.8 1.467997e+03 1.441417e+03 1.476927e+03 1.503506e+03
11.8 1.451485e+03 1.460594e+03 1.476731e+03 1.467621e+03
12.8 1.488656e+03 1.457614e+03 1.472613e+03 1.503656e+03
13.8 1.404984e+03 1.447987e+03 1.470557e+03 1.427554e+03
14.8 1.446502e+03 1.473285e+03 1.476923e+03 1.450140e+03
15.8 1.434265e+03 1.441307e+03 1.481999e+03 1.474958e+03
16.8 1.476155e+03 1.446379e+03 1.481495e+03 1.511271e+03
17.8 1.495206e+03 1.466756e+03 1.479600e+03 1.508050e+03
0.8 1.488656e+03 1.457614e+03 1.472613e+03 1.503656e+03
1.8 1.404984e+03 1.447987e+03 1.470557e+03 1.427554e+03
2.8 1.446502e+03 1.473285e+03 1.476923e+03 1.450140e+03
3.8 1.434265e+03 1.441307e+03 1.481999e+03 1.474958e+03
4.8 1.476155e+03 1.446379e+03 1.481495e+03 1.511271e+03
5.8 1.495206e+03 1.466756e+03 1.479600e+03 1.508050e+03
6.8 1.427607e+03 1.427673e+03 1.478225e+03 1.478159e+03
7.8 1.429890e+03 1.461510e+03 1.477414e+03 1.445794e+03
8.8 1.483340e+03 1.498629e+03 1.477008e+03 1.461720e+03
9.8 1.462879e+03 1.465659e+03 1.476892e+03 1.474112e+03
10.8 1.590944e+03 1.505008e+03 1.476940e+03 1.562877e+03
11.8 1.440017e+03 1.485496e+03 1.477040e+03 1.431561e+03
12.8 1.437447e+03 1.469004e+03 1.477131e+03 1.445574e+03
13.8 1.471580e+03 1.508232e+03 1.477193e+03 1.440541e+03
14.8 1.431492e+03 1.438012e+03 1.477229e+03 1.470709e+03
15.8 1.450294e+03 1.483460e+03 1.477248e+03 1.444083e+03
16.8 1.559868e+03 1.489480e+03 1.477260e+03 1.547648e+03
17.8 1.402596e+03 1.439442e+03 1.477268e+03 1.440422e+03
1.0 1.414730e+03 1.484936e+03 1.471938e+03 1.401732e+03
2.0 1.577713e+03 1.510415e+03 1.470601e+03 1.537898e+03
3.0 1.414962e+03 1.428209e+03 1.477946e+03 1.464700e+03
4.0 1.492840e+03 1.493412e+03 1.482570e+03 1.481999e+03
5.0 1.384857e+03 1.437998e+03 1.481638e+03 1.428497e+03
6.0 1.524012e+03 1.491337e+03 1.479632e+03 1.512306e+03
7.0 1.445670e+03 1.462058e+03 1.478224e+03 1.461836e+03
8.0 1.544420e+03 1.483350e+03 1.474899e+03 1.535969e+03
9.0 1.574501e+03 1.516944e+03 1.470358e+03 1.527916e+03
10.0 1.465561e+03 1.505008e+03 1.473635e+03 1.434188e+03
11.0 1.503606e+03 1.455172e+03 1.480663e+03 1.529097e+03
12.0 1.522543e+03 1.506248e+03 1.481915e+03 1.498210e+03
13.0 1.415127e+03 1.469820e+03 1.480207e+03 1.425514e+03
14.0 1.446747e+03 1.490025e+03 1.478626e+03 1.435348e+03
15.0 1.478325e+03 1.494852e+03 1.477641e+03 1.461114e+03
16.0 1.489558e+03 1.451219e+03 1.477094e+03 1.515433e+03
17.0 1.495768e+03 1.477602e+03 1.474905e+03 1.493071e+03
18.0 1.506504e+03 1.510750e+03 1.470069e+03 1.465824e+03
0.5 1.544420e+03 1.483350e+03 1.474899e+03 1.535969e+03
1.5 1.574501e+03 1.516944e+03 1.470358e+03 1.527916e+03
2.5 1.465561e+03 1.505008e+03 1.473635e+03 1.434188e+03
3.5 1.503606e+03 1.455172e+03 1.480663e+03 1.529097e+03
4.5 1.522543e+03 1.506248e+03 1.481915e+03 1.498210e+03
5.5 1.415127e+03 1.469820e+03 1.480207e+03 1.425514e+03
6.5 1.446747e+03 1.490025e+03 1.478626e+03 1.435348e+03
7.5 1.478325e+03 1.494852e+03 1.477641e+03 1.461114e+03
8.5 1.489558e+03 1.451219e+03 1.477094e+03 1.515433e+03
9.5 1.495768e+03 1.477602e+03 1.474905e+03 1.493071e+03
10.5 1.506504e+03 1.510750e+03 1.470069e+03 1.465824e+03
11.5 1.440981e+03 1.451631e+03 1.472382e+03 1.461732e+03
12.5 1.509293e+03 1.482487e+03 1.480282e+03 1.507088e+03
13.5 1.454460e+03 1.522402e+03 1.482413e+03 1.414471e+03
14.5 1.487326e+03 1.452427e+03 1.480697e+03 1.515596e+03
15.5 1.487441e+03 1.486741e+03 1.478888e+03 1.479588e+03
16.5 1.417635e+03 1.436159e+03 1.477741e+03 1.459217e+03
17.5 1.421537e+03 1.451175e+03 1.477098e+03 1.447460e+03
0.3 1.495768e+03 1.477602e+03 1.474905e+03 1.493071e+03
1.3 1.506504e+03 1.510750e+03 1.470069e+03 1.465824e+03
2.3 1.440981e+03 1.451631e+03 1.472382e+03 1.461732e+03
3.3 1.509293e+03 1.482487e+03 1.480282e+03 1.507088e+03
4.3 1.454460e+03 1.522402e+03 1.482413e+03 1.414471e+03
5.3 1.487326e+03 1.452427e+03 1.480697e+03 1.515596e+03
6.3 1.487441e+03 1.486741e+03 1.478888e+03 1.479588e+03
7.3 1.417635e+03 1.436159e+03 1.477741e+03 1.459217e+03
8.3 1.421537e+03 1.451175e+03 1.477098e+03 1.447460e+03
9.3 1.449766e+03 1.480589e+03 1.475848e+03 1.445025e+03
10.3 1.462301e+03 1.461215e+03 1.471094e+03 1.472180e+03
11.3 1.500642e+03 1.465223e+03 1.471300e+03 1.506720e+03
12.3 1.491817e+03 1.465258e+03 1.478764e+03 1.505324e+03
13.3 1.478945e+03 1.454965e+03 1.482112e+03 1.506092e+03
14.3 1.571973e+03 1.504269e+03 1.480874e+03 1.548577e+03
15.3 1.423948e+03 1.470125e+03 1.479078e+03 1.432900e+03
16.3 1.450886e+03 1.485291e+03 1.477887e+03 1.443482e+03
17.3 1.496647e+03 1.491074e+03 1.477204e+03 1.482777e+03
0.1 1.449766e+03 1.480589e+03 1.475848e+03 1.445025e+03
1.1 1.462301e+03 1.461215e+03 1.471094e+03 1.472180e+03
2.1 1.500642e+03 1.465223e+03 1.471300e+03 1.506720e+03
3.1 1.491817e+03 1.465258e+03 1.478764e+03 1.505324e+03
4.1 1.478945e+03 1.454965e+03 1.482112e+03 1.506092e+03
5.1 1.571973e+03 1.504269e+03 1.480874e+03 1.548577e+03
6.1 1.423948e+03 1.470125e+03 1.479078e+03 1.432900e+03
7.1 1.450886e+03 1.485291e+03 1.477887e+03 1.443482e+03
8.1 1.496647e+03 1.491074e+03 1.477204e+03 1.482777e+03
9.1 1.475304e+03 1.437778e+03 1.476891e+03 1.514416e+03
10.1 1.515970e+03 1.503176e+03 1.476834e+03 1.489627e+03
11.1 1.553320e+03 1.486484e+03 1.476904e+03 1.543741e+03
12.1 1.448214e+03 1.479188e+03 1.477004e+03 1.446029e+03
13.1 1.641009e+03 1.543786e+03 1.477082e+03 1.574304e+03
14.1 1.384960e+03 1.459636e+03 1.477130e+03 1.402454e+03
15.1 1.454862e+03 1.447676e+03 1.477160e+03 1.484346e+03
16.1 1.477459e+03 1.450445e+03 1.477177e+03 1.504191e+03
17.1 1.477163e+03 1.445187e+03 1.477187e+03 1.509163e+03
0.3 1.522073e+03 1.536295e+03 1.475229e+03 1.461007e+03
1.3 1.449516e+03 1.440593e+03 1.470404e+03 1.479327e+03
2.3 1.475184e+03 1.443832e+03 1.472640e+03 1.503992e+03
3.3 1.382817e+03 1.482020e+03 1.480457e+03 1.381254e+03
4.3 1.427399e+03 1.446432e+03 1.482531e+03 1.463498e+03
5.3 1.507286e+03 1.465145e+03 1.480783e+03 1.522924e+03
6.3 1.521594e+03 1.523418e+03 1.478960e+03 1.477137e+03
7.3 1.444268e+03 1.484161e+03 1.477807e+03 1.437915e+03
8.3 1.530792e+03 1.496359e+03 1.477162e+03 1.511596e+03
9.3 1.417133e+03 1.450003e+03 1.476885e+03 1.444015e+03
10.3 1.429648e+03 1.423617e+03 1.476853e+03 1.482884e+03
11.3 1.408887e+03 1.493721e+03 1.476934e+03 1.392101e+03
12.3 1.389793e+03 1.454087e+03 1.477031e+03 1.412736e+03
13.3 1.432884e+03 1.416427e+03 1.477100e+03 1.493557e+03
14.3 1.466687e+03 1.467489e+03 1.477138e+03 1.476336e+03
15.3 1.463266e+03 1.415508e+03 1.477154e+03 1.524912e+03
16.3 1.528252e+03 1.494761e+03 1.477114e+03 1.510604e+03
17.3 1.460976e+03 1.518886e+03 1.473985e+03 1.416075e+03
0.6 1.460976e+03 1.518886e+03 1.473985e+03 1.416075e+03
1.6 1.497541e+03 1.460793e+03 1.470372e+03 1.507120e+03
2.6 1.409098e+03 1.475530e+03 1.474873e+03 1.408442e+03
3.6 1.592786e+03 1.502039e+03 1.481334e+03 1.572080e+03
4.6 1.428301e+03 1.414768e+03 1.481855e+03 1.495388e+03
5.6 1.548463e+03 1.531577e+03 1.479994e+03 1.496880e+03
6.6 1.522035e+03 1.483299e+03 1.478449e+03 1.517185e+03
7.6 1.590480e+03 1.542793e+03 1.477511e+03 1.525198e+03
8.6 1.482391e+03 1.491139e+03 1.477009e+03 1.468262e+03
9.6 1.483670e+03 1.474529e+03 1.476826e+03 1.485967e+03
10.6 1.458446e+03 1.492150e+03 1.476838e+03 1.443134e+03
11.6 1.478368e+03 1.474596e+03 1.476927e+03 1.480699e+03
12.6 1.484722e+03 1.477879e+03 1.477015e+03 1.483858e+03
13.6 1.557029e+03 1.507288e+03 1.477076e+03 1.526816e+03
14.6 1.400068e+03 1.420127e+03 1.477111e+03 1.457051e+03
15.6 1.382529e+03 1.446500e+03 1.477130e+03 1.413159e+03
16.6 1.489416e+03 1.475096e+03 1.477139e+03 1.491459e+03
17.6 1.482814e+03 1.417854e+03 1.477145e+03 1.542104e+03
0.3 1.464231e+03 1.513368e+03 1.475602e+03 1.426465e+03
1.3 1.515010e+03 1.500324e+03 1.470992e+03 1.485678e+03
2.3 1.440507e+03 1.446998e+03 1.472724e+03 1.466232e+03
3.3 1.481872e+03 1.460175e+03 1.480106e+03 1.501803e+03
4.3 1.488618e+03 1.469564e+03 1.482263e+03 1.501318e+03
5.3 1.464116e+03 1.443457e+03 1.480663e+03 1.501321e+03
6.3 1.463775e+03 1.491730e+03 1.478599e+03 1.450644e+03
7.3 1.551188e+03 1.487636e+03 1.473213e+03 1.536765e+03
8.3 1.388460e+03 1.453612e+03 1.470662e+03 1.405510e+03
9.3 1.528046e+03 1.482594e+03 1.476872e+03 1.522324e+03
10.3 1.433956e+03 1.460569e+03 1.481741e+03 1.455128e+03
11.3 1.520806e+03 1.442743e+03 1.481215e+03 1.559279e+03
12.3 1.402794e+03 1.467138e+03 1.479409e+03 1.415065e+03
13.3 1.438920e+03 1.478230e+03 1.478114e+03 1.438804e+03
14.3 1.449918e+03 1.474365e+03 1.477353e+03 1.452907e+03
15.3 1.519151e+03 1.503178e+03 1.476974e+03 1.492947e+03
16.3 1.492819e+03 1.495466e+03 1.476870e+03 1.474223e+03
17.3 1.539535e+03 1.489305e+03 1.476922e+03 1.527153e+03
0.9 1.551188e+03 1.487636e+03 1.473213e+03 1.536765e+03
1.9 1.388460e+03 1.453612e+03 1.470662e+03 1.405510e+03
2.9 1.528046e+03 1.482594e+03 1.476872e+03 1.522324e+03
3.9 1.433956e+03 1.460569e+03 1.481741e+03 1.455128e+03
4.9 1.520806e+03 1.442743e+03 1.481215e+03 1.559279e+03
5.9 1.402794e+03 1.467138e+03 1.479409e+03 1.415065e+03
6.9 1.438920e+03 1.478230e+03 1.478114e+03 1.438804e+03
7.9 1.449918e+03 1.474365e+03 1.477353e+03 1.452907e+03
8.9 1.519151e+03 1.503178e+03 1.476974e+03 1.492947e+03
9.9 1.492819e+03 1.495466e+03 1.476870e+03 1.474223e+03
10.9 1.539535e+03 1.489305e+03 1.476922e+03 1.527153e+03
11.9 1.522635e+03 1.531746e+03 1.477023e+03 1.467911e+03
12.9 1.498917e+03 1.473091e+03 1.477110e+03 1.502937e+03
13.9 1.477912e+03 1.452483e+03 1.477169e+03 1.502598e+03
14.9 1.488372e+03 1.520294e+03 1.477204e+03 1.445282e+03
15.9 1.458181e+03 1.477993e+03 1.477224e+03 1.457412e+03
16.9 1.432452e+03 1.504529e+03 1.477236e+03 1.405160e+03
17.9 1.494922e+03 1.519714e+03 1.477245e+03 1.452452e+03
0.5 1.587898e+03 1.492886e+03 1.474486e+03 1.569497e+03
1.5 1.456357e+03 1.453808e+03 1.470540e+03 1.473090e+03
2.5 1.513163e+03 1.498090e+03 1.474381e+03 1.489454e+03
3.5 1.536833e+03 1.442861e+03 1.481167e+03 1.575139e+03
4.5 1.512596e+03 1.475286e+03 1.482056e+03 1.519366e+03
5.5 1.519093e+03 1.527122e+03 1.480230e+03 1.472201e+03
6.5 1.448907e+03 1.452272e+03 1.478622e+03 1.475257e+03
7.5 1.467810e+03 1.462204e+03 1.475253e+03 1.480859e+03
8.5 1.478698e+03 1.485846e+03 1.470490e+03 1.463342e+03
9.5 1.438624e+03 1.458949e+03 1.473430e+03 1.453105e+03
10.5 1.482161e+03 1.460939e+03 1.480482e+03 1.501703e+03
11.5 1.433906e+03 1.510831e+03 1.481853e+03 1.404927e+03
12.5 1.477512e+03 1.440232e+03 1.480171e+03 1.517450e+03
13.5 1.558525e+03 1.519737e+03 1.478583e+03 1.517371e+03
14.5 1.506831e+03 1.489607e+03 1.477592e+03 1.494816e+03
15.5 1.553949e+03 1.474210e+03 1.476063e+03 1.555802e+03
16.5 1.519867e+03 1.509448e+03 1.471110e+03 1.481529e+03
17.5 1.511862e+03 1.471256e+03 1.471217e+03 1.511823e+03
0.4 1.467810e+03 1.462204e+03 1.475253e+03 1.480859e+03
1.4 1.478698e+03 1.485846e+03 1.470490e+03 1.463342e+03
2.4 1.438624e+03 1.458949e+03 1.473430e+03 1.453105e+03
3.4 1.482161e+03 1.460939e+03 1.480482e+03 1.501703e+03
4.4 1.433906e+03 1.510831e+03 1.481853e+03 1.404927e+03
5.4 1.477512e+03 1.440232e+03 1.480171e+03 1.517450e+03
6.4 1.558525e+03 1.519737e+03 1.478583e+03 1.517371e+03
7.4 1.506831e+03 1.489607e+03 1.477592e+03 1.494816e+03
8.4 1.553949e+03 1.474210e+03 1.476063e+03 1.555802e+03
9.4 1.519867e+03 1.509448e+03 1.471110e+03 1.481529e+03
10.4 1.511862e+03 1.471256e+03 1.471217e+03 1.511823e+03
11.4 1.317737e+03 1.411809e+03 1.478659e+03 1.384587e+03
12.4 1.446216e+03 1.457550e+03 1.482020e+03 1.470686e+03
13.4 1.455755e+03 1.435481e+03 1.480797e+03 1.501072e+03
14.4 1.476686e+03 1.452836e+03 1.479010e+03 1.502860e+03
15.4 1.432845e+03 1.479947e+03 1.477821e+03 1.430719e+03
16.4 1.445982e+03 1.442583e+03 1.477137e+03 1.480535e+03
17.4 1.511607e+03 1.498018e+03 1.476819e+03 1.490409e+03
0.1 1.553949e+03 1.474210e+03 1.476063e+03 1.555802e+03
1.1 1.519867e+03 1.509448e+03 1.471110e+03 1.481529e+03
2.1 1.511862e+03 1.471256e+03 1.471217e+03 1.511823e+03
3.1 1.317737e+03 1.411809e+03 1.478659e+03 1.384587e+03
4.1 1.446216e+03 1.457550e+03 1.482020e+03 1.470686e+03
5.1 1.455755e+03 1.435481e+03 1.480797e+03 1.501072e+03
6.1 1.476686e+03 1.452836e+03 1.479010e+03 1.502860e+03
7.1 1.432845e+03 1.479947e+03 1.477821e+03 1.430719e+03
8.1 1.445982e+03 1.442583e+03 1.477137e+03 1.480535e+03
9.1 1.511607e+03 1.498018e+03 1.476819e+03 1.490409e+03
10.1 1.419214e+03 1.497954e+03 1.476757e+03 1.398017e+03
11.1 1.409082e+03 1.417503e+03 1.476824e+03 1.468404e+03
12.1 1.408788e+03 1.457055e+03 1.476920e+03 1.428653e+03
13.1 1.450454e+03 1.449408e+03 1.476997e+03 1.478043e+03
14.1 1.401893e+03 1.456831e+03 1.477046e+03 1.422108e+03
15.1 1.556019e+03 1.508814e+03 1.477074e+03 1.524279e+03
16.1 1.462999e+03 1.467018e+03 1.477090e+03 1.473071e+03
17.1 1.503880e+03 1.479968e+03 1.477100e+03 1.501011e+03
