0.8 1.388628e+03 1.416663e+03 1.478982e+03 1.450947e+03
1.8 1.509057e+03 1.437960e+03 1.476338e+03 1.547435e+03
2.8 1.433912e+03 1.493238e+03 1.474647e+03 1.415321e+03
3.8 1.472081e+03 1.461308e+03 1.475113e+03 1.485886e+03
4.8 1.517214e+03 1.510993e+03 1.476060e+03 1.482280e+03
5.8 1.485906e+03 1.473200e+03 1.476731e+03 1.489437e+03
6.8 1.488623e+03 1.493024e+03 1.477112e+03 1.472711e+03
7.8 1.513121e+03 1.524020e+03 1.477287e+03 1.466389e+03
8.8 1.453816e+03 1.447588e+03 1.477327e+03 1.483554e+03
9.8 1.468129e+03 1.473207e+03 1.477295e+03 1.472218e+03
10.8 1.475705e+03 1.479681e+03 1.477247e+03 1.473270e+03
11.8 1.410623e+03 1.432974e+03 1.477208e+03 1.454857e+03
12.8 1.520107e+03 1.487562e+03 1.477185e+03 1.509729e+03
13.8 1.393175e+03 1.460559e+03 1.477176e+03 1.409792e+03
14.8 1.427283e+03 1.459918e+03 1.477602e+03 1.444967e+03
15.8 1.443805e+03 1.497426e+03 1.480390e+03 1.426769e+03
16.8 1.467760e+03 1.429138e+03 1.482004e+03 1.520627e+03
17.8 1.465673e+03 1.479215e+03 1.479996e+03 1.466454e+03
0.7 1.467760e+03 1.429138e+03 1.482004e+03 1.520627e+03
1.7 1.465673e+03 1.479215e+03 1.479996e+03 1.466454e+03
2.7 1.507369e+03 1.505309e+03 1.474930e+03 1.476989e+03
3.7 1.458943e+03 1.463106e+03 1.472768e+03 1.468605e+03
4.7 1.486605e+03 1.480567e+03 1.473941e+03 1.479979e+03
5.7 1.542793e+03 1.519110e+03 1.475537e+03 1.499220e+03
6.7 1.452903e+03 1.420985e+03 1.476595e+03 1.508513e+03
7.7 1.487929e+03 1.511195e+03 1.477173e+03 1.453908e+03
8.7 1.590812e+03 1.503400e+03 1.477415e+03 1.564828e+03
9.7 1.521161e+03 1.501439e+03 1.477441e+03 1.497162e+03
10.7 1.457483e+03 1.474226e+03 1.477365e+03 1.460621e+03
11.7 1.558499e+03 1.507004e+03 1.477270e+03 1.528765e+03
12.7 1.433989e+03 1.472230e+03 1.477195e+03 1.438954e+03
13.7 1.445771e+03 1.509890e+03 1.477146e+03 1.413027e+03
14.7 1.535165e+03 1.483936e+03 1.477115e+03 1.528344e+03
15.7 1.410590e+03 1.486597e+03 1.477096e+03 1.401089e+03
16.7 1.487707e+03 1.483692e+03 1.477083e+03 1.481098e+03
17.7 1.481379e+03 1.483792e+03 1.477073e+03 1.474660e+03
0.9 1.465673e+03 1.479215e+03 1.479996e+03 1.466454e+03
1.9 1.507369e+03 1.505309e+03 1.474930e+03 1.476989e+03
2.9 1.458943e+03 1.463106e+03 1.472768e+03 1.468605e+03
3.9 1.486605e+03 1.480567e+03 1.473941e+03 1.479979e+03
4.9 1.542793e+03 1.519110e+03 1.475537e+03 1.499220e+03
5.9 1.452903e+03 1.420985e+03 1.476595e+03 1.508513e+03
6.9 1.487929e+03 1.511195e+03 1.477173e+03 1.453908e+03
7.9 1.590812e+03 1.503400e+03 1.477415e+03 1.564828e+03
8.9 1.521161e+03 1.501439e+03 1.477441e+03 1.497162e+03
9.9 1.457483e+03 1.474226e+03 1.477365e+03 1.460621e+03
10.9 1.558499e+03 1.507004e+03 1.477270e+03 1.528765e+03
11.9 1.433989e+03 1.472230e+03 1.477195e+03 1.438954e+03
12.9 1.445771e+03 1.509890e+03 1.477146e+03 1.413027e+03
13.9 1.535165e+03 1.483936e+03 1.477115e+03 1.528344e+03
14.9 1.410590e+03 1.486597e+03 1.477096e+03 1.401089e+03
15.9 1.487707e+03 1.483692e+03 1.477083e+03 1.481098e+03
16.9 1.481379e+03 1.483792e+03 1.477073e+03 1.474660e+03
17.9 1.499770e+03 1.534539e+03 1.477066e+03 1.442297e+03
0.5 1.427607e+03 1.427673e+03 1.487094e+03 1.487028e+03
1.5 1.429890e+03 1.461510e+03 1.483381e+03 1.451761e+03
2.5 1.483340e+03 1.498629e+03 1.476978e+03 1.461689e+03
3.5 1.462879e+03 1.465659e+03 1.470611e+03 1.467831e+03
4.5 1.590944e+03 1.505008e+03 1.466208e+03 1.552145e+03
5.5 1.440017e+03 1.485496e+03 1.468255e+03 1.422776e+03
6.5 1.437447e+03 1.469004e+03 1.472617e+03 1.441060e+03
7.5 1.471580e+03 1.508232e+03 1.475809e+03 1.439156e+03
8.5 1.431492e+03 1.438012e+03 1.477499e+03 1.470978e+03
9.5 1.450294e+03 1.483460e+03 1.478172e+03 1.445007e+03
10.5 1.559868e+03 1.489480e+03 1.478255e+03 1.548643e+03
11.5 1.402596e+03 1.439442e+03 1.478069e+03 1.441223e+03
12.5 1.429355e+03 1.465605e+03 1.477830e+03 1.441580e+03
13.5 1.541328e+03 1.503576e+03 1.477640e+03 1.515391e+03
14.5 1.471122e+03 1.480148e+03 1.477520e+03 1.468494e+03
15.5 1.588067e+03 1.547615e+03 1.477455e+03 1.517906e+03
16.5 1.456398e+03 1.474037e+03 1.477420e+03 1.459782e+03
17.5 1.414730e+03 1.484936e+03 1.477401e+03 1.407195e+03
0.6 1.429890e+03 1.461510e+03 1.483381e+03 1.451761e+03
1.6 1.483340e+03 1.498629e+03 1.476978e+03 1.461689e+03
2.6 1.462879e+03 1.465659e+03 1.470611e+03 1.467831e+03
3.6 1.590944e+03 1.505008e+03 1.466208e+03 1.552145e+03
4.6 1.440017e+03 1.485496e+03 1.468255e+03 1.422776e+03
5.6 1.437447e+03 1.469004e+03 1.472617e+03 1.441060e+03
6.6 1.471580e+03 1.508232e+03 1.475809e+03 1.439156e+03
7.6 1.431492e+03 1.438012e+03 1.477499e+03 1.470978e+03
8.6 1.450294e+03 1.483460e+03 1.478172e+03 1.445007e+03
9.6 1.559868e+03 1.489480e+03 1.478255e+03 1.548643e+03
10.6 1.402596e+03 1.439442e+03 1.478069e+03 1.441223e+03
11.6 1.429355e+03 1.465605e+03 1.477830e+03 1.441580e+03
12.6 1.541328e+03 1.503576e+03 1.477640e+03 1.515391e+03
13.6 1.471122e+03 1.480148e+03 1.477520e+03 1.468494e+03
14.6 1.588067e+03 1.547615e+03 1.477455e+03 1.517906e+03
15.6 1.456398e+03 1.474037e+03 1.477420e+03 1.459782e+03
16.6 1.414730e+03 1.484936e+03 1.477401e+03 1.407195e+03
17.6 1.577713e+03 1.510415e+03 1.477387e+03 1.544684e+03
0.3 1.483340e+03 1.498629e+03 1.476978e+03 1.461689e+03
1.3 1.462879e+03 1.465659e+03 1.470611e+03 1.467831e+03
2.3 1.590944e+03 1.505008e+03 1.466208e+03 1.552145e+03
3.3 1.440017e+03 1.485496e+03 1.468255e+03 1.422776e+03
4.3 1.437447e+03 1.469004e+03 1.472617e+03 1.441060e+03
5.3 1.471580e+03 1.508232e+03 1.475809e+03 1.439156e+03
6.3 1.431492e+03 1.438012e+03 1.477499e+03 1.470978e+03
7.3 1.450294e+03 1.483460e+03 1.478172e+03 1.445007e+03
8.3 1.559868e+03 1.489480e+03 1.478255e+03 1.548643e+03
9.3 1.402596e+03 1.439442e+03 1.478069e+03 1.441223e+03
10.3 1.429355e+03 1.465605e+03 1.477830e+03 1.441580e+03
11.3 1.541328e+03 1.503576e+03 1.477640e+03 1.515391e+03
12.3 1.471122e+03 1.480148e+03 1.477520e+03 1.468494e+03
13.3 1.588067e+03 1.547615e+03 1.477455e+03 1.517906e+03
14.3 1.456398e+03 1.474037e+03 1.477420e+03 1.459782e+03
15.3 1.414730e+03 1.484936e+03 1.477401e+03 1.407195e+03
16.3 1.577713e+03 1.510415e+03 1.477387e+03 1.544684e+03
17.3 1.414962e+03 1.428209e+03 1.477375e+03 1.464128e+03
1.0 1.478368e+03 1.474596e+03 1.481476e+03 1.485248e+03
2.0 1.484722e+03 1.477879e+03 1.475253e+03 1.482096e+03
3.0 1.557029e+03 1.507288e+03 1.469118e+03 1.518858e+03
4.0 1.400068e+03 1.420127e+03 1.464074e+03 1.444014e+03
5.0 1.382529e+03 1.446500e+03 1.460922e+03 1.396951e+03
6.0 1.489416e+03 1.475096e+03 1.455596e+03 1.469916e+03
7.0 1.482814e+03 1.417854e+03 1.451042e+03 1.516002e+03
8.0 1.415791e+03 1.492823e+03 1.458440e+03 1.381407e+03
9.0 1.485771e+03 1.435291e+03 1.469347e+03 1.519827e+03
10.0 1.439807e+03 1.463647e+03 1.478820e+03 1.454980e+03
11.0 1.432160e+03 1.463856e+03 1.488764e+03 1.457068e+03
12.0 1.426176e+03 1.448659e+03 1.493471e+03 1.470989e+03
13.0 1.511470e+03 1.530343e+03 1.491937e+03 1.473064e+03
14.0 1.513528e+03 1.534185e+03 1.487434e+03 1.466776e+03
15.0 1.449269e+03 1.491322e+03 1.482552e+03 1.440498e+03
16.0 1.532004e+03 1.509813e+03 1.478230e+03 1.500421e+03
17.0 1.535037e+03 1.506736e+03 1.474741e+03 1.503041e+03
18.0 1.434370e+03 1.462806e+03 1.471208e+03 1.442772e+03
0.8 1.484722e+03 1.477879e+03 1.475253e+03 1.482096e+03
1.8 1.557029e+03 1.507288e+03 1.469118e+03 1.518858e+03
2.8 1.400068e+03 1.420127e+03 1.464074e+03 1.444014e+03
3.8 1.382529e+03 1.446500e+03 1.460922e+03 1.396951e+03
4.8 1.489416e+03 1.475096e+03 1.455596e+03 1.469916e+03
5.8 1.482814e+03 1.417854e+03 1.451042e+03 1.516002e+03
6.8 1.415791e+03 1.492823e+03 1.458440e+03 1.381407e+03
7.8 1.485771e+03 1.435291e+03 1.469347e+03 1.519827e+03
8.8 1.439807e+03 1.463647e+03 1.478820e+03 1.454980e+03
9.8 1.432160e+03 1.463856e+03 1.488764e+03 1.457068e+03
10.8 1.426176e+03 1.448659e+03 1.493471e+03 1.470989e+03
11.8 1.511470e+03 1.530343e+03 1.491937e+03 1.473064e+03
12.8 1.513528e+03 1.534185e+03 1.487434e+03 1.466776e+03
13.8 1.449269e+03 1.491322e+03 1.482552e+03 1.440498e+03
14.8 1.532004e+03 1.509813e+03 1.478230e+03 1.500421e+03
15.8 1.535037e+03 1.506736e+03 1.474741e+03 1.503041e+03
16.8 1.434370e+03 1.462806e+03 1.471208e+03 1.442772e+03
17.8 1.503386e+03 1.495959e+03 1.468760e+03 1.476187e+03
0.6 1.557029e+03 1.507288e+03 1.469118e+03 1.518858e+03
1.6 1.400068e+03 1.420127e+03 1.464074e+03 1.444014e+03
2.6 1.382529e+03 1.446500e+03 1.460922e+03 1.396951e+03
3.6 1.489416e+03 1.475096e+03 1.455596e+03 1.469916e+03
4.6 1.482814e+03 1.417854e+03 1.451042e+03 1.516002e+03
5.6 1.415791e+03 1.492823e+03 1.458440e+03 1.381407e+03
6.6 1.485771e+03 1.435291e+03 1.469347e+03 1.519827e+03
7.6 1.439807e+03 1.463647e+03 1.478820e+03 1.454980e+03
8.6 1.432160e+03 1.463856e+03 1.488764e+03 1.457068e+03
9.6 1.426176e+03 1.448659e+03 1.493471e+03 1.470989e+03
10.6 1.511470e+03 1.530343e+03 1.491937e+03 1.473064e+03
11.6 1.513528e+03 1.534185e+03 1.487434e+03 1.466776e+03
12.6 1.449269e+03 1.491322e+03 1.482552e+03 1.440498e+03
13.6 1.532004e+03 1.509813e+03 1.478230e+03 1.500421e+03
14.6 1.535037e+03 1.506736e+03 1.474741e+03 1.503041e+03
15.6 1.434370e+03 1.462806e+03 1.471208e+03 1.442772e+03
16.6 1.503386e+03 1.495959e+03 1.468760e+03 1.476187e+03
17.6 1.559448e+03 1.509669e+03 1.466521e+03 1.516300e+03
0.2 1.400068e+03 1.420127e+03 1.464074e+03 1.444014e+03
1.2 1.382529e+03 1.446500e+03 1.460922e+03 1.396951e+03
2.2 1.489416e+03 1.475096e+03 1.455596e+03 1.469916e+03
3.2 1.482814e+03 1.417854e+03 1.451042e+03 1.516002e+03
4.2 1.415791e+03 1.492823e+03 1.458440e+03 1.381407e+03
5.2 1.485771e+03 1.435291e+03 1.469347e+03 1.519827e+03
6.2 1.439807e+03 1.463647e+03 1.478820e+03 1.454980e+03
7.2 1.432160e+03 1.463856e+03 1.488764e+03 1.457068e+03
8.2 1.426176e+03 1.448659e+03 1.493471e+03 1.470989e+03
9.2 1.511470e+03 1.530343e+03 1.491937e+03 1.473064e+03
10.2 1.513528e+03 1.534185e+03 1.487434e+03 1.466776e+03
11.2 1.449269e+03 1.491322e+03 1.482552e+03 1.440498e+03
12.2 1.532004e+03 1.509813e+03 1.478230e+03 1.500421e+03
13.2 1.535037e+03 1.506736e+03 1.474741e+03 1.503041e+03
14.2 1.434370e+03 1.462806e+03 1.471208e+03 1.442772e+03
15.2 1.503386e+03 1.495959e+03 1.468760e+03 1.476187e+03
16.2 1.559448e+03 1.509669e+03 1.466521e+03 1.516300e+03
17.2 1.460598e+03 1.474452e+03 1.469660e+03 1.455806e+03
0.2 1.382529e+03 1.446500e+03 1.460922e+03 1.396951e+03
1.2 1.489416e+03 1.475096e+03 1.455596e+03 1.469916e+03
2.2 1.482814e+03 1.417854e+03 1.451042e+03 1.516002e+03
3.2 1.415791e+03 1.492823e+03 1.458440e+03 1.381407e+03
4.2 1.485771e+03 1.435291e+03 1.469347e+03 1.519827e+03
5.2 1.439807e+03 1.463647e+03 1.478820e+03 1.454980e+03
6.2 1.432160e+03 1.463856e+03 1.488764e+03 1.457068e+03
7.2 1.426176e+03 1.448659e+03 1.493471e+03 1.470989e+03
8.2 1.511470e+03 1.530343e+03 1.491937e+03 1.473064e+03
9.2 1.513528e+03 1.534185e+03 1.487434e+03 1.466776e+03
10.2 1.449269e+03 1.491322e+03 1.482552e+03 1.440498e+03
11.2 1.532004e+03 1.509813e+03 1.478230e+03 1.500421e+03
12.2 1.535037e+03 1.506736e+03 1.474741e+03 1.503041e+03
13.2 1.434370e+03 1.462806e+03 1.471208e+03 1.442772e+03
14.2 1.503386e+03 1.495959e+03 1.468760e+03 1.476187e+03
15.2 1.559448e+03 1.509669e+03 1.466521e+03 1.516300e+03
16.2 1.460598e+03 1.474452e+03 1.469660e+03 1.455806e+03
17.2 1.501408e+03 1.516106e+03 1.474410e+03 1.459712e+03
0.5 1.449269e+03 1.491322e+03 1.482552e+03 1.440498e+03
1.5 1.532004e+03 1.509813e+03 1.478230e+03 1.500421e+03
2.5 1.535037e+03 1.506736e+03 1.474741e+03 1.503041e+03
3.5 1.434370e+03 1.462806e+03 1.471208e+03 1.442772e+03
4.5 1.503386e+03 1.495959e+03 1.468760e+03 1.476187e+03
5.5 1.559448e+03 1.509669e+03 1.466521e+03 1.516300e+03
6.5 1.460598e+03 1.474452e+03 1.469660e+03 1.455806e+03
7.5 1.501408e+03 1.516106e+03 1.474410e+03 1.459712e+03
8.5 1.453799e+03 1.447048e+03 1.477534e+03 1.484284e+03
9.5 1.532501e+03 1.455707e+03 1.479282e+03 1.556076e+03
10.5 1.465485e+03 1.496529e+03 1.481500e+03 1.450457e+03
11.5 1.409160e+03 1.452212e+03 1.481677e+03 1.438625e+03
12.5 1.511893e+03 1.497330e+03 1.478599e+03 1.493161e+03
13.5 1.443689e+03 1.462625e+03 1.476336e+03 1.457400e+03
14.5 1.525209e+03 1.519992e+03 1.476411e+03 1.481629e+03
15.5 1.501642e+03 1.477495e+03 1.477073e+03 1.501220e+03
16.5 1.494749e+03 1.483622e+03 1.477548e+03 1.488675e+03
17.5 1.512153e+03 1.491784e+03 1.477806e+03 1.498175e+03
1.0 1.535037e+03 1.506736e+03 1.474741e+03 1.503041e+03
2.0 1.434370e+03 1.462806e+03 1.471208e+03 1.442772e+03
3.0 1.503386e+03 1.495959e+03 1.468760e+03 1.476187e+03
4.0 1.559448e+03 1.509669e+03 1.466521e+03 1.516300e+03
5.0 1.460598e+03 1.474452e+03 1.469660e+03 1.455806e+03
6.0 1.501408e+03 1.516106e+03 1.474410e+03 1.459712e+03
7.0 1.453799e+03 1.447048e+03 1.477534e+03 1.484284e+03
8.0 1.532501e+03 1.455707e+03 1.479282e+03 1.556076e+03
9.0 1.465485e+03 1.496529e+03 1.481500e+03 1.450457e+03
10.0 1.409160e+03 1.452212e+03 1.481677e+03 1.438625e+03
11.0 1.511893e+03 1.497330e+03 1.478599e+03 1.493161e+03
12.0 1.443689e+03 1.462625e+03 1.476336e+03 1.457400e+03
13.0 1.525209e+03 1.519992e+03 1.476411e+03 1.481629e+03
14.0 1.501642e+03 1.477495e+03 1.477073e+03 1.501220e+03
15.0 1.494749e+03 1.483622e+03 1.477548e+03 1.488675e+03
16.0 1.512153e+03 1.491784e+03 1.477806e+03 1.498175e+03
17.0 1.358403e+03 1.428963e+03 1.477907e+03 1.407347e+03
18.0 1.484516e+03 1.474205e+03 1.477895e+03 1.488207e+03
0.4 1.434370e+03 1.462806e+03 1.471208e+03 1.442772e+03
1.4 1.503386e+03 1.495959e+03 1.468760e+03 1.476187e+03
2.4 1.559448e+03 1.509669e+03 1.466521e+03 1.516300e+03
3.4 1.460598e+03 1.474452e+03 1.469660e+03 1.455806e+03
4.4 1.501408e+03 1.516106e+03 1.474410e+03 1.459712e+03
5.4 1.453799e+03 1.447048e+03 1.477534e+03 1.484284e+03
6.4 1.532501e+03 1.455707e+03 1.479282e+03 1.556076e+03
7.4 1.465485e+03 1.496529e+03 1.481500e+03 1.450457e+03
8.4 1.409160e+03 1.452212e+03 1.481677e+03 1.438625e+03
9.4 1.511893e+03 1.497330e+03 1.478599e+03 1.493161e+03
10.4 1.443689e+03 1.462625e+03 1.476336e+03 1.457400e+03
11.4 1.525209e+03 1.519992e+03 1.476411e+03 1.481629e+03
12.4 1.501642e+03 1.477495e+03 1.477073e+03 1.501220e+03
13.4 1.494749e+03 1.483622e+03 1.477548e+03 1.488675e+03
14.4 1.512153e+03 1.491784e+03 1.477806e+03 1.498175e+03
15.4 1.358403e+03 1.428963e+03 1.477907e+03 1.407347e+03
16.4 1.484516e+03 1.474205e+03 1.477895e+03 1.488207e+03
17.4 1.487801e+03 1.474505e+03 1.477821e+03 1.491116e+03
0.9 1.409160e+03 1.452212e+03 1.481677e+03 1.438625e+03
1.9 1.511893e+03 1.497330e+03 1.478599e+03 1.493161e+03
2.9 1.443689e+03 1.462625e+03 1.476336e+03 1.457400e+03
3.9 1.525209e+03 1.519992e+03 1.476411e+03 1.481629e+03
4.9 1.501642e+03 1.477495e+03 1.477073e+03 1.501220e+03
5.9 1.494749e+03 1.483622e+03 1.477548e+03 1.488675e+03
6.9 1.512153e+03 1.491784e+03 1.477806e+03 1.498175e+03
7.9 1.358403e+03 1.428963e+03 1.477907e+03 1.407347e+03
8.9 1.484516e+03 1.474205e+03 1.477895e+03 1.488207e+03
9.9 1.487801e+03 1.474505e+03 1.477821e+03 1.491116e+03
10.9 1.430776e+03 1.470852e+03 1.477730e+03 1.437654e+03
11.9 1.470376e+03 1.505490e+03 1.477648e+03 1.442533e+03
12.9 1.469236e+03 1.470418e+03 1.477581e+03 1.476399e+03
13.9 1.543024e+03 1.497442e+03 1.477526e+03 1.523108e+03
14.9 1.470105e+03 1.507973e+03 1.477480e+03 1.439612e+03
15.9 1.450418e+03 1.425647e+03 1.477439e+03 1.502211e+03
16.9 1.543698e+03 1.495085e+03 1.477507e+03 1.526120e+03
17.9 1.417824e+03 1.440053e+03 1.478400e+03 1.456171e+03
0.5 1.417824e+03 1.440053e+03 1.478400e+03 1.456171e+03
1.5 1.467881e+03 1.466684e+03 1.478248e+03 1.479445e+03
2.5 1.478760e+03 1.474499e+03 1.476928e+03 1.481189e+03
3.5 1.513576e+03 1.474924e+03 1.476547e+03 1.515199e+03
4.5 1.438878e+03 1.517330e+03 1.476766e+03 1.398314e+03
5.5 1.425505e+03 1.458037e+03 1.477006e+03 1.444474e+03
6.5 1.464231e+03 1.513368e+03 1.477159e+03 1.428022e+03
7.5 1.515010e+03 1.500324e+03 1.477248e+03 1.491934e+03
8.5 1.440507e+03 1.446998e+03 1.477286e+03 1.470795e+03
9.5 1.481872e+03 1.460175e+03 1.477288e+03 1.498985e+03
10.5 1.488618e+03 1.469564e+03 1.477272e+03 1.496326e+03
11.5 1.464116e+03 1.443457e+03 1.477252e+03 1.497910e+03
12.5 1.463775e+03 1.491730e+03 1.477235e+03 1.449280e+03
13.5 1.551188e+03 1.487636e+03 1.477223e+03 1.540775e+03
14.5 1.388460e+03 1.453612e+03 1.477214e+03 1.412062e+03
15.5 1.528046e+03 1.482594e+03 1.477207e+03 1.522659e+03
16.5 1.433956e+03 1.460569e+03 1.477203e+03 1.450590e+03
17.5 1.520806e+03 1.442743e+03 1.477201e+03 1.555265e+03
0.7 1.476686e+03 1.452836e+03 1.479505e+03 1.503355e+03
1.7 1.432845e+03 1.479947e+03 1.476761e+03 1.429659e+03
2.7 1.445982e+03 1.442583e+03 1.474726e+03 1.478125e+03
3.7 1.511607e+03 1.498018e+03 1.475070e+03 1.488660e+03
4.7 1.419214e+03 1.497954e+03 1.476023e+03 1.397283e+03
5.7 1.409082e+03 1.417503e+03 1.476938e+03 1.468518e+03
6.7 1.408788e+03 1.457055e+03 1.480008e+03 1.431741e+03
7.7 1.450454e+03 1.449408e+03 1.481937e+03 1.482982e+03
8.7 1.401893e+03 1.456831e+03 1.481343e+03 1.426405e+03
9.7 1.556019e+03 1.508814e+03 1.478667e+03 1.525872e+03
10.7 1.462999e+03 1.467018e+03 1.475324e+03 1.471305e+03
11.7 1.503880e+03 1.479968e+03 1.472399e+03 1.496311e+03
12.7 1.534597e+03 1.524436e+03 1.473072e+03 1.483233e+03
13.7 1.437593e+03 1.459827e+03 1.475024e+03 1.452790e+03
14.7 1.556628e+03 1.520794e+03 1.476484e+03 1.512317e+03
15.7 1.598615e+03 1.503800e+03 1.477286e+03 1.572101e+03
16.7 1.432441e+03 1.453499e+03 1.477633e+03 1.456575e+03
17.7 1.533133e+03 1.527361e+03 1.477701e+03 1.483473e+03
0.1 1.450454e+03 1.449408e+03 1.481937e+03 1.482982e+03
1.1 1.401893e+03 1.456831e+03 1.481343e+03 1.426405e+03
2.1 1.556019e+03 1.508814e+03 1.478667e+03 1.525872e+03
3.1 1.462999e+03 1.467018e+03 1.475324e+03 1.471305e+03
4.1 1.503880e+03 1.479968e+03 1.472399e+03 1.496311e+03
5.1 1.534597e+03 1.524436e+03 1.473072e+03 1.483233e+03
6.1 1.437593e+03 1.459827e+03 1.475024e+03 1.452790e+03
7.1 1.556628e+03 1.520794e+03 1.476484e+03 1.512317e+03
8.1 1.598615e+03 1.503800e+03 1.477286e+03 1.572101e+03
9.1 1.432441e+03 1.453499e+03 1.477633e+03 1.456575e+03
10.1 1.533133e+03 1.527361e+03 1.477701e+03 1.483473e+03
11.1 1.492527e+03 1.458716e+03 1.477631e+03 1.511441e+03
12.1 1.552812e+03 1.455677e+03 1.477527e+03 1.574661e+03
13.1 1.506875e+03 1.491752e+03 1.477439e+03 1.492563e+03
14.1 1.430431e+03 1.447470e+03 1.477381e+03 1.460342e+03
15.1 1.446744e+03 1.509412e+03 1.477346e+03 1.414679e+03
16.1 1.471335e+03 1.484532e+03 1.477324e+03 1.464128e+03
17.1 1.416191e+03 1.447516e+03 1.477308e+03 1.445983e+03
0.5 1.556019e+03 1.508814e+03 1.478667e+03 1.525872e+03
1.5 1.462999e+03 1.467018e+03 1.475324e+03 1.471305e+03
2.5 1.503880e+03 1.479968e+03 1.472399e+03 1.496311e+03
3.5 1.534597e+03 1.524436e+03 1.473072e+03 1.483233e+03
4.5 1.437593e+03 1.459827e+03 1.475024e+03 1.452790e+03
5.5 1.556628e+03 1.520794e+03 1.476484e+03 1.512317e+03
6.5 1.598615e+03 1.503800e+03 1.477286e+03 1.572101e+03
7.5 1.432441e+03 1.453499e+03 1.477633e+03 1.456575e+03
8.5 1.533133e+03 1.527361e+03 1.477701e+03 1.483473e+03
9.5 1.492527e+03 1.458716e+03 1.477631e+03 1.511441e+03
10.5 1.552812e+03 1.455677e+03 1.477527e+03 1.574661e+03
11.5 1.506875e+03 1.491752e+03 1.477439e+03 1.492563e+03
12.5 1.430431e+03 1.447470e+03 1.477381e+03 1.460342e+03
13.5 1.446744e+03 1.509412e+03 1.477346e+03 1.414679e+03
14.5 1.471335e+03 1.484532e+03 1.477324e+03 1.464128e+03
15.5 1.416191e+03 1.447516e+03 1.477308e+03 1.445983e+03
16.5 1.449719e+03 1.464843e+03 1.477292e+03 1.462169e+03
17.5 1.486041e+03 1.440520e+03 1.477275e+03 1.522796e+03
