0.9 1.390281e+03 1.485232e+03 1.477957e+03 1.383005e+03
1.9 1.487955e+03 1.429321e+03 1.471112e+03 1.529747e+03
2.9 1.487431e+03 1.495606e+03 1.464581e+03 1.456406e+03
3.9 1.388628e+03 1.416663e+03 1.466062e+03 1.438027e+03
4.9 1.509057e+03 1.437960e+03 1.472140e+03 1.543238e+03
5.9 1.433912e+03 1.493238e+03 1.477874e+03 1.418548e+03
6.8 1.472081e+03 1.461308e+03 1.480011e+03 1.490784e+03
7.8 1.517214e+03 1.510993e+03 1.480136e+03 1.486356e+03
8.8 1.485906e+03 1.473200e+03 1.479651e+03 1.492357e+03
9.8 1.488623e+03 1.493024e+03 1.479041e+03 1.474641e+03
10.8 1.513121e+03 1.524020e+03 1.478508e+03 1.467610e+03
11.8 1.453816e+03 1.447588e+03 1.478141e+03 1.484369e+03
12.8 1.468129e+03 1.473207e+03 1.477930e+03 1.472853e+03
13.8 1.475705e+03 1.479681e+03 1.477815e+03 1.473839e+03
14.8 1.410623e+03 1.432974e+03 1.477743e+03 1.455392e+03
15.8 1.520107e+03 1.487562e+03 1.477685e+03 1.510230e+03
16.8 1.393175e+03 1.460559e+03 1.477630e+03 1.410246e+03
17.8 1.427283e+03 1.459918e+03 1.476990e+03 1.444355e+03
0.2 1.487955e+03 1.429321e+03 1.471112e+03 1.529747e+03
1.2 1.487431e+03 1.495606e+03 1.464581e+03 1.456406e+03
2.2 1.388628e+03 1.416663e+03 1.466062e+03 1.438027e+03
3.2 1.509057e+03 1.437960e+03 1.472140e+03 1.543238e+03
4.2 1.433912e+03 1.493238e+03 1.477874e+03 1.418548e+03
5.2 1.472081e+03 1.461308e+03 1.480011e+03 1.490784e+03
6.2 1.517214e+03 1.510993e+03 1.480136e+03 1.486356e+03
7.2 1.485906e+03 1.473200e+03 1.479651e+03 1.492357e+03
8.2 1.488623e+03 1.493024e+03 1.479041e+03 1.474641e+03
9.2 1.513121e+03 1.524020e+03 1.478508e+03 1.467610e+03
10.2 1.453816e+03 1.447588e+03 1.478141e+03 1.484369e+03
11.2 1.468129e+03 1.473207e+03 1.477930e+03 1.472853e+03
12.2 1.475705e+03 1.479681e+03 1.477815e+03 1.473839e+03
13.2 1.410623e+03 1.432974e+03 1.477743e+03 1.455392e+03
14.2 1.520107e+03 1.487562e+03 1.477685e+03 1.510230e+03
15.2 1.393175e+03 1.460559e+03 1.477630e+03 1.410246e+03
16.2 1.427283e+03 1.459918e+03 1.476990e+03 1.444355e+03
17.2 1.443805e+03 1.497426e+03 1.473528e+03 1.419907e+03
0.8 1.388628e+03 1.416663e+03 1.466062e+03 1.438027e+03
1.8 1.509057e+03 1.437960e+03 1.472140e+03 1.543238e+03
2.8 1.433912e+03 1.493238e+03 1.477874e+03 1.418548e+03
3.8 1.472081e+03 1.461308e+03 1.480011e+03 1.490784e+03
4.8 1.517214e+03 1.510993e+03 1.480136e+03 1.486356e+03
5.8 1.485906e+03 1.473200e+03 1.479651e+03 1.492357e+03
6.8 1.488623e+03 1.493024e+03 1.479041e+03 1.474641e+03
7.8 1.513121e+03 1.524020e+03 1.478508e+03 1.467610e+03
8.8 1.453816e+03 1.447588e+03 1.478141e+03 1.484369e+03
9.8 1.468129e+03 1.473207e+03 1.477930e+03 1.472853e+03
10.8 1.475705e+03 1.479681e+03 1.477815e+03 1.473839e+03
11.8 1.410623e+03 1.432974e+03 1.477743e+03 1.455392e+03
12.8 1.520107e+03 1.487562e+03 1.477685e+03 1.510230e+03
13.8 1.393175e+03 1.460559e+03 1.477630e+03 1.410246e+03
14.8 1.427283e+03 1.459918e+03 1.476990e+03 1.444355e+03
15.8 1.443805e+03 1.497426e+03 1.473528e+03 1.419907e+03
16.8 1.467760e+03 1.429138e+03 1.473996e+03 1.512618e+03
17.8 1.465673e+03 1.479215e+03 1.478205e+03 1.464663e+03
1.0 1.427283e+03 1.459918e+03 1.476990e+03 1.444355e+03
2.0 1.443805e+03 1.497426e+03 1.473528e+03 1.419907e+03
3.0 1.467760e+03 1.429138e+03 1.473996e+03 1.512618e+03
4.0 1.465673e+03 1.479215e+03 1.478205e+03 1.464663e+03
5.0 1.507369e+03 1.505309e+03 1.481382e+03 1.483442e+03
6.0 1.458943e+03 1.463106e+03 1.481606e+03 1.477443e+03
7.0 1.486605e+03 1.480567e+03 1.479993e+03 1.486031e+03
8.0 1.542793e+03 1.519110e+03 1.478446e+03 1.502129e+03
9.0 1.452903e+03 1.420985e+03 1.477490e+03 1.509408e+03
10.0 1.487929e+03 1.511195e+03 1.477019e+03 1.453753e+03
11.0 1.590812e+03 1.503400e+03 1.476867e+03 1.564279e+03
12.0 1.521161e+03 1.501439e+03 1.476892e+03 1.496614e+03
13.0 1.457483e+03 1.474226e+03 1.476981e+03 1.460237e+03
14.0 1.558499e+03 1.507004e+03 1.477067e+03 1.528563e+03
15.0 1.433989e+03 1.472230e+03 1.477128e+03 1.438887e+03
16.0 1.445771e+03 1.509890e+03 1.477165e+03 1.413047e+03
17.0 1.535165e+03 1.483936e+03 1.477186e+03 1.528415e+03
18.0 1.410590e+03 1.486597e+03 1.477200e+03 1.401193e+03
0.9 1.443805e+03 1.497426e+03 1.473528e+03 1.419907e+03
1.9 1.467760e+03 1.429138e+03 1.473996e+03 1.512618e+03
2.9 1.465673e+03 1.479215e+03 1.478205e+03 1.464663e+03
3.9 1.507369e+03 1.505309e+03 1.481382e+03 1.483442e+03
4.9 1.458943e+03 1.463106e+03 1.481606e+03 1.477443e+03
5.9 1.486605e+03 1.480567e+03 1.479993e+03 1.486031e+03
6.9 1.542793e+03 1.519110e+03 1.478446e+03 1.502129e+03
7.9 1.452903e+03 1.420985e+03 1.477490e+03 1.509408e+03
8.9 1.487929e+03 1.511195e+03 1.477019e+03 1.453753e+03
9.9 1.590812e+03 1.503400e+03 1.476867e+03 1.564279e+03
10.9 1.521161e+03 1.501439e+03 1.476892e+03 1.496614e+03
11.9 1.457483e+03 1.474226e+03 1.476981e+03 1.460237e+03
12.9 1.558499e+03 1.507004e+03 1.477067e+03 1.528563e+03
13.9 1.433989e+03 1.472230e+03 1.477128e+03 1.438887e+03
14.9 1.445771e+03 1.509890e+03 1.477165e+03 1.413047e+03
15.9 1.535165e+03 1.483936e+03 1.477186e+03 1.528415e+03
16.9 1.410590e+03 1.486597e+03 1.477200e+03 1.401193e+03
17.9 1.487707e+03 1.483692e+03 1.477210e+03 1.481225e+03
0.7 1.467760e+03 1.429138e+03 1.473996e+03 1.512618e+03
1.7 1.465673e+03 1.479215e+03 1.478205e+03 1.464663e+03
2.7 1.507369e+03 1.505309e+03 1.481382e+03 1.483442e+03
3.7 1.458943e+03 1.463106e+03 1.481606e+03 1.477443e+03
4.7 1.486605e+03 1.480567e+03 1.479993e+03 1.486031e+03
5.7 1.542793e+03 1.519110e+03 1.478446e+03 1.502129e+03
6.7 1.452903e+03 1.420985e+03 1.477490e+03 1.509408e+03
7.7 1.487929e+03 1.511195e+03 1.477019e+03 1.453753e+03
8.7 1.590812e+03 1.503400e+03 1.476867e+03 1.564279e+03
9.7 1.521161e+03 1.501439e+03 1.476892e+03 1.496614e+03
10.7 1.457483e+03 1.474226e+03 1.476981e+03 1.460237e+03
11.7 1.558499e+03 1.507004e+03 1.477067e+03 1.528563e+03
12.7 1.433989e+03 1.472230e+03 1.477128e+03 1.438887e+03
13.7 1.445771e+03 1.509890e+03 1.477165e+03 1.413047e+03
14.7 1.535165e+03 1.483936e+03 1.477186e+03 1.528415e+03
15.7 1.410590e+03 1.486597e+03 1.477200e+03 1.401193e+03
16.7 1.487707e+03 1.483692e+03 1.477210e+03 1.481225e+03
17.7 1.481379e+03 1.483792e+03 1.477220e+03 1.474806e+03
0.9 1.465673e+03 1.479215e+03 1.478205e+03 1.464663e+03
1.9 1.507369e+03 1.505309e+03 1.481382e+03 1.483442e+03
2.9 1.458943e+03 1.463106e+03 1.481606e+03 1.477443e+03
3.9 1.486605e+03 1.480567e+03 1.479993e+03 1.486031e+03
4.9 1.542793e+03 1.519110e+03 1.478446e+03 1.502129e+03
5.9 1.452903e+03 1.420985e+03 1.477490e+03 1.509408e+03
6.9 1.487929e+03 1.511195e+03 1.477019e+03 1.453753e+03
7.9 1.590812e+03 1.503400e+03 1.476867e+03 1.564279e+03
8.9 1.521161e+03 1.501439e+03 1.476892e+03 1.496614e+03
9.9 1.457483e+03 1.474226e+03 1.476981e+03 1.460237e+03
10.9 1.558499e+03 1.507004e+03 1.477067e+03 1.528563e+03
11.9 1.433989e+03 1.472230e+03 1.477128e+03 1.438887e+03
12.9 1.445771e+03 1.509890e+03 1.477165e+03 1.413047e+03
13.9 1.535165e+03 1.483936e+03 1.477186e+03 1.528415e+03
14.9 1.410590e+03 1.486597e+03 1.477200e+03 1.401193e+03
15.9 1.487707e+03 1.483692e+03 1.477210e+03 1.481225e+03
16.9 1.481379e+03 1.483792e+03 1.477220e+03 1.474806e+03
17.9 1.499770e+03 1.534539e+03 1.477229e+03 1.442461e+03
0.7 1.434265e+03 1.441307e+03 1.477185e+03 1.470144e+03
1.7 1.476155e+03 1.446379e+03 1.474285e+03 1.504062e+03
2.7 1.495206e+03 1.466756e+03 1.471915e+03 1.500365e+03
3.7 1.427607e+03 1.427673e+03 1.474375e+03 1.474309e+03
4.7 1.429890e+03 1.461510e+03 1.477398e+03 1.445777e+03
5.7 1.483340e+03 1.498629e+03 1.478678e+03 1.463389e+03
6.7 1.462879e+03 1.465659e+03 1.479581e+03 1.476801e+03
7.7 1.590944e+03 1.505008e+03 1.479750e+03 1.565687e+03
8.7 1.440017e+03 1.485496e+03 1.479219e+03 1.433740e+03
9.7 1.437447e+03 1.469004e+03 1.478242e+03 1.446685e+03
10.7 1.471580e+03 1.508232e+03 1.477503e+03 1.440851e+03
11.7 1.431492e+03 1.438012e+03 1.477127e+03 1.470607e+03
12.7 1.450294e+03 1.483460e+03 1.476993e+03 1.443828e+03
13.7 1.559868e+03 1.489480e+03 1.476987e+03 1.547375e+03
14.7 1.402596e+03 1.439442e+03 1.477031e+03 1.440185e+03
15.7 1.429355e+03 1.465605e+03 1.477083e+03 1.440834e+03
16.7 1.541328e+03 1.503576e+03 1.477122e+03 1.514874e+03
17.7 1.471122e+03 1.480148e+03 1.477146e+03 1.468120e+03
0.7 1.476155e+03 1.446379e+03 1.474285e+03 1.504062e+03
1.7 1.495206e+03 1.466756e+03 1.471915e+03 1.500365e+03
2.7 1.427607e+03 1.427673e+03 1.474375e+03 1.474309e+03
3.7 1.429890e+03 1.461510e+03 1.477398e+03 1.445777e+03
4.7 1.483340e+03 1.498629e+03 1.478678e+03 1.463389e+03
5.7 1.462879e+03 1.465659e+03 1.479581e+03 1.476801e+03
6.7 1.590944e+03 1.505008e+03 1.479750e+03 1.565687e+03
7.7 1.440017e+03 1.485496e+03 1.479219e+03 1.433740e+03
8.7 1.437447e+03 1.469004e+03 1.478242e+03 1.446685e+03
9.7 1.471580e+03 1.508232e+03 1.477503e+03 1.440851e+03
10.7 1.431492e+03 1.438012e+03 1.477127e+03 1.470607e+03
11.7 1.450294e+03 1.483460e+03 1.476993e+03 1.443828e+03
12.7 1.559868e+03 1.489480e+03 1.476987e+03 1.547375e+03
13.7 1.402596e+03 1.439442e+03 1.477031e+03 1.440185e+03
14.7 1.429355e+03 1.465605e+03 1.477083e+03 1.440834e+03
15.7 1.541328e+03 1.503576e+03 1.477122e+03 1.514874e+03
16.7 1.471122e+03 1.480148e+03 1.477146e+03 1.468120e+03
17.7 1.588067e+03 1.547615e+03 1.477157e+03 1.517609e+03
0.5 1.495206e+03 1.466756e+03 1.471915e+03 1.500365e+03
1.5 1.427607e+03 1.427673e+03 1.474375e+03 1.474309e+03
2.5 1.429890e+03 1.461510e+03 1.477398e+03 1.445777e+03
3.5 1.483340e+03 1.498629e+03 1.478678e+03 1.463389e+03
4.5 1.462879e+03 1.465659e+03 1.479581e+03 1.476801e+03
5.5 1.590944e+03 1.505008e+03 1.479750e+03 1.565687e+03
6.5 1.440017e+03 1.485496e+03 1.479219e+03 1.433740e+03
7.5 1.437447e+03 1.469004e+03 1.478242e+03 1.446685e+03
8.5 1.471580e+03 1.508232e+03 1.477503e+03 1.440851e+03
9.5 1.431492e+03 1.438012e+03 1.477127e+03 1.470607e+03
10.5 1.450294e+03 1.483460e+03 1.476993e+03 1.443828e+03
11.5 1.559868e+03 1.489480e+03 1.476987e+03 1.547375e+03
12.5 1.402596e+03 1.439442e+03 1.477031e+03 1.440185e+03
13.5 1.429355e+03 1.465605e+03 1.477083e+03 1.440834e+03
14.5 1.541328e+03 1.503576e+03 1.477122e+03 1.514874e+03
15.5 1.471122e+03 1.480148e+03 1.477146e+03 1.468120e+03
16.5 1.588067e+03 1.547615e+03 1.477157e+03 1.517609e+03
17.5 1.456398e+03 1.474037e+03 1.477162e+03 1.459524e+03
0.5 1.427607e+03 1.427673e+03 1.474375e+03 1.474309e+03
1.5 1.429890e+03 1.461510e+03 1.477398e+03 1.445777e+03
2.5 1.483340e+03 1.498629e+03 1.478678e+03 1.463389e+03
3.5 1.462879e+03 1.465659e+03 1.479581e+03 1.476801e+03
4.5 1.590944e+03 1.505008e+03 1.479750e+03 1.565687e+03
5.5 1.440017e+03 1.485496e+03 1.479219e+03 1.433740e+03
6.5 1.437447e+03 1.469004e+03 1.478242e+03 1.446685e+03
7.5 1.471580e+03 1.508232e+03 1.477503e+03 1.440851e+03
8.5 1.431492e+03 1.438012e+03 1.477127e+03 1.470607e+03
9.5 1.450294e+03 1.483460e+03 1.476993e+03 1.443828e+03
10.5 1.559868e+03 1.489480e+03 1.476987e+03 1.547375e+03
11.5 1.402596e+03 1.439442e+03 1.477031e+03 1.440185e+03
12.5 1.429355e+03 1.465605e+03 1.477083e+03 1.440834e+03
13.5 1.541328e+03 1.503576e+03 1.477122e+03 1.514874e+03
14.5 1.471122e+03 1.480148e+03 1.477146e+03 1.468120e+03
15.5 1.588067e+03 1.547615e+03 1.477157e+03 1.517609e+03
16.5 1.456398e+03 1.474037e+03 1.477162e+03 1.459524e+03
17.5 1.414730e+03 1.484936e+03 1.477164e+03 1.406958e+03
0.6 1.429890e+03 1.461510e+03 1.477398e+03 1.445777e+03
1.6 1.483340e+03 1.498629e+03 1.478678e+03 1.463389e+03
2.6 1.462879e+03 1.465659e+03 1.479581e+03 1.476801e+03
3.6 1.590944e+03 1.505008e+03 1.479750e+03 1.565687e+03
4.6 1.440017e+03 1.485496e+03 1.479219e+03 1.433740e+03
5.6 1.437447e+03 1.469004e+03 1.478242e+03 1.446685e+03
6.6 1.471580e+03 1.508232e+03 1.477503e+03 1.440851e+03
7.6 1.431492e+03 1.438012e+03 1.477127e+03 1.470607e+03
8.6 1.450294e+03 1.483460e+03 1.476993e+03 1.443828e+03
9.6 1.559868e+03 1.489480e+03 1.476987e+03 1.547375e+03
10.6 1.402596e+03 1.439442e+03 1.477031e+03 1.440185e+03
11.6 1.429355e+03 1.465605e+03 1.477083e+03 1.440834e+03
12.6 1.541328e+03 1.503576e+03 1.477122e+03 1.514874e+03
13.6 1.471122e+03 1.480148e+03 1.477146e+03 1.468120e+03
14.6 1.588067e+03 1.547615e+03 1.477157e+03 1.517609e+03
15.6 1.456398e+03 1.474037e+03 1.477162e+03 1.459524e+03
16.6 1.414730e+03 1.484936e+03 1.477164e+03 1.406958e+03
17.6 1.577713e+03 1.510415e+03 1.477164e+03 1.544461e+03
0.3 1.483340e+03 1.498629e+03 1.478678e+03 1.463389e+03
1.3 1.462879e+03 1.465659e+03 1.479581e+03 1.476801e+03
2.3 1.590944e+03 1.505008e+03 1.479750e+03 1.565687e+03
3.3 1.440017e+03 1.485496e+03 1.479219e+03 1.433740e+03
4.3 1.437447e+03 1.469004e+03 1.478242e+03 1.446685e+03
5.3 1.471580e+03 1.508232e+03 1.477503e+03 1.440851e+03
6.3 1.431492e+03 1.438012e+03 1.477127e+03 1.470607e+03
7.3 1.450294e+03 1.483460e+03 1.476993e+03 1.443828e+03
8.3 1.559868e+03 1.489480e+03 1.476987e+03 1.547375e+03
9.3 1.402596e+03 1.439442e+03 1.477031e+03 1.440185e+03
10.3 1.429355e+03 1.465605e+03 1.477083e+03 1.440834e+03
11.3 1.541328e+03 1.503576e+03 1.477122e+03 1.514874e+03
12.3 1.471122e+03 1.480148e+03 1.477146e+03 1.468120e+03
13.3 1.588067e+03 1.547615e+03 1.477157e+03 1.517609e+03
14.3 1.456398e+03 1.474037e+03 1.477162e+03 1.459524e+03
15.3 1.414730e+03 1.484936e+03 1.477164e+03 1.406958e+03
16.3 1.577713e+03 1.510415e+03 1.477164e+03 1.544461e+03
17.3 1.414962e+03 1.428209e+03 1.477165e+03 1.463918e+03
0.2 1.592786e+03 1.502039e+03 1.477699e+03 1.568445e+03
1.2 1.428301e+03 1.414768e+03 1.476944e+03 1.490478e+03
2.2 1.548463e+03 1.531577e+03 1.475197e+03 1.492082e+03
3.2 1.522035e+03 1.483299e+03 1.473769e+03 1.512505e+03
4.2 1.590480e+03 1.542793e+03 1.473094e+03 1.520781e+03
5.2 1.482391e+03 1.491139e+03 1.473250e+03 1.464503e+03
6.2 1.483670e+03 1.474529e+03 1.474062e+03 1.483203e+03
7.2 1.458446e+03 1.492150e+03 1.475693e+03 1.441988e+03
8.2 1.478368e+03 1.474596e+03 1.477262e+03 1.481034e+03
9.2 1.484722e+03 1.477879e+03 1.480279e+03 1.487122e+03
10.2 1.557029e+03 1.507288e+03 1.482493e+03 1.532234e+03
11.2 1.400068e+03 1.420127e+03 1.481810e+03 1.461750e+03
12.2 1.382529e+03 1.446500e+03 1.479707e+03 1.415736e+03
13.2 1.489416e+03 1.475096e+03 1.477349e+03 1.491669e+03
14.2 1.482814e+03 1.417854e+03 1.475721e+03 1.540681e+03
15.2 1.415791e+03 1.492823e+03 1.475891e+03 1.398859e+03
16.2 1.485771e+03 1.435291e+03 1.476530e+03 1.527009e+03
17.2 1.439807e+03 1.463647e+03 1.474905e+03 1.451066e+03
0.1 1.428301e+03 1.414768e+03 1.476944e+03 1.490478e+03
1.1 1.548463e+03 1.531577e+03 1.475197e+03 1.492082e+03
2.1 1.522035e+03 1.483299e+03 1.473769e+03 1.512505e+03
3.1 1.590480e+03 1.542793e+03 1.473094e+03 1.520781e+03
4.1 1.482391e+03 1.491139e+03 1.473250e+03 1.464503e+03
5.1 1.483670e+03 1.474529e+03 1.474062e+03 1.483203e+03
6.1 1.458446e+03 1.492150e+03 1.475693e+03 1.441988e+03
7.1 1.478368e+03 1.474596e+03 1.477262e+03 1.481034e+03
8.1 1.484722e+03 1.477879e+03 1.480279e+03 1.487122e+03
9.1 1.557029e+03 1.507288e+03 1.482493e+03 1.532234e+03
10.1 1.400068e+03 1.420127e+03 1.481810e+03 1.461750e+03
11.1 1.382529e+03 1.446500e+03 1.479707e+03 1.415736e+03
12.1 1.489416e+03 1.475096e+03 1.477349e+03 1.491669e+03
13.1 1.482814e+03 1.417854e+03 1.475721e+03 1.540681e+03
14.1 1.415791e+03 1.492823e+03 1.475891e+03 1.398859e+03
15.1 1.485771e+03 1.435291e+03 1.476530e+03 1.527009e+03
16.1 1.439807e+03 1.463647e+03 1.474905e+03 1.451066e+03
17.1 1.432160e+03 1.463856e+03 1.468684e+03 1.436988e+03
0.6 1.522035e+03 1.483299e+03 1.473769e+03 1.512505e+03
1.6 1.590480e+03 1.542793e+03 1.473094e+03 1.520781e+03
2.6 1.482391e+03 1.491139e+03 1.473250e+03 1.464503e+03
3.6 1.483670e+03 1.474529e+03 1.474062e+03 1.483203e+03
4.6 1.458446e+03 1.492150e+03 1.475693e+03 1.441988e+03
5.6 1.478368e+03 1.474596e+03 1.477262e+03 1.481034e+03
6.6 1.484722e+03 1.477879e+03 1.480279e+03 1.487122e+03
7.6 1.557029e+03 1.507288e+03 1.482493e+03 1.532234e+03
8.6 1.400068e+03 1.420127e+03 1.481810e+03 1.461750e+03
9.6 1.382529e+03 1.446500e+03 1.479707e+03 1.415736e+03
10.6 1.489416e+03 1.475096e+03 1.477349e+03 1.491669e+03
11.6 1.482814e+03 1.417854e+03 1.475721e+03 1.540681e+03
12.6 1.415791e+03 1.492823e+03 1.475891e+03 1.398859e+03
13.6 1.485771e+03 1.435291e+03 1.476530e+03 1.527009e+03
14.6 1.439807e+03 1.463647e+03 1.474905e+03 1.451066e+03
15.6 1.432160e+03 1.463856e+03 1.468684e+03 1.436988e+03
16.6 1.426176e+03 1.448659e+03 1.470307e+03 1.447824e+03
17.6 1.511470e+03 1.530343e+03 1.476096e+03 1.457222e+03
1.0 1.482391e+03 1.491139e+03 1.473250e+03 1.464503e+03
2.0 1.483670e+03 1.474529e+03 1.474062e+03 1.483203e+03
3.0 1.458446e+03 1.492150e+03 1.475693e+03 1.441988e+03
4.0 1.478368e+03 1.474596e+03 1.477262e+03 1.481034e+03
5.0 1.484722e+03 1.477879e+03 1.480279e+03 1.487122e+03
6.0 1.557029e+03 1.507288e+03 1.482493e+03 1.532234e+03
7.0 1.400068e+03 1.420127e+03 1.481810e+03 1.461750e+03
8.0 1.382529e+03 1.446500e+03 1.479707e+03 1.415736e+03
9.0 1.489416e+03 1.475096e+03 1.477349e+03 1.491669e+03
10.0 1.482814e+03 1.417854e+03 1.475721e+03 1.540681e+03
11.0 1.415791e+03 1.492823e+03 1.475891e+03 1.398859e+03
12.0 1.485771e+03 1.435291e+03 1.476530e+03 1.527009e+03
13.0 1.439807e+03 1.463647e+03 1.474905e+03 1.451066e+03
14.0 1.432160e+03 1.463856e+03 1.468684e+03 1.436988e+03
15.0 1.426176e+03 1.448659e+03 1.470307e+03 1.447824e+03
16.0 1.511470e+03 1.530343e+03 1.476096e+03 1.457222e+03
17.0 1.513528e+03 1.534185e+03 1.479946e+03 1.459288e+03
18.0 1.449269e+03 1.491322e+03 1.481531e+03 1.439477e+03
0.1 1.482391e+03 1.491139e+03 1.473250e+03 1.464503e+03
1.1 1.483670e+03 1.474529e+03 1.474062e+03 1.483203e+03
2.1 1.458446e+03 1.492150e+03 1.475693e+03 1.441988e+03
3.1 1.478368e+03 1.474596e+03 1.477262e+03 1.481034e+03
4.1 1.484722e+03 1.477879e+03 1.480279e+03 1.487122e+03
5.1 1.557029e+03 1.507288e+03 1.482493e+03 1.532234e+03
6.1 1.400068e+03 1.420127e+03 1.481810e+03 1.461750e+03
7.1 1.382529e+03 1.446500e+03 1.479707e+03 1.415736e+03
8.1 1.489416e+03 1.475096e+03 1.477349e+03 1.491669e+03
9.1 1.482814e+03 1.417854e+03 1.475721e+03 1.540681e+03
10.1 1.415791e+03 1.492823e+03 1.475891e+03 1.398859e+03
11.1 1.485771e+03 1.435291e+03 1.476530e+03 1.527009e+03
12.1 1.439807e+03 1.463647e+03 1.474905e+03 1.451066e+03
13.1 1.432160e+03 1.463856e+03 1.468684e+03 1.436988e+03
14.1 1.426176e+03 1.448659e+03 1.470307e+03 1.447824e+03
15.1 1.511470e+03 1.530343e+03 1.476096e+03 1.457222e+03
16.1 1.513528e+03 1.534185e+03 1.479946e+03 1.459288e+03
17.1 1.449269e+03 1.491322e+03 1.481531e+03 1.439477e+03
0.3 1.483670e+03 1.474529e+03 1.474062e+03 1.483203e+03
1.3 1.458446e+03 1.492150e+03 1.475693e+03 1.441988e+03
2.3 1.478368e+03 1.474596e+03 1.477262e+03 1.481034e+03
3.3 1.484722e+03 1.477879e+03 1.480279e+03 1.487122e+03
4.3 1.557029e+03 1.507288e+03 1.482493e+03 1.532234e+03
5.3 1.400068e+03 1.420127e+03 1.481810e+03 1.461750e+03
6.3 1.382529e+03 1.446500e+03 1.479707e+03 1.415736e+03
7.3 1.489416e+03 1.475096e+03 1.477349e+03 1.491669e+03
8.3 1.482814e+03 1.417854e+03 1.475721e+03 1.540681e+03
9.3 1.415791e+03 1.492823e+03 1.475891e+03 1.398859e+03
10.3 1.485771e+03 1.435291e+03 1.476530e+03 1.527009e+03
11.3 1.439807e+03 1.463647e+03 1.474905e+03 1.451066e+03
12.3 1.432160e+03 1.463856e+03 1.468684e+03 1.436988e+03
13.3 1.426176e+03 1.448659e+03 1.470307e+03 1.447824e+03
14.3 1.511470e+03 1.530343e+03 1.476096e+03 1.457222e+03
15.3 1.513528e+03 1.534185e+03 1.479946e+03 1.459288e+03
16.3 1.449269e+03 1.491322e+03 1.481531e+03 1.439477e+03
17.3 1.532004e+03 1.509813e+03 1.481818e+03 1.504010e+03
1.0 1.478368e+03 1.474596e+03 1.477262e+03 1.481034e+03
2.0 1.484722e+03 1.477879e+03 1.480279e+03 1.487122e+03
3.0 1.557029e+03 1.507288e+03 1.482493e+03 1.532234e+03
4.0 1.400068e+03 1.420127e+03 1.481810e+03 1.461750e+03
5.0 1.382529e+03 1.446500e+03 1.479707e+03 1.415736e+03
6.0 1.489416e+03 1.475096e+03 1.477349e+03 1.491669e+03
7.0 1.482814e+03 1.417854e+03 1.475721e+03 1.540681e+03
8.0 1.415791e+03 1.492823e+03 1.475891e+03 1.398859e+03
9.0 1.485771e+03 1.435291e+03 1.476530e+03 1.527009e+03
10.0 1.439807e+03 1.463647e+03 1.474905e+03 1.451066e+03
11.0 1.432160e+03 1.463856e+03 1.468684e+03 1.436988e+03
12.0 1.426176e+03 1.448659e+03 1.470307e+03 1.447824e+03
13.0 1.511470e+03 1.530343e+03 1.476096e+03 1.457222e+03
14.0 1.513528e+03 1.534185e+03 1.479946e+03 1.459288e+03
15.0 1.449269e+03 1.491322e+03 1.481531e+03 1.439477e+03
16.0 1.532004e+03 1.509813e+03 1.481818e+03 1.504010e+03
17.0 1.535037e+03 1.506736e+03 1.482208e+03 1.510509e+03
18.0 1.434370e+03 1.462806e+03 1.481044e+03 1.452608e+03
0.8 1.484722e+03 1.477879e+03 1.480279e+03 1.487122e+03
1.8 1.557029e+03 1.507288e+03 1.482493e+03 1.532234e+03
2.8 1.400068e+03 1.420127e+03 1.481810e+03 1.461750e+03
3.8 1.382529e+03 1.446500e+03 1.479707e+03 1.415736e+03
4.8 1.489416e+03 1.475096e+03 1.477349e+03 1.491669e+03
5.8 1.482814e+03 1.417854e+03 1.475721e+03 1.540681e+03
6.8 1.415791e+03 1.492823e+03 1.475891e+03 1.398859e+03
7.8 1.485771e+03 1.435291e+03 1.476530e+03 1.527009e+03
8.8 1.439807e+03 1.463647e+03 1.474905e+03 1.451066e+03
9.8 1.432160e+03 1.463856e+03 1.468684e+03 1.436988e+03
10.8 1.426176e+03 1.448659e+03 1.470307e+03 1.447824e+03
11.8 1.511470e+03 1.530343e+03 1.476096e+03 1.457222e+03
12.8 1.513528e+03 1.534185e+03 1.479946e+03 1.459288e+03
13.8 1.449269e+03 1.491322e+03 1.481531e+03 1.439477e+03
14.8 1.532004e+03 1.509813e+03 1.481818e+03 1.504010e+03
15.8 1.535037e+03 1.506736e+03 1.482208e+03 1.510509e+03
16.8 1.434370e+03 1.462806e+03 1.481044e+03 1.452608e+03
17.8 1.503386e+03 1.495959e+03 1.480104e+03 1.487531e+03
0.6 1.557029e+03 1.507288e+03 1.482493e+03 1.532234e+03
1.6 1.400068e+03 1.420127e+03 1.481810e+03 1.461750e+03
2.6 1.382529e+03 1.446500e+03 1.479707e+03 1.415736e+03
3.6 1.489416e+03 1.475096e+03 1.477349e+03 1.491669e+03
4.6 1.482814e+03 1.417854e+03 1.475721e+03 1.540681e+03
5.6 1.415791e+03 1.492823e+03 1.475891e+03 1.398859e+03
6.6 1.485771e+03 1.435291e+03 1.476530e+03 1.527009e+03
7.6 1.439807e+03 1.463647e+03 1.474905e+03 1.451066e+03
8.6 1.432160e+03 1.463856e+03 1.468684e+03 1.436988e+03
9.6 1.426176e+03 1.448659e+03 1.470307e+03 1.447824e+03
10.6 1.511470e+03 1.530343e+03 1.476096e+03 1.457222e+03
11.6 1.513528e+03 1.534185e+03 1.479946e+03 1.459288e+03
12.6 1.449269e+03 1.491322e+03 1.481531e+03 1.439477e+03
13.6 1.532004e+03 1.509813e+03 1.481818e+03 1.504010e+03
14.6 1.535037e+03 1.506736e+03 1.482208e+03 1.510509e+03
15.6 1.434370e+03 1.462806e+03 1.481044e+03 1.452608e+03
16.6 1.503386e+03 1.495959e+03 1.480104e+03 1.487531e+03
17.6 1.559448e+03 1.509669e+03 1.480902e+03 1.530681e+03
0.2 1.400068e+03 1.420127e+03 1.481810e+03 1.461750e+03
1.2 1.382529e+03 1.446500e+03 1.479707e+03 1.415736e+03
2.2 1.489416e+03 1.475096e+03 1.477349e+03 1.491669e+03
3.2 1.482814e+03 1.417854e+03 1.475721e+03 1.540681e+03
4.2 1.415791e+03 1.492823e+03 1.475891e+03 1.398859e+03
5.2 1.485771e+03 1.435291e+03 1.476530e+03 1.527009e+03
6.2 1.439807e+03 1.463647e+03 1.474905e+03 1.451066e+03
7.2 1.432160e+03 1.463856e+03 1.468684e+03 1.436988e+03
8.2 1.426176e+03 1.448659e+03 1.470307e+03 1.447824e+03
9.2 1.511470e+03 1.530343e+03 1.476096e+03 1.457222e+03
10.2 1.513528e+03 1.534185e+03 1.479946e+03 1.459288e+03
11.2 1.449269e+03 1.491322e+03 1.481531e+03 1.439477e+03
12.2 1.532004e+03 1.509813e+03 1.481818e+03 1.504010e+03
13.2 1.535037e+03 1.506736e+03 1.482208e+03 1.510509e+03
14.2 1.434370e+03 1.462806e+03 1.481044e+03 1.452608e+03
15.2 1.503386e+03 1.495959e+03 1.480104e+03 1.487531e+03
16.2 1.559448e+03 1.509669e+03 1.480902e+03 1.530681e+03
17.2 1.460598e+03 1.474452e+03 1.480243e+03 1.466388e+03
0.2 1.382529e+03 1.446500e+03 1.479707e+03 1.415736e+03
1.2 1.489416e+03 1.475096e+03 1.477349e+03 1.491669e+03
2.2 1.482814e+03 1.417854e+03 1.475721e+03 1.540681e+03
3.2 1.415791e+03 1.492823e+03 1.475891e+03 1.398859e+03
4.2 1.485771e+03 1.435291e+03 1.476530e+03 1.527009e+03
5.2 1.439807e+03 1.463647e+03 1.474905e+03 1.451066e+03
6.2 1.432160e+03 1.463856e+03 1.468684e+03 1.436988e+03
7.2 1.426176e+03 1.448659e+03 1.470307e+03 1.447824e+03
8.2 1.511470e+03 1.530343e+03 1.476096e+03 1.457222e+03
9.2 1.513528e+03 1.534185e+03 1.479946e+03 1.459288e+03
10.2 1.449269e+03 1.491322e+03 1.481531e+03 1.439477e+03
11.2 1.532004e+03 1.509813e+03 1.481818e+03 1.504010e+03
12.2 1.535037e+03 1.506736e+03 1.482208e+03 1.510509e+03
13.2 1.434370e+03 1.462806e+03 1.481044e+03 1.452608e+03
14.2 1.503386e+03 1.495959e+03 1.480104e+03 1.487531e+03
15.2 1.559448e+03 1.509669e+03 1.480902e+03 1.530681e+03
16.2 1.460598e+03 1.474452e+03 1.480243e+03 1.466388e+03
17.2 1.501408e+03 1.516106e+03 1.478593e+03 1.463894e+03
0.3 1.485771e+03 1.435291e+03 1.476530e+03 1.527009e+03
1.3 1.439807e+03 1.463647e+03 1.474905e+03 1.451066e+03
2.3 1.432160e+03 1.463856e+03 1.468684e+03 1.436988e+03
3.3 1.426176e+03 1.448659e+03 1.470307e+03 1.447824e+03
4.3 1.511470e+03 1.530343e+03 1.476096e+03 1.457222e+03
5.3 1.513528e+03 1.534185e+03 1.479946e+03 1.459288e+03
6.3 1.449269e+03 1.491322e+03 1.481531e+03 1.439477e+03
7.3 1.532004e+03 1.509813e+03 1.481818e+03 1.504010e+03
8.3 1.535037e+03 1.506736e+03 1.482208e+03 1.510509e+03
9.3 1.434370e+03 1.462806e+03 1.481044e+03 1.452608e+03
10.3 1.503386e+03 1.495959e+03 1.480104e+03 1.487531e+03
11.3 1.559448e+03 1.509669e+03 1.480902e+03 1.530681e+03
12.3 1.460598e+03 1.474452e+03 1.480243e+03 1.466388e+03
13.3 1.501408e+03 1.516106e+03 1.478593e+03 1.463894e+03
14.3 1.453799e+03 1.447048e+03 1.477428e+03 1.484179e+03
15.3 1.532501e+03 1.455707e+03 1.476260e+03 1.553053e+03
16.3 1.465485e+03 1.496529e+03 1.472760e+03 1.441717e+03
17.3 1.409160e+03 1.452212e+03 1.471989e+03 1.428937e+03
0.2 1.439807e+03 1.463647e+03 1.474905e+03 1.451066e+03
1.2 1.432160e+03 1.463856e+03 1.468684e+03 1.436988e+03
2.2 1.426176e+03 1.448659e+03 1.470307e+03 1.447824e+03
3.2 1.511470e+03 1.530343e+03 1.476096e+03 1.457222e+03
4.2 1.513528e+03 1.534185e+03 1.479946e+03 1.459288e+03
5.2 1.449269e+03 1.491322e+03 1.481531e+03 1.439477e+03
6.2 1.532004e+03 1.509813e+03 1.481818e+03 1.504010e+03
7.2 1.535037e+03 1.506736e+03 1.482208e+03 1.510509e+03
8.2 1.434370e+03 1.462806e+03 1.481044e+03 1.452608e+03
9.2 1.503386e+03 1.495959e+03 1.480104e+03 1.487531e+03
10.2 1.559448e+03 1.509669e+03 1.480902e+03 1.530681e+03
11.2 1.460598e+03 1.474452e+03 1.480243e+03 1.466388e+03
12.2 1.501408e+03 1.516106e+03 1.478593e+03 1.463894e+03
13.2 1.453799e+03 1.447048e+03 1.477428e+03 1.484179e+03
14.2 1.532501e+03 1.455707e+03 1.476260e+03 1.553053e+03
15.2 1.465485e+03 1.496529e+03 1.472760e+03 1.441717e+03
16.2 1.409160e+03 1.452212e+03 1.471989e+03 1.428937e+03
17.2 1.511893e+03 1.497330e+03 1.473179e+03 1.487741e+03
0.8 1.426176e+03 1.448659e+03 1.470307e+03 1.447824e+03
1.8 1.511470e+03 1.530343e+03 1.476096e+03 1.457222e+03
2.8 1.513528e+03 1.534185e+03 1.479946e+03 1.459288e+03
3.8 1.449269e+03 1.491322e+03 1.481531e+03 1.439477e+03
4.8 1.532004e+03 1.509813e+03 1.481818e+03 1.504010e+03
5.8 1.535037e+03 1.506736e+03 1.482208e+03 1.510509e+03
6.8 1.434370e+03 1.462806e+03 1.481044e+03 1.452608e+03
7.8 1.503386e+03 1.495959e+03 1.480104e+03 1.487531e+03
8.8 1.559448e+03 1.509669e+03 1.480902e+03 1.530681e+03
9.8 1.460598e+03 1.474452e+03 1.480243e+03 1.466388e+03
10.8 1.501408e+03 1.516106e+03 1.478593e+03 1.463894e+03
11.8 1.453799e+03 1.447048e+03 1.477428e+03 1.484179e+03
12.8 1.532501e+03 1.455707e+03 1.476260e+03 1.553053e+03
13.8 1.465485e+03 1.496529e+03 1.472760e+03 1.441717e+03
14.8 1.409160e+03 1.452212e+03 1.471989e+03 1.428937e+03
15.8 1.511893e+03 1.497330e+03 1.473179e+03 1.487741e+03
16.8 1.443689e+03 1.462625e+03 1.474585e+03 1.455649e+03
17.8 1.525209e+03 1.519992e+03 1.476115e+03 1.481332e+03
0.2 1.511470e+03 1.530343e+03 1.476096e+03 1.457222e+03
1.2 1.513528e+03 1.534185e+03 1.479946e+03 1.459288e+03
2.2 1.449269e+03 1.491322e+03 1.481531e+03 1.439477e+03
3.2 1.532004e+03 1.509813e+03 1.481818e+03 1.504010e+03
4.2 1.535037e+03 1.506736e+03 1.482208e+03 1.510509e+03
5.2 1.434370e+03 1.462806e+03 1.481044e+03 1.452608e+03
6.2 1.503386e+03 1.495959e+03 1.480104e+03 1.487531e+03
7.2 1.559448e+03 1.509669e+03 1.480902e+03 1.530681e+03
8.2 1.460598e+03 1.474452e+03 1.480243e+03 1.466388e+03
9.2 1.501408e+03 1.516106e+03 1.478593e+03 1.463894e+03
10.2 1.453799e+03 1.447048e+03 1.477428e+03 1.484179e+03
11.2 1.532501e+03 1.455707e+03 1.476260e+03 1.553053e+03
12.2 1.465485e+03 1.496529e+03 1.472760e+03 1.441717e+03
13.2 1.409160e+03 1.452212e+03 1.471989e+03 1.428937e+03
14.2 1.511893e+03 1.497330e+03 1.473179e+03 1.487741e+03
15.2 1.443689e+03 1.462625e+03 1.474585e+03 1.455649e+03
16.2 1.525209e+03 1.519992e+03 1.476115e+03 1.481332e+03
17.2 1.501642e+03 1.477495e+03 1.477132e+03 1.501279e+03
0.5 1.449269e+03 1.491322e+03 1.481531e+03 1.439477e+03
1.5 1.532004e+03 1.509813e+03 1.481818e+03 1.504010e+03
2.5 1.535037e+03 1.506736e+03 1.482208e+03 1.510509e+03
3.5 1.434370e+03 1.462806e+03 1.481044e+03 1.452608e+03
4.5 1.503386e+03 1.495959e+03 1.480104e+03 1.487531e+03
5.5 1.559448e+03 1.509669e+03 1.480902e+03 1.530681e+03
6.5 1.460598e+03 1.474452e+03 1.480243e+03 1.466388e+03
7.5 1.501408e+03 1.516106e+03 1.478593e+03 1.463894e+03
8.5 1.453799e+03 1.447048e+03 1.477428e+03 1.484179e+03
9.5 1.532501e+03 1.455707e+03 1.476260e+03 1.553053e+03
10.5 1.465485e+03 1.496529e+03 1.472760e+03 1.441717e+03
11.5 1.409160e+03 1.452212e+03 1.471989e+03 1.428937e+03
12.5 1.511893e+03 1.497330e+03 1.473179e+03 1.487741e+03
13.5 1.443689e+03 1.462625e+03 1.474585e+03 1.455649e+03
14.5 1.525209e+03 1.519992e+03 1.476115e+03 1.481332e+03
15.5 1.501642e+03 1.477495e+03 1.477132e+03 1.501279e+03
16.5 1.494749e+03 1.483622e+03 1.477581e+03 1.488708e+03
17.5 1.512153e+03 1.491784e+03 1.477674e+03 1.498043e+03
1.0 1.535037e+03 1.506736e+03 1.482208e+03 1.510509e+03
2.0 1.434370e+03 1.462806e+03 1.481044e+03 1.452608e+03
3.0 1.503386e+03 1.495959e+03 1.480104e+03 1.487531e+03
4.0 1.559448e+03 1.509669e+03 1.480902e+03 1.530681e+03
5.0 1.460598e+03 1.474452e+03 1.480243e+03 1.466388e+03
6.0 1.501408e+03 1.516106e+03 1.478593e+03 1.463894e+03
7.0 1.453799e+03 1.447048e+03 1.477428e+03 1.484179e+03
8.0 1.532501e+03 1.455707e+03 1.476260e+03 1.553053e+03
9.0 1.465485e+03 1.496529e+03 1.472760e+03 1.441717e+03
10.0 1.409160e+03 1.452212e+03 1.471989e+03 1.428937e+03
11.0 1.511893e+03 1.497330e+03 1.473179e+03 1.487741e+03
12.0 1.443689e+03 1.462625e+03 1.474585e+03 1.455649e+03
13.0 1.525209e+03 1.519992e+03 1.476115e+03 1.481332e+03
14.0 1.501642e+03 1.477495e+03 1.477132e+03 1.501279e+03
15.0 1.494749e+03 1.483622e+03 1.477581e+03 1.488708e+03
16.0 1.512153e+03 1.491784e+03 1.477674e+03 1.498043e+03
17.0 1.358403e+03 1.428963e+03 1.477599e+03 1.407039e+03
18.0 1.484516e+03 1.474205e+03 1.477475e+03 1.487787e+03
0.4 1.434370e+03 1.462806e+03 1.481044e+03 1.452608e+03
1.4 1.503386e+03 1.495959e+03 1.480104e+03 1.487531e+03
2.4 1.559448e+03 1.509669e+03 1.480902e+03 1.530681e+03
3.4 1.460598e+03 1.474452e+03 1.480243e+03 1.466388e+03
4.4 1.501408e+03 1.516106e+03 1.478593e+03 1.463894e+03
5.4 1.453799e+03 1.447048e+03 1.477428e+03 1.484179e+03
6.4 1.532501e+03 1.455707e+03 1.476260e+03 1.553053e+03
7.4 1.465485e+03 1.496529e+03 1.472760e+03 1.441717e+03
8.4 1.409160e+03 1.452212e+03 1.471989e+03 1.428937e+03
9.4 1.511893e+03 1.497330e+03 1.473179e+03 1.487741e+03
10.4 1.443689e+03 1.462625e+03 1.474585e+03 1.455649e+03
11.4 1.525209e+03 1.519992e+03 1.476115e+03 1.481332e+03
12.4 1.501642e+03 1.477495e+03 1.477132e+03 1.501279e+03
13.4 1.494749e+03 1.483622e+03 1.477581e+03 1.488708e+03
14.4 1.512153e+03 1.491784e+03 1.477674e+03 1.498043e+03
15.4 1.358403e+03 1.428963e+03 1.477599e+03 1.407039e+03
16.4 1.484516e+03 1.474205e+03 1.477475e+03 1.487787e+03
17.4 1.487801e+03 1.474505e+03 1.477362e+03 1.490657e+03
0.0 1.453799e+03 1.447048e+03 1.477428e+03 1.484179e+03
1.0 1.532501e+03 1.455707e+03 1.476260e+03 1.553053e+03
2.0 1.465485e+03 1.496529e+03 1.472760e+03 1.441717e+03
3.0 1.409160e+03 1.452212e+03 1.471989e+03 1.428937e+03
4.0 1.511893e+03 1.497330e+03 1.473179e+03 1.487741e+03
5.0 1.443689e+03 1.462625e+03 1.474585e+03 1.455649e+03
6.0 1.525209e+03 1.519992e+03 1.476115e+03 1.481332e+03
7.0 1.501642e+03 1.477495e+03 1.477132e+03 1.501279e+03
8.0 1.494749e+03 1.483622e+03 1.477581e+03 1.488708e+03
9.0 1.512153e+03 1.491784e+03 1.477674e+03 1.498043e+03
10.0 1.358403e+03 1.428963e+03 1.477599e+03 1.407039e+03
11.0 1.484516e+03 1.474205e+03 1.477475e+03 1.487787e+03
12.0 1.487801e+03 1.474505e+03 1.477362e+03 1.490657e+03
13.0 1.430776e+03 1.470852e+03 1.477280e+03 1.437204e+03
14.0 1.470376e+03 1.505490e+03 1.477227e+03 1.442112e+03
15.0 1.469236e+03 1.470418e+03 1.477194e+03 1.476012e+03
16.0 1.543024e+03 1.497442e+03 1.477173e+03 1.522755e+03
17.0 1.470105e+03 1.507973e+03 1.477158e+03 1.439290e+03
0.6 1.465485e+03 1.496529e+03 1.472760e+03 1.441717e+03
1.6 1.409160e+03 1.452212e+03 1.471989e+03 1.428937e+03
2.6 1.511893e+03 1.497330e+03 1.473179e+03 1.487741e+03
3.6 1.443689e+03 1.462625e+03 1.474585e+03 1.455649e+03
4.6 1.525209e+03 1.519992e+03 1.476115e+03 1.481332e+03
5.6 1.501642e+03 1.477495e+03 1.477132e+03 1.501279e+03
6.6 1.494749e+03 1.483622e+03 1.477581e+03 1.488708e+03
7.6 1.512153e+03 1.491784e+03 1.477674e+03 1.498043e+03
8.6 1.358403e+03 1.428963e+03 1.477599e+03 1.407039e+03
9.6 1.484516e+03 1.474205e+03 1.477475e+03 1.487787e+03
10.6 1.487801e+03 1.474505e+03 1.477362e+03 1.490657e+03
11.6 1.430776e+03 1.470852e+03 1.477280e+03 1.437204e+03
12.6 1.470376e+03 1.505490e+03 1.477227e+03 1.442112e+03
13.6 1.469236e+03 1.470418e+03 1.477194e+03 1.476012e+03
14.6 1.543024e+03 1.497442e+03 1.477173e+03 1.522755e+03
15.6 1.470105e+03 1.507973e+03 1.477158e+03 1.439290e+03
16.6 1.450418e+03 1.425647e+03 1.477146e+03 1.501918e+03
17.6 1.543698e+03 1.495085e+03 1.476840e+03 1.525453e+03
0.9 1.409160e+03 1.452212e+03 1.471989e+03 1.428937e+03
1.9 1.511893e+03 1.497330e+03 1.473179e+03 1.487741e+03
2.9 1.443689e+03 1.462625e+03 1.474585e+03 1.455649e+03
3.9 1.525209e+03 1.519992e+03 1.476115e+03 1.481332e+03
4.9 1.501642e+03 1.477495e+03 1.477132e+03 1.501279e+03
5.9 1.494749e+03 1.483622e+03 1.477581e+03 1.488708e+03
6.9 1.512153e+03 1.491784e+03 1.477674e+03 1.498043e+03
7.9 1.358403e+03 1.428963e+03 1.477599e+03 1.407039e+03
8.9 1.484516e+03 1.474205e+03 1.477475e+03 1.487787e+03
9.9 1.487801e+03 1.474505e+03 1.477362e+03 1.490657e+03
10.9 1.430776e+03 1.470852e+03 1.477280e+03 1.437204e+03
11.9 1.470376e+03 1.505490e+03 1.477227e+03 1.442112e+03
12.9 1.469236e+03 1.470418e+03 1.477194e+03 1.476012e+03
13.9 1.543024e+03 1.497442e+03 1.477173e+03 1.522755e+03
14.9 1.470105e+03 1.507973e+03 1.477158e+03 1.439290e+03
15.9 1.450418e+03 1.425647e+03 1.477146e+03 1.501918e+03
16.9 1.543698e+03 1.495085e+03 1.476840e+03 1.525453e+03
17.9 1.417824e+03 1.440053e+03 1.476054e+03 1.453825e+03
1.0 1.543698e+03 1.495085e+03 1.476840e+03 1.525453e+03
2.0 1.417824e+03 1.440053e+03 1.476054e+03 1.453825e+03
3.0 1.467881e+03 1.466684e+03 1.476998e+03 1.478195e+03
4.0 1.478760e+03 1.474499e+03 1.479668e+03 1.483929e+03
5.0 1.513576e+03 1.474924e+03 1.479937e+03 1.518589e+03
6.0 1.438878e+03 1.517330e+03 1.478746e+03 1.400294e+03
7.0 1.425505e+03 1.458037e+03 1.477731e+03 1.445199e+03
8.0 1.464231e+03 1.513368e+03 1.477159e+03 1.428022e+03
9.0 1.515010e+03 1.500324e+03 1.476893e+03 1.491579e+03
10.0 1.440507e+03 1.446998e+03 1.476820e+03 1.470329e+03
11.0 1.481872e+03 1.460175e+03 1.476855e+03 1.498552e+03
12.0 1.488618e+03 1.469564e+03 1.476927e+03 1.495981e+03
13.0 1.464116e+03 1.443457e+03 1.476993e+03 1.497652e+03
14.0 1.463775e+03 1.491730e+03 1.477040e+03 1.449085e+03
15.0 1.551188e+03 1.487636e+03 1.477069e+03 1.540621e+03
16.0 1.388460e+03 1.453612e+03 1.477086e+03 1.411934e+03
17.0 1.528046e+03 1.482594e+03 1.477097e+03 1.522550e+03
18.0 1.433956e+03 1.460569e+03 1.477106e+03 1.450493e+03
0.5 1.417824e+03 1.440053e+03 1.476054e+03 1.453825e+03
1.5 1.467881e+03 1.466684e+03 1.476998e+03 1.478195e+03
2.5 1.478760e+03 1.474499e+03 1.479668e+03 1.483929e+03
3.5 1.513576e+03 1.474924e+03 1.479937e+03 1.518589e+03
4.5 1.438878e+03 1.517330e+03 1.478746e+03 1.400294e+03
5.5 1.425505e+03 1.458037e+03 1.477731e+03 1.445199e+03
6.5 1.464231e+03 1.513368e+03 1.477159e+03 1.428022e+03
7.5 1.515010e+03 1.500324e+03 1.476893e+03 1.491579e+03
8.5 1.440507e+03 1.446998e+03 1.476820e+03 1.470329e+03
9.5 1.481872e+03 1.460175e+03 1.476855e+03 1.498552e+03
10.5 1.488618e+03 1.469564e+03 1.476927e+03 1.495981e+03
11.5 1.464116e+03 1.443457e+03 1.476993e+03 1.497652e+03
12.5 1.463775e+03 1.491730e+03 1.477040e+03 1.449085e+03
13.5 1.551188e+03 1.487636e+03 1.477069e+03 1.540621e+03
14.5 1.388460e+03 1.453612e+03 1.477086e+03 1.411934e+03
15.5 1.528046e+03 1.482594e+03 1.477097e+03 1.522550e+03
16.5 1.433956e+03 1.460569e+03 1.477106e+03 1.450493e+03
17.5 1.520806e+03 1.442743e+03 1.477113e+03 1.555176e+03
0.4 1.317737e+03 1.411809e+03 1.476858e+03 1.382786e+03
1.4 1.446216e+03 1.457550e+03 1.475024e+03 1.463690e+03
2.4 1.455755e+03 1.435481e+03 1.472243e+03 1.492518e+03
3.4 1.476686e+03 1.452836e+03 1.475461e+03 1.499311e+03
4.4 1.432845e+03 1.479947e+03 1.478892e+03 1.431790e+03
5.4 1.445982e+03 1.442583e+03 1.480704e+03 1.484103e+03
6.4 1.511607e+03 1.498018e+03 1.479825e+03 1.493415e+03
7.4 1.419214e+03 1.497954e+03 1.478290e+03 1.399550e+03
8.4 1.409082e+03 1.417503e+03 1.476930e+03 1.468509e+03
9.4 1.408788e+03 1.457055e+03 1.474210e+03 1.425943e+03
10.4 1.450454e+03 1.449408e+03 1.473555e+03 1.474600e+03
11.4 1.401893e+03 1.456831e+03 1.476753e+03 1.421815e+03
12.4 1.556019e+03 1.508814e+03 1.480958e+03 1.528163e+03
13.4 1.462999e+03 1.467018e+03 1.482512e+03 1.478493e+03
14.4 1.503880e+03 1.479968e+03 1.483284e+03 1.507196e+03
15.4 1.534597e+03 1.524436e+03 1.481476e+03 1.491637e+03
16.4 1.437593e+03 1.459827e+03 1.478872e+03 1.456638e+03
17.4 1.556628e+03 1.520794e+03 1.477158e+03 1.512991e+03
0.4 1.446216e+03 1.457550e+03 1.475024e+03 1.463690e+03
1.4 1.455755e+03 1.435481e+03 1.472243e+03 1.492518e+03
2.4 1.476686e+03 1.452836e+03 1.475461e+03 1.499311e+03
3.4 1.432845e+03 1.479947e+03 1.478892e+03 1.431790e+03
4.4 1.445982e+03 1.442583e+03 1.480704e+03 1.484103e+03
5.4 1.511607e+03 1.498018e+03 1.479825e+03 1.493415e+03
6.4 1.419214e+03 1.497954e+03 1.478290e+03 1.399550e+03
7.4 1.409082e+03 1.417503e+03 1.476930e+03 1.468509e+03
8.4 1.408788e+03 1.457055e+03 1.474210e+03 1.425943e+03
9.4 1.450454e+03 1.449408e+03 1.473555e+03 1.474600e+03
10.4 1.401893e+03 1.456831e+03 1.476753e+03 1.421815e+03
11.4 1.556019e+03 1.508814e+03 1.480958e+03 1.528163e+03
12.4 1.462999e+03 1.467018e+03 1.482512e+03 1.478493e+03
13.4 1.503880e+03 1.479968e+03 1.483284e+03 1.507196e+03
14.4 1.534597e+03 1.524436e+03 1.481476e+03 1.491637e+03
15.4 1.437593e+03 1.459827e+03 1.478872e+03 1.456638e+03
16.4 1.556628e+03 1.520794e+03 1.477158e+03 1.512991e+03
17.4 1.598615e+03 1.503800e+03 1.476395e+03 1.571211e+03
0.7 1.476686e+03 1.452836e+03 1.475461e+03 1.499311e+03
1.7 1.432845e+03 1.479947e+03 1.478892e+03 1.431790e+03
2.7 1.445982e+03 1.442583e+03 1.480704e+03 1.484103e+03
3.7 1.511607e+03 1.498018e+03 1.479825e+03 1.493415e+03
4.7 1.419214e+03 1.497954e+03 1.478290e+03 1.399550e+03
5.7 1.409082e+03 1.417503e+03 1.476930e+03 1.468509e+03
6.7 1.408788e+03 1.457055e+03 1.474210e+03 1.425943e+03
7.7 1.450454e+03 1.449408e+03 1.473555e+03 1.474600e+03
8.7 1.401893e+03 1.456831e+03 1.476753e+03 1.421815e+03
9.7 1.556019e+03 1.508814e+03 1.480958e+03 1.528163e+03
10.7 1.462999e+03 1.467018e+03 1.482512e+03 1.478493e+03
11.7 1.503880e+03 1.479968e+03 1.483284e+03 1.507196e+03
12.7 1.534597e+03 1.524436e+03 1.481476e+03 1.491637e+03
13.7 1.437593e+03 1.459827e+03 1.478872e+03 1.456638e+03
14.7 1.556628e+03 1.520794e+03 1.477158e+03 1.512991e+03
15.7 1.598615e+03 1.503800e+03 1.476395e+03 1.571211e+03
16.7 1.432441e+03 1.453499e+03 1.476227e+03 1.455169e+03
17.7 1.533133e+03 1.527361e+03 1.476365e+03 1.482137e+03
0.9 1.409082e+03 1.417503e+03 1.476930e+03 1.468509e+03
1.9 1.408788e+03 1.457055e+03 1.474210e+03 1.425943e+03
2.9 1.450454e+03 1.449408e+03 1.473555e+03 1.474600e+03
3.9 1.401893e+03 1.456831e+03 1.476753e+03 1.421815e+03
4.9 1.556019e+03 1.508814e+03 1.480958e+03 1.528163e+03
5.9 1.462999e+03 1.467018e+03 1.482512e+03 1.478493e+03
6.9 1.503880e+03 1.479968e+03 1.483284e+03 1.507196e+03
7.9 1.534597e+03 1.524436e+03 1.481476e+03 1.491637e+03
8.9 1.437593e+03 1.459827e+03 1.478872e+03 1.456638e+03
9.9 1.556628e+03 1.520794e+03 1.477158e+03 1.512991e+03
10.9 1.598615e+03 1.503800e+03 1.476395e+03 1.571211e+03
11.9 1.432441e+03 1.453499e+03 1.476227e+03 1.455169e+03
12.9 1.533133e+03 1.527361e+03 1.476365e+03 1.482137e+03
13.9 1.492527e+03 1.458716e+03 1.476619e+03 1.510429e+03
14.9 1.552812e+03 1.455677e+03 1.476879e+03 1.574013e+03
15.9 1.506875e+03 1.491752e+03 1.477098e+03 1.492222e+03
16.9 1.430431e+03 1.447470e+03 1.477275e+03 1.460236e+03
17.9 1.446744e+03 1.509412e+03 1.477423e+03 1.414756e+03
0.3 1.408788e+03 1.457055e+03 1.474210e+03 1.425943e+03
1.3 1.450454e+03 1.449408e+03 1.473555e+03 1.474600e+03
2.3 1.401893e+03 1.456831e+03 1.476753e+03 1.421815e+03
3.3 1.556019e+03 1.508814e+03 1.480958e+03 1.528163e+03
4.3 1.462999e+03 1.467018e+03 1.482512e+03 1.478493e+03
5.3 1.503880e+03 1.479968e+03 1.483284e+03 1.507196e+03
6.3 1.534597e+03 1.524436e+03 1.481476e+03 1.491637e+03
7.3 1.437593e+03 1.459827e+03 1.478872e+03 1.456638e+03
8.3 1.556628e+03 1.520794e+03 1.477158e+03 1.512991e+03
9.3 1.598615e+03 1.503800e+03 1.476395e+03 1.571211e+03
10.3 1.432441e+03 1.453499e+03 1.476227e+03 1.455169e+03
11.3 1.533133e+03 1.527361e+03 1.476365e+03 1.482137e+03
12.3 1.492527e+03 1.458716e+03 1.476619e+03 1.510429e+03
13.3 1.552812e+03 1.455677e+03 1.476879e+03 1.574013e+03
14.3 1.506875e+03 1.491752e+03 1.477098e+03 1.492222e+03
15.3 1.430431e+03 1.447470e+03 1.477275e+03 1.460236e+03
16.3 1.446744e+03 1.509412e+03 1.477423e+03 1.414756e+03
17.3 1.471335e+03 1.484532e+03 1.477557e+03 1.464361e+03
0.1 1.450454e+03 1.449408e+03 1.473555e+03 1.474600e+03
1.1 1.401893e+03 1.456831e+03 1.476753e+03 1.421815e+03
2.1 1.556019e+03 1.508814e+03 1.480958e+03 1.528163e+03
3.1 1.462999e+03 1.467018e+03 1.482512e+03 1.478493e+03
4.1 1.503880e+03 1.479968e+03 1.483284e+03 1.507196e+03
5.1 1.534597e+03 1.524436e+03 1.481476e+03 1.491637e+03
6.1 1.437593e+03 1.459827e+03 1.478872e+03 1.456638e+03
7.1 1.556628e+03 1.520794e+03 1.477158e+03 1.512991e+03
8.1 1.598615e+03 1.503800e+03 1.476395e+03 1.571211e+03
9.1 1.432441e+03 1.453499e+03 1.476227e+03 1.455169e+03
10.1 1.533133e+03 1.527361e+03 1.476365e+03 1.482137e+03
11.1 1.492527e+03 1.458716e+03 1.476619e+03 1.510429e+03
12.1 1.552812e+03 1.455677e+03 1.476879e+03 1.574013e+03
13.1 1.506875e+03 1.491752e+03 1.477098e+03 1.492222e+03
14.1 1.430431e+03 1.447470e+03 1.477275e+03 1.460236e+03
15.1 1.446744e+03 1.509412e+03 1.477423e+03 1.414756e+03
16.1 1.471335e+03 1.484532e+03 1.477557e+03 1.464361e+03
17.1 1.416191e+03 1.447516e+03 1.477687e+03 1.446362e+03
0.5 1.556019e+03 1.508814e+03 1.480958e+03 1.528163e+03
1.5 1.462999e+03 1.467018e+03 1.482512e+03 1.478493e+03
2.5 1.503880e+03 1.479968e+03 1.483284e+03 1.507196e+03
3.5 1.534597e+03 1.524436e+03 1.481476e+03 1.491637e+03
4.5 1.437593e+03 1.459827e+03 1.478872e+03 1.456638e+03
5.5 1.556628e+03 1.520794e+03 1.477158e+03 1.512991e+03
6.5 1.598615e+03 1.503800e+03 1.476395e+03 1.571211e+03
7.5 1.432441e+03 1.453499e+03 1.476227e+03 1.455169e+03
8.5 1.533133e+03 1.527361e+03 1.476365e+03 1.482137e+03
9.5 1.492527e+03 1.458716e+03 1.476619e+03 1.510429e+03
10.5 1.552812e+03 1.455677e+03 1.476879e+03 1.574013e+03
11.5 1.506875e+03 1.491752e+03 1.477098e+03 1.492222e+03
12.5 1.430431e+03 1.447470e+03 1.477275e+03 1.460236e+03
13.5 1.446744e+03 1.509412e+03 1.477423e+03 1.414756e+03
14.5 1.471335e+03 1.484532e+03 1.477557e+03 1.464361e+03
15.5 1.416191e+03 1.447516e+03 1.477687e+03 1.446362e+03
16.5 1.449719e+03 1.464843e+03 1.477130e+03 1.462007e+03
17.5 1.486041e+03 1.440520e+03 1.474688e+03 1.520209e+03
0.1 1.416191e+03 1.447516e+03 1.477687e+03 1.446362e+03
1.1 1.449719e+03 1.464843e+03 1.477130e+03 1.462007e+03
2.1 1.486041e+03 1.440520e+03 1.474688e+03 1.520209e+03
3.1 1.488625e+03 1.474026e+03 1.474660e+03 1.489259e+03
4.1 1.463432e+03 1.491526e+03 1.476279e+03 1.448185e+03
5.1 1.453607e+03 1.467676e+03 1.477658e+03 1.463590e+03
6.1 1.521368e+03 1.551144e+03 1.478469e+03 1.448693e+03
