1.376279e+03 1.374651e+03 1.376796e+03 1.374134e+03
1.365168e+03 1.374583e+03 1.376759e+03 1.362992e+03
1.372840e+03 1.374511e+03 1.380134e+03 1.367217e+03
1.384885e+03 1.374437e+03 1.375299e+03 1.384023e+03
1.362833e+03 1.374361e+03 1.380515e+03 1.356678e+03
1.375127e+03 1.374287e+03 1.378298e+03 1.371116e+03
1.394815e+03 1.374214e+03 1.379648e+03 1.389381e+03
1.389466e+03 1.374145e+03 1.377790e+03 1.385820e+03
1.358203e+03 1.374078e+03 1.369519e+03 1.362762e+03
1.363301e+03 1.374013e+03 1.373755e+03 1.363559e+03
1.376342e+03 1.373952e+03 1.368856e+03 1.381438e+03
1.367313e+03 1.373900e+03 1.375023e+03 1.366189e+03
1.365210e+03 1.374776e+03 1.372658e+03 1.367328e+03
1.354326e+03 1.378009e+03 1.372655e+03 1.359679e+03
1.357911e+03 1.381365e+03 1.366441e+03 1.372835e+03
1.400692e+03 1.382343e+03 1.363926e+03 1.419109e+03
1.390242e+03 1.379722e+03 1.373509e+03 1.396455e+03
1.391814e+03 1.376288e+03 1.369486e+03 1.398616e+03
1.377966e+03 1.374015e+03 1.380841e+03 1.371141e+03
1.383866e+03 1.372930e+03 1.374073e+03 1.382722e+03
1.378684e+03 1.372588e+03 1.381176e+03 1.370096e+03
1.388484e+03 1.372635e+03 1.368665e+03 1.392453e+03
1.376657e+03 1.372827e+03 1.369747e+03 1.379737e+03
1.349476e+03 1.373017e+03 1.364809e+03 1.357685e+03
1.371304e+03 1.373147e+03 1.368319e+03 1.376132e+03
1.373280e+03 1.373214e+03 1.366717e+03 1.379777e+03
1.385272e+03 1.373235e+03 1.371577e+03 1.386931e+03
1.388748e+03 1.373243e+03 1.377727e+03 1.384263e+03
1.377591e+03 1.374597e+03 1.378661e+03 1.373527e+03
1.371675e+03 1.379401e+03 1.385959e+03 1.365117e+03
1.363778e+03 1.384381e+03 1.391435e+03 1.356724e+03
1.424959e+03 1.385868e+03 1.395826e+03 1.415001e+03
1.361900e+03 1.382070e+03 1.387009e+03 1.356961e+03
1.384765e+03 1.377079e+03 1.383545e+03 1.378299e+03
1.400023e+03 1.373792e+03 1.376528e+03 1.397287e+03
1.369006e+03 1.372246e+03 1.375116e+03 1.366137e+03
1.361571e+03 1.371791e+03 1.377694e+03 1.355668e+03
1.363417e+03 1.371904e+03 1.367887e+03 1.367434e+03
1.381252e+03 1.372228e+03 1.370395e+03 1.383085e+03
1.366086e+03 1.372548e+03 1.366356e+03 1.372278e+03
1.359621e+03 1.372789e+03 1.368055e+03 1.364355e+03
1.373067e+03 1.374292e+03 1.368929e+03 1.378430e+03
1.414312e+03 1.379182e+03 1.376592e+03 1.416903e+03
1.398420e+03 1.384210e+03 1.395844e+03 1.386786e+03
1.379384e+03 1.385726e+03 1.392328e+03 1.372781e+03
1.419501e+03 1.381948e+03 1.396131e+03 1.405317e+03
1.358868e+03 1.376973e+03 1.374495e+03 1.361346e+03
1.405425e+03 1.373700e+03 1.381897e+03 1.397229e+03
1.373337e+03 1.372168e+03 1.374703e+03 1.370801e+03
1.386377e+03 1.371724e+03 1.379078e+03 1.379023e+03
1.385645e+03 1.371849e+03 1.372523e+03 1.384972e+03
1.361292e+03 1.372184e+03 1.380136e+03 1.353341e+03
1.367323e+03 1.372515e+03 1.370926e+03 1.368912e+03
1.364785e+03 1.372755e+03 1.375142e+03 1.362398e+03
1.341077e+03 1.372899e+03 1.373127e+03 1.340848e+03
1.377107e+03 1.372982e+03 1.374006e+03 1.376082e+03
1.371187e+03 1.373951e+03 1.379201e+03 1.365937e+03
1.349996e+03 1.377254e+03 1.372137e+03 1.355113e+03
1.396520e+03 1.380668e+03 1.373797e+03 1.403391e+03
1.356457e+03 1.381700e+03 1.368564e+03 1.369593e+03
1.410703e+03 1.379129e+03 1.381203e+03 1.408629e+03
1.365844e+03 1.375746e+03 1.369723e+03 1.371867e+03
1.367744e+03 1.373522e+03 1.387574e+03 1.353692e+03
1.403381e+03 1.372483e+03 1.384778e+03 1.391086e+03
1.405640e+03 1.372186e+03 1.385339e+03 1.392487e+03
1.373915e+03 1.372277e+03 1.386825e+03 1.359367e+03
1.359051e+03 1.372510e+03 1.369231e+03 1.362330e+03
1.357105e+03 1.372740e+03 1.368011e+03 1.361834e+03
1.352565e+03 1.372907e+03 1.358924e+03 1.366548e+03
1.377148e+03 1.373009e+03 1.366843e+03 1.383314e+03
1.376687e+03 1.373064e+03 1.362950e+03 1.386801e+03
1.341007e+03 1.373091e+03 1.368856e+03 1.345243e+03
1.343265e+03 1.373115e+03 1.368574e+03 1.347807e+03
1.375955e+03 1.374493e+03 1.378502e+03 1.371946e+03
1.356806e+03 1.379322e+03 1.386286e+03 1.349842e+03
1.380624e+03 1.384328e+03 1.388898e+03 1.376053e+03
1.392114e+03 1.385839e+03 1.391364e+03 1.386589e+03
1.384587e+03 1.382065e+03 1.383740e+03 1.382912e+03
1.394187e+03 1.377096e+03 1.382089e+03 1.389194e+03
1.409211e+03 1.373830e+03 1.372688e+03 1.410353e+03
1.393062e+03 1.372303e+03 1.373586e+03 1.391778e+03
1.347420e+03 1.371865e+03 1.368418e+03 1.350867e+03
1.372360e+03 1.371995e+03 1.373602e+03 1.370753e+03
1.378831e+03 1.372334e+03 1.368618e+03 1.382547e+03
1.345471e+03 1.372668e+03 1.370463e+03 1.347677e+03
1.355411e+03 1.372911e+03 1.368433e+03 1.359888e+03
1.372085e+03 1.373065e+03 1.367475e+03 1.377675e+03
1.388638e+03 1.374075e+03 1.375519e+03 1.387194e+03
1.356902e+03 1.377398e+03 1.371120e+03 1.363180e+03
1.361595e+03 1.380822e+03 1.366637e+03 1.375780e+03
1.356714e+03 1.381859e+03 1.350049e+03 1.388524e+03
1.347682e+03 1.379291e+03 1.370834e+03 1.356139e+03
1.354757e+03 1.375908e+03 1.367273e+03 1.363392e+03
1.366244e+03 1.373683e+03 1.376341e+03 1.363586e+03
1.364124e+03 1.372643e+03 1.372041e+03 1.364726e+03
1.385369e+03 1.372345e+03 1.384711e+03 1.373003e+03
1.361350e+03 1.372433e+03 1.374920e+03 1.358863e+03
1.380702e+03 1.372664e+03 1.379369e+03 1.373998e+03
1.381463e+03 1.372892e+03 1.372336e+03 1.382019e+03
1.367878e+03 1.373057e+03 1.373924e+03 1.367010e+03
1.361276e+03 1.373163e+03 1.370674e+03 1.363765e+03
1.357139e+03 1.374148e+03 1.369849e+03 1.361438e+03
1.353371e+03 1.377458e+03 1.370944e+03 1.359886e+03
1.366793e+03 1.380875e+03 1.362848e+03 1.384819e+03
1.349628e+03 1.381907e+03 1.369829e+03 1.361706e+03
1.396469e+03 1.379336e+03 1.367380e+03 1.408425e+03
1.376314e+03 1.375951e+03 1.370090e+03 1.382175e+03
1.365151e+03 1.373725e+03 1.379936e+03 1.358940e+03
1.403723e+03 1.372683e+03 1.382302e+03 1.394104e+03
1.351657e+03 1.372382e+03 1.385410e+03 1.338629e+03
1.415760e+03 1.372466e+03 1.381648e+03 1.406578e+03
1.377711e+03 1.372693e+03 1.376061e+03 1.374343e+03
1.373419e+03 1.372917e+03 1.378484e+03 1.367852e+03
1.382812e+03 1.373078e+03 1.374377e+03 1.381513e+03
1.417432e+03 1.373173e+03 1.383694e+03 1.406911e+03
1.378536e+03 1.373229e+03 1.374105e+03 1.377659e+03
1.390278e+03 1.374183e+03 1.381491e+03 1.382970e+03
1.402158e+03 1.377477e+03 1.371584e+03 1.408051e+03
1.380325e+03 1.380887e+03 1.373717e+03 1.387495e+03
1.353195e+03 1.381914e+03 1.359065e+03 1.376043e+03
1.378664e+03 1.379339e+03 1.376576e+03 1.381427e+03
1.367831e+03 1.375949e+03 1.375074e+03 1.368706e+03
1.373019e+03 1.373718e+03 1.376993e+03 1.369744e+03
1.391540e+03 1.372672e+03 1.378556e+03 1.385656e+03
1.367567e+03 1.372366e+03 1.381774e+03 1.358159e+03
1.383599e+03 1.372448e+03 1.376796e+03 1.379251e+03
1.381437e+03 1.372672e+03 1.372288e+03 1.381820e+03
1.354943e+03 1.372893e+03 1.371719e+03 1.356117e+03
1.402770e+03 1.373052e+03 1.373335e+03 1.402486e+03
1.376455e+03 1.373152e+03 1.373962e+03 1.375645e+03
1.379117e+03 1.374131e+03 1.378236e+03 1.375012e+03
1.373460e+03 1.377436e+03 1.372563e+03 1.378334e+03
1.357521e+03 1.380849e+03 1.374996e+03 1.363373e+03
1.348815e+03 1.381876e+03 1.364088e+03 1.366603e+03
1.363652e+03 1.379300e+03 1.374720e+03 1.368233e+03
1.375784e+03 1.375910e+03 1.377434e+03 1.374260e+03
1.390615e+03 1.373678e+03 1.389538e+03 1.374755e+03
1.358726e+03 1.372631e+03 1.364425e+03 1.366933e+03
1.397994e+03 1.372326e+03 1.384436e+03 1.385884e+03
1.381020e+03 1.372407e+03 1.375473e+03 1.377955e+03
1.366871e+03 1.372632e+03 1.378735e+03 1.360768e+03
1.345479e+03 1.372853e+03 1.368823e+03 1.349509e+03
1.359152e+03 1.373012e+03 1.372077e+03 1.360087e+03
1.367853e+03 1.373116e+03 1.365288e+03 1.375681e+03
1.387817e+03 1.374532e+03 1.373844e+03 1.388504e+03
1.371227e+03 1.379375e+03 1.376577e+03 1.374025e+03
1.404259e+03 1.384382e+03 1.395086e+03 1.393555e+03
1.388439e+03 1.385889e+03 1.393116e+03 1.381213e+03
1.400156e+03 1.382108e+03 1.398526e+03 1.383738e+03
1.399399e+03 1.377133e+03 1.382363e+03 1.394168e+03
1.372973e+03 1.373859e+03 1.380574e+03 1.366257e+03
1.371514e+03 1.372324e+03 1.375708e+03 1.368130e+03
1.385870e+03 1.371878e+03 1.378956e+03 1.378792e+03
1.368246e+03 1.371999e+03 1.378256e+03 1.361989e+03
1.359646e+03 1.372330e+03 1.376710e+03 1.355266e+03
1.382542e+03 1.372656e+03 1.374160e+03 1.381038e+03
1.369023e+03 1.372890e+03 1.371689e+03 1.370224e+03
1.376283e+03 1.373028e+03 1.374141e+03 1.375170e+03
1.400150e+03 1.373098e+03 1.370657e+03 1.402591e+03
1.372937e+03 1.373128e+03 1.377593e+03 1.368473e+03
1.379156e+03 1.373146e+03 1.359031e+03 1.393271e+03
1.367584e+03 1.374081e+03 1.382862e+03 1.358803e+03
1.386955e+03 1.377364e+03 1.367961e+03 1.396358e+03
1.376018e+03 1.380766e+03 1.367892e+03 1.388892e+03
1.369843e+03 1.381786e+03 1.365779e+03 1.385850e+03
1.395615e+03 1.379202e+03 1.374572e+03 1.400246e+03
1.357881e+03 1.375804e+03 1.372180e+03 1.361505e+03
1.390726e+03 1.373565e+03 1.382388e+03 1.381903e+03
1.348465e+03 1.372512e+03 1.377414e+03 1.343563e+03
1.375964e+03 1.372201e+03 1.381371e+03 1.366794e+03
1.359821e+03 1.372276e+03 1.372524e+03 1.359574e+03
1.390939e+03 1.372494e+03 1.378261e+03 1.385172e+03
1.392568e+03 1.372707e+03 1.370331e+03 1.394945e+03
1.384854e+03 1.372856e+03 1.383621e+03 1.374089e+03
1.419204e+03 1.372946e+03 1.369910e+03 1.422240e+03
1.359002e+03 1.373913e+03 1.380915e+03 1.352000e+03
1.350649e+03 1.377204e+03 1.378479e+03 1.349374e+03
1.365300e+03 1.380600e+03 1.363763e+03 1.382138e+03
1.354645e+03 1.381605e+03 1.369114e+03 1.367136e+03
