0.5 1.056355e+04 1.054261e+04 1.053093e+04 1.055186e+04
1.5 1.054480e+04 1.053987e+04 1.053306e+04 1.053799e+04
2.5 1.051091e+04 1.054778e+04 1.054069e+04 1.050383e+04
3.5 1.052244e+04 1.055538e+04 1.054861e+04 1.051567e+04
4.5 1.057067e+04 1.055923e+04 1.055096e+04 1.056240e+04
5.5 1.057410e+04 1.055694e+04 1.054489e+04 1.056204e+04
6.5 1.054930e+04 1.054526e+04 1.053691e+04 1.054095e+04
7.5 1.052218e+04 1.053683e+04 1.053165e+04 1.051699e+04
8.5 1.049906e+04 1.054134e+04 1.052916e+04 1.048689e+04
9.5 1.053221e+04 1.053328e+04 1.052842e+04 1.052734e+04
10.5 1.055047e+04 1.052379e+04 1.052858e+04 1.055526e+04
11.5 1.053026e+04 1.053021e+04 1.052907e+04 1.052912e+04
12.5 1.053515e+04 1.053098e+04 1.052957e+04 1.053373e+04
13.5 1.055208e+04 1.052572e+04 1.052991e+04 1.055628e+04
14.5 1.054420e+04 1.052884e+04 1.053011e+04 1.054547e+04
15.5 1.054749e+04 1.052945e+04 1.053021e+04 1.054825e+04
16.5 1.053297e+04 1.053025e+04 1.053242e+04 1.053515e+04
17.5 1.050015e+04 1.053935e+04 1.054012e+04 1.050091e+04
18.5 1.052255e+04 1.054715e+04 1.054808e+04 1.052348e+04
19.5 1.052688e+04 1.054241e+04 1.055047e+04 1.053494e+04
20.5 1.053417e+04 1.053711e+04 1.054443e+04 1.054150e+04
0.5 1.054749e+04 1.052945e+04 1.053021e+04 1.054825e+04
1.5 1.053297e+04 1.053025e+04 1.053242e+04 1.053515e+04
2.5 1.050015e+04 1.053935e+04 1.054012e+04 1.050091e+04
3.5 1.052255e+04 1.054715e+04 1.054808e+04 1.052348e+04
4.5 1.052688e+04 1.054241e+04 1.055047e+04 1.053494e+04
5.5 1.053417e+04 1.053711e+04 1.054443e+04 1.054150e+04
6.5 1.055548e+04 1.053754e+04 1.053649e+04 1.055443e+04
7.5 1.054352e+04 1.052913e+04 1.053127e+04 1.054566e+04
8.5 1.054094e+04 1.052699e+04 1.052882e+04 1.054276e+04
9.5 1.056183e+04 1.052274e+04 1.052811e+04 1.056720e+04
10.5 1.051625e+04 1.051625e+04 1.052831e+04 1.052831e+04
11.5 1.054150e+04 1.054812e+04 1.052884e+04 1.052222e+04
12.5 1.054951e+04 1.053974e+04 1.052936e+04 1.053913e+04
13.5 1.053827e+04 1.053390e+04 1.052976e+04 1.053413e+04
14.5 1.054817e+04 1.053703e+04 1.053217e+04 1.054332e+04
15.5 1.055938e+04 1.054695e+04 1.053999e+04 1.055242e+04
16.5 1.055532e+04 1.055602e+04 1.054802e+04 1.054732e+04
17.5 1.054362e+04 1.056415e+04 1.055046e+04 1.052992e+04
18.5 1.055729e+04 1.055755e+04 1.054445e+04 1.054419e+04
19.5 1.057127e+04 1.054198e+04 1.053654e+04 1.056583e+04
20.5 1.052916e+04 1.053891e+04 1.053134e+04 1.052159e+04
0.5 1.053827e+04 1.053390e+04 1.052976e+04 1.053413e+04
1.5 1.054817e+04 1.053703e+04 1.053217e+04 1.054332e+04
2.5 1.055938e+04 1.054695e+04 1.053999e+04 1.055242e+04
3.5 1.055532e+04 1.055602e+04 1.054802e+04 1.054732e+04
4.5 1.054362e+04 1.056415e+04 1.055046e+04 1.052992e+04
5.5 1.055729e+04 1.055755e+04 1.054445e+04 1.054419e+04
6.5 1.057127e+04 1.054198e+04 1.053654e+04 1.056583e+04
7.5 1.052916e+04 1.053891e+04 1.053134e+04 1.052159e+04
8.5 1.051239e+04 1.053732e+04 1.052891e+04 1.050398e+04
9.5 1.050902e+04 1.053515e+04 1.052822e+04 1.050209e+04
10.5 1.052880e+04 1.053635e+04 1.052843e+04 1.052089e+04
11.5 1.049545e+04 1.053249e+04 1.052898e+04 1.049194e+04
12.5 1.049604e+04 1.053217e+04 1.052952e+04 1.049339e+04
13.5 1.050748e+04 1.053308e+04 1.052992e+04 1.050433e+04
14.5 1.052100e+04 1.053071e+04 1.053016e+04 1.052045e+04
15.5 1.053709e+04 1.053408e+04 1.053029e+04 1.053330e+04
16.5 1.052324e+04 1.052942e+04 1.053036e+04 1.052419e+04
17.5 1.053424e+04 1.051376e+04 1.053040e+04 1.055088e+04
18.5 1.050358e+04 1.050499e+04 1.053042e+04 1.052901e+04
19.5 1.047765e+04 1.051628e+04 1.053044e+04 1.049181e+04
20.5 1.051866e+04 1.052277e+04 1.053046e+04 1.052634e+04
0.5 1.056274e+04 1.053623e+04 1.053053e+04 1.055704e+04
1.5 1.057699e+04 1.053838e+04 1.053271e+04 1.057132e+04
2.5 1.055698e+04 1.054778e+04 1.054039e+04 1.054958e+04
3.5 1.056287e+04 1.055566e+04 1.054835e+04 1.055556e+04
4.5 1.058650e+04 1.055697e+04 1.055074e+04 1.058027e+04
5.5 1.057529e+04 1.054660e+04 1.054470e+04 1.057339e+04
6.5 1.057201e+04 1.053894e+04 1.053675e+04 1.056982e+04
7.5 1.052234e+04 1.052821e+04 1.053152e+04 1.052565e+04
8.5 1.051262e+04 1.052632e+04 1.052905e+04 1.051535e+04
9.5 1.053502e+04 1.052366e+04 1.052832e+04 1.053968e+04
10.5 1.056444e+04 1.052165e+04 1.052849e+04 1.057128e+04
11.5 1.055039e+04 1.053039e+04 1.052899e+04 1.054898e+04
12.5 1.052183e+04 1.052793e+04 1.052948e+04 1.052338e+04
13.5 1.051112e+04 1.052280e+04 1.052982e+04 1.051814e+04
14.5 1.050824e+04 1.052199e+04 1.053000e+04 1.051626e+04
15.5 1.054395e+04 1.052294e+04 1.053008e+04 1.055108e+04
16.5 1.053744e+04 1.052684e+04 1.053008e+04 1.054068e+04
17.5 1.050307e+04 1.051669e+04 1.053005e+04 1.051643e+04
18.5 1.052044e+04 1.049784e+04 1.053001e+04 1.055261e+04
19.5 1.053647e+04 1.049765e+04 1.052995e+04 1.056877e+04
20.5 1.052476e+04 1.050017e+04 1.052989e+04 1.055449e+04
0.5 1.053375e+04 1.053583e+04 1.052927e+04 1.052720e+04
1.5 1.054672e+04 1.053783e+04 1.053136e+04 1.054025e+04
2.5 1.054860e+04 1.054020e+04 1.053895e+04 1.054734e+04
3.5 1.055113e+04 1.054879e+04 1.054682e+04 1.054916e+04
4.5 1.056164e+04 1.055509e+04 1.054911e+04 1.055566e+04
5.5 1.057893e+04 1.055894e+04 1.054297e+04 1.056295e+04
6.5 1.058066e+04 1.054946e+04 1.053492e+04 1.056612e+04
7.5 1.053382e+04 1.054202e+04 1.052957e+04 1.052137e+04
8.5 1.051455e+04 1.053418e+04 1.052699e+04 1.050737e+04
9.5 1.053676e+04 1.052868e+04 1.052614e+04 1.053422e+04
10.5 1.055529e+04 1.053296e+04 1.052620e+04 1.054853e+04
11.5 1.051031e+04 1.052936e+04 1.052659e+04 1.050753e+04
12.5 1.049772e+04 1.052988e+04 1.052696e+04 1.049480e+04
13.5 1.048670e+04 1.052485e+04 1.052721e+04 1.048906e+04
14.5 1.051034e+04 1.053305e+04 1.052946e+04 1.050675e+04
15.5 1.053391e+04 1.053938e+04 1.053711e+04 1.053164e+04
16.5 1.053135e+04 1.054462e+04 1.054497e+04 1.053171e+04
17.5 1.053684e+04 1.055030e+04 1.054722e+04 1.053377e+04
18.5 1.055568e+04 1.054194e+04 1.054103e+04 1.055477e+04
19.5 1.053241e+04 1.053556e+04 1.053292e+04 1.052976e+04
0.5 1.048670e+04 1.052485e+04 1.052721e+04 1.048906e+04
1.5 1.051034e+04 1.053305e+04 1.052946e+04 1.050675e+04
2.5 1.053391e+04 1.053938e+04 1.053711e+04 1.053164e+04
3.5 1.053135e+04 1.054462e+04 1.054497e+04 1.053171e+04
4.5 1.053684e+04 1.055030e+04 1.054722e+04 1.053377e+04
5.5 1.055568e+04 1.054194e+04 1.054103e+04 1.055477e+04
6.5 1.053241e+04 1.053556e+04 1.053292e+04 1.052976e+04
