0.2 6.957067e+03 6.952211e+03 6.906848e+03 6.911704e+03
1.2 6.859208e+03 6.909603e+03 6.899788e+03 6.849393e+03
2.2 6.917174e+03 6.900860e+03 6.902617e+03 6.918931e+03
3.2 6.959213e+03 6.903633e+03 6.913978e+03 6.969558e+03
4.2 6.859159e+03 6.921394e+03 6.917153e+03 6.854918e+03
5.2 6.933788e+03 6.883243e+03 6.914620e+03 6.965164e+03
6.2 6.892336e+03 6.871817e+03 6.911935e+03 6.932453e+03
7.2 6.829901e+03 6.864470e+03 6.910239e+03 6.875670e+03
8.2 6.899055e+03 6.882960e+03 6.909296e+03 6.925391e+03
9.2 6.870802e+03 6.866404e+03 6.908897e+03 6.913295e+03
10.2 6.903545e+03 6.909332e+03 6.908859e+03 6.903072e+03
11.2 6.857658e+03 6.925010e+03 6.908986e+03 6.841634e+03
12.2 6.975570e+03 6.966980e+03 6.909138e+03 6.917728e+03
13.2 6.937431e+03 6.993175e+03 6.909253e+03 6.853510e+03
14.2 6.977624e+03 6.949501e+03 6.909325e+03 6.937449e+03
15.2 6.851044e+03 6.918193e+03 6.909367e+03 6.842219e+03
16.2 6.960609e+03 6.891891e+03 6.909393e+03 6.978110e+03
17.2 6.884298e+03 6.906023e+03 6.909410e+03 6.887685e+03
0.8 6.975262e+03 6.952737e+03 6.900238e+03 6.922763e+03
1.8 6.929785e+03 6.903514e+03 6.895764e+03 6.922035e+03
2.8 6.824725e+03 6.879939e+03 6.909087e+03 6.853873e+03
3.8 7.038215e+03 6.913337e+03 6.919912e+03 7.044789e+03
4.8 6.946233e+03 6.936926e+03 6.918839e+03 6.928146e+03
5.8 6.895399e+03 6.920974e+03 6.914747e+03 6.889172e+03
6.8 6.879222e+03 6.948311e+03 6.911769e+03 6.842679e+03
7.8 6.963589e+03 6.936884e+03 6.910015e+03 6.936720e+03
8.8 6.903816e+03 6.907243e+03 6.909130e+03 6.905704e+03
9.8 6.974157e+03 6.859879e+03 6.908867e+03 7.023145e+03
10.8 6.804734e+03 6.833657e+03 6.908953e+03 6.880030e+03
11.8 6.938511e+03 6.892383e+03 6.909147e+03 6.955275e+03
12.8 6.960552e+03 6.934883e+03 6.909314e+03 6.934983e+03
13.8 6.990016e+03 6.944200e+03 6.909416e+03 6.955233e+03
14.8 6.898266e+03 6.909782e+03 6.909464e+03 6.897947e+03
15.8 6.924657e+03 6.951409e+03 6.909477e+03 6.882725e+03
16.8 7.008115e+03 6.925401e+03 6.909472e+03 6.992186e+03
17.8 6.909426e+03 6.913459e+03 6.909457e+03 6.905423e+03
0.8 6.829810e+03 6.909792e+03 6.900342e+03 6.820360e+03
1.8 6.897964e+03 6.882827e+03 6.895476e+03 6.910613e+03
2.8 6.878338e+03 6.874713e+03 6.908456e+03 6.912082e+03
3.8 6.841574e+03 6.912511e+03 6.917897e+03 6.846960e+03
4.8 6.934505e+03 6.900953e+03 6.903751e+03 6.937303e+03
5.8 6.848893e+03 6.859555e+03 6.896965e+03 6.886303e+03
6.8 6.942588e+03 6.868070e+03 6.914375e+03 6.988893e+03
7.8 6.894830e+03 6.881516e+03 6.924433e+03 6.937747e+03
8.8 6.838239e+03 6.899010e+03 6.920578e+03 6.859807e+03
9.8 6.960709e+03 6.900567e+03 6.914784e+03 6.974926e+03
10.8 6.887759e+03 6.917268e+03 6.911089e+03 6.881579e+03
11.8 7.050931e+03 6.942819e+03 6.909098e+03 7.017210e+03
12.8 6.813563e+03 6.912090e+03 6.908220e+03 6.809694e+03
13.8 6.898989e+03 6.904723e+03 6.908076e+03 6.902342e+03
14.8 6.862384e+03 6.928498e+03 6.908301e+03 6.842187e+03
15.8 6.808088e+03 6.910528e+03 6.908606e+03 6.806167e+03
16.8 7.000355e+03 6.935842e+03 6.908848e+03 6.973361e+03
17.8 6.973608e+03 6.929632e+03 6.908998e+03 6.952974e+03
1.0 6.934505e+03 6.900953e+03 6.903751e+03 6.937303e+03
2.0 6.848893e+03 6.859555e+03 6.896965e+03 6.886303e+03
3.0 6.942588e+03 6.868070e+03 6.914375e+03 6.988893e+03
4.0 6.894830e+03 6.881516e+03 6.924433e+03 6.937747e+03
5.0 6.838239e+03 6.899010e+03 6.920578e+03 6.859807e+03
6.0 6.960709e+03 6.900567e+03 6.914784e+03 6.974926e+03
7.0 6.887759e+03 6.917268e+03 6.911089e+03 6.881579e+03
8.0 7.050931e+03 6.942819e+03 6.909098e+03 7.017210e+03
9.0 6.813563e+03 6.912090e+03 6.908220e+03 6.809694e+03
10.0 6.898989e+03 6.904723e+03 6.908076e+03 6.902342e+03
11.0 6.862384e+03 6.928498e+03 6.908301e+03 6.842187e+03
12.0 6.808088e+03 6.910528e+03 6.908606e+03 6.806167e+03
13.0 7.000355e+03 6.935842e+03 6.908848e+03 6.973361e+03
14.0 6.973608e+03 6.929632e+03 6.908998e+03 6.952974e+03
15.0 6.969842e+03 6.905435e+03 6.909079e+03 6.973486e+03
16.0 7.017694e+03 6.912794e+03 6.909119e+03 7.014019e+03
17.0 6.874627e+03 6.887015e+03 6.909139e+03 6.896751e+03
18.0 6.850635e+03 6.902418e+03 6.909157e+03 6.857374e+03
0.7 6.986708e+03 6.914857e+03 6.909224e+03 6.981076e+03
1.7 6.886911e+03 6.891752e+03 6.917172e+03 6.912331e+03
2.7 6.873604e+03 6.882257e+03 6.918516e+03 6.909863e+03
3.7 6.963031e+03 6.904176e+03 6.907078e+03 6.965933e+03
4.7 6.820971e+03 6.901379e+03 6.902427e+03 6.822019e+03
5.7 6.856523e+03 6.901480e+03 6.904341e+03 6.859384e+03
6.7 6.855310e+03 6.901052e+03 6.906839e+03 6.861098e+03
7.7 6.965060e+03 6.885112e+03 6.908461e+03 6.988409e+03
8.7 7.024858e+03 6.899464e+03 6.909403e+03 7.034797e+03
9.7 6.906909e+03 6.933638e+03 6.909850e+03 6.883120e+03
10.7 6.786969e+03 6.924646e+03 6.909944e+03 6.772266e+03
11.7 6.891104e+03 6.909283e+03 6.909859e+03 6.891680e+03
12.7 6.919284e+03 6.916828e+03 6.909733e+03 6.912189e+03
13.7 6.824469e+03 6.920621e+03 6.909634e+03 6.813482e+03
14.7 7.017079e+03 6.932052e+03 6.909574e+03 6.994600e+03
15.7 6.912117e+03 6.930450e+03 6.909542e+03 6.891209e+03
16.7 6.962063e+03 6.919113e+03 6.909527e+03 6.952478e+03
17.7 6.948149e+03 6.878543e+03 6.909520e+03 6.979126e+03
0.7 6.893923e+03 6.892314e+03 6.908817e+03 6.910426e+03
1.7 6.971246e+03 6.894485e+03 6.915432e+03 6.992193e+03
2.7 6.919048e+03 6.917615e+03 6.916937e+03 6.918370e+03
3.7 6.944553e+03 6.919718e+03 6.907688e+03 6.932524e+03
4.7 6.876402e+03 6.911411e+03 6.903919e+03 6.868910e+03
5.7 6.892811e+03 6.887532e+03 6.905427e+03 6.910705e+03
6.7 6.915005e+03 6.882331e+03 6.907378e+03 6.940052e+03
7.7 6.965834e+03 6.905114e+03 6.908625e+03 6.969345e+03
8.7 6.857482e+03 6.947033e+03 6.924845e+03 6.835295e+03
9.7 6.855557e+03 6.929432e+03 6.931049e+03 6.857174e+03
10.7 7.064007e+03 6.943623e+03 6.908005e+03 7.028389e+03
11.7 6.920383e+03 6.928047e+03 6.893913e+03 6.886248e+03
12.7 6.827458e+03 6.899223e+03 6.896847e+03 6.825081e+03
13.7 6.843060e+03 6.870485e+03 6.902784e+03 6.875359e+03
14.7 6.803522e+03 6.832851e+03 6.906852e+03 6.877523e+03
15.7 6.772153e+03 6.837558e+03 6.909230e+03 6.843825e+03
16.7 6.893102e+03 6.863138e+03 6.910397e+03 6.940361e+03
17.7 6.940659e+03 6.896368e+03 6.910696e+03 6.954987e+03
0.5 6.965834e+03 6.905114e+03 6.908625e+03 6.969345e+03
1.5 6.857482e+03 6.947033e+03 6.924845e+03 6.835295e+03
2.5 6.855557e+03 6.929432e+03 6.931049e+03 6.857174e+03
3.5 7.064007e+03 6.943623e+03 6.908005e+03 7.028389e+03
4.5 6.920383e+03 6.928047e+03 6.893913e+03 6.886248e+03
5.5 6.827458e+03 6.899223e+03 6.896847e+03 6.825081e+03
6.5 6.843060e+03 6.870485e+03 6.902784e+03 6.875359e+03
7.5 6.803522e+03 6.832851e+03 6.906852e+03 6.877523e+03
8.5 6.772153e+03 6.837558e+03 6.909230e+03 6.843825e+03
9.5 6.893102e+03 6.863138e+03 6.910397e+03 6.940361e+03
10.5 6.940659e+03 6.896368e+03 6.910696e+03 6.954987e+03
11.5 6.974116e+03 6.970441e+03 6.908542e+03 6.912217e+03
12.5 6.983578e+03 6.946539e+03 6.901578e+03 6.938618e+03
13.5 6.997752e+03 6.930714e+03 6.903120e+03 6.970158e+03
14.5 6.940252e+03 6.919698e+03 6.913568e+03 6.934122e+03
15.5 6.901036e+03 6.898886e+03 6.916960e+03 6.919110e+03
16.5 6.858867e+03 6.911198e+03 6.914694e+03 6.862364e+03
17.5 6.866486e+03 6.935296e+03 6.912130e+03 6.843321e+03
0.2 6.974116e+03 6.970441e+03 6.908542e+03 6.912217e+03
1.2 6.983578e+03 6.946539e+03 6.901578e+03 6.938618e+03
2.2 6.997752e+03 6.930714e+03 6.903120e+03 6.970158e+03
3.2 6.940252e+03 6.919698e+03 6.913568e+03 6.934122e+03
4.2 6.901036e+03 6.898886e+03 6.916960e+03 6.919110e+03
5.2 6.858867e+03 6.911198e+03 6.914694e+03 6.862364e+03
6.2 6.866486e+03 6.935296e+03 6.912130e+03 6.843321e+03
7.2 6.900965e+03 6.907557e+03 6.910489e+03 6.903898e+03
8.2 6.869357e+03 6.900883e+03 6.909560e+03 6.878035e+03
9.2 6.978195e+03 6.900940e+03 6.909144e+03 6.986399e+03
10.2 6.885583e+03 6.888733e+03 6.909073e+03 6.905923e+03
11.2 6.851887e+03 6.922293e+03 6.909164e+03 6.838758e+03
12.2 6.858380e+03 6.869757e+03 6.909283e+03 6.897907e+03
13.2 6.848006e+03 6.881413e+03 6.909370e+03 6.875963e+03
14.2 7.056066e+03 6.928068e+03 6.909418e+03 7.037415e+03
15.2 6.951704e+03 6.953297e+03 6.909434e+03 6.907841e+03
16.2 6.863409e+03 6.956396e+03 6.909424e+03 6.816437e+03
17.2 6.970854e+03 6.916024e+03 6.909406e+03 6.964236e+03
0.8 6.928568e+03 6.953807e+03 6.914869e+03 6.889630e+03
1.8 6.834830e+03 6.970731e+03 6.942368e+03 6.806467e+03
2.8 7.027530e+03 6.976961e+03 6.938369e+03 6.988938e+03
3.8 6.889817e+03 6.924089e+03 6.896368e+03 6.862096e+03
4.8 6.914092e+03 6.931373e+03 6.881778e+03 6.864497e+03
5.8 6.978312e+03 6.921060e+03 6.890041e+03 6.947293e+03
6.8 6.897453e+03 6.892867e+03 6.899807e+03 6.904392e+03
7.8 6.840516e+03 6.890239e+03 6.906079e+03 6.856357e+03
8.8 7.006715e+03 6.862748e+03 6.909639e+03 7.053607e+03
9.8 7.021136e+03 6.903523e+03 6.911238e+03 7.028851e+03
10.8 6.868053e+03 6.902539e+03 6.911497e+03 6.877011e+03
11.8 6.836892e+03 6.923643e+03 6.911105e+03 6.824354e+03
12.8 6.892622e+03 6.934254e+03 6.910589e+03 6.868958e+03
13.8 6.875164e+03 6.886519e+03 6.910184e+03 6.898829e+03
14.8 6.853593e+03 6.902864e+03 6.906352e+03 6.857081e+03
15.8 6.901790e+03 6.907507e+03 6.898126e+03 6.892408e+03
16.8 6.781596e+03 6.866484e+03 6.902462e+03 6.817574e+03
17.8 6.856332e+03 6.874700e+03 6.915695e+03 6.897326e+03
0.4 6.853593e+03 6.902864e+03 6.906352e+03 6.857081e+03
1.4 6.901790e+03 6.907507e+03 6.898126e+03 6.892408e+03
2.4 6.781596e+03 6.866484e+03 6.902462e+03 6.817574e+03
3.4 6.856332e+03 6.874700e+03 6.915695e+03 6.897326e+03
4.4 6.811680e+03 6.886844e+03 6.918833e+03 6.843668e+03
5.4 6.946078e+03 6.905954e+03 6.915668e+03 6.955791e+03
6.4 6.934615e+03 6.925131e+03 6.912495e+03 6.921979e+03
7.4 6.925780e+03 6.923667e+03 6.910493e+03 6.912605e+03
8.4 6.804411e+03 6.893643e+03 6.909366e+03 6.820133e+03
9.4 7.008788e+03 6.906770e+03 6.908873e+03 7.010891e+03
10.4 6.941384e+03 6.898310e+03 6.908793e+03 6.951868e+03
11.4 6.898443e+03 6.913199e+03 6.908897e+03 6.894141e+03
12.4 6.984131e+03 6.907220e+03 6.909021e+03 6.985932e+03
13.4 6.880658e+03 6.912236e+03 6.909099e+03 6.877522e+03
14.4 7.004837e+03 6.895716e+03 6.909125e+03 7.018246e+03
15.4 6.877548e+03 6.924325e+03 6.909115e+03 6.862339e+03
16.4 6.873871e+03 6.920318e+03 6.909086e+03 6.862640e+03
17.4 6.790391e+03 6.896379e+03 6.909048e+03 6.803060e+03
0.9 6.916852e+03 6.905828e+03 6.914305e+03 6.925330e+03
1.9 6.908699e+03 6.901122e+03 6.932893e+03 6.940470e+03
2.9 6.937795e+03 6.910448e+03 6.925167e+03 6.952514e+03
3.9 6.892124e+03 6.903453e+03 6.896378e+03 6.885048e+03
4.9 6.816429e+03 6.920664e+03 6.889487e+03 6.785252e+03
5.9 6.944644e+03 6.909554e+03 6.895907e+03 6.930997e+03
