0.8 6.848168e+03 6.917947e+03 6.920379e+03 6.850600e+03
1.8 6.917114e+03 6.915932e+03 6.919396e+03 6.920578e+03
2.8 6.899639e+03 6.908654e+03 6.917462e+03 6.908447e+03
3.8 6.932084e+03 6.867171e+03 6.915617e+03 6.980530e+03
4.8 6.876729e+03 6.900800e+03 6.916151e+03 6.892080e+03
5.8 6.991755e+03 6.906259e+03 6.918550e+03 7.004046e+03
6.8 6.856280e+03 6.898413e+03 6.909681e+03 6.867549e+03
7.8 6.904438e+03 6.886667e+03 6.896026e+03 6.913797e+03
8.8 6.837853e+03 6.898561e+03 6.894044e+03 6.833336e+03
9.8 6.926347e+03 6.899762e+03 6.899800e+03 6.926385e+03
10.8 6.938152e+03 6.936473e+03 6.905138e+03 6.906817e+03
11.8 6.868515e+03 6.913666e+03 6.908326e+03 6.863174e+03
12.8 6.784712e+03 6.881777e+03 6.909910e+03 6.812846e+03
13.8 6.804187e+03 6.889942e+03 6.910449e+03 6.824694e+03
14.8 6.894585e+03 6.904224e+03 6.910393e+03 6.900755e+03
15.8 6.975262e+03 6.952737e+03 6.910117e+03 6.932642e+03
16.8 6.929785e+03 6.903514e+03 6.909848e+03 6.936119e+03
17.8 6.824725e+03 6.879939e+03 6.909667e+03 6.854453e+03
0.1 6.917114e+03 6.915932e+03 6.919396e+03 6.920578e+03
1.1 6.899639e+03 6.908654e+03 6.917462e+03 6.908447e+03
2.1 6.932084e+03 6.867171e+03 6.915617e+03 6.980530e+03
3.1 6.876729e+03 6.900800e+03 6.916151e+03 6.892080e+03
4.1 6.991755e+03 6.906259e+03 6.918550e+03 7.004046e+03
5.1 6.856280e+03 6.898413e+03 6.909681e+03 6.867549e+03
6.1 6.904438e+03 6.886667e+03 6.896026e+03 6.913797e+03
7.1 6.837853e+03 6.898561e+03 6.894044e+03 6.833336e+03
8.1 6.926347e+03 6.899762e+03 6.899800e+03 6.926385e+03
9.1 6.938152e+03 6.936473e+03 6.905138e+03 6.906817e+03
10.1 6.868515e+03 6.913666e+03 6.908326e+03 6.863174e+03
11.1 6.784712e+03 6.881777e+03 6.909910e+03 6.812846e+03
12.1 6.804187e+03 6.889942e+03 6.910449e+03 6.824694e+03
13.1 6.894585e+03 6.904224e+03 6.910393e+03 6.900755e+03
14.1 6.975262e+03 6.952737e+03 6.910117e+03 6.932642e+03
15.1 6.929785e+03 6.903514e+03 6.909848e+03 6.936119e+03
16.1 6.824725e+03 6.879939e+03 6.909667e+03 6.854453e+03
17.1 7.038215e+03 6.913337e+03 6.909567e+03 7.034445e+03
0.4 6.932084e+03 6.867171e+03 6.915617e+03 6.980530e+03
1.4 6.876729e+03 6.900800e+03 6.916151e+03 6.892080e+03
2.4 6.991755e+03 6.906259e+03 6.918550e+03 7.004046e+03
3.4 6.856280e+03 6.898413e+03 6.909681e+03 6.867549e+03
4.4 6.904438e+03 6.886667e+03 6.896026e+03 6.913797e+03
5.4 6.837853e+03 6.898561e+03 6.894044e+03 6.833336e+03
6.4 6.926347e+03 6.899762e+03 6.899800e+03 6.926385e+03
7.4 6.938152e+03 6.936473e+03 6.905138e+03 6.906817e+03
8.4 6.868515e+03 6.913666e+03 6.908326e+03 6.863174e+03
9.4 6.784712e+03 6.881777e+03 6.909910e+03 6.812846e+03
10.4 6.804187e+03 6.889942e+03 6.910449e+03 6.824694e+03
11.4 6.894585e+03 6.904224e+03 6.910393e+03 6.900755e+03
12.4 6.975262e+03 6.952737e+03 6.910117e+03 6.932642e+03
13.4 6.929785e+03 6.903514e+03 6.909848e+03 6.936119e+03
14.4 6.824725e+03 6.879939e+03 6.909667e+03 6.854453e+03
15.4 7.038215e+03 6.913337e+03 6.909567e+03 7.034445e+03
16.4 6.946233e+03 6.936926e+03 6.909522e+03 6.918829e+03
17.4 6.895399e+03 6.920974e+03 6.909507e+03 6.883932e+03
0.1 6.876729e+03 6.900800e+03 6.916151e+03 6.892080e+03
1.1 6.991755e+03 6.906259e+03 6.918550e+03 7.004046e+03
2.1 6.856280e+03 6.898413e+03 6.909681e+03 6.867549e+03
3.1 6.904438e+03 6.886667e+03 6.896026e+03 6.913797e+03
4.1 6.837853e+03 6.898561e+03 6.894044e+03 6.833336e+03
5.1 6.926347e+03 6.899762e+03 6.899800e+03 6.926385e+03
6.1 6.938152e+03 6.936473e+03 6.905138e+03 6.906817e+03
7.1 6.868515e+03 6.913666e+03 6.908326e+03 6.863174e+03
8.1 6.784712e+03 6.881777e+03 6.909910e+03 6.812846e+03
9.1 6.804187e+03 6.889942e+03 6.910449e+03 6.824694e+03
10.1 6.894585e+03 6.904224e+03 6.910393e+03 6.900755e+03
11.1 6.975262e+03 6.952737e+03 6.910117e+03 6.932642e+03
12.1 6.929785e+03 6.903514e+03 6.909848e+03 6.936119e+03
13.1 6.824725e+03 6.879939e+03 6.909667e+03 6.854453e+03
14.1 7.038215e+03 6.913337e+03 6.909567e+03 7.034445e+03
15.1 6.946233e+03 6.936926e+03 6.909522e+03 6.918829e+03
16.1 6.895399e+03 6.920974e+03 6.909507e+03 6.883932e+03
17.1 6.879222e+03 6.948311e+03 6.909504e+03 6.840415e+03
0.1 6.875980e+03 6.914598e+03 6.918691e+03 6.880074e+03
1.1 7.042157e+03 6.923051e+03 6.916546e+03 7.035652e+03
2.1 6.941816e+03 6.897825e+03 6.915307e+03 6.959299e+03
3.1 6.873541e+03 6.914704e+03 6.914677e+03 6.873514e+03
4.1 6.896406e+03 6.919564e+03 6.915883e+03 6.892725e+03
5.1 6.948214e+03 6.919899e+03 6.919652e+03 6.947968e+03
6.1 6.941741e+03 6.903200e+03 6.915875e+03 6.954416e+03
7.1 6.876757e+03 6.923004e+03 6.901923e+03 6.855677e+03
8.1 6.858878e+03 6.913558e+03 6.894846e+03 6.840166e+03
9.1 6.955333e+03 6.931547e+03 6.898478e+03 6.922265e+03
10.1 6.986004e+03 6.935216e+03 6.903849e+03 6.954637e+03
11.1 6.874394e+03 6.903054e+03 6.907439e+03 6.878778e+03
12.1 6.953254e+03 6.921054e+03 6.909386e+03 6.941586e+03
13.1 6.877508e+03 6.926889e+03 6.910220e+03 6.860838e+03
14.1 6.906004e+03 6.912797e+03 6.910352e+03 6.903559e+03
15.1 6.824885e+03 6.902402e+03 6.910153e+03 6.832636e+03
16.1 6.840953e+03 6.902930e+03 6.909891e+03 6.847914e+03
17.1 6.981174e+03 6.937387e+03 6.909690e+03 6.953478e+03
0.5 6.941816e+03 6.897825e+03 6.915307e+03 6.959299e+03
1.5 6.873541e+03 6.914704e+03 6.914677e+03 6.873514e+03
2.5 6.896406e+03 6.919564e+03 6.915883e+03 6.892725e+03
3.5 6.948214e+03 6.919899e+03 6.919652e+03 6.947968e+03
4.5 6.941741e+03 6.903200e+03 6.915875e+03 6.954416e+03
5.5 6.876757e+03 6.923004e+03 6.901923e+03 6.855677e+03
6.5 6.858878e+03 6.913558e+03 6.894846e+03 6.840166e+03
7.5 6.955333e+03 6.931547e+03 6.898478e+03 6.922265e+03
8.5 6.986004e+03 6.935216e+03 6.903849e+03 6.954637e+03
9.5 6.874394e+03 6.903054e+03 6.907439e+03 6.878778e+03
10.5 6.953254e+03 6.921054e+03 6.909386e+03 6.941586e+03
11.5 6.877508e+03 6.926889e+03 6.910220e+03 6.860838e+03
12.5 6.906004e+03 6.912797e+03 6.910352e+03 6.903559e+03
13.5 6.824885e+03 6.902402e+03 6.910153e+03 6.832636e+03
14.5 6.840953e+03 6.902930e+03 6.909891e+03 6.847914e+03
15.5 6.981174e+03 6.937387e+03 6.909690e+03 6.953478e+03
16.5 6.961888e+03 6.934786e+03 6.909570e+03 6.936672e+03
17.5 6.844505e+03 6.855924e+03 6.909511e+03 6.898093e+03
0.9 6.896406e+03 6.919564e+03 6.915883e+03 6.892725e+03
1.9 6.948214e+03 6.919899e+03 6.919652e+03 6.947968e+03
2.9 6.941741e+03 6.903200e+03 6.915875e+03 6.954416e+03
3.9 6.876757e+03 6.923004e+03 6.901923e+03 6.855677e+03
4.9 6.858878e+03 6.913558e+03 6.894846e+03 6.840166e+03
5.9 6.955333e+03 6.931547e+03 6.898478e+03 6.922265e+03
6.9 6.986004e+03 6.935216e+03 6.903849e+03 6.954637e+03
7.9 6.874394e+03 6.903054e+03 6.907439e+03 6.878778e+03
8.9 6.953254e+03 6.921054e+03 6.909386e+03 6.941586e+03
9.9 6.877508e+03 6.926889e+03 6.910220e+03 6.860838e+03
10.9 6.906004e+03 6.912797e+03 6.910352e+03 6.903559e+03
11.9 6.824885e+03 6.902402e+03 6.910153e+03 6.832636e+03
12.9 6.840953e+03 6.902930e+03 6.909891e+03 6.847914e+03
13.9 6.981174e+03 6.937387e+03 6.909690e+03 6.953478e+03
14.9 6.961888e+03 6.934786e+03 6.909570e+03 6.936672e+03
15.9 6.844505e+03 6.855924e+03 6.909511e+03 6.898093e+03
16.9 6.986708e+03 6.914857e+03 6.909485e+03 6.981337e+03
17.9 6.886911e+03 6.891752e+03 6.909475e+03 6.904634e+03
0.8 6.948214e+03 6.919899e+03 6.919652e+03 6.947968e+03
1.8 6.941741e+03 6.903200e+03 6.915875e+03 6.954416e+03
2.8 6.876757e+03 6.923004e+03 6.901923e+03 6.855677e+03
3.8 6.858878e+03 6.913558e+03 6.894846e+03 6.840166e+03
4.8 6.955333e+03 6.931547e+03 6.898478e+03 6.922265e+03
5.8 6.986004e+03 6.935216e+03 6.903849e+03 6.954637e+03
6.8 6.874394e+03 6.903054e+03 6.907439e+03 6.878778e+03
7.8 6.953254e+03 6.921054e+03 6.909386e+03 6.941586e+03
8.8 6.877508e+03 6.926889e+03 6.910220e+03 6.860838e+03
9.8 6.906004e+03 6.912797e+03 6.910352e+03 6.903559e+03
10.8 6.824885e+03 6.902402e+03 6.910153e+03 6.832636e+03
11.8 6.840953e+03 6.902930e+03 6.909891e+03 6.847914e+03
12.8 6.981174e+03 6.937387e+03 6.909690e+03 6.953478e+03
13.8 6.961888e+03 6.934786e+03 6.909570e+03 6.936672e+03
14.8 6.844505e+03 6.855924e+03 6.909511e+03 6.898093e+03
15.8 6.986708e+03 6.914857e+03 6.909485e+03 6.981337e+03
16.8 6.886911e+03 6.891752e+03 6.909475e+03 6.904634e+03
17.8 6.873604e+03 6.882257e+03 6.909472e+03 6.900820e+03
0.8 7.017079e+03 6.932052e+03 6.913668e+03 6.998694e+03
1.8 6.912117e+03 6.930450e+03 6.915841e+03 6.897508e+03
2.8 6.962063e+03 6.919113e+03 6.916088e+03 6.959039e+03
3.8 6.948149e+03 6.878543e+03 6.911184e+03 6.980790e+03
4.8 7.000489e+03 6.911543e+03 6.905767e+03 6.994714e+03
5.8 6.867921e+03 6.898555e+03 6.905198e+03 6.874564e+03
6.8 6.983966e+03 6.926570e+03 6.906720e+03 6.964117e+03
7.8 6.919829e+03 6.908975e+03 6.907444e+03 6.918297e+03
8.8 6.923606e+03 6.905454e+03 6.904555e+03 6.922708e+03
9.8 6.826259e+03 6.899770e+03 6.903777e+03 6.830266e+03
10.8 6.930760e+03 6.916809e+03 6.910071e+03 6.924022e+03
11.8 6.862313e+03 6.912469e+03 6.916977e+03 6.866822e+03
12.8 6.956391e+03 6.872121e+03 6.918964e+03 7.003234e+03
13.8 6.868333e+03 6.896097e+03 6.913538e+03 6.885774e+03
14.8 6.889392e+03 6.944840e+03 6.906888e+03 6.851440e+03
15.8 7.017857e+03 6.942723e+03 6.905474e+03 6.980608e+03
16.8 6.925546e+03 6.949816e+03 6.906657e+03 6.882386e+03
17.8 6.936167e+03 6.928729e+03 6.907921e+03 6.915360e+03
0.5 6.912117e+03 6.930450e+03 6.915841e+03 6.897508e+03
1.5 6.962063e+03 6.919113e+03 6.916088e+03 6.959039e+03
2.5 6.948149e+03 6.878543e+03 6.911184e+03 6.980790e+03
3.5 7.000489e+03 6.911543e+03 6.905767e+03 6.994714e+03
4.5 6.867921e+03 6.898555e+03 6.905198e+03 6.874564e+03
5.5 6.983966e+03 6.926570e+03 6.906720e+03 6.964117e+03
6.5 6.919829e+03 6.908975e+03 6.907444e+03 6.918297e+03
7.5 6.923606e+03 6.905454e+03 6.904555e+03 6.922708e+03
8.5 6.826259e+03 6.899770e+03 6.903777e+03 6.830266e+03
9.5 6.930760e+03 6.916809e+03 6.910071e+03 6.924022e+03
10.5 6.862313e+03 6.912469e+03 6.916977e+03 6.866822e+03
11.5 6.956391e+03 6.872121e+03 6.918964e+03 7.003234e+03
12.5 6.868333e+03 6.896097e+03 6.913538e+03 6.885774e+03
13.5 6.889392e+03 6.944840e+03 6.906888e+03 6.851440e+03
14.5 7.017857e+03 6.942723e+03 6.905474e+03 6.980608e+03
15.5 6.925546e+03 6.949816e+03 6.906657e+03 6.882386e+03
16.5 6.936167e+03 6.928729e+03 6.907921e+03 6.915360e+03
17.5 6.934062e+03 6.928112e+03 6.907709e+03 6.913660e+03
0.5 6.930760e+03 6.916809e+03 6.910071e+03 6.924022e+03
1.5 6.862313e+03 6.912469e+03 6.916977e+03 6.866822e+03
2.5 6.956391e+03 6.872121e+03 6.918964e+03 7.003234e+03
3.5 6.868333e+03 6.896097e+03 6.913538e+03 6.885774e+03
4.5 6.889392e+03 6.944840e+03 6.906888e+03 6.851440e+03
5.5 7.017857e+03 6.942723e+03 6.905474e+03 6.980608e+03
6.5 6.925546e+03 6.949816e+03 6.906657e+03 6.882386e+03
7.5 6.936167e+03 6.928729e+03 6.907921e+03 6.915360e+03
8.5 6.934062e+03 6.928112e+03 6.907709e+03 6.913660e+03
9.5 6.933022e+03 6.924575e+03 6.906088e+03 6.914535e+03
10.5 6.985628e+03 6.911429e+03 6.907725e+03 6.981925e+03
11.5 6.873189e+03 6.929886e+03 6.911372e+03 6.854675e+03
12.5 6.897354e+03 6.925032e+03 6.913776e+03 6.886098e+03
13.5 6.928461e+03 6.919497e+03 6.914481e+03 6.923445e+03
14.5 6.930792e+03 6.911498e+03 6.911102e+03 6.930396e+03
15.5 6.815470e+03 6.921229e+03 6.907493e+03 6.801733e+03
16.5 6.971143e+03 6.962460e+03 6.907069e+03 6.915753e+03
17.5 7.019820e+03 6.945428e+03 6.907875e+03 6.982266e+03
0.4 6.862313e+03 6.912469e+03 6.916977e+03 6.866822e+03
1.4 6.956391e+03 6.872121e+03 6.918964e+03 7.003234e+03
2.4 6.868333e+03 6.896097e+03 6.913538e+03 6.885774e+03
3.4 6.889392e+03 6.944840e+03 6.906888e+03 6.851440e+03
4.4 7.017857e+03 6.942723e+03 6.905474e+03 6.980608e+03
5.4 6.925546e+03 6.949816e+03 6.906657e+03 6.882386e+03
6.4 6.936167e+03 6.928729e+03 6.907921e+03 6.915360e+03
7.4 6.934062e+03 6.928112e+03 6.907709e+03 6.913660e+03
8.4 6.933022e+03 6.924575e+03 6.906088e+03 6.914535e+03
9.4 6.985628e+03 6.911429e+03 6.907725e+03 6.981925e+03
10.4 6.873189e+03 6.929886e+03 6.911372e+03 6.854675e+03
11.4 6.897354e+03 6.925032e+03 6.913776e+03 6.886098e+03
12.4 6.928461e+03 6.919497e+03 6.914481e+03 6.923445e+03
13.4 6.930792e+03 6.911498e+03 6.911102e+03 6.930396e+03
14.4 6.815470e+03 6.921229e+03 6.907493e+03 6.801733e+03
15.4 6.971143e+03 6.962460e+03 6.907069e+03 6.915753e+03
16.4 7.019820e+03 6.945428e+03 6.907875e+03 6.982266e+03
17.4 6.993735e+03 6.907864e+03 6.908603e+03 6.994473e+03
0.6 6.897354e+03 6.925032e+03 6.913776e+03 6.886098e+03
1.6 6.928461e+03 6.919497e+03 6.914481e+03 6.923445e+03
2.6 6.930792e+03 6.911498e+03 6.911102e+03 6.930396e+03
3.6 6.815470e+03 6.921229e+03 6.907493e+03 6.801733e+03
4.6 6.971143e+03 6.962460e+03 6.907069e+03 6.915753e+03
5.6 7.019820e+03 6.945428e+03 6.907875e+03 6.982266e+03
6.6 6.993735e+03 6.907864e+03 6.908603e+03 6.994473e+03
7.6 6.923096e+03 6.848767e+03 6.909081e+03 6.983410e+03
8.6 6.875005e+03 6.874235e+03 6.909351e+03 6.910120e+03
9.6 6.910624e+03 6.883543e+03 6.909453e+03 6.936534e+03
10.6 6.873933e+03 6.889596e+03 6.909447e+03 6.893784e+03
11.6 7.009166e+03 6.928499e+03 6.909397e+03 6.990065e+03
12.6 6.795994e+03 6.879668e+03 6.908095e+03 6.824421e+03
13.6 6.852164e+03 6.891858e+03 6.901427e+03 6.861733e+03
14.6 6.912725e+03 6.887647e+03 6.898456e+03 6.923533e+03
15.6 6.843248e+03 6.908584e+03 6.904328e+03 6.838991e+03
16.6 6.953297e+03 6.900391e+03 6.910861e+03 6.963768e+03
17.6 6.868363e+03 6.888723e+03 6.916003e+03 6.895643e+03
0.7 6.871082e+03 6.928076e+03 6.917584e+03 6.860589e+03
1.7 6.880104e+03 6.903576e+03 6.918084e+03 6.894612e+03
2.7 6.930279e+03 6.881749e+03 6.917037e+03 6.965567e+03
3.7 6.830196e+03 6.875091e+03 6.915372e+03 6.870478e+03
4.7 6.925436e+03 6.903504e+03 6.913111e+03 6.935043e+03
5.7 6.889532e+03 6.899192e+03 6.904969e+03 6.895309e+03
6.7 6.840433e+03 6.917975e+03 6.898722e+03 6.821180e+03
7.7 6.924937e+03 6.913353e+03 6.900794e+03 6.912378e+03
8.7 6.908948e+03 6.904489e+03 6.904908e+03 6.909368e+03
9.7 6.839893e+03 6.924329e+03 6.907777e+03 6.823341e+03
10.7 6.975105e+03 6.906696e+03 6.909336e+03 6.977746e+03
11.7 6.981185e+03 6.932970e+03 6.910021e+03 6.958235e+03
12.7 6.916435e+03 6.924242e+03 6.910161e+03 6.902353e+03
13.7 6.870465e+03 6.906099e+03 6.910035e+03 6.874400e+03
14.7 6.885558e+03 6.902729e+03 6.909848e+03 6.892677e+03
15.7 6.893923e+03 6.892314e+03 6.909701e+03 6.911310e+03
16.7 6.971246e+03 6.894485e+03 6.909616e+03 6.986377e+03
17.7 6.919048e+03 6.917615e+03 6.909583e+03 6.911016e+03
0.5 6.880104e+03 6.903576e+03 6.918084e+03 6.894612e+03
1.5 6.930279e+03 6.881749e+03 6.917037e+03 6.965567e+03
2.5 6.830196e+03 6.875091e+03 6.915372e+03 6.870478e+03
3.5 6.925436e+03 6.903504e+03 6.913111e+03 6.935043e+03
4.5 6.889532e+03 6.899192e+03 6.904969e+03 6.895309e+03
5.5 6.840433e+03 6.917975e+03 6.898722e+03 6.821180e+03
6.5 6.924937e+03 6.913353e+03 6.900794e+03 6.912378e+03
7.5 6.908948e+03 6.904489e+03 6.904908e+03 6.909368e+03
8.5 6.839893e+03 6.924329e+03 6.907777e+03 6.823341e+03
9.5 6.975105e+03 6.906696e+03 6.909336e+03 6.977746e+03
10.5 6.981185e+03 6.932970e+03 6.910021e+03 6.958235e+03
11.5 6.916435e+03 6.924242e+03 6.910161e+03 6.902353e+03
12.5 6.870465e+03 6.906099e+03 6.910035e+03 6.874400e+03
13.5 6.885558e+03 6.902729e+03 6.909848e+03 6.892677e+03
14.5 6.893923e+03 6.892314e+03 6.909701e+03 6.911310e+03
15.5 6.971246e+03 6.894485e+03 6.909616e+03 6.986377e+03
16.5 6.919048e+03 6.917615e+03 6.909583e+03 6.911016e+03
17.5 6.944553e+03 6.919718e+03 6.909579e+03 6.934415e+03
0.7 6.830196e+03 6.875091e+03 6.915372e+03 6.870478e+03
1.7 6.925436e+03 6.903504e+03 6.913111e+03 6.935043e+03
2.7 6.889532e+03 6.899192e+03 6.904969e+03 6.895309e+03
3.7 6.840433e+03 6.917975e+03 6.898722e+03 6.821180e+03
4.7 6.924937e+03 6.913353e+03 6.900794e+03 6.912378e+03
5.7 6.908948e+03 6.904489e+03 6.904908e+03 6.909368e+03
6.7 6.839893e+03 6.924329e+03 6.907777e+03 6.823341e+03
7.7 6.975105e+03 6.906696e+03 6.909336e+03 6.977746e+03
8.7 6.981185e+03 6.932970e+03 6.910021e+03 6.958235e+03
9.7 6.916435e+03 6.924242e+03 6.910161e+03 6.902353e+03
10.7 6.870465e+03 6.906099e+03 6.910035e+03 6.874400e+03
11.7 6.885558e+03 6.902729e+03 6.909848e+03 6.892677e+03
12.7 6.893923e+03 6.892314e+03 6.909701e+03 6.911310e+03
13.7 6.971246e+03 6.894485e+03 6.909616e+03 6.986377e+03
14.7 6.919048e+03 6.917615e+03 6.909583e+03 6.911016e+03
15.7 6.944553e+03 6.919718e+03 6.909579e+03 6.934415e+03
16.7 6.876402e+03 6.911411e+03 6.909587e+03 6.874578e+03
17.7 6.892811e+03 6.887532e+03 6.909596e+03 6.914874e+03
0.7 6.851887e+03 6.922293e+03 6.917319e+03 6.846913e+03
1.7 6.858380e+03 6.869757e+03 6.916533e+03 6.905156e+03
2.7 6.848006e+03 6.881413e+03 6.915421e+03 6.882014e+03
3.7 7.056066e+03 6.928068e+03 6.914293e+03 7.042290e+03
4.7 6.951704e+03 6.953297e+03 6.913426e+03 6.911833e+03
5.7 6.863409e+03 6.956396e+03 6.914683e+03 6.821696e+03
6.7 6.970854e+03 6.916024e+03 6.916116e+03 6.970946e+03
7.7 6.991309e+03 6.925324e+03 6.912569e+03 6.978555e+03
8.7 7.020210e+03 6.916970e+03 6.911585e+03 7.014825e+03
9.7 6.973631e+03 6.897354e+03 6.906998e+03 6.983275e+03
10.7 6.837194e+03 6.880697e+03 6.896142e+03 6.852640e+03
11.7 6.772372e+03 6.889786e+03 6.895683e+03 6.778269e+03
12.7 6.941607e+03 6.909220e+03 6.901434e+03 6.933821e+03
13.7 6.903822e+03 6.904755e+03 6.906256e+03 6.905323e+03
14.7 7.053125e+03 6.915945e+03 6.908963e+03 7.046143e+03
15.7 6.853872e+03 6.941795e+03 6.910207e+03 6.822284e+03
16.7 6.791147e+03 6.883755e+03 6.910551e+03 6.817943e+03
17.7 6.943939e+03 6.909044e+03 6.910414e+03 6.945310e+03
0.7 6.848006e+03 6.881413e+03 6.915421e+03 6.882014e+03
1.7 7.056066e+03 6.928068e+03 6.914293e+03 7.042290e+03
2.7 6.951704e+03 6.953297e+03 6.913426e+03 6.911833e+03
3.7 6.863409e+03 6.956396e+03 6.914683e+03 6.821696e+03
4.7 6.970854e+03 6.916024e+03 6.916116e+03 6.970946e+03
5.7 6.991309e+03 6.925324e+03 6.912569e+03 6.978555e+03
6.7 7.020210e+03 6.916970e+03 6.911585e+03 7.014825e+03
7.7 6.973631e+03 6.897354e+03 6.906998e+03 6.983275e+03
8.7 6.837194e+03 6.880697e+03 6.896142e+03 6.852640e+03
9.7 6.772372e+03 6.889786e+03 6.895683e+03 6.778269e+03
10.7 6.941607e+03 6.909220e+03 6.901434e+03 6.933821e+03
11.7 6.903822e+03 6.904755e+03 6.906256e+03 6.905323e+03
12.7 7.053125e+03 6.915945e+03 6.908963e+03 7.046143e+03
13.7 6.853872e+03 6.941795e+03 6.910207e+03 6.822284e+03
14.7 6.791147e+03 6.883755e+03 6.910551e+03 6.817943e+03
15.7 6.943939e+03 6.909044e+03 6.910414e+03 6.945310e+03
16.7 6.920222e+03 6.921957e+03 6.910120e+03 6.908384e+03
17.7 6.869377e+03 6.913601e+03 6.909855e+03 6.865631e+03
0.7 6.951704e+03 6.953297e+03 6.913426e+03 6.911833e+03
1.7 6.863409e+03 6.956396e+03 6.914683e+03 6.821696e+03
2.7 6.970854e+03 6.916024e+03 6.916116e+03 6.970946e+03
3.7 6.991309e+03 6.925324e+03 6.912569e+03 6.978555e+03
4.7 7.020210e+03 6.916970e+03 6.911585e+03 7.014825e+03
5.7 6.973631e+03 6.897354e+03 6.906998e+03 6.983275e+03
6.7 6.837194e+03 6.880697e+03 6.896142e+03 6.852640e+03
7.7 6.772372e+03 6.889786e+03 6.895683e+03 6.778269e+03
8.7 6.941607e+03 6.909220e+03 6.901434e+03 6.933821e+03
9.7 6.903822e+03 6.904755e+03 6.906256e+03 6.905323e+03
10.7 7.053125e+03 6.915945e+03 6.908963e+03 7.046143e+03
11.7 6.853872e+03 6.941795e+03 6.910207e+03 6.822284e+03
12.7 6.791147e+03 6.883755e+03 6.910551e+03 6.817943e+03
13.7 6.943939e+03 6.909044e+03 6.910414e+03 6.945310e+03
14.7 6.920222e+03 6.921957e+03 6.910120e+03 6.908384e+03
15.7 6.869377e+03 6.913601e+03 6.909855e+03 6.865631e+03
16.7 6.916287e+03 6.935951e+03 6.909680e+03 6.890016e+03
17.7 6.871604e+03 6.911241e+03 6.909587e+03 6.869950e+03
0.2 6.863409e+03 6.956396e+03 6.914683e+03 6.821696e+03
1.2 6.970854e+03 6.916024e+03 6.916116e+03 6.970946e+03
2.2 6.991309e+03 6.925324e+03 6.912569e+03 6.978555e+03
3.2 7.020210e+03 6.916970e+03 6.911585e+03 7.014825e+03
4.2 6.973631e+03 6.897354e+03 6.906998e+03 6.983275e+03
5.2 6.837194e+03 6.880697e+03 6.896142e+03 6.852640e+03
6.2 6.772372e+03 6.889786e+03 6.895683e+03 6.778269e+03
7.2 6.941607e+03 6.909220e+03 6.901434e+03 6.933821e+03
8.2 6.903822e+03 6.904755e+03 6.906256e+03 6.905323e+03
9.2 7.053125e+03 6.915945e+03 6.908963e+03 7.046143e+03
10.2 6.853872e+03 6.941795e+03 6.910207e+03 6.822284e+03
11.2 6.791147e+03 6.883755e+03 6.910551e+03 6.817943e+03
12.2 6.943939e+03 6.909044e+03 6.910414e+03 6.945310e+03
13.2 6.920222e+03 6.921957e+03 6.910120e+03 6.908384e+03
14.2 6.869377e+03 6.913601e+03 6.909855e+03 6.865631e+03
15.2 6.916287e+03 6.935951e+03 6.909680e+03 6.890016e+03
16.2 6.871604e+03 6.911241e+03 6.909587e+03 6.869950e+03
17.2 6.806107e+03 6.906746e+03 6.909547e+03 6.808908e+03
0.3 6.991309e+03 6.925324e+03 6.912569e+03 6.978555e+03
1.3 7.020210e+03 6.916970e+03 6.911585e+03 7.014825e+03
2.3 6.973631e+03 6.897354e+03 6.906998e+03 6.983275e+03
3.3 6.837194e+03 6.880697e+03 6.896142e+03 6.852640e+03
4.3 6.772372e+03 6.889786e+03 6.895683e+03 6.778269e+03
5.3 6.941607e+03 6.909220e+03 6.901434e+03 6.933821e+03
6.3 6.903822e+03 6.904755e+03 6.906256e+03 6.905323e+03
7.3 7.053125e+03 6.915945e+03 6.908963e+03 7.046143e+03
8.3 6.853872e+03 6.941795e+03 6.910207e+03 6.822284e+03
9.3 6.791147e+03 6.883755e+03 6.910551e+03 6.817943e+03
10.3 6.943939e+03 6.909044e+03 6.910414e+03 6.945310e+03
11.3 6.920222e+03 6.921957e+03 6.910120e+03 6.908384e+03
12.3 6.869377e+03 6.913601e+03 6.909855e+03 6.865631e+03
13.3 6.916287e+03 6.935951e+03 6.909680e+03 6.890016e+03
14.3 6.871604e+03 6.911241e+03 6.909587e+03 6.869950e+03
15.3 6.806107e+03 6.906746e+03 6.909547e+03 6.808908e+03
16.3 7.029415e+03 6.912546e+03 6.908702e+03 7.025571e+03
17.3 6.913271e+03 6.925399e+03 6.904125e+03 6.891997e+03
0.6 6.955958e+03 6.929751e+03 6.916991e+03 6.943198e+03
1.6 6.887216e+03 6.893740e+03 6.918863e+03 6.912339e+03
2.6 6.791666e+03 6.892241e+03 6.918396e+03 6.817821e+03
3.6 6.903746e+03 6.856159e+03 6.911044e+03 6.958631e+03
4.6 6.856687e+03 6.892019e+03 6.903721e+03 6.868389e+03
5.6 6.899966e+03 6.914062e+03 6.903273e+03 6.889178e+03
6.6 6.940737e+03 6.934542e+03 6.905655e+03 6.911850e+03
7.6 7.013407e+03 6.927629e+03 6.907710e+03 6.993488e+03
8.6 6.900325e+03 6.892944e+03 6.908989e+03 6.916370e+03
9.6 6.906981e+03 6.862373e+03 6.909666e+03 6.954275e+03
10.6 6.869907e+03 6.889083e+03 6.909917e+03 6.890742e+03
11.6 6.909783e+03 6.877147e+03 6.909919e+03 6.942555e+03
12.6 6.966900e+03 6.941645e+03 6.909827e+03 6.935082e+03
13.6 6.928568e+03 6.953807e+03 6.909732e+03 6.884493e+03
14.6 6.834830e+03 6.970731e+03 6.909669e+03 6.773768e+03
15.6 7.027530e+03 6.976961e+03 6.909636e+03 6.960205e+03
16.6 6.889817e+03 6.924089e+03 6.909621e+03 6.875349e+03
17.6 6.914092e+03 6.931373e+03 6.909613e+03 6.892332e+03
0.5 6.887216e+03 6.893740e+03 6.918863e+03 6.912339e+03
1.5 6.791666e+03 6.892241e+03 6.918396e+03 6.817821e+03
2.5 6.903746e+03 6.856159e+03 6.911044e+03 6.958631e+03
3.5 6.856687e+03 6.892019e+03 6.903721e+03 6.868389e+03
4.5 6.899966e+03 6.914062e+03 6.903273e+03 6.889178e+03
5.5 6.940737e+03 6.934542e+03 6.905655e+03 6.911850e+03
6.5 7.013407e+03 6.927629e+03 6.907710e+03 6.993488e+03
7.5 6.900325e+03 6.892944e+03 6.908989e+03 6.916370e+03
8.5 6.906981e+03 6.862373e+03 6.909666e+03 6.954275e+03
9.5 6.869907e+03 6.889083e+03 6.909917e+03 6.890742e+03
10.5 6.909783e+03 6.877147e+03 6.909919e+03 6.942555e+03
11.5 6.966900e+03 6.941645e+03 6.909827e+03 6.935082e+03
12.5 6.928568e+03 6.953807e+03 6.909732e+03 6.884493e+03
13.5 6.834830e+03 6.970731e+03 6.909669e+03 6.773768e+03
14.5 7.027530e+03 6.976961e+03 6.909636e+03 6.960205e+03
15.5 6.889817e+03 6.924089e+03 6.909621e+03 6.875349e+03
16.5 6.914092e+03 6.931373e+03 6.909613e+03 6.892332e+03
17.5 6.978312e+03 6.921060e+03 6.909606e+03 6.966858e+03
0.9 6.984131e+03 6.907220e+03 6.918650e+03 6.995562e+03
1.9 6.880658e+03 6.912236e+03 6.914979e+03 6.883402e+03
2.9 7.004837e+03 6.895716e+03 6.913318e+03 7.022439e+03
3.9 6.877548e+03 6.924325e+03 6.913097e+03 6.866320e+03
4.9 6.873871e+03 6.920318e+03 6.914918e+03 6.868472e+03
5.9 6.790391e+03 6.896379e+03 6.920308e+03 6.814320e+03
6.9 6.835170e+03 6.907716e+03 6.921023e+03 6.848477e+03
7.9 6.921402e+03 6.899489e+03 6.913504e+03 6.935417e+03
8.9 6.809384e+03 6.853524e+03 6.897315e+03 6.853175e+03
9.9 6.942782e+03 6.895249e+03 6.887403e+03 6.934935e+03
10.9 6.960783e+03 6.937382e+03 6.892495e+03 6.915897e+03
11.9 6.959973e+03 6.917530e+03 6.900869e+03 6.943311e+03
12.9 7.045013e+03 6.959883e+03 6.906597e+03 6.991726e+03
13.9 6.891830e+03 6.941483e+03 6.909661e+03 6.860008e+03
14.9 6.984100e+03 6.914795e+03 6.910957e+03 6.980262e+03
15.9 6.918417e+03 6.936007e+03 6.911188e+03 6.893599e+03
16.9 6.909035e+03 6.891416e+03 6.910931e+03 6.928550e+03
17.9 6.916852e+03 6.905828e+03 6.910588e+03 6.921613e+03
0.9 7.004837e+03 6.895716e+03 6.913318e+03 7.022439e+03
1.9 6.877548e+03 6.924325e+03 6.913097e+03 6.866320e+03
2.9 6.873871e+03 6.920318e+03 6.914918e+03 6.868472e+03
3.9 6.790391e+03 6.896379e+03 6.920308e+03 6.814320e+03
4.9 6.835170e+03 6.907716e+03 6.921023e+03 6.848477e+03
5.9 6.921402e+03 6.899489e+03 6.913504e+03 6.935417e+03
6.9 6.809384e+03 6.853524e+03 6.897315e+03 6.853175e+03
7.9 6.942782e+03 6.895249e+03 6.887403e+03 6.934935e+03
8.9 6.960783e+03 6.937382e+03 6.892495e+03 6.915897e+03
9.9 6.959973e+03 6.917530e+03 6.900869e+03 6.943311e+03
10.9 7.045013e+03 6.959883e+03 6.906597e+03 6.991726e+03
11.9 6.891830e+03 6.941483e+03 6.909661e+03 6.860008e+03
12.9 6.984100e+03 6.914795e+03 6.910957e+03 6.980262e+03
13.9 6.918417e+03 6.936007e+03 6.911188e+03 6.893599e+03
14.9 6.909035e+03 6.891416e+03 6.910931e+03 6.928550e+03
15.9 6.916852e+03 6.905828e+03 6.910588e+03 6.921613e+03
16.9 6.908699e+03 6.901122e+03 6.910348e+03 6.917925e+03
17.9 6.937795e+03 6.910448e+03 6.910242e+03 6.937589e+03
0.2 6.877548e+03 6.924325e+03 6.913097e+03 6.866320e+03
1.2 6.873871e+03 6.920318e+03 6.914918e+03 6.868472e+03
2.2 6.790391e+03 6.896379e+03 6.920308e+03 6.814320e+03
3.2 6.835170e+03 6.907716e+03 6.921023e+03 6.848477e+03
4.2 6.921402e+03 6.899489e+03 6.913504e+03 6.935417e+03
5.2 6.809384e+03 6.853524e+03 6.897315e+03 6.853175e+03
6.2 6.942782e+03 6.895249e+03 6.887403e+03 6.934935e+03
7.2 6.960783e+03 6.937382e+03 6.892495e+03 6.915897e+03
8.2 6.959973e+03 6.917530e+03 6.900869e+03 6.943311e+03
9.2 7.045013e+03 6.959883e+03 6.906597e+03 6.991726e+03
10.2 6.891830e+03 6.941483e+03 6.909661e+03 6.860008e+03
11.2 6.984100e+03 6.914795e+03 6.910957e+03 6.980262e+03
12.2 6.918417e+03 6.936007e+03 6.911188e+03 6.893599e+03
13.2 6.909035e+03 6.891416e+03 6.910931e+03 6.928550e+03
14.2 6.916852e+03 6.905828e+03 6.910588e+03 6.921613e+03
15.2 6.908699e+03 6.901122e+03 6.910348e+03 6.917925e+03
16.2 6.937795e+03 6.910448e+03 6.910242e+03 6.937589e+03
17.2 6.892124e+03 6.903453e+03 6.910235e+03 6.898905e+03
1.0 6.790391e+03 6.896379e+03 6.920308e+03 6.814320e+03
2.0 6.835170e+03 6.907716e+03 6.921023e+03 6.848477e+03
3.0 6.921402e+03 6.899489e+03 6.913504e+03 6.935417e+03
4.0 6.809384e+03 6.853524e+03 6.897315e+03 6.853175e+03
5.0 6.942782e+03 6.895249e+03 6.887403e+03 6.934935e+03
6.0 6.960783e+03 6.937382e+03 6.892495e+03 6.915897e+03
7.0 6.959973e+03 6.917530e+03 6.900869e+03 6.943311e+03
8.0 7.045013e+03 6.959883e+03 6.906597e+03 6.991726e+03
9.0 6.891830e+03 6.941483e+03 6.909661e+03 6.860008e+03
10.0 6.984100e+03 6.914795e+03 6.910957e+03 6.980262e+03
11.0 6.918417e+03 6.936007e+03 6.911188e+03 6.893599e+03
12.0 6.909035e+03 6.891416e+03 6.910931e+03 6.928550e+03
13.0 6.916852e+03 6.905828e+03 6.910588e+03 6.921613e+03
14.0 6.908699e+03 6.901122e+03 6.910348e+03 6.917925e+03
15.0 6.937795e+03 6.910448e+03 6.910242e+03 6.937589e+03
16.0 6.892124e+03 6.903453e+03 6.910235e+03 6.898905e+03
17.0 6.816429e+03 6.920664e+03 6.910282e+03 6.806047e+03
18.0 6.944644e+03 6.909554e+03 6.910354e+03 6.945443e+03
0.6 6.835170e+03 6.907716e+03 6.921023e+03 6.848477e+03
1.6 6.921402e+03 6.899489e+03 6.913504e+03 6.935417e+03
2.6 6.809384e+03 6.853524e+03 6.897315e+03 6.853175e+03
3.6 6.942782e+03 6.895249e+03 6.887403e+03 6.934935e+03
4.6 6.960783e+03 6.937382e+03 6.892495e+03 6.915897e+03
5.6 6.959973e+03 6.917530e+03 6.900869e+03 6.943311e+03
6.6 7.045013e+03 6.959883e+03 6.906597e+03 6.991726e+03
7.6 6.891830e+03 6.941483e+03 6.909661e+03 6.860008e+03
8.6 6.984100e+03 6.914795e+03 6.910957e+03 6.980262e+03
9.6 6.918417e+03 6.936007e+03 6.911188e+03 6.893599e+03
10.6 6.909035e+03 6.891416e+03 6.910931e+03 6.928550e+03
11.6 6.916852e+03 6.905828e+03 6.910588e+03 6.921613e+03
12.6 6.908699e+03 6.901122e+03 6.910348e+03 6.917925e+03
13.6 6.937795e+03 6.910448e+03 6.910242e+03 6.937589e+03
14.6 6.892124e+03 6.903453e+03 6.910235e+03 6.898905e+03
15.6 6.816429e+03 6.920664e+03 6.910282e+03 6.806047e+03
16.6 6.944644e+03 6.909554e+03 6.910354e+03 6.945443e+03
