0.000387702  0.000316779  0.000860693  -0.0148022  0.126653  0.18712  
5.83473e-05  3.50946e-24  0.000517905  0.0124242  0.0637039  0.0930792  
0.000587376  -0  0.000704405  -0.0319864  0.147268  0.210018  
0  0.000200986  0.000500004  -0.0196899  0.103032  0.141304  
0.000401411  3.51748e-23  0.000648861  -0.0319761  0.103128  0.23858  
-0.000400313  6.76485e-23  0.000623947  -0.00672014  0.122809  0.159922  
1.2111e-05  -1.05701e-24  0.000623947  -0.0320101  0.0512857  0.236414  
-0.000258519  -0  0.00046881  -0.00318368  0.139535  0.183423  
8.81076e-05  7.56555e-05  0.000866606  -0.0162106  0.0097575  0.255077  
0.000219135  1.32349e-23  0.000493245  0.00591662  0.161209  0.209701  
0.00106422  -0  0.000903125  -0.0320442  0.00972934  0.261927  
0.000566662  -0  0.000672671  0.00597549  0.166422  0.223594  
0.000652851  -0.000644697  0.000579272  -0.00214691  0.00704186  0.200294  
0.00107373  -0.000592078  0.000500659  -0.0225922  0.125352  0.271286  
0.00152782  -0.000184543  0.000500659  -0.0127577  0.119393  0.213117  
0.0019438  -0.000235252  0.00103762  -0.0147649  0.0497105  0.298176  
0.000549627  -0.000483037  0.000922519  -0.0116776  0.155893  0.183652  
0.00174616  -0.000223907  0.00117526  -0.0116317  0.0271109  0.263236  
0.000803572  -0  0.000946276  -0.0117102  0.171289  0.223632  
0.00125703  -0.00032826  0.00104445  -0.00379831  0.0112839  0.296174  
0.00135527  -0.000238872  0.00104445  0.00153726  0.120333  0.230071  
0.00169968  -0.000354083  0.000842513  0.00375018  0.0330364  0.292545  
0.000958634  -0.000378575  0.00104445  -0.0115605  0.119236  0.213139  
0.00129465  -0.000264732  0.00104445  -0.0115562  0.00346893  0.285059  
0.000883954  -0.000417761  0.00104445  -0.00848211  0.171844  0.208535  
0.00210653  -0.000417761  0.0010959  0.00306645  -0.00239328  0.299225  
0.00221036  -0.000417761  0.00104445  -0.00772883  0.172268  0.241204  
0.00270797  -0.000417761  0.00112248  -0.00772137  -0.0109708  0.304144  
-0.00115672  0.00033995  0.00060195  -0.024257  0.213769  0.130633  
0.000551659  0.000957798  0.00060195  -0.0105637  -0.0161378  0.146883  
-3.40326e-06  0.000878163  0.000513391  -0.00300865  0.184213  0.13609  
-0.000106932  0.000957798  0.00085195  0.0107146  0.0462129  0.0930149  
-0.00116205  0.000407799  0.00060195  -0.0217276  0.199348  0.0885634  
-0.000327206  0.000946266  0.00060195  -0.0242725  -0.0053451  0.0729048  
-0.00129728  0.000475658  0.00060195  -0.0103896  0.187066  0.0686345  
-0.000887456  0.000937957  0.000525857  -0.00670587  0.0254301  0.0523711  
-0.000997323  0.000959405  0.00060195  -0.00669517  0.142458  0.0929154  
-0.00112976  0.001119  0.000662391  0.010303  0.0453204  0.0546686  
-0.00152689  0.000883697  0.00060195  -0.00671828  0.0933053  0.0809707  
-0.000801113  0.00142804  0.000395581  0.00091138  0.0236324  0.0414175  
-0.0014465  0.00093704  0.000498046  -0.00668997  0.116303  0.0734466  
-0.000137837  0.000851335  0.000307107  0.00657886  0.042035  0.0684585  
-0.000770689  0.00043364  0.000307107  -0.0156241  0.104059  0.0772364  
8.34802e-05  0.000757732  0.000307107  -0.00665911  0.0423644  0.038378  
0.000271775  0.000846577  0.000441175  -0.015153  0.126103  0.0954565  
0.00022803  0.000846577  0.000307107  -0.0116899  0.0924462  0.0479126  
-0.000229681  0.000612939  0.000579931  -0.00661191  0.121086  0.0686749  
-0.000585811  0.000846577  0.000716539  0.00454526  0.062977  0.0260174  
-0.000979601  0.000846577  0.000433743  -0.0251816  0.135038  0.0380793  
7.74057e-05  0.000846577  -3.75111e-05  0.0112318  0.0145808  0.0498596  
-0.00132528  0.000846577  0.000542643  -0.0250993  0.150407  0.0553318  
3.75721e-06  0.00111498  0.000541115  0.0194393  -0.00975356  0.0950111  
-0.00137185  0.000615066  0.000604644  -0.0265893  0.169827  0.0505315  
0.000188704  0.000688052  -3.75111e-05  0.0163994  -0.0565357  0.116056  
-0.000151473  0.000462177  0.000296347  -0.0217866  0.155255  0.026593  
0.00074968  0.000360842  0.000458141  -0.0138386  0.0550543  0.0771779  
0.000904217  0.000476886  0.000465072  -0.00878349  0.0786313  0.0579714  
-0.00027055  0.000294092  0.000318137  -0.0267275  0.130215  0.0360422  
0.000996592  0.000458462  -6.85148e-05  0.0168989  0.0278468  0.0453465  
-0.000356351  0.000458463  0.000193307  -0.0440398  0.196799  0.0456532  
0.000763888  0.000458463  -0.000337722  0.00898655  0.0118841  0.0685902  
-0.000647495  0.000458463  0.000169665  -0.0299587  0.204451  0.0573872  
0.000969691  0.000292314  -2.9317e-05  -0.0119106  0.00215255  0.0936686  
-0.00010532  2.31653e-05  -0.000151674  -0.0327399  0.163365  0.0301679  
0.000214872  0.000458463  -0.000151674  -0.015951  0.0295966  0.0606871  
9.69542e-06  0.000204841  -1.28836e-05  -0.0278357  0.0943967  0.0325892  
9.69542e-06  0.000340222  -0.000151674  -0.0327475  0.0617644  0.0967597  
-0.000220269  0.000339347  -3.19557e-05  -0.0171215  0.100416  0.029587  
0.000251204  2.49248e-06  -0.000151674  -0.00799417  0.0419311  0.0913509  
-0.000257997  3.05041e-05  0.000149321  -0.032695  0.138419  0.0337315  
0.000427496  1.83333e-05  -0.000151674  -0.010128  0.0596621  0.113461  
-9.52304e-05  -0.000215434  -0.000151674  -0.0150128  0.0938367  0.0764602  
-0.000100708  -0.000290295  -0.000151674  -0.0205156  0.0690538  0.108007  
0.000350362  0.000182445  -4.63335e-05  -0.0186711  0.0722092  0.0545247  
0.000167363  1.83659e-05  -0.000151674  -0.0150137  0.0989022  0.0730374  
0.000365314  0.000110617  -0.000230005  -0.0149613  0.0658026  -0.0154654  
0.000454342  0.00035486  -2.3661e-05  -0.0420398  0.147612  0.0320324  
0.000504894  0.00035486  4.78878e-05  -0.00194928  0.036832  0.0366732  
-0.00067271  0.00035486  -0.000100131  -0.039873  0.168362  0.0131849  
-0.000353806  0.00035486  -0.000305806  0.00197176  0.00548245  0.0524676  
-0.000540179  0.00035486  -0.000130012  -0.0230387  0.133213  0.00354408  
-8.86736e-05  0.000300989  -1.98827e-05  -0.0205388  0.00799592  0.0707956  
-0.00096045  0.00035486  0.000457461  -0.0228936  0.130498  0.0134312  
0.000442158  -4.03346e-05  0.000166988  0.0116617  -0.0421783  0.0458961  
-0.00064902  7.08514e-05  -6.54875e-05  -0.0318141  0.159857  -0.0410731  
0.00110056  0.000254822  0.000137535  -0.0229073  -0.0206119  0.0374377  
-0.00127434  -6.2276e-05  0.000246146  -0.0273703  0.164967  -0.0317841  
0.000835984  0.00045456  6.4437e-05  0.00314179  -0.0201587  0.0680685  
-0.000600203  0.000113164  0.000165918  -0.0226651  0.185912  -0.0100118  
9.644e-05  0.000132531  -4.55334e-05  -0.00173659  0.00251169  -0.00606649  
2.27852e-05  -0.000341676  0.000333784  -0.0225213  0.192273  -0.0714976  
0.000773718  0.000531722  0.00106139  -0.00484059  0.0874486  0.307545  
0.000432179  0.000836301  0.000625078  0.0156658  0.10713  0.227102  
-0.00017227  0.000673465  0.000625078  -0.00489941  0.134408  0.246239  
0.00103057  0.000673465  0.00114863  0.0140974  0.0752217  0.245153  
-8.67349e-05  0.000530947  0.000805104  -0.00485844  0.120301  0.252394  
-0.000225016  0.000673465  0.000625079  0.0122126  0.0611842  0.186751  
-0.000518717  0.000205062  0.000625078  -0.0052876  0.0915058  0.249868  
9.74969e-05  0.000205062  0.000625078  -0.0052876  0.0916326  0.222977  
0.000260522  0.000205062  0.000739993  -0.00527816  0.0917125  0.308335  
-0.000421888  0.000360412  0.000479055  0.00386112  0.117522  0.208061  
0.000596843  0.000205062  0.0003812  -0.00528984  0.0653017  0.32194  
-5.14365e-05  -0.000372708  0.0003812  -0.0126336  0.180843  0.221721  
0.000498646  0.000138754  0.000511117  -0.0229714  0.0672703  0.252833  
0.000405534  0.000195412  0.0003812  0.0160278  0.133947  0.18721  
-0.000757233  -0.000529164  0.0003812  -0.0154477  0.145059  0.162197  
-0.000195443  9.26815e-05  0.0003812  -0.00560145  -0.0139006  0.175062  
-0.00104497  -0.000163821  0.000567175  -0.00440826  0.165447  0.143713  
0.000198033  -0.000137255  0.0003812  -0.0124459  0.0371947  0.202381  
-0.00139671  -0.000529164  0.0003812  0.000235797  0.150401  0.129687  
-0.000546528  -0.000529164  0.000517014  -0.0262403  0.0316629  0.209933  
-0.000899052  -0.000529164  0.000647296  -0.00794188  0.147299  0.133283  
-0.00066973  -0.000529164  0.00057726  -0.0165872  0.065541  0.186635  
-5.56647e-05  -0.000529164  0.000581573  0.0101827  0.0959669  0.148416  
-0.00121721  -0.000529164  0.000602046  -0.0239206  0.167377  0.132703  
-0.000410069  -0.000344729  0.0003812  0.013713  0.0316772  0.179089  
-0.00109166  -0.000529164  0.000669164  -0.0238738  0.226486  0.175115  
9.07788e-05  -0.000305698  0.000451781  -0.0043219  0.070981  0.223196  
0.000343729  -0.00065264  0.000670037  -0.00555881  0.112286  0.201468  
-0.00120873  -0.00107572  0.00107684  -0.0209326  0.204822  0.171695  
-8.2175e-05  -0.00107572  0.00102739  0.0248191  0.0146027  0.231492  
-0.00133223  -0.00149572  0.000574757  -0.0177927  0.19905  0.160485  
0.00096146  0.000903521  0.000984569  0.000294437  0.0254281  0.209845  
0.000604565  0.000762497  0.000188926  0.0217635  0.124012  0.162455  
0.000310446  0.000357177  -3.73682e-05  -0.0127512  0.0905381  0.209829  
0.000854966  0.000762497  -0.000133418  -0.0128311  0.0753818  0.209777  
-0.000170656  0.000539651  -0.000175613  -0.0216685  0.137507  0.214508  
0.000797089  0.000762497  -0.000501259  0.00420655  -0.0177076  0.239987  
-0.000598286  0.000257103  -0.000479265  -0.0301113  0.182636  0.226995  
0.000949038  0.000416825  -0.000769748  -0.0101613  -0.032588  0.304899  
-1.33326e-05  0.000191501  -0.000407331  -0.0299769  0.190716  0.215736  
0.00103706  0.000357429  -0.000720034  -0.0299583  0.00889355  0.247383  
0.00085333  0.000416825  -0.000720034  -0.021653  0.109297  0.212484  
0.000669264  9.74721e-05  -0.000720034  -0.0199636  0.146465  0.258404  
0.00214707  0.000810831  -0.000720034  -0.0124215  0.0137246  0.312996  
0.000195768  7.2562e-05  -0.000379919  -0.0460352  0.189349  0.294824  
0.00126004  0.000282816  -0.000737  0.0180464  -0.0129421  0.333833  
0.000131893  -0.000354029  -0.000473195  -0.0454537  0.143227  0.297253  
0.000829277  0.000171193  -0.000737  -0.0148715  0.00700904  0.350439  
0.000879548  0.000171193  -0.000737  -0.0177574  0.0759779  0.298253  
0.000480496  -0.000713644  -0.000704177  -0.0392281  0.112896  0.332655  
0.00141071  -0.000158017  -0.000922302  -0.0233573  0.00872672  0.337643  
-0.000343762  -0.000248913  -0.000817222  -0.0393334  0.142408  0.333884  
0.00156047  -0.000177926  -0.00134386  -0.0295086  0.00238322  0.390615  
1.54092e-05  0.000692277  0.00124312  -0.005687  0.188357  0.0530322  
0.000411575  0.000596206  0.00124312  0.0179416  0.0245393  0.0966409  
-0.00037274  0.000304582  0.00124312  0.00829324  0.150457  0.0687496  
0.000412003  0.00029842  0.0013921  0.0179729  0.117447  0.116812  
0.000750179  0.00032819  0.00124312  0.0347093  0.0617419  0.121224  
-0.00043182  -7.43609e-06  0.00140807  -0.00656491  0.15942  0.102358  
0.000807629  0.000697011  0.00124312  0.0281799  -0.00519543  0.140323  
-0.000748422  0.000184693  0.00139861  -0.00660659  0.177151  0.103054  
0.00038281  0.000697011  0.00124312  0.0297171  -0.00174589  0.167842  
-0.000155374  0.000404545  0.00135619  0.0113574  0.152301  0.110463  
0.000659513  0.000697011  0.0013146  0.018458  0.0299338  0.172395  
-9.51169e-05  0.000224291  0.00132218  0.0113564  0.138828  0.0959068  
0.000807884  0.000508458  0.0014968  0.0229497  0.00987798  0.178176  
-0.000349839  0.000185386  0.00124312  0.00625932  0.187047  0.12932  
0.00142868  0.000603468  0.00117819  0.0364053  -0.0130841  0.200614  
-0.000250896  0.000354556  0.00124138  -0.0275258  0.19112  0.124746  
0.00119116  0.000876951  0.00130483  0.0147805  0.027204  0.163533  
-8.75228e-06  0.000199747  0.00111002  0.0238381  0.159688  0.0906118  
0.000540932  0.000199747  0.00131807  0.0141542  0.0446924  0.157906  
-0.00326277  0.000147988  0.00070824  -0.0310031  0.160777  -0.279233  
0.00151039  0.000309836  0.00070824  0.00440156  0.0615849  0.353854  
0.00287264  0.000810414  0.00070824  0.0135502  0.0123214  0.465683  
-0.000621512  0.000151035  0.000464343  -0.00933826  0.194769  0.0641034  
0.000777958  0.000560414  0.000358473  0.0146246  -0.0392325  0.14875  
9.18015e-05  0.000560414  0.000409255  -0.0142901  0.175119  0.129745  
0.00108969  0.000781419  0.000434376  -0.0142318  -0.0523667  0.16139  
0.000357266  0.000784649  0.000476319  0.00454454  0.204899  0.1389  
0.00163861  0.000560414  0.000426175  -0.00757443  -0.0514046  0.172264  
0.000518973  0.000456452  0.000426175  -0.0139793  0.190986  0.18216  
0.00292963  0.000560414  0.000380396  0.0219619  -0.0361061  0.278015  
0.00146066  0.000142402  0.000202477  -0.0289884  0.178571  0.22087  
0.00198292  0.000560414  0.000114115  -0.030281  -0.00916777  0.254765  
0.00126121  0.000560414  0.000170934  -0.00418051  0.1849  0.255135  
0.00282204  0.000560414  4.86208e-05  -0.00141347  0.00991149  0.290272  
0.00111157  0.000236757  0.000422864  -0.0210011  0.190294  0.248339  
