1.0 2.784278e+03 2.777851e+03 2.761605e+03 2.768032e+03
2.0 2.567267e+03 2.737307e+03 2.763240e+03 2.593201e+03
3.0 2.921631e+03 2.713729e+03 2.747803e+03 2.955704e+03
4.0 2.729709e+03 2.737928e+03 2.739302e+03 2.731083e+03
5.0 2.492831e+03 2.767855e+03 2.741587e+03 2.466562e+03
6.0 2.742234e+03 2.754145e+03 2.745632e+03 2.733722e+03
7.0 2.749674e+03 2.750360e+03 2.748390e+03 2.747704e+03
8.0 2.758880e+03 2.761368e+03 2.749991e+03 2.747502e+03
9.0 2.827184e+03 2.776263e+03 2.750757e+03 2.801678e+03
10.0 2.816245e+03 2.770860e+03 2.750938e+03 2.796323e+03
11.0 2.659555e+03 2.760004e+03 2.750815e+03 2.650366e+03
12.0 2.678283e+03 2.725309e+03 2.750614e+03 2.703588e+03
13.0 2.549885e+03 2.670231e+03 2.750448e+03 2.630102e+03
14.0 2.705415e+03 2.643479e+03 2.750343e+03 2.812278e+03
15.0 2.547083e+03 2.699412e+03 2.750285e+03 2.597957e+03
16.0 2.765055e+03 2.733139e+03 2.750254e+03 2.782171e+03
17.0 2.726688e+03 2.724090e+03 2.750236e+03 2.752835e+03
18.0 2.793823e+03 2.748301e+03 2.750223e+03 2.795746e+03
0.9 2.720684e+03 2.782939e+03 2.760823e+03 2.698569e+03
1.9 2.799613e+03 2.730814e+03 2.763770e+03 2.832568e+03
2.9 2.672000e+03 2.693101e+03 2.748930e+03 2.727829e+03
3.9 2.691180e+03 2.687423e+03 2.739355e+03 2.743113e+03
4.9 2.618132e+03 2.709853e+03 2.741177e+03 2.649456e+03
5.9 2.657150e+03 2.739706e+03 2.745263e+03 2.662707e+03
6.9 2.770585e+03 2.767464e+03 2.748116e+03 2.751238e+03
7.9 2.795787e+03 2.782451e+03 2.749784e+03 2.763120e+03
8.9 2.709197e+03 2.772099e+03 2.750604e+03 2.687701e+03
9.9 2.862288e+03 2.743284e+03 2.750821e+03 2.869825e+03
10.9 2.676569e+03 2.728118e+03 2.750711e+03 2.699161e+03
11.9 2.807201e+03 2.731037e+03 2.750508e+03 2.826672e+03
12.9 2.786658e+03 2.745672e+03 2.750337e+03 2.791323e+03
13.9 2.897440e+03 2.769728e+03 2.750229e+03 2.877941e+03
14.9 2.764247e+03 2.756711e+03 2.750172e+03 2.757708e+03
15.9 2.741017e+03 2.753981e+03 2.750146e+03 2.737181e+03
16.9 2.721994e+03 2.740079e+03 2.750135e+03 2.732050e+03
17.9 2.816830e+03 2.753957e+03 2.750132e+03 2.813004e+03
1.0 2.748220e+03 2.778390e+03 2.762286e+03 2.732116e+03
2.0 2.815700e+03 2.800711e+03 2.764245e+03 2.779234e+03
3.0 2.712644e+03 2.777926e+03 2.747889e+03 2.682607e+03
4.0 2.576152e+03 2.746220e+03 2.738617e+03 2.568549e+03
5.0 2.873368e+03 2.709796e+03 2.740955e+03 2.904527e+03
6.0 2.680732e+03 2.695548e+03 2.745271e+03 2.730455e+03
7.0 2.797980e+03 2.729746e+03 2.748227e+03 2.816460e+03
8.0 2.731327e+03 2.746301e+03 2.749944e+03 2.734970e+03
9.0 2.636611e+03 2.760688e+03 2.750773e+03 2.626696e+03
10.0 2.674272e+03 2.774487e+03 2.750975e+03 2.650760e+03
11.0 2.619589e+03 2.747963e+03 2.750846e+03 2.622472e+03
12.0 2.825252e+03 2.730176e+03 2.750628e+03 2.845704e+03
13.0 2.667488e+03 2.724597e+03 2.750447e+03 2.693339e+03
14.0 2.691429e+03 2.745676e+03 2.750335e+03 2.696088e+03
15.0 2.736251e+03 2.754180e+03 2.750275e+03 2.732346e+03
16.0 2.619420e+03 2.762312e+03 2.750239e+03 2.607346e+03
17.0 2.863836e+03 2.792311e+03 2.750214e+03 2.821739e+03
18.0 2.784590e+03 2.790191e+03 2.750196e+03 2.744596e+03
0.3 2.826819e+03 2.744924e+03 2.753743e+03 2.835639e+03
1.3 2.650083e+03 2.773550e+03 2.763736e+03 2.640269e+03
2.3 2.765057e+03 2.767560e+03 2.759971e+03 2.757468e+03
3.3 2.724703e+03 2.740793e+03 2.743955e+03 2.727865e+03
4.3 2.824574e+03 2.732789e+03 2.739273e+03 2.831058e+03
5.3 2.838021e+03 2.733182e+03 2.742737e+03 2.847576e+03
6.3 2.764517e+03 2.743105e+03 2.746502e+03 2.767914e+03
7.3 2.763140e+03 2.756258e+03 2.748899e+03 2.755781e+03
8.3 2.752116e+03 2.766106e+03 2.750248e+03 2.736258e+03
9.3 2.770346e+03 2.772524e+03 2.750834e+03 2.748656e+03
10.3 2.776206e+03 2.742042e+03 2.750911e+03 2.785076e+03
11.3 2.611194e+03 2.723004e+03 2.750753e+03 2.638942e+03
12.3 2.671199e+03 2.733643e+03 2.750557e+03 2.688113e+03
13.3 2.843591e+03 2.741644e+03 2.750411e+03 2.852357e+03
14.3 2.765652e+03 2.744477e+03 2.750325e+03 2.771499e+03
15.3 2.817210e+03 2.739693e+03 2.750281e+03 2.827797e+03
16.3 2.808395e+03 2.759898e+03 2.750260e+03 2.798756e+03
17.3 2.890034e+03 2.759659e+03 2.750249e+03 2.880624e+03
0.5 2.788925e+03 2.817068e+03 2.756585e+03 2.728442e+03
1.5 2.951243e+03 2.835781e+03 2.765587e+03 2.881050e+03
2.5 2.862693e+03 2.830449e+03 2.756468e+03 2.788712e+03
3.5 2.814988e+03 2.794077e+03 2.740927e+03 2.761838e+03
4.5 2.772467e+03 2.774601e+03 2.739027e+03 2.736892e+03
5.5 2.786695e+03 2.753810e+03 2.743398e+03 2.776283e+03
6.5 2.764422e+03 2.755827e+03 2.754133e+03 2.762728e+03
7.5 2.658119e+03 2.755350e+03 2.763951e+03 2.666720e+03
8.5 2.778091e+03 2.704460e+03 2.754957e+03 2.828588e+03
9.5 2.641457e+03 2.700481e+03 2.741694e+03 2.682669e+03
10.5 2.643709e+03 2.737185e+03 2.740833e+03 2.647357e+03
11.5 2.729386e+03 2.733405e+03 2.744708e+03 2.740690e+03
12.5 2.610351e+03 2.684754e+03 2.747830e+03 2.673427e+03
13.5 2.626967e+03 2.669667e+03 2.749705e+03 2.707004e+03
14.5 2.699665e+03 2.697511e+03 2.750700e+03 2.752854e+03
15.5 2.675451e+03 2.733939e+03 2.751051e+03 2.692563e+03
16.5 2.720207e+03 2.748413e+03 2.751004e+03 2.722798e+03
17.5 2.715562e+03 2.726711e+03 2.750807e+03 2.739659e+03
0.6 2.764422e+03 2.755827e+03 2.754133e+03 2.762728e+03
1.6 2.658119e+03 2.755350e+03 2.763951e+03 2.666720e+03
2.6 2.778091e+03 2.704460e+03 2.754957e+03 2.828588e+03
3.6 2.641457e+03 2.700481e+03 2.741694e+03 2.682669e+03
4.6 2.643709e+03 2.737185e+03 2.740833e+03 2.647357e+03
5.6 2.729386e+03 2.733405e+03 2.744708e+03 2.740690e+03
6.6 2.610351e+03 2.684754e+03 2.747830e+03 2.673427e+03
7.6 2.626967e+03 2.669667e+03 2.749705e+03 2.707004e+03
8.6 2.699665e+03 2.697511e+03 2.750700e+03 2.752854e+03
9.6 2.675451e+03 2.733939e+03 2.751051e+03 2.692563e+03
10.6 2.720207e+03 2.748413e+03 2.751004e+03 2.722798e+03
11.6 2.715562e+03 2.726711e+03 2.750807e+03 2.739659e+03
12.6 2.672800e+03 2.680394e+03 2.750616e+03 2.743022e+03
13.6 2.797136e+03 2.702352e+03 2.750483e+03 2.845268e+03
14.6 2.787072e+03 2.750109e+03 2.750407e+03 2.787370e+03
15.6 2.677429e+03 2.758500e+03 2.750366e+03 2.669295e+03
16.6 2.822492e+03 2.771626e+03 2.750342e+03 2.801209e+03
17.6 2.770161e+03 2.812717e+03 2.750326e+03 2.707770e+03
