1.0 2.868347e+03 2.795280e+03 2.749605e+03 2.822672e+03
2.0 2.718512e+03 2.731686e+03 2.746135e+03 2.732961e+03
3.0 2.788178e+03 2.757942e+03 2.747845e+03 2.778082e+03
4.0 2.821816e+03 2.766969e+03 2.750338e+03 2.805185e+03
5.0 2.746064e+03 2.772803e+03 2.751700e+03 2.724960e+03
6.0 2.746188e+03 2.782888e+03 2.752395e+03 2.715696e+03
7.0 2.974098e+03 2.772123e+03 2.752793e+03 2.954768e+03
8.0 2.746549e+03 2.765844e+03 2.750909e+03 2.731614e+03
9.0 2.800435e+03 2.739198e+03 2.742262e+03 2.803498e+03
10.0 2.720710e+03 2.752103e+03 2.741713e+03 2.710320e+03
11.0 2.784278e+03 2.777851e+03 2.746931e+03 2.753358e+03
12.0 2.567267e+03 2.737307e+03 2.751402e+03 2.581363e+03
13.0 2.921631e+03 2.713729e+03 2.753957e+03 2.961859e+03
14.0 2.729709e+03 2.737928e+03 2.755209e+03 2.746990e+03
15.0 2.492831e+03 2.767855e+03 2.755616e+03 2.480591e+03
16.0 2.742234e+03 2.754145e+03 2.760316e+03 2.748405e+03
17.0 2.749674e+03 2.750360e+03 2.771945e+03 2.771260e+03
18.0 2.758880e+03 2.761368e+03 2.770851e+03 2.768363e+03
0.0 2.974098e+03 2.772123e+03 2.752793e+03 2.954768e+03
1.0 2.746549e+03 2.765844e+03 2.750909e+03 2.731614e+03
2.0 2.800435e+03 2.739198e+03 2.742262e+03 2.803498e+03
3.0 2.720710e+03 2.752103e+03 2.741713e+03 2.710320e+03
4.0 2.784278e+03 2.777851e+03 2.746931e+03 2.753358e+03
5.0 2.567267e+03 2.737307e+03 2.751402e+03 2.581363e+03
6.0 2.921631e+03 2.713729e+03 2.753957e+03 2.961859e+03
7.0 2.729709e+03 2.737928e+03 2.755209e+03 2.746990e+03
8.0 2.492831e+03 2.767855e+03 2.755616e+03 2.480591e+03
9.0 2.742234e+03 2.754145e+03 2.760316e+03 2.748405e+03
10.0 2.749674e+03 2.750360e+03 2.771945e+03 2.771260e+03
11.0 2.758880e+03 2.761368e+03 2.770851e+03 2.768363e+03
12.0 2.827184e+03 2.776263e+03 2.763670e+03 2.814591e+03
13.0 2.816245e+03 2.770860e+03 2.758256e+03 2.803640e+03
14.0 2.659555e+03 2.760004e+03 2.755446e+03 2.654997e+03
15.0 2.678283e+03 2.725309e+03 2.753291e+03 2.706265e+03
16.0 2.549885e+03 2.670231e+03 2.718075e+03 2.597729e+03
17.0 2.705415e+03 2.643479e+03 2.677729e+03 2.739664e+03
0.5 2.492831e+03 2.767855e+03 2.755616e+03 2.480591e+03
1.5 2.742234e+03 2.754145e+03 2.760316e+03 2.748405e+03
2.5 2.749674e+03 2.750360e+03 2.771945e+03 2.771260e+03
3.5 2.758880e+03 2.761368e+03 2.770851e+03 2.768363e+03
4.5 2.827184e+03 2.776263e+03 2.763670e+03 2.814591e+03
5.5 2.816245e+03 2.770860e+03 2.758256e+03 2.803640e+03
6.5 2.659555e+03 2.760004e+03 2.755446e+03 2.654997e+03
7.5 2.678283e+03 2.725309e+03 2.753291e+03 2.706265e+03
8.5 2.549885e+03 2.670231e+03 2.718075e+03 2.597729e+03
9.5 2.705415e+03 2.643479e+03 2.677729e+03 2.739664e+03
10.5 2.547083e+03 2.699412e+03 2.693280e+03 2.540952e+03
11.5 2.765055e+03 2.733139e+03 2.725173e+03 2.757090e+03
12.5 2.726688e+03 2.724090e+03 2.746819e+03 2.749417e+03
13.5 2.793823e+03 2.748301e+03 2.757585e+03 2.803108e+03
14.5 2.598285e+03 2.765179e+03 2.761523e+03 2.594629e+03
15.5 2.762837e+03 2.774939e+03 2.761510e+03 2.749408e+03
16.5 2.845119e+03 2.759167e+03 2.759679e+03 2.845630e+03
17.5 2.802892e+03 2.766043e+03 2.757527e+03 2.794377e+03
0.8 2.678283e+03 2.725309e+03 2.753291e+03 2.706265e+03
1.8 2.549885e+03 2.670231e+03 2.718075e+03 2.597729e+03
2.8 2.705415e+03 2.643479e+03 2.677729e+03 2.739664e+03
3.8 2.547083e+03 2.699412e+03 2.693280e+03 2.540952e+03
4.8 2.765055e+03 2.733139e+03 2.725173e+03 2.757090e+03
5.8 2.726688e+03 2.724090e+03 2.746819e+03 2.749417e+03
6.8 2.793823e+03 2.748301e+03 2.757585e+03 2.803108e+03
7.8 2.598285e+03 2.765179e+03 2.761523e+03 2.594629e+03
8.8 2.762837e+03 2.774939e+03 2.761510e+03 2.749408e+03
9.8 2.845119e+03 2.759167e+03 2.759679e+03 2.845630e+03
10.8 2.802892e+03 2.766043e+03 2.757527e+03 2.794377e+03
11.8 2.811201e+03 2.786187e+03 2.755785e+03 2.780798e+03
12.8 2.662737e+03 2.752736e+03 2.754589e+03 2.664590e+03
13.8 2.766666e+03 2.763477e+03 2.753803e+03 2.756992e+03
14.8 2.760675e+03 2.768985e+03 2.753259e+03 2.744949e+03
15.8 2.725191e+03 2.746521e+03 2.752835e+03 2.731506e+03
16.8 2.820970e+03 2.748003e+03 2.752464e+03 2.825430e+03
17.8 2.607333e+03 2.741433e+03 2.752108e+03 2.618007e+03
0.4 2.840306e+03 2.770722e+03 2.748455e+03 2.818039e+03
1.4 2.786583e+03 2.769665e+03 2.749571e+03 2.766490e+03
2.4 2.815362e+03 2.754331e+03 2.758522e+03 2.819553e+03
3.4 2.719022e+03 2.767779e+03 2.759655e+03 2.710898e+03
4.4 2.738383e+03 2.775423e+03 2.754536e+03 2.717496e+03
5.4 2.720684e+03 2.782939e+03 2.750006e+03 2.687751e+03
6.4 2.799613e+03 2.730814e+03 2.747428e+03 2.816226e+03
7.4 2.672000e+03 2.693101e+03 2.746195e+03 2.725094e+03
8.4 2.691180e+03 2.687423e+03 2.745773e+03 2.749530e+03
9.4 2.618132e+03 2.709853e+03 2.745789e+03 2.654068e+03
10.4 2.657150e+03 2.739706e+03 2.745948e+03 2.663392e+03
11.4 2.770585e+03 2.767464e+03 2.746080e+03 2.749201e+03
12.4 2.795787e+03 2.782451e+03 2.746144e+03 2.759480e+03
13.4 2.709197e+03 2.772099e+03 2.746776e+03 2.683874e+03
14.4 2.862288e+03 2.743284e+03 2.760690e+03 2.879694e+03
15.4 2.676569e+03 2.728118e+03 2.768390e+03 2.716841e+03
16.4 2.807201e+03 2.731037e+03 2.761298e+03 2.837462e+03
17.4 2.786658e+03 2.745672e+03 2.752677e+03 2.793663e+03
1.0 2.709197e+03 2.772099e+03 2.746776e+03 2.683874e+03
2.0 2.862288e+03 2.743284e+03 2.760690e+03 2.879694e+03
3.0 2.676569e+03 2.728118e+03 2.768390e+03 2.716841e+03
4.0 2.807201e+03 2.731037e+03 2.761298e+03 2.837462e+03
5.0 2.786658e+03 2.745672e+03 2.752677e+03 2.793663e+03
6.0 2.897440e+03 2.769728e+03 2.747475e+03 2.875187e+03
7.0 2.764247e+03 2.756711e+03 2.745455e+03 2.752990e+03
8.0 2.741017e+03 2.753981e+03 2.753025e+03 2.740061e+03
9.0 2.721994e+03 2.740079e+03 2.755387e+03 2.737302e+03
10.0 2.816830e+03 2.753957e+03 2.751804e+03 2.814676e+03
11.0 2.754166e+03 2.768867e+03 2.748434e+03 2.733732e+03
12.0 2.744753e+03 2.774666e+03 2.746991e+03 2.717078e+03
13.0 2.807500e+03 2.767993e+03 2.759320e+03 2.798827e+03
14.0 2.758600e+03 2.727979e+03 2.768397e+03 2.799018e+03
15.0 2.731383e+03 2.722574e+03 2.762300e+03 2.771109e+03
16.0 2.885140e+03 2.731354e+03 2.753976e+03 2.907762e+03
17.0 2.775989e+03 2.750303e+03 2.748959e+03 2.774644e+03
18.0 2.748220e+03 2.778390e+03 2.746709e+03 2.716539e+03
0.3 2.897440e+03 2.769728e+03 2.747475e+03 2.875187e+03
1.3 2.764247e+03 2.756711e+03 2.745455e+03 2.752990e+03
2.3 2.741017e+03 2.753981e+03 2.753025e+03 2.740061e+03
3.3 2.721994e+03 2.740079e+03 2.755387e+03 2.737302e+03
4.3 2.816830e+03 2.753957e+03 2.751804e+03 2.814676e+03
5.3 2.754166e+03 2.768867e+03 2.748434e+03 2.733732e+03
6.3 2.744753e+03 2.774666e+03 2.746991e+03 2.717078e+03
7.3 2.807500e+03 2.767993e+03 2.759320e+03 2.798827e+03
8.3 2.758600e+03 2.727979e+03 2.768397e+03 2.799018e+03
9.3 2.731383e+03 2.722574e+03 2.762300e+03 2.771109e+03
10.3 2.885140e+03 2.731354e+03 2.753976e+03 2.907762e+03
11.3 2.775989e+03 2.750303e+03 2.748959e+03 2.774644e+03
12.3 2.748220e+03 2.778390e+03 2.746709e+03 2.716539e+03
13.3 2.815700e+03 2.800711e+03 2.746120e+03 2.761109e+03
14.3 2.712644e+03 2.777926e+03 2.746464e+03 2.681183e+03
15.3 2.576152e+03 2.746220e+03 2.747189e+03 2.577121e+03
16.3 2.873368e+03 2.709796e+03 2.747920e+03 2.911492e+03
17.3 2.680732e+03 2.695548e+03 2.748492e+03 2.733676e+03
0.9 2.744753e+03 2.774666e+03 2.746991e+03 2.717078e+03
1.9 2.807500e+03 2.767993e+03 2.759320e+03 2.798827e+03
2.9 2.758600e+03 2.727979e+03 2.768397e+03 2.799018e+03
3.9 2.731383e+03 2.722574e+03 2.762300e+03 2.771109e+03
4.9 2.885140e+03 2.731354e+03 2.753976e+03 2.907762e+03
5.9 2.775989e+03 2.750303e+03 2.748959e+03 2.774644e+03
6.9 2.748220e+03 2.778390e+03 2.746709e+03 2.716539e+03
7.9 2.815700e+03 2.800711e+03 2.746120e+03 2.761109e+03
8.9 2.712644e+03 2.777926e+03 2.746464e+03 2.681183e+03
9.9 2.576152e+03 2.746220e+03 2.747189e+03 2.577121e+03
10.9 2.873368e+03 2.709796e+03 2.747920e+03 2.911492e+03
11.9 2.680732e+03 2.695548e+03 2.748492e+03 2.733676e+03
12.9 2.797980e+03 2.729746e+03 2.748892e+03 2.817125e+03
13.9 2.731327e+03 2.746301e+03 2.749163e+03 2.734188e+03
14.9 2.636611e+03 2.760688e+03 2.749352e+03 2.625275e+03
15.9 2.674272e+03 2.774487e+03 2.749441e+03 2.649226e+03
16.9 2.619589e+03 2.747963e+03 2.741035e+03 2.612661e+03
17.9 2.825252e+03 2.730176e+03 2.727989e+03 2.823065e+03
0.5 2.674272e+03 2.774487e+03 2.749441e+03 2.649226e+03
1.5 2.619589e+03 2.747963e+03 2.741035e+03 2.612661e+03
2.5 2.825252e+03 2.730176e+03 2.727989e+03 2.823065e+03
3.5 2.667488e+03 2.724597e+03 2.731248e+03 2.674139e+03
4.5 2.691429e+03 2.745676e+03 2.740447e+03 2.686200e+03
5.5 2.736251e+03 2.754180e+03 2.746978e+03 2.729049e+03
6.5 2.619420e+03 2.762312e+03 2.750310e+03 2.607418e+03
7.5 2.863836e+03 2.792311e+03 2.751607e+03 2.823132e+03
8.5 2.784590e+03 2.790191e+03 2.751713e+03 2.746112e+03
9.5 2.854856e+03 2.777964e+03 2.752123e+03 2.829015e+03
10.5 2.694382e+03 2.764044e+03 2.765433e+03 2.695772e+03
11.5 2.753148e+03 2.742064e+03 2.770834e+03 2.781918e+03
12.5 2.729880e+03 2.723228e+03 2.763335e+03 2.769987e+03
13.5 2.766012e+03 2.747690e+03 2.755259e+03 2.773581e+03
14.5 2.730194e+03 2.776171e+03 2.745791e+03 2.699814e+03
15.5 2.671730e+03 2.742116e+03 2.736017e+03 2.665631e+03
16.5 2.714807e+03 2.740594e+03 2.737219e+03 2.711432e+03
17.5 2.700684e+03 2.754993e+03 2.742518e+03 2.688209e+03
0.1 2.784590e+03 2.790191e+03 2.751713e+03 2.746112e+03
1.1 2.854856e+03 2.777964e+03 2.752123e+03 2.829015e+03
2.1 2.694382e+03 2.764044e+03 2.765433e+03 2.695772e+03
3.1 2.753148e+03 2.742064e+03 2.770834e+03 2.781918e+03
4.1 2.729880e+03 2.723228e+03 2.763335e+03 2.769987e+03
5.1 2.766012e+03 2.747690e+03 2.755259e+03 2.773581e+03
6.1 2.730194e+03 2.776171e+03 2.745791e+03 2.699814e+03
7.1 2.671730e+03 2.742116e+03 2.736017e+03 2.665631e+03
8.1 2.714807e+03 2.740594e+03 2.737219e+03 2.711432e+03
9.1 2.700684e+03 2.754993e+03 2.742518e+03 2.688209e+03
10.1 2.832002e+03 2.764460e+03 2.746585e+03 2.814127e+03
11.1 2.723635e+03 2.757891e+03 2.748913e+03 2.714657e+03
12.1 2.793887e+03 2.763569e+03 2.759948e+03 2.790266e+03
13.1 2.671514e+03 2.756702e+03 2.767598e+03 2.682410e+03
14.1 2.760751e+03 2.759071e+03 2.762501e+03 2.764182e+03
15.1 2.730096e+03 2.739365e+03 2.755314e+03 2.746046e+03
16.1 2.755867e+03 2.768990e+03 2.750769e+03 2.737646e+03
17.1 2.783512e+03 2.782831e+03 2.747961e+03 2.748642e+03
0.3 2.766012e+03 2.747690e+03 2.755259e+03 2.773581e+03
1.3 2.730194e+03 2.776171e+03 2.745791e+03 2.699814e+03
2.3 2.671730e+03 2.742116e+03 2.736017e+03 2.665631e+03
3.3 2.714807e+03 2.740594e+03 2.737219e+03 2.711432e+03
4.3 2.700684e+03 2.754993e+03 2.742518e+03 2.688209e+03
5.3 2.832002e+03 2.764460e+03 2.746585e+03 2.814127e+03
6.3 2.723635e+03 2.757891e+03 2.748913e+03 2.714657e+03
7.3 2.793887e+03 2.763569e+03 2.759948e+03 2.790266e+03
8.3 2.671514e+03 2.756702e+03 2.767598e+03 2.682410e+03
9.3 2.760751e+03 2.759071e+03 2.762501e+03 2.764182e+03
10.3 2.730096e+03 2.739365e+03 2.755314e+03 2.746046e+03
11.3 2.755867e+03 2.768990e+03 2.750769e+03 2.737646e+03
12.3 2.783512e+03 2.782831e+03 2.747961e+03 2.748642e+03
13.3 2.725534e+03 2.755196e+03 2.744110e+03 2.714449e+03
14.3 2.770594e+03 2.727637e+03 2.745338e+03 2.788295e+03
15.3 2.782647e+03 2.742170e+03 2.747553e+03 2.788030e+03
16.3 2.755634e+03 2.749158e+03 2.748691e+03 2.755167e+03
17.3 2.826819e+03 2.744924e+03 2.749195e+03 2.831091e+03
0.9 2.723635e+03 2.757891e+03 2.748913e+03 2.714657e+03
1.9 2.793887e+03 2.763569e+03 2.759948e+03 2.790266e+03
2.9 2.671514e+03 2.756702e+03 2.767598e+03 2.682410e+03
3.9 2.760751e+03 2.759071e+03 2.762501e+03 2.764182e+03
4.9 2.730096e+03 2.739365e+03 2.755314e+03 2.746046e+03
5.9 2.755867e+03 2.768990e+03 2.750769e+03 2.737646e+03
6.9 2.783512e+03 2.782831e+03 2.747961e+03 2.748642e+03
7.9 2.725534e+03 2.755196e+03 2.744110e+03 2.714449e+03
8.9 2.770594e+03 2.727637e+03 2.745338e+03 2.788295e+03
9.9 2.782647e+03 2.742170e+03 2.747553e+03 2.788030e+03
10.9 2.755634e+03 2.749158e+03 2.748691e+03 2.755167e+03
11.9 2.826819e+03 2.744924e+03 2.749195e+03 2.831091e+03
12.9 2.650083e+03 2.773550e+03 2.749407e+03 2.625940e+03
13.9 2.765057e+03 2.767560e+03 2.749444e+03 2.746941e+03
14.9 2.724703e+03 2.740793e+03 2.749392e+03 2.733302e+03
15.9 2.824574e+03 2.732789e+03 2.749325e+03 2.841110e+03
16.9 2.838021e+03 2.733182e+03 2.749277e+03 2.854115e+03
17.9 2.764517e+03 2.743105e+03 2.749247e+03 2.770658e+03
0.8 2.783512e+03 2.782831e+03 2.747961e+03 2.748642e+03
1.8 2.725534e+03 2.755196e+03 2.744110e+03 2.714449e+03
2.8 2.770594e+03 2.727637e+03 2.745338e+03 2.788295e+03
3.8 2.782647e+03 2.742170e+03 2.747553e+03 2.788030e+03
4.8 2.755634e+03 2.749158e+03 2.748691e+03 2.755167e+03
5.8 2.826819e+03 2.744924e+03 2.749195e+03 2.831091e+03
6.8 2.650083e+03 2.773550e+03 2.749407e+03 2.625940e+03
7.8 2.765057e+03 2.767560e+03 2.749444e+03 2.746941e+03
8.8 2.724703e+03 2.740793e+03 2.749392e+03 2.733302e+03
9.8 2.824574e+03 2.732789e+03 2.749325e+03 2.841110e+03
10.8 2.838021e+03 2.733182e+03 2.749277e+03 2.854115e+03
11.8 2.764517e+03 2.743105e+03 2.749247e+03 2.770658e+03
12.8 2.763140e+03 2.756258e+03 2.749226e+03 2.756108e+03
13.8 2.752116e+03 2.766106e+03 2.749205e+03 2.735215e+03
14.8 2.770346e+03 2.772524e+03 2.749115e+03 2.746937e+03
15.8 2.776206e+03 2.742042e+03 2.747764e+03 2.781928e+03
16.8 2.611194e+03 2.723004e+03 2.750783e+03 2.638973e+03
17.8 2.671199e+03 2.733643e+03 2.752224e+03 2.689780e+03
0.5 2.770346e+03 2.772524e+03 2.749115e+03 2.746937e+03
1.5 2.776206e+03 2.742042e+03 2.747764e+03 2.781928e+03
2.5 2.611194e+03 2.723004e+03 2.750783e+03 2.638973e+03
3.5 2.671199e+03 2.733643e+03 2.752224e+03 2.689780e+03
4.5 2.843591e+03 2.741644e+03 2.751158e+03 2.853105e+03
5.5 2.765652e+03 2.744477e+03 2.749923e+03 2.771098e+03
6.5 2.817210e+03 2.739693e+03 2.749167e+03 2.826684e+03
7.5 2.808395e+03 2.759898e+03 2.748761e+03 2.797258e+03
8.5 2.890034e+03 2.759659e+03 2.748568e+03 2.878944e+03
9.5 2.657466e+03 2.721612e+03 2.748511e+03 2.684365e+03
10.5 2.721313e+03 2.695067e+03 2.748509e+03 2.774755e+03
11.5 2.735529e+03 2.711915e+03 2.748204e+03 2.771819e+03
12.5 2.739767e+03 2.751547e+03 2.753937e+03 2.742157e+03
13.5 2.776422e+03 2.775886e+03 2.756091e+03 2.756627e+03
14.5 2.756811e+03 2.791799e+03 2.753280e+03 2.718292e+03
15.5 2.777430e+03 2.768725e+03 2.750327e+03 2.759033e+03
16.5 2.799345e+03 2.755386e+03 2.748104e+03 2.792062e+03
17.5 2.780021e+03 2.739666e+03 2.748594e+03 2.788949e+03
0.3 2.721313e+03 2.695067e+03 2.748509e+03 2.774755e+03
1.3 2.735529e+03 2.711915e+03 2.748204e+03 2.771819e+03
2.3 2.739767e+03 2.751547e+03 2.753937e+03 2.742157e+03
3.3 2.776422e+03 2.775886e+03 2.756091e+03 2.756627e+03
4.3 2.756811e+03 2.791799e+03 2.753280e+03 2.718292e+03
5.3 2.777430e+03 2.768725e+03 2.750327e+03 2.759033e+03
6.3 2.799345e+03 2.755386e+03 2.748104e+03 2.792062e+03
7.3 2.780021e+03 2.739666e+03 2.748594e+03 2.788949e+03
8.3 2.671697e+03 2.731650e+03 2.753384e+03 2.693431e+03
9.3 2.782705e+03 2.749635e+03 2.753098e+03 2.786168e+03
10.3 2.864311e+03 2.760914e+03 2.750554e+03 2.853951e+03
11.3 2.762805e+03 2.730517e+03 2.748674e+03 2.780962e+03
12.3 2.762388e+03 2.734890e+03 2.747684e+03 2.775183e+03
13.3 2.769736e+03 2.755597e+03 2.747245e+03 2.761384e+03
14.3 2.654563e+03 2.739874e+03 2.747134e+03 2.661823e+03
15.3 2.884158e+03 2.733251e+03 2.747193e+03 2.898100e+03
16.3 2.669690e+03 2.740911e+03 2.747299e+03 2.676078e+03
17.3 2.657086e+03 2.773316e+03 2.747381e+03 2.631151e+03
0.8 2.799345e+03 2.755386e+03 2.748104e+03 2.792062e+03
1.8 2.780021e+03 2.739666e+03 2.748594e+03 2.788949e+03
2.8 2.671697e+03 2.731650e+03 2.753384e+03 2.693431e+03
3.8 2.782705e+03 2.749635e+03 2.753098e+03 2.786168e+03
4.8 2.864311e+03 2.760914e+03 2.750554e+03 2.853951e+03
5.8 2.762805e+03 2.730517e+03 2.748674e+03 2.780962e+03
6.8 2.762388e+03 2.734890e+03 2.747684e+03 2.775183e+03
7.8 2.769736e+03 2.755597e+03 2.747245e+03 2.761384e+03
8.8 2.654563e+03 2.739874e+03 2.747134e+03 2.661823e+03
9.8 2.884158e+03 2.733251e+03 2.747193e+03 2.898100e+03
10.8 2.669690e+03 2.740911e+03 2.747299e+03 2.676078e+03
11.8 2.657086e+03 2.773316e+03 2.747381e+03 2.631151e+03
12.8 2.725652e+03 2.784320e+03 2.747422e+03 2.688754e+03
13.8 2.736069e+03 2.788534e+03 2.747420e+03 2.694954e+03
14.8 2.735610e+03 2.760586e+03 2.750896e+03 2.725920e+03
15.8 2.616692e+03 2.760658e+03 2.765642e+03 2.621676e+03
16.8 2.604304e+03 2.752599e+03 2.766779e+03 2.618485e+03
17.8 2.605601e+03 2.746353e+03 2.758438e+03 2.617686e+03
0.4 2.736069e+03 2.788534e+03 2.747420e+03 2.694954e+03
1.4 2.735610e+03 2.760586e+03 2.750896e+03 2.725920e+03
2.4 2.616692e+03 2.760658e+03 2.765642e+03 2.621676e+03
3.4 2.604304e+03 2.752599e+03 2.766779e+03 2.618485e+03
4.4 2.605601e+03 2.746353e+03 2.758438e+03 2.617686e+03
5.4 2.883039e+03 2.749518e+03 2.751396e+03 2.884917e+03
6.4 2.825320e+03 2.760347e+03 2.747567e+03 2.812540e+03
7.4 2.777219e+03 2.731105e+03 2.745919e+03 2.792032e+03
8.4 2.847456e+03 2.720289e+03 2.745570e+03 2.872737e+03
9.4 2.726172e+03 2.719566e+03 2.745904e+03 2.752510e+03
10.4 2.750944e+03 2.728996e+03 2.746451e+03 2.768399e+03
11.4 2.828474e+03 2.754250e+03 2.746941e+03 2.821165e+03
12.4 2.752580e+03 2.791868e+03 2.747287e+03 2.707999e+03
13.4 2.797913e+03 2.814968e+03 2.747507e+03 2.730452e+03
14.4 2.866579e+03 2.793273e+03 2.747822e+03 2.821128e+03
15.4 2.736424e+03 2.736648e+03 2.758481e+03 2.758256e+03
16.4 2.745775e+03 2.751740e+03 2.765277e+03 2.759312e+03
17.4 2.784824e+03 2.769875e+03 2.760079e+03 2.775028e+03
1.0 2.866579e+03 2.793273e+03 2.747822e+03 2.821128e+03
2.0 2.736424e+03 2.736648e+03 2.758481e+03 2.758256e+03
3.0 2.745775e+03 2.751740e+03 2.765277e+03 2.759312e+03
4.0 2.784824e+03 2.769875e+03 2.760079e+03 2.775028e+03
5.0 2.814449e+03 2.761737e+03 2.753334e+03 2.806047e+03
6.0 2.786126e+03 2.747662e+03 2.749227e+03 2.787691e+03
7.0 2.732347e+03 2.773966e+03 2.747308e+03 2.705688e+03
8.0 2.761953e+03 2.751363e+03 2.746720e+03 2.757310e+03
9.0 2.734173e+03 2.730465e+03 2.746883e+03 2.750591e+03
10.0 2.779780e+03 2.749424e+03 2.747354e+03 2.777710e+03
11.0 2.816909e+03 2.753006e+03 2.747837e+03 2.811740e+03
12.0 2.821873e+03 2.740699e+03 2.748222e+03 2.829395e+03
13.0 2.685565e+03 2.729065e+03 2.748503e+03 2.705003e+03
14.0 2.715983e+03 2.730990e+03 2.748697e+03 2.733690e+03
15.0 2.733961e+03 2.735716e+03 2.748834e+03 2.747079e+03
16.0 2.708005e+03 2.708562e+03 2.748942e+03 2.748385e+03
17.0 2.568688e+03 2.675464e+03 2.749039e+03 2.642264e+03
18.0 2.675257e+03 2.706258e+03 2.749134e+03 2.718133e+03
0.5 2.806616e+03 2.769780e+03 2.749940e+03 2.786776e+03
1.5 2.812793e+03 2.778753e+03 2.751476e+03 2.785516e+03
2.5 2.671423e+03 2.757046e+03 2.760058e+03 2.674435e+03
3.5 2.776930e+03 2.770065e+03 2.760998e+03 2.767863e+03
4.5 2.828015e+03 2.779613e+03 2.756755e+03 2.805158e+03
5.5 2.702330e+03 2.792341e+03 2.753247e+03 2.663236e+03
6.5 2.788925e+03 2.817068e+03 2.751471e+03 2.723327e+03
7.5 2.951243e+03 2.835781e+03 2.750862e+03 2.866324e+03
8.5 2.862693e+03 2.830449e+03 2.750955e+03 2.783199e+03
9.5 2.814988e+03 2.794077e+03 2.751424e+03 2.772335e+03
10.5 2.772467e+03 2.774601e+03 2.752015e+03 2.749880e+03
11.5 2.786695e+03 2.753810e+03 2.752578e+03 2.785463e+03
12.5 2.764422e+03 2.755827e+03 2.753064e+03 2.761659e+03
13.5 2.658119e+03 2.755350e+03 2.753478e+03 2.656247e+03
14.5 2.778091e+03 2.704460e+03 2.753840e+03 2.827471e+03
15.5 2.641457e+03 2.700481e+03 2.754171e+03 2.695147e+03
16.5 2.643709e+03 2.737185e+03 2.754476e+03 2.661000e+03
17.5 2.729386e+03 2.733405e+03 2.754752e+03 2.750734e+03
1.0 2.715562e+03 2.726711e+03 2.753252e+03 2.742103e+03
2.0 2.672800e+03 2.680394e+03 2.707232e+03 2.699638e+03
3.0 2.797136e+03 2.702352e+03 2.668571e+03 2.763355e+03
4.0 2.787072e+03 2.750109e+03 2.690665e+03 2.727628e+03
5.0 2.677429e+03 2.758500e+03 2.725517e+03 2.644446e+03
6.0 2.822492e+03 2.771626e+03 2.747967e+03 2.798834e+03
7.0 2.770161e+03 2.812717e+03 2.758834e+03 2.716278e+03
8.0 2.776796e+03 2.795944e+03 2.763098e+03 2.743950e+03
9.0 3.006674e+03 2.758942e+03 2.774178e+03 3.021910e+03
10.0 2.777881e+03 2.753720e+03 2.777269e+03 2.801430e+03
11.0 2.787733e+03 2.758410e+03 2.769021e+03 2.798344e+03
12.0 2.788747e+03 2.767098e+03 2.760544e+03 2.782193e+03
13.0 2.832009e+03 2.776185e+03 2.755379e+03 2.811203e+03
14.0 2.735150e+03 2.779870e+03 2.752757e+03 2.708037e+03
15.0 2.825758e+03 2.778016e+03 2.751660e+03 2.799401e+03
16.0 2.651871e+03 2.774751e+03 2.751400e+03 2.628520e+03
17.0 2.786636e+03 2.762753e+03 2.751477e+03 2.775359e+03
18.0 2.814523e+03 2.744862e+03 2.751583e+03 2.821245e+03
0.1 2.770161e+03 2.812717e+03 2.758834e+03 2.716278e+03
1.1 2.776796e+03 2.795944e+03 2.763098e+03 2.743950e+03
2.1 3.006674e+03 2.758942e+03 2.774178e+03 3.021910e+03
3.1 2.777881e+03 2.753720e+03 2.777269e+03 2.801430e+03
4.1 2.787733e+03 2.758410e+03 2.769021e+03 2.798344e+03
5.1 2.788747e+03 2.767098e+03 2.760544e+03 2.782193e+03
6.1 2.832009e+03 2.776185e+03 2.755379e+03 2.811203e+03
7.1 2.735150e+03 2.779870e+03 2.752757e+03 2.708037e+03
8.1 2.825758e+03 2.778016e+03 2.751660e+03 2.799401e+03
9.1 2.651871e+03 2.774751e+03 2.751400e+03 2.628520e+03
10.1 2.786636e+03 2.762753e+03 2.751477e+03 2.775359e+03
11.1 2.814523e+03 2.744862e+03 2.751583e+03 2.821245e+03
12.1 2.801163e+03 2.747317e+03 2.751591e+03 2.805437e+03
13.1 2.642581e+03 2.743069e+03 2.751497e+03 2.651009e+03
14.1 2.776496e+03 2.737541e+03 2.751334e+03 2.790288e+03
15.1 2.776512e+03 2.730045e+03 2.751140e+03 2.797607e+03
16.1 2.789844e+03 2.711111e+03 2.750941e+03 2.829674e+03
17.1 2.716446e+03 2.723678e+03 2.750748e+03 2.743515e+03
0.6 2.802344e+03 2.773307e+03 2.748796e+03 2.777833e+03
1.6 2.846422e+03 2.768371e+03 2.752911e+03 2.830962e+03
2.6 2.898667e+03 2.769814e+03 2.763860e+03 2.892712e+03
3.6 2.803791e+03 2.761061e+03 2.762975e+03 2.805704e+03
4.6 2.736444e+03 2.765243e+03 2.756398e+03 2.727599e+03
5.6 2.706711e+03 2.774312e+03 2.751407e+03 2.683806e+03
6.6 2.832482e+03 2.770565e+03 2.748794e+03 2.810711e+03
7.6 2.722776e+03 2.765697e+03 2.747721e+03 2.704799e+03
8.6 2.750950e+03 2.771984e+03 2.747560e+03 2.726526e+03
9.6 2.839311e+03 2.758486e+03 2.747858e+03 2.828683e+03
10.6 2.853959e+03 2.754750e+03 2.748276e+03 2.847486e+03
11.6 2.675566e+03 2.742362e+03 2.748628e+03 2.681833e+03
12.6 2.783983e+03 2.740821e+03 2.748865e+03 2.792027e+03
13.6 2.758113e+03 2.741474e+03 2.749005e+03 2.765644e+03
14.6 2.731654e+03 2.751067e+03 2.749084e+03 2.729671e+03
15.6 2.669006e+03 2.738658e+03 2.749129e+03 2.679477e+03
16.6 2.654721e+03 2.734171e+03 2.749154e+03 2.669705e+03
17.6 2.635347e+03 2.749377e+03 2.749168e+03 2.635138e+03
0.8 2.796380e+03 2.849215e+03 2.748212e+03 2.695377e+03
1.8 2.831500e+03 2.763493e+03 2.750816e+03 2.818823e+03
2.8 2.603296e+03 2.734229e+03 2.755871e+03 2.624938e+03
3.8 2.817672e+03 2.764000e+03 2.754625e+03 2.808297e+03
4.8 2.738302e+03 2.746639e+03 2.751230e+03 2.742892e+03
