   0.0000000e+00   0.0000000e+00   0.0000000e+00   0.0000000e+00   0.0000000e+00   0.0000000e+00
  -5.6202930e-03  -1.4690160e-02   4.5489174e-02   4.2677960e-05   1.9776457e-04  -3.5355626e-05
  -6.4747438e-03  -2.3130102e-02   1.5957792e-02  -3.1142859e-04   1.7307542e-04  -1.4305492e-04
  -3.6613468e-04  -4.3146155e-02   2.0490729e-02   2.1194873e-06   5.9668660e-04  -2.1652185e-04
  -4.4499492e-03  -3.9070518e-02   1.1074208e-02  -3.2227221e-04   5.1208950e-04  -2.2477619e-04
  -3.0571106e-03  -3.1379140e-02  -1.1617877e-03  -1.3739412e-05   5.2561947e-04  -2.3124105e-04
   1.0001767e-02  -5.4587595e-02  -3.3937005e-03  -1.8530860e-05   3.3090511e-04   3.4198434e-05
  -1.0884990e-03   4.3441398e-02   5.0882010e-02  -5.6666196e-04   2.6582121e-04  -5.9973985e-05
  -5.9342065e-03   1.9075685e-02   5.1531101e-02  -4.8913195e-04   3.8602012e-04  -4.9232796e-05
  -1.4018336e-02   5.0211329e-02   7.4199815e-02  -1.2024806e-03   4.4094274e-04  -1.2370697e-04
  -2.5189184e-02   8.8757917e-02   8.6798761e-02  -9.9605460e-04   4.3261082e-04  -2.0033498e-04
  -2.4978809e-02   6.6221406e-03   8.4095061e-02  -1.1480424e-03   5.0807049e-04  -1.9553574e-04
  -1.9575191e-02  -7.5122899e-02   1.2652178e-01  -1.0118349e-03   3.4977754e-04  -1.4704183e-04
  -1.9259496e-02  -6.6952148e-02   9.6452303e-02  -1.1137241e-03   3.8023562e-04  -1.2131787e-04
  -2.4011563e-02   1.6840148e-03   8.3844816e-02  -6.3444205e-04   3.4593030e-04  -3.7286623e-04
  -2.8258725e-02  -6.3619745e-03   7.2744856e-02  -3.6579033e-04   4.0255138e-04  -2.2958101e-04
  -4.4004826e-02   5.4748990e-02   1.2422539e-01  -6.2063262e-04   3.9028961e-04  -1.8545494e-04
  -3.4452264e-02   4.5450575e-02   1.1803312e-01  -1.1818974e-03   3.8835194e-04  -2.9143928e-04
  -3.3786292e-02  -5.4061655e-02   1.4975045e-01  -1.3775806e-03   6.0851892e-04  -2.0462163e-04
  -3.2216902e-02  -3.1241701e-02   1.0128607e-01  -6.6097218e-04   5.4993629e-04  -1.2416417e-04
  -1.7348848e-03  -3.3499337e-02   6.1854278e-02  -9.7306063e-04   2.4802180e-04   1.6797946e-04
  -7.5787695e-03  -5.0881860e-02   1.2718880e-01  -1.3940533e-03   4.9254674e-04  -9.3395932e-05
  -1.5491120e-02   3.6087757e-02   1.1497120e-01  -8.7679105e-04   5.2273810e-04   7.6463896e-05
  -1.8778855e-02   1.7574169e-02   1.6559858e-01  -1.0049294e-03   4.9559950e-04  -7.5729848e-06
  -1.5543039e-02  -5.0708229e-02   1.9645966e-01  -1.3183081e-03   6.1826344e-04   1.4207671e-04
  -2.4343515e-02  -5.8843308e-02   1.5646250e-01  -1.3501781e-03   8.3683345e-04   8.4655220e-05
  -2.3343812e-02  -3.2259957e-02   9.4220534e-02  -1.9535192e-03   6.3902107e-04  -1.4583658e-04
  -1.9582061e-02  -9.7277048e-02   1.8042451e-01  -1.7862375e-03   7.5898090e-04   7.5826715e-05
  -6.8007622e-03  -1.0689316e-01   1.7669619e-01  -2.0045647e-03   4.9847231e-04   4.3580711e-05
  -1.0719373e-02  -1.5421193e-01   1.7326289e-01  -1.1688294e-03   3.2191627e-04   5.2798210e-05
  -1.7704943e-02  -4.6528851e-03   1.9127754e-01  -1.6569675e-03   3.8419920e-04   1.3916660e-04
  -1.2576326e-02  -2.6366148e-02   1.9243792e-01  -2.3650992e-03   6.3258367e-04   1.3730063e-04
  -1.3809651e-02  -5.7686731e-02   2.3324887e-01  -2.2497911e-03   7.9695325e-04   1.6865246e-04
  -2.0460840e-02  -1.3833352e-02   2.5079124e-01  -1.9819038e-03   5.6637103e-04  -9.0935374e-05
  -2.5012469e-03   4.9053994e-02   2.0976086e-01  -2.2967872e-03   5.5385443e-04   8.5335217e-05
   1.2260358e-02   1.4541293e-02   2.6404659e-01  -2.5441312e-03   4.7790960e-04   2.8952372e-04
   1.2338211e-02  -1.7774314e-02   2.4618784e-01  -2.6347253e-03   4.5869374e-04  -5.8180993e-05
  -2.0525671e-02  -9.6076201e-02   2.3067095e-01  -2.3154979e-03   3.3982525e-04  -4.1708022e-04
  -1.8937349e-02   3.6167597e-02   2.5582681e-01  -2.9350567e-03   3.4500904e-04  -4.0865143e-04
  -1.9920838e-02   1.1489388e-02   3.3505598e-01  -2.6786662e-03   1.7267306e-04  -3.1478385e-04
  -3.0646109e-02   7.3417868e-02   3.1155495e-01  -2.6348194e-03  -3.9091765e-05  -4.4606873e-04
  -2.7137684e-02   2.0149320e-02   2.4086532e-01  -2.8956727e-03  -9.6364992e-05  -5.1559623e-04
  -2.9741580e-02   5.8308281e-02   2.7668625e-01  -2.4849565e-03   8.5697787e-06  -5.3780740e-04
  -1.1675940e-02   2.4398953e-02   2.7871942e-01  -2.8879073e-03   8.4177436e-05  -5.4764227e-04
  -1.9898349e-02   7.9401387e-02   2.9700646e-01  -2.5644495e-03   2.3671955e-04  -5.5146899e-04
  -2.6435130e-02   1.0742088e-01   2.6916432e-01  -2.6693121e-03   1.5465762e-04  -6.0699996e-04
  -2.5007463e-02   9.8521194e-02   2.9156980e-01  -2.9330168e-03   2.5876242e-04  -7.0100212e-04
  -1.7552449e-02   9.4388973e-03   3.0351126e-01  -2.6530701e-03   3.1138878e-04  -6.1633737e-04
  -1.9960962e-02   4.4840487e-02   3.1298155e-01  -2.8906331e-03   4.6540015e-05  -6.3764398e-04
  -1.3644099e-02   6.7675330e-02   2.7960939e-01  -2.5519198e-03   1.8654423e-04  -4.5909155e-04
  -2.2650027e-02   1.1224621e-01   2.9004987e-01  -3.2170452e-03   2.0768228e-04  -6.3762560e-04
  -2.5317149e-02   8.8824043e-02   2.8272941e-01  -2.5809993e-03   3.0837894e-04  -5.7959203e-04
  -2.3985745e-02   6.6751775e-02   2.9657855e-01  -2.7572291e-03   1.9700728e-04  -5.4353173e-04
  -3.1614685e-02   6.2103248e-02   2.5929333e-01  -2.5272796e-03   2.4153375e-04  -4.7196906e-04
  -2.6963376e-02   6.4036266e-02   2.6359643e-01  -2.4260842e-03   7.6305885e-05  -5.2659663e-04
  -2.3897328e-02   7.4037259e-02   2.9336832e-01  -2.1545159e-03   2.4660796e-04  -5.9031639e-04
  -2.3749940e-02   8.8959246e-02   3.0348792e-01  -2.2462100e-03   5.1386151e-06  -5.3369217e-04
  -2.5629939e-02   9.7042809e-02   3.1523133e-01  -2.9209036e-03   1.8180932e-04  -5.7147140e-04
  -3.4497522e-02   1.0010484e-01   3.2422927e-01  -2.9915267e-03   1.0951612e-04  -7.9570350e-04
  -1.9454842e-02   1.6223712e-01   3.2374633e-01  -3.1838128e-03   2.9822177e-05  -5.5179283e-04
  -1.2804868e-02   1.1286021e-01   3.5788055e-01  -3.1319537e-03  -7.8653125e-05  -3.9218236e-04
  -1.9809150e-02   1.0573791e-01   3.6518863e-01  -3.4537860e-03   9.5556295e-05  -3.7848149e-04
  -9.2198269e-03   8.8481995e-02   3.7141337e-01  -2.9149179e-03   4.5762878e-05  -2.6253677e-04
  -9.9349223e-03   1.0603774e-01   3.3339433e-01  -2.8433629e-03   1.2383245e-04  -3.7851180e-04
  -1.5254909e-02   8.0102575e-02   3.3590757e-01  -2.6459168e-03  -3.2938664e-05  -3.6957175e-04
  -1.2200748e-02   1.0907346e-01   3.7151400e-01  -3.3962227e-03   2.2728297e-04  -2.0082235e-04
  -9.7202130e-03   1.2555917e-01   3.8498352e-01  -3.1939937e-03   1.1590971e-04  -2.9336514e-04
  -7.9711167e-03   1.4351076e-01   3.8833916e-01  -3.3961302e-03   3.7547689e-04  -2.1881487e-04
  -5.5525803e-03   1.3667218e-01   3.6507265e-01  -2.8929563e-03   3.8687033e-04  -2.1223551e-04
  -5.7435470e-04   9.3887221e-02   3.6672363e-01  -3.7487979e-03   1.5832998e-04  -1.6098285e-04
  -1.2363282e-02   3.3827217e-02   1.8477574e-01  -1.7033719e-03  -2.6602636e-04  -5.1650051e-04
   1.3471823e-02   7.7887522e-02   2.9934484e-01  -2.1193452e-03  -3.4968599e-04  -2.9797814e-04
  -2.4703233e-03   4.7713061e-02   3.0326071e-01  -1.7828120e-03  -1.3162917e-04  -3.9500326e-04
  -1.6934756e-02   7.7774091e-02   3.2284593e-01  -2.5609224e-03  -9.7589118e-05  -6.4772090e-04
  -1.4891867e-02   1.0522282e-01   3.2473998e-01  -2.9082609e-03  -1.5601203e-04  -5.1572226e-04
  -1.5933798e-02   1.1064923e-01   3.5423924e-01  -2.7891302e-03  -6.5824933e-05  -5.1780780e-04
  -2.3351211e-02   1.1940519e-01   3.3677922e-01  -2.6076089e-03  -3.9241183e-05  -6.9302970e-04
  -2.3473358e-02   1.3063719e-01   3.3869014e-01  -3.1286120e-03   1.1478971e-04  -6.6681929e-04
  -2.0542751e-02   1.1836159e-01   3.7578279e-01  -3.2222256e-03   1.0151684e-04  -5.7351724e-04
  -1.5518705e-02   9.0163493e-02   3.7477221e-01  -3.1700660e-03  -9.9501227e-05  -5.6624523e-04
  -1.9274401e-02   9.4142040e-02   4.0374387e-01  -3.4445273e-03  -3.7993723e-05  -6.1909287e-04
  -4.8662653e-03   8.2840021e-02   3.5949679e-01  -3.4129182e-03   1.0445508e-04  -3.5981529e-04
   8.8651645e-04   1.1639382e-01   3.9605213e-01  -3.5873534e-03   7.6011160e-05  -3.8264331e-04
   3.5007094e-03   1.1591079e-01   3.9888234e-01  -3.3597714e-03  -1.1093687e-04  -4.0809179e-04
  -4.2190332e-03   9.4229891e-02   3.7242765e-01  -3.0446543e-03  -1.7899770e-04  -4.0232409e-04
  -9.5116933e-03   9.3149767e-02   3.4707458e-01  -3.1976461e-03   2.6551308e-04  -3.7811947e-04
  -1.0327990e-02   7.1356473e-02   3.7411077e-01  -2.9429665e-03   1.2255222e-04  -3.7161668e-04
  -2.7852101e-04   1.0365919e-01   4.1559592e-01  -3.3834277e-03   8.9440820e-05  -2.1740042e-04
  -6.9622479e-03   9.9559872e-02   3.9901052e-01  -3.2762845e-03   1.3297953e-04  -2.7956981e-04
  -4.4605842e-03   8.7312466e-02   4.3747569e-01  -3.8007540e-03   2.9300286e-04  -2.5114871e-04
  -9.1606530e-03   9.0756734e-02   4.3867474e-01  -4.0847888e-03   1.2459311e-04  -4.2769629e-04
  -2.7620999e-02   1.0990626e-01   4.7956505e-01  -4.3198785e-03   4.6835539e-05  -5.1475200e-04
  -5.7106742e-02   1.2096604e-01   4.5590670e-01  -4.0088332e-03   1.4258183e-04  -9.2742155e-04
  -5.7102207e-02   1.0532547e-01   5.0030757e-01  -4.3182034e-03   1.7144865e-04  -1.0429073e-03
  -4.8260176e-02   1.3951951e-01   5.4602983e-01  -4.6385371e-03   1.4868004e-04  -1.0021827e-03
  -4.3405852e-02   1.5585944e-01   5.7300292e-01  -4.9099363e-03   2.1296617e-05  -9.4911347e-04
  -4.3990682e-02   2.0682914e-01   6.2166577e-01  -5.3597120e-03  -4.5687235e-05  -9.5449207e-04
  -3.3901759e-02   1.8306883e-01   5.8761021e-01  -5.2695251e-03  -2.2049164e-05  -9.6533302e-04
  -3.5019243e-02   2.3474325e-01   5.8625152e-01  -5.7079902e-03  -1.3650459e-04  -9.2882703e-04
  -4.1670534e-02   1.8475368e-01   6.0957820e-01  -5.4127508e-03  -1.8772583e-04  -9.1254683e-04
  -3.7773224e-02   1.5119877e-01   6.3083672e-01  -5.7144212e-03   1.4756134e-04  -8.1808272e-04
  -7.2911583e-02   1.3910602e-01   6.2607426e-01  -5.7716169e-03   1.3681407e-04  -1.4036167e-03
  -7.2056290e-02   1.6903852e-01   5.6875996e-01  -5.4547800e-03   2.3417408e-05  -1.1362487e-03
  -7.8232158e-02   1.6944463e-01   5.1647434e-01  -4.7235599e-03   1.4413701e-04  -1.2816119e-03
  -7.0779283e-02   1.8180387e-01   5.2970766e-01  -4.9303152e-03  -2.2926737e-05  -1.1845920e-03
  -7.5797501e-02   1.9000871e-01   5.4513028e-01  -4.4562589e-03   8.5011821e-05  -1.2512902e-03
  -8.0534544e-02   1.9548074e-01   5.1754495e-01  -4.5363152e-03  -3.0598424e-05  -1.3443192e-03
  -8.5201661e-02   1.7534500e-01   4.9571382e-01  -4.6820417e-03   1.8965658e-04  -1.4921314e-03
  -8.7785074e-02   1.7913569e-01   5.0483162e-01  -4.9636806e-03   4.6321300e-04  -1.4671115e-03
  -8.4459728e-02   1.3225676e-01   5.0775896e-01  -4.6099618e-03   6.4096792e-05  -1.3714773e-03
  -8.3427740e-02   1.3739169e-01   5.1656452e-01  -5.1943353e-03   1.6697481e-04  -1.3097548e-03
  -8.0156724e-02   1.4758285e-01   5.1668154e-01  -4.3496835e-03   1.4624541e-04  -1.3096686e-03
  -7.9475545e-02   1.6273554e-01   4.8500178e-01  -4.4613847e-03   2.9206243e-04  -1.5473272e-03
  -8.2547923e-02   1.5626913e-01   4.7797069e-01  -4.8363888e-03   3.1722370e-04  -1.5215913e-03
  -7.9556490e-02   1.7923586e-01   4.8863394e-01  -4.5824249e-03   4.3476344e-04  -1.4890492e-03
  -8.5082170e-02   1.9595552e-01   5.1483718e-01  -4.3009144e-03   2.7289016e-04  -1.4633239e-03
  -8.4111292e-02   1.7838650e-01   5.2516624e-01  -4.5073061e-03   8.2656249e-05  -1.5406489e-03
  -7.1701265e-02   1.7488474e-01   4.7588448e-01  -4.6477737e-03   4.7712238e-04  -1.1184426e-03
  -8.0183121e-02   1.4463413e-01   5.1225191e-01  -4.2435578e-03   2.6989050e-04  -1.3907383e-03
  -8.0264436e-02   1.4821788e-01   5.1975521e-01  -4.6950269e-03   2.1045905e-04  -1.6155475e-03
  -8.4185024e-02   1.5023585e-01   4.6689621e-01  -4.7185073e-03   3.4672893e-04  -1.6078274e-03
  -7.8208991e-02   1.7333964e-01   4.7196838e-01  -4.4115358e-03   4.6060104e-04  -1.3575327e-03
  -7.5695980e-02   1.8257472e-01   4.9730165e-01  -4.4697212e-03   1.9330594e-04  -1.4515353e-03
  -6.8456595e-02   1.7461864e-01   4.9022774e-01  -4.1670431e-03   1.7904222e-04  -1.2913405e-03
  -7.9032324e-02   1.6010935e-01   4.4698686e-01  -4.0701134e-03   2.4730214e-04  -1.5320840e-03
  -7.5719006e-02   1.2771182e-01   4.6952331e-01  -4.5917624e-03   1.3759337e-04  -1.5233920e-03
  -7.2227774e-02   1.3519593e-01   4.8467708e-01  -4.1427198e-03   2.1815237e-04  -1.3201809e-03
  -7.5154902e-02   1.8731422e-01   4.7822477e-01  -4.4017916e-03   1.7670378e-04  -1.4535453e-03
  -7.5308937e-02   2.1827274e-01   4.9240215e-01  -4.3379372e-03   2.8310228e-04  -1.4250570e-03
  -6.9539720e-02   2.1543723e-01   5.2152860e-01  -4.8388693e-03   3.0908960e-04  -1.3710321e-03
  -7.4032375e-02   2.1350993e-01   5.0770575e-01  -4.6137756e-03   1.0992523e-04  -1.4646162e-03
  -7.6598737e-02   1.8444480e-01   4.5547735e-01  -4.5341774e-03   1.2982095e-04  -1.5757666e-03
  -6.3504405e-02   1.8837623e-01   4.6987636e-01  -4.3744589e-03   1.7933560e-04  -1.4704070e-03
  -7.1192398e-02   1.5647276e-01   4.7900650e-01  -4.1449254e-03   3.2227336e-04  -1.4501205e-03
  -6.2368282e-02   1.5383775e-01   4.8488940e-01  -4.2208876e-03   1.8975241e-04  -1.4105381e-03
  -5.7083469e-02   1.9216859e-01   4.8608296e-01  -4.5493571e-03  -5.7297459e-05  -1.2184899e-03
  -6.0059604e-02   2.0311137e-01   4.9003580e-01  -3.7395682e-03   4.3461168e-05  -1.3526283e-03
  -7.4224188e-02   2.5560236e-01   4.7127847e-01  -3.7448324e-03   3.4847755e-04  -1.3236679e-03
  -7.7092436e-02   2.1945281e-01   4.9872985e-01  -4.0666967e-03   5.2335920e-04  -1.4532129e-03
  -7.5943908e-02   2.3573173e-01   5.3319061e-01  -4.7050693e-03   2.2187861e-04  -1.3198039e-03
  -7.5038579e-02   1.9899501e-01   5.5105394e-01  -4.3752440e-03   2.4715371e-04  -1.3339598e-03
  -8.2705718e-02   1.6094067e-01   5.4252922e-01  -4.3101441e-03   2.7401080e-04  -1.4815177e-03
  -9.1403713e-02   1.8917894e-01   5.0434613e-01  -4.2686871e-03   3.2844798e-04  -1.5107384e-03
  -8.2413965e-02   2.1544022e-01   4.9507096e-01  -4.1089095e-03   3.9088411e-04  -1.5041127e-03
  -8.1912698e-02   2.2429841e-01   5.1023735e-01  -3.9047836e-03   5.7225589e-04  -1.5317772e-03
  -8.0158283e-02   2.2197204e-01   5.4665044e-01  -4.2215898e-03   5.4500258e-04  -1.3958512e-03
  -8.5814691e-02   2.2582881e-01   5.3894761e-01  -4.3904712e-03   3.9581069e-04  -1.4958814e-03
  -8.2264361e-02   1.9072255e-01   5.3116804e-01  -4.1168688e-03   3.4956095e-04  -1.5432671e-03
  -8.3857458e-02   2.0245204e-01   5.3449069e-01  -4.6081060e-03   5.6918914e-04  -1.5238270e-03
  -8.0816941e-02   1.8292789e-01   5.4267697e-01  -4.0302100e-03   4.8773385e-04  -1.4013125e-03
  -7.8405443e-02   2.2211840e-01   5.5038046e-01  -4.4784917e-03   5.2946142e-04  -1.4681853e-03
  -7.7784319e-02   2.3018685e-01   5.2344159e-01  -4.4597412e-03   5.5837650e-04  -1.4411839e-03
  -7.9546788e-02   2.6963478e-01   5.4493634e-01  -4.2968519e-03   8.2621118e-04  -1.4349331e-03
  -8.7112161e-02   2.3104331e-01   5.7302555e-01  -4.3275729e-03   6.7218625e-04  -1.4239347e-03
  -9.1392715e-02   1.9051242e-01   5.1012553e-01  -3.8815606e-03   7.0205552e-04  -1.2866353e-03
  -9.4894954e-02   1.9001401e-01   5.2737891e-01  -4.4607341e-03   6.7894575e-04  -1.3096194e-03
  -8.3628617e-02   2.0967728e-01   5.8218867e-01  -4.2317340e-03   2.3193207e-04  -1.2160855e-03
  -6.7747250e-02   2.4927821e-01   6.0942371e-01  -4.6972798e-03   1.3926154e-04  -1.2250325e-03
  -7.6526565e-02   2.7794770e-01   6.0455546e-01  -4.7844649e-03   3.0728362e-04  -1.3347987e-03
  -7.8521892e-02   2.4758359e-01   5.9581919e-01  -4.6861322e-03   1.9807490e-04  -1.2536006e-03
  -7.9694732e-02   2.4406562e-01   5.9138481e-01  -4.0413258e-03   4.4540560e-04  -1.3661682e-03
  -7.7777202e-02   2.5817231e-01   5.9600379e-01  -4.1285284e-03   3.7161067e-04  -1.3070080e-03
  -6.2354047e-02   2.2095914e-01   6.2436217e-01  -4.1615279e-03   2.7152450e-04  -1.1641449e-03
  -5.7875380e-02   2.3056713e-01   5.9811393e-01  -4.2928041e-03   4.6638125e-04  -1.0686178e-03
  -5.6041991e-02   2.2527951e-01   6.3322210e-01  -4.4598875e-03   4.1511450e-04  -1.0669079e-03
  -6.4905296e-02   2.1463633e-01   6.2916974e-01  -4.3039281e-03   5.2491106e-04  -1.1714320e-03
  -5.8980689e-02   2.6241052e-01   6.3095749e-01  -4.3915278e-03   4.7987592e-04  -1.1087797e-03
  -5.7771508e-02   2.5014657e-01   6.4135483e-01  -4.4844191e-03   5.8810334e-04  -1.0412616e-03
  -7.1358851e-02   2.3269606e-01   6.1645968e-01  -4.5834098e-03   5.8379157e-04  -1.2509916e-03
  -7.9578600e-02   1.9472736e-01   6.2987504e-01  -5.0544369e-03   8.0556893e-04  -1.3048802e-03
  -6.9757119e-02   2.2200372e-01   6.2863948e-01  -4.3232490e-03   6.9654417e-04  -1.2419775e-03
  -6.3590136e-02   2.5188069e-01   6.0572240e-01  -3.9334775e-03   5.8701060e-04  -1.1613559e-03
  -7.4367689e-02   2.4590713e-01   6.0958692e-01  -3.8795046e-03   6.3151823e-04  -1.3436572e-03
  -7.8840010e-02   2.2710810e-01   5.8401600e-01  -3.8698304e-03   7.1262255e-04  -1.3375485e-03
  -8.2651173e-02   2.3058772e-01   5.8734196e-01  -4.0245102e-03   8.5998291e-04  -1.2690445e-03
  -8.2915396e-02   1.9067797e-01   5.6510827e-01  -3.4007719e-03   7.2079650e-04  -1.3562211e-03
  -6.9666407e-02   2.0146621e-01   5.5781898e-01  -3.5218234e-03   6.5778064e-04  -1.2762785e-03
  -6.4895931e-02   2.0518758e-01   5.4783092e-01  -3.6483944e-03   5.9082597e-04  -1.1915287e-03
  -7.1167073e-02   2.2150368e-01   5.8909587e-01  -3.3848068e-03   6.5667706e-04  -1.2170574e-03
  -6.7998787e-02   2.9025493e-01   6.1397090e-01  -3.9911106e-03   6.6475257e-04  -1.2979904e-03
  -6.4159622e-02   2.5980362e-01   6.2017253e-01  -3.8683069e-03   6.0424904e-04  -1.1886833e-03
  -5.8228759e-02   2.4939649e-01   6.2825431e-01  -4.6512022e-03   8.6611051e-04  -1.0628040e-03
  -4.8060073e-02   2.2669850e-01   6.3637802e-01  -3.9204616e-03   6.8231402e-04  -9.1594090e-04
  -5.0901753e-02   2.2989889e-01   6.3937091e-01  -3.9080221e-03   6.6641489e-04  -9.2798664e-04
  -6.2888762e-02   2.4323495e-01   6.4563014e-01  -4.6212216e-03   9.5664462e-04  -1.0141277e-03
  -5.4620247e-02   2.5857231e-01   6.5726688e-01  -4.3140940e-03   8.2133807e-04  -1.0534191e-03
  -4.2525148e-02   2.8212591e-01   6.8023097e-01  -4.5650587e-03   4.9095541e-04  -1.0181634e-03
  -5.0596356e-02   2.7706773e-01   6.8452096e-01  -4.5021149e-03   3.3338854e-04  -8.5384984e-04
  -6.1815956e-02   2.6842520e-01   6.8049260e-01  -5.2315702e-03   6.7482065e-04  -9.3726552e-04
  -6.2909252e-02   1.7024356e-01   6.3511839e-01  -3.8516262e-03   4.4992959e-04  -9.3749716e-04
  -4.1732648e-02   2.3502548e-01   7.1754027e-01  -4.0354243e-03   5.2300363e-04  -6.5521066e-04
  -2.8841879e-02   2.3912352e-01   7.3878233e-01  -3.7627289e-03   4.1302544e-04  -6.8030101e-04
  -3.2058285e-02   2.7674691e-01   7.2749393e-01  -4.3776725e-03   1.9203063e-04  -8.1883765e-04
  -4.3374265e-02   2.5411242e-01   7.4908537e-01  -4.3090313e-03   2.7967868e-04  -9.4480033e-04
  -3.6886425e-02   2.1477193e-01   7.7278535e-01  -4.6232444e-03   2.1446842e-04  -8.1755429e-04
  -3.4446834e-02   2.2487832e-01   7.5414641e-01  -4.5700412e-03   1.8969446e-04  -6.9813387e-04
  -3.9196604e-02   2.4173540e-01   7.0946095e-01  -4.0070734e-03   2.4127975e-04  -8.7554412e-04
  -4.2134666e-02   2.7310636e-01   6.9859283e-01  -4.5435145e-03   4.1648031e-04  -8.0393874e-04
  -4.1101981e-02   2.4443409e-01   6.9855570e-01  -4.1533569e-03   2.4990409e-04  -9.1682268e-04
  -4.3939451e-02   2.4328545e-01   6.9227520e-01  -3.7940525e-03   1.9094935e-04  -8.9846573e-04
  -5.6123927e-02   2.2297202e-01   7.0149919e-01  -3.9043826e-03   1.9719211e-04  -1.0111588e-03
  -6.4490198e-02   2.1738778e-01   6.8927063e-01  -4.0045431e-03   1.8358275e-04  -1.2443437e-03
  -7.0829985e-02   2.2089500e-01   6.7388554e-01  -4.3898612e-03   1.8774479e-04  -1.2179502e-03
  -7.4083048e-02   2.3710966e-01   6.7673371e-01  -3.8767793e-03   1.6778015e-04  -1.3524668e-03
  -8.3375124e-02   2.4543473e-01   6.8151357e-01  -3.8687982e-03   2.1427646e-05  -1.5278584e-03
  -8.8914977e-02   2.3435439e-01   6.7611358e-01  -4.1412671e-03   2.9579152e-05  -1.5947334e-03
  -1.0041105e-01   1.9800804e-01   6.7295379e-01  -3.9650615e-03   2.5952614e-06  -1.7157061e-03
  -1.0243920e-01   2.2857301e-01   6.8340893e-01  -4.1498445e-03  -8.3120714e-05  -1.6618759e-03
  -1.0088662e-01   2.4199602e-01   6.9829673e-01  -4.1377878e-03   1.6829312e-04  -1.5995292e-03
  -1.0184981e-01   2.5316158e-01   7.2850658e-01  -4.2756031e-03  -1.0112953e-04  -1.7363449e-03
  -9.6087440e-02   2.9838366e-01   7.6235246e-01  -4.8802354e-03  -2.0542076e-04  -1.7335299e-03
  -8.4617770e-02   2.4261424e-01   7.7346684e-01  -5.0284132e-03  -3.5402364e-04  -1.5769174e-03
  -9.7328079e-02   2.0212708e-01   7.3423302e-01  -5.0541033e-03  -1.2160971e-04  -1.6759098e-03
  -8.4898965e-02   2.2130200e-01   7.2594375e-01  -4.9397126e-03  -3.7242090e-04  -1.5121578e-03
  -7.6837432e-02   2.3981208e-01   7.1517427e-01  -4.8104583e-03  -2.2129652e-04  -1.3912634e-03
  -6.5465561e-02   2.3340425e-01   7.3178707e-01  -4.4104012e-03  -2.5080451e-04  -1.1347554e-03
  -7.2712836e-02   2.4175700e-01   7.4800169e-01  -4.5294344e-03  -5.7125985e-05  -1.2165135e-03
  -9.0348098e-02   2.5126418e-01   7.5491484e-01  -5.0003686e-03  -8.9953753e-05  -1.4638788e-03
  -9.3134007e-02   2.3788826e-01   7.7005447e-01  -4.7118362e-03  -1.6070790e-04  -1.4364649e-03
  -8.6118804e-02   2.9051530e-01   7.6484433e-01  -4.5966260e-03  -2.1104240e-04  -1.4795119e-03
  -9.1266352e-02   2.7272011e-01   7.7255245e-01  -4.7218555e-03  -2.5972874e-04  -1.4764017e-03
  -8.9586168e-02   2.8849971e-01   7.5225348e-01  -4.8840711e-03  -3.7440271e-04  -1.6291013e-03
  -9.1026734e-02   2.6328802e-01   7.4377285e-01  -4.6620196e-03  -4.0815421e-04  -1.5668427e-03
  -9.3368800e-02   2.4930579e-01   7.2254046e-01  -4.2280083e-03  -2.0706185e-04  -1.6530613e-03
  -8.1549204e-02   2.5776815e-01   6.9582908e-01  -4.2913689e-03  -3.8555162e-04  -1.5775035e-03
  -7.5854733e-02   2.4845002e-01   6.9582265e-01  -3.5994772e-03  -5.7975152e-04  -1.3847208e-03
  -8.1797913e-02   2.5635623e-01   6.9049558e-01  -4.0672876e-03  -4.5276681e-04  -1.4632943e-03
  -8.9400325e-02   2.4187380e-01   6.7553348e-01  -3.8663478e-03  -4.4444892e-04  -1.4990917e-03
  -8.4530526e-02   2.2300198e-01   6.9138517e-01  -4.0536673e-03  -3.0586036e-04  -1.4590963e-03
  -8.0938831e-02   2.1536869e-01   6.9067808e-01  -3.7889270e-03  -3.6345976e-04  -1.5003496e-03
  -7.6759156e-02   2.3326829e-01   6.5569620e-01  -3.4246892e-03  -5.4914385e-04  -1.4545843e-03
  -6.6020494e-02   2.5655136e-01   6.7205983e-01  -3.4989646e-03  -6.1231121e-04  -1.2438942e-03
  -5.6783047e-02   2.2618682e-01   6.9258011e-01  -3.5659619e-03  -4.3772612e-04  -1.0746496e-03
  -7.9245511e-02   2.1855814e-01   6.9057030e-01  -3.4907449e-03  -4.9417645e-04  -1.3323862e-03
  -7.4585797e-02   2.2778892e-01   6.7915567e-01  -3.5516839e-03  -4.7197925e-04  -1.3659733e-03
  -7.6630367e-02   2.4261633e-01   6.9434713e-01  -3.8596986e-03  -4.5707013e-04  -1.4278591e-03
  -6.9282033e-02   2.2368755e-01   7.2105783e-01  -4.0657133e-03  -5.8514447e-04  -1.3090660e-03
  -6.5525499e-02   2.2483409e-01   7.1169002e-01  -3.9198654e-03  -6.4583328e-04  -1.3496759e-03
  -7.3658945e-02   2.1800993e-01   7.1576025e-01  -4.2355005e-03  -6.9900392e-04  -1.3957827e-03
  -7.1157269e-02   2.2440234e-01   7.0683490e-01  -4.3164279e-03  -8.0518043e-04  -1.3490030e-03
  -6.1005040e-02   2.2396108e-01   6.6973493e-01  -4.2097539e-03  -8.2453576e-04  -1.3096907e-03
  -4.5400381e-02   2.3671677e-01   6.7241103e-01  -4.1594885e-03  -9.5687900e-04  -1.2630133e-03
  -4.6240613e-02   2.5567674e-01   6.9358514e-01  -4.1768241e-03  -9.9542692e-04  -1.3702445e-03
  -5.3446501e-02   2.6869012e-01   7.0726853e-01  -4.6508506e-03  -1.1437589e-03  -1.5793887e-03
  -5.6800813e-02   2.3183150e-01   6.9744036e-01  -4.1180981e-03  -1.0827630e-03  -1.4758223e-03
  -4.6702991e-02   2.5773164e-01   6.7605636e-01  -4.1317535e-03  -9.7532385e-04  -1.2735267e-03
  -4.0322612e-02   2.6996455e-01   6.8592538e-01  -4.0583008e-03  -1.0041285e-03  -1.3723694e-03
  -4.0434508e-02   2.9504699e-01   6.8649101e-01  -4.2774473e-03  -9.4589972e-04  -1.3671974e-03
  -4.3470843e-02   2.5627353e-01   6.6010789e-01  -3.9981019e-03  -1.1742901e-03  -1.3385694e-03
  -4.2799526e-02   2.1742557e-01   6.0715230e-01  -3.1070507e-03  -1.3924619e-03  -1.2657419e-03
  -5.1397538e-03   2.4918010e-01   6.4149125e-01  -3.4376127e-03  -1.3999071e-03  -1.0253928e-03
  -1.1274702e-02   2.3676919e-01   6.4146988e-01  -3.3093986e-03  -1.6623579e-03  -1.1423942e-03
  -3.1119146e-02   2.4531339e-01   6.9748232e-01  -3.9974644e-03  -1.4104418e-03  -1.3708083e-03
  -4.3348331e-02   2.9412529e-01   6.7974277e-01  -4.6549557e-03  -1.3968350e-03  -1.5931394e-03
  -4.1688875e-02   2.7828120e-01   7.1425330e-01  -4.7151218e-03  -1.3582261e-03  -1.6633422e-03
  -2.8628016e-02   2.1864234e-01   7.4355948e-01  -4.3313449e-03  -1.6145710e-03  -1.5671967e-03
  -4.0402407e-02   2.4351829e-01   7.2686115e-01  -4.5423227e-03  -1.6104989e-03  -1.6246807e-03
  -2.5811101e-02   2.8363791e-01   7.0630308e-01  -4.9867425e-03  -1.6989425e-03  -1.3933782e-03
  -3.4575595e-02   2.7646648e-01   7.3930731e-01  -4.4283414e-03  -1.7613726e-03  -1.4660128e-03
  -3.7795311e-02   2.6573527e-01   7.2242769e-01  -4.1910086e-03  -1.6605358e-03  -1.4724799e-03
  -4.7100987e-02   2.4753952e-01   6.8809301e-01  -3.9593407e-03  -1.5511914e-03  -1.6285576e-03
  -5.9482194e-02   2.5953348e-01   6.7462297e-01  -4.1171736e-03  -1.6285995e-03  -1.7606529e-03
  -6.3028142e-02   2.5394910e-01   6.9128762e-01  -4.1720734e-03  -1.4401503e-03  -1.7504820e-03
  -5.3005742e-02   2.5490204e-01   7.1117580e-01  -4.2359373e-03  -1.4075047e-03  -1.6236828e-03
  -4.9529034e-02   2.3843334e-01   7.0740832e-01  -3.9859275e-03  -1.5875605e-03  -1.5432227e-03
  -5.8122058e-02   2.4129405e-01   6.9431064e-01  -4.1303442e-03  -1.5527461e-03  -1.8588526e-03
  -6.8089812e-02   2.5546847e-01   6.9290634e-01  -4.3796486e-03  -1.4053470e-03  -1.9547941e-03
  -6.4857277e-02   2.4492167e-01   7.4000160e-01  -4.4928476e-03  -1.3659273e-03  -1.8784230e-03
  -6.1831577e-02   2.4296199e-01   7.2504461e-01  -4.0761384e-03  -1.4396123e-03  -1.9787992e-03
  -6.3539519e-02   2.7278563e-01   7.2206149e-01  -4.3967041e-03  -1.4021339e-03  -2.0309147e-03
  -7.2783119e-02   2.5735533e-01   7.2185617e-01  -4.6464002e-03  -1.2967868e-03  -2.0008812e-03
  -6.1878482e-02   2.2179287e-01   7.2669412e-01  -4.4327503e-03  -1.4547482e-03  -1.9618275e-03
  -6.9348928e-02   2.5216238e-01   7.1423864e-01  -4.1779759e-03  -1.4021345e-03  -1.9098508e-03
  -7.3778108e-02   2.7479520e-01   7.4234928e-01  -4.5708260e-03  -1.4002230e-03  -2.1515182e-03
  -6.7453812e-02   2.6561513e-01   7.5862786e-01  -4.8230012e-03  -1.5445287e-03  -2.0691978e-03
  -6.5820267e-02   2.4749807e-01   7.7688685e-01  -4.7446516e-03  -1.4504042e-03  -2.0382813e-03
  -7.5216964e-02   2.1744332e-01   7.6529838e-01  -4.6613772e-03  -1.5966997e-03  -2.0151109e-03
  -7.7522089e-02   2.7698060e-01   7.7576528e-01  -4.9877765e-03  -1.6908668e-03  -2.1060158e-03
  -6.8988915e-02   2.8509681e-01   7.4852483e-01  -4.5977788e-03  -1.7737794e-03  -1.9868001e-03
  -6.7433950e-02   2.8200519e-01   7.4914912e-01  -4.8818966e-03  -1.5611024e-03  -2.0657015e-03
  -5.5593000e-02   3.0383814e-01   7.4436411e-01  -4.7966085e-03  -1.6163207e-03  -1.9958231e-03
  -4.9769426e-02   2.8166469e-01   7.5951464e-01  -4.9347458e-03  -1.7303438e-03  -2.0541363e-03
  -5.6896458e-02   2.6081694e-01   7.8001134e-01  -4.7896436e-03  -1.8500099e-03  -2.1081941e-03
  -4.4399518e-02   2.8748396e-01   8.0997721e-01  -5.0719320e-03  -1.8361882e-03  -1.9402003e-03
  -3.6579748e-02   2.8203470e-01   8.0864845e-01  -5.1473165e-03  -1.7105551e-03  -1.9690483e-03
  -3.9770627e-02   2.5007831e-01   7.9360479e-01  -4.8609466e-03  -1.7761075e-03  -1.9292989e-03
  -6.2384592e-02   2.6734756e-01   7.4441012e-01  -4.0667666e-03  -1.5498992e-03  -2.0167975e-03
  -5.2740029e-02   3.0568981e-01   7.4710669e-01  -4.4804174e-03  -1.6770482e-03  -1.9283947e-03
  -5.7558959e-02   2.7415693e-01   7.7222620e-01  -4.3576681e-03  -1.5690475e-03  -2.0099835e-03
  -5.7215546e-02   2.4494971e-01   7.6693601e-01  -4.2457103e-03  -1.7076310e-03  -1.9998706e-03
  -6.3280029e-02   2.4007966e-01   7.5797432e-01  -4.0030722e-03  -1.5414390e-03  -2.0459046e-03
  -6.6077280e-02   2.9003488e-01   7.6678840e-01  -4.3113191e-03  -1.5503814e-03  -1.9037896e-03
  -6.8873272e-02   2.6477980e-01   7.7216197e-01  -4.1528219e-03  -1.3660886e-03  -1.8819493e-03
  -5.1175064e-02   2.5552338e-01   7.3545435e-01  -3.6541846e-03  -1.6834760e-03  -1.9115030e-03
  -5.0993003e-02   2.5084163e-01   7.4907210e-01  -4.1757083e-03  -1.5458688e-03  -1.7736522e-03
  -5.4118045e-02   2.9607187e-01   7.4313457e-01  -4.3252661e-03  -1.6875314e-03  -1.8343418e-03
  -5.5528096e-02   2.7016820e-01   7.4403875e-01  -4.3633551e-03  -1.3811902e-03  -1.8145677e-03
  -5.1803488e-02   2.6304908e-01   7.1217316e-01  -3.7402550e-03  -1.6094599e-03  -1.8697828e-03
