   0.0000000e+00   0.0000000e+00   0.0000000e+00   0.0000000e+00   0.0000000e+00   0.0000000e+00
   8.8357931e-03   9.0109715e-03   4.3632387e-02  -3.8675014e-04  -4.9708074e-06   8.7098354e-05
   1.1532543e-02  -8.8860414e-03   2.4109236e-03  -3.2555856e-05  -1.5494091e-04   1.7860711e-04
   7.0059012e-03   4.1992207e-02  -2.3482482e-02   4.7329623e-04   6.0207596e-05  -6.9698807e-05
   1.2440088e-02  -1.3105713e-02  -2.5114181e-02   7.3670816e-04  -2.6706737e-04   2.8873880e-04
   5.1192646e-04   2.7237109e-02   9.6659993e-03   2.5887827e-04   8.1944281e-05  -3.9623549e-06
   8.8390410e-03  -2.9194071e-02  -4.6967397e-03   7.4604799e-04  -2.8312018e-04   2.3938232e-04
   2.7564076e-03   2.4202418e-02   3.4282328e-02  -4.8009930e-04   8.7590917e-05  -4.2105301e-05
   1.4110876e-02  -3.0535910e-02   2.1622860e-02   3.4172543e-04  -1.9421465e-05   1.6631195e-04
   9.5009404e-03   4.1100483e-02   8.6342275e-03  -2.5845003e-04   4.1949976e-04  -2.3851140e-04
   1.5069466e-02  -1.0643885e-02   4.7490982e-03   4.9379239e-04   2.2867482e-04   7.1574016e-05
   8.2035373e-03   3.3837043e-02   9.4787713e-03   9.1427531e-05   5.0809439e-04  -2.5521890e-04
   1.7353050e-02  -1.4822489e-03  -9.5609480e-04   2.6113726e-04   4.8440410e-04  -1.6551320e-04
   1.1012228e-02   6.1754446e-02  -3.4179498e-02   3.5693861e-04   7.6051989e-04  -1.6165643e-04
   1.6624429e-02   3.6170835e-02  -1.2326565e-02   1.6557653e-04   4.3072808e-04  -1.0469945e-04
   2.0751986e-02   2.7731127e-02  -4.6752045e-02   4.3014938e-04   1.3601651e-04   3.1729218e-04
   4.4114208e-03   6.0936565e-02  -6.1732597e-02   9.8414616e-04   9.0885942e-05  -1.5821048e-04
   5.9061875e-03   1.1687643e-02  -3.7796785e-02   1.1049339e-03  -6.2063431e-05   7.6201845e-05
   6.0664233e-03   7.7331350e-02  -7.7713546e-02   6.5652297e-04   3.6640651e-04  -3.5323523e-05
   1.7714695e-02   6.4361386e-03  -5.0697357e-02   9.1598194e-04   7.9508728e-05  -3.9192493e-06
   1.1966852e-02   3.7365781e-02  -6.6459676e-02   5.6958780e-04   1.9898672e-04  -1.4088377e-04
   1.1328914e-02   4.0485990e-02  -3.7168238e-02   3.3226957e-04   6.7793422e-05  -1.8576242e-04
   6.7933877e-03   5.0027362e-02  -9.0158971e-02   7.3693421e-04  -1.5161145e-04   8.3412461e-05
   2.7233983e-04   6.8163387e-02  -2.6034840e-02   3.2840127e-04  -3.3757972e-05  -2.3670235e-04
   3.4752379e-03   6.3812660e-03  -3.3127797e-02   1.1446153e-03  -4.9483281e-04   1.6868593e-04
  -4.8800560e-03   4.3996234e-02   4.6444319e-02   1.2984736e-04  -2.9341784e-04   9.4169319e-05
   2.9514845e-03  -1.9332957e-02   1.6334287e-03   6.0094073e-04  -6.6419900e-04   1.9808257e-04
   3.1385805e-04   7.0489086e-02   7.1940078e-03   4.8558234e-04  -7.8976506e-05  -1.4261551e-04
   5.3331869e-03   1.5526692e-04   1.0788856e-02   6.3799868e-04  -2.4369409e-04  -7.5281969e-05
   1.9155862e-03   6.0942141e-02  -1.7908210e-02   3.7068165e-04  -1.6985081e-04  -2.3906501e-04
   5.1775806e-03   3.8117950e-02  -7.2479625e-03   4.9684310e-04  -3.2530420e-04  -3.5872666e-05
  -2.6714792e-03   7.8952812e-02  -4.7087569e-02   6.5766091e-04  -3.6922395e-04  -8.6337515e-05
   8.2144674e-03   7.0508941e-02   1.9764742e-03   1.6344306e-04  -4.3331336e-04  -6.0263474e-05
   4.5011383e-03   4.0090189e-02  -6.3893381e-02   9.9180313e-04  -6.0084124e-04   5.3270804e-05
   1.1387006e-03   7.5480287e-02  -2.6016955e-02   4.2800296e-04  -4.1635751e-04  -1.0331777e-04
   5.2853520e-04   3.1645917e-02  -3.3793891e-02   1.0349148e-03  -6.5535610e-04   1.8454887e-04
  -6.9768036e-03   1.1651108e-01  -1.1358661e-01   2.5807848e-04  -4.0581121e-04  -2.4417096e-04
   3.4180796e-03   7.1923302e-02  -1.1877123e-01   6.4678694e-04  -7.0310077e-04  -1.1370915e-04
  -1.3199593e-02   1.1549555e-01  -7.0779219e-02  -3.3446310e-04  -4.2653332e-04  -6.4755592e-04
   4.1411189e-03   4.7175498e-02  -1.2168139e-01   1.2177830e-04  -6.1957926e-04  -2.8461885e-04
  -7.2513167e-03   1.0949784e-01  -9.5971238e-02  -4.7208007e-04  -5.8160884e-04  -4.8394993e-04
   2.8089160e-03   7.5479150e-02  -1.7331615e-01   1.4268421e-04  -8.0225524e-04  -1.3381651e-04
  -1.3834215e-02   1.5101737e-01  -2.1964052e-01  -9.9970338e-05  -5.7361141e-04  -4.0790132e-04
  -9.9435539e-03   9.4684434e-02  -2.0756221e-01  -1.0081722e-05  -1.0302056e-03  -3.6843541e-04
   9.4142042e-03   1.3823059e-01  -1.7686997e-01  -3.8572799e-04  -2.1294422e-04  -4.5072224e-04
   1.7675321e-02   8.3267966e-02  -1.4417224e-01  -4.3027022e-04  -2.9139188e-04  -1.4611207e-04
   6.9521322e-03   1.1871142e-01  -2.0078994e-01  -1.9508478e-04  -3.6748920e-04  -2.6825891e-04
   1.2039316e-02   1.0372821e-01  -1.6096875e-01  -1.6404998e-04  -5.0297103e-04  -3.6602459e-04
   8.0501188e-04   1.5155519e-01  -1.7128578e-01  -2.9929098e-04  -1.7134262e-05  -6.6765203e-04
   1.1248090e-02   1.1391636e-01  -1.4719600e-01  -1.1567486e-04  -2.5987406e-04  -4.4847247e-04
   1.0680941e-02   1.6702495e-01  -1.5100331e-01  -1.3407017e-04  -2.6904601e-04  -5.6599439e-04
   1.8015912e-02   1.1985597e-01  -1.2888147e-01  -2.5750941e-04  -5.0217702e-04  -6.9194304e-04
   2.1770695e-02   1.4926880e-01  -1.3859493e-01  -5.6698068e-04  -4.4013846e-04  -7.4231528e-04
   2.9407389e-02   9.1838954e-02  -1.3153097e-01  -1.9023027e-04  -6.5644440e-04  -5.9824968e-04
   2.9541922e-02   1.3368749e-01  -1.5155196e-01  -4.1040027e-04  -5.2180696e-04  -7.5486086e-04
   2.7093285e-02   8.5792474e-02  -2.0457578e-01  -2.0324377e-04  -5.0835925e-04  -6.0168132e-04
   3.3145295e-02   1.2010363e-01  -1.5117683e-01  -2.0913911e-04  -7.2250290e-04  -5.3291331e-04
   1.7592359e-02   7.9064602e-02  -1.4946357e-01   5.4674463e-04  -4.8021459e-04  -5.0568392e-04
   2.2666170e-02   1.0884093e-01  -1.5186273e-01  -1.4011117e-04  -3.1206956e-04  -8.3368440e-04
   2.7847160e-02   7.6150287e-02  -1.5436485e-01   5.1187867e-04  -5.3650450e-04  -8.4729164e-04
   2.4515300e-02   1.0975986e-01  -1.4476497e-01  -2.6928507e-04  -3.5560415e-04  -9.2266986e-04
   2.9590153e-02   4.6170359e-02  -1.6576629e-01  -7.1114191e-05  -6.3827744e-04  -7.8475265e-04
   1.7811068e-02   1.1160359e-01  -1.9044275e-01  -2.7859677e-04  -5.9785512e-04  -1.0920889e-03
   2.1461878e-02   7.3341954e-02  -1.9803321e-01   5.2249834e-04  -7.7217400e-04  -9.5513223e-04
   1.4861099e-02   1.3530920e-01  -2.0981779e-01   2.8870789e-04  -7.7944855e-04  -9.2344796e-04
   7.8907920e-03   8.4433800e-02  -1.9959565e-01   7.8486196e-04  -8.4354988e-04  -1.0620942e-03
   1.5713619e-03   1.2568687e-01  -1.9250702e-01   6.4775153e-04  -7.2626926e-04  -1.0222296e-03
   6.3360711e-03   9.2402030e-02  -1.8011684e-01   9.5171428e-04  -1.0764662e-03  -1.0880749e-03
   5.6482864e-03   1.2851219e-01  -1.6948358e-01   4.2498993e-04  -8.9809000e-04  -1.1286187e-03
   2.6044415e-03   1.1072070e-01  -1.6809095e-01   7.0601685e-04  -9.1712024e-04  -1.2213871e-03
   1.1046550e-03   1.3567166e-01  -1.8591060e-01   8.5707812e-04  -8.7992972e-04  -1.1938306e-03
   5.8930670e-03   1.0367662e-01  -1.7917229e-01   9.2743070e-04  -1.1120114e-03  -1.1767590e-03
   6.9254767e-03   1.1774006e-01  -2.1718073e-01   8.8269977e-04  -9.7384844e-04  -1.0703483e-03
  -8.2930417e-04   1.1377515e-01  -1.7598624e-01   4.4688002e-04  -9.0956470e-04  -1.3539582e-03
   1.1054418e-03   8.1155439e-02  -1.9663225e-01   6.5262630e-04  -7.9404809e-04  -1.2100227e-03
   1.1635304e-02   1.0697682e-01  -1.8482432e-01   3.2435253e-04  -8.6265270e-04  -1.1639571e-03
   8.4855904e-03   6.3971582e-02  -2.2573222e-01   1.1587220e-03  -9.6203768e-04  -1.1764858e-03
   1.1788579e-02   9.2991724e-02  -1.6655001e-01   1.3581758e-03  -9.6878395e-04  -1.3480103e-03
   1.1310894e-02   7.6807519e-02  -2.0380658e-01   1.4660420e-03  -9.0014126e-04  -1.2607127e-03
   1.0632156e-02   6.8866780e-02  -1.2595401e-01   6.1619904e-04  -9.4295417e-04  -1.3569906e-03
   6.0042425e-03   5.0788536e-02  -1.6987319e-01   9.1343853e-04  -8.9832859e-04  -1.3450206e-03
   7.1713040e-03   7.1296549e-02  -1.2424539e-01   7.5310335e-04  -8.6044172e-04  -1.4613882e-03
   3.5201753e-03   7.1415950e-02  -1.6786906e-01   1.1385099e-03  -9.3873667e-04  -1.3021391e-03
   9.4869106e-03   7.5941787e-02  -1.2547069e-01   1.0600472e-03  -1.0146881e-03  -1.2647204e-03
  -1.2833150e-02   8.2378754e-02  -1.6308682e-01   1.0976851e-03  -9.5707402e-04  -1.6258243e-03
  -4.0893606e-03   4.4825156e-02  -1.3733638e-01   8.7597019e-04  -9.6920721e-04  -1.6676802e-03
   4.1554562e-03   8.8534574e-02  -1.9633707e-01   9.4249183e-04  -5.6485209e-04  -1.1283684e-03
   2.0982272e-03   9.3293300e-02  -1.5648303e-01   1.0163667e-03  -7.0191648e-04  -1.0854809e-03
   1.4617745e-04   9.3926514e-02  -1.8874284e-01   1.5197331e-03  -7.4084985e-04  -1.2486524e-03
   1.1150653e-02   1.1431381e-01  -1.4554887e-01   9.9979598e-04  -8.0246563e-04  -1.2065182e-03
   9.7020682e-03   9.6668009e-02  -2.0089335e-01   1.9284702e-03  -7.2917711e-04  -1.0628540e-03
   1.0685251e-02   1.4141141e-01  -1.8110551e-01   1.5963655e-03  -5.1211816e-04  -1.1856641e-03
   1.3326112e-02   8.2748882e-02  -1.8004397e-01   1.6705347e-03  -9.7827516e-04  -1.1591140e-03
   1.4202289e-02   1.2734750e-01  -1.8289299e-01   1.2166615e-03  -7.8205121e-04  -1.2153127e-03
   2.6958422e-02   9.0695887e-02  -1.7315111e-01   1.8431612e-03  -9.8910638e-04  -1.2273759e-03
   2.0945339e-02   1.2232349e-01  -1.7970447e-01   1.4010717e-03  -5.8384312e-04  -1.4175130e-03
   2.7556470e-02   9.7818425e-02  -1.6268989e-01   1.6073648e-03  -9.3026747e-04  -1.1736948e-03
   2.7671130e-02   5.4947853e-02  -5.6409811e-02   4.1627034e-03  -2.2287380e-03   2.8760488e-04
   2.5443389e-02   9.5664856e-02  -7.6651895e-02   1.4493376e-03  -7.9226545e-04  -1.6849770e-04
   7.9235504e-03   3.4719857e-02  -6.8067948e-02   2.3462335e-03  -1.0600718e-03  -1.1589145e-04
   2.1162041e-02   6.4462745e-02  -3.2978328e-02   1.8496056e-03  -5.1105561e-04  -3.3789500e-04
   2.4632013e-02  -2.8193008e-02  -6.1370037e-02   2.3425143e-03  -5.9097826e-04  -3.8519017e-04
   2.3045481e-02   3.9474354e-02  -4.1206558e-02   1.8592463e-03  -6.2186576e-04  -4.4280974e-04
   2.2663683e-02  -1.7156311e-02  -5.6346248e-02   1.9146576e-03  -7.0482996e-04  -4.5298445e-04
   2.7989642e-02   4.4570557e-02  -8.3215458e-02   1.7254601e-03   9.2279093e-06  -6.6306025e-04
   3.3360063e-02  -3.1535924e-05  -1.2304541e-01   2.4577746e-03  -1.8192084e-04  -4.8888716e-04
   2.4380510e-02   9.7531358e-02  -1.6415970e-01   2.1910035e-03  -1.5023968e-05  -7.2404021e-04
   2.5012266e-02   4.4110683e-02  -1.5713877e-01   2.5030604e-03  -4.3869959e-04  -7.3918138e-04
   2.5555431e-02   5.9009285e-02  -1.7864761e-01   2.6086853e-03  -3.7747441e-04  -8.1023180e-04
   2.2556950e-02   6.4927102e-02  -2.0991561e-01   2.4143496e-03  -1.9683567e-04  -6.3603352e-04
   1.3101561e-02   5.8685382e-02  -2.1949681e-01   3.1340356e-03  -5.3438992e-04  -7.9330915e-04
   2.9610171e-02   1.0606603e-01  -1.5001190e-01   2.4800022e-03  -2.0460387e-04  -7.1525066e-04
   4.3302417e-03   5.6396701e-02  -1.9637112e-01   2.6653579e-03  -8.0147648e-04  -8.4008641e-04
   1.2453679e-03   8.2751080e-02  -1.4297471e-01   1.9641824e-03  -6.1138845e-04  -9.1056893e-04
   8.5180566e-03   4.5822467e-02  -1.7684114e-01   2.6822029e-03  -5.5380191e-04  -9.4025618e-04
   1.4567738e-02   8.2544765e-02  -1.5338471e-01   2.2035466e-03  -2.9625440e-04  -1.0555950e-03
   1.7409146e-02   3.0039542e-02  -1.8429432e-01   3.1187053e-03  -4.0559422e-04  -9.1502002e-04
   2.3453011e-02   8.5001382e-02  -1.6555640e-01   2.6815026e-03  -1.7639816e-04  -1.1174996e-03
   3.2827359e-02   1.3596484e-02  -1.8625881e-01   3.3659578e-03  -1.5075560e-04  -9.2227015e-04
   3.7760856e-02   7.2768173e-02  -1.6764694e-01   2.8698952e-03   1.3116322e-04  -1.1110834e-03
   4.0655377e-02   1.5754164e-02  -1.8887223e-01   3.4188090e-03   1.4607558e-05  -8.0893020e-04
   3.9630053e-02   6.8634216e-02  -1.5251273e-01   2.5726342e-03   3.6534414e-04  -9.0885086e-04
   5.1798032e-02  -7.6984345e-03  -1.8929375e-01   3.0718483e-03   2.4494220e-04  -5.8800625e-04
   4.7753081e-02   5.0342576e-02  -1.6744861e-01   2.4286170e-03   4.6957464e-04  -9.2788645e-04
   5.0690287e-02   1.4746723e-02  -1.8954345e-01   3.1070906e-03   3.0171422e-04  -7.3643654e-04
   5.0355316e-02   7.8771809e-02  -1.8636158e-01   2.6549480e-03   2.2744817e-04  -8.0444762e-04
   5.4564566e-02   3.7100626e-02  -1.6965656e-01   3.7226892e-03   4.2653117e-05  -7.5190100e-04
   5.3303310e-02   7.8520265e-02  -1.7725734e-01   2.9793691e-03   3.7545980e-05  -7.8556747e-04
   5.8720517e-02   1.6563078e-02  -1.4495115e-01   3.6554299e-03  -5.6156826e-05  -6.0850032e-04
   4.8902442e-02   8.9424230e-02  -1.6759908e-01   3.1898693e-03   8.8647824e-05  -7.6067721e-04
   4.5729877e-02   2.0008817e-02  -1.5768991e-01   3.6411047e-03  -8.7742374e-05  -6.5693595e-04
   4.8154285e-02   8.0870153e-02  -1.5616672e-01   3.2460620e-03   3.3117658e-04  -8.0635854e-04
   5.2740776e-02   3.1476119e-02  -1.1960823e-01   3.5201843e-03   2.4997152e-04  -8.6154877e-04
   4.4658406e-02   4.9466981e-02  -1.6386602e-01   3.3156181e-03   4.2753322e-04  -9.5462825e-04
   5.6322752e-02   2.4051247e-02  -1.4060967e-01   3.7487922e-03   2.1932852e-04  -8.1783473e-04
   4.3143932e-02   4.0921299e-02  -1.7294829e-01   3.5144522e-03   4.9489533e-04  -1.0624666e-03
   5.1073364e-02  -2.1850841e-04  -1.4079995e-01   4.0122158e-03   1.7624061e-04  -9.4525744e-04
   4.2489439e-02   5.8728811e-02  -1.3025294e-01   3.5971009e-03   4.3139351e-04  -1.1716947e-03
   5.0619189e-02   6.2856825e-03  -1.3729371e-01   4.3977308e-03  -8.7678285e-06  -8.6513083e-04
   4.4366419e-02   5.1240504e-02  -1.4397304e-01   4.2949494e-03   1.4937700e-04  -7.8243563e-04
   4.7883643e-02   1.2954222e-02  -1.1341246e-01   4.2320415e-03   1.8086329e-04  -8.6096479e-04
   6.2384593e-02   9.0240428e-03  -1.4845297e-01   4.8366171e-03   2.3823705e-04  -5.5051284e-04
   5.9713940e-02   2.8950638e-02  -9.2154599e-02   4.1111897e-03   4.9766626e-04  -8.5200584e-04
   6.4921102e-02  -9.5725085e-03  -1.6651980e-01   4.8639539e-03   3.9294741e-04  -7.1246232e-04
   6.0936597e-02   1.0934967e-01  -4.2317208e-01   3.7502111e-03   7.4384736e-04  -7.4784865e-04
   4.3863342e-02   1.5831467e-01  -3.5638428e-01   4.4889824e-03   3.8398153e-04  -1.0140516e-03
   5.3026893e-02   7.3187746e-02  -2.4439900e-01   4.6831972e-03   4.8153482e-04  -9.8382437e-04
   5.1986846e-02   4.1584018e-02  -2.7814618e-01   5.4200356e-03   4.6348826e-04  -1.0198887e-03
   4.8677012e-02   6.2468013e-02  -2.3094778e-01   4.8889642e-03   7.4385799e-04  -1.1727170e-03
   5.6874200e-02   2.5814669e-02  -2.7076438e-01   5.5880326e-03   4.7284179e-04  -1.1183375e-03
   5.4667094e-02   9.5063519e-02  -2.2759624e-01   5.1680131e-03   6.6438215e-04  -1.2320609e-03
   6.3284835e-02   1.4671989e-02  -2.1507945e-01   5.7464789e-03   2.6971393e-04  -1.0983819e-03
   6.3266470e-02   9.1597483e-02  -2.3611934e-01   5.3655911e-03   5.1921263e-04  -1.2483177e-03
   6.7316266e-02   3.9979486e-02  -2.3195636e-01   5.2414724e-03   2.0847607e-04  -1.2368592e-03
   6.9800900e-02   8.6502836e-02  -2.3468906e-01   5.5620096e-03   4.2902952e-04  -1.2150644e-03
   6.5044304e-02   3.4525334e-02  -2.3324602e-01   5.8442182e-03   2.7765394e-04  -1.0983491e-03
   6.1506207e-02   4.7381080e-02  -2.9273608e-01   6.1312506e-03   1.7613137e-04  -1.3370380e-03
   6.3675290e-02   1.0590668e-01  -2.5160740e-01   5.9346463e-03   1.6720396e-04  -1.2740568e-03
   6.0059032e-02   7.8684928e-02  -3.0410854e-01   5.9260501e-03   5.1954907e-05  -1.2349949e-03
   4.9748080e-02   1.0856694e-01  -3.4129959e-01   6.0957378e-03   4.8680455e-04  -1.2843545e-03
   5.6219192e-02   5.0613511e-02  -2.7507962e-01   6.5230219e-03   5.2382112e-05  -1.1128327e-03
   4.7436029e-02   1.2081967e-01  -3.3081136e-01   6.5771604e-03   5.5498365e-04  -1.4014052e-03
   5.7087873e-02   1.1433300e-02  -2.7755874e-01   6.4968143e-03   2.9785988e-04  -1.2851915e-03
   6.6704760e-02   4.8740926e-02  -2.8751425e-01   6.5583074e-03   1.1546831e-03  -1.6003530e-03
   7.3555635e-02   1.4512151e-02  -2.7549173e-01   6.6338172e-03   1.0120947e-03  -1.4695316e-03
   7.5273163e-02   4.5629806e-02  -3.3405520e-01   7.4650829e-03   1.0419613e-03  -1.6115094e-03
   6.8340174e-02   5.9474179e-02  -2.7814347e-01   6.8133067e-03   1.2731678e-03  -1.5327951e-03
   7.5956841e-02  -9.8669045e-03  -2.6720453e-01   7.6911677e-03   9.5158097e-04  -1.4993198e-03
   6.1530024e-02   3.6317235e-02  -2.4430766e-01   7.1299569e-03   1.1891108e-03  -1.6158817e-03
   7.2385085e-02  -2.7178281e-02  -2.6554108e-01   7.9104222e-03   9.4106794e-04  -1.3447201e-03
   6.2623387e-02   5.3607553e-02  -2.5099088e-01   7.2797401e-03   1.0362128e-03  -1.5923720e-03
   7.0660782e-02  -4.1713603e-03  -2.4680177e-01   8.3560823e-03   4.5094101e-04  -1.1482525e-03
   5.0372417e-02   6.7456947e-02  -2.6458688e-01   7.2548270e-03   7.3269655e-04  -1.6041418e-03
   6.0832454e-02  -1.9956874e-02  -2.4579988e-01   8.2445319e-03   1.3861097e-04  -1.3194305e-03
   4.9438921e-02   4.6343556e-02  -2.5028412e-01   7.8795832e-03   2.1012478e-04  -1.3697085e-03
   6.6662673e-02  -4.6415984e-02  -2.5228898e-01   8.8516482e-03  -3.0743047e-04  -1.0991449e-03
   5.9350054e-02   2.6338773e-02  -2.4850171e-01   8.2134274e-03   2.9812224e-04  -1.2575902e-03
   6.7522925e-02  -2.6397496e-02  -2.0537122e-01   8.3720091e-03   1.0319105e-05  -1.2075975e-03
   6.1355482e-02   4.3786424e-02  -2.6075970e-01   8.2700521e-03   3.2151877e-04  -1.4666945e-03
   6.3979875e-02  -1.5543376e-03  -2.3147402e-01   8.5406192e-03   1.3344819e-04  -1.3663863e-03
   5.4892933e-02   2.1635381e-02  -2.6209908e-01   8.5233320e-03   2.5428865e-04  -1.4214828e-03
   7.8389557e-02  -2.1101205e-02  -2.0455609e-01   8.3652279e-03   3.0299015e-04  -1.3543760e-03
   6.8422652e-02   1.3408160e-02  -2.4883654e-01   8.7265500e-03   4.3634210e-04  -1.3749001e-03
   6.9581418e-02   2.2409539e-02  -2.1513692e-01   8.6053669e-03   4.1755393e-04  -1.5335926e-03
   6.6431784e-02   1.1502085e-02  -2.3816395e-01   9.0774569e-03   5.1725823e-04  -1.5250798e-03
   7.0204436e-02   3.8296673e-02  -2.3591500e-01   8.7112284e-03   4.2180163e-04  -1.4000440e-03
   8.2116046e-02  -9.6478958e-03  -2.3908666e-01   9.1096545e-03   4.0900742e-04  -1.2542806e-03
   7.8700267e-02   4.4660909e-02  -2.2800528e-01   8.5688557e-03   4.5954502e-04  -1.4208701e-03
   8.2386112e-02  -1.1077342e-02  -2.3038538e-01   8.9822713e-03   4.1761266e-04  -1.1603178e-03
   7.0363090e-02   5.2088634e-02  -2.3747921e-01   8.5212168e-03   4.5604975e-04  -1.4335751e-03
   8.4529338e-02   1.0049090e-02  -2.1679578e-01   8.5407551e-03   3.6906721e-04  -1.3077316e-03
   7.9316012e-02   1.1573772e-02  -2.5867748e-01   8.8600820e-03   4.9247326e-04  -1.3798763e-03
   8.1966780e-02   2.0815199e-02  -2.1920486e-01   8.7962809e-03   6.3075577e-04  -1.3044668e-03
   7.6231261e-02   6.1626607e-03  -2.7604399e-01   9.1743711e-03   3.3619799e-04  -1.3123513e-03
   7.5441240e-02   3.2653011e-02  -2.2412456e-01   8.5528044e-03   4.7437485e-04  -1.4017786e-03
   7.0400927e-02   5.4891743e-03  -2.6419721e-01   9.4384103e-03   3.3684772e-04  -1.4231453e-03
   7.4643701e-02   2.4759370e-02  -2.1765840e-01   8.8838104e-03   8.3961077e-04  -1.4396009e-03
   9.2784895e-02  -2.5242623e-02  -2.7596500e-01   1.0039824e-02   6.8816173e-04  -1.1922526e-03
   7.5041521e-02   6.4931159e-02  -2.4141505e-01   9.2502709e-03   7.4293708e-04  -1.4245142e-03
   8.0486838e-02  -3.9865234e-03  -2.3671719e-01   9.7426828e-03   4.3799167e-04  -1.3523510e-03
   8.7518813e-02   5.9875138e-02  -2.5498211e-01   9.6108371e-03   8.7948788e-04  -1.4962331e-03
   9.6950960e-02   4.8420427e-03  -2.3335658e-01   1.0201650e-02   9.4144865e-04  -1.3520176e-03
   1.0396147e-01   2.9649823e-02  -2.5773775e-01   1.0086764e-02   8.8935368e-04  -1.5176016e-03
   1.0758297e-01  -1.4169920e-02  -2.5770436e-01   9.9223362e-03   7.7413390e-04  -1.5389376e-03
   1.0382922e-01  -6.3136786e-04  -3.0116742e-01   1.0755189e-02   6.4073429e-04  -1.4132389e-03
   1.0390892e-01   3.2910342e-02  -2.9508810e-01   1.0136383e-02   7.6677982e-04  -1.4576560e-03
   8.9076044e-02  -3.7699709e-02  -2.8714312e-01   1.1124887e-02   3.0697508e-05  -1.0559660e-03
   9.2506441e-02   3.7865188e-02  -2.2010940e-01   9.5089611e-03   3.9468265e-04  -1.1441029e-03
   9.6079379e-02  -4.5038345e-02  -1.6895869e-01   9.3795006e-03   2.3510158e-04  -1.1045073e-03
   1.0117874e-01   1.2279895e-02  -2.0407958e-01   9.1444104e-03   8.3159747e-04  -1.3415225e-03
   1.0722261e-01  -5.1674986e-02  -2.1638518e-01   1.0105524e-02   6.5598268e-04  -1.1663188e-03
   1.0565787e-01   3.4926680e-02  -2.4283958e-01   1.0049946e-02   7.0708556e-04  -1.1923983e-03
   1.0322054e-01  -1.5948582e-02  -2.3567641e-01   1.0687248e-02   4.0346293e-04  -1.1223561e-03
   9.4858989e-02   4.3615985e-02  -2.5773781e-01   1.0303361e-02   8.7699481e-04  -1.3146871e-03
   1.0447959e-01  -3.9828245e-02  -2.3921597e-01   1.0325112e-02   7.3753339e-04  -1.1788161e-03
   9.4731273e-02   5.5252130e-02  -2.7682092e-01   1.0093661e-02   9.5241355e-04  -1.3936744e-03
   1.0112374e-01   1.0933549e-02  -2.8650064e-01   1.0735375e-02   5.6101221e-04  -1.2166773e-03
   1.0338113e-01   6.5540838e-02  -3.2173675e-01   1.0420101e-02   8.8366793e-04  -1.2877156e-03
   1.0600055e-01   1.7806487e-02  -3.0129007e-01   1.0843536e-02   6.2298262e-04  -1.1684980e-03
   1.0083416e-01   7.0663185e-02  -3.2550536e-01   1.0061957e-02   5.5489331e-04  -1.2585402e-03
   9.9600367e-02  -1.7118935e-02  -3.0635884e-01   1.0906457e-02   6.7422082e-04  -1.2641235e-03
   9.6117601e-02   1.2274164e-02  -3.0954722e-01   1.0862470e-02   6.6565164e-04  -1.3536076e-03
   9.0445499e-02   2.3891270e-02  -3.8428246e-01   1.1561021e-02   9.4650692e-04  -1.7303704e-03
   9.1982623e-02   6.7084807e-03  -3.1238277e-01   1.1511013e-02   1.0109697e-03  -1.6235897e-03
   9.4076967e-02   4.5863888e-02  -3.2202311e-01   1.1495340e-02   1.1717659e-03  -1.5526522e-03
   9.5225994e-02   4.3172392e-02  -3.0809634e-01   1.1338044e-02   9.4150285e-04  -1.3828822e-03
   8.7633238e-02   1.4285748e-02  -3.1283794e-01   1.1809906e-02   6.2329906e-04  -1.4931065e-03
   8.9781933e-02   8.6681193e-02  -3.3450368e-01   1.1622618e-02   8.0981764e-04  -1.6103833e-03
   7.8135971e-02   8.6620256e-03  -3.1439778e-01   1.1822085e-02   4.2049828e-04  -1.5806339e-03
   8.1621150e-02   6.8235950e-02  -3.1910744e-01   1.1153302e-02   5.7423558e-04  -1.5012916e-03
   6.8818476e-02  -7.1288828e-03  -2.6982871e-01   1.1593169e-02   5.4980975e-04  -1.8125368e-03
   6.1822122e-02   6.7967971e-02  -3.1792877e-01   1.0794204e-02   5.2003544e-04  -1.7543422e-03
   7.8712415e-02  -1.1081310e-02  -3.1227414e-01   1.1759701e-02   5.7220943e-04  -1.6687811e-03
   7.3077831e-02   4.4185213e-02  -3.1377451e-01   1.1141314e-02   7.5290703e-04  -1.7030327e-03
   8.0137531e-02  -3.2878169e-02  -3.1231717e-01   1.1835068e-02   5.0170724e-04  -1.5223236e-03
   8.3795727e-02   2.2686902e-02  -3.0589647e-01   1.1460937e-02   5.1000322e-04  -1.3639917e-03
   8.3269705e-02  -2.5141451e-02  -3.1230081e-01   1.2071830e-02   2.3584293e-04  -1.2863244e-03
   6.7664628e-02   4.5562218e-02  -3.3762970e-01   1.1100928e-02   2.7374704e-04  -1.5641979e-03
   7.5859888e-02  -1.8575224e-02  -3.1858619e-01   1.1757767e-02   7.7588257e-05  -1.2641787e-03
   5.3704845e-02   4.7485639e-02  -2.9477168e-01   1.1082411e-02  -2.5652154e-05  -1.3845736e-03
   5.8211518e-02  -9.8006996e-03  -2.9243861e-01   1.1520629e-02  -1.8604121e-05  -1.4094008e-03
   7.1749843e-02   1.2099505e-02  -2.6477983e-01   1.0993542e-02   2.7356638e-04  -1.4941976e-03
   7.5640969e-02  -9.1123251e-05  -3.1655634e-01   1.1549343e-02   3.8370141e-04  -1.3025834e-03
   8.3312923e-02   5.6751614e-02  -3.0665871e-01   1.1677503e-02   4.0097018e-04  -1.2887322e-03
   9.6706070e-02   1.4475706e-02  -3.5239837e-01   1.2452915e-02   3.7880109e-04  -1.0397565e-03
   9.2471273e-02   5.7111832e-02  -3.7085221e-01   1.2346224e-02   7.0524607e-04  -1.2244897e-03
   9.8223621e-02   4.0402221e-03  -3.6997906e-01   1.2444199e-02   4.7281924e-04  -1.1826744e-03
   8.5636171e-02   6.5841266e-02  -3.9244452e-01   1.2353144e-02   5.1367289e-04  -1.4666771e-03
   8.6280360e-02   5.2219589e-02  -3.7806949e-01   1.2567294e-02   6.0644744e-04  -1.4429397e-03
   7.9529803e-02   3.7045201e-02  -4.0759116e-01   1.2438332e-02   6.9299312e-04  -1.4808439e-03
   7.2326464e-02   6.9235341e-02  -3.7419016e-01   1.2357633e-02   7.2668930e-04  -1.5817868e-03
   8.5080394e-02   3.9657168e-03  -3.8754470e-01   1.2928092e-02   4.3476351e-04  -1.3771917e-03
   8.0574124e-02   5.1936982e-02  -3.5597588e-01   1.2680239e-02   8.7284799e-04  -1.5323920e-03
   7.7072706e-02   3.6071748e-02  -3.6222605e-01   1.2156793e-02   8.5053414e-04  -1.6706651e-03
   8.2380551e-02   4.0499747e-02  -3.9873399e-01   1.2305337e-02   5.0440330e-04  -1.4354886e-03
   7.0808496e-02   8.1107798e-02  -4.0865222e-01   1.2664779e-02   6.4180694e-04  -1.6256266e-03
   7.8558744e-02   3.7872437e-02  -4.1041854e-01   1.3531816e-02   6.3274968e-04  -1.3221086e-03
   7.8814814e-02   9.2418615e-02  -3.7195431e-01   1.2549677e-02   6.0556578e-04  -1.3663610e-03
   7.2413857e-02   1.2567564e-02  -2.9181346e-01   1.2402509e-02  -1.3316465e-04  -1.2440423e-03
   6.7797006e-02   9.3476497e-02  -3.6673830e-01   1.1968339e-02   4.7321675e-04  -1.6293906e-03
   7.7661345e-02   1.8600664e-02  -3.1862260e-01   1.2634125e-02   5.0004715e-04  -1.5783944e-03
   8.3187761e-02   2.8547364e-02  -3.7916395e-01   1.3241144e-02   6.8577692e-04  -1.5990436e-03
   9.3246258e-02  -3.7283296e-03  -3.5181659e-01   1.2687917e-02   7.9974883e-04  -1.6064263e-03
   9.0994568e-02   3.0970118e-02  -4.1338113e-01   1.2609548e-02   7.3654112e-04  -1.5608387e-03
   8.9681941e-02   4.9805407e-02  -4.1255299e-01   1.2563483e-02   8.8597702e-04  -1.6665462e-03
   9.8663122e-02   2.1847630e-02  -4.4986964e-01   1.3906238e-02   7.5048355e-04  -1.2613066e-03
   9.9079267e-02   7.0818913e-02  -4.5582448e-01   1.3036494e-02   9.6946036e-04  -1.4992438e-03
   1.0374334e-01   1.7598885e-02  -4.4205125e-01   1.3160585e-02   1.1022347e-03  -1.6480320e-03
   9.3999683e-02   2.2899636e-02  -4.7088789e-01   1.3554201e-02   9.2427925e-04  -1.7239971e-03
   9.1654685e-02   7.3909738e-02  -4.3483322e-01   1.2822022e-02   1.1698828e-03  -1.9306708e-03
   9.5856184e-02   1.3817468e-02  -4.4749729e-01   1.3805823e-02   9.5730080e-04  -1.7851745e-03
   9.1289673e-02   7.8572583e-02  -4.4662388e-01   1.3239574e-02   1.4376427e-03  -1.9400957e-03
   9.8177069e-02   3.6297244e-02  -4.5958315e-01   1.3897505e-02   1.0184829e-03  -1.7848840e-03
   9.5658533e-02   1.1940459e-01  -4.3502292e-01   1.2745135e-02   1.0968862e-03  -1.8031179e-03
   7.6680095e-02   6.4440069e-02  -4.6837059e-01   1.3480630e-02   8.1292455e-04  -1.9684548e-03
   8.7887206e-02   9.2197598e-02  -4.2154666e-01   1.3141535e-02   1.1965911e-03  -1.8335345e-03
   9.0974916e-02   5.9388374e-02  -4.5590043e-01   1.4571155e-02   1.2032690e-03  -1.7684282e-03
   1.0174673e-01   7.2063438e-02  -4.1900348e-01   1.3196162e-02   1.4632988e-03  -1.7850422e-03
   1.1522755e-01   4.1982642e-02  -4.3351972e-01   1.3185834e-02   1.4222809e-03  -1.8704264e-03
   1.2144039e-01   3.7719779e-03  -4.3545836e-01   1.3951339e-02   1.5645502e-03  -1.8510252e-03
   1.0979751e-01   7.6454780e-02  -4.5576328e-01   1.3477611e-02   1.8881516e-03  -2.1649616e-03
   1.2134250e-01   2.4332993e-02  -4.4074185e-01   1.4290301e-02   1.6869163e-03  -1.9368933e-03
   1.2307823e-01   4.1568412e-02  -4.4082260e-01   1.3828511e-02   1.8353190e-03  -1.9691972e-03
   1.2382299e-01   5.6257754e-02  -4.5414974e-01   1.3807484e-02   2.1304354e-03  -2.1337140e-03
   1.2112365e-01   3.9025017e-02  -4.4284641e-01   1.4366882e-02   2.0597041e-03  -2.1501974e-03
   1.2153273e-01   8.9507122e-02  -4.5844834e-01   1.3797566e-02   2.0645262e-03  -2.1816536e-03
   1.2317112e-01   4.6953310e-02  -4.5049826e-01   1.4055213e-02   2.1454012e-03  -2.2923946e-03
   1.1442467e-01   1.2942657e-02  -4.2374416e-01   1.4191928e-02   1.9652478e-03  -2.2217783e-03
   1.1413748e-01   6.8696133e-02  -4.1567037e-01   1.3727206e-02   1.9929407e-03  -2.3388874e-03
   1.1231133e-01  -7.7334570e-03  -4.3752429e-01   1.4004258e-02   1.9894280e-03  -2.2636608e-03
   9.7816926e-02   1.8878037e-02  -4.1570493e-01   1.4118968e-02   1.4258508e-03  -1.9725025e-03
   1.2292096e-01   5.9801219e-02  -4.2426117e-01   1.4712205e-02   2.8394710e-03  -3.2007803e-03
   1.0390644e-01   1.7937240e-02  -4.6268975e-01   1.5103505e-02   2.2412033e-03  -3.0565270e-03
   1.0802466e-01   1.0002933e-01  -4.8466561e-01   1.5184554e-02   2.7848155e-03  -3.2018361e-03
   9.9702232e-02   5.5468183e-02  -4.5007279e-01   1.5013396e-02   2.2520574e-03  -3.2073118e-03
   1.0681142e-01   1.0517722e-01  -4.7224991e-01   1.4378391e-02   2.4658268e-03  -3.1669636e-03
   1.0410649e-01   2.1965193e-02  -4.5178449e-01   1.4883814e-02   2.2903101e-03  -3.0983845e-03
   1.0399593e-01   7.2615424e-02  -4.4855598e-01   1.4867885e-02   2.6276024e-03  -3.1479109e-03
