   1.4210855e-14   0.0000000e+00   0.0000000e+00   0.0000000e+00   0.0000000e+00   0.0000000e+00
  -1.3349610e-02  -2.9221054e-02   1.2327085e-02  -3.9162901e-04  -4.6431984e-05  -4.5344437e-05
  -1.8314983e-02  -1.0522862e-02  -6.1934254e-04  -2.6889401e-04  -2.1156837e-04  -1.7402647e-05
  -2.0908732e-02  -2.8556976e-02   2.1866408e-02  -7.9753653e-04  -2.4349028e-04   3.7593436e-05
  -2.2238052e-02  -2.4152597e-02   1.0890546e-02  -9.1474455e-04  -1.2522465e-04  -2.8447696e-04
  -1.3066427e-02  -2.1318063e-02   4.9741958e-02  -1.0220590e-03  -8.8206603e-05  -3.9142344e-05
  -1.3770297e-02  -1.4518900e-02   1.6277971e-03  -9.6031331e-04   2.9694398e-04  -5.6999965e-05
  -1.2420529e-02  -2.2610147e-02   2.0549554e-02  -8.1187262e-04   1.1678921e-04   1.5894784e-04
  -1.2652660e-02  -9.5722477e-03   1.2094940e-02  -1.1141852e-03   2.1900130e-04  -4.1466562e-06
  -8.6886404e-03  -1.2160030e-02   4.6698042e-03  -7.5651706e-04   2.6639010e-04   1.7165009e-04
  -1.6747377e-03   6.6134663e-03   1.3558462e-02  -8.8876695e-04   2.8256005e-04   7.0823770e-05
   1.5407161e-03  -2.3634354e-02   9.4004143e-03  -7.4493120e-04   4.1927622e-04   1.2878718e-04
   2.8298163e-03  -7.4771623e-03   2.0038946e-02  -1.0784212e-03   5.5258637e-04  -1.6299024e-04
   1.2592699e-02  -1.4836287e-02   2.0159456e-02  -1.0900866e-03   1.7111323e-05   2.2174217e-04
   2.4542930e-02  -3.1602653e-02   3.4779589e-02  -9.3600428e-04   6.2634258e-05   2.0876627e-04
   2.1796760e-02  -2.7457377e-02   3.9904625e-02  -1.1307354e-03   3.7407985e-04   2.3515943e-04
   2.0049204e-02   1.0584340e-02   5.2902163e-02  -1.8051076e-03   2.5674365e-05   3.8543204e-04
   1.7117284e-02  -2.1022774e-03   1.7886620e-02  -1.6349250e-03   2.6200210e-04   3.5414190e-04
   7.3693845e-03  -1.7048320e-02   2.1003353e-02  -8.9763207e-04   3.6942146e-04   2.5324648e-04
   1.0067373e-02   1.2032945e-02   2.5056899e-02  -1.0452694e-03  -8.3699718e-05   4.2571625e-04
   7.2937796e-03   2.0644186e-02   3.3768115e-02  -9.6823012e-04  -1.0993403e-04   4.2594830e-04
   4.1584960e-03  -1.4220778e-02   3.5438661e-02  -1.2515362e-03   1.1178617e-04   3.0126812e-04
   1.1052937e-02  -3.1026971e-02   1.2498678e-02  -6.4200481e-04   1.4193977e-04   2.5240349e-04
   8.1863607e-03   7.4418863e-03   1.2205609e-02  -5.6902993e-04   1.0083321e-04   1.0937149e-04
   1.3528671e-02  -7.6681860e-03   1.8757328e-02  -9.8640566e-04  -6.7146756e-05   4.4249366e-04
   1.0482676e-02  -1.2919977e-02   2.8352665e-02  -1.2307421e-03   4.6785684e-05   3.6485268e-04
   1.1770004e-02  -2.2200855e-02  -1.9113411e-03  -9.8637626e-04   2.9646224e-04   7.5152305e-05
   1.5004532e-02  -2.0643533e-02  -1.5223111e-02  -8.5248785e-04   2.1147508e-04   3.9881126e-04
   1.1310179e-02  -1.2747730e-03  -2.6351265e-03  -1.1794077e-03   2.3735495e-04   4.3729328e-04
   1.8506230e-03  -2.1275830e-02  -6.0275164e-03  -6.5229747e-04   5.4399808e-04   1.8678107e-04
   1.1035696e-02  -2.5089297e-02   4.1612879e-03  -9.8678779e-04   3.6070797e-04   1.6100298e-04
   1.1089317e-02  -4.8559970e-03   6.5230291e-03  -1.1074528e-03   2.5236231e-04   3.4558177e-04
   4.2048919e-03  -5.5708982e-04  -9.6331314e-03  -9.2038412e-04   9.1244588e-05   3.4662087e-04
   5.0409366e-03   4.1738158e-03  -1.3154301e-02  -9.7254186e-04   2.4383784e-04   2.0322817e-04
   3.7463562e-03   8.8609988e-03  -3.7429754e-03  -2.2058625e-04   9.6684383e-05   2.9992085e-04
   3.3364644e-04   5.1031632e-03  -1.2047500e-02  -9.8672426e-04   1.3413916e-04   2.6950613e-04
   1.0258124e-03   4.6971481e-02  -2.4721972e-02  -3.0476116e-04   3.1624654e-04   5.4244344e-05
   2.7625140e-03   1.0744667e-02   2.2196120e-05  -1.1042432e-03   1.6523637e-04   3.4051228e-04
   4.3741990e-03   3.7566483e-02  -3.2017427e-02  -2.4233253e-04   1.4157225e-04   3.0286570e-04
  -2.4812081e-03   3.8927033e-02  -3.4088688e-02  -3.1732994e-04   9.9875400e-05   2.7162463e-04
  -2.6536103e-03   5.3572702e-02  -3.0682366e-02  -9.7004717e-04   1.5150333e-04   9.0033899e-05
   3.0649174e-04   3.1860611e-02  -2.4768074e-02  -9.0044610e-04  -4.2314918e-06   2.7176817e-04
  -6.5673655e-04   1.9190932e-02  -4.1356955e-02  -4.8981459e-04   2.9268035e-04   5.2236344e-05
   2.8738400e-03  -6.1810315e-03  -3.6950040e-02  -7.1139558e-04   9.8501656e-05   2.3162881e-04
   3.5008161e-03   2.8622272e-02  -4.0284565e-02  -1.6139344e-03   3.9611983e-05   1.7976506e-04
   9.1787730e-03   2.2032094e-03  -4.6396407e-02  -8.0275609e-04  -4.7110777e-05   2.5059964e-04
   8.5655695e-04  -1.2677798e-02  -3.3077698e-02  -1.3107393e-03   1.2542326e-04   3.7598991e-05
  -4.4241356e-03  -1.5346709e-02  -6.6269825e-02  -3.9347092e-04   3.0553109e-04  -1.4717961e-04
   2.3829598e-03   2.7134706e-02  -5.2914496e-02  -9.9604211e-04   7.3613600e-05   1.6532027e-04
   1.4751856e-03  -3.1371760e-03  -5.0273728e-02  -8.4609119e-04  -1.1491697e-05   2.7010061e-04
  -1.2560686e-03   2.4018097e-02  -4.8719901e-02  -8.3066579e-04  -5.8112154e-05   5.5742864e-05
  -1.3584396e-03   6.6976907e-03  -2.9800100e-02  -9.4037093e-04   2.0790950e-06   1.3590134e-04
   3.8850514e-03   7.8641798e-03  -4.5228906e-02  -1.2923647e-03   3.0618394e-04   1.9809907e-04
   2.4465089e-03   1.4294212e-02  -6.0613656e-02  -7.7108230e-04   9.7860009e-05   5.3431597e-05
  -2.0891868e-04   2.0740433e-02  -4.5140270e-02  -1.2212906e-03   1.7130102e-04   1.2470948e-04
  -1.5743078e-03   3.0201259e-02  -7.8031866e-02  -1.6319243e-05  -1.0827390e-04   1.4964285e-04
  -4.0118165e-03   1.7637068e-02  -7.9418231e-02   1.1000680e-05  -2.0471960e-05  -8.1663948e-06
  -3.7017063e-03   6.7758597e-03  -7.7403209e-02  -5.4693348e-04   1.8034414e-04   6.7138087e-05
  -4.6286903e-03   3.9900364e-02  -5.6343724e-02  -5.4081945e-04  -4.5280387e-05   6.4934543e-07
  -1.2268649e-03   5.1403102e-02  -5.0695210e-02  -3.6933901e-04  -1.6183580e-04   1.8042684e-04
  -2.9792082e-03   7.1008539e-02  -6.6344490e-02  -1.3830416e-04  -5.2820100e-05   2.3623073e-05
  -5.5916734e-04   4.2260879e-02  -6.6859057e-02   1.5585671e-04  -1.3967091e-05   6.2400159e-05
   5.2345563e-03   5.1874164e-02  -6.4242592e-02  -8.9141254e-04   1.4625483e-04  -2.9007302e-05
   4.3121797e-03   4.7463722e-02  -9.0403468e-02  -3.5341104e-04   8.8610731e-05  -1.1452466e-05
   1.1757658e-02   3.4484670e-02  -1.2804315e-01  -1.6627214e-04  -8.7869319e-05   3.2404074e-04
   1.5891545e-02   2.9013576e-02  -1.1099350e-01   2.7738679e-05  -5.1331932e-04   5.7001978e-04
   1.3646527e-02   3.8648069e-02  -8.5625217e-02  -1.9533679e-05  -6.7585994e-04   3.4469622e-04
   4.4745789e-03   3.6140883e-02  -7.1809614e-02  -9.0263797e-05  -7.4178095e-04   2.9951220e-04
   1.1484592e-02   3.9049457e-02  -6.3856066e-02  -6.8392315e-04  -7.7338072e-04   3.5268068e-04
   1.2060987e-02   3.3199541e-02  -7.4565607e-02  -5.3293724e-04  -7.8636585e-04   4.1309681e-04
   1.6352976e-02   3.9189260e-02  -7.1750589e-02  -7.6447703e-04  -6.1863064e-04   4.2210148e-04
   1.1312143e-02   2.0387182e-02  -8.1855105e-02  -2.8792714e-04  -7.3959405e-04   5.4330924e-04
   2.8027720e-03   7.1376967e-02  -8.5427897e-02  -7.0891261e-04  -7.7109664e-04   4.1796676e-04
   9.9044600e-03   5.3166432e-02  -5.9664335e-02  -4.4923501e-04  -8.0672391e-04   4.5152322e-04
   1.0964966e-02   4.1051932e-02  -6.4504478e-02  -6.0039323e-04  -6.4099448e-04   4.5329230e-04
   1.3757237e-02   4.0680769e-02  -8.2981550e-02  -5.2546693e-04  -6.4624583e-04   5.7951908e-04
   1.0529033e-02   3.7470356e-02  -9.2102241e-02  -6.8036763e-04  -8.2450212e-04   6.3375494e-04
   1.2831828e-02   4.9364134e-02  -8.4727445e-02  -1.0013772e-03  -9.1563014e-04   4.7619317e-04
   1.1590632e-02   3.5437735e-02  -9.3102543e-02  -8.1116212e-04  -7.6368967e-04   5.6806122e-04
   1.2494500e-02   5.8787907e-02  -1.1170453e-01  -1.0534196e-03  -6.5911379e-04   4.3331276e-04
   7.4400460e-03   4.9610052e-02  -1.3219515e-01  -5.8321775e-04  -7.0861907e-04   5.2836529e-04
   1.4854137e-02   5.0258289e-02  -9.2449881e-02  -7.8949720e-04  -7.7442834e-04   4.9810640e-04
   1.6490347e-02   5.4462480e-02  -7.1624146e-02  -1.0121957e-03  -7.1701369e-04   4.9677861e-04
   1.5785465e-02   4.7887439e-02  -1.1829776e-01  -1.4623705e-03  -5.5816179e-04   5.4952658e-04
   1.3515589e-02   3.7795155e-02  -1.1925459e-01  -7.0345598e-04  -8.5330682e-04   6.3095655e-04
   7.6823629e-03   6.6059076e-02  -1.2016429e-01  -1.7329077e-04  -8.5665938e-04   5.1063513e-04
   3.4082408e-03   7.3906304e-02  -1.0454522e-01  -5.9014786e-04  -9.3363701e-04   4.6896539e-04
   9.2386718e-03   6.4078373e-02  -1.2230669e-01  -6.3739053e-05  -8.1086469e-04   3.4573621e-04
   8.2799111e-03   3.5571809e-02  -1.0562658e-01  -6.0428294e-04  -8.6024697e-04   4.2340301e-04
   3.4411814e-03   3.6896405e-02  -1.3075179e-01  -3.5719761e-04  -1.0097080e-03   4.6102377e-04
   3.7301647e-03   7.9570887e-02  -1.1437451e-01  -3.3642134e-04  -1.0430729e-03   4.7768944e-04
   7.2741835e-03   6.0433428e-02  -1.0964383e-01  -5.4047396e-04  -7.0006107e-04   3.4382966e-04
   2.9248337e-03   6.0008715e-02  -9.7868030e-02  -4.4526634e-04  -4.8942926e-04   2.5331032e-04
   4.2157873e-03   4.7035049e-02  -1.0483158e-01  -2.8295752e-04  -6.6461129e-04   2.6462714e-04
   8.3814339e-04   7.9998815e-02  -1.1016844e-01  -3.8279734e-04  -8.4790780e-04   3.6152680e-04
   2.5587774e-03   7.0291222e-02  -1.3704699e-01  -6.7054237e-04  -6.8077188e-04   3.0160077e-04
   4.6915350e-03   4.0636478e-02  -1.2765591e-01  -8.6316314e-04  -7.3372564e-04   4.1579994e-04
   3.3340930e-03   7.3029193e-02  -1.2069763e-01  -8.3253847e-04  -5.5729130e-04   2.8317978e-04
   4.4518233e-03   7.1873859e-02  -1.2321103e-01  -1.2502100e-04  -8.6616594e-04   3.4184802e-04
   3.3860685e-03   7.4297408e-02  -1.1179907e-01  -7.2294959e-04  -7.8310934e-04   3.3036896e-04
   2.5125120e-03   7.0928002e-02  -1.0330646e-01  -9.8068002e-04  -5.8333713e-04   8.2907682e-05
   7.2987690e-03   5.2419946e-02  -1.1285306e-01  -7.7634155e-04  -6.1787186e-04   2.5575763e-04
   3.1810267e-03   8.4011896e-02  -1.1916111e-01  -4.9374684e-04  -6.9687298e-04   9.6247275e-05
   7.0958108e-03   8.8943047e-02  -1.1536709e-01  -2.3175261e-04  -9.4866058e-04   3.8886465e-04
   8.5374378e-03   8.8634626e-02  -1.0639553e-01  -9.0780315e-04  -8.7664874e-04   3.7859544e-04
   1.1338715e-02   8.2785244e-02  -1.3394692e-01  -6.8363199e-04  -7.4098559e-04   3.9244452e-04
   5.4288752e-03   9.4608987e-02  -1.5241207e-01  -5.5483065e-04  -4.1035991e-04   2.5182573e-04
   5.8944015e-03   7.7165464e-02  -1.3514300e-01  -6.0745256e-04  -6.4354085e-04   4.7308479e-04
   3.0856901e-03   9.7252700e-02  -1.5517838e-01  -5.2081395e-04  -6.0882050e-04   4.2431870e-04
   1.0212351e-02   8.7188200e-02  -1.1588253e-01  -7.6237867e-04  -5.9338996e-04   4.3154718e-04
   1.1342746e-02   7.5007238e-02  -1.2309066e-01  -1.0122307e-03  -6.4654884e-04   3.5065665e-04
   8.7107766e-03   8.5421589e-02  -1.2084795e-01  -7.5116112e-04  -8.0450755e-04   3.1432196e-04
   8.6011669e-03   8.0772679e-02  -1.1430743e-01  -1.1254459e-03  -4.4625498e-04   2.6840426e-04
   5.1515261e-03   7.5114461e-02  -1.6162139e-01  -1.1705752e-03  -5.6706213e-04   4.5073110e-04
   1.4187736e-04   9.4517709e-02  -1.2540705e-01  -1.4311538e-03  -9.4846485e-04   3.9809141e-04
  -1.0013192e-03   8.2902322e-02  -1.4720634e-01  -1.1105190e-03  -9.5649815e-04   5.7541892e-04
   1.8392239e-03   6.6574430e-02  -1.5011646e-01  -8.2979018e-04  -8.9640147e-04   3.7233164e-04
  -4.0851615e-03   6.5993114e-02  -1.6301452e-01  -4.3202218e-04  -7.6799430e-04   3.4271601e-04
   5.2000265e-03   7.1525606e-02  -1.7190366e-01  -1.6789668e-04  -8.3754065e-04   4.0772235e-04
   1.1450082e-02   1.1206899e-01  -1.8308069e-01  -5.2722296e-04  -8.7610386e-04   5.4048160e-04
   5.0635566e-03   1.0140265e-01  -1.4889520e-01  -2.4527745e-04  -5.0162264e-04   1.9155931e-04
   7.1630688e-03   6.3201207e-02  -1.4096536e-01  -7.5569368e-04  -5.6621248e-04   3.6459368e-04
   4.2857669e-03   1.0973785e-01  -1.4271943e-01  -7.6473792e-04  -8.0224904e-04   4.2615495e-04
   7.5552647e-03   9.0628288e-02  -1.3377643e-01  -8.0145459e-04  -6.4753066e-04   3.6179316e-04
   6.6408415e-03   9.8851202e-02  -1.0925190e-01  -4.3322137e-05  -6.5209815e-04   8.6066810e-05
   1.4825939e-02   8.5211734e-02  -1.1629600e-01  -8.0913067e-04  -6.8224456e-04   2.8333040e-04
   1.1805173e-02   9.7113331e-02  -1.0863250e-01  -1.5919487e-03  -8.2908764e-04   2.0245323e-04
   1.5557312e-02   7.6754353e-02  -1.3074988e-01  -1.0055012e-03  -9.3882471e-04   3.6622966e-04
   3.6094822e-03   7.4561602e-02  -1.2694448e-01  -9.6407631e-04  -7.2825435e-04   2.2511243e-04
   6.6491313e-03   7.0253462e-02  -1.4587609e-01  -1.6052931e-04  -8.9905999e-04   2.3843001e-04
   1.6996652e-03   1.0729269e-01  -1.3519012e-01  -5.0358677e-04  -7.4018570e-04   1.5213607e-04
   1.3196890e-04   8.8173259e-02  -1.2974745e-01  -1.2608084e-03  -8.8857989e-04   2.3101901e-04
   9.1144340e-03   8.1530385e-02  -1.2301357e-01  -1.1169947e-03  -1.0021257e-03   4.3097904e-04
   4.2169800e-03   8.8156382e-02  -1.2399658e-01  -1.0150250e-03  -7.5816943e-04   6.2487680e-05
   1.2159525e-02   8.9989329e-02  -1.1657705e-01  -9.9791915e-04  -9.1056868e-04   3.2100945e-04
   1.5443767e-02   1.0959063e-01  -1.1807971e-01  -1.6729928e-03  -9.5060572e-04   3.0054519e-04
   1.5397489e-02   1.0598679e-01  -1.1880743e-01  -1.0943240e-03  -1.0936904e-03   4.6513084e-04
   7.4352032e-03   9.9004195e-02  -1.3842314e-01  -1.0421541e-03  -8.2773615e-04   1.9549016e-04
   1.1247190e-02   9.5880835e-02  -1.3841081e-01  -8.4052421e-04  -8.3014525e-04   4.0630597e-04
   1.0928591e-02   1.1089332e-01  -1.4711771e-01  -1.0432852e-03  -6.7037781e-04   2.4008022e-04
   8.0102933e-03   1.1139085e-01  -1.0467448e-01  -1.2902191e-03  -9.8789878e-04   3.1886569e-04
   9.9085290e-03   1.0778015e-01  -1.1735974e-01  -1.3933101e-03  -1.0254708e-03   2.3420342e-04
   6.5140198e-03   8.6041225e-02  -1.1365786e-01  -1.4243386e-03  -9.6803886e-04   3.0547278e-04
   1.0984275e-02   1.1139565e-01  -1.3814908e-01  -1.5899009e-03  -9.5785822e-04   3.0582805e-04
   6.3238163e-03   1.1422303e-01  -1.2846132e-01  -1.3544557e-03  -8.3627024e-04   1.5091237e-04
   6.3630168e-03   1.2321698e-01  -1.1409846e-01  -7.6563646e-04  -6.9321560e-04   8.8987237e-05
   9.6636826e-03   8.9795727e-02  -4.7668609e-02  -1.7059247e-03  -1.0706171e-03   2.1564711e-04
   1.2705331e-02   1.2522263e-01  -2.9339195e-02  -2.0025872e-03  -8.4001387e-04   1.9781215e-04
   1.5800608e-02   1.2176942e-01  -4.5104194e-02  -2.2798951e-03  -8.9555361e-04   2.4678395e-04
   1.6939071e-02   9.6452501e-02  -3.1408446e-02  -1.4454461e-03  -1.0298583e-03   3.7597081e-04
   1.4680700e-02   1.0015110e-01  -5.6943081e-02  -2.1980341e-03  -1.0144044e-03   4.3671102e-04
   7.1622918e-03   1.0540436e-01  -1.0391057e-01  -9.4389058e-04  -9.5522605e-04   1.9074356e-04
   1.7638988e-02   9.6876923e-02  -8.8951851e-02  -1.2805395e-03  -9.6297337e-04   3.0930867e-04
   1.7779143e-02   1.0197343e-01  -6.2849047e-02  -1.2349848e-03  -9.2664634e-04   2.9852178e-04
   2.1622594e-02   1.0814193e-01  -4.2337808e-02  -1.5404549e-03  -1.1275785e-03   5.3758800e-04
   1.7471502e-02   9.5436702e-02  -9.2458895e-02  -1.3276291e-03  -9.9687043e-04   3.4272396e-04
   2.2199238e-02   8.5893017e-02  -6.6477272e-02  -1.8037923e-03  -1.0162482e-03   2.1717133e-04
   2.3488024e-02   9.6024472e-02  -7.1447380e-02  -1.5482626e-03  -1.1335562e-03   2.6659289e-04
   1.7253796e-02   1.0194250e-01  -5.6947157e-02  -1.9215363e-03  -1.0444609e-03   2.2895490e-04
   2.0737777e-02   8.2799352e-02  -6.4458512e-02  -2.0816446e-03  -1.3343984e-03   4.0951393e-04
   1.7669906e-02   8.7721241e-02  -6.6669437e-02  -2.5455963e-03  -1.3112201e-03   3.6693828e-04
   1.5173058e-02   9.8698042e-02  -8.5293865e-02  -1.5841555e-03  -1.3120835e-03   4.1836755e-04
   1.7228646e-02   1.3632724e-01  -6.9210684e-02  -1.6010961e-03  -1.3016081e-03   4.8013729e-04
   1.6718154e-02   1.1840073e-01  -6.7119250e-02  -1.8149685e-03  -1.0260970e-03   1.4299713e-04
   2.2605787e-02   1.0527819e-01  -4.7822355e-02  -1.9601216e-03  -1.2224981e-03   3.9250554e-04
   2.0713414e-02   1.2673032e-01  -6.6502140e-02  -1.8465055e-03  -1.0809352e-03   2.8935687e-04
   2.2465121e-02   1.1020797e-01  -6.4907291e-02  -1.6975178e-03  -8.8992709e-04   2.0976773e-04
   2.1580263e-02   1.2954916e-01  -6.0883016e-02  -1.9963687e-03  -1.0628331e-03   3.7940936e-04
   2.1018311e-02   1.1511333e-01  -7.1451194e-02  -2.0657875e-03  -1.0763468e-03   3.5317829e-04
   1.9621600e-02   1.1417519e-01  -6.4153449e-02  -1.8524670e-03  -9.2358704e-04   2.8716099e-04
   1.4852753e-02   1.3485309e-01  -7.2546534e-02  -1.1744369e-03  -1.1228256e-03   1.2787606e-04
   1.3522267e-02   1.1385062e-01  -6.9124850e-02  -1.3394957e-03  -1.1534739e-03   3.3535336e-05
   1.5077136e-02   1.4665224e-01  -7.1016550e-02  -2.1603558e-03  -8.5912864e-04   6.2631091e-05
   3.4123145e-02   1.1289872e-01  -5.9513902e-02  -2.0974884e-03  -1.0173864e-03   5.2107226e-04
   2.9607641e-02   1.2945757e-01  -5.7458593e-02  -2.1540226e-03  -9.0029869e-04   4.1609509e-04
   2.2878147e-02   1.1642931e-01  -3.3143025e-02  -3.3368217e-03  -1.4068489e-03   4.1240694e-04
   2.8082901e-02   1.2740526e-01  -3.4361221e-02  -2.5227237e-03  -1.3078385e-03   4.3844749e-04
   3.0130103e-02   1.1467208e-01  -8.6789951e-03  -3.0144979e-03  -1.2679487e-03   3.4078046e-04
   2.7529734e-02   1.0452049e-01  -1.5171057e-02  -2.8572595e-03  -1.2950955e-03   2.3482143e-04
   2.6043811e-02   9.3948231e-02  -1.9921043e-02  -2.9876888e-03  -1.1665381e-03   1.9822566e-04
   1.8973909e-02   1.2227872e-01  -2.6053663e-02  -3.7079112e-03  -1.4735699e-03   3.3018152e-04
   1.9228654e-02   1.2732902e-01  -2.7927009e-02  -3.1497151e-03  -1.8079139e-03   4.7303007e-04
   1.7205987e-02   1.3198336e-01  -2.5140603e-02  -1.9106060e-03  -1.4397451e-03   1.3966713e-04
   2.2302215e-02   9.4935718e-02  -1.2045314e-02  -1.8634085e-03  -1.5073695e-03   2.5424119e-04
   2.6469277e-02   1.1423759e-01  -2.5196768e-03  -2.7665497e-03  -1.5688148e-03   2.1674770e-04
   2.8084934e-02   9.6856389e-02   1.1257887e-02  -3.1362268e-03  -1.5831566e-03   2.1942510e-04
   2.6141143e-02   7.9938342e-02  -4.0424421e-03  -2.9085956e-03  -1.5953858e-03   2.2795637e-04
   2.3659197e-02   9.2592848e-02   1.7697617e-02  -3.1423417e-03  -1.7938032e-03   2.9583319e-04
   2.8962927e-02   1.2494128e-01   1.6064711e-02  -2.3435798e-03  -1.7756930e-03   3.4696872e-04
   2.3529101e-02   1.2913636e-01   2.4907259e-02  -3.3642919e-03  -1.7631230e-03   1.9187221e-04
   2.1323033e-02   1.1129844e-01   1.9859296e-02  -3.0165632e-03  -1.6974685e-03   1.3705553e-04
   2.4999127e-02   1.1882305e-01   1.6685661e-02  -3.1012349e-03  -1.7684073e-03   2.3626776e-04
   2.5190215e-02   1.1169945e-01   4.7322305e-03  -3.0354030e-03  -1.7355450e-03   2.5224967e-04
   2.7368263e-02   1.1237100e-01   8.1485146e-04  -2.9091817e-03  -1.7457941e-03   3.0251040e-04
   2.3752251e-02   1.4061572e-01  -2.7009435e-02  -2.3594165e-03  -1.6513535e-03   1.3899382e-04
   3.0956881e-02   1.0376189e-01  -1.3234504e-02  -3.0664688e-03  -1.6553219e-03   2.6456070e-04
   2.4659509e-02   1.2246204e-01  -2.3370090e-02  -2.8670103e-03  -1.6783744e-03   1.2191542e-04
   2.2799546e-02   1.1848183e-01  -1.1855447e-02  -2.8295882e-03  -1.6941729e-03  -2.0809319e-05
   2.2173613e-02   1.2593701e-01  -1.5936605e-02  -2.8252645e-03  -1.8309233e-03   2.0650862e-04
   1.8063100e-02   1.4073824e-01  -1.1132153e-02  -3.3249123e-03  -1.8855083e-03  -8.6438352e-06
   1.4024157e-02   1.2949031e-01  -1.9673210e-02  -2.9864383e-03  -1.4192833e-03  -1.1303158e-04
   7.0297864e-03   9.9901443e-02  -4.7934467e-02  -2.5923326e-03  -1.2562521e-03  -1.3075918e-04
   1.1668610e-02   1.2226116e-01  -9.1402520e-02  -1.5239533e-03  -1.4470722e-03  -1.1628504e-05
   6.3519831e-03   1.4986978e-01  -4.5829214e-02  -3.0216811e-03  -1.3613811e-03  -2.8771953e-04
   9.2470501e-03   1.1580625e-01  -5.7501589e-02  -2.8349621e-03  -1.2997736e-03  -4.3715124e-04
   3.8912520e-03   1.4394669e-01  -8.9702451e-02  -1.0355124e-03  -1.0445343e-03  -5.8831444e-04
   1.5080926e-02   1.2274429e-01  -4.3201265e-02  -2.2348363e-03  -1.5807011e-03  -6.7781231e-05
   3.7761707e-02   1.5180399e-01   7.2691985e-04  -2.3797466e-03  -1.8520591e-03   6.4495978e-05
   2.1998123e-02   1.4985479e-01   2.0083297e-02  -2.8422819e-03  -1.6963684e-03  -1.1154989e-04
   1.9398315e-02   1.3370769e-01  -2.0153729e-02  -3.2259962e-03  -1.5681686e-03  -1.0978899e-04
   2.3210947e-02   1.2592560e-01  -2.8246128e-02  -2.4606461e-03  -1.6525892e-03  -1.5839634e-05
   2.0338494e-02   1.4041619e-01  -5.8227366e-03  -2.5665606e-03  -1.7339288e-03  -8.1836280e-05
   2.8043770e-02   1.2258324e-01   3.0351692e-02  -2.8183032e-03  -1.8717084e-03  -1.3168060e-04
   4.3241954e-02   9.8161006e-02   3.2448691e-02  -2.7510116e-03  -1.6556664e-03  -7.8727375e-05
   4.4742573e-02   1.0878355e-01   1.9015600e-02  -1.9768660e-03  -1.8052607e-03  -1.3700602e-04
   5.1601296e-02   9.6742172e-02   5.9856593e-02  -3.3422524e-03  -2.2599022e-03   7.9849282e-05
   3.3928859e-02   1.2182281e-01   3.0836175e-02  -2.8092660e-03  -2.0252199e-03  -4.1546882e-04
   3.4652635e-02   1.2858104e-01  -2.1871662e-02  -2.6573399e-03  -1.8376624e-03  -3.7539656e-04
   3.8139147e-02   1.1847521e-01  -1.2775198e-02  -2.8076704e-03  -2.1798198e-03  -1.9795608e-04
   3.1160652e-02   1.2638198e-01  -3.4369216e-02  -2.3841822e-03  -1.9811048e-03  -2.2893273e-04
   3.8524279e-02   1.1730078e-01   8.6730524e-03  -3.4167618e-03  -2.1330211e-03  -1.7311546e-04
   4.2384290e-02   1.1646302e-01   1.6127439e-02  -3.2670784e-03  -2.3275436e-03  -7.3769480e-05
   3.7180657e-02   1.2525024e-01   2.5041251e-02  -3.2929442e-03  -2.2626834e-03  -3.7094146e-04
   4.1718324e-02   1.3065007e-01   2.6366398e-02  -3.0322579e-03  -2.4942391e-03  -8.9461299e-05
   4.2573929e-02   1.4442504e-01   1.5947987e-02  -3.6637168e-03  -2.6837925e-03  -2.8080076e-05
   4.3041215e-02   1.1940154e-01   7.7120263e-03  -2.7660156e-03  -2.5576881e-03  -1.3148304e-04
   3.4658016e-02   1.4657346e-01   3.6164817e-02  -2.5177013e-03  -2.5562603e-03  -2.7811005e-04
   3.5306835e-02   1.7125626e-01   4.7386531e-02  -2.8200077e-03  -2.3197475e-03  -3.0121277e-04
   2.8089598e-02   1.5729409e-01  -2.7054349e-03  -1.8492276e-03  -2.3907868e-03   4.5631362e-05
   4.9978708e-02   1.7073489e-01   2.0063256e-02  -2.8196329e-03  -1.8322768e-03   2.6976067e-04
   3.9279056e-02   1.4797823e-01   4.4978210e-02  -3.1610235e-03  -1.9396827e-03  -2.0793882e-04
   4.5436604e-02   1.1479150e-01   6.3607097e-02  -3.2852690e-03  -2.0676908e-03   1.6482197e-04
   3.8665550e-02   1.5084917e-01   5.6343986e-02  -3.4115182e-03  -1.9346398e-03  -3.9238824e-04
   4.8660368e-02   1.6594885e-01   6.6153059e-02  -3.3643273e-03  -2.1683988e-03   7.3930351e-06
   3.9598975e-02   1.3663978e-01   6.6059572e-02  -3.9307243e-03  -1.9052162e-03  -1.6295140e-04
   4.5969906e-02   1.3360685e-01   6.6987024e-02  -3.3103298e-03  -2.3556141e-03  -2.7897039e-05
   4.1247454e-02   1.5856509e-01   4.5252465e-02  -3.0567960e-03  -2.0926050e-03  -1.3765216e-04
   4.1631248e-02   1.5235611e-01   5.9172581e-02  -3.2932299e-03  -2.0993283e-03  -8.0962062e-05
   4.4622739e-02   1.6035671e-01   6.6354355e-02  -4.0552956e-03  -2.2711745e-03  -1.3650409e-04
   5.7195220e-02   1.5699820e-01   1.5395400e-02  -3.3141204e-03  -2.2798663e-03   1.1097072e-04
   5.5649078e-02   1.5740236e-01   3.9526378e-02  -3.4317097e-03  -2.4198397e-03  -1.3099417e-04
   5.3596897e-02   1.5443103e-01   6.3047106e-02  -3.4132619e-03  -1.8166101e-03  -8.4714476e-05
   4.9721567e-02   1.7779918e-01   6.0472925e-02  -4.4884771e-03  -1.8024892e-03  -9.1420266e-05
   6.1547061e-02   1.4819014e-01   6.2085539e-02  -4.1875811e-03  -1.9345968e-03   1.4754337e-04
   5.3676847e-02   1.3130619e-01   7.7107483e-02  -3.8053166e-03  -1.4457765e-03  -4.8136323e-05
   5.0760576e-02   1.4822364e-01   7.3284887e-02  -3.3636391e-03  -1.6280906e-03   6.5550240e-05
   5.4375316e-02   1.6018974e-01   8.2047501e-02  -3.8268282e-03  -1.7763101e-03   8.7600975e-07
   5.1158502e-02   1.4999508e-01   6.2695453e-02  -3.5450781e-03  -1.7347987e-03  -1.0052660e-04
   4.8305685e-02   1.1990101e-01   7.1735657e-02  -3.5311508e-03  -1.7279978e-03  -1.0479080e-04
   5.0459268e-02   1.5452086e-01   6.0468776e-02  -3.7478481e-03  -1.8179278e-03  -1.9802374e-04
   5.7537772e-02   1.3867023e-01   2.1601734e-02  -2.8146194e-03  -1.8052732e-03  -1.2332273e-04
   5.3126131e-02   1.1404017e-01   3.0670713e-02  -3.4476875e-03  -1.7736939e-03  -1.7616453e-04
   5.0061428e-02   1.4110818e-01   3.0774749e-02  -3.6089585e-03  -1.8378893e-03  -8.3738204e-05
   5.1603075e-02   1.6602277e-01   2.1318818e-02  -4.0494540e-03  -1.9471252e-03  -1.5618339e-04
   5.5768190e-02   1.3271279e-01   2.7581445e-04  -3.8060269e-03  -1.8208889e-03  -1.7664460e-04
   5.2785347e-02   1.4316956e-01  -7.6851675e-03  -2.9786521e-03  -1.7960363e-03  -8.3832487e-05
   4.3398331e-02   1.6702861e-01  -1.2422352e-02  -3.3391604e-03  -1.9134457e-03  -1.7444998e-04
   4.5815768e-02   1.5510782e-01   2.5697911e-03  -3.5245240e-03  -2.0450596e-03  -1.5521465e-04
   5.0359358e-02   1.6617092e-01  -3.5262334e-02  -2.5838519e-03  -1.9391860e-03  -1.5353904e-04
   4.9527885e-02   1.4084915e-01  -9.3439696e-03  -3.6190493e-03  -1.9288656e-03  -1.7649478e-04
   5.1859136e-02   1.3032910e-01  -4.3715419e-03  -3.3236278e-03  -2.1480887e-03  -3.4305463e-05
   4.7670066e-02   1.4876539e-01  -2.1475926e-03  -3.9993822e-03  -2.0715857e-03  -1.2987671e-04
   4.7576622e-02   1.4013142e-01   1.0700866e-02  -3.4887726e-03  -2.1618540e-03  -8.7028481e-05
   5.0082664e-02   1.4378791e-01   1.5063173e-02  -3.5116957e-03  -2.0687090e-03  -1.5841365e-04
   4.9226738e-02   1.3707442e-01  -3.2821994e-05  -3.1147615e-03  -2.2846043e-03  -8.9902427e-05
   4.6100908e-02   1.7926568e-01  -8.9246174e-04  -3.0842101e-03  -2.0722856e-03  -2.5474611e-04
   5.6816667e-02   1.7264561e-01   1.7832062e-02  -3.4095518e-03  -2.1753412e-03  -7.8776260e-05
   5.2808593e-02   1.5551313e-01   8.0712624e-03  -3.5509491e-03  -2.1643110e-03  -3.5395368e-05
   5.3378179e-02   1.4079673e-01   2.5722294e-02  -3.8135435e-03  -2.2938429e-03  -7.2770458e-06
   6.1949740e-02   1.6237530e-01  -1.3576616e-02  -2.9839285e-03  -2.4056248e-03   1.7184815e-04
   4.6743188e-02   1.6074284e-01   2.5406024e-02  -3.9150805e-03  -2.3554981e-03  -2.5622342e-04
   5.5663648e-02   1.7947075e-01   2.6040984e-02  -4.1713967e-03  -2.5731528e-03  -3.0498820e-05
   5.6259968e-02   1.4364873e-01   4.6262541e-02  -4.3669597e-03  -2.6847542e-03  -5.8966731e-05
   5.4647621e-02   1.6983469e-01   6.0463420e-02  -4.2343018e-03  -2.8280857e-03  -1.0375078e-04
   5.5665940e-02   1.8511156e-01   6.4023429e-02  -4.0457941e-03  -2.8652830e-03  -4.1512308e-05
   5.6957322e-02   1.7154454e-01   8.0635805e-02  -4.7679487e-03  -2.9628125e-03  -1.7370245e-04
   5.7990476e-02   1.8393633e-01   9.3100187e-02  -4.7831071e-03  -3.2498917e-03  -1.2452533e-04
   5.8064902e-02   1.6115305e-01   6.1919921e-02  -4.3262209e-03  -2.9918344e-03  -5.0611698e-05
   5.6004829e-02   1.6771215e-01   5.7467661e-02  -4.2002617e-03  -2.8244385e-03  -1.2307036e-04
   4.7682897e-02   1.7599468e-01   7.6589592e-02  -3.9016751e-03  -2.8916859e-03  -2.1638067e-04
   5.7883416e-02   1.8864893e-01   8.4444152e-02  -4.6154302e-03  -2.9110533e-03  -6.2075920e-05
   5.2296663e-02   1.7628880e-01   8.2685852e-02  -4.6694020e-03  -3.0134090e-03  -2.0139446e-04
   5.7006826e-02   1.5490646e-01   1.1319832e-01  -4.5462493e-03  -3.2279517e-03  -1.6831602e-04
   5.9946321e-02   1.9064019e-01   7.5095195e-02  -4.2061657e-03  -2.7080194e-03  -3.5715410e-04
   5.2086813e-02   1.5642021e-01   6.0883361e-02  -4.5634730e-03  -2.8582781e-03  -3.1216300e-04
   5.6066632e-02   1.9260270e-01   9.6917074e-02  -5.3316787e-03  -2.8578301e-03  -1.2072665e-04
   6.1101328e-02   1.8008088e-01   7.3375460e-02  -4.2240867e-03  -2.8580143e-03  -2.6255187e-04
   6.9895246e-02   1.8968397e-01   8.3515407e-02  -4.7071795e-03  -2.5911139e-03  -1.6352267e-04
   7.0768188e-02   1.7751541e-01   5.8833722e-02  -3.7939388e-03  -2.6230830e-03  -1.8136399e-04
   7.1181704e-02   2.0637423e-01  -5.5964259e-02  -1.7945971e-03  -1.9496818e-03  -3.0931834e-04
   6.2926537e-02   1.8084502e-01   6.1391343e-02  -4.1959995e-03  -2.2668231e-03  -3.2462499e-04
   6.1507007e-02   1.4643845e-01   9.0037565e-02  -4.2720680e-03  -2.3089023e-03  -2.0810622e-04
   6.7990002e-02   1.6690589e-01   4.2967928e-02  -3.1970632e-03  -2.3296354e-03  -2.5179908e-04
   6.5713850e-02   1.7978579e-01   8.0601731e-02  -4.7392962e-03  -2.4843392e-03  -2.6481927e-04
   6.9801263e-02   1.5027874e-01   8.9013275e-02  -4.4219862e-03  -2.5222354e-03  -1.2791390e-04
   7.3202801e-02   1.2774327e-01   7.9361655e-02  -3.8536120e-03  -2.5874964e-03  -9.7296164e-06
   7.2810550e-02   1.8886605e-01   7.6147187e-02  -4.5211325e-03  -2.2311140e-03  -4.5365680e-05
   7.4245151e-02   1.5342650e-01   6.4335661e-02  -4.1079828e-03  -2.3426459e-03  -2.2479703e-04
