0.5 7.454392e+03 7.422728e+03 7.425598e+03 7.457261e+03
1.5 7.410127e+03 7.416308e+03 7.423363e+03 7.417182e+03
2.5 7.476974e+03 7.409588e+03 7.415885e+03 7.483271e+03
3.5 7.390370e+03 7.404517e+03 7.408120e+03 7.393974e+03
4.5 7.460838e+03 7.404621e+03 7.403594e+03 7.459810e+03
5.5 7.383000e+03 7.406954e+03 7.401864e+03 7.377910e+03
6.5 7.411857e+03 7.410110e+03 7.403726e+03 7.405473e+03
7.5 7.440548e+03 7.454464e+03 7.411490e+03 7.397574e+03
8.5 7.371133e+03 7.381831e+03 7.419684e+03 7.408986e+03
9.5 7.336420e+03 7.393011e+03 7.424521e+03 7.367930e+03
10.5 7.362389e+03 7.371836e+03 7.426378e+03 7.416931e+03
11.5 7.442461e+03 7.397019e+03 7.426535e+03 7.471978e+03
12.5 7.449868e+03 7.421677e+03 7.425920e+03 7.454111e+03
13.5 7.444291e+03 7.445989e+03 7.425104e+03 7.423406e+03
14.5 7.434030e+03 7.443612e+03 7.424383e+03 7.414801e+03
15.5 7.459181e+03 7.437106e+03 7.423858e+03 7.445933e+03
16.5 7.423518e+03 7.436394e+03 7.423507e+03 7.410631e+03
17.5 7.397647e+03 7.427765e+03 7.423275e+03 7.393157e+03
18.5 7.400066e+03 7.416093e+03 7.423111e+03 7.407084e+03
19.5 7.408719e+03 7.426500e+03 7.422983e+03 7.405202e+03
20.5 7.490237e+03 7.414921e+03 7.422874e+03 7.498190e+03
21.5 7.364450e+03 7.427608e+03 7.422775e+03 7.359618e+03
22.5 7.460233e+03 7.425523e+03 7.422684e+03 7.457394e+03
0.5 7.436460e+03 7.436740e+03 7.423496e+03 7.423216e+03
1.5 7.458983e+03 7.426394e+03 7.421466e+03 7.454055e+03
2.5 7.429662e+03 7.416945e+03 7.414195e+03 7.426912e+03
3.5 7.410914e+03 7.410207e+03 7.406636e+03 7.407342e+03
4.5 7.386650e+03 7.409305e+03 7.402311e+03 7.379656e+03
5.5 7.324453e+03 7.400827e+03 7.400776e+03 7.324401e+03
6.5 7.402038e+03 7.407545e+03 7.402823e+03 7.397316e+03
7.5 7.424072e+03 7.417040e+03 7.410761e+03 7.417793e+03
8.5 7.409268e+03 7.423619e+03 7.419121e+03 7.404770e+03
9.5 7.386486e+03 7.393623e+03 7.424116e+03 7.416980e+03
10.5 7.374117e+03 7.379059e+03 7.426125e+03 7.421184e+03
11.5 7.354515e+03 7.366666e+03 7.426426e+03 7.414276e+03
12.5 7.441938e+03 7.397520e+03 7.425950e+03 7.470367e+03
13.5 7.420547e+03 7.410059e+03 7.425265e+03 7.435753e+03
14.5 7.427382e+03 7.437671e+03 7.424671e+03 7.414382e+03
15.5 7.495987e+03 7.439672e+03 7.424248e+03 7.480563e+03
16.5 7.461442e+03 7.438910e+03 7.421934e+03 7.444466e+03
17.5 7.422953e+03 7.431981e+03 7.414494e+03 7.405466e+03
18.5 7.440580e+03 7.429047e+03 7.406829e+03 7.418362e+03
19.5 7.461252e+03 7.420000e+03 7.402429e+03 7.443682e+03
20.5 7.401838e+03 7.420607e+03 7.400835e+03 7.382067e+03
21.5 7.372474e+03 7.385095e+03 7.402830e+03 7.390208e+03
22.5 7.384500e+03 7.395926e+03 7.410719e+03 7.399292e+03
0.5 7.495987e+03 7.439672e+03 7.424248e+03 7.480563e+03
1.5 7.461442e+03 7.438910e+03 7.421934e+03 7.444466e+03
2.5 7.422953e+03 7.431981e+03 7.414494e+03 7.405466e+03
3.5 7.440580e+03 7.429047e+03 7.406829e+03 7.418362e+03
4.5 7.461252e+03 7.420000e+03 7.402429e+03 7.443682e+03
5.5 7.401838e+03 7.420607e+03 7.400835e+03 7.382067e+03
6.5 7.372474e+03 7.385095e+03 7.402830e+03 7.390208e+03
7.5 7.384500e+03 7.395926e+03 7.410719e+03 7.399292e+03
8.5 7.349994e+03 7.360151e+03 7.419031e+03 7.408874e+03
9.5 7.419528e+03 7.384183e+03 7.423980e+03 7.459325e+03
10.5 7.363924e+03 7.384225e+03 7.425943e+03 7.405643e+03
11.5 7.455819e+03 7.417507e+03 7.426202e+03 7.464514e+03
12.5 7.409212e+03 7.428001e+03 7.425685e+03 7.406895e+03
13.5 7.434361e+03 7.445602e+03 7.424961e+03 7.413720e+03
14.5 7.435616e+03 7.442579e+03 7.424330e+03 7.417367e+03
15.5 7.391420e+03 7.436063e+03 7.423890e+03 7.379247e+03
16.5 7.414615e+03 7.421745e+03 7.423621e+03 7.416491e+03
17.5 7.430185e+03 7.422932e+03 7.423468e+03 7.430721e+03
18.5 7.385458e+03 7.402215e+03 7.423380e+03 7.406623e+03
19.5 7.440683e+03 7.429729e+03 7.423325e+03 7.434278e+03
20.5 7.397015e+03 7.411153e+03 7.423284e+03 7.409147e+03
21.5 7.403870e+03 7.426259e+03 7.423251e+03 7.400861e+03
22.5 7.435396e+03 7.415652e+03 7.423221e+03 7.442966e+03
0.5 7.470333e+03 7.449266e+03 7.425142e+03 7.446210e+03
1.5 7.420769e+03 7.438224e+03 7.423210e+03 7.405754e+03
2.5 7.469749e+03 7.435961e+03 7.416042e+03 7.449830e+03
3.5 7.472056e+03 7.435808e+03 7.408593e+03 7.444841e+03
4.5 7.406917e+03 7.405463e+03 7.404384e+03 7.405837e+03
5.5 7.433014e+03 7.407726e+03 7.402974e+03 7.428262e+03
6.5 7.426131e+03 7.400368e+03 7.405155e+03 7.430918e+03
7.5 7.386375e+03 7.404831e+03 7.413232e+03 7.394776e+03
8.5 7.364891e+03 7.387209e+03 7.421737e+03 7.399419e+03
9.5 7.357145e+03 7.389421e+03 7.426880e+03 7.394604e+03
10.5 7.413196e+03 7.388875e+03 7.429039e+03 7.453360e+03
11.5 7.428097e+03 7.437652e+03 7.429492e+03 7.419937e+03
12.5 7.427096e+03 7.411387e+03 7.429168e+03 7.444877e+03
13.5 7.436118e+03 7.435948e+03 7.428621e+03 7.428792e+03
14.5 7.427434e+03 7.432475e+03 7.426106e+03 7.421064e+03
15.5 7.422694e+03 7.445007e+03 7.418541e+03 7.396228e+03
16.5 7.361747e+03 7.413381e+03 7.410862e+03 7.359228e+03
17.5 7.463775e+03 7.429454e+03 7.406534e+03 7.440856e+03
18.5 7.382236e+03 7.409311e+03 7.405062e+03 7.377987e+03
19.5 7.430886e+03 7.417479e+03 7.407207e+03 7.420614e+03
20.5 7.397463e+03 7.391907e+03 7.415263e+03 7.420818e+03
21.5 7.397245e+03 7.391680e+03 7.423751e+03 7.429316e+03
22.5 7.424489e+03 7.400421e+03 7.428880e+03 7.452948e+03
0.5 7.436118e+03 7.435948e+03 7.428621e+03 7.428792e+03
1.5 7.427434e+03 7.432475e+03 7.426106e+03 7.421064e+03
2.5 7.422694e+03 7.445007e+03 7.418541e+03 7.396228e+03
3.5 7.361747e+03 7.413381e+03 7.410862e+03 7.359228e+03
4.5 7.463775e+03 7.429454e+03 7.406534e+03 7.440856e+03
5.5 7.382236e+03 7.409311e+03 7.405062e+03 7.377987e+03
6.5 7.430886e+03 7.417479e+03 7.407207e+03 7.420614e+03
7.5 7.397463e+03 7.391907e+03 7.415263e+03 7.420818e+03
8.5 7.397245e+03 7.391680e+03 7.423751e+03 7.429316e+03
9.5 7.424489e+03 7.400421e+03 7.428880e+03 7.452948e+03
10.5 7.436472e+03 7.411714e+03 7.431025e+03 7.455782e+03
11.5 7.423951e+03 7.443723e+03 7.431460e+03 7.411687e+03
