0.5 1.743352e+03 1.695118e+03 1.697909e+03 1.746143e+03
1.5 1.750010e+03 1.694207e+03 1.696860e+03 1.752662e+03
2.5 1.728015e+03 1.685174e+03 1.693048e+03 1.735889e+03
3.5 1.695972e+03 1.686462e+03 1.689084e+03 1.698593e+03
4.5 1.688109e+03 1.684841e+03 1.686821e+03 1.690090e+03
5.5 1.684427e+03 1.684931e+03 1.686028e+03 1.685524e+03
6.5 1.701530e+03 1.685709e+03 1.687121e+03 1.702942e+03
7.5 1.693012e+03 1.687817e+03 1.691316e+03 1.696511e+03
8.5 1.695624e+03 1.689129e+03 1.695733e+03 1.702229e+03
9.5 1.668168e+03 1.692569e+03 1.698377e+03 1.673975e+03
10.5 1.667250e+03 1.685311e+03 1.699446e+03 1.681384e+03
11.5 1.704943e+03 1.679631e+03 1.699616e+03 1.724929e+03
12.5 1.695289e+03 1.671084e+03 1.699376e+03 1.723581e+03
13.5 1.707075e+03 1.673351e+03 1.699026e+03 1.732750e+03
14.5 1.734040e+03 1.680286e+03 1.698723e+03 1.752476e+03
15.5 1.713737e+03 1.693089e+03 1.698518e+03 1.719165e+03
16.5 1.720928e+03 1.695954e+03 1.698393e+03 1.723366e+03
17.5 1.732760e+03 1.703750e+03 1.697243e+03 1.726253e+03
18.5 1.702045e+03 1.694463e+03 1.693367e+03 1.700948e+03
19.5 1.688453e+03 1.692096e+03 1.689356e+03 1.685712e+03
20.5 1.659568e+03 1.681334e+03 1.687057e+03 1.665291e+03
21.5 1.641124e+03 1.681459e+03 1.686231e+03 1.645897e+03
22.5 1.676309e+03 1.677584e+03 1.687294e+03 1.686019e+03
0.5 1.720928e+03 1.695954e+03 1.698393e+03 1.723366e+03
1.5 1.732760e+03 1.703750e+03 1.697243e+03 1.726253e+03
2.5 1.702045e+03 1.694463e+03 1.693367e+03 1.700948e+03
3.5 1.688453e+03 1.692096e+03 1.689356e+03 1.685712e+03
4.5 1.659568e+03 1.681334e+03 1.687057e+03 1.665291e+03
5.5 1.641124e+03 1.681459e+03 1.686231e+03 1.645897e+03
6.5 1.676309e+03 1.677584e+03 1.687294e+03 1.686019e+03
7.5 1.696243e+03 1.688498e+03 1.691461e+03 1.699207e+03
8.5 1.629003e+03 1.689900e+03 1.695851e+03 1.634954e+03
9.5 1.685052e+03 1.689180e+03 1.698469e+03 1.694340e+03
10.5 1.698145e+03 1.679064e+03 1.699515e+03 1.718595e+03
11.5 1.726824e+03 1.687230e+03 1.699663e+03 1.739257e+03
12.5 1.689086e+03 1.692801e+03 1.699403e+03 1.695688e+03
13.5 1.689069e+03 1.702062e+03 1.699034e+03 1.686041e+03
14.5 1.656951e+03 1.693181e+03 1.698714e+03 1.662483e+03
15.5 1.678609e+03 1.706607e+03 1.698494e+03 1.670496e+03
16.5 1.676958e+03 1.701162e+03 1.698364e+03 1.674161e+03
17.5 1.696169e+03 1.706100e+03 1.698295e+03 1.688364e+03
18.5 1.708578e+03 1.696285e+03 1.698260e+03 1.710553e+03
19.5 1.692817e+03 1.698120e+03 1.698242e+03 1.692939e+03
20.5 1.685155e+03 1.696250e+03 1.698230e+03 1.687136e+03
21.5 1.678016e+03 1.701538e+03 1.698222e+03 1.674701e+03
22.5 1.671158e+03 1.705001e+03 1.698215e+03 1.664372e+03
0.5 1.709675e+03 1.702999e+03 1.698174e+03 1.704849e+03
1.5 1.688800e+03 1.701450e+03 1.697078e+03 1.684429e+03
2.5 1.737116e+03 1.692846e+03 1.693225e+03 1.737495e+03
3.5 1.706418e+03 1.691310e+03 1.689224e+03 1.704333e+03
4.5 1.692899e+03 1.679987e+03 1.686929e+03 1.699841e+03
5.5 1.705614e+03 1.681010e+03 1.686107e+03 1.710710e+03
6.5 1.711148e+03 1.678049e+03 1.687174e+03 1.720273e+03
7.5 1.653806e+03 1.684473e+03 1.691346e+03 1.660679e+03
8.5 1.699215e+03 1.687428e+03 1.695741e+03 1.707529e+03
9.5 1.692418e+03 1.692021e+03 1.698366e+03 1.698764e+03
10.5 1.674653e+03 1.677564e+03 1.699421e+03 1.696510e+03
11.5 1.667681e+03 1.693112e+03 1.699579e+03 1.674149e+03
12.5 1.715128e+03 1.675730e+03 1.699330e+03 1.738728e+03
13.5 1.703974e+03 1.691239e+03 1.698974e+03 1.711708e+03
14.5 1.727621e+03 1.694057e+03 1.698667e+03 1.732230e+03
15.5 1.751499e+03 1.703792e+03 1.698460e+03 1.746168e+03
16.5 1.739781e+03 1.700016e+03 1.698345e+03 1.738110e+03
17.5 1.744776e+03 1.704578e+03 1.698291e+03 1.738489e+03
18.5 1.708273e+03 1.698853e+03 1.698271e+03 1.707691e+03
19.5 1.704652e+03 1.702107e+03 1.698268e+03 1.700813e+03
20.5 1.696010e+03 1.688582e+03 1.698272e+03 1.705700e+03
21.5 1.712506e+03 1.690205e+03 1.698279e+03 1.720580e+03
22.5 1.682372e+03 1.693154e+03 1.698287e+03 1.687505e+03
0.5 1.673004e+03 1.697393e+03 1.698357e+03 1.673968e+03
1.5 1.752388e+03 1.706670e+03 1.697272e+03 1.742990e+03
2.5 1.769124e+03 1.693732e+03 1.693428e+03 1.768820e+03
3.5 1.720281e+03 1.695454e+03 1.689432e+03 1.714259e+03
4.5 1.721216e+03 1.687985e+03 1.687140e+03 1.720371e+03
5.5 1.685118e+03 1.691705e+03 1.686319e+03 1.679732e+03
6.5 1.694443e+03 1.673347e+03 1.687387e+03 1.708483e+03
7.5 1.624980e+03 1.692134e+03 1.691559e+03 1.624406e+03
8.5 1.593462e+03 1.672400e+03 1.695956e+03 1.617017e+03
9.5 1.653642e+03 1.679652e+03 1.698581e+03 1.672571e+03
10.5 1.640556e+03 1.688905e+03 1.699634e+03 1.651285e+03
11.5 1.720195e+03 1.686382e+03 1.699790e+03 1.733603e+03
12.5 1.707095e+03 1.686278e+03 1.699536e+03 1.720353e+03
13.5 1.660643e+03 1.690688e+03 1.699165e+03 1.669120e+03
14.5 1.712903e+03 1.690722e+03 1.697757e+03 1.719939e+03
15.5 1.676890e+03 1.687521e+03 1.693690e+03 1.683060e+03
16.5 1.670655e+03 1.681418e+03 1.689563e+03 1.678800e+03
17.5 1.672719e+03 1.705400e+03 1.687201e+03 1.654519e+03
18.5 1.732280e+03 1.693572e+03 1.686344e+03 1.725052e+03
19.5 1.673444e+03 1.700870e+03 1.687391e+03 1.659965e+03
20.5 1.640457e+03 1.675646e+03 1.691549e+03 1.656360e+03
21.5 1.676121e+03 1.689141e+03 1.695933e+03 1.682913e+03
22.5 1.677894e+03 1.685918e+03 1.698547e+03 1.690523e+03
0.5 1.660643e+03 1.690688e+03 1.699165e+03 1.669120e+03
1.5 1.712903e+03 1.690722e+03 1.697757e+03 1.719939e+03
2.5 1.676890e+03 1.687521e+03 1.693690e+03 1.683060e+03
3.5 1.670655e+03 1.681418e+03 1.689563e+03 1.678800e+03
4.5 1.672719e+03 1.705400e+03 1.687201e+03 1.654519e+03
5.5 1.732280e+03 1.693572e+03 1.686344e+03 1.725052e+03
6.5 1.673444e+03 1.700870e+03 1.687391e+03 1.659965e+03
7.5 1.640457e+03 1.675646e+03 1.691549e+03 1.656360e+03
8.5 1.676121e+03 1.689141e+03 1.695933e+03 1.682913e+03
9.5 1.677894e+03 1.685918e+03 1.698547e+03 1.690523e+03
10.5 1.664860e+03 1.679026e+03 1.699591e+03 1.685425e+03
11.5 1.674588e+03 1.687917e+03 1.699737e+03 1.686408e+03
12.5 1.650965e+03 1.688885e+03 1.699476e+03 1.661556e+03
13.5 1.716076e+03 1.697652e+03 1.699106e+03 1.717530e+03
14.5 1.693716e+03 1.697697e+03 1.698784e+03 1.694803e+03
15.5 1.719468e+03 1.700017e+03 1.698563e+03 1.718014e+03
16.5 1.676964e+03 1.695963e+03 1.698432e+03 1.679433e+03
17.5 1.691511e+03 1.701654e+03 1.698362e+03 1.688219e+03
18.5 1.674280e+03 1.694479e+03 1.698325e+03 1.678125e+03
19.5 1.694443e+03 1.704406e+03 1.698304e+03 1.688342e+03
20.5 1.693894e+03 1.696858e+03 1.698291e+03 1.695327e+03
21.5 1.682725e+03 1.700458e+03 1.698281e+03 1.680548e+03
22.5 1.689533e+03 1.698445e+03 1.698272e+03 1.689359e+03
0.5 1.691741e+03 1.693499e+03 1.698211e+03 1.696453e+03
1.5 1.692013e+03 1.697727e+03 1.697113e+03 1.691399e+03
2.5 1.644328e+03 1.690250e+03 1.693258e+03 1.647336e+03
3.5 1.675585e+03 1.693300e+03 1.689254e+03 1.671538e+03
4.5 1.671247e+03 1.681968e+03 1.686955e+03 1.676234e+03
5.5 1.701391e+03 1.691371e+03 1.686130e+03 1.696151e+03
6.5 1.691921e+03 1.689277e+03 1.687195e+03 1.689839e+03
7.5 1.679380e+03 1.694356e+03 1.691366e+03 1.676389e+03
8.5 1.606751e+03 1.695833e+03 1.695762e+03 1.606680e+03
9.5 1.682869e+03 1.695582e+03 1.698388e+03 1.685674e+03
10.5 1.691588e+03 1.686504e+03 1.699445e+03 1.704529e+03
11.5 1.712500e+03 1.683195e+03 1.699605e+03 1.728911e+03
12.5 1.698044e+03 1.689066e+03 1.699359e+03 1.708337e+03
13.5 1.709835e+03 1.697113e+03 1.699006e+03 1.711728e+03
14.5 1.647297e+03 1.695312e+03 1.698703e+03 1.650687e+03
15.5 1.709301e+03 1.700590e+03 1.698501e+03 1.707213e+03
16.5 1.680410e+03 1.700355e+03 1.698392e+03 1.678447e+03
17.5 1.669383e+03 1.700853e+03 1.698344e+03 1.666874e+03
18.5 1.677148e+03 1.696602e+03 1.698332e+03 1.678878e+03
19.5 1.703635e+03 1.683677e+03 1.698337e+03 1.718295e+03
20.5 1.672774e+03 1.685252e+03 1.698351e+03 1.685873e+03
21.5 1.666840e+03 1.680947e+03 1.698370e+03 1.684263e+03
22.5 1.752877e+03 1.717480e+03 1.698390e+03 1.733787e+03
0.5 1.637106e+03 1.694366e+03 1.698540e+03 1.641280e+03
1.5 1.687949e+03 1.699164e+03 1.697477e+03 1.686262e+03
2.5 1.665353e+03 1.688885e+03 1.693658e+03 1.670125e+03
3.5 1.707148e+03 1.693564e+03 1.689690e+03 1.703274e+03
4.5 1.695698e+03 1.690046e+03 1.687428e+03 1.693080e+03
5.5 1.708872e+03 1.688393e+03 1.686641e+03 1.707119e+03
6.5 1.689267e+03 1.692488e+03 1.687744e+03 1.684522e+03
7.5 1.655563e+03 1.682375e+03 1.691956e+03 1.665145e+03
8.5 1.716652e+03 1.685009e+03 1.696397e+03 1.728040e+03
9.5 1.688025e+03 1.676499e+03 1.699071e+03 1.710597e+03
10.5 1.687691e+03 1.690510e+03 1.700177e+03 1.697357e+03
11.5 1.721711e+03 1.693006e+03 1.700386e+03 1.729091e+03
