1.0 1.197996e+04 1.189558e+04 1.182121e+04 1.190559e+04
2.0 1.188298e+04 1.191975e+04 1.185184e+04 1.181507e+04
3.0 1.186023e+04 1.185080e+04 1.186012e+04 1.186955e+04
4.0 1.183860e+04 1.179362e+04 1.184335e+04 1.188833e+04
5.0 1.182651e+04 1.180491e+04 1.182687e+04 1.184847e+04
6.0 1.190913e+04 1.184030e+04 1.181748e+04 1.188630e+04
7.0 1.178446e+04 1.184746e+04 1.181326e+04 1.175025e+04
8.0 1.181604e+04 1.183467e+04 1.181215e+04 1.179352e+04
9.0 1.179225e+04 1.180551e+04 1.181274e+04 1.179948e+04
10.0 1.178583e+04 1.179837e+04 1.181393e+04 1.180139e+04
11.0 1.156770e+04 1.176436e+04 1.181507e+04 1.161842e+04
12.0 1.167795e+04 1.172088e+04 1.181592e+04 1.177299e+04
13.0 1.170045e+04 1.168014e+04 1.181647e+04 1.183679e+04
14.0 1.178907e+04 1.169047e+04 1.181684e+04 1.191544e+04
15.0 1.190580e+04 1.176666e+04 1.181711e+04 1.195626e+04
16.0 1.184548e+04 1.181002e+04 1.181733e+04 1.185278e+04
17.0 1.184719e+04 1.183160e+04 1.181752e+04 1.183312e+04
18.0 1.180059e+04 1.180835e+04 1.181771e+04 1.180996e+04
0.8 1.203369e+04 1.187061e+04 1.181867e+04 1.198175e+04
1.8 1.194294e+04 1.191248e+04 1.182927e+04 1.185973e+04
2.8 1.194357e+04 1.187100e+04 1.183622e+04 1.190879e+04
3.8 1.184796e+04 1.184473e+04 1.183063e+04 1.183386e+04
4.8 1.172458e+04 1.182483e+04 1.182318e+04 1.172293e+04
5.8 1.166641e+04 1.178826e+04 1.181847e+04 1.169663e+04
6.8 1.158050e+04 1.174716e+04 1.181612e+04 1.164945e+04
7.8 1.158814e+04 1.172905e+04 1.181520e+04 1.167429e+04
8.8 1.177036e+04 1.171821e+04 1.181508e+04 1.186723e+04
9.8 1.175303e+04 1.175328e+04 1.181530e+04 1.181504e+04
10.8 1.167964e+04 1.175669e+04 1.181552e+04 1.173847e+04
11.8 1.183549e+04 1.179455e+04 1.181563e+04 1.185657e+04
12.8 1.186734e+04 1.181012e+04 1.181559e+04 1.187281e+04
13.8 1.182912e+04 1.180272e+04 1.181546e+04 1.184186e+04
14.8 1.191863e+04 1.179926e+04 1.181527e+04 1.193464e+04
15.8 1.186887e+04 1.182045e+04 1.181505e+04 1.186347e+04
16.8 1.166483e+04 1.179791e+04 1.181482e+04 1.168174e+04
17.8 1.171414e+04 1.180152e+04 1.181458e+04 1.172720e+04
0.8 1.192818e+04 1.189148e+04 1.181595e+04 1.185265e+04
1.8 1.191093e+04 1.190118e+04 1.186234e+04 1.187209e+04
2.8 1.183655e+04 1.189180e+04 1.188984e+04 1.183459e+04
3.8 1.191700e+04 1.188746e+04 1.186629e+04 1.189583e+04
4.8 1.184699e+04 1.186603e+04 1.183638e+04 1.181734e+04
5.8 1.197059e+04 1.182153e+04 1.181811e+04 1.196717e+04
6.8 1.179739e+04 1.180416e+04 1.180952e+04 1.180274e+04
7.8 1.175116e+04 1.177645e+04 1.180683e+04 1.178154e+04
8.8 1.185348e+04 1.177819e+04 1.180746e+04 1.188276e+04
9.8 1.180543e+04 1.179074e+04 1.180947e+04 1.182416e+04
10.8 1.179485e+04 1.182012e+04 1.181154e+04 1.178627e+04
11.8 1.185536e+04 1.181073e+04 1.181312e+04 1.185775e+04
12.8 1.184089e+04 1.175137e+04 1.181418e+04 1.190369e+04
13.8 1.179953e+04 1.176471e+04 1.181487e+04 1.184969e+04
14.8 1.188301e+04 1.183475e+04 1.181534e+04 1.186360e+04
15.8 1.189786e+04 1.186981e+04 1.181571e+04 1.184376e+04
16.8 1.189976e+04 1.186126e+04 1.181603e+04 1.185453e+04
17.8 1.177997e+04 1.179947e+04 1.181632e+04 1.179682e+04
