0.3 8.677591e+03 8.672974e+03 8.668696e+03 8.673314e+03
1.3 8.649728e+03 8.659923e+03 8.668195e+03 8.658000e+03
2.3 8.654692e+03 8.661781e+03 8.667433e+03 8.660344e+03
3.3 8.669359e+03 8.682240e+03 8.667724e+03 8.654843e+03
4.3 8.666188e+03 8.682257e+03 8.668269e+03 8.652200e+03
5.3 8.666824e+03 8.674708e+03 8.668620e+03 8.660736e+03
6.3 8.648339e+03 8.658052e+03 8.668793e+03 8.659080e+03
7.3 8.637960e+03 8.658904e+03 8.668861e+03 8.647917e+03
8.3 8.643593e+03 8.648664e+03 8.668867e+03 8.663797e+03
9.3 8.651929e+03 8.648177e+03 8.668844e+03 8.672595e+03
10.3 8.672519e+03 8.664242e+03 8.668816e+03 8.677094e+03
11.3 8.660844e+03 8.662754e+03 8.668796e+03 8.666886e+03
12.3 8.638802e+03 8.664937e+03 8.668784e+03 8.642649e+03
13.3 8.660416e+03 8.674441e+03 8.668778e+03 8.654753e+03
14.3 8.664523e+03 8.672068e+03 8.668775e+03 8.661229e+03
15.3 8.656419e+03 8.658974e+03 8.668733e+03 8.666178e+03
16.3 8.657861e+03 8.645703e+03 8.667549e+03 8.679708e+03
17.3 8.681317e+03 8.684744e+03 8.666666e+03 8.663239e+03
0.7 8.656419e+03 8.658974e+03 8.668733e+03 8.666178e+03
1.7 8.657861e+03 8.645703e+03 8.667549e+03 8.679708e+03
2.7 8.681317e+03 8.684744e+03 8.666666e+03 8.663239e+03
3.7 8.679551e+03 8.692708e+03 8.667254e+03 8.654097e+03
4.7 8.697658e+03 8.681922e+03 8.668085e+03 8.683821e+03
5.7 8.686766e+03 8.668857e+03 8.668604e+03 8.686513e+03
6.7 8.679643e+03 8.665005e+03 8.668852e+03 8.683490e+03
7.7 8.696990e+03 8.669468e+03 8.668935e+03 8.696458e+03
8.7 8.677284e+03 8.664228e+03 8.668925e+03 8.681981e+03
9.7 8.659563e+03 8.675605e+03 8.668874e+03 8.652832e+03
10.7 8.660863e+03 8.676855e+03 8.668821e+03 8.652829e+03
11.7 8.658135e+03 8.687715e+03 8.668781e+03 8.639201e+03
12.7 8.629338e+03 8.681726e+03 8.668753e+03 8.616365e+03
13.7 8.657023e+03 8.655921e+03 8.668190e+03 8.669292e+03
14.7 8.705820e+03 8.659567e+03 8.668012e+03 8.714265e+03
15.7 8.703720e+03 8.673884e+03 8.668450e+03 8.698285e+03
16.7 8.669925e+03 8.667905e+03 8.668705e+03 8.670724e+03
17.7 8.641805e+03 8.657161e+03 8.668781e+03 8.653426e+03
0.4 8.629338e+03 8.681726e+03 8.668753e+03 8.616365e+03
1.4 8.657023e+03 8.655921e+03 8.668190e+03 8.669292e+03
2.4 8.705820e+03 8.659567e+03 8.668012e+03 8.714265e+03
3.4 8.703720e+03 8.673884e+03 8.668450e+03 8.698285e+03
4.4 8.669925e+03 8.667905e+03 8.668705e+03 8.670724e+03
5.4 8.641805e+03 8.657161e+03 8.668781e+03 8.653426e+03
6.4 8.635526e+03 8.649648e+03 8.668798e+03 8.654676e+03
7.4 8.651681e+03 8.652960e+03 8.668792e+03 8.667513e+03
8.4 8.683102e+03 8.654414e+03 8.668774e+03 8.697462e+03
9.4 8.676003e+03 8.666761e+03 8.668756e+03 8.677998e+03
10.4 8.649182e+03 8.676229e+03 8.668744e+03 8.641697e+03
11.4 8.660521e+03 8.678385e+03 8.668739e+03 8.650875e+03
12.4 8.683706e+03 8.688486e+03 8.668737e+03 8.663958e+03
13.4 8.665917e+03 8.685731e+03 8.668738e+03 8.648924e+03
14.4 8.664716e+03 8.685218e+03 8.668739e+03 8.648237e+03
15.4 8.690389e+03 8.691149e+03 8.668740e+03 8.667980e+03
16.4 8.698992e+03 8.688324e+03 8.668741e+03 8.679409e+03
17.4 8.684722e+03 8.683698e+03 8.668742e+03 8.669766e+03
1.0 8.697143e+03 8.699675e+03 8.668466e+03 8.665933e+03
2.0 8.692378e+03 8.715653e+03 8.666704e+03 8.643429e+03
3.0 8.699801e+03 8.698257e+03 8.666224e+03 8.667767e+03
4.0 8.685492e+03 8.667930e+03 8.667179e+03 8.684741e+03
5.0 8.670371e+03 8.659519e+03 8.668118e+03 8.678969e+03
6.0 8.674837e+03 8.659100e+03 8.668653e+03 8.684390e+03
7.0 8.676558e+03 8.668584e+03 8.668892e+03 8.676866e+03
8.0 8.672281e+03 8.664866e+03 8.668955e+03 8.676370e+03
9.0 8.645807e+03 8.659750e+03 8.668921e+03 8.654978e+03
10.0 8.601732e+03 8.653392e+03 8.668853e+03 8.617193e+03
11.0 8.596400e+03 8.640331e+03 8.668790e+03 8.624859e+03
12.0 8.637623e+03 8.632129e+03 8.668746e+03 8.674241e+03
13.0 8.652058e+03 8.617483e+03 8.668720e+03 8.703295e+03
14.0 8.677305e+03 8.631335e+03 8.668706e+03 8.714675e+03
15.0 8.679029e+03 8.650503e+03 8.668699e+03 8.697225e+03
16.0 8.656785e+03 8.659285e+03 8.668696e+03 8.666196e+03
17.0 8.658110e+03 8.667999e+03 8.668695e+03 8.658806e+03
18.0 8.673614e+03 8.662737e+03 8.668696e+03 8.679573e+03
0.6 8.658688e+03 8.675298e+03 8.668772e+03 8.652163e+03
1.6 8.657962e+03 8.666239e+03 8.667111e+03 8.658834e+03
2.6 8.666692e+03 8.677914e+03 8.665207e+03 8.653985e+03
3.6 8.697053e+03 8.668186e+03 8.665944e+03 8.694811e+03
4.6 8.640622e+03 8.664438e+03 8.667418e+03 8.643602e+03
5.6 8.632990e+03 8.660510e+03 8.668408e+03 8.640888e+03
6.6 8.651298e+03 8.652658e+03 8.668899e+03 8.667538e+03
7.6 8.681470e+03 8.661496e+03 8.669077e+03 8.689050e+03
8.6 8.722209e+03 8.665936e+03 8.669074e+03 8.725346e+03
9.6 8.708792e+03 8.671288e+03 8.668988e+03 8.706492e+03
10.6 8.652561e+03 8.673007e+03 8.668888e+03 8.648442e+03
11.6 8.647847e+03 8.673690e+03 8.668808e+03 8.642965e+03
12.6 8.687915e+03 8.689937e+03 8.668754e+03 8.666732e+03
13.6 8.694643e+03 8.688751e+03 8.668718e+03 8.674610e+03
14.6 8.655420e+03 8.667320e+03 8.668695e+03 8.656795e+03
15.6 8.642188e+03 8.661387e+03 8.668677e+03 8.649477e+03
16.6 8.650759e+03 8.669873e+03 8.668661e+03 8.649546e+03
17.6 8.666901e+03 8.692417e+03 8.668647e+03 8.643132e+03
0.7 8.668380e+03 8.670370e+03 8.668433e+03 8.666443e+03
1.7 8.629843e+03 8.649138e+03 8.667845e+03 8.648550e+03
2.7 8.641701e+03 8.656964e+03 8.668372e+03 8.653109e+03
3.7 8.670297e+03 8.681562e+03 8.668800e+03 8.657535e+03
4.7 8.681141e+03 8.677268e+03 8.668766e+03 8.672639e+03
5.7 8.683850e+03 8.666253e+03 8.668639e+03 8.686236e+03
6.7 8.692271e+03 8.662863e+03 8.668551e+03 8.697959e+03
7.7 8.664100e+03 8.654508e+03 8.668495e+03 8.678087e+03
8.7 8.655006e+03 8.666693e+03 8.668460e+03 8.656773e+03
9.7 8.693722e+03 8.672062e+03 8.668442e+03 8.690102e+03
10.7 8.698210e+03 8.675384e+03 8.668435e+03 8.691261e+03
11.7 8.687171e+03 8.691546e+03 8.668433e+03 8.664058e+03
12.7 8.688433e+03 8.678338e+03 8.668431e+03 8.678526e+03
13.7 8.691560e+03 8.675527e+03 8.668427e+03 8.684460e+03
14.7 8.706037e+03 8.680501e+03 8.668421e+03 8.693957e+03
15.7 8.687930e+03 8.676031e+03 8.668413e+03 8.680312e+03
16.7 8.703465e+03 8.683833e+03 8.668328e+03 8.687960e+03
17.7 8.708767e+03 8.698023e+03 8.668077e+03 8.678821e+03
0.8 8.703465e+03 8.683833e+03 8.668328e+03 8.687960e+03
1.8 8.708767e+03 8.698023e+03 8.668077e+03 8.678821e+03
2.8 8.708000e+03 8.704528e+03 8.669114e+03 8.672586e+03
3.8 8.710536e+03 8.699513e+03 8.669389e+03 8.680413e+03
4.8 8.638102e+03 8.670686e+03 8.668985e+03 8.636401e+03
5.8 8.555488e+03 8.638067e+03 8.668597e+03 8.586018e+03
6.8 8.546664e+03 8.626765e+03 8.668368e+03 8.588268e+03
7.8 8.595566e+03 8.627048e+03 8.668248e+03 8.636766e+03
8.8 8.622297e+03 8.611016e+03 8.668194e+03 8.679475e+03
9.8 8.634137e+03 8.639188e+03 8.668177e+03 8.663126e+03
10.8 8.661307e+03 8.676715e+03 8.668174e+03 8.652766e+03
11.8 8.700288e+03 8.693273e+03 8.668169e+03 8.675183e+03
12.8 8.716913e+03 8.681990e+03 8.668155e+03 8.703078e+03
13.8 8.690617e+03 8.666077e+03 8.668132e+03 8.692672e+03
14.8 8.671910e+03 8.659418e+03 8.668104e+03 8.680595e+03
15.8 8.662209e+03 8.656813e+03 8.668072e+03 8.673468e+03
16.8 8.628961e+03 8.658076e+03 8.668038e+03 8.638923e+03
17.8 8.653438e+03 8.668098e+03 8.668003e+03 8.653343e+03
0.8 8.719859e+03 8.691405e+03 8.667627e+03 8.696081e+03
1.8 8.695572e+03 8.688327e+03 8.668399e+03 8.675644e+03
2.8 8.676661e+03 8.690032e+03 8.675649e+03 8.662278e+03
3.8 8.698623e+03 8.694506e+03 8.677853e+03 8.681970e+03
4.8 8.697199e+03 8.686549e+03 8.674114e+03 8.684764e+03
5.8 8.694281e+03 8.670106e+03 8.670321e+03 8.694497e+03
6.8 8.676797e+03 8.660212e+03 8.668135e+03 8.684720e+03
7.8 8.646983e+03 8.654705e+03 8.667146e+03 8.659425e+03
8.8 8.651335e+03 8.657274e+03 8.666881e+03 8.660942e+03
9.8 8.658730e+03 8.655344e+03 8.667013e+03 8.670399e+03
10.8 8.666586e+03 8.663253e+03 8.667292e+03 8.670625e+03
11.8 8.668761e+03 8.658839e+03 8.667560e+03 8.677481e+03
12.8 8.656038e+03 8.629908e+03 8.667758e+03 8.693888e+03
13.8 8.658731e+03 8.627009e+03 8.667889e+03 8.699612e+03
14.8 8.672483e+03 8.655302e+03 8.667974e+03 8.685156e+03
15.8 8.673928e+03 8.676143e+03 8.668034e+03 8.665819e+03
16.8 8.681455e+03 8.669358e+03 8.668081e+03 8.680178e+03
17.8 8.682900e+03 8.664980e+03 8.668123e+03 8.686043e+03
