0.3 9.795313e+03 9.823852e+03 9.831564e+03 9.803024e+03
1.3 9.850849e+03 9.839515e+03 9.837044e+03 9.848378e+03
2.3 9.844116e+03 9.863774e+03 9.838376e+03 9.818719e+03
3.3 9.857997e+03 9.863665e+03 9.830075e+03 9.824407e+03
4.3 9.854138e+03 9.837501e+03 9.825421e+03 9.842057e+03
5.3 9.805970e+03 9.837270e+03 9.826602e+03 9.795301e+03
6.3 9.804034e+03 9.840178e+03 9.828725e+03 9.792581e+03
7.3 9.828813e+03 9.820736e+03 9.830167e+03 9.838244e+03
8.3 9.786738e+03 9.806141e+03 9.831005e+03 9.811602e+03
9.3 9.765855e+03 9.798150e+03 9.831410e+03 9.799115e+03
10.3 9.832387e+03 9.818762e+03 9.831507e+03 9.845132e+03
11.3 9.835929e+03 9.815543e+03 9.831441e+03 9.851827e+03
12.3 9.808779e+03 9.827724e+03 9.831331e+03 9.812385e+03
13.3 9.827089e+03 9.833405e+03 9.831239e+03 9.824923e+03
14.3 9.857530e+03 9.829162e+03 9.831180e+03 9.859547e+03
15.3 9.816238e+03 9.825862e+03 9.831146e+03 9.821522e+03
16.3 9.825952e+03 9.857420e+03 9.831128e+03 9.799660e+03
17.3 9.879367e+03 9.880559e+03 9.831117e+03 9.829925e+03
0.5 9.850309e+03 9.831828e+03 9.829665e+03 9.848146e+03
1.5 9.847842e+03 9.859537e+03 9.827085e+03 9.815390e+03
2.5 9.885487e+03 9.897402e+03 9.828845e+03 9.816931e+03
3.5 9.933898e+03 9.903514e+03 9.833119e+03 9.863503e+03
4.5 9.906534e+03 9.872884e+03 9.833980e+03 9.867630e+03
5.5 9.818168e+03 9.842646e+03 9.832937e+03 9.808458e+03
6.5 9.814844e+03 9.811274e+03 9.831940e+03 9.835511e+03
7.5 9.848969e+03 9.818873e+03 9.831318e+03 9.861414e+03
8.5 9.815694e+03 9.828784e+03 9.830975e+03 9.817885e+03
9.5 9.800733e+03 9.839110e+03 9.830834e+03 9.792457e+03
10.5 9.797819e+03 9.825307e+03 9.830824e+03 9.803337e+03
11.5 9.769644e+03 9.815588e+03 9.830872e+03 9.784928e+03
12.5 9.794456e+03 9.793782e+03 9.830925e+03 9.831599e+03
13.5 9.813260e+03 9.806102e+03 9.830963e+03 9.838121e+03
14.5 9.810450e+03 9.831986e+03 9.830985e+03 9.809449e+03
15.5 9.837285e+03 9.818758e+03 9.830996e+03 9.849523e+03
16.5 9.854798e+03 9.850244e+03 9.831001e+03 9.835555e+03
17.5 9.892277e+03 9.875087e+03 9.831004e+03 9.848193e+03
0.1 9.826766e+03 9.808816e+03 9.831022e+03 9.848973e+03
1.1 9.826725e+03 9.794734e+03 9.835663e+03 9.867654e+03
2.1 9.835700e+03 9.864024e+03 9.838925e+03 9.810602e+03
3.1 9.909450e+03 9.901215e+03 9.832031e+03 9.840266e+03
4.1 9.885870e+03 9.873407e+03 9.825687e+03 9.838150e+03
5.1 9.832220e+03 9.839055e+03 9.826040e+03 9.819205e+03
6.1 9.820892e+03 9.827219e+03 9.828218e+03 9.821892e+03
7.1 9.836706e+03 9.847331e+03 9.829832e+03 9.819208e+03
8.1 9.820541e+03 9.865527e+03 9.830795e+03 9.785809e+03
9.1 9.802172e+03 9.861070e+03 9.831295e+03 9.772398e+03
10.1 9.831053e+03 9.859503e+03 9.831458e+03 9.803007e+03
11.1 9.811155e+03 9.853345e+03 9.831424e+03 9.789235e+03
12.1 9.798664e+03 9.841615e+03 9.831325e+03 9.788374e+03
13.1 9.804547e+03 9.826917e+03 9.831235e+03 9.808864e+03
14.1 9.839210e+03 9.804345e+03 9.831176e+03 9.866042e+03
15.1 9.816996e+03 9.806278e+03 9.831145e+03 9.841863e+03
16.1 9.802562e+03 9.789828e+03 9.831131e+03 9.843865e+03
17.1 9.815297e+03 9.794345e+03 9.831125e+03 9.852076e+03
0.4 9.832150e+03 9.828552e+03 9.829835e+03 9.833433e+03
1.4 9.853779e+03 9.849025e+03 9.827169e+03 9.831922e+03
2.4 9.893271e+03 9.901354e+03 9.828646e+03 9.820563e+03
3.4 9.924360e+03 9.897272e+03 9.832996e+03 9.860085e+03
4.4 9.887739e+03 9.889789e+03 9.834029e+03 9.831979e+03
5.4 9.875368e+03 9.875677e+03 9.833017e+03 9.832708e+03
6.4 9.920281e+03 9.885776e+03 9.832003e+03 9.866507e+03
7.4 9.881189e+03 9.877400e+03 9.831365e+03 9.835154e+03
8.4 9.936385e+03 9.893517e+03 9.831012e+03 9.873880e+03
9.4 9.908056e+03 9.903226e+03 9.830866e+03 9.835696e+03
10.4 9.873740e+03 9.855963e+03 9.830852e+03 9.848629e+03
11.4 9.875473e+03 9.836187e+03 9.830897e+03 9.870184e+03
12.4 9.827714e+03 9.835323e+03 9.830950e+03 9.823342e+03
13.4 9.778132e+03 9.832574e+03 9.830990e+03 9.776548e+03
14.4 9.791774e+03 9.821854e+03 9.831013e+03 9.800934e+03
15.4 9.836782e+03 9.842501e+03 9.831026e+03 9.825308e+03
16.4 9.855139e+03 9.828259e+03 9.831032e+03 9.857912e+03
17.4 9.856425e+03 9.822405e+03 9.831035e+03 9.865055e+03
0.1 9.821107e+03 9.856600e+03 9.830478e+03 9.794985e+03
1.1 9.854101e+03 9.847247e+03 9.827650e+03 9.834505e+03
2.1 9.883221e+03 9.875596e+03 9.827602e+03 9.835228e+03
3.1 9.895289e+03 9.902748e+03 9.831988e+03 9.824529e+03
4.1 9.828017e+03 9.875434e+03 9.834051e+03 9.786634e+03
5.1 9.861542e+03 9.846142e+03 9.833317e+03 9.848717e+03
6.1 9.813222e+03 9.811241e+03 9.832217e+03 9.834197e+03
7.1 9.755842e+03 9.814373e+03 9.831482e+03 9.772951e+03
8.1 9.779719e+03 9.791527e+03 9.831059e+03 9.819251e+03
9.1 9.828536e+03 9.807057e+03 9.830860e+03 9.852339e+03
10.1 9.839586e+03 9.810488e+03 9.830817e+03 9.859915e+03
11.1 9.875149e+03 9.837895e+03 9.830854e+03 9.868108e+03
12.1 9.843369e+03 9.853167e+03 9.830908e+03 9.821110e+03
13.1 9.811756e+03 9.832165e+03 9.830952e+03 9.810544e+03
14.1 9.780270e+03 9.838492e+03 9.830981e+03 9.772759e+03
15.1 9.783890e+03 9.835324e+03 9.830997e+03 9.779563e+03
16.1 9.819911e+03 9.826942e+03 9.831005e+03 9.823974e+03
17.1 9.864487e+03 9.850950e+03 9.831009e+03 9.844547e+03
0.5 9.850153e+03 9.837873e+03 9.830268e+03 9.842549e+03
1.5 9.851413e+03 9.845094e+03 9.829504e+03 9.835823e+03
2.5 9.861286e+03 9.882077e+03 9.830717e+03 9.809926e+03
3.5 9.858086e+03 9.874006e+03 9.832129e+03 9.816208e+03
4.5 9.861620e+03 9.847392e+03 9.832122e+03 9.846349e+03
5.5 9.835227e+03 9.849307e+03 9.831678e+03 9.817598e+03
6.5 9.826119e+03 9.834256e+03 9.831344e+03 9.823207e+03
