0.1 4.595103e+03 4.347209e+03 4.078145e+03 4.326040e+03
1.1 4.222639e+03 4.145919e+03 4.023401e+03 4.100121e+03
2.1 3.795292e+03 3.906434e+03 4.026092e+03 3.914950e+03
3.1 3.966497e+03 3.905183e+03 4.111821e+03 4.173135e+03
4.1 3.922159e+03 4.008451e+03 4.149013e+03 4.062721e+03
5.1 4.119425e+03 4.032755e+03 4.133310e+03 4.219980e+03
6.1 4.104668e+03 4.073190e+03 4.111683e+03 4.143161e+03
7.1 3.960946e+03 4.066925e+03 4.097435e+03 3.991456e+03
8.1 4.051015e+03 4.080088e+03 4.089300e+03 4.060227e+03
9.1 4.166318e+03 4.097172e+03 4.085550e+03 4.154696e+03
10.1 4.143272e+03 4.095730e+03 4.084809e+03 4.132352e+03
11.1 3.929684e+03 4.088509e+03 4.085569e+03 3.926743e+03
12.1 4.267993e+03 4.053261e+03 4.086657e+03 4.301388e+03
13.1 3.597375e+03 4.040610e+03 4.087511e+03 3.644276e+03
14.1 4.074066e+03 4.087372e+03 4.088006e+03 4.074700e+03
15.1 4.132256e+03 4.057654e+03 4.088229e+03 4.162830e+03
16.1 4.139394e+03 4.091794e+03 4.088334e+03 4.135933e+03
17.1 3.885055e+03 4.057444e+03 4.088403e+03 3.916015e+03
0.3 4.933670e+03 4.614914e+03 4.060612e+03 4.379368e+03
1.3 4.889951e+03 4.271585e+03 3.988377e+03 4.606743e+03
2.3 3.724376e+03 4.054417e+03 4.021655e+03 3.691613e+03
3.3 4.163750e+03 3.944805e+03 4.139040e+03 4.357984e+03
4.3 3.784415e+03 3.987798e+03 4.170016e+03 3.966633e+03
5.3 3.668729e+03 3.952523e+03 4.143067e+03 3.859273e+03
6.3 3.916850e+03 3.967984e+03 4.115101e+03 4.063967e+03
7.3 3.910242e+03 4.055446e+03 4.097482e+03 3.952278e+03
8.3 4.031996e+03 4.023451e+03 4.087687e+03 4.096233e+03
9.3 3.929052e+03 4.001230e+03 4.083552e+03 4.011374e+03
10.3 3.918760e+03 4.054570e+03 4.083139e+03 3.947329e+03
11.3 3.901906e+03 4.144664e+03 4.085109e+03 3.842351e+03
12.3 3.881181e+03 4.157839e+03 4.093467e+03 3.816809e+03
13.3 3.985407e+03 4.012801e+03 4.096644e+03 4.069250e+03
14.3 4.179819e+03 3.896487e+03 4.086732e+03 4.370064e+03
15.3 3.917281e+03 3.893410e+03 4.080200e+03 4.104071e+03
16.3 4.158754e+03 3.947617e+03 4.081704e+03 4.292841e+03
17.3 3.988451e+03 4.005124e+03 4.084773e+03 4.068100e+03
0.6 4.174686e+03 4.286250e+03 4.066039e+03 3.954475e+03
1.6 3.992298e+03 4.090835e+03 4.041318e+03 3.942781e+03
2.6 4.053661e+03 3.971993e+03 4.076215e+03 4.157883e+03
3.6 3.899750e+03 3.975331e+03 4.121981e+03 4.046400e+03
4.6 4.156071e+03 4.026491e+03 4.124357e+03 4.253937e+03
5.6 4.151310e+03 4.083373e+03 4.110465e+03 4.178402e+03
6.6 4.175289e+03 4.167986e+03 4.115052e+03 4.122355e+03
