0.5 4.484007e+03 4.258597e+03 4.100533e+03 4.325942e+03
1.5 4.023166e+03 4.236022e+03 4.042468e+03 3.829612e+03
2.5 4.119808e+03 4.095641e+03 3.955996e+03 3.980164e+03
3.5 4.137200e+03 4.049354e+03 3.978383e+03 4.066229e+03
4.5 4.212236e+03 4.029293e+03 4.039422e+03 4.222365e+03
5.5 4.014541e+03 4.042098e+03 4.082463e+03 4.054906e+03
6.5 4.059514e+03 4.065453e+03 4.104277e+03 4.098338e+03
7.5 4.086083e+03 4.065304e+03 4.112628e+03 4.133407e+03
8.5 4.166656e+03 4.087957e+03 4.113119e+03 4.191818e+03
9.5 3.949615e+03 4.076469e+03 4.109880e+03 3.983026e+03
10.5 4.052647e+03 4.115954e+03 4.105887e+03 4.042579e+03
11.5 4.125097e+03 4.042525e+03 4.102650e+03 4.185222e+03
12.5 4.054835e+03 4.140318e+03 4.100501e+03 4.015018e+03
13.5 3.937146e+03 4.101649e+03 4.099213e+03 3.934710e+03
14.5 4.031665e+03 4.166048e+03 4.098456e+03 3.964073e+03
15.5 3.976896e+03 4.106284e+03 4.097989e+03 3.968600e+03
16.5 4.151639e+03 4.073047e+03 4.097684e+03 4.176275e+03
17.5 4.048788e+03 4.086531e+03 4.097470e+03 4.059727e+03
0.7 4.096774e+03 4.224939e+03 4.101232e+03 3.973067e+03
1.7 4.048066e+03 4.116919e+03 4.027602e+03 3.958750e+03
2.7 4.115051e+03 3.992870e+03 3.955338e+03 4.077519e+03
3.7 4.058779e+03 4.086454e+03 3.990123e+03 3.962448e+03
4.7 4.034487e+03 4.202905e+03 4.050553e+03 3.882135e+03
5.7 4.015706e+03 4.197720e+03 4.090351e+03 3.908337e+03
6.7 3.962799e+03 4.058469e+03 4.110088e+03 4.014418e+03
7.7 4.083979e+03 4.068799e+03 4.117384e+03 4.132565e+03
8.7 3.901438e+03 4.006288e+03 4.117510e+03 4.012659e+03
9.7 4.017403e+03 3.969471e+03 4.114424e+03 4.162355e+03
10.7 3.969812e+03 3.938079e+03 4.110882e+03 4.142615e+03
11.7 4.235628e+03 3.972248e+03 4.108176e+03 4.371556e+03
12.7 4.272702e+03 4.092323e+03 4.106504e+03 4.286883e+03
13.6 4.444334e+03 4.181593e+03 4.105591e+03 4.368332e+03
14.6 4.326508e+03 4.292243e+03 4.105108e+03 4.139373e+03
15.6 4.421868e+03 4.295508e+03 4.104823e+03 4.231182e+03
16.6 4.282204e+03 4.180668e+03 4.104606e+03 4.206142e+03
17.6 4.260218e+03 4.172651e+03 4.104397e+03 4.191964e+03
0.1 4.595103e+03 4.347209e+03 4.103620e+03 4.351514e+03
1.1 4.222639e+03 4.145919e+03 4.083511e+03 4.160231e+03
2.1 3.795292e+03 3.906434e+03 3.987373e+03 3.876232e+03
3.1 3.966497e+03 3.905183e+03 3.969693e+03 4.031007e+03
4.1 3.922159e+03 4.008451e+03 4.022727e+03 3.936436e+03
5.1 4.119425e+03 4.032755e+03 4.071328e+03 4.157998e+03
6.1 4.104668e+03 4.073190e+03 4.098296e+03 4.129774e+03
7.1 3.960946e+03 4.066925e+03 4.109959e+03 4.003980e+03
8.1 4.051015e+03 4.080088e+03 4.112473e+03 4.083400e+03
9.1 4.166318e+03 4.097172e+03 4.110109e+03 4.179255e+03
10.1 4.143272e+03 4.095730e+03 4.106115e+03 4.153658e+03
11.1 3.929684e+03 4.088509e+03 4.102440e+03 3.943614e+03
12.1 4.267993e+03 4.053261e+03 4.099752e+03 4.314484e+03
13.1 3.597375e+03 4.040610e+03 4.097972e+03 3.654737e+03
14.1 4.074066e+03 4.087372e+03 4.096791e+03 4.083485e+03
15.1 4.132256e+03 4.057654e+03 4.095972e+03 4.170573e+03
16.1 4.139394e+03 4.091794e+03 4.095351e+03 4.142951e+03
17.1 3.885055e+03 4.057444e+03 4.094815e+03 3.922427e+03
0.7 4.112966e+03 4.031302e+03 4.097527e+03 4.179192e+03
1.7 3.991660e+03 3.906178e+03 4.016388e+03 4.101869e+03
2.7 3.801018e+03 3.818984e+03 3.951853e+03 3.933887e+03
3.7 3.651039e+03 3.857604e+03 3.991450e+03 3.784885e+03
4.7 3.490951e+03 3.990475e+03 4.050685e+03 3.551161e+03
5.7 4.398775e+03 4.170717e+03 4.088311e+03 4.316369e+03
6.7 4.028162e+03 4.192091e+03 4.106420e+03 3.942492e+03
7.7 4.021274e+03 3.994613e+03 4.112523e+03 4.139183e+03
8.7 4.505625e+03 4.196908e+03 4.111763e+03 4.420480e+03
9.7 4.644837e+03 4.246926e+03 4.108034e+03 4.505945e+03
10.7 3.910862e+03 4.215135e+03 4.103992e+03 3.799719e+03
11.7 4.011691e+03 4.110986e+03 4.100836e+03 4.001541e+03
12.7 3.963181e+03 4.017463e+03 4.098743e+03 4.044462e+03
13.7 3.908205e+03 3.972164e+03 4.097435e+03 4.033476e+03
14.7 3.879870e+03 3.941318e+03 4.096562e+03 4.035114e+03
15.7 3.739432e+03 4.004729e+03 4.095899e+03 3.830602e+03
16.7 3.884795e+03 4.009252e+03 4.095338e+03 3.970881e+03
17.7 4.251468e+03 4.132905e+03 4.094834e+03 4.213397e+03
0.7 3.744561e+03 4.157005e+03 4.097326e+03 3.684882e+03
1.7 3.992901e+03 4.091891e+03 4.022243e+03 3.923253e+03
2.7 3.767524e+03 3.931669e+03 3.960378e+03 3.796233e+03
3.7 4.075159e+03 3.915972e+03 3.996832e+03 4.156019e+03
4.7 3.915202e+03 4.027713e+03 4.052595e+03 3.940083e+03
5.7 4.206993e+03 4.188016e+03 4.088209e+03 4.107186e+03
6.7 4.349868e+03 4.224176e+03 4.105423e+03 4.231116e+03
7.7 4.395787e+03 4.106253e+03 4.111307e+03 4.400841e+03
8.7 4.200000e+03 4.028359e+03 4.110711e+03 4.282351e+03
9.7 4.024384e+03 4.046156e+03 4.107301e+03 4.085530e+03
10.7 4.163986e+03 4.086210e+03 4.103590e+03 4.181366e+03
11.7 4.226274e+03 4.106709e+03 4.100719e+03 4.220284e+03
12.7 3.761320e+03 3.988330e+03 4.098837e+03 3.871826e+03
13.7 3.952092e+03 3.996027e+03 4.097684e+03 4.053748e+03
14.7 3.862566e+03 3.992561e+03 4.096967e+03 3.966972e+03
15.7 3.954979e+03 3.915542e+03 4.096519e+03 4.135957e+03
16.7 3.831844e+03 3.990882e+03 4.096222e+03 3.937183e+03
17.7 3.826961e+03 3.962203e+03 4.095999e+03 3.960757e+03
0.3 4.933670e+03 4.614914e+03 4.106294e+03 4.425049e+03
1.3 4.889951e+03 4.271585e+03 4.070731e+03 4.689097e+03
2.3 3.724376e+03 4.054417e+03 3.978918e+03 3.648876e+03
3.3 4.163750e+03 3.944805e+03 3.983336e+03 4.202280e+03
4.3 3.784415e+03 3.987798e+03 4.040519e+03 3.837136e+03
5.3 3.668729e+03 3.952523e+03 4.085606e+03 3.801813e+03
6.3 3.916850e+03 3.967984e+03 4.109661e+03 4.058527e+03
7.3 3.910242e+03 4.055446e+03 4.119782e+03 3.974579e+03
8.3 4.031996e+03 4.023451e+03 4.121629e+03 4.130174e+03
9.3 3.929052e+03 4.001230e+03 4.119246e+03 4.047068e+03
10.3 3.918760e+03 4.054570e+03 4.115648e+03 3.979839e+03
11.3 3.901906e+03 4.144664e+03 4.112503e+03 3.869745e+03
12.3 3.881181e+03 4.157839e+03 4.100463e+03 3.823805e+03
13.3 3.985407e+03 4.012801e+03 4.002897e+03 3.975503e+03
14.3 4.179819e+03 3.896487e+03 3.960792e+03 4.244124e+03
15.3 3.917281e+03 3.893410e+03 4.010450e+03 4.034321e+03
16.3 4.158754e+03 3.947617e+03 4.065874e+03 4.277012e+03
17.3 3.988451e+03 4.005124e+03 4.098394e+03 4.081721e+03
0.9 3.881181e+03 4.157839e+03 4.100463e+03 3.823805e+03
1.9 3.985407e+03 4.012801e+03 4.002897e+03 3.975503e+03
2.9 4.179819e+03 3.896487e+03 3.960792e+03 4.244124e+03
3.9 3.917281e+03 3.893410e+03 4.010450e+03 4.034321e+03
4.9 4.158754e+03 3.947617e+03 4.065874e+03 4.277012e+03
5.9 3.988451e+03 4.005124e+03 4.098394e+03 4.081721e+03
6.9 4.111052e+03 4.138524e+03 4.113065e+03 4.085594e+03
7.9 4.116590e+03 4.267749e+03 4.116951e+03 3.965791e+03
8.9 4.047694e+03 4.241905e+03 4.114858e+03 3.920647e+03
9.9 4.358110e+03 4.103266e+03 4.110471e+03 4.365314e+03
10.9 3.897341e+03 4.076498e+03 4.106151e+03 3.926994e+03
11.9 3.967817e+03 4.096237e+03 4.102840e+03 3.974421e+03
12.9 3.982831e+03 4.035136e+03 4.100557e+03 4.048252e+03
13.9 4.089120e+03 4.040806e+03 4.098988e+03 4.147301e+03
14.9 4.023134e+03 4.075674e+03 4.097831e+03 4.045291e+03
15.9 4.186774e+03 4.113686e+03 4.096892e+03 4.169981e+03
16.9 4.264597e+03 4.123939e+03 4.096069e+03 4.236727e+03
17.9 3.926250e+03 4.126541e+03 4.095319e+03 3.895028e+03
0.6 4.174686e+03 4.286250e+03 4.117089e+03 4.005525e+03
1.6 3.992298e+03 4.090835e+03 4.053702e+03 3.955165e+03
2.6 4.053661e+03 3.971993e+03 3.984545e+03 4.066213e+03
3.6 3.899750e+03 3.975331e+03 4.016997e+03 3.941416e+03
4.6 4.156071e+03 4.026491e+03 4.076529e+03 4.206109e+03
5.6 4.151310e+03 4.083373e+03 4.117309e+03 4.185246e+03
6.6 4.175289e+03 4.167986e+03 4.138773e+03 4.146076e+03
0.5 4.175289e+03 4.167986e+03 4.138773e+03 4.146076e+03
