0.6 9.110513e+03 9.087644e+03 9.092559e+03 9.115427e+03
1.6 9.111993e+03 9.090089e+03 9.091340e+03 9.113244e+03
2.6 9.145520e+03 9.120154e+03 9.089964e+03 9.115330e+03
3.6 9.164332e+03 9.116543e+03 9.090508e+03 9.138297e+03
4.6 9.141796e+03 9.120125e+03 9.091580e+03 9.113252e+03
5.6 9.096285e+03 9.094799e+03 9.092299e+03 9.093785e+03
6.6 9.063865e+03 9.086634e+03 9.092655e+03 9.069886e+03
7.6 9.054710e+03 9.101336e+03 9.092784e+03 9.046158e+03
8.6 9.088726e+03 9.103231e+03 9.092782e+03 9.078276e+03
9.6 9.101538e+03 9.107271e+03 9.092719e+03 9.086986e+03
10.6 9.127072e+03 9.101883e+03 9.092646e+03 9.117834e+03
11.6 9.137758e+03 9.102885e+03 9.092588e+03 9.127461e+03
12.6 9.118716e+03 9.101930e+03 9.092548e+03 9.109334e+03
13.6 9.108647e+03 9.075453e+03 9.092522e+03 9.125716e+03
14.6 9.079238e+03 9.075157e+03 9.092505e+03 9.096586e+03
15.6 9.034374e+03 9.069136e+03 9.092492e+03 9.057730e+03
16.6 9.035975e+03 9.056204e+03 9.092481e+03 9.072251e+03
17.6 9.039193e+03 9.081903e+03 9.092470e+03 9.049761e+03
0.8 9.141201e+03 9.105490e+03 9.092190e+03 9.127901e+03
1.8 9.146018e+03 9.103756e+03 9.092078e+03 9.134340e+03
2.8 9.151387e+03 9.135712e+03 9.093578e+03 9.109253e+03
3.8 9.163864e+03 9.147935e+03 9.093887e+03 9.109815e+03
4.8 9.130227e+03 9.102387e+03 9.093233e+03 9.121073e+03
5.8 9.121173e+03 9.086975e+03 9.092642e+03 9.126840e+03
6.8 9.094631e+03 9.086923e+03 9.092313e+03 9.100022e+03
7.8 9.091535e+03 9.074882e+03 9.092164e+03 9.108817e+03
8.8 9.077081e+03 9.087041e+03 9.092123e+03 9.082163e+03
9.8 9.083320e+03 9.080778e+03 9.092143e+03 9.094686e+03
10.8 9.076809e+03 9.084670e+03 9.092186e+03 9.084324e+03
11.8 9.101544e+03 9.094972e+03 9.092225e+03 9.098798e+03
12.8 9.113868e+03 9.090004e+03 9.092253e+03 9.116118e+03
13.8 9.045089e+03 9.097477e+03 9.092271e+03 9.039883e+03
14.8 8.981042e+03 9.062768e+03 9.092281e+03 9.010555e+03
15.8 8.981745e+03 9.047474e+03 9.092287e+03 9.026558e+03
16.8 9.066826e+03 9.059956e+03 9.092292e+03 9.099162e+03
17.8 9.114400e+03 9.096852e+03 9.092295e+03 9.109843e+03
0.5 9.082178e+03 9.089586e+03 9.092272e+03 9.084864e+03
1.5 9.073358e+03 9.067773e+03 9.091900e+03 9.097485e+03
2.5 9.082500e+03 9.091755e+03 9.093038e+03 9.083783e+03
3.5 9.075717e+03 9.098787e+03 9.093702e+03 9.070632e+03
4.5 9.092954e+03 9.098980e+03 9.093263e+03 9.087237e+03
5.5 9.106828e+03 9.078709e+03 9.092715e+03 9.120835e+03
6.5 9.127976e+03 9.055407e+03 9.092386e+03 9.164955e+03
7.5 9.066104e+03 9.080854e+03 9.092226e+03 9.077475e+03
8.5 8.996876e+03 9.070019e+03 9.092169e+03 9.019026e+03
9.5 9.003285e+03 9.082853e+03 9.092173e+03 9.012605e+03
10.5 9.071645e+03 9.088537e+03 9.092204e+03 9.075312e+03
11.5 9.104311e+03 9.112189e+03 9.092238e+03 9.084360e+03
12.5 9.102442e+03 9.099150e+03 9.092262e+03 9.095554e+03
13.5 9.077428e+03 9.090709e+03 9.092276e+03 9.078996e+03
14.5 9.088980e+03 9.086277e+03 9.092284e+03 9.094986e+03
15.5 9.095662e+03 9.104407e+03 9.092287e+03 9.083542e+03
16.5 9.085546e+03 9.107299e+03 9.092288e+03 9.070534e+03
17.5 9.056548e+03 9.106788e+03 9.092287e+03 9.042047e+03
0.4 9.143939e+03 9.147336e+03 9.092139e+03 9.088742e+03
1.4 9.164419e+03 9.113200e+03 9.091735e+03 9.142955e+03
2.4 9.173014e+03 9.139403e+03 9.093724e+03 9.127336e+03
3.4 9.191507e+03 9.208646e+03 9.095681e+03 9.078542e+03
4.4 9.210668e+03 9.197853e+03 9.094836e+03 9.107651e+03
5.4 9.153530e+03 9.116450e+03 9.093407e+03 9.130487e+03
6.4 9.030298e+03 9.020742e+03 9.092488e+03 9.102044e+03
7.4 8.919575e+03 8.985599e+03 9.092035e+03 9.026011e+03
8.4 8.891274e+03 8.989207e+03 9.091870e+03 8.993936e+03
9.4 8.899699e+03 8.988955e+03 9.091873e+03 9.002617e+03
10.4 8.964119e+03 8.999551e+03 9.091953e+03 9.056522e+03
11.4 9.026384e+03 9.023283e+03 9.092044e+03 9.095145e+03
12.4 9.064548e+03 9.050335e+03 9.092114e+03 9.106326e+03
13.4 9.077043e+03 9.064626e+03 9.092157e+03 9.104574e+03
14.4 9.122887e+03 9.070415e+03 9.092181e+03 9.144654e+03
15.4 9.162928e+03 9.090407e+03 9.092193e+03 9.164714e+03
16.4 9.173562e+03 9.102421e+03 9.092198e+03 9.163339e+03
17.4 9.160151e+03 9.128116e+03 9.092198e+03 9.124233e+03
1.0 9.099757e+03 9.107246e+03 9.091917e+03 9.084428e+03
2.0 9.130195e+03 9.148699e+03 9.090473e+03 9.071968e+03
3.0 9.160548e+03 9.176317e+03 9.090068e+03 9.074299e+03
4.0 9.178262e+03 9.151130e+03 9.090819e+03 9.117951e+03
5.0 9.147318e+03 9.112747e+03 9.091552e+03 9.126122e+03
6.0 9.126145e+03 9.089335e+03 9.091960e+03 9.128770e+03
7.0 9.081494e+03 9.046726e+03 9.092134e+03 9.126902e+03
8.0 9.077572e+03 9.031365e+03 9.092168e+03 9.138374e+03
9.0 9.105113e+03 9.057348e+03 9.092128e+03 9.139892e+03
10.0 9.106139e+03 9.080744e+03 9.092063e+03 9.117458e+03
11.0 9.073257e+03 9.071966e+03 9.091961e+03 9.093253e+03
12.0 9.055320e+03 9.058108e+03 9.092112e+03 9.089324e+03
13.0 9.072609e+03 9.076618e+03 9.097469e+03 9.093460e+03
14.0 9.105674e+03 9.115117e+03 9.099727e+03 9.090284e+03
15.0 9.130195e+03 9.121492e+03 9.097062e+03 9.105766e+03
16.0 9.120121e+03 9.088379e+03 9.094098e+03 9.125840e+03
17.0 9.086440e+03 9.080470e+03 9.092347e+03 9.098316e+03
18.0 9.072577e+03 9.090411e+03 9.091539e+03 9.073704e+03
0.7 9.073257e+03 9.071966e+03 9.091961e+03 9.093253e+03
1.7 9.055320e+03 9.058108e+03 9.092112e+03 9.089324e+03
2.7 9.072609e+03 9.076618e+03 9.097469e+03 9.093460e+03
3.7 9.105674e+03 9.115117e+03 9.099727e+03 9.090284e+03
4.7 9.130195e+03 9.121492e+03 9.097062e+03 9.105766e+03
5.7 9.120121e+03 9.088379e+03 9.094098e+03 9.125840e+03
6.7 9.086440e+03 9.080470e+03 9.092347e+03 9.098316e+03
7.7 9.072577e+03 9.090411e+03 9.091539e+03 9.073704e+03
8.7 9.091537e+03 9.095388e+03 9.091302e+03 9.087451e+03
9.7 9.095024e+03 9.089840e+03 9.091386e+03 9.096570e+03
10.7 9.129840e+03 9.100174e+03 9.091596e+03 9.121262e+03
11.7 9.125558e+03 9.091428e+03 9.091805e+03 9.125935e+03
12.7 9.056445e+03 9.075705e+03 9.091964e+03 9.072704e+03
13.7 9.017761e+03 9.050875e+03 9.092071e+03 9.058957e+03
14.7 9.003196e+03 9.061924e+03 9.092143e+03 9.033415e+03
15.7 9.002383e+03 9.053486e+03 9.092195e+03 9.041092e+03
16.7 9.044209e+03 9.048692e+03 9.092237e+03 9.087754e+03
17.7 9.069316e+03 9.056969e+03 9.092275e+03 9.104622e+03
0.3 9.162641e+03 9.094230e+03 9.092346e+03 9.160756e+03
1.3 9.162048e+03 9.113222e+03 9.091843e+03 9.140669e+03
2.3 9.149520e+03 9.132750e+03 9.090689e+03 9.107459e+03
3.3 9.163126e+03 9.152263e+03 9.090875e+03 9.101738e+03
4.3 9.162764e+03 9.126850e+03 9.091651e+03 9.127565e+03
5.3 9.111596e+03 9.094084e+03 9.092229e+03 9.109741e+03
6.3 9.032830e+03 9.035032e+03 9.092539e+03 9.090338e+03
7.3 9.023696e+03 9.028788e+03 9.092676e+03 9.087584e+03
8.3 9.010453e+03 9.000295e+03 9.092710e+03 9.102868e+03
9.3 9.029982e+03 9.008845e+03 9.092693e+03 9.113830e+03
10.3 9.062811e+03 9.061807e+03 9.092661e+03 9.093665e+03
11.3 9.079929e+03 9.108581e+03 9.092635e+03 9.063982e+03
12.3 9.090285e+03 9.121621e+03 9.092620e+03 9.061284e+03
13.3 9.115266e+03 9.111535e+03 9.092614e+03 9.096344e+03
14.3 9.116415e+03 9.123216e+03 9.092612e+03 9.085812e+03
15.3 9.129091e+03 9.120389e+03 9.092613e+03 9.101314e+03
16.3 9.133953e+03 9.135024e+03 9.092612e+03 9.091541e+03
17.3 9.123650e+03 9.131282e+03 9.091983e+03 9.084351e+03
0.3 9.133953e+03 9.135024e+03 9.092612e+03 9.091541e+03
1.3 9.123650e+03 9.131282e+03 9.091983e+03 9.084351e+03
2.3 9.127811e+03 9.154610e+03 9.090424e+03 9.063626e+03
3.3 9.130298e+03 9.152453e+03 9.090510e+03 9.068355e+03
4.3 9.095300e+03 9.107699e+03 9.091466e+03 9.079067e+03
5.3 9.059182e+03 9.089595e+03 9.092212e+03 9.061799e+03
6.3 9.044158e+03 9.101277e+03 9.092605e+03 9.035486e+03
7.3 9.061179e+03 9.098330e+03 9.092764e+03 9.055612e+03
8.3 9.047856e+03 9.079869e+03 9.092784e+03 9.060771e+03
9.3 9.059973e+03 9.102011e+03 9.092735e+03 9.050696e+03
10.3 9.073937e+03 9.094051e+03 9.092667e+03 9.072553e+03
11.3 9.075699e+03 9.077057e+03 9.092608e+03 9.091250e+03
12.3 9.087500e+03 9.062468e+03 9.092568e+03 9.117600e+03
13.3 9.076101e+03 9.061249e+03 9.092542e+03 9.107394e+03
14.3 9.101536e+03 9.058470e+03 9.092525e+03 9.135591e+03
15.3 9.154404e+03 9.103380e+03 9.092514e+03 9.143539e+03
16.3 9.166983e+03 9.131206e+03 9.092506e+03 9.128284e+03
17.3 9.146294e+03 9.139550e+03 9.092500e+03 9.099244e+03
0.8 9.057018e+03 9.089690e+03 9.092417e+03 9.059745e+03
1.8 9.061493e+03 9.077986e+03 9.091440e+03 9.074947e+03
2.8 9.047785e+03 9.095841e+03 9.091181e+03 9.043125e+03
3.8 9.059362e+03 9.086511e+03 9.091716e+03 9.064567e+03
4.8 9.059590e+03 9.069870e+03 9.092215e+03 9.081935e+03
5.8 9.093674e+03 9.062605e+03 9.092493e+03 9.123562e+03
6.8 9.115335e+03 9.071782e+03 9.092618e+03 9.136171e+03
7.8 9.132792e+03 9.103498e+03 9.092652e+03 9.121947e+03
8.8 9.134090e+03 9.100128e+03 9.092637e+03 9.126599e+03
9.8 9.132746e+03 9.101093e+03 9.092605e+03 9.124257e+03
10.8 9.124548e+03 9.080813e+03 9.092574e+03 9.136309e+03
11.8 9.097608e+03 9.083833e+03 9.092553e+03 9.106329e+03
12.8 9.098173e+03 9.091550e+03 9.092541e+03 9.099163e+03
13.8 9.129216e+03 9.112427e+03 9.092533e+03 9.109323e+03
14.8 9.130868e+03 9.100645e+03 9.092529e+03 9.122752e+03
15.8 9.099638e+03 9.091805e+03 9.092525e+03 9.100358e+03
16.8 9.067177e+03 9.096506e+03 9.092522e+03 9.063193e+03
17.8 9.060741e+03 9.082020e+03 9.092310e+03 9.071031e+03
1.0 9.060741e+03 9.082020e+03 9.092310e+03 9.071031e+03
2.0 9.057400e+03 9.105660e+03 9.091454e+03 9.043194e+03
3.0 9.098954e+03 9.111063e+03 9.091520e+03 9.079411e+03
4.0 9.127963e+03 9.116887e+03 9.092006e+03 9.103083e+03
5.0 9.141830e+03 9.133309e+03 9.092344e+03 9.100865e+03
6.0 9.102948e+03 9.141708e+03 9.092508e+03 9.053748e+03
7.0 9.046436e+03 9.131352e+03 9.092569e+03 9.007653e+03
8.0 9.046307e+03 9.077688e+03 9.092570e+03 9.061188e+03
9.0 9.051186e+03 9.037805e+03 9.092539e+03 9.105921e+03
10.0 9.061149e+03 9.050874e+03 9.092501e+03 9.102776e+03
11.0 9.089575e+03 9.084145e+03 9.092467e+03 9.097896e+03
12.0 9.128772e+03 9.101491e+03 9.092440e+03 9.119721e+03
