9.017386e+03 8.859196e+03 8.815385e+03 9.061197e+03
8.868494e+03 8.847593e+03 8.851756e+03 8.864331e+03
8.844065e+03 8.833045e+03 8.901644e+03 8.775467e+03
8.934834e+03 8.824200e+03 8.908010e+03 8.851024e+03
8.778482e+03 8.829250e+03 8.884591e+03 8.723142e+03
8.831025e+03 8.843647e+03 8.837662e+03 8.837010e+03
8.831639e+03 8.854236e+03 8.819098e+03 8.866777e+03
8.786836e+03 8.864310e+03 8.818659e+03 8.832487e+03
8.756232e+03 8.874095e+03 8.814951e+03 8.815377e+03
8.841709e+03 8.883789e+03 8.836183e+03 8.889315e+03
8.822438e+03 8.894055e+03 8.867361e+03 8.849132e+03
8.897196e+03 8.898566e+03 8.900588e+03 8.895174e+03
8.925205e+03 8.902589e+03 8.874438e+03 8.953356e+03
8.857939e+03 8.913464e+03 8.882365e+03 8.889038e+03
8.951855e+03 8.923527e+03 8.891407e+03 8.983976e+03
8.973298e+03 8.932577e+03 8.914194e+03 8.991681e+03
8.901312e+03 8.915762e+03 9.013493e+03 8.803581e+03
9.007922e+03 8.886559e+03 9.066387e+03 8.828094e+03
8.871805e+03 8.861818e+03 8.930268e+03 8.803355e+03
8.858429e+03 8.850681e+03 8.926181e+03 8.782928e+03
8.839961e+03 8.855042e+03 8.863613e+03 8.831390e+03
8.781029e+03 8.861133e+03 8.803726e+03 8.838436e+03
8.853786e+03 8.862796e+03 8.845759e+03 8.870823e+03
9.015303e+03 8.851709e+03 8.915341e+03 8.951671e+03
8.683072e+03 8.829543e+03 8.837786e+03 8.674829e+03
8.645523e+03 8.817585e+03 8.789951e+03 8.673158e+03
8.608227e+03 8.821431e+03 8.662290e+03 8.767367e+03
8.802858e+03 8.827521e+03 8.759509e+03 8.870870e+03
8.906969e+03 8.833930e+03 8.795520e+03 8.945379e+03
8.810410e+03 8.844377e+03 8.826495e+03 8.828292e+03
8.881169e+03 8.859916e+03 8.842706e+03 8.898379e+03
8.961748e+03 8.875887e+03 8.892438e+03 8.945198e+03
8.769862e+03 8.885381e+03 8.856647e+03 8.798597e+03
8.804165e+03 8.898102e+03 8.841360e+03 8.860907e+03
8.833779e+03 8.915912e+03 8.937751e+03 8.811941e+03
9.039524e+03 8.927827e+03 8.900116e+03 9.067235e+03
8.853466e+03 8.919582e+03 8.899095e+03 8.873952e+03
8.991730e+03 8.895222e+03 8.915500e+03 8.971452e+03
8.942481e+03 8.875208e+03 8.953990e+03 8.863699e+03
8.702635e+03 8.845388e+03 8.890147e+03 8.657876e+03
8.887712e+03 8.803150e+03 8.910265e+03 8.780597e+03
8.857081e+03 8.775782e+03 8.817030e+03 8.815834e+03
8.832934e+03 8.771698e+03 8.838942e+03 8.765690e+03
8.732693e+03 8.784924e+03 8.780932e+03 8.736685e+03
8.741157e+03 8.805462e+03 8.722792e+03 8.823827e+03
8.705935e+03 8.825088e+03 8.727454e+03 8.803569e+03
8.707551e+03 8.839878e+03 8.729422e+03 8.818007e+03
8.957129e+03 8.851009e+03 8.758925e+03 9.049214e+03
8.886865e+03 8.860747e+03 8.789571e+03 8.958041e+03
8.917056e+03 8.871170e+03 8.850346e+03 8.937880e+03
8.968585e+03 8.885797e+03 8.894822e+03 8.959560e+03
9.055275e+03 8.894559e+03 8.883847e+03 9.065988e+03
8.963008e+03 8.899499e+03 8.892154e+03 8.970354e+03
8.918792e+03 8.913846e+03 8.870948e+03 8.961690e+03
8.812054e+03 8.939383e+03 8.952812e+03 8.798625e+03
8.717486e+03 8.941053e+03 8.940611e+03 8.717928e+03
8.911019e+03 8.940523e+03 8.906359e+03 8.945183e+03
9.091833e+03 8.915166e+03 9.056244e+03 8.950755e+03
9.221750e+03 8.876867e+03 9.046430e+03 9.052187e+03
9.092032e+03 8.851628e+03 8.939362e+03 9.004298e+03
8.815721e+03 8.845630e+03 8.893692e+03 8.767658e+03
8.771168e+03 8.851503e+03 8.861190e+03 8.761482e+03
8.941778e+03 8.855374e+03 8.884202e+03 8.912950e+03
8.972724e+03 8.855798e+03 8.909157e+03 8.919365e+03
8.785147e+03 8.846128e+03 8.827515e+03 8.803760e+03
8.767939e+03 8.838260e+03 8.779563e+03 8.826636e+03
8.717991e+03 8.836472e+03 8.753889e+03 8.800575e+03
8.829852e+03 8.841035e+03 8.836331e+03 8.834555e+03
8.836925e+03 8.852052e+03 8.835398e+03 8.853580e+03
8.681434e+03 8.864920e+03 8.766244e+03 8.780110e+03
8.830560e+03 8.878809e+03 8.826858e+03 8.882511e+03
8.789673e+03 8.890102e+03 8.816811e+03 8.862963e+03
8.670832e+03 8.885782e+03 8.820826e+03 8.735788e+03
9.048799e+03 8.874067e+03 8.994441e+03 8.928425e+03
9.033145e+03 8.849993e+03 8.969252e+03 8.913886e+03
8.934271e+03 8.825151e+03 8.962910e+03 8.796512e+03
8.640827e+03 8.821910e+03 8.862384e+03 8.600354e+03
8.787088e+03 8.830340e+03 8.741005e+03 8.876424e+03
8.893047e+03 8.842388e+03 8.827524e+03 8.907911e+03
8.700299e+03 8.856466e+03 8.844751e+03 8.712013e+03
8.559171e+03 8.868793e+03 8.745276e+03 8.682687e+03
8.828716e+03 8.885844e+03 8.849414e+03 8.865146e+03
8.995878e+03 8.905355e+03 8.951484e+03 8.949749e+03
9.056943e+03 8.914209e+03 8.938005e+03 9.033147e+03
8.949751e+03 8.899397e+03 9.024509e+03 8.824639e+03
9.077912e+03 8.879696e+03 9.056677e+03 8.900930e+03
8.975365e+03 8.850828e+03 9.029440e+03 8.796753e+03
8.992781e+03 8.823122e+03 8.922627e+03 8.893276e+03
8.868262e+03 8.810749e+03 8.794131e+03 8.884880e+03
8.847028e+03 8.811480e+03 8.780834e+03 8.877674e+03
8.656908e+03 8.821823e+03 8.745738e+03 8.732994e+03
8.782084e+03 8.833646e+03 8.771370e+03 8.844360e+03
8.823246e+03 8.846151e+03 8.814861e+03 8.854536e+03
8.830215e+03 8.859093e+03 8.867249e+03 8.822059e+03
8.858415e+03 8.868916e+03 8.905860e+03 8.821471e+03
8.679643e+03 8.878456e+03 8.888151e+03 8.669947e+03
8.652727e+03 8.888449e+03 8.857434e+03 8.683741e+03
8.827496e+03 8.894482e+03 8.868274e+03 8.853705e+03
8.822079e+03 8.901245e+03 8.861294e+03 8.862030e+03
8.735832e+03 8.905956e+03 8.814389e+03 8.827399e+03
8.914400e+03 8.910926e+03 8.870541e+03 8.954785e+03
8.972027e+03 8.895144e+03 9.009040e+03 8.858131e+03
9.204718e+03 8.875010e+03 9.058732e+03 9.020996e+03
9.092275e+03 8.862569e+03 8.886273e+03 9.068572e+03
9.015045e+03 8.856709e+03 8.737568e+03 9.134186e+03
9.068868e+03 8.852884e+03 8.809568e+03 9.112184e+03
9.082338e+03 8.854263e+03 8.796082e+03 9.140519e+03
8.820886e+03 8.859440e+03 8.736626e+03 8.943699e+03
8.942827e+03 8.861886e+03 8.855102e+03 8.949610e+03
9.029690e+03 8.855519e+03 8.957851e+03 8.927359e+03
9.065080e+03 8.836660e+03 9.010440e+03 8.891300e+03
8.975114e+03 8.824946e+03 8.921365e+03 8.878696e+03
8.890424e+03 8.826478e+03 8.853635e+03 8.863267e+03
8.848146e+03 8.834463e+03 8.774363e+03 8.908247e+03
8.802774e+03 8.845246e+03 8.833468e+03 8.814552e+03
8.831157e+03 8.856768e+03 8.862117e+03 8.825809e+03
8.734700e+03 8.866088e+03 8.888873e+03 8.711915e+03
8.696984e+03 8.875992e+03 8.912980e+03 8.659996e+03
8.903258e+03 8.887194e+03 8.911519e+03 8.878933e+03
9.015920e+03 8.893030e+03 8.940590e+03 8.968360e+03
8.897377e+03 8.900182e+03 8.848314e+03 8.949245e+03
8.824729e+03 8.893123e+03 8.910515e+03 8.807336e+03
9.082910e+03 8.877628e+03 8.996138e+03 8.964400e+03
8.785221e+03 8.865498e+03 8.851459e+03 8.799260e+03
8.729772e+03 8.847065e+03 8.766867e+03 8.809970e+03
8.625537e+03 8.839683e+03 8.688001e+03 8.777219e+03
8.607466e+03 8.860357e+03 8.667097e+03 8.800727e+03
8.628808e+03 8.872884e+03 8.742389e+03 8.759302e+03
8.655301e+03 8.871584e+03 8.758743e+03 8.768142e+03
8.611210e+03 8.867781e+03 8.740317e+03 8.738674e+03
8.687737e+03 8.865186e+03 8.737906e+03 8.815018e+03
8.716200e+03 8.863692e+03 8.765383e+03 8.814509e+03
8.794474e+03 8.863033e+03 8.762802e+03 8.894704e+03
8.930364e+03 8.863013e+03 8.908784e+03 8.884593e+03
9.033209e+03 8.863349e+03 8.948732e+03 8.947826e+03
8.976777e+03 8.863754e+03 8.903803e+03 8.936728e+03
8.920875e+03 8.857990e+03 8.882479e+03 8.896386e+03
9.136644e+03 8.846878e+03 8.870822e+03 9.112700e+03
8.913028e+03 8.842140e+03 8.896488e+03 8.858681e+03
8.895114e+03 8.844930e+03 8.835855e+03 8.904189e+03
8.865413e+03 8.852478e+03 8.894230e+03 8.823661e+03
8.902037e+03 8.865798e+03 8.928543e+03 8.839291e+03
9.060241e+03 8.879929e+03 8.995158e+03 8.945012e+03
9.016611e+03 8.892203e+03 8.963225e+03 8.945589e+03
9.017711e+03 8.890114e+03 8.899061e+03 9.008764e+03
8.957875e+03 8.879477e+03 8.965128e+03 8.872224e+03
8.933319e+03 8.870794e+03 8.913888e+03 8.890224e+03
9.010406e+03 8.866045e+03 8.858615e+03 9.017837e+03
8.759552e+03 8.863302e+03 8.725907e+03 8.896947e+03
8.717848e+03 8.847691e+03 8.796552e+03 8.768986e+03
8.851926e+03 8.835904e+03 8.773548e+03 8.914282e+03
8.820051e+03 8.832183e+03 8.753394e+03 8.898840e+03
8.730079e+03 8.836067e+03 8.794704e+03 8.771443e+03
8.738973e+03 8.841678e+03 8.783435e+03 8.797215e+03
8.705982e+03 8.849696e+03 8.883293e+03 8.672385e+03
8.794400e+03 8.859355e+03 8.821078e+03 8.832677e+03
8.739826e+03 8.868664e+03 8.817638e+03 8.790852e+03
8.777371e+03 8.879451e+03 8.871863e+03 8.784959e+03
8.834408e+03 8.895664e+03 8.889728e+03 8.840344e+03
9.010945e+03 8.911777e+03 8.944308e+03 8.978414e+03
9.033640e+03 8.906258e+03 8.950313e+03 8.989585e+03
9.078957e+03 8.886838e+03 8.918904e+03 9.046891e+03
9.030097e+03 8.855774e+03 9.019982e+03 8.865888e+03
9.042896e+03 8.831304e+03 8.980767e+03 8.893432e+03
8.828477e+03 8.818420e+03 8.942845e+03 8.704052e+03
8.908494e+03 8.816674e+03 8.877169e+03 8.847998e+03
8.777092e+03 8.827905e+03 8.826512e+03 8.778485e+03
8.724957e+03 8.843839e+03 8.785836e+03 8.782960e+03
8.804548e+03 8.858014e+03 8.752903e+03 8.909659e+03
8.802147e+03 8.870667e+03 8.830549e+03 8.842265e+03
9.019774e+03 8.885624e+03 8.920579e+03 8.984820e+03
9.064056e+03 8.897005e+03 8.902315e+03 9.058745e+03
9.000057e+03 8.912898e+03 8.966910e+03 8.946045e+03
8.905288e+03 8.920416e+03 8.870008e+03 8.955697e+03
8.840533e+03 8.902929e+03 8.879775e+03 8.863687e+03
8.919125e+03 8.879121e+03 8.972930e+03 8.825316e+03
8.773314e+03 8.848847e+03 8.996561e+03 8.625601e+03
8.778898e+03 8.827821e+03 8.955974e+03 8.650745e+03
8.689253e+03 8.826779e+03 8.807855e+03 8.708178e+03
8.841643e+03 8.834926e+03 8.799786e+03 8.876783e+03
8.802913e+03 8.846258e+03 8.802212e+03 8.846959e+03
8.871226e+03 8.859233e+03 8.861347e+03 8.869111e+03
8.996913e+03 8.874459e+03 8.966058e+03 8.905314e+03
8.916872e+03 8.887897e+03 8.934992e+03 8.869778e+03
8.979234e+03 8.898640e+03 8.973128e+03 8.904746e+03
8.925442e+03 8.901506e+03 8.984473e+03 8.842475e+03
8.896829e+03 8.906800e+03 8.929519e+03 8.874110e+03
8.830297e+03 8.897346e+03 8.921742e+03 8.805901e+03
8.955896e+03 8.882821e+03 8.902841e+03 8.935875e+03
8.809717e+03 8.873188e+03 8.819983e+03 8.862921e+03
8.641126e+03 8.868704e+03 8.761707e+03 8.748123e+03
8.704499e+03 8.867255e+03 8.751809e+03 8.819944e+03
8.766206e+03 8.867276e+03 8.751034e+03 8.882448e+03
8.693895e+03 8.867201e+03 8.727533e+03 8.833563e+03
8.746674e+03 8.807626e+03 8.763396e+03 8.790903e+03
8.863670e+03 8.714884e+03 8.868104e+03 8.710450e+03
9.049521e+03 8.665212e+03 9.000695e+03 8.714037e+03
9.151963e+03 8.685671e+03 9.036372e+03 8.801262e+03
8.919588e+03 8.722564e+03 8.963870e+03 8.678281e+03
8.913690e+03 8.771726e+03 8.891082e+03 8.794335e+03
8.865025e+03 8.824233e+03 8.811047e+03 8.878211e+03
8.899689e+03 8.886023e+03 8.776015e+03 9.009697e+03
8.869974e+03 8.950826e+03 8.815501e+03 9.005299e+03
8.878146e+03 8.995654e+03 8.766046e+03 9.107753e+03
8.853828e+03 9.018695e+03 8.773287e+03 9.099236e+03
8.662879e+03 9.036794e+03 8.659276e+03 9.040397e+03
8.600857e+03 9.049156e+03 8.601852e+03 9.048161e+03
8.581126e+03 8.979716e+03 8.707768e+03 8.853075e+03
8.999012e+03 8.903109e+03 8.818182e+03 9.083939e+03
9.065606e+03 8.857197e+03 8.782380e+03 9.140424e+03
9.072649e+03 8.803867e+03 8.798586e+03 9.077930e+03
8.822891e+03 8.763428e+03 8.890190e+03 8.696129e+03
8.931991e+03 8.776400e+03 8.970057e+03 8.738334e+03
8.947651e+03 8.829027e+03 8.932286e+03 8.844392e+03
8.880949e+03 8.901847e+03 8.757219e+03 9.025577e+03
8.670084e+03 8.926176e+03 8.752990e+03 8.843270e+03
8.851099e+03 8.905202e+03 8.778318e+03 8.977982e+03
8.835516e+03 8.880667e+03 8.767521e+03 8.948661e+03
8.735413e+03 8.865204e+03 8.810498e+03 8.790119e+03
8.660910e+03 8.857504e+03 8.788236e+03 8.730178e+03
8.491084e+03 8.855095e+03 8.724801e+03 8.621378e+03
8.567964e+03 8.855458e+03 8.754436e+03 8.668986e+03
8.709667e+03 8.844513e+03 8.820836e+03 8.733344e+03
9.008941e+03 8.834056e+03 8.903061e+03 8.939937e+03
9.021199e+03 8.829523e+03 8.929311e+03 8.921412e+03
9.025264e+03 8.828377e+03 8.941987e+03 8.911653e+03
8.959799e+03 8.837447e+03 8.953184e+03 8.844062e+03
9.099958e+03 8.851475e+03 8.917520e+03 9.033913e+03
9.184649e+03 8.865773e+03 8.902121e+03 9.148302e+03
9.098639e+03 8.882069e+03 8.962023e+03 9.018685e+03
9.076344e+03 8.901764e+03 8.982702e+03 8.995406e+03
9.163563e+03 8.914863e+03 8.947821e+03 9.130605e+03
9.160570e+03 8.903232e+03 9.125129e+03 8.938673e+03
9.190202e+03 8.872513e+03 9.197696e+03 8.865019e+03
8.928164e+03 8.821120e+03 9.106963e+03 8.642321e+03
8.800865e+03 8.794504e+03 8.932962e+03 8.662407e+03
8.740958e+03 8.795910e+03 8.834344e+03 8.702524e+03
8.814484e+03 8.804154e+03 8.769404e+03 8.849234e+03
8.515899e+03 8.820209e+03 8.765274e+03 8.570834e+03
8.534568e+03 8.835833e+03 8.755660e+03 8.614741e+03
8.631161e+03 8.848952e+03 8.764480e+03 8.715634e+03
8.667457e+03 8.858366e+03 8.764688e+03 8.761135e+03
8.818887e+03 8.867078e+03 8.853180e+03 8.832784e+03
8.806166e+03 8.877652e+03 8.871885e+03 8.811933e+03
8.787121e+03 8.883824e+03 8.859532e+03 8.811413e+03
8.886242e+03 8.891440e+03 8.923182e+03 8.854499e+03
8.791465e+03 8.900377e+03 8.876101e+03 8.815741e+03
8.849600e+03 8.906810e+03 8.858946e+03 8.897464e+03
8.866089e+03 8.931841e+03 8.940176e+03 8.857755e+03
8.912537e+03 8.937534e+03 8.921099e+03 8.928973e+03
8.860293e+03 8.907419e+03 8.935387e+03 8.832325e+03
9.008857e+03 8.876992e+03 9.004499e+03 8.881350e+03
8.957620e+03 8.859678e+03 8.898286e+03 8.919012e+03
8.773737e+03 8.852448e+03 8.748279e+03 8.877906e+03
8.503539e+03 8.850078e+03 8.698973e+03 8.654644e+03
8.887592e+03 8.834836e+03 8.767646e+03 8.954781e+03
8.848874e+03 8.822166e+03 8.806584e+03 8.864456e+03
9.044278e+03 8.812684e+03 8.875190e+03 8.981772e+03
8.881241e+03 8.814656e+03 8.876344e+03 8.819553e+03
8.868256e+03 8.827884e+03 8.861801e+03 8.834339e+03
9.016822e+03 8.843128e+03 8.885176e+03 8.974775e+03
8.923817e+03 8.856141e+03 8.850082e+03 8.929877e+03
8.790298e+03 8.867990e+03 8.854090e+03 8.804198e+03
8.815598e+03 8.878721e+03 8.919781e+03 8.774537e+03
8.887484e+03 8.891220e+03 8.972558e+03 8.806147e+03
8.854173e+03 8.903275e+03 8.979223e+03 8.778225e+03
8.871584e+03 8.912440e+03 8.990378e+03 8.793646e+03
9.024157e+03 8.899285e+03 9.071495e+03 8.851947e+03
9.011178e+03 8.878302e+03 8.982351e+03 8.907129e+03
8.866921e+03 8.864149e+03 8.841322e+03 8.889748e+03
8.703454e+03 8.857568e+03 8.696063e+03 8.864959e+03
8.597129e+03 8.855667e+03 8.616440e+03 8.836356e+03
8.852650e+03 8.856203e+03 8.803988e+03 8.904865e+03
9.050565e+03 8.857700e+03 8.742812e+03 9.165453e+03
8.795010e+03 8.859249e+03 8.704233e+03 8.950026e+03
8.691713e+03 8.860389e+03 8.663032e+03 8.889069e+03
8.622626e+03 8.857682e+03 8.792360e+03 8.687948e+03
8.672841e+03 8.854229e+03 8.889162e+03 8.637908e+03
8.656576e+03 8.856285e+03 8.922290e+03 8.590571e+03
8.938650e+03 8.863607e+03 8.913887e+03 8.888370e+03
8.811776e+03 8.868690e+03 8.820792e+03 8.859674e+03
8.767846e+03 8.867791e+03 8.822732e+03 8.812904e+03
8.826911e+03 8.865390e+03 8.939242e+03 8.753059e+03
8.784152e+03 8.860586e+03 8.928147e+03 8.716591e+03
8.888574e+03 8.844863e+03 8.866271e+03 8.867166e+03
9.032176e+03 8.837779e+03 8.890227e+03 8.979727e+03
9.065383e+03 8.835187e+03 8.870899e+03 9.029671e+03
9.010854e+03 8.838061e+03 8.840365e+03 9.008549e+03
9.067301e+03 8.845575e+03 8.889587e+03 9.023289e+03
8.987148e+03 8.855895e+03 8.899907e+03 8.943137e+03
8.849877e+03 8.867156e+03 8.834412e+03 8.882621e+03
8.971163e+03 8.878247e+03 8.884989e+03 8.964421e+03
8.837552e+03 8.890108e+03 8.853237e+03 8.874423e+03
8.746156e+03 8.894158e+03 8.817523e+03 8.822791e+03
8.766572e+03 8.881319e+03 8.915206e+03 8.732686e+03
8.812847e+03 8.866525e+03 8.944163e+03 8.735209e+03
8.904537e+03 8.857051e+03 8.855363e+03 8.906226e+03
8.731816e+03 8.852133e+03 8.769764e+03 8.814185e+03
