0.6 6.577130e+03 6.541806e+03 6.480311e+03 6.515635e+03
1.6 6.541285e+03 6.545228e+03 6.459987e+03 6.456044e+03
2.6 6.512243e+03 6.530714e+03 6.485258e+03 6.466787e+03
3.6 6.476883e+03 6.481078e+03 6.521519e+03 6.517324e+03
4.6 6.485362e+03 6.438419e+03 6.524406e+03 6.571350e+03
5.6 6.364905e+03 6.432297e+03 6.513924e+03 6.446532e+03
6.6 6.490441e+03 6.486421e+03 6.505228e+03 6.509248e+03
7.6 6.453700e+03 6.504701e+03 6.499949e+03 6.448947e+03
8.6 6.493727e+03 6.507315e+03 6.497128e+03 6.483541e+03
9.6 6.430878e+03 6.468798e+03 6.496101e+03 6.458181e+03
10.6 6.535169e+03 6.469804e+03 6.496177e+03 6.561543e+03
11.6 6.341202e+03 6.488721e+03 6.496689e+03 6.349170e+03
12.6 6.468534e+03 6.479997e+03 6.497211e+03 6.485747e+03
13.6 6.460569e+03 6.500382e+03 6.497579e+03 6.457766e+03
14.6 6.461560e+03 6.512810e+03 6.497792e+03 6.446541e+03
15.6 6.513219e+03 6.486812e+03 6.497910e+03 6.524317e+03
16.6 6.520547e+03 6.496041e+03 6.497982e+03 6.522488e+03
17.6 6.446361e+03 6.492687e+03 6.498035e+03 6.451709e+03
0.2 6.529328e+03 6.480994e+03 6.491478e+03 6.539811e+03
1.2 6.459625e+03 6.449937e+03 6.464934e+03 6.474622e+03
2.2 6.431074e+03 6.456587e+03 6.469418e+03 6.443905e+03
3.2 6.434458e+03 6.506115e+03 6.511157e+03 6.439499e+03
4.2 6.561837e+03 6.515681e+03 6.526801e+03 6.572958e+03
5.2 6.475793e+03 6.502754e+03 6.518715e+03 6.491755e+03
6.2 6.484187e+03 6.470273e+03 6.508640e+03 6.522553e+03
7.2 6.432998e+03 6.485973e+03 6.502075e+03 6.449099e+03
8.2 6.472268e+03 6.479739e+03 6.498324e+03 6.490853e+03
9.2 6.487708e+03 6.515996e+03 6.496620e+03 6.468332e+03
10.2 6.570387e+03 6.520752e+03 6.495821e+03 6.545456e+03
11.2 6.561360e+03 6.507799e+03 6.475661e+03 6.529223e+03
12.2 6.489353e+03 6.499851e+03 6.456505e+03 6.446007e+03
13.2 6.488135e+03 6.483407e+03 6.486949e+03 6.491678e+03
14.2 6.521161e+03 6.511896e+03 6.523977e+03 6.533241e+03
15.2 6.496956e+03 6.536868e+03 6.525491e+03 6.485579e+03
16.2 6.461358e+03 6.512368e+03 6.514263e+03 6.463253e+03
17.2 6.470849e+03 6.508523e+03 6.505282e+03 6.467608e+03
0.7 6.561360e+03 6.507799e+03 6.475661e+03 6.529223e+03
1.7 6.489353e+03 6.499851e+03 6.456505e+03 6.446007e+03
2.7 6.488135e+03 6.483407e+03 6.486949e+03 6.491678e+03
3.7 6.521161e+03 6.511896e+03 6.523977e+03 6.533241e+03
4.7 6.496956e+03 6.536868e+03 6.525491e+03 6.485579e+03
5.7 6.461358e+03 6.512368e+03 6.514263e+03 6.463253e+03
6.7 6.470849e+03 6.508523e+03 6.505282e+03 6.467608e+03
7.7 6.501434e+03 6.514432e+03 6.499873e+03 6.486875e+03
8.7 6.559902e+03 6.513986e+03 6.497030e+03 6.542946e+03
9.7 6.508868e+03 6.521063e+03 6.496054e+03 6.483859e+03
10.7 6.501616e+03 6.497227e+03 6.496206e+03 6.500594e+03
11.7 6.428864e+03 6.481998e+03 6.496776e+03 6.443642e+03
12.7 6.471249e+03 6.461258e+03 6.497329e+03 6.507319e+03
13.6 6.543437e+03 6.440975e+03 6.497717e+03 6.600179e+03
14.6 6.498070e+03 6.448865e+03 6.497953e+03 6.547157e+03
15.6 6.477159e+03 6.506732e+03 6.498089e+03 6.468516e+03
16.6 6.599460e+03 6.557626e+03 6.498174e+03 6.540008e+03
17.6 6.442748e+03 6.532542e+03 6.498232e+03 6.408438e+03
0.8 6.471183e+03 6.500231e+03 6.473190e+03 6.444142e+03
1.8 6.461695e+03 6.487350e+03 6.461321e+03 6.435666e+03
2.8 6.529514e+03 6.521048e+03 6.496905e+03 6.505371e+03
3.8 6.597258e+03 6.536539e+03 6.525296e+03 6.586015e+03
4.8 6.574636e+03 6.533976e+03 6.522367e+03 6.563027e+03
5.8 6.640184e+03 6.507563e+03 6.511656e+03 6.644276e+03
6.8 6.582387e+03 6.491002e+03 6.500141e+03 6.591525e+03
7.8 6.360658e+03 6.466609e+03 6.469519e+03 6.363568e+03
8.8 6.534228e+03 6.483373e+03 6.462994e+03 6.513849e+03
9.8 6.429340e+03 6.441737e+03 6.502323e+03 6.489926e+03
10.8 6.465258e+03 6.505195e+03 6.524587e+03 6.484649e+03
11.8 6.476119e+03 6.487534e+03 6.519192e+03 6.507777e+03
12.8 6.384095e+03 6.470837e+03 6.509185e+03 6.422443e+03
13.8 6.397334e+03 6.469357e+03 6.502370e+03 6.430347e+03
14.8 6.509718e+03 6.480628e+03 6.498415e+03 6.527504e+03
15.8 6.437320e+03 6.483580e+03 6.496524e+03 6.450265e+03
16.8 6.597276e+03 6.483215e+03 6.496102e+03 6.610163e+03
17.8 6.441148e+03 6.499702e+03 6.496457e+03 6.437903e+03
1.0 6.360658e+03 6.466609e+03 6.469519e+03 6.363568e+03
2.0 6.534228e+03 6.483373e+03 6.462994e+03 6.513849e+03
3.0 6.429340e+03 6.441737e+03 6.502323e+03 6.489926e+03
4.0 6.465258e+03 6.505195e+03 6.524587e+03 6.484649e+03
5.0 6.476119e+03 6.487534e+03 6.519192e+03 6.507777e+03
6.0 6.384095e+03 6.470837e+03 6.509185e+03 6.422443e+03
7.0 6.397334e+03 6.469357e+03 6.502370e+03 6.430347e+03
8.0 6.509718e+03 6.480628e+03 6.498415e+03 6.527504e+03
9.0 6.437320e+03 6.483580e+03 6.496524e+03 6.450265e+03
10.0 6.597276e+03 6.483215e+03 6.496102e+03 6.610163e+03
11.0 6.441148e+03 6.499702e+03 6.496457e+03 6.437903e+03
12.0 6.440709e+03 6.489355e+03 6.497015e+03 6.448370e+03
13.0 6.563824e+03 6.506329e+03 6.497480e+03 6.554975e+03
14.0 6.463930e+03 6.494385e+03 6.497783e+03 6.467328e+03
15.0 6.591768e+03 6.497406e+03 6.497961e+03 6.592322e+03
16.0 6.358004e+03 6.464777e+03 6.498066e+03 6.391293e+03
17.0 6.448825e+03 6.450596e+03 6.498134e+03 6.496362e+03
18.0 6.436617e+03 6.473165e+03 6.498184e+03 6.461635e+03
0.4 6.430267e+03 6.464281e+03 6.486296e+03 6.452282e+03
1.4 6.444086e+03 6.444918e+03 6.461690e+03 6.460858e+03
2.4 6.513416e+03 6.483900e+03 6.476761e+03 6.506277e+03
3.4 6.536500e+03 6.530925e+03 6.517201e+03 6.522776e+03
4.4 6.567364e+03 6.514905e+03 6.526004e+03 6.578464e+03
5.4 6.539922e+03 6.491088e+03 6.516322e+03 6.565157e+03
6.4 6.479576e+03 6.474943e+03 6.506877e+03 6.511511e+03
7.4 6.450746e+03 6.502377e+03 6.500968e+03 6.449337e+03
8.4 6.495231e+03 6.527456e+03 6.497688e+03 6.465464e+03
9.4 6.436976e+03 6.537590e+03 6.491304e+03 6.390690e+03
10.4 6.517916e+03 6.478497e+03 6.464689e+03 6.504108e+03
11.4 6.514215e+03 6.481247e+03 6.464543e+03 6.497511e+03
12.4 6.446731e+03 6.502110e+03 6.506127e+03 6.450748e+03
13.4 6.503434e+03 6.489545e+03 6.525756e+03 6.539645e+03
14.4 6.414842e+03 6.466741e+03 6.519051e+03 6.467152e+03
15.4 6.611029e+03 6.467577e+03 6.508869e+03 6.652321e+03
16.4 6.533832e+03 6.485195e+03 6.502050e+03 6.550688e+03
17.4 6.518481e+03 6.500912e+03 6.498111e+03 6.515680e+03
0.1 6.436976e+03 6.537590e+03 6.491304e+03 6.390690e+03
1.1 6.517916e+03 6.478497e+03 6.464689e+03 6.504108e+03
2.1 6.514215e+03 6.481247e+03 6.464543e+03 6.497511e+03
3.1 6.446731e+03 6.502110e+03 6.506127e+03 6.450748e+03
4.1 6.503434e+03 6.489545e+03 6.525756e+03 6.539645e+03
5.1 6.414842e+03 6.466741e+03 6.519051e+03 6.467152e+03
6.1 6.611029e+03 6.467577e+03 6.508869e+03 6.652321e+03
7.1 6.533832e+03 6.485195e+03 6.502050e+03 6.550688e+03
8.1 6.518481e+03 6.500912e+03 6.498111e+03 6.515680e+03
9.1 6.562248e+03 6.507491e+03 6.496265e+03 6.551022e+03
10.1 6.445271e+03 6.492762e+03 6.495879e+03 6.448388e+03
11.1 6.468816e+03 6.467719e+03 6.496238e+03 6.497336e+03
12.1 6.490183e+03 6.469549e+03 6.496776e+03 6.517410e+03
13.1 6.469177e+03 6.509763e+03 6.497214e+03 6.456627e+03
14.1 6.491716e+03 6.519179e+03 6.497494e+03 6.470032e+03
15.1 6.540994e+03 6.517673e+03 6.497663e+03 6.520983e+03
16.1 6.457778e+03 6.539830e+03 6.497774e+03 6.415722e+03
17.1 6.477719e+03 6.528763e+03 6.497849e+03 6.446805e+03
0.1 6.518717e+03 6.516004e+03 6.492878e+03 6.495591e+03
1.1 6.389984e+03 6.485635e+03 6.464622e+03 6.368971e+03
2.1 6.431716e+03 6.486930e+03 6.464684e+03 6.409470e+03
3.1 6.558638e+03 6.531533e+03 6.508566e+03 6.535670e+03
4.1 6.510943e+03 6.538902e+03 6.528626e+03 6.500666e+03
5.1 6.454411e+03 6.545609e+03 6.521064e+03 6.429866e+03
6.1 6.481149e+03 6.515199e+03 6.510071e+03 6.476022e+03
7.1 6.469244e+03 6.475754e+03 6.502751e+03 6.496241e+03
8.1 6.448623e+03 6.452449e+03 6.498536e+03 6.494710e+03
9.1 6.392138e+03 6.469767e+03 6.496556e+03 6.418927e+03
10.1 6.531181e+03 6.492918e+03 6.495954e+03 6.534217e+03
11.1 6.541317e+03 6.520386e+03 6.480098e+03 6.501029e+03
12.1 6.548648e+03 6.521346e+03 6.459056e+03 6.486359e+03
13.1 6.474844e+03 6.496282e+03 6.482327e+03 6.460889e+03
14.1 6.580001e+03 6.505537e+03 6.520129e+03 6.594594e+03
15.1 6.545855e+03 6.502421e+03 6.524543e+03 6.567977e+03
16.1 6.492793e+03 6.503840e+03 6.514275e+03 6.503228e+03
17.1 6.451771e+03 6.530052e+03 6.505432e+03 6.427151e+03
0.5 6.541317e+03 6.520386e+03 6.480098e+03 6.501029e+03
1.5 6.548648e+03 6.521346e+03 6.459056e+03 6.486359e+03
2.5 6.474844e+03 6.496282e+03 6.482327e+03 6.460889e+03
3.5 6.580001e+03 6.505537e+03 6.520129e+03 6.594594e+03
4.5 6.545855e+03 6.502421e+03 6.524543e+03 6.567977e+03
5.5 6.492793e+03 6.503840e+03 6.514275e+03 6.503228e+03
6.5 6.451771e+03 6.530052e+03 6.505432e+03 6.427151e+03
7.5 6.569659e+03 6.516899e+03 6.500026e+03 6.552787e+03
8.5 6.454005e+03 6.513487e+03 6.497114e+03 6.437632e+03
9.5 6.460833e+03 6.489242e+03 6.496023e+03 6.467614e+03
10.5 6.421966e+03 6.489286e+03 6.496071e+03 6.428752e+03
11.5 6.494070e+03 6.490585e+03 6.496577e+03 6.500062e+03
12.5 6.451065e+03 6.498183e+03 6.497098e+03 6.449980e+03
13.5 6.508253e+03 6.482401e+03 6.497472e+03 6.523324e+03
14.5 6.408105e+03 6.513910e+03 6.497699e+03 6.391895e+03
15.5 6.512045e+03 6.503322e+03 6.497830e+03 6.506554e+03
16.5 6.547033e+03 6.492003e+03 6.497910e+03 6.552940e+03
17.5 6.539431e+03 6.483554e+03 6.497966e+03 6.553843e+03
0.1 6.485334e+03 6.483913e+03 6.492699e+03 6.494121e+03
1.1 6.509981e+03 6.464301e+03 6.466121e+03 6.511802e+03
2.1 6.453054e+03 6.481729e+03 6.466784e+03 6.438109e+03
3.1 6.504629e+03 6.527430e+03 6.508122e+03 6.485321e+03
4.1 6.585833e+03 6.526999e+03 6.526480e+03 6.585314e+03
5.1 6.459924e+03 6.525006e+03 6.519233e+03 6.454151e+03
6.1 6.334416e+03 6.465452e+03 6.508967e+03 6.377931e+03
7.1 6.513665e+03 6.512823e+03 6.502173e+03 6.503015e+03
8.1 6.458021e+03 6.488937e+03 6.498293e+03 6.467377e+03
9.1 6.556314e+03 6.492781e+03 6.496503e+03 6.560037e+03
10.1 6.562253e+03 6.513687e+03 6.496139e+03 6.544705e+03
11.1 6.496939e+03 6.504517e+03 6.496489e+03 6.488912e+03
12.1 6.487472e+03 6.492254e+03 6.497002e+03 6.492220e+03
13.1 6.545519e+03 6.490290e+03 6.497410e+03 6.552639e+03
14.1 6.489876e+03 6.513336e+03 6.497662e+03 6.474202e+03
15.1 6.375873e+03 6.500641e+03 6.497797e+03 6.373029e+03
16.1 6.521182e+03 6.504938e+03 6.497868e+03 6.514111e+03
17.1 6.501689e+03 6.475829e+03 6.497908e+03 6.523769e+03
0.9 6.431457e+03 6.477173e+03 6.471900e+03 6.426183e+03
1.9 6.457982e+03 6.441123e+03 6.462110e+03 6.478970e+03
2.9 6.544744e+03 6.498241e+03 6.499241e+03 6.545744e+03
3.9 6.452686e+03 6.533202e+03 6.525861e+03 6.445344e+03
4.9 6.574920e+03 6.526389e+03 6.522005e+03 6.570535e+03
5.9 6.558597e+03 6.533673e+03 6.511349e+03 6.536274e+03
6.9 6.497508e+03 6.538058e+03 6.503762e+03 6.463212e+03
7.9 6.599026e+03 6.528833e+03 6.499297e+03 6.569489e+03
8.9 6.566743e+03 6.520872e+03 6.497061e+03 6.542932e+03
9.9 6.458491e+03 6.525810e+03 6.496416e+03 6.429097e+03
10.9 6.633112e+03 6.516109e+03 6.496651e+03 6.613654e+03
11.9 6.515707e+03 6.482316e+03 6.497147e+03 6.530537e+03
12.9 6.465202e+03 6.499020e+03 6.497568e+03 6.463750e+03
13.9 6.528920e+03 6.492839e+03 6.497825e+03 6.533906e+03
14.9 6.561314e+03 6.468553e+03 6.497946e+03 6.590707e+03
15.9 6.438449e+03 6.474415e+03 6.497983e+03 6.462017e+03
16.9 6.434184e+03 6.506680e+03 6.497979e+03 6.425483e+03
17.9 6.486863e+03 6.482850e+03 6.493725e+03 6.497738e+03
1.0 6.395044e+03 6.444203e+03 6.465885e+03 6.416726e+03
2.0 6.501455e+03 6.459189e+03 6.462053e+03 6.504318e+03
3.0 6.476163e+03 6.505848e+03 6.504888e+03 6.475203e+03
4.0 6.468118e+03 6.540490e+03 6.527900e+03 6.455528e+03
5.0 6.507834e+03 6.493906e+03 6.521419e+03 6.535347e+03
6.0 6.429261e+03 6.470542e+03 6.510265e+03 6.468985e+03
7.0 6.445156e+03 6.480057e+03 6.502681e+03 6.467780e+03
8.0 6.457403e+03 6.520172e+03 6.498274e+03 6.435506e+03
9.0 6.490803e+03 6.535254e+03 6.496149e+03 6.451697e+03
10.0 6.554565e+03 6.491170e+03 6.495622e+03 6.559017e+03
11.0 6.478403e+03 6.467985e+03 6.495931e+03 6.506350e+03
12.0 6.289886e+03 6.449518e+03 6.496454e+03 6.336822e+03
13.0 6.513865e+03 6.471474e+03 6.496875e+03 6.539266e+03
14.0 6.522521e+03 6.501739e+03 6.497123e+03 6.517906e+03
15.0 6.614140e+03 6.515702e+03 6.497238e+03 6.595676e+03
16.0 6.551013e+03 6.538986e+03 6.497277e+03 6.509304e+03
17.0 6.591849e+03 6.533842e+03 6.497281e+03 6.555288e+03
18.0 6.556689e+03 6.506455e+03 6.497271e+03 6.547504e+03
