0.2 9.627262e+03 9.663885e+03 9.643665e+03 9.607042e+03
1.1 9.633168e+03 9.664920e+03 9.644544e+03 9.612791e+03
2.1 9.653174e+03 9.652727e+03 9.648043e+03 9.648491e+03
3.1 9.683463e+03 9.671195e+03 9.648501e+03 9.660770e+03
4.1 9.686196e+03 9.693091e+03 9.646558e+03 9.639663e+03
5.1 9.685081e+03 9.670819e+03 9.644851e+03 9.659113e+03
6.1 9.674757e+03 9.649657e+03 9.643921e+03 9.669021e+03
7.1 9.679020e+03 9.633559e+03 9.643528e+03 9.688989e+03
8.1 9.677569e+03 9.633707e+03 9.643454e+03 9.687316e+03
9.1 9.641328e+03 9.635371e+03 9.643547e+03 9.649504e+03
10.1 9.605503e+03 9.605738e+03 9.643691e+03 9.643456e+03
11.1 9.575990e+03 9.605792e+03 9.643818e+03 9.614016e+03
12.1 9.564613e+03 9.600956e+03 9.643906e+03 9.607563e+03
13.1 9.581826e+03 9.606236e+03 9.643960e+03 9.619550e+03
14.1 9.600720e+03 9.622101e+03 9.643990e+03 9.622609e+03
15.1 9.654359e+03 9.635637e+03 9.644006e+03 9.662728e+03
16.1 9.708382e+03 9.655625e+03 9.644016e+03 9.696773e+03
17.1 9.704336e+03 9.661684e+03 9.644022e+03 9.686674e+03
0.4 9.694241e+03 9.694148e+03 9.644051e+03 9.644145e+03
1.4 9.641520e+03 9.635478e+03 9.645970e+03 9.652012e+03
2.4 9.638940e+03 9.629329e+03 9.649248e+03 9.658859e+03
3.4 9.669244e+03 9.675511e+03 9.648612e+03 9.642346e+03
4.4 9.695595e+03 9.669293e+03 9.646410e+03 9.672711e+03
5.4 9.708793e+03 9.650303e+03 9.644816e+03 9.703305e+03
6.4 9.680046e+03 9.646003e+03 9.644001e+03 9.678044e+03
7.4 9.640240e+03 9.646312e+03 9.643687e+03 9.637615e+03
8.4 9.632696e+03 9.637605e+03 9.643665e+03 9.638756e+03
9.4 9.681120e+03 9.652987e+03 9.643784e+03 9.671918e+03
10.4 9.682576e+03 9.678293e+03 9.643934e+03 9.648217e+03
11.4 9.644644e+03 9.653841e+03 9.644058e+03 9.634862e+03
12.4 9.616190e+03 9.632324e+03 9.644144e+03 9.628010e+03
13.4 9.653924e+03 9.636673e+03 9.644199e+03 9.661450e+03
14.4 9.691792e+03 9.654721e+03 9.644236e+03 9.681306e+03
15.4 9.637764e+03 9.638998e+03 9.644263e+03 9.643029e+03
16.4 9.625200e+03 9.640053e+03 9.644284e+03 9.629431e+03
17.4 9.627163e+03 9.645856e+03 9.644302e+03 9.625609e+03
0.9 9.727820e+03 9.654977e+03 9.644419e+03 9.717262e+03
1.9 9.673069e+03 9.644629e+03 9.647842e+03 9.676282e+03
2.9 9.646843e+03 9.657953e+03 9.649438e+03 9.638328e+03
3.9 9.670027e+03 9.680464e+03 9.647655e+03 9.637219e+03
4.9 9.661294e+03 9.662962e+03 9.645611e+03 9.643943e+03
5.9 9.638387e+03 9.651575e+03 9.644394e+03 9.631206e+03
6.9 9.649189e+03 9.650682e+03 9.643831e+03 9.642338e+03
7.9 9.672411e+03 9.638706e+03 9.643666e+03 9.677371e+03
8.9 9.648055e+03 9.636789e+03 9.643721e+03 9.654987e+03
9.9 9.604105e+03 9.642513e+03 9.643863e+03 9.605456e+03
10.9 9.593416e+03 9.643272e+03 9.644006e+03 9.594151e+03
11.9 9.627420e+03 9.642609e+03 9.644113e+03 9.628924e+03
12.9 9.672703e+03 9.645110e+03 9.644184e+03 9.671778e+03
13.9 9.669992e+03 9.650719e+03 9.644231e+03 9.663503e+03
14.9 9.682233e+03 9.652931e+03 9.644263e+03 9.673564e+03
15.9 9.712127e+03 9.657028e+03 9.644288e+03 9.699387e+03
16.9 9.693586e+03 9.670795e+03 9.644309e+03 9.667100e+03
17.9 9.665842e+03 9.654973e+03 9.644328e+03 9.655197e+03
0.4 9.663778e+03 9.648381e+03 9.643895e+03 9.659292e+03
1.4 9.679183e+03 9.632757e+03 9.645499e+03 9.691925e+03
2.4 9.679219e+03 9.648085e+03 9.648925e+03 9.680060e+03
3.4 9.683048e+03 9.660631e+03 9.648524e+03 9.670942e+03
4.4 9.666032e+03 9.660310e+03 9.646302e+03 9.652024e+03
5.4 9.666797e+03 9.641886e+03 9.644617e+03 9.669528e+03
6.4 9.655658e+03 9.630491e+03 9.643730e+03 9.668896e+03
7.4 9.610148e+03 9.618374e+03 9.643364e+03 9.635138e+03
8.4 9.618385e+03 9.635427e+03 9.643306e+03 9.626265e+03
9.4 9.667256e+03 9.652775e+03 9.643402e+03 9.657884e+03
10.4 9.683743e+03 9.663971e+03 9.643538e+03 9.663310e+03
11.4 9.690575e+03 9.674581e+03 9.643654e+03 9.659648e+03
12.4 9.695447e+03 9.671364e+03 9.643864e+03 9.667948e+03
13.4 9.671480e+03 9.652318e+03 9.646786e+03 9.665948e+03
14.4 9.677848e+03 9.670721e+03 9.648866e+03 9.655994e+03
15.4 9.680973e+03 9.675916e+03 9.647461e+03 9.652518e+03
16.4 9.670584e+03 9.683290e+03 9.645482e+03 9.632776e+03
17.4 9.626800e+03 9.663439e+03 9.644247e+03 9.607608e+03
0.7 9.695447e+03 9.671364e+03 9.643864e+03 9.667948e+03
1.7 9.671480e+03 9.652318e+03 9.646786e+03 9.665948e+03
2.7 9.677848e+03 9.670721e+03 9.648866e+03 9.655994e+03
3.7 9.680973e+03 9.675916e+03 9.647461e+03 9.652518e+03
4.7 9.670584e+03 9.683290e+03 9.645482e+03 9.632776e+03
5.7 9.626800e+03 9.663439e+03 9.644247e+03 9.607608e+03
6.7 9.612481e+03 9.639114e+03 9.643661e+03 9.617028e+03
7.7 9.631177e+03 9.640395e+03 9.643472e+03 9.634254e+03
8.7 9.639477e+03 9.640127e+03 9.643508e+03 9.642858e+03
9.7 9.660715e+03 9.636905e+03 9.643638e+03 9.667449e+03
10.7 9.672524e+03 9.638975e+03 9.643774e+03 9.677323e+03
11.7 9.674215e+03 9.613698e+03 9.643877e+03 9.704394e+03
12.7 9.679159e+03 9.601942e+03 9.643943e+03 9.721161e+03
13.7 9.616128e+03 9.609669e+03 9.643982e+03 9.650441e+03
14.7 9.550230e+03 9.607803e+03 9.644004e+03 9.586431e+03
15.7 9.542905e+03 9.624703e+03 9.644018e+03 9.562220e+03
16.7 9.575042e+03 9.622739e+03 9.644027e+03 9.596330e+03
17.7 9.638215e+03 9.634440e+03 9.644033e+03 9.647808e+03
0.9 9.611803e+03 9.665998e+03 9.644298e+03 9.590103e+03
1.9 9.607036e+03 9.629277e+03 9.647613e+03 9.625372e+03
2.9 9.651757e+03 9.651316e+03 9.649434e+03 9.649875e+03
3.9 9.687129e+03 9.678767e+03 9.647745e+03 9.656107e+03
4.9 9.691607e+03 9.662774e+03 9.645674e+03 9.674507e+03
5.9 9.682899e+03 9.651540e+03 9.644420e+03 9.675779e+03
6.9 9.647084e+03 9.651579e+03 9.643835e+03 9.639340e+03
7.9 9.669023e+03 9.664623e+03 9.643657e+03 9.648056e+03
8.9 9.705727e+03 9.668960e+03 9.643707e+03 9.680473e+03
9.9 9.716203e+03 9.676641e+03 9.643848e+03 9.683410e+03
10.9 9.693310e+03 9.666952e+03 9.643991e+03 9.670349e+03
11.9 9.631028e+03 9.665034e+03 9.644099e+03 9.610093e+03
12.9 9.556053e+03 9.631037e+03 9.644172e+03 9.569188e+03
13.9 9.567622e+03 9.599436e+03 9.644219e+03 9.612404e+03
14.9 9.620985e+03 9.604203e+03 9.644250e+03 9.661032e+03
15.9 9.663496e+03 9.641295e+03 9.644273e+03 9.666474e+03
16.9 9.723177e+03 9.634629e+03 9.644292e+03 9.732840e+03
17.9 9.700664e+03 9.652766e+03 9.644309e+03 9.692207e+03
0.5 9.640876e+03 9.644127e+03 9.643894e+03 9.640642e+03
1.5 9.621508e+03 9.634684e+03 9.645791e+03 9.632614e+03
2.5 9.604801e+03 9.631185e+03 9.648736e+03 9.622352e+03
3.5 9.641918e+03 9.654471e+03 9.647982e+03 9.635430e+03
4.5 9.664566e+03 9.664632e+03 9.645877e+03 9.645812e+03
5.5 9.673515e+03 9.649039e+03 9.644373e+03 9.668849e+03
6.5 9.649556e+03 9.640703e+03 9.643591e+03 9.652445e+03
7.5 9.612365e+03 9.642219e+03 9.643270e+03 9.613417e+03
8.5 9.609213e+03 9.645542e+03 9.643218e+03 9.606889e+03
9.5 9.642932e+03 9.650348e+03 9.643296e+03 9.635879e+03
10.5 9.661400e+03 9.633088e+03 9.643401e+03 9.671713e+03
11.5 9.633769e+03 9.626327e+03 9.643483e+03 9.650926e+03
12.5 9.651322e+03 9.641722e+03 9.643530e+03 9.653130e+03
13.5 9.658592e+03 9.627156e+03 9.643561e+03 9.674997e+03
14.5 9.652567e+03 9.629717e+03 9.645576e+03 9.668426e+03
15.5 9.638163e+03 9.649982e+03 9.648777e+03 9.636959e+03
16.5 9.637676e+03 9.656407e+03 9.648044e+03 9.629314e+03
17.5 9.652491e+03 9.655103e+03 9.645827e+03 9.643215e+03
0.5 9.658592e+03 9.627156e+03 9.643561e+03 9.674997e+03
1.5 9.652567e+03 9.629717e+03 9.645576e+03 9.668426e+03
2.5 9.638163e+03 9.649982e+03 9.648777e+03 9.636959e+03
3.5 9.637676e+03 9.656407e+03 9.648044e+03 9.629314e+03
4.5 9.652491e+03 9.655103e+03 9.645827e+03 9.643215e+03
5.5 9.650202e+03 9.654062e+03 9.644240e+03 9.640380e+03
6.5 9.668572e+03 9.655773e+03 9.643427e+03 9.656226e+03
7.5 9.669730e+03 9.651133e+03 9.643106e+03 9.661703e+03
8.5 9.643896e+03 9.636141e+03 9.643075e+03 9.650830e+03
9.5 9.634796e+03 9.631307e+03 9.643183e+03 9.646671e+03
10.5 9.663539e+03 9.655339e+03 9.643321e+03 9.651520e+03
11.5 9.676149e+03 9.651424e+03 9.643436e+03 9.668161e+03
12.5 9.632689e+03 9.625370e+03 9.645138e+03 9.652457e+03
13.5 9.611025e+03 9.630395e+03 9.648629e+03 9.629259e+03
14.5 9.638233e+03 9.646949e+03 9.648275e+03 9.639559e+03
15.5 9.664646e+03 9.649532e+03 9.646089e+03 9.661204e+03
16.5 9.671802e+03 9.629696e+03 9.644433e+03 9.686538e+03
17.5 9.634501e+03 9.639091e+03 9.643569e+03 9.638978e+03
0.4 9.676149e+03 9.651424e+03 9.643436e+03 9.668161e+03
1.4 9.632689e+03 9.625370e+03 9.645138e+03 9.652457e+03
2.4 9.611025e+03 9.630395e+03 9.648629e+03 9.629259e+03
3.4 9.638233e+03 9.646949e+03 9.648275e+03 9.639559e+03
4.4 9.664646e+03 9.649532e+03 9.646089e+03 9.661204e+03
5.4 9.671802e+03 9.629696e+03 9.644433e+03 9.686538e+03
6.4 9.634501e+03 9.639091e+03 9.643569e+03 9.638978e+03
7.4 9.628724e+03 9.646164e+03 9.643223e+03 9.625783e+03
8.4 9.646263e+03 9.656984e+03 9.643182e+03 9.632462e+03
9.4 9.653826e+03 9.649371e+03 9.643293e+03 9.647748e+03
10.4 9.647763e+03 9.621163e+03 9.643442e+03 9.670042e+03
11.4 9.635194e+03 9.608623e+03 9.643568e+03 9.670139e+03
12.4 9.636135e+03 9.623947e+03 9.643655e+03 9.655843e+03
13.4 9.635282e+03 9.650743e+03 9.643711e+03 9.628250e+03
14.4 9.681685e+03 9.663926e+03 9.643746e+03 9.661506e+03
15.4 9.667212e+03 9.661916e+03 9.643773e+03 9.649069e+03
16.4 9.687510e+03 9.660344e+03 9.643837e+03 9.671004e+03
17.4 9.685525e+03 9.654974e+03 9.646350e+03 9.676902e+03
0.6 9.687510e+03 9.660344e+03 9.643837e+03 9.671004e+03
1.6 9.685525e+03 9.654974e+03 9.646350e+03 9.676902e+03
2.6 9.692791e+03 9.674637e+03 9.649177e+03 9.667331e+03
3.6 9.669589e+03 9.680932e+03 9.648083e+03 9.636740e+03
4.6 9.636943e+03 9.670587e+03 9.645906e+03 9.612262e+03
5.6 9.634320e+03 9.673789e+03 9.644447e+03 9.604978e+03
6.6 9.632132e+03 9.664446e+03 9.643727e+03 9.611413e+03
7.6 9.631855e+03 9.655181e+03 9.643467e+03 9.620141e+03
8.6 9.651280e+03 9.655590e+03 9.643473e+03 9.639163e+03
9.6 9.628803e+03 9.650472e+03 9.643599e+03 9.621930e+03
10.6 9.627153e+03 9.643135e+03 9.643743e+03 9.627761e+03
11.6 9.643634e+03 9.653646e+03 9.643855e+03 9.633844e+03
12.6 9.695431e+03 9.653147e+03 9.643928e+03 9.686212e+03
13.6 9.706725e+03 9.640716e+03 9.643971e+03 9.709979e+03
14.6 9.646840e+03 9.616152e+03 9.643995e+03 9.674683e+03
15.6 9.570009e+03 9.595092e+03 9.644008e+03 9.618925e+03
16.6 9.540300e+03 9.587810e+03 9.644015e+03 9.596505e+03
17.6 9.545288e+03 9.573944e+03 9.644020e+03 9.615364e+03
0.5 9.601240e+03 9.663880e+03 9.644058e+03 9.581418e+03
1.5 9.571417e+03 9.633745e+03 9.646085e+03 9.583756e+03
2.5 9.593134e+03 9.628681e+03 9.648998e+03 9.613451e+03
3.5 9.648741e+03 9.639260e+03 9.648207e+03 9.657688e+03
4.5 9.683700e+03 9.642926e+03 9.646145e+03 9.686919e+03
5.5 9.695563e+03 9.652805e+03 9.644704e+03 9.687461e+03
6.5 9.677807e+03 9.662209e+03 9.643981e+03 9.659579e+03
7.5 9.659609e+03 9.662975e+03 9.643714e+03 9.640348e+03
8.5 9.655676e+03 9.661549e+03 9.643713e+03 9.637840e+03
9.5 9.634957e+03 9.643400e+03 9.643840e+03 9.635397e+03
10.5 9.605718e+03 9.639396e+03 9.643995e+03 9.610316e+03
11.5 9.588990e+03 9.652761e+03 9.644126e+03 9.580356e+03
12.5 9.601928e+03 9.649425e+03 9.644225e+03 9.596728e+03
13.5 9.612195e+03 9.647576e+03 9.644298e+03 9.608916e+03
14.5 9.647914e+03 9.663911e+03 9.644355e+03 9.628357e+03
15.5 9.662462e+03 9.653629e+03 9.644403e+03 9.653236e+03
16.5 9.656265e+03 9.638523e+03 9.644451e+03 9.662193e+03
17.5 9.635689e+03 9.620947e+03 9.644501e+03 9.659243e+03
