0.2 9.627262e+03 9.663885e+03 9.644009e+03 9.607386e+03
1.1 9.633168e+03 9.664920e+03 9.644006e+03 9.612254e+03
2.1 9.653174e+03 9.652727e+03 9.645684e+03 9.646131e+03
3.1 9.683463e+03 9.671195e+03 9.645859e+03 9.658128e+03
4.1 9.686196e+03 9.693091e+03 9.644393e+03 9.637498e+03
5.1 9.685081e+03 9.670819e+03 9.643968e+03 9.658229e+03
6.1 9.674757e+03 9.649657e+03 9.644140e+03 9.669240e+03
7.1 9.679020e+03 9.633559e+03 9.644332e+03 9.689793e+03
8.1 9.677569e+03 9.633707e+03 9.644459e+03 9.688321e+03
9.1 9.641328e+03 9.635371e+03 9.644544e+03 9.650500e+03
10.1 9.605503e+03 9.605738e+03 9.644590e+03 9.644355e+03
11.1 9.575990e+03 9.605792e+03 9.644604e+03 9.614802e+03
12.1 9.564613e+03 9.600956e+03 9.644601e+03 9.608258e+03
13.1 9.581826e+03 9.606236e+03 9.644592e+03 9.620182e+03
14.1 9.600720e+03 9.622101e+03 9.644585e+03 9.623204e+03
15.1 9.654359e+03 9.635637e+03 9.644580e+03 9.663301e+03
16.1 9.708382e+03 9.655625e+03 9.644576e+03 9.697333e+03
17.1 9.704336e+03 9.661684e+03 9.644573e+03 9.687225e+03
0.4 9.694241e+03 9.694148e+03 9.642564e+03 9.642658e+03
1.4 9.641520e+03 9.635478e+03 9.638873e+03 9.644915e+03
2.4 9.638940e+03 9.629329e+03 9.641397e+03 9.651007e+03
3.4 9.669244e+03 9.675511e+03 9.647517e+03 9.641250e+03
4.4 9.695595e+03 9.669293e+03 9.648743e+03 9.675044e+03
5.4 9.708793e+03 9.650303e+03 9.647241e+03 9.705731e+03
6.4 9.680046e+03 9.646003e+03 9.645811e+03 9.679853e+03
7.4 9.640240e+03 9.646312e+03 9.644919e+03 9.638848e+03
8.4 9.632696e+03 9.637605e+03 9.644427e+03 9.639518e+03
9.4 9.681120e+03 9.652987e+03 9.644226e+03 9.672360e+03
10.4 9.682576e+03 9.678293e+03 9.644214e+03 9.648496e+03
11.4 9.644644e+03 9.653841e+03 9.644282e+03 9.635085e+03
12.4 9.616190e+03 9.632324e+03 9.644358e+03 9.628224e+03
13.4 9.653924e+03 9.636673e+03 9.644412e+03 9.661664e+03
14.4 9.691792e+03 9.654721e+03 9.644445e+03 9.681515e+03
15.4 9.637764e+03 9.638998e+03 9.644461e+03 9.643227e+03
16.4 9.625200e+03 9.640053e+03 9.644469e+03 9.629616e+03
17.4 9.627163e+03 9.645856e+03 9.644473e+03 9.625780e+03
0.9 9.727820e+03 9.654977e+03 9.642995e+03 9.715838e+03
1.9 9.673069e+03 9.644629e+03 9.643680e+03 9.672119e+03
2.9 9.646843e+03 9.657953e+03 9.645713e+03 9.634603e+03
3.9 9.670027e+03 9.680464e+03 9.645610e+03 9.635174e+03
4.9 9.661294e+03 9.662962e+03 9.644949e+03 9.643281e+03
5.9 9.638387e+03 9.651575e+03 9.644637e+03 9.631449e+03
6.9 9.649189e+03 9.650682e+03 9.644511e+03 9.643018e+03
7.9 9.672411e+03 9.638706e+03 9.644450e+03 9.678155e+03
8.9 9.648055e+03 9.636789e+03 9.644436e+03 9.655702e+03
9.9 9.604105e+03 9.642513e+03 9.644452e+03 9.606044e+03
10.9 9.593416e+03 9.643272e+03 9.644474e+03 9.594619e+03
11.9 9.627420e+03 9.642609e+03 9.644492e+03 9.629303e+03
12.9 9.672703e+03 9.645110e+03 9.644501e+03 9.672094e+03
13.9 9.669992e+03 9.650719e+03 9.644505e+03 9.663778e+03
14.9 9.682233e+03 9.652931e+03 9.644507e+03 9.673808e+03
15.9 9.712127e+03 9.657028e+03 9.644508e+03 9.699607e+03
16.9 9.693586e+03 9.670795e+03 9.644509e+03 9.667300e+03
17.9 9.665842e+03 9.654973e+03 9.644510e+03 9.655379e+03
0.4 9.663778e+03 9.648381e+03 9.643471e+03 9.658868e+03
1.4 9.679183e+03 9.632757e+03 9.642531e+03 9.688957e+03
2.4 9.679219e+03 9.648085e+03 9.644254e+03 9.675388e+03
3.4 9.683048e+03 9.660631e+03 9.645973e+03 9.668391e+03
4.4 9.666032e+03 9.660310e+03 9.645683e+03 9.651404e+03
5.4 9.666797e+03 9.641886e+03 9.645084e+03 9.669995e+03
6.4 9.655658e+03 9.630491e+03 9.644726e+03 9.669892e+03
7.4 9.610148e+03 9.618374e+03 9.644528e+03 9.636302e+03
8.4 9.618385e+03 9.635427e+03 9.644431e+03 9.627389e+03
9.4 9.667256e+03 9.652775e+03 9.644407e+03 9.658889e+03
10.4 9.683743e+03 9.663971e+03 9.644425e+03 9.664197e+03
11.4 9.690575e+03 9.674581e+03 9.644345e+03 9.660339e+03
12.4 9.695447e+03 9.671364e+03 9.644404e+03 9.668488e+03
13.4 9.671480e+03 9.652318e+03 9.647632e+03 9.666794e+03
14.4 9.677848e+03 9.670721e+03 9.648107e+03 9.655235e+03
15.4 9.680973e+03 9.675916e+03 9.643561e+03 9.648618e+03
16.4 9.670584e+03 9.683290e+03 9.641798e+03 9.629092e+03
17.4 9.626800e+03 9.663439e+03 9.642557e+03 9.605918e+03
0.7 9.695447e+03 9.671364e+03 9.644404e+03 9.668488e+03
1.7 9.671480e+03 9.652318e+03 9.647632e+03 9.666794e+03
2.7 9.677848e+03 9.670721e+03 9.648107e+03 9.655235e+03
3.7 9.680973e+03 9.675916e+03 9.643561e+03 9.648618e+03
4.7 9.670584e+03 9.683290e+03 9.641798e+03 9.629092e+03
5.7 9.626800e+03 9.663439e+03 9.642557e+03 9.605918e+03
6.7 9.612481e+03 9.639114e+03 9.643520e+03 9.616887e+03
7.7 9.631177e+03 9.640395e+03 9.644146e+03 9.634929e+03
8.7 9.639477e+03 9.640127e+03 9.644514e+03 9.643864e+03
9.7 9.660715e+03 9.636905e+03 9.644690e+03 9.668500e+03
10.7 9.672524e+03 9.638975e+03 9.644730e+03 9.678279e+03
11.7 9.674215e+03 9.613698e+03 9.644701e+03 9.705217e+03
12.7 9.679159e+03 9.601942e+03 9.644656e+03 9.721873e+03
13.7 9.616128e+03 9.609669e+03 9.644620e+03 9.651079e+03
14.7 9.550230e+03 9.607803e+03 9.644600e+03 9.587027e+03
15.7 9.542905e+03 9.624703e+03 9.644590e+03 9.562791e+03
16.7 9.575042e+03 9.622739e+03 9.644585e+03 9.596888e+03
17.7 9.638215e+03 9.634440e+03 9.644583e+03 9.648358e+03
0.9 9.611803e+03 9.665998e+03 9.640780e+03 9.586585e+03
1.9 9.607036e+03 9.629277e+03 9.638834e+03 9.616593e+03
2.9 9.651757e+03 9.651316e+03 9.644149e+03 9.644590e+03
3.9 9.687129e+03 9.678767e+03 9.648621e+03 9.656983e+03
4.9 9.691607e+03 9.662774e+03 9.648250e+03 9.677083e+03
5.9 9.682899e+03 9.651540e+03 9.646608e+03 9.677967e+03
6.9 9.647084e+03 9.651579e+03 9.645401e+03 9.640906e+03
7.9 9.669023e+03 9.664623e+03 9.644685e+03 9.649084e+03
8.9 9.705727e+03 9.668960e+03 9.644320e+03 9.681087e+03
9.9 9.716203e+03 9.676641e+03 9.644209e+03 9.683771e+03
10.9 9.693310e+03 9.666952e+03 9.644241e+03 9.670599e+03
11.9 9.631028e+03 9.665034e+03 9.644318e+03 9.610312e+03
12.9 9.556053e+03 9.631037e+03 9.644388e+03 9.569404e+03
13.9 9.567622e+03 9.599436e+03 9.644434e+03 9.612619e+03
14.9 9.620985e+03 9.604203e+03 9.644457e+03 9.661239e+03
15.9 9.663496e+03 9.641295e+03 9.644469e+03 9.666670e+03
16.9 9.723177e+03 9.634629e+03 9.644475e+03 9.733023e+03
17.9 9.700664e+03 9.652766e+03 9.644479e+03 9.692377e+03
0.5 9.640876e+03 9.644127e+03 9.642834e+03 9.639583e+03
1.5 9.621508e+03 9.634684e+03 9.640224e+03 9.627048e+03
2.5 9.604801e+03 9.631185e+03 9.642552e+03 9.616168e+03
3.5 9.641918e+03 9.654471e+03 9.646986e+03 9.634434e+03
4.5 9.664566e+03 9.664632e+03 9.647637e+03 9.647572e+03
5.5 9.673515e+03 9.649039e+03 9.646465e+03 9.670941e+03
6.5 9.649556e+03 9.640703e+03 9.645421e+03 9.654275e+03
7.5 9.612365e+03 9.642219e+03 9.644779e+03 9.614925e+03
8.5 9.609213e+03 9.645542e+03 9.644426e+03 9.608097e+03
9.5 9.642932e+03 9.650348e+03 9.644286e+03 9.636869e+03
10.5 9.661400e+03 9.633088e+03 9.644279e+03 9.672591e+03
11.5 9.633769e+03 9.626327e+03 9.644327e+03 9.651770e+03
12.5 9.651322e+03 9.641722e+03 9.644368e+03 9.653969e+03
13.5 9.658592e+03 9.627156e+03 9.643008e+03 9.674444e+03
14.5 9.652567e+03 9.629717e+03 9.641460e+03 9.664310e+03
15.5 9.638163e+03 9.649982e+03 9.643544e+03 9.631726e+03
16.5 9.637676e+03 9.656407e+03 9.646337e+03 9.627607e+03
17.5 9.652491e+03 9.655103e+03 9.646444e+03 9.643831e+03
0.5 9.658592e+03 9.627156e+03 9.643008e+03 9.674444e+03
1.5 9.652567e+03 9.629717e+03 9.641460e+03 9.664310e+03
2.5 9.638163e+03 9.649982e+03 9.643544e+03 9.631726e+03
3.5 9.637676e+03 9.656407e+03 9.646337e+03 9.627607e+03
4.5 9.652491e+03 9.655103e+03 9.646444e+03 9.643831e+03
5.5 9.650202e+03 9.654062e+03 9.645612e+03 9.641752e+03
6.5 9.668572e+03 9.655773e+03 9.644959e+03 9.657758e+03
7.5 9.669730e+03 9.651133e+03 9.644566e+03 9.663162e+03
8.5 9.643896e+03 9.636141e+03 9.644357e+03 9.652112e+03
9.5 9.634796e+03 9.631307e+03 9.644283e+03 9.647771e+03
10.5 9.663539e+03 9.655339e+03 9.644288e+03 9.652487e+03
11.5 9.676149e+03 9.651424e+03 9.643613e+03 9.668338e+03
12.5 9.632689e+03 9.625370e+03 9.645517e+03 9.652835e+03
13.5 9.611025e+03 9.630395e+03 9.647990e+03 9.628620e+03
14.5 9.638233e+03 9.646949e+03 9.645435e+03 9.636719e+03
15.5 9.664646e+03 9.649532e+03 9.642552e+03 9.657667e+03
16.5 9.671802e+03 9.629696e+03 9.642527e+03 9.684633e+03
17.5 9.634501e+03 9.639091e+03 9.643317e+03 9.638726e+03
0.4 9.676149e+03 9.651424e+03 9.643613e+03 9.668338e+03
1.4 9.632689e+03 9.625370e+03 9.645517e+03 9.652835e+03
2.4 9.611025e+03 9.630395e+03 9.647990e+03 9.628620e+03
3.4 9.638233e+03 9.646949e+03 9.645435e+03 9.636719e+03
4.4 9.664646e+03 9.649532e+03 9.642552e+03 9.657667e+03
5.4 9.671802e+03 9.629696e+03 9.642527e+03 9.684633e+03
6.4 9.634501e+03 9.639091e+03 9.643317e+03 9.638726e+03
7.4 9.628724e+03 9.646164e+03 9.643914e+03 9.626474e+03
8.4 9.646263e+03 9.656984e+03 9.644282e+03 9.633561e+03
9.4 9.653826e+03 9.649371e+03 9.644487e+03 9.648941e+03
10.4 9.647763e+03 9.621163e+03 9.644565e+03 9.671165e+03
11.4 9.635194e+03 9.608623e+03 9.644565e+03 9.671135e+03
12.4 9.636135e+03 9.623947e+03 9.644535e+03 9.656722e+03
13.4 9.635282e+03 9.650743e+03 9.644506e+03 9.629045e+03
14.4 9.681685e+03 9.663926e+03 9.644489e+03 9.662248e+03
15.4 9.667212e+03 9.661916e+03 9.644444e+03 9.649741e+03
16.4 9.687510e+03 9.660344e+03 9.644294e+03 9.671460e+03
17.4 9.685525e+03 9.654974e+03 9.650784e+03 9.681336e+03
0.6 9.687510e+03 9.660344e+03 9.644294e+03 9.671460e+03
1.6 9.685525e+03 9.654974e+03 9.650784e+03 9.681336e+03
2.6 9.692791e+03 9.674637e+03 9.653447e+03 9.671601e+03
3.6 9.669589e+03 9.680932e+03 9.643894e+03 9.632551e+03
4.6 9.636943e+03 9.670587e+03 9.638073e+03 9.604429e+03
5.6 9.634320e+03 9.673789e+03 9.639251e+03 9.599782e+03
6.6 9.632132e+03 9.664446e+03 9.641668e+03 9.609354e+03
7.6 9.631855e+03 9.655181e+03 9.643328e+03 9.620002e+03
8.6 9.651280e+03 9.655590e+03 9.644303e+03 9.639994e+03
9.6 9.628803e+03 9.650472e+03 9.644787e+03 9.623118e+03
10.6 9.627153e+03 9.643135e+03 9.644915e+03 9.628933e+03
11.6 9.643634e+03 9.653646e+03 9.644849e+03 9.634838e+03
12.6 9.695431e+03 9.653147e+03 9.644728e+03 9.687012e+03
13.6 9.706725e+03 9.640716e+03 9.644626e+03 9.710634e+03
14.6 9.646840e+03 9.616152e+03 9.644562e+03 9.675250e+03
15.6 9.570009e+03 9.595092e+03 9.644527e+03 9.619444e+03
16.6 9.540300e+03 9.587810e+03 9.644511e+03 9.597001e+03
17.6 9.545288e+03 9.573944e+03 9.644503e+03 9.615846e+03
0.5 9.601240e+03 9.663880e+03 9.644331e+03 9.581691e+03
1.5 9.571417e+03 9.633745e+03 9.651632e+03 9.589304e+03
2.5 9.593134e+03 9.628681e+03 9.655600e+03 9.620054e+03
3.5 9.648741e+03 9.639260e+03 9.644805e+03 9.654286e+03
4.5 9.683700e+03 9.642926e+03 9.636833e+03 9.677607e+03
5.5 9.695563e+03 9.652805e+03 9.637845e+03 9.680602e+03
6.5 9.677807e+03 9.662209e+03 9.640860e+03 9.656458e+03
7.5 9.659609e+03 9.662975e+03 9.643010e+03 9.639644e+03
8.5 9.655676e+03 9.661549e+03 9.644287e+03 9.638414e+03
9.5 9.634957e+03 9.643400e+03 9.644941e+03 9.636498e+03
10.5 9.605718e+03 9.639396e+03 9.645143e+03 9.611465e+03
11.5 9.588990e+03 9.652761e+03 9.645091e+03 9.581320e+03
12.5 9.601928e+03 9.649425e+03 9.644961e+03 9.597464e+03
13.5 9.612195e+03 9.647576e+03 9.644849e+03 9.609467e+03
14.5 9.647914e+03 9.663911e+03 9.644777e+03 9.628779e+03
15.5 9.662462e+03 9.653629e+03 9.644738e+03 9.653570e+03
16.5 9.656265e+03 9.638523e+03 9.644729e+03 9.662471e+03
17.5 9.635689e+03 9.620947e+03 9.644739e+03 9.659481e+03
