0.9 7.642830e+03 7.666067e+03 7.626617e+03 7.603381e+03
1.9 7.713786e+03 7.699296e+03 7.635181e+03 7.649671e+03
2.9 7.668787e+03 7.695624e+03 7.644533e+03 7.617696e+03
3.9 7.685723e+03 7.694251e+03 7.649178e+03 7.640650e+03
4.9 7.723042e+03 7.704353e+03 7.651752e+03 7.670441e+03
5.9 7.756362e+03 7.704425e+03 7.653296e+03 7.705233e+03
6.9 7.759343e+03 7.666734e+03 7.649356e+03 7.741965e+03
7.9 7.742509e+03 7.648838e+03 7.650536e+03 7.744207e+03
8.9 7.638816e+03 7.629767e+03 7.652007e+03 7.661056e+03
9.9 7.612934e+03 7.609594e+03 7.649200e+03 7.652541e+03
10.9 7.585504e+03 7.562978e+03 7.644516e+03 7.667042e+03
11.9 7.526039e+03 7.552065e+03 7.635265e+03 7.609239e+03
12.9 7.533462e+03 7.597278e+03 7.627839e+03 7.564023e+03
13.9 7.399331e+03 7.611501e+03 7.624356e+03 7.412186e+03
14.9 7.525549e+03 7.625658e+03 7.623575e+03 7.523466e+03
15.9 7.548889e+03 7.576770e+03 7.624124e+03 7.596243e+03
16.9 7.483610e+03 7.558030e+03 7.625150e+03 7.550730e+03
17.9 7.540290e+03 7.553019e+03 7.626168e+03 7.613438e+03
0.5 7.713786e+03 7.699296e+03 7.635181e+03 7.649671e+03
1.5 7.668787e+03 7.695624e+03 7.644533e+03 7.617696e+03
2.5 7.685723e+03 7.694251e+03 7.649178e+03 7.640650e+03
3.5 7.723042e+03 7.704353e+03 7.651752e+03 7.670441e+03
4.5 7.756362e+03 7.704425e+03 7.653296e+03 7.705233e+03
5.5 7.759343e+03 7.666734e+03 7.649356e+03 7.741965e+03
6.5 7.742509e+03 7.648838e+03 7.650536e+03 7.744207e+03
7.5 7.638816e+03 7.629767e+03 7.652007e+03 7.661056e+03
8.5 7.612934e+03 7.609594e+03 7.649200e+03 7.652541e+03
9.5 7.585504e+03 7.562978e+03 7.644516e+03 7.667042e+03
10.5 7.526039e+03 7.552065e+03 7.635265e+03 7.609239e+03
11.5 7.533462e+03 7.597278e+03 7.627839e+03 7.564023e+03
12.5 7.399331e+03 7.611501e+03 7.624356e+03 7.412186e+03
13.5 7.525549e+03 7.625658e+03 7.623575e+03 7.523466e+03
14.5 7.548889e+03 7.576770e+03 7.624124e+03 7.596243e+03
15.5 7.483610e+03 7.558030e+03 7.625150e+03 7.550730e+03
16.5 7.540290e+03 7.553019e+03 7.626168e+03 7.613438e+03
17.5 7.494231e+03 7.562344e+03 7.626961e+03 7.558848e+03
0.1 7.668787e+03 7.695624e+03 7.644533e+03 7.617696e+03
1.1 7.685723e+03 7.694251e+03 7.649178e+03 7.640650e+03
2.1 7.723042e+03 7.704353e+03 7.651752e+03 7.670441e+03
3.1 7.756362e+03 7.704425e+03 7.653296e+03 7.705233e+03
4.1 7.759343e+03 7.666734e+03 7.649356e+03 7.741965e+03
5.1 7.742509e+03 7.648838e+03 7.650536e+03 7.744207e+03
6.1 7.638816e+03 7.629767e+03 7.652007e+03 7.661056e+03
7.1 7.612934e+03 7.609594e+03 7.649200e+03 7.652541e+03
8.1 7.585504e+03 7.562978e+03 7.644516e+03 7.667042e+03
9.1 7.526039e+03 7.552065e+03 7.635265e+03 7.609239e+03
10.1 7.533462e+03 7.597278e+03 7.627839e+03 7.564023e+03
11.1 7.399331e+03 7.611501e+03 7.624356e+03 7.412186e+03
12.1 7.525549e+03 7.625658e+03 7.623575e+03 7.523466e+03
13.1 7.548889e+03 7.576770e+03 7.624124e+03 7.596243e+03
14.1 7.483610e+03 7.558030e+03 7.625150e+03 7.550730e+03
15.1 7.540290e+03 7.553019e+03 7.626168e+03 7.613438e+03
16.1 7.494231e+03 7.562344e+03 7.626961e+03 7.558848e+03
17.1 7.436672e+03 7.591162e+03 7.627495e+03 7.473006e+03
0.9 7.723042e+03 7.704353e+03 7.651752e+03 7.670441e+03
1.9 7.756362e+03 7.704425e+03 7.653296e+03 7.705233e+03
2.9 7.759343e+03 7.666734e+03 7.649356e+03 7.741965e+03
3.9 7.742509e+03 7.648838e+03 7.650536e+03 7.744207e+03
4.9 7.638816e+03 7.629767e+03 7.652007e+03 7.661056e+03
5.9 7.612934e+03 7.609594e+03 7.649200e+03 7.652541e+03
6.9 7.585504e+03 7.562978e+03 7.644516e+03 7.667042e+03
7.9 7.526039e+03 7.552065e+03 7.635265e+03 7.609239e+03
8.9 7.533462e+03 7.597278e+03 7.627839e+03 7.564023e+03
9.9 7.399331e+03 7.611501e+03 7.624356e+03 7.412186e+03
10.9 7.525549e+03 7.625658e+03 7.623575e+03 7.523466e+03
11.9 7.548889e+03 7.576770e+03 7.624124e+03 7.596243e+03
12.9 7.483610e+03 7.558030e+03 7.625150e+03 7.550730e+03
13.9 7.540290e+03 7.553019e+03 7.626168e+03 7.613438e+03
14.9 7.494231e+03 7.562344e+03 7.626961e+03 7.558848e+03
15.9 7.436672e+03 7.591162e+03 7.627495e+03 7.473006e+03
16.9 7.622289e+03 7.628449e+03 7.627826e+03 7.621666e+03
17.9 7.585710e+03 7.644997e+03 7.628021e+03 7.568734e+03
0.2 7.756362e+03 7.704425e+03 7.653296e+03 7.705233e+03
1.2 7.759343e+03 7.666734e+03 7.649356e+03 7.741965e+03
2.2 7.742509e+03 7.648838e+03 7.650536e+03 7.744207e+03
3.2 7.638816e+03 7.629767e+03 7.652007e+03 7.661056e+03
4.2 7.612934e+03 7.609594e+03 7.649200e+03 7.652541e+03
5.2 7.585504e+03 7.562978e+03 7.644516e+03 7.667042e+03
6.2 7.526039e+03 7.552065e+03 7.635265e+03 7.609239e+03
7.2 7.533462e+03 7.597278e+03 7.627839e+03 7.564023e+03
8.2 7.399331e+03 7.611501e+03 7.624356e+03 7.412186e+03
9.2 7.525549e+03 7.625658e+03 7.623575e+03 7.523466e+03
10.2 7.548889e+03 7.576770e+03 7.624124e+03 7.596243e+03
11.2 7.483610e+03 7.558030e+03 7.625150e+03 7.550730e+03
12.2 7.540290e+03 7.553019e+03 7.626168e+03 7.613438e+03
13.2 7.494231e+03 7.562344e+03 7.626961e+03 7.558848e+03
14.2 7.436672e+03 7.591162e+03 7.627495e+03 7.473006e+03
15.2 7.622289e+03 7.628449e+03 7.627826e+03 7.621666e+03
16.2 7.585710e+03 7.644997e+03 7.628021e+03 7.568734e+03
17.2 7.681867e+03 7.679217e+03 7.628136e+03 7.630785e+03
0.3 7.759343e+03 7.666734e+03 7.649356e+03 7.741965e+03
1.3 7.742509e+03 7.648838e+03 7.650536e+03 7.744207e+03
2.3 7.638816e+03 7.629767e+03 7.652007e+03 7.661056e+03
3.3 7.612934e+03 7.609594e+03 7.649200e+03 7.652541e+03
4.3 7.585504e+03 7.562978e+03 7.644516e+03 7.667042e+03
5.3 7.526039e+03 7.552065e+03 7.635265e+03 7.609239e+03
6.3 7.533462e+03 7.597278e+03 7.627839e+03 7.564023e+03
7.3 7.399331e+03 7.611501e+03 7.624356e+03 7.412186e+03
8.3 7.525549e+03 7.625658e+03 7.623575e+03 7.523466e+03
9.3 7.548889e+03 7.576770e+03 7.624124e+03 7.596243e+03
10.3 7.483610e+03 7.558030e+03 7.625150e+03 7.550730e+03
11.3 7.540290e+03 7.553019e+03 7.626168e+03 7.613438e+03
12.3 7.494231e+03 7.562344e+03 7.626961e+03 7.558848e+03
13.3 7.436672e+03 7.591162e+03 7.627495e+03 7.473006e+03
14.3 7.622289e+03 7.628449e+03 7.627826e+03 7.621666e+03
15.3 7.585710e+03 7.644997e+03 7.628021e+03 7.568734e+03
16.3 7.681867e+03 7.679217e+03 7.628136e+03 7.630785e+03
17.3 7.732475e+03 7.687432e+03 7.628203e+03 7.673245e+03
0.6 7.638816e+03 7.629767e+03 7.652007e+03 7.661056e+03
1.6 7.612934e+03 7.609594e+03 7.649200e+03 7.652541e+03
2.6 7.585504e+03 7.562978e+03 7.644516e+03 7.667042e+03
3.6 7.526039e+03 7.552065e+03 7.635265e+03 7.609239e+03
4.6 7.533462e+03 7.597278e+03 7.627839e+03 7.564023e+03
5.6 7.399331e+03 7.611501e+03 7.624356e+03 7.412186e+03
6.6 7.525549e+03 7.625658e+03 7.623575e+03 7.523466e+03
7.6 7.548889e+03 7.576770e+03 7.624124e+03 7.596243e+03
8.6 7.483610e+03 7.558030e+03 7.625150e+03 7.550730e+03
9.6 7.540290e+03 7.553019e+03 7.626168e+03 7.613438e+03
10.6 7.494231e+03 7.562344e+03 7.626961e+03 7.558848e+03
11.6 7.436672e+03 7.591162e+03 7.627495e+03 7.473006e+03
12.6 7.622289e+03 7.628449e+03 7.627826e+03 7.621666e+03
13.6 7.585710e+03 7.644997e+03 7.628021e+03 7.568734e+03
14.6 7.681867e+03 7.679217e+03 7.628136e+03 7.630785e+03
15.6 7.732475e+03 7.687432e+03 7.628203e+03 7.673245e+03
16.6 7.730610e+03 7.647707e+03 7.628237e+03 7.711141e+03
17.6 7.847550e+03 7.705001e+03 7.628248e+03 7.770797e+03
1.0 7.778235e+03 7.617680e+03 7.629459e+03 7.790014e+03
2.0 7.681363e+03 7.629539e+03 7.639043e+03 7.690867e+03
3.0 7.672196e+03 7.654520e+03 7.649757e+03 7.667433e+03
4.0 7.756298e+03 7.688575e+03 7.652066e+03 7.719790e+03
5.0 7.672743e+03 7.676893e+03 7.653721e+03 7.649571e+03
6.0 7.643392e+03 7.656100e+03 7.656353e+03 7.643645e+03
7.0 7.614165e+03 7.649997e+03 7.656458e+03 7.620625e+03
8.0 7.605516e+03 7.595372e+03 7.647369e+03 7.657512e+03
9.0 7.590681e+03 7.594063e+03 7.635536e+03 7.632154e+03
10.0 7.580478e+03 7.608263e+03 7.627935e+03 7.600150e+03
11.0 7.607703e+03 7.623336e+03 7.624666e+03 7.609034e+03
12.0 7.629551e+03 7.623419e+03 7.623957e+03 7.630089e+03
13.0 7.563081e+03 7.623916e+03 7.624477e+03 7.563642e+03
14.0 7.631119e+03 7.613436e+03 7.625403e+03 7.643085e+03
15.0 7.573526e+03 7.598019e+03 7.626266e+03 7.601774e+03
16.0 7.511327e+03 7.581793e+03 7.626891e+03 7.556424e+03
17.0 7.597295e+03 7.597751e+03 7.627278e+03 7.626822e+03
18.0 7.481854e+03 7.622722e+03 7.627501e+03 7.486633e+03
0.8 7.681363e+03 7.629539e+03 7.639043e+03 7.690867e+03
1.8 7.672196e+03 7.654520e+03 7.649757e+03 7.667433e+03
2.8 7.756298e+03 7.688575e+03 7.652066e+03 7.719790e+03
3.8 7.672743e+03 7.676893e+03 7.653721e+03 7.649571e+03
4.8 7.643392e+03 7.656100e+03 7.656353e+03 7.643645e+03
5.8 7.614165e+03 7.649997e+03 7.656458e+03 7.620625e+03
6.8 7.605516e+03 7.595372e+03 7.647369e+03 7.657512e+03
7.8 7.590681e+03 7.594063e+03 7.635536e+03 7.632154e+03
8.8 7.580478e+03 7.608263e+03 7.627935e+03 7.600150e+03
9.8 7.607703e+03 7.623336e+03 7.624666e+03 7.609034e+03
10.8 7.629551e+03 7.623419e+03 7.623957e+03 7.630089e+03
11.8 7.563081e+03 7.623916e+03 7.624477e+03 7.563642e+03
12.8 7.631119e+03 7.613436e+03 7.625403e+03 7.643085e+03
13.8 7.573526e+03 7.598019e+03 7.626266e+03 7.601774e+03
14.8 7.511327e+03 7.581793e+03 7.626891e+03 7.556424e+03
15.8 7.597295e+03 7.597751e+03 7.627278e+03 7.626822e+03
16.8 7.481854e+03 7.622722e+03 7.627501e+03 7.486633e+03
17.8 7.549334e+03 7.633454e+03 7.627633e+03 7.543513e+03
0.2 7.672196e+03 7.654520e+03 7.649757e+03 7.667433e+03
1.2 7.756298e+03 7.688575e+03 7.652066e+03 7.719790e+03
2.2 7.672743e+03 7.676893e+03 7.653721e+03 7.649571e+03
3.2 7.643392e+03 7.656100e+03 7.656353e+03 7.643645e+03
4.2 7.614165e+03 7.649997e+03 7.656458e+03 7.620625e+03
5.2 7.605516e+03 7.595372e+03 7.647369e+03 7.657512e+03
6.2 7.590681e+03 7.594063e+03 7.635536e+03 7.632154e+03
7.2 7.580478e+03 7.608263e+03 7.627935e+03 7.600150e+03
8.2 7.607703e+03 7.623336e+03 7.624666e+03 7.609034e+03
9.2 7.629551e+03 7.623419e+03 7.623957e+03 7.630089e+03
10.2 7.563081e+03 7.623916e+03 7.624477e+03 7.563642e+03
11.2 7.631119e+03 7.613436e+03 7.625403e+03 7.643085e+03
12.2 7.573526e+03 7.598019e+03 7.626266e+03 7.601774e+03
13.2 7.511327e+03 7.581793e+03 7.626891e+03 7.556424e+03
14.2 7.597295e+03 7.597751e+03 7.627278e+03 7.626822e+03
15.2 7.481854e+03 7.622722e+03 7.627501e+03 7.486633e+03
16.2 7.549334e+03 7.633454e+03 7.627633e+03 7.543513e+03
17.2 7.601393e+03 7.646141e+03 7.627725e+03 7.582977e+03
0.2 7.756298e+03 7.688575e+03 7.652066e+03 7.719790e+03
1.2 7.672743e+03 7.676893e+03 7.653721e+03 7.649571e+03
2.2 7.643392e+03 7.656100e+03 7.656353e+03 7.643645e+03
3.2 7.614165e+03 7.649997e+03 7.656458e+03 7.620625e+03
4.2 7.605516e+03 7.595372e+03 7.647369e+03 7.657512e+03
5.2 7.590681e+03 7.594063e+03 7.635536e+03 7.632154e+03
6.2 7.580478e+03 7.608263e+03 7.627935e+03 7.600150e+03
7.2 7.607703e+03 7.623336e+03 7.624666e+03 7.609034e+03
8.2 7.629551e+03 7.623419e+03 7.623957e+03 7.630089e+03
9.2 7.563081e+03 7.623916e+03 7.624477e+03 7.563642e+03
10.2 7.631119e+03 7.613436e+03 7.625403e+03 7.643085e+03
11.2 7.573526e+03 7.598019e+03 7.626266e+03 7.601774e+03
12.2 7.511327e+03 7.581793e+03 7.626891e+03 7.556424e+03
13.1 7.597295e+03 7.597751e+03 7.627278e+03 7.626822e+03
14.1 7.481854e+03 7.622722e+03 7.627501e+03 7.486633e+03
15.1 7.549334e+03 7.633454e+03 7.627633e+03 7.543513e+03
16.1 7.601393e+03 7.646141e+03 7.627725e+03 7.582977e+03
17.1 7.732622e+03 7.668872e+03 7.627804e+03 7.691554e+03
0.0 7.672743e+03 7.676893e+03 7.653721e+03 7.649571e+03
1.0 7.643392e+03 7.656100e+03 7.656353e+03 7.643645e+03
2.0 7.614165e+03 7.649997e+03 7.656458e+03 7.620625e+03
3.0 7.605516e+03 7.595372e+03 7.647369e+03 7.657512e+03
4.0 7.590681e+03 7.594063e+03 7.635536e+03 7.632154e+03
5.0 7.580478e+03 7.608263e+03 7.627935e+03 7.600150e+03
6.0 7.607703e+03 7.623336e+03 7.624666e+03 7.609034e+03
7.0 7.629551e+03 7.623419e+03 7.623957e+03 7.630089e+03
8.0 7.563081e+03 7.623916e+03 7.624477e+03 7.563642e+03
9.0 7.631119e+03 7.613436e+03 7.625403e+03 7.643085e+03
10.0 7.573526e+03 7.598019e+03 7.626266e+03 7.601774e+03
11.0 7.511327e+03 7.581793e+03 7.626891e+03 7.556424e+03
12.0 7.597295e+03 7.597751e+03 7.627278e+03 7.626822e+03
13.0 7.481854e+03 7.622722e+03 7.627501e+03 7.486633e+03
14.0 7.549334e+03 7.633454e+03 7.627633e+03 7.543513e+03
15.0 7.601393e+03 7.646141e+03 7.627725e+03 7.582977e+03
16.0 7.732622e+03 7.668872e+03 7.627804e+03 7.691554e+03
17.0 7.630378e+03 7.626843e+03 7.628217e+03 7.631753e+03
0.8 7.630378e+03 7.626843e+03 7.628217e+03 7.631753e+03
1.8 7.650900e+03 7.666582e+03 7.635897e+03 7.620214e+03
2.8 7.563503e+03 7.646977e+03 7.645354e+03 7.561880e+03
3.8 7.718170e+03 7.698050e+03 7.654762e+03 7.674881e+03
4.8 7.705866e+03 7.693952e+03 7.660059e+03 7.671973e+03
5.8 7.703859e+03 7.656519e+03 7.658606e+03 7.705946e+03
6.8 7.726975e+03 7.627109e+03 7.651617e+03 7.751483e+03
7.8 7.722196e+03 7.607863e+03 7.647704e+03 7.762037e+03
8.8 7.616249e+03 7.585458e+03 7.639494e+03 7.670285e+03
9.8 7.621419e+03 7.614579e+03 7.631641e+03 7.638482e+03
10.8 7.537343e+03 7.604376e+03 7.627565e+03 7.560531e+03
11.8 7.679304e+03 7.603524e+03 7.626430e+03 7.702210e+03
12.8 7.662864e+03 7.643522e+03 7.626775e+03 7.646118e+03
13.8 7.607154e+03 7.618072e+03 7.627679e+03 7.616761e+03
14.8 7.654397e+03 7.586741e+03 7.628643e+03 7.696299e+03
15.8 7.602686e+03 7.573927e+03 7.629430e+03 7.658189e+03
16.8 7.519898e+03 7.566354e+03 7.629981e+03 7.583525e+03
17.8 7.620463e+03 7.611049e+03 7.630331e+03 7.639745e+03
0.3 7.650900e+03 7.666582e+03 7.635897e+03 7.620214e+03
1.3 7.563503e+03 7.646977e+03 7.645354e+03 7.561880e+03
2.3 7.718170e+03 7.698050e+03 7.654762e+03 7.674881e+03
3.3 7.705866e+03 7.693952e+03 7.660059e+03 7.671973e+03
4.3 7.703859e+03 7.656519e+03 7.658606e+03 7.705946e+03
5.3 7.726975e+03 7.627109e+03 7.651617e+03 7.751483e+03
6.3 7.722196e+03 7.607863e+03 7.647704e+03 7.762037e+03
7.3 7.616249e+03 7.585458e+03 7.639494e+03 7.670285e+03
8.3 7.621419e+03 7.614579e+03 7.631641e+03 7.638482e+03
9.3 7.537343e+03 7.604376e+03 7.627565e+03 7.560531e+03
10.3 7.679304e+03 7.603524e+03 7.626430e+03 7.702210e+03
11.3 7.662864e+03 7.643522e+03 7.626775e+03 7.646118e+03
12.3 7.607154e+03 7.618072e+03 7.627679e+03 7.616761e+03
13.3 7.654397e+03 7.586741e+03 7.628643e+03 7.696299e+03
14.3 7.602686e+03 7.573927e+03 7.629430e+03 7.658189e+03
15.3 7.519898e+03 7.566354e+03 7.629981e+03 7.583525e+03
16.3 7.620463e+03 7.611049e+03 7.630331e+03 7.639745e+03
17.3 7.519480e+03 7.641783e+03 7.630543e+03 7.508240e+03
0.5 7.563503e+03 7.646977e+03 7.645354e+03 7.561880e+03
1.5 7.718170e+03 7.698050e+03 7.654762e+03 7.674881e+03
2.5 7.705866e+03 7.693952e+03 7.660059e+03 7.671973e+03
3.5 7.703859e+03 7.656519e+03 7.658606e+03 7.705946e+03
4.5 7.726975e+03 7.627109e+03 7.651617e+03 7.751483e+03
5.5 7.722196e+03 7.607863e+03 7.647704e+03 7.762037e+03
6.5 7.616249e+03 7.585458e+03 7.639494e+03 7.670285e+03
7.5 7.621419e+03 7.614579e+03 7.631641e+03 7.638482e+03
8.5 7.537343e+03 7.604376e+03 7.627565e+03 7.560531e+03
9.5 7.679304e+03 7.603524e+03 7.626430e+03 7.702210e+03
10.5 7.662864e+03 7.643522e+03 7.626775e+03 7.646118e+03
11.5 7.607154e+03 7.618072e+03 7.627679e+03 7.616761e+03
12.5 7.654397e+03 7.586741e+03 7.628643e+03 7.696299e+03
13.5 7.602686e+03 7.573927e+03 7.629430e+03 7.658189e+03
14.5 7.519898e+03 7.566354e+03 7.629981e+03 7.583525e+03
15.5 7.620463e+03 7.611049e+03 7.630331e+03 7.639745e+03
16.5 7.519480e+03 7.641783e+03 7.630543e+03 7.508240e+03
17.5 7.624445e+03 7.644922e+03 7.630664e+03 7.610188e+03
0.3 7.718170e+03 7.698050e+03 7.654762e+03 7.674881e+03
1.3 7.705866e+03 7.693952e+03 7.660059e+03 7.671973e+03
2.3 7.703859e+03 7.656519e+03 7.658606e+03 7.705946e+03
3.3 7.726975e+03 7.627109e+03 7.651617e+03 7.751483e+03
4.3 7.722196e+03 7.607863e+03 7.647704e+03 7.762037e+03
5.3 7.616249e+03 7.585458e+03 7.639494e+03 7.670285e+03
6.3 7.621419e+03 7.614579e+03 7.631641e+03 7.638482e+03
7.3 7.537343e+03 7.604376e+03 7.627565e+03 7.560531e+03
8.3 7.679304e+03 7.603524e+03 7.626430e+03 7.702210e+03
9.3 7.662864e+03 7.643522e+03 7.626775e+03 7.646118e+03
10.3 7.607154e+03 7.618072e+03 7.627679e+03 7.616761e+03
11.3 7.654397e+03 7.586741e+03 7.628643e+03 7.696299e+03
12.3 7.602686e+03 7.573927e+03 7.629430e+03 7.658189e+03
13.3 7.519898e+03 7.566354e+03 7.629981e+03 7.583525e+03
14.3 7.620463e+03 7.611049e+03 7.630331e+03 7.639745e+03
15.3 7.519480e+03 7.641783e+03 7.630543e+03 7.508240e+03
16.3 7.624445e+03 7.644922e+03 7.630664e+03 7.610188e+03
17.3 7.653481e+03 7.674080e+03 7.630722e+03 7.610123e+03
0.4 7.703859e+03 7.656519e+03 7.658606e+03 7.705946e+03
1.4 7.726975e+03 7.627109e+03 7.651617e+03 7.751483e+03
2.4 7.722196e+03 7.607863e+03 7.647704e+03 7.762037e+03
3.4 7.616249e+03 7.585458e+03 7.639494e+03 7.670285e+03
4.4 7.621419e+03 7.614579e+03 7.631641e+03 7.638482e+03
5.4 7.537343e+03 7.604376e+03 7.627565e+03 7.560531e+03
6.4 7.679304e+03 7.603524e+03 7.626430e+03 7.702210e+03
7.4 7.662864e+03 7.643522e+03 7.626775e+03 7.646118e+03
8.4 7.607154e+03 7.618072e+03 7.627679e+03 7.616761e+03
9.4 7.654397e+03 7.586741e+03 7.628643e+03 7.696299e+03
10.4 7.602686e+03 7.573927e+03 7.629430e+03 7.658189e+03
11.4 7.519898e+03 7.566354e+03 7.629981e+03 7.583525e+03
12.4 7.620463e+03 7.611049e+03 7.630331e+03 7.639745e+03
13.4 7.519480e+03 7.641783e+03 7.630543e+03 7.508240e+03
14.4 7.624445e+03 7.644922e+03 7.630664e+03 7.610188e+03
15.4 7.653481e+03 7.674080e+03 7.630722e+03 7.610123e+03
16.4 7.583519e+03 7.687759e+03 7.630734e+03 7.526493e+03
17.4 7.609683e+03 7.670890e+03 7.630706e+03 7.569499e+03
0.5 7.684279e+03 7.676829e+03 7.627248e+03 7.634698e+03
1.5 7.591505e+03 7.636603e+03 7.632141e+03 7.587043e+03
2.5 7.689385e+03 7.669855e+03 7.641257e+03 7.660788e+03
3.5 7.734180e+03 7.684332e+03 7.649651e+03 7.699499e+03
4.5 7.692516e+03 7.673531e+03 7.654264e+03 7.673248e+03
5.5 7.705434e+03 7.653871e+03 7.646263e+03 7.697825e+03
6.5 7.616234e+03 7.623911e+03 7.634481e+03 7.626804e+03
7.5 7.652567e+03 7.622911e+03 7.626513e+03 7.656169e+03
8.5 7.662402e+03 7.591793e+03 7.622810e+03 7.693419e+03
9.5 7.663824e+03 7.591654e+03 7.628404e+03 7.700574e+03
10.5 7.621981e+03 7.678018e+03 7.641804e+03 7.585768e+03
11.5 7.682665e+03 7.743656e+03 7.646173e+03 7.585182e+03
12.5 7.617079e+03 7.710161e+03 7.645279e+03 7.552196e+03
13.5 7.705535e+03 7.711900e+03 7.645412e+03 7.639047e+03
14.5 7.686535e+03 7.716621e+03 7.645420e+03 7.615333e+03
15.5 7.693836e+03 7.694744e+03 7.643605e+03 7.642697e+03
16.5 7.630283e+03 7.688767e+03 7.644820e+03 7.586336e+03
17.5 7.547085e+03 7.678804e+03 7.645660e+03 7.513941e+03
0.1 7.591505e+03 7.636603e+03 7.632141e+03 7.587043e+03
1.1 7.689385e+03 7.669855e+03 7.641257e+03 7.660788e+03
2.1 7.734180e+03 7.684332e+03 7.649651e+03 7.699499e+03
3.1 7.692516e+03 7.673531e+03 7.654264e+03 7.673248e+03
4.1 7.705434e+03 7.653871e+03 7.646263e+03 7.697825e+03
5.1 7.616234e+03 7.623911e+03 7.634481e+03 7.626804e+03
6.1 7.652567e+03 7.622911e+03 7.626513e+03 7.656169e+03
7.1 7.662402e+03 7.591793e+03 7.622810e+03 7.693419e+03
8.1 7.663824e+03 7.591654e+03 7.628404e+03 7.700574e+03
9.1 7.621981e+03 7.678018e+03 7.641804e+03 7.585768e+03
10.1 7.682665e+03 7.743656e+03 7.646173e+03 7.585182e+03
11.1 7.617079e+03 7.710161e+03 7.645279e+03 7.552196e+03
12.1 7.705535e+03 7.711900e+03 7.645412e+03 7.639047e+03
13.1 7.686535e+03 7.716621e+03 7.645420e+03 7.615333e+03
14.1 7.693836e+03 7.694744e+03 7.643605e+03 7.642697e+03
15.1 7.630283e+03 7.688767e+03 7.644820e+03 7.586336e+03
16.1 7.547085e+03 7.678804e+03 7.645660e+03 7.513941e+03
17.1 7.554736e+03 7.632319e+03 7.644533e+03 7.566950e+03
0.1 7.689385e+03 7.669855e+03 7.641257e+03 7.660788e+03
1.1 7.734180e+03 7.684332e+03 7.649651e+03 7.699499e+03
2.1 7.692516e+03 7.673531e+03 7.654264e+03 7.673248e+03
3.1 7.705434e+03 7.653871e+03 7.646263e+03 7.697825e+03
4.1 7.616234e+03 7.623911e+03 7.634481e+03 7.626804e+03
5.1 7.652567e+03 7.622911e+03 7.626513e+03 7.656169e+03
6.1 7.662402e+03 7.591793e+03 7.622810e+03 7.693419e+03
7.1 7.663824e+03 7.591654e+03 7.628404e+03 7.700574e+03
8.1 7.621981e+03 7.678018e+03 7.641804e+03 7.585768e+03
9.1 7.682665e+03 7.743656e+03 7.646173e+03 7.585182e+03
10.1 7.617079e+03 7.710161e+03 7.645279e+03 7.552196e+03
11.1 7.705535e+03 7.711900e+03 7.645412e+03 7.639047e+03
12.1 7.686535e+03 7.716621e+03 7.645420e+03 7.615333e+03
13.1 7.693836e+03 7.694744e+03 7.643605e+03 7.642697e+03
14.1 7.630283e+03 7.688767e+03 7.644820e+03 7.586336e+03
15.1 7.547085e+03 7.678804e+03 7.645660e+03 7.513941e+03
16.1 7.554736e+03 7.632319e+03 7.644533e+03 7.566950e+03
17.1 7.581293e+03 7.610892e+03 7.643347e+03 7.613748e+03
0.6 7.662402e+03 7.591793e+03 7.622810e+03 7.693419e+03
1.6 7.663824e+03 7.591654e+03 7.628404e+03 7.700574e+03
2.6 7.621981e+03 7.678018e+03 7.641804e+03 7.585768e+03
3.6 7.682665e+03 7.743656e+03 7.646173e+03 7.585182e+03
4.6 7.617079e+03 7.710161e+03 7.645279e+03 7.552196e+03
5.6 7.705535e+03 7.711900e+03 7.645412e+03 7.639047e+03
6.6 7.686535e+03 7.716621e+03 7.645420e+03 7.615333e+03
7.6 7.693836e+03 7.694744e+03 7.643605e+03 7.642697e+03
8.6 7.630283e+03 7.688767e+03 7.644820e+03 7.586336e+03
9.6 7.547085e+03 7.678804e+03 7.645660e+03 7.513941e+03
10.6 7.554736e+03 7.632319e+03 7.644533e+03 7.566950e+03
11.6 7.581293e+03 7.610892e+03 7.643347e+03 7.613748e+03
12.6 7.476086e+03 7.634791e+03 7.643200e+03 7.484495e+03
13.6 7.552202e+03 7.659728e+03 7.646607e+03 7.539081e+03
14.6 7.503800e+03 7.597212e+03 7.646402e+03 7.552990e+03
15.6 7.523984e+03 7.541857e+03 7.637897e+03 7.620024e+03
16.6 7.548275e+03 7.509434e+03 7.629789e+03 7.668629e+03
17.6 7.571400e+03 7.584554e+03 7.625623e+03 7.612469e+03
0.6 7.663824e+03 7.591654e+03 7.628404e+03 7.700574e+03
1.6 7.621981e+03 7.678018e+03 7.641804e+03 7.585768e+03
2.6 7.682665e+03 7.743656e+03 7.646173e+03 7.585182e+03
3.6 7.617079e+03 7.710161e+03 7.645279e+03 7.552196e+03
4.6 7.705535e+03 7.711900e+03 7.645412e+03 7.639047e+03
5.6 7.686535e+03 7.716621e+03 7.645420e+03 7.615333e+03
6.6 7.693836e+03 7.694744e+03 7.643605e+03 7.642697e+03
7.6 7.630283e+03 7.688767e+03 7.644820e+03 7.586336e+03
8.6 7.547085e+03 7.678804e+03 7.645660e+03 7.513941e+03
9.6 7.554736e+03 7.632319e+03 7.644533e+03 7.566950e+03
10.6 7.581293e+03 7.610892e+03 7.643347e+03 7.613748e+03
11.6 7.476086e+03 7.634791e+03 7.643200e+03 7.484495e+03
12.6 7.552202e+03 7.659728e+03 7.646607e+03 7.539081e+03
13.6 7.503800e+03 7.597212e+03 7.646402e+03 7.552990e+03
14.6 7.523984e+03 7.541857e+03 7.637897e+03 7.620024e+03
15.6 7.548275e+03 7.509434e+03 7.629789e+03 7.668629e+03
16.6 7.571400e+03 7.584554e+03 7.625623e+03 7.612469e+03
17.6 7.510492e+03 7.616219e+03 7.624398e+03 7.518670e+03
0.7 7.682665e+03 7.743656e+03 7.646173e+03 7.585182e+03
1.7 7.617079e+03 7.710161e+03 7.645279e+03 7.552196e+03
2.7 7.705535e+03 7.711900e+03 7.645412e+03 7.639047e+03
3.7 7.686535e+03 7.716621e+03 7.645420e+03 7.615333e+03
4.7 7.693836e+03 7.694744e+03 7.643605e+03 7.642697e+03
5.7 7.630283e+03 7.688767e+03 7.644820e+03 7.586336e+03
6.7 7.547085e+03 7.678804e+03 7.645660e+03 7.513941e+03
7.7 7.554736e+03 7.632319e+03 7.644533e+03 7.566950e+03
8.7 7.581293e+03 7.610892e+03 7.643347e+03 7.613748e+03
9.7 7.476086e+03 7.634791e+03 7.643200e+03 7.484495e+03
10.7 7.552202e+03 7.659728e+03 7.646607e+03 7.539081e+03
11.7 7.503800e+03 7.597212e+03 7.646402e+03 7.552990e+03
12.7 7.523984e+03 7.541857e+03 7.637897e+03 7.620024e+03
13.7 7.548275e+03 7.509434e+03 7.629789e+03 7.668629e+03
14.7 7.571400e+03 7.584554e+03 7.625623e+03 7.612469e+03
15.7 7.510492e+03 7.616219e+03 7.624398e+03 7.518670e+03
16.7 7.613628e+03 7.606975e+03 7.624738e+03 7.631391e+03
17.7 7.663749e+03 7.652748e+03 7.625760e+03 7.636760e+03
0.3 7.617079e+03 7.710161e+03 7.645279e+03 7.552196e+03
1.3 7.705535e+03 7.711900e+03 7.645412e+03 7.639047e+03
2.3 7.686535e+03 7.716621e+03 7.645420e+03 7.615333e+03
3.3 7.693836e+03 7.694744e+03 7.643605e+03 7.642697e+03
4.3 7.630283e+03 7.688767e+03 7.644820e+03 7.586336e+03
5.3 7.547085e+03 7.678804e+03 7.645660e+03 7.513941e+03
6.3 7.554736e+03 7.632319e+03 7.644533e+03 7.566950e+03
7.3 7.581293e+03 7.610892e+03 7.643347e+03 7.613748e+03
8.3 7.476086e+03 7.634791e+03 7.643200e+03 7.484495e+03
9.3 7.552202e+03 7.659728e+03 7.646607e+03 7.539081e+03
10.3 7.503800e+03 7.597212e+03 7.646402e+03 7.552990e+03
11.3 7.523984e+03 7.541857e+03 7.637897e+03 7.620024e+03
12.3 7.548275e+03 7.509434e+03 7.629789e+03 7.668629e+03
13.3 7.571400e+03 7.584554e+03 7.625623e+03 7.612469e+03
14.3 7.510492e+03 7.616219e+03 7.624398e+03 7.518670e+03
15.3 7.613628e+03 7.606975e+03 7.624738e+03 7.631391e+03
16.3 7.663749e+03 7.652748e+03 7.625760e+03 7.636760e+03
17.3 7.554576e+03 7.654384e+03 7.626914e+03 7.527105e+03
0.6 7.686535e+03 7.716621e+03 7.645420e+03 7.615333e+03
1.6 7.693836e+03 7.694744e+03 7.643605e+03 7.642697e+03
2.6 7.630283e+03 7.688767e+03 7.644820e+03 7.586336e+03
3.6 7.547085e+03 7.678804e+03 7.645660e+03 7.513941e+03
4.6 7.554736e+03 7.632319e+03 7.644533e+03 7.566950e+03
5.6 7.581293e+03 7.610892e+03 7.643347e+03 7.613748e+03
6.6 7.476086e+03 7.634791e+03 7.643200e+03 7.484495e+03
7.6 7.552202e+03 7.659728e+03 7.646607e+03 7.539081e+03
8.6 7.503800e+03 7.597212e+03 7.646402e+03 7.552990e+03
9.6 7.523984e+03 7.541857e+03 7.637897e+03 7.620024e+03
10.6 7.548275e+03 7.509434e+03 7.629789e+03 7.668629e+03
11.6 7.571400e+03 7.584554e+03 7.625623e+03 7.612469e+03
12.6 7.510492e+03 7.616219e+03 7.624398e+03 7.518670e+03
13.6 7.613628e+03 7.606975e+03 7.624738e+03 7.631391e+03
14.6 7.663749e+03 7.652748e+03 7.625760e+03 7.636760e+03
15.6 7.554576e+03 7.654384e+03 7.626914e+03 7.527105e+03
16.6 7.622769e+03 7.634245e+03 7.627905e+03 7.616428e+03
17.6 7.545519e+03 7.625129e+03 7.628645e+03 7.549034e+03
0.3 7.693836e+03 7.694744e+03 7.643605e+03 7.642697e+03
1.3 7.630283e+03 7.688767e+03 7.644820e+03 7.586336e+03
2.3 7.547085e+03 7.678804e+03 7.645660e+03 7.513941e+03
3.3 7.554736e+03 7.632319e+03 7.644533e+03 7.566950e+03
4.3 7.581293e+03 7.610892e+03 7.643347e+03 7.613748e+03
5.3 7.476086e+03 7.634791e+03 7.643200e+03 7.484495e+03
6.3 7.552202e+03 7.659728e+03 7.646607e+03 7.539081e+03
7.3 7.503800e+03 7.597212e+03 7.646402e+03 7.552990e+03
8.3 7.523984e+03 7.541857e+03 7.637897e+03 7.620024e+03
9.3 7.548275e+03 7.509434e+03 7.629789e+03 7.668629e+03
10.3 7.571400e+03 7.584554e+03 7.625623e+03 7.612469e+03
11.3 7.510492e+03 7.616219e+03 7.624398e+03 7.518670e+03
12.3 7.613628e+03 7.606975e+03 7.624738e+03 7.631391e+03
13.3 7.663749e+03 7.652748e+03 7.625760e+03 7.636760e+03
14.3 7.554576e+03 7.654384e+03 7.626914e+03 7.527105e+03
15.3 7.622769e+03 7.634245e+03 7.627905e+03 7.616428e+03
16.3 7.545519e+03 7.625129e+03 7.628645e+03 7.549034e+03
17.3 7.633998e+03 7.634806e+03 7.629165e+03 7.628356e+03
0.6 7.547085e+03 7.678804e+03 7.645660e+03 7.513941e+03
1.6 7.554736e+03 7.632319e+03 7.644533e+03 7.566950e+03
2.6 7.581293e+03 7.610892e+03 7.643347e+03 7.613748e+03
3.6 7.476086e+03 7.634791e+03 7.643200e+03 7.484495e+03
4.6 7.552202e+03 7.659728e+03 7.646607e+03 7.539081e+03
5.6 7.503800e+03 7.597212e+03 7.646402e+03 7.552990e+03
6.6 7.523984e+03 7.541857e+03 7.637897e+03 7.620024e+03
7.6 7.548275e+03 7.509434e+03 7.629789e+03 7.668629e+03
8.6 7.571400e+03 7.584554e+03 7.625623e+03 7.612469e+03
9.6 7.510492e+03 7.616219e+03 7.624398e+03 7.518670e+03
10.6 7.613628e+03 7.606975e+03 7.624738e+03 7.631391e+03
11.6 7.663749e+03 7.652748e+03 7.625760e+03 7.636760e+03
12.6 7.554576e+03 7.654384e+03 7.626914e+03 7.527105e+03
13.6 7.622769e+03 7.634245e+03 7.627905e+03 7.616428e+03
14.6 7.545519e+03 7.625129e+03 7.628645e+03 7.549034e+03
15.6 7.633998e+03 7.634806e+03 7.629165e+03 7.628356e+03
16.6 7.583371e+03 7.604847e+03 7.629527e+03 7.608051e+03
17.6 7.590639e+03 7.606129e+03 7.629786e+03 7.614296e+03
0.8 7.581293e+03 7.610892e+03 7.643347e+03 7.613748e+03
1.8 7.476086e+03 7.634791e+03 7.643200e+03 7.484495e+03
2.8 7.552202e+03 7.659728e+03 7.646607e+03 7.539081e+03
3.8 7.503800e+03 7.597212e+03 7.646402e+03 7.552990e+03
4.8 7.523984e+03 7.541857e+03 7.637897e+03 7.620024e+03
5.8 7.548275e+03 7.509434e+03 7.629789e+03 7.668629e+03
6.8 7.571400e+03 7.584554e+03 7.625623e+03 7.612469e+03
7.8 7.510492e+03 7.616219e+03 7.624398e+03 7.518670e+03
8.8 7.613628e+03 7.606975e+03 7.624738e+03 7.631391e+03
9.8 7.663749e+03 7.652748e+03 7.625760e+03 7.636760e+03
10.8 7.554576e+03 7.654384e+03 7.626914e+03 7.527105e+03
11.8 7.622769e+03 7.634245e+03 7.627905e+03 7.616428e+03
12.8 7.545519e+03 7.625129e+03 7.628645e+03 7.549034e+03
13.8 7.633998e+03 7.634806e+03 7.629165e+03 7.628356e+03
14.8 7.583371e+03 7.604847e+03 7.629527e+03 7.608051e+03
15.8 7.590639e+03 7.606129e+03 7.629786e+03 7.614296e+03
16.8 7.604994e+03 7.610957e+03 7.629974e+03 7.624011e+03
17.8 7.766839e+03 7.620194e+03 7.630109e+03 7.776753e+03
0.6 7.476086e+03 7.634791e+03 7.643200e+03 7.484495e+03
1.6 7.552202e+03 7.659728e+03 7.646607e+03 7.539081e+03
2.6 7.503800e+03 7.597212e+03 7.646402e+03 7.552990e+03
3.6 7.523984e+03 7.541857e+03 7.637897e+03 7.620024e+03
4.6 7.548275e+03 7.509434e+03 7.629789e+03 7.668629e+03
5.6 7.571400e+03 7.584554e+03 7.625623e+03 7.612469e+03
6.6 7.510492e+03 7.616219e+03 7.624398e+03 7.518670e+03
7.6 7.613628e+03 7.606975e+03 7.624738e+03 7.631391e+03
8.6 7.663749e+03 7.652748e+03 7.625760e+03 7.636760e+03
9.6 7.554576e+03 7.654384e+03 7.626914e+03 7.527105e+03
10.6 7.622769e+03 7.634245e+03 7.627905e+03 7.616428e+03
11.6 7.545519e+03 7.625129e+03 7.628645e+03 7.549034e+03
12.6 7.633998e+03 7.634806e+03 7.629165e+03 7.628356e+03
13.6 7.583371e+03 7.604847e+03 7.629527e+03 7.608051e+03
14.6 7.590639e+03 7.606129e+03 7.629786e+03 7.614296e+03
15.6 7.604994e+03 7.610957e+03 7.629974e+03 7.624011e+03
16.6 7.766839e+03 7.620194e+03 7.630109e+03 7.776753e+03
17.6 7.758620e+03 7.637968e+03 7.630197e+03 7.750849e+03
0.4 7.679834e+03 7.686438e+03 7.628951e+03 7.622348e+03
1.4 7.854762e+03 7.727242e+03 7.632937e+03 7.760457e+03
2.4 7.704908e+03 7.708602e+03 7.640713e+03 7.637018e+03
3.4 7.683634e+03 7.663225e+03 7.643425e+03 7.663834e+03
4.4 7.727132e+03 7.695832e+03 7.647124e+03 7.678424e+03
5.4 7.698640e+03 7.654502e+03 7.649585e+03 7.693723e+03
6.4 7.652767e+03 7.681027e+03 7.648975e+03 7.620715e+03
7.4 7.590437e+03 7.645760e+03 7.648883e+03 7.593560e+03
8.4 7.610888e+03 7.596058e+03 7.644970e+03 7.659799e+03
9.4 7.624742e+03 7.646551e+03 7.645741e+03 7.623932e+03
10.4 7.540378e+03 7.620199e+03 7.648439e+03 7.568618e+03
11.4 7.590742e+03 7.601591e+03 7.646569e+03 7.635720e+03
12.4 7.537799e+03 7.558782e+03 7.637827e+03 7.616844e+03
13.4 7.481243e+03 7.579919e+03 7.630282e+03 7.531606e+03
14.4 7.603534e+03 7.619140e+03 7.626429e+03 7.610823e+03
15.4 7.532962e+03 7.599888e+03 7.625150e+03 7.558224e+03
16.4 7.648618e+03 7.613080e+03 7.625219e+03 7.660757e+03
17.4 7.630082e+03 7.614117e+03 7.625858e+03 7.641823e+03
0.4 7.704908e+03 7.708602e+03 7.640713e+03 7.637018e+03
1.4 7.683634e+03 7.663225e+03 7.643425e+03 7.663834e+03
2.4 7.727132e+03 7.695832e+03 7.647124e+03 7.678424e+03
3.4 7.698640e+03 7.654502e+03 7.649585e+03 7.693723e+03
4.4 7.652767e+03 7.681027e+03 7.648975e+03 7.620715e+03
5.4 7.590437e+03 7.645760e+03 7.648883e+03 7.593560e+03
6.4 7.610888e+03 7.596058e+03 7.644970e+03 7.659799e+03
7.4 7.624742e+03 7.646551e+03 7.645741e+03 7.623932e+03
8.4 7.540378e+03 7.620199e+03 7.648439e+03 7.568618e+03
9.4 7.590742e+03 7.601591e+03 7.646569e+03 7.635720e+03
10.4 7.537799e+03 7.558782e+03 7.637827e+03 7.616844e+03
11.4 7.481243e+03 7.579919e+03 7.630282e+03 7.531606e+03
12.4 7.603534e+03 7.619140e+03 7.626429e+03 7.610823e+03
13.4 7.532962e+03 7.599888e+03 7.625150e+03 7.558224e+03
14.4 7.648618e+03 7.613080e+03 7.625219e+03 7.660757e+03
15.4 7.630082e+03 7.614117e+03 7.625858e+03 7.641823e+03
16.4 7.564671e+03 7.584237e+03 7.626586e+03 7.607021e+03
17.4 7.664435e+03 7.568679e+03 7.627156e+03 7.722912e+03
0.8 7.727132e+03 7.695832e+03 7.647124e+03 7.678424e+03
1.8 7.698640e+03 7.654502e+03 7.649585e+03 7.693723e+03
2.8 7.652767e+03 7.681027e+03 7.648975e+03 7.620715e+03
3.8 7.590437e+03 7.645760e+03 7.648883e+03 7.593560e+03
4.8 7.610888e+03 7.596058e+03 7.644970e+03 7.659799e+03
5.8 7.624742e+03 7.646551e+03 7.645741e+03 7.623932e+03
6.8 7.540378e+03 7.620199e+03 7.648439e+03 7.568618e+03
7.8 7.590742e+03 7.601591e+03 7.646569e+03 7.635720e+03
8.8 7.537799e+03 7.558782e+03 7.637827e+03 7.616844e+03
9.8 7.481243e+03 7.579919e+03 7.630282e+03 7.531606e+03
10.8 7.603534e+03 7.619140e+03 7.626429e+03 7.610823e+03
11.8 7.532962e+03 7.599888e+03 7.625150e+03 7.558224e+03
12.8 7.648618e+03 7.613080e+03 7.625219e+03 7.660757e+03
13.8 7.630082e+03 7.614117e+03 7.625858e+03 7.641823e+03
14.8 7.564671e+03 7.584237e+03 7.626586e+03 7.607021e+03
15.8 7.664435e+03 7.568679e+03 7.627156e+03 7.722912e+03
16.8 7.550882e+03 7.523817e+03 7.627508e+03 7.654574e+03
17.8 7.540123e+03 7.566158e+03 7.627680e+03 7.601644e+03
0.1 7.698640e+03 7.654502e+03 7.649585e+03 7.693723e+03
1.1 7.652767e+03 7.681027e+03 7.648975e+03 7.620715e+03
2.1 7.590437e+03 7.645760e+03 7.648883e+03 7.593560e+03
3.1 7.610888e+03 7.596058e+03 7.644970e+03 7.659799e+03
4.1 7.624742e+03 7.646551e+03 7.645741e+03 7.623932e+03
5.1 7.540378e+03 7.620199e+03 7.648439e+03 7.568618e+03
6.1 7.590742e+03 7.601591e+03 7.646569e+03 7.635720e+03
7.1 7.537799e+03 7.558782e+03 7.637827e+03 7.616844e+03
8.1 7.481243e+03 7.579919e+03 7.630282e+03 7.531606e+03
9.1 7.603534e+03 7.619140e+03 7.626429e+03 7.610823e+03
10.1 7.532962e+03 7.599888e+03 7.625150e+03 7.558224e+03
11.1 7.648618e+03 7.613080e+03 7.625219e+03 7.660757e+03
12.1 7.630082e+03 7.614117e+03 7.625858e+03 7.641823e+03
13.1 7.564671e+03 7.584237e+03 7.626586e+03 7.607021e+03
14.1 7.664435e+03 7.568679e+03 7.627156e+03 7.722912e+03
15.1 7.550882e+03 7.523817e+03 7.627508e+03 7.654574e+03
16.1 7.540123e+03 7.566158e+03 7.627680e+03 7.601644e+03
17.1 7.645568e+03 7.612852e+03 7.627734e+03 7.660450e+03
0.2 7.590437e+03 7.645760e+03 7.648883e+03 7.593560e+03
1.2 7.610888e+03 7.596058e+03 7.644970e+03 7.659799e+03
2.2 7.624742e+03 7.646551e+03 7.645741e+03 7.623932e+03
3.2 7.540378e+03 7.620199e+03 7.648439e+03 7.568618e+03
4.2 7.590742e+03 7.601591e+03 7.646569e+03 7.635720e+03
5.2 7.537799e+03 7.558782e+03 7.637827e+03 7.616844e+03
6.2 7.481243e+03 7.579919e+03 7.630282e+03 7.531606e+03
7.2 7.603534e+03 7.619140e+03 7.626429e+03 7.610823e+03
8.2 7.532962e+03 7.599888e+03 7.625150e+03 7.558224e+03
9.2 7.648618e+03 7.613080e+03 7.625219e+03 7.660757e+03
10.2 7.630082e+03 7.614117e+03 7.625858e+03 7.641823e+03
11.2 7.564671e+03 7.584237e+03 7.626586e+03 7.607021e+03
12.2 7.664435e+03 7.568679e+03 7.627156e+03 7.722912e+03
13.2 7.550882e+03 7.523817e+03 7.627508e+03 7.654574e+03
14.2 7.540123e+03 7.566158e+03 7.627680e+03 7.601644e+03
15.2 7.645568e+03 7.612852e+03 7.627734e+03 7.660450e+03
16.2 7.557708e+03 7.631838e+03 7.627720e+03 7.553591e+03
17.2 7.644760e+03 7.675794e+03 7.627671e+03 7.596637e+03
0.7 7.624742e+03 7.646551e+03 7.645741e+03 7.623932e+03
1.7 7.540378e+03 7.620199e+03 7.648439e+03 7.568618e+03
2.7 7.590742e+03 7.601591e+03 7.646569e+03 7.635720e+03
3.7 7.537799e+03 7.558782e+03 7.637827e+03 7.616844e+03
4.7 7.481243e+03 7.579919e+03 7.630282e+03 7.531606e+03
5.7 7.603534e+03 7.619140e+03 7.626429e+03 7.610823e+03
6.7 7.532962e+03 7.599888e+03 7.625150e+03 7.558224e+03
7.7 7.648618e+03 7.613080e+03 7.625219e+03 7.660757e+03
8.7 7.630082e+03 7.614117e+03 7.625858e+03 7.641823e+03
9.7 7.564671e+03 7.584237e+03 7.626586e+03 7.607021e+03
10.7 7.664435e+03 7.568679e+03 7.627156e+03 7.722912e+03
11.7 7.550882e+03 7.523817e+03 7.627508e+03 7.654574e+03
12.7 7.540123e+03 7.566158e+03 7.627680e+03 7.601644e+03
13.7 7.645568e+03 7.612852e+03 7.627734e+03 7.660450e+03
14.7 7.557708e+03 7.631838e+03 7.627720e+03 7.553591e+03
15.7 7.644760e+03 7.675794e+03 7.627671e+03 7.596637e+03
16.7 7.599553e+03 7.652593e+03 7.627605e+03 7.574565e+03
17.7 7.566298e+03 7.681555e+03 7.627529e+03 7.512273e+03
0.1 7.785067e+03 7.729336e+03 7.627309e+03 7.683040e+03
1.1 7.676201e+03 7.633439e+03 7.629443e+03 7.672206e+03
2.1 7.611505e+03 7.641111e+03 7.640476e+03 7.610870e+03
3.1 7.804149e+03 7.698403e+03 7.650568e+03 7.756314e+03
4.1 7.598748e+03 7.703699e+03 7.653084e+03 7.548133e+03
5.1 7.734915e+03 7.698242e+03 7.651126e+03 7.687799e+03
6.1 7.665150e+03 7.660887e+03 7.650300e+03 7.654563e+03
7.1 7.646662e+03 7.679655e+03 7.646008e+03 7.613015e+03
8.1 7.669750e+03 7.650588e+03 7.648006e+03 7.667169e+03
9.1 7.587096e+03 7.658145e+03 7.653834e+03 7.582785e+03
10.1 7.654675e+03 7.599730e+03 7.655081e+03 7.710026e+03
11.1 7.627042e+03 7.565937e+03 7.646485e+03 7.707591e+03
12.1 7.578945e+03 7.566016e+03 7.635483e+03 7.648412e+03
13.1 7.538337e+03 7.580815e+03 7.628624e+03 7.586146e+03
14.1 7.599514e+03 7.627940e+03 7.625865e+03 7.597438e+03
15.1 7.639431e+03 7.589062e+03 7.625541e+03 7.675909e+03
16.1 7.501110e+03 7.571991e+03 7.626405e+03 7.555524e+03
17.1 7.512390e+03 7.571230e+03 7.627656e+03 7.568817e+03
0.1 7.676201e+03 7.633439e+03 7.629443e+03 7.672206e+03
1.1 7.611505e+03 7.641111e+03 7.640476e+03 7.610870e+03
2.1 7.804149e+03 7.698403e+03 7.650568e+03 7.756314e+03
3.1 7.598748e+03 7.703699e+03 7.653084e+03 7.548133e+03
4.1 7.734915e+03 7.698242e+03 7.651126e+03 7.687799e+03
5.1 7.665150e+03 7.660887e+03 7.650300e+03 7.654563e+03
6.1 7.646662e+03 7.679655e+03 7.646008e+03 7.613015e+03
7.1 7.669750e+03 7.650588e+03 7.648006e+03 7.667169e+03
8.1 7.587096e+03 7.658145e+03 7.653834e+03 7.582785e+03
9.1 7.654675e+03 7.599730e+03 7.655081e+03 7.710026e+03
10.1 7.627042e+03 7.565937e+03 7.646485e+03 7.707591e+03
11.1 7.578945e+03 7.566016e+03 7.635483e+03 7.648412e+03
12.1 7.538337e+03 7.580815e+03 7.628624e+03 7.586146e+03
13.1 7.599514e+03 7.627940e+03 7.625865e+03 7.597438e+03
14.1 7.639431e+03 7.589062e+03 7.625541e+03 7.675909e+03
15.1 7.501110e+03 7.571991e+03 7.626405e+03 7.555524e+03
16.1 7.512390e+03 7.571230e+03 7.627656e+03 7.568817e+03
17.1 7.603503e+03 7.574199e+03 7.628837e+03 7.658142e+03
0.6 7.804149e+03 7.698403e+03 7.650568e+03 7.756314e+03
1.6 7.598748e+03 7.703699e+03 7.653084e+03 7.548133e+03
2.6 7.734915e+03 7.698242e+03 7.651126e+03 7.687799e+03
3.6 7.665150e+03 7.660887e+03 7.650300e+03 7.654563e+03
4.6 7.646662e+03 7.679655e+03 7.646008e+03 7.613015e+03
5.6 7.669750e+03 7.650588e+03 7.648006e+03 7.667169e+03
6.6 7.587096e+03 7.658145e+03 7.653834e+03 7.582785e+03
7.6 7.654675e+03 7.599730e+03 7.655081e+03 7.710026e+03
8.6 7.627042e+03 7.565937e+03 7.646485e+03 7.707591e+03
9.6 7.578945e+03 7.566016e+03 7.635483e+03 7.648412e+03
10.6 7.538337e+03 7.580815e+03 7.628624e+03 7.586146e+03
11.6 7.599514e+03 7.627940e+03 7.625865e+03 7.597438e+03
12.6 7.639431e+03 7.589062e+03 7.625541e+03 7.675909e+03
13.6 7.501110e+03 7.571991e+03 7.626405e+03 7.555524e+03
14.6 7.512390e+03 7.571230e+03 7.627656e+03 7.568817e+03
15.6 7.603503e+03 7.574199e+03 7.628837e+03 7.658142e+03
16.6 7.597019e+03 7.627556e+03 7.629770e+03 7.599234e+03
17.6 7.560355e+03 7.627203e+03 7.630455e+03 7.563608e+03
1.0 7.734915e+03 7.698242e+03 7.651126e+03 7.687799e+03
2.0 7.665150e+03 7.660887e+03 7.650300e+03 7.654563e+03
3.0 7.646662e+03 7.679655e+03 7.646008e+03 7.613015e+03
4.0 7.669750e+03 7.650588e+03 7.648006e+03 7.667169e+03
5.0 7.587096e+03 7.658145e+03 7.653834e+03 7.582785e+03
6.0 7.654675e+03 7.599730e+03 7.655081e+03 7.710026e+03
7.0 7.627042e+03 7.565937e+03 7.646485e+03 7.707591e+03
8.0 7.578945e+03 7.566016e+03 7.635483e+03 7.648412e+03
9.0 7.538337e+03 7.580815e+03 7.628624e+03 7.586146e+03
10.0 7.599514e+03 7.627940e+03 7.625865e+03 7.597438e+03
11.0 7.639431e+03 7.589062e+03 7.625541e+03 7.675909e+03
12.0 7.501110e+03 7.571991e+03 7.626405e+03 7.555524e+03
13.0 7.512390e+03 7.571230e+03 7.627656e+03 7.568817e+03
14.0 7.603503e+03 7.574199e+03 7.628837e+03 7.658142e+03
15.0 7.597019e+03 7.627556e+03 7.629770e+03 7.599234e+03
16.0 7.560355e+03 7.627203e+03 7.630455e+03 7.563608e+03
17.0 7.694502e+03 7.668414e+03 7.630962e+03 7.657050e+03
18.0 7.604812e+03 7.626424e+03 7.631360e+03 7.609749e+03
0.0 7.665150e+03 7.660887e+03 7.650300e+03 7.654563e+03
1.0 7.646662e+03 7.679655e+03 7.646008e+03 7.613015e+03
2.0 7.669750e+03 7.650588e+03 7.648006e+03 7.667169e+03
3.0 7.587096e+03 7.658145e+03 7.653834e+03 7.582785e+03
4.0 7.654675e+03 7.599730e+03 7.655081e+03 7.710026e+03
5.0 7.627042e+03 7.565937e+03 7.646485e+03 7.707591e+03
6.0 7.578945e+03 7.566016e+03 7.635483e+03 7.648412e+03
7.0 7.538337e+03 7.580815e+03 7.628624e+03 7.586146e+03
8.0 7.599514e+03 7.627940e+03 7.625865e+03 7.597438e+03
9.0 7.639431e+03 7.589062e+03 7.625541e+03 7.675909e+03
10.0 7.501110e+03 7.571991e+03 7.626405e+03 7.555524e+03
11.0 7.512390e+03 7.571230e+03 7.627656e+03 7.568817e+03
12.0 7.603503e+03 7.574199e+03 7.628837e+03 7.658142e+03
13.0 7.597019e+03 7.627556e+03 7.629770e+03 7.599234e+03
14.0 7.560355e+03 7.627203e+03 7.630455e+03 7.563608e+03
15.0 7.694502e+03 7.668414e+03 7.630962e+03 7.657050e+03
16.0 7.604812e+03 7.626424e+03 7.631360e+03 7.609749e+03
17.0 7.758048e+03 7.677829e+03 7.631699e+03 7.711918e+03
0.2 7.646662e+03 7.679655e+03 7.646008e+03 7.613015e+03
1.2 7.669750e+03 7.650588e+03 7.648006e+03 7.667169e+03
2.2 7.587096e+03 7.658145e+03 7.653834e+03 7.582785e+03
3.2 7.654675e+03 7.599730e+03 7.655081e+03 7.710026e+03
4.2 7.627042e+03 7.565937e+03 7.646485e+03 7.707591e+03
5.2 7.578945e+03 7.566016e+03 7.635483e+03 7.648412e+03
6.2 7.538337e+03 7.580815e+03 7.628624e+03 7.586146e+03
7.2 7.599514e+03 7.627940e+03 7.625865e+03 7.597438e+03
8.2 7.639431e+03 7.589062e+03 7.625541e+03 7.675909e+03
9.2 7.501110e+03 7.571991e+03 7.626405e+03 7.555524e+03
10.2 7.512390e+03 7.571230e+03 7.627656e+03 7.568817e+03
11.2 7.603503e+03 7.574199e+03 7.628837e+03 7.658142e+03
12.2 7.597019e+03 7.627556e+03 7.629770e+03 7.599234e+03
13.2 7.560355e+03 7.627203e+03 7.630455e+03 7.563608e+03
14.2 7.694502e+03 7.668414e+03 7.630962e+03 7.657050e+03
15.2 7.604812e+03 7.626424e+03 7.631360e+03 7.609749e+03
16.2 7.758048e+03 7.677829e+03 7.631699e+03 7.711918e+03
17.2 7.761945e+03 7.747539e+03 7.632004e+03 7.646409e+03
0.1 7.669750e+03 7.650588e+03 7.648006e+03 7.667169e+03
1.1 7.587096e+03 7.658145e+03 7.653834e+03 7.582785e+03
2.1 7.654675e+03 7.599730e+03 7.655081e+03 7.710026e+03
3.1 7.627042e+03 7.565937e+03 7.646485e+03 7.707591e+03
4.1 7.578945e+03 7.566016e+03 7.635483e+03 7.648412e+03
5.1 7.538337e+03 7.580815e+03 7.628624e+03 7.586146e+03
6.1 7.599514e+03 7.627940e+03 7.625865e+03 7.597438e+03
7.1 7.639431e+03 7.589062e+03 7.625541e+03 7.675909e+03
8.1 7.501110e+03 7.571991e+03 7.626405e+03 7.555524e+03
9.1 7.512390e+03 7.571230e+03 7.627656e+03 7.568817e+03
10.1 7.603503e+03 7.574199e+03 7.628837e+03 7.658142e+03
11.1 7.597019e+03 7.627556e+03 7.629770e+03 7.599234e+03
12.1 7.560355e+03 7.627203e+03 7.630455e+03 7.563608e+03
13.1 7.694502e+03 7.668414e+03 7.630962e+03 7.657050e+03
14.1 7.604812e+03 7.626424e+03 7.631360e+03 7.609749e+03
15.1 7.758048e+03 7.677829e+03 7.631699e+03 7.711918e+03
16.1 7.761945e+03 7.747539e+03 7.632004e+03 7.646409e+03
17.1 7.688560e+03 7.698355e+03 7.632285e+03 7.622490e+03
0.3 7.733243e+03 7.723988e+03 7.627601e+03 7.636857e+03
1.3 7.737849e+03 7.706619e+03 7.630349e+03 7.661578e+03
2.3 7.546325e+03 7.696874e+03 7.638547e+03 7.487998e+03
3.3 7.667980e+03 7.678122e+03 7.642768e+03 7.632626e+03
4.3 7.724361e+03 7.707480e+03 7.645916e+03 7.662797e+03
5.3 7.744118e+03 7.689968e+03 7.648246e+03 7.702397e+03
6.3 7.635312e+03 7.697665e+03 7.645693e+03 7.583340e+03
7.3 7.637113e+03 7.695535e+03 7.647424e+03 7.589001e+03
8.3 7.672650e+03 7.680704e+03 7.651596e+03 7.643541e+03
9.3 7.748219e+03 7.684446e+03 7.647576e+03 7.711350e+03
10.3 7.497688e+03 7.633597e+03 7.645868e+03 7.509959e+03
11.3 7.661188e+03 7.651701e+03 7.647199e+03 7.656686e+03
12.3 7.615830e+03 7.653395e+03 7.649761e+03 7.612196e+03
13.3 7.629165e+03 7.589358e+03 7.653126e+03 7.692933e+03
14.3 7.555991e+03 7.572302e+03 7.650629e+03 7.634317e+03
15.3 7.462382e+03 7.537725e+03 7.639994e+03 7.564651e+03
16.3 7.531146e+03 7.564815e+03 7.630690e+03 7.597021e+03
17.3 7.521465e+03 7.591255e+03 7.626019e+03 7.556230e+03
0.4 7.546325e+03 7.696874e+03 7.638547e+03 7.487998e+03
1.4 7.667980e+03 7.678122e+03 7.642768e+03 7.632626e+03
2.4 7.724361e+03 7.707480e+03 7.645916e+03 7.662797e+03
3.4 7.744118e+03 7.689968e+03 7.648246e+03 7.702397e+03
4.4 7.635312e+03 7.697665e+03 7.645693e+03 7.583340e+03
5.4 7.637113e+03 7.695535e+03 7.647424e+03 7.589001e+03
6.4 7.672650e+03 7.680704e+03 7.651596e+03 7.643541e+03
7.4 7.748219e+03 7.684446e+03 7.647576e+03 7.711350e+03
8.4 7.497688e+03 7.633597e+03 7.645868e+03 7.509959e+03
9.4 7.661188e+03 7.651701e+03 7.647199e+03 7.656686e+03
10.4 7.615830e+03 7.653395e+03 7.649761e+03 7.612196e+03
11.4 7.629165e+03 7.589358e+03 7.653126e+03 7.692933e+03
12.4 7.555991e+03 7.572302e+03 7.650629e+03 7.634317e+03
13.4 7.462382e+03 7.537725e+03 7.639994e+03 7.564651e+03
14.4 7.531146e+03 7.564815e+03 7.630690e+03 7.597021e+03
15.4 7.521465e+03 7.591255e+03 7.626019e+03 7.556230e+03
16.4 7.513494e+03 7.599508e+03 7.624704e+03 7.538690e+03
17.4 7.699421e+03 7.592169e+03 7.625182e+03 7.732435e+03
0.9 7.724361e+03 7.707480e+03 7.645916e+03 7.662797e+03
1.9 7.744118e+03 7.689968e+03 7.648246e+03 7.702397e+03
2.9 7.635312e+03 7.697665e+03 7.645693e+03 7.583340e+03
3.9 7.637113e+03 7.695535e+03 7.647424e+03 7.589001e+03
4.9 7.672650e+03 7.680704e+03 7.651596e+03 7.643541e+03
5.9 7.748219e+03 7.684446e+03 7.647576e+03 7.711350e+03
6.9 7.497688e+03 7.633597e+03 7.645868e+03 7.509959e+03
7.9 7.661188e+03 7.651701e+03 7.647199e+03 7.656686e+03
8.9 7.615830e+03 7.653395e+03 7.649761e+03 7.612196e+03
9.9 7.629165e+03 7.589358e+03 7.653126e+03 7.692933e+03
10.9 7.555991e+03 7.572302e+03 7.650629e+03 7.634317e+03
11.9 7.462382e+03 7.537725e+03 7.639994e+03 7.564651e+03
12.9 7.531146e+03 7.564815e+03 7.630690e+03 7.597021e+03
13.9 7.521465e+03 7.591255e+03 7.626019e+03 7.556230e+03
14.9 7.513494e+03 7.599508e+03 7.624704e+03 7.538690e+03
15.9 7.699421e+03 7.592169e+03 7.625182e+03 7.732435e+03
16.9 7.548551e+03 7.667984e+03 7.626434e+03 7.507000e+03
17.9 7.697153e+03 7.637841e+03 7.627829e+03 7.687141e+03
0.1 7.744118e+03 7.689968e+03 7.648246e+03 7.702397e+03
1.1 7.635312e+03 7.697665e+03 7.645693e+03 7.583340e+03
2.1 7.637113e+03 7.695535e+03 7.647424e+03 7.589001e+03
3.1 7.672650e+03 7.680704e+03 7.651596e+03 7.643541e+03
4.1 7.748219e+03 7.684446e+03 7.647576e+03 7.711350e+03
5.1 7.497688e+03 7.633597e+03 7.645868e+03 7.509959e+03
6.1 7.661188e+03 7.651701e+03 7.647199e+03 7.656686e+03
7.1 7.615830e+03 7.653395e+03 7.649761e+03 7.612196e+03
8.1 7.629165e+03 7.589358e+03 7.653126e+03 7.692933e+03
9.1 7.555991e+03 7.572302e+03 7.650629e+03 7.634317e+03
10.1 7.462382e+03 7.537725e+03 7.639994e+03 7.564651e+03
11.1 7.531146e+03 7.564815e+03 7.630690e+03 7.597021e+03
12.1 7.521465e+03 7.591255e+03 7.626019e+03 7.556230e+03
13.1 7.513494e+03 7.599508e+03 7.624704e+03 7.538690e+03
14.1 7.699421e+03 7.592169e+03 7.625182e+03 7.732435e+03
15.1 7.548551e+03 7.667984e+03 7.626434e+03 7.507000e+03
16.1 7.697153e+03 7.637841e+03 7.627829e+03 7.687141e+03
17.1 7.577695e+03 7.596239e+03 7.629051e+03 7.610507e+03
0.2 7.635312e+03 7.697665e+03 7.645693e+03 7.583340e+03
1.2 7.637113e+03 7.695535e+03 7.647424e+03 7.589001e+03
2.2 7.672650e+03 7.680704e+03 7.651596e+03 7.643541e+03
3.2 7.748219e+03 7.684446e+03 7.647576e+03 7.711350e+03
4.2 7.497688e+03 7.633597e+03 7.645868e+03 7.509959e+03
5.2 7.661188e+03 7.651701e+03 7.647199e+03 7.656686e+03
6.2 7.615830e+03 7.653395e+03 7.649761e+03 7.612196e+03
7.2 7.629165e+03 7.589358e+03 7.653126e+03 7.692933e+03
8.2 7.555991e+03 7.572302e+03 7.650629e+03 7.634317e+03
9.2 7.462382e+03 7.537725e+03 7.639994e+03 7.564651e+03
10.2 7.531146e+03 7.564815e+03 7.630690e+03 7.597021e+03
11.2 7.521465e+03 7.591255e+03 7.626019e+03 7.556230e+03
12.2 7.513494e+03 7.599508e+03 7.624704e+03 7.538690e+03
13.2 7.699421e+03 7.592169e+03 7.625182e+03 7.732435e+03
14.2 7.548551e+03 7.667984e+03 7.626434e+03 7.507000e+03
15.2 7.697153e+03 7.637841e+03 7.627829e+03 7.687141e+03
16.2 7.577695e+03 7.596239e+03 7.629051e+03 7.610507e+03
17.2 7.631564e+03 7.602975e+03 7.630015e+03 7.658604e+03
0.2 7.672650e+03 7.680704e+03 7.651596e+03 7.643541e+03
1.2 7.748219e+03 7.684446e+03 7.647576e+03 7.711350e+03
2.2 7.497688e+03 7.633597e+03 7.645868e+03 7.509959e+03
3.2 7.661188e+03 7.651701e+03 7.647199e+03 7.656686e+03
4.2 7.615830e+03 7.653395e+03 7.649761e+03 7.612196e+03
5.2 7.629165e+03 7.589358e+03 7.653126e+03 7.692933e+03
6.2 7.555991e+03 7.572302e+03 7.650629e+03 7.634317e+03
7.2 7.462382e+03 7.537725e+03 7.639994e+03 7.564651e+03
8.2 7.531146e+03 7.564815e+03 7.630690e+03 7.597021e+03
9.2 7.521465e+03 7.591255e+03 7.626019e+03 7.556230e+03
10.2 7.513494e+03 7.599508e+03 7.624704e+03 7.538690e+03
11.2 7.699421e+03 7.592169e+03 7.625182e+03 7.732435e+03
12.2 7.548551e+03 7.667984e+03 7.626434e+03 7.507000e+03
13.2 7.697153e+03 7.637841e+03 7.627829e+03 7.687141e+03
14.2 7.577695e+03 7.596239e+03 7.629051e+03 7.610507e+03
15.2 7.631564e+03 7.602975e+03 7.630015e+03 7.658604e+03
16.2 7.535486e+03 7.605907e+03 7.630765e+03 7.560345e+03
17.2 7.601236e+03 7.612836e+03 7.631374e+03 7.619775e+03
0.8 7.497688e+03 7.633597e+03 7.645868e+03 7.509959e+03
1.8 7.661188e+03 7.651701e+03 7.647199e+03 7.656686e+03
2.8 7.615830e+03 7.653395e+03 7.649761e+03 7.612196e+03
3.8 7.629165e+03 7.589358e+03 7.653126e+03 7.692933e+03
4.8 7.555991e+03 7.572302e+03 7.650629e+03 7.634317e+03
5.8 7.462382e+03 7.537725e+03 7.639994e+03 7.564651e+03
6.8 7.531146e+03 7.564815e+03 7.630690e+03 7.597021e+03
7.8 7.521465e+03 7.591255e+03 7.626019e+03 7.556230e+03
8.8 7.513494e+03 7.599508e+03 7.624704e+03 7.538690e+03
9.8 7.699421e+03 7.592169e+03 7.625182e+03 7.732435e+03
10.8 7.548551e+03 7.667984e+03 7.626434e+03 7.507000e+03
11.8 7.697153e+03 7.637841e+03 7.627829e+03 7.687141e+03
12.8 7.577695e+03 7.596239e+03 7.629051e+03 7.610507e+03
13.8 7.631564e+03 7.602975e+03 7.630015e+03 7.658604e+03
14.8 7.535486e+03 7.605907e+03 7.630765e+03 7.560345e+03
15.8 7.601236e+03 7.612836e+03 7.631374e+03 7.619775e+03
16.8 7.640940e+03 7.640895e+03 7.631901e+03 7.631947e+03
17.8 7.745123e+03 7.669896e+03 7.632380e+03 7.707608e+03
0.6 7.661188e+03 7.651701e+03 7.647199e+03 7.656686e+03
1.6 7.615830e+03 7.653395e+03 7.649761e+03 7.612196e+03
2.6 7.629165e+03 7.589358e+03 7.653126e+03 7.692933e+03
3.6 7.555991e+03 7.572302e+03 7.650629e+03 7.634317e+03
4.6 7.462382e+03 7.537725e+03 7.639994e+03 7.564651e+03
5.6 7.531146e+03 7.564815e+03 7.630690e+03 7.597021e+03
6.6 7.521465e+03 7.591255e+03 7.626019e+03 7.556230e+03
7.6 7.513494e+03 7.599508e+03 7.624704e+03 7.538690e+03
8.6 7.699421e+03 7.592169e+03 7.625182e+03 7.732435e+03
9.6 7.548551e+03 7.667984e+03 7.626434e+03 7.507000e+03
10.6 7.697153e+03 7.637841e+03 7.627829e+03 7.687141e+03
11.6 7.577695e+03 7.596239e+03 7.629051e+03 7.610507e+03
12.6 7.631564e+03 7.602975e+03 7.630015e+03 7.658604e+03
13.6 7.535486e+03 7.605907e+03 7.630765e+03 7.560345e+03
14.6 7.601236e+03 7.612836e+03 7.631374e+03 7.619775e+03
15.6 7.640940e+03 7.640895e+03 7.631901e+03 7.631947e+03
16.6 7.745123e+03 7.669896e+03 7.632380e+03 7.707608e+03
17.6 7.689357e+03 7.705628e+03 7.632828e+03 7.616557e+03
0.5 7.615830e+03 7.653395e+03 7.649761e+03 7.612196e+03
1.5 7.629165e+03 7.589358e+03 7.653126e+03 7.692933e+03
2.5 7.555991e+03 7.572302e+03 7.650629e+03 7.634317e+03
3.5 7.462382e+03 7.537725e+03 7.639994e+03 7.564651e+03
4.5 7.531146e+03 7.564815e+03 7.630690e+03 7.597021e+03
5.5 7.521465e+03 7.591255e+03 7.626019e+03 7.556230e+03
6.5 7.513494e+03 7.599508e+03 7.624704e+03 7.538690e+03
7.5 7.699421e+03 7.592169e+03 7.625182e+03 7.732435e+03
8.5 7.548551e+03 7.667984e+03 7.626434e+03 7.507000e+03
9.5 7.697153e+03 7.637841e+03 7.627829e+03 7.687141e+03
10.5 7.577695e+03 7.596239e+03 7.629051e+03 7.610507e+03
11.5 7.631564e+03 7.602975e+03 7.630015e+03 7.658604e+03
12.5 7.535486e+03 7.605907e+03 7.630765e+03 7.560345e+03
13.5 7.601236e+03 7.612836e+03 7.631374e+03 7.619775e+03
14.5 7.640940e+03 7.640895e+03 7.631901e+03 7.631947e+03
15.5 7.745123e+03 7.669896e+03 7.632380e+03 7.707608e+03
16.5 7.689357e+03 7.705628e+03 7.632828e+03 7.616557e+03
17.5 7.628085e+03 7.674632e+03 7.633248e+03 7.586702e+03
