0.5 9.660662e+03 9.730535e+03 9.749952e+03 9.680079e+03
1.5 9.791439e+03 9.761483e+03 9.768927e+03 9.798883e+03
2.5 9.819515e+03 9.736592e+03 9.765398e+03 9.848321e+03
3.5 9.704787e+03 9.708161e+03 9.750648e+03 9.747274e+03
4.5 9.717234e+03 9.704578e+03 9.745623e+03 9.758279e+03
5.5 9.679887e+03 9.703660e+03 9.741316e+03 9.717543e+03
6.5 9.672540e+03 9.697385e+03 9.738969e+03 9.714124e+03
7.5 9.730326e+03 9.702370e+03 9.728618e+03 9.756574e+03
8.5 9.795380e+03 9.703728e+03 9.728154e+03 9.819806e+03
9.5 9.631422e+03 9.727243e+03 9.737727e+03 9.641906e+03
10.5 9.603893e+03 9.736026e+03 9.741950e+03 9.609816e+03
11.5 9.775896e+03 9.742172e+03 9.740614e+03 9.774337e+03
12.5 9.685973e+03 9.733540e+03 9.738450e+03 9.690882e+03
13.5 9.831047e+03 9.749435e+03 9.755680e+03 9.837292e+03
14.5 9.751539e+03 9.781828e+03 9.752760e+03 9.722471e+03
15.5 9.897835e+03 9.773414e+03 9.739622e+03 9.864043e+03
16.5 9.749593e+03 9.788690e+03 9.748218e+03 9.709121e+03
17.5 9.752953e+03 9.815129e+03 9.741517e+03 9.679341e+03
0.6 9.819515e+03 9.736592e+03 9.765398e+03 9.848321e+03
1.6 9.704787e+03 9.708161e+03 9.750648e+03 9.747274e+03
2.6 9.717234e+03 9.704578e+03 9.745623e+03 9.758279e+03
3.6 9.679887e+03 9.703660e+03 9.741316e+03 9.717543e+03
4.6 9.672540e+03 9.697385e+03 9.738969e+03 9.714124e+03
5.6 9.730326e+03 9.702370e+03 9.728618e+03 9.756574e+03
6.6 9.795380e+03 9.703728e+03 9.728154e+03 9.819806e+03
7.6 9.631422e+03 9.727243e+03 9.737727e+03 9.641906e+03
8.6 9.603893e+03 9.736026e+03 9.741950e+03 9.609816e+03
9.6 9.775896e+03 9.742172e+03 9.740614e+03 9.774337e+03
10.6 9.685973e+03 9.733540e+03 9.738450e+03 9.690882e+03
11.6 9.831047e+03 9.749435e+03 9.755680e+03 9.837292e+03
12.6 9.751539e+03 9.781828e+03 9.752760e+03 9.722471e+03
13.6 9.897835e+03 9.773414e+03 9.739622e+03 9.864043e+03
14.6 9.749593e+03 9.788690e+03 9.748218e+03 9.709121e+03
15.6 9.752953e+03 9.815129e+03 9.741517e+03 9.679341e+03
16.6 9.837065e+03 9.812562e+03 9.730502e+03 9.755005e+03
17.6 9.706984e+03 9.802417e+03 9.722896e+03 9.627463e+03
0.8 9.717234e+03 9.704578e+03 9.745623e+03 9.758279e+03
1.8 9.679887e+03 9.703660e+03 9.741316e+03 9.717543e+03
2.8 9.672540e+03 9.697385e+03 9.738969e+03 9.714124e+03
3.8 9.730326e+03 9.702370e+03 9.728618e+03 9.756574e+03
4.8 9.795380e+03 9.703728e+03 9.728154e+03 9.819806e+03
5.8 9.631422e+03 9.727243e+03 9.737727e+03 9.641906e+03
6.8 9.603893e+03 9.736026e+03 9.741950e+03 9.609816e+03
7.8 9.775896e+03 9.742172e+03 9.740614e+03 9.774337e+03
8.8 9.685973e+03 9.733540e+03 9.738450e+03 9.690882e+03
9.8 9.831047e+03 9.749435e+03 9.755680e+03 9.837292e+03
10.8 9.751539e+03 9.781828e+03 9.752760e+03 9.722471e+03
11.8 9.897835e+03 9.773414e+03 9.739622e+03 9.864043e+03
12.8 9.749593e+03 9.788690e+03 9.748218e+03 9.709121e+03
13.8 9.752953e+03 9.815129e+03 9.741517e+03 9.679341e+03
14.8 9.837065e+03 9.812562e+03 9.730502e+03 9.755005e+03
15.8 9.706984e+03 9.802417e+03 9.722896e+03 9.627463e+03
16.8 9.756190e+03 9.722333e+03 9.706837e+03 9.740695e+03
17.8 9.715363e+03 9.665172e+03 9.708236e+03 9.758427e+03
0.1 9.679887e+03 9.703660e+03 9.741316e+03 9.717543e+03
1.1 9.672540e+03 9.697385e+03 9.738969e+03 9.714124e+03
2.1 9.730326e+03 9.702370e+03 9.728618e+03 9.756574e+03
3.1 9.795380e+03 9.703728e+03 9.728154e+03 9.819806e+03
4.1 9.631422e+03 9.727243e+03 9.737727e+03 9.641906e+03
5.1 9.603893e+03 9.736026e+03 9.741950e+03 9.609816e+03
6.1 9.775896e+03 9.742172e+03 9.740614e+03 9.774337e+03
7.1 9.685973e+03 9.733540e+03 9.738450e+03 9.690882e+03
8.1 9.831047e+03 9.749435e+03 9.755680e+03 9.837292e+03
9.1 9.751539e+03 9.781828e+03 9.752760e+03 9.722471e+03
10.1 9.897835e+03 9.773414e+03 9.739622e+03 9.864043e+03
11.1 9.749593e+03 9.788690e+03 9.748218e+03 9.709121e+03
12.1 9.752953e+03 9.815129e+03 9.741517e+03 9.679341e+03
13.1 9.837065e+03 9.812562e+03 9.730502e+03 9.755005e+03
14.1 9.706984e+03 9.802417e+03 9.722896e+03 9.627463e+03
15.1 9.756190e+03 9.722333e+03 9.706837e+03 9.740695e+03
16.1 9.715363e+03 9.665172e+03 9.708236e+03 9.758427e+03
17.1 9.800559e+03 9.722636e+03 9.736892e+03 9.814814e+03
0.9 9.795380e+03 9.703728e+03 9.728154e+03 9.819806e+03
1.9 9.631422e+03 9.727243e+03 9.737727e+03 9.641906e+03
2.9 9.603893e+03 9.736026e+03 9.741950e+03 9.609816e+03
3.9 9.775896e+03 9.742172e+03 9.740614e+03 9.774337e+03
4.9 9.685973e+03 9.733540e+03 9.738450e+03 9.690882e+03
5.9 9.831047e+03 9.749435e+03 9.755680e+03 9.837292e+03
6.9 9.751539e+03 9.781828e+03 9.752760e+03 9.722471e+03
7.9 9.897835e+03 9.773414e+03 9.739622e+03 9.864043e+03
8.9 9.749593e+03 9.788690e+03 9.748218e+03 9.709121e+03
9.9 9.752953e+03 9.815129e+03 9.741517e+03 9.679341e+03
10.9 9.837065e+03 9.812562e+03 9.730502e+03 9.755005e+03
11.9 9.706984e+03 9.802417e+03 9.722896e+03 9.627463e+03
12.9 9.756190e+03 9.722333e+03 9.706837e+03 9.740695e+03
13.9 9.715363e+03 9.665172e+03 9.708236e+03 9.758427e+03
14.9 9.800559e+03 9.722636e+03 9.736892e+03 9.814814e+03
15.9 9.720527e+03 9.774858e+03 9.777022e+03 9.722691e+03
16.9 9.771021e+03 9.780897e+03 9.787865e+03 9.777989e+03
17.9 9.848635e+03 9.752964e+03 9.768347e+03 9.864018e+03
0.9 9.603893e+03 9.736026e+03 9.741950e+03 9.609816e+03
1.9 9.775896e+03 9.742172e+03 9.740614e+03 9.774337e+03
2.9 9.685973e+03 9.733540e+03 9.738450e+03 9.690882e+03
3.9 9.831047e+03 9.749435e+03 9.755680e+03 9.837292e+03
4.9 9.751539e+03 9.781828e+03 9.752760e+03 9.722471e+03
5.9 9.897835e+03 9.773414e+03 9.739622e+03 9.864043e+03
6.9 9.749593e+03 9.788690e+03 9.748218e+03 9.709121e+03
7.9 9.752953e+03 9.815129e+03 9.741517e+03 9.679341e+03
8.9 9.837065e+03 9.812562e+03 9.730502e+03 9.755005e+03
9.9 9.706984e+03 9.802417e+03 9.722896e+03 9.627463e+03
10.9 9.756190e+03 9.722333e+03 9.706837e+03 9.740695e+03
11.9 9.715363e+03 9.665172e+03 9.708236e+03 9.758427e+03
12.9 9.800559e+03 9.722636e+03 9.736892e+03 9.814814e+03
13.9 9.720527e+03 9.774858e+03 9.777022e+03 9.722691e+03
14.9 9.771021e+03 9.780897e+03 9.787865e+03 9.777989e+03
15.9 9.848635e+03 9.752964e+03 9.768347e+03 9.864018e+03
16.9 9.751933e+03 9.749312e+03 9.750366e+03 9.752987e+03
17.9 9.814499e+03 9.749252e+03 9.736671e+03 9.801918e+03
0.8 9.685973e+03 9.733540e+03 9.738450e+03 9.690882e+03
1.8 9.831047e+03 9.749435e+03 9.755680e+03 9.837292e+03
2.8 9.751539e+03 9.781828e+03 9.752760e+03 9.722471e+03
3.8 9.897835e+03 9.773414e+03 9.739622e+03 9.864043e+03
4.8 9.749593e+03 9.788690e+03 9.748218e+03 9.709121e+03
5.8 9.752953e+03 9.815129e+03 9.741517e+03 9.679341e+03
6.8 9.837065e+03 9.812562e+03 9.730502e+03 9.755005e+03
7.8 9.706984e+03 9.802417e+03 9.722896e+03 9.627463e+03
8.8 9.756190e+03 9.722333e+03 9.706837e+03 9.740695e+03
9.8 9.715363e+03 9.665172e+03 9.708236e+03 9.758427e+03
10.8 9.800559e+03 9.722636e+03 9.736892e+03 9.814814e+03
11.8 9.720527e+03 9.774858e+03 9.777022e+03 9.722691e+03
12.8 9.771021e+03 9.780897e+03 9.787865e+03 9.777989e+03
13.8 9.848635e+03 9.752964e+03 9.768347e+03 9.864018e+03
14.8 9.751933e+03 9.749312e+03 9.750366e+03 9.752987e+03
15.8 9.814499e+03 9.749252e+03 9.736671e+03 9.801918e+03
16.8 9.782856e+03 9.752375e+03 9.727641e+03 9.758123e+03
17.8 9.790261e+03 9.769306e+03 9.712092e+03 9.733047e+03
0.7 9.831047e+03 9.749435e+03 9.755680e+03 9.837292e+03
1.7 9.751539e+03 9.781828e+03 9.752760e+03 9.722471e+03
2.7 9.897835e+03 9.773414e+03 9.739622e+03 9.864043e+03
3.7 9.749593e+03 9.788690e+03 9.748218e+03 9.709121e+03
4.7 9.752953e+03 9.815129e+03 9.741517e+03 9.679341e+03
5.7 9.837065e+03 9.812562e+03 9.730502e+03 9.755005e+03
6.7 9.706984e+03 9.802417e+03 9.722896e+03 9.627463e+03
7.7 9.756190e+03 9.722333e+03 9.706837e+03 9.740695e+03
8.7 9.715363e+03 9.665172e+03 9.708236e+03 9.758427e+03
9.7 9.800559e+03 9.722636e+03 9.736892e+03 9.814814e+03
10.7 9.720527e+03 9.774858e+03 9.777022e+03 9.722691e+03
11.7 9.771021e+03 9.780897e+03 9.787865e+03 9.777989e+03
12.7 9.848635e+03 9.752964e+03 9.768347e+03 9.864018e+03
13.7 9.751933e+03 9.749312e+03 9.750366e+03 9.752987e+03
14.7 9.814499e+03 9.749252e+03 9.736671e+03 9.801918e+03
15.7 9.782856e+03 9.752375e+03 9.727641e+03 9.758123e+03
16.7 9.790261e+03 9.769306e+03 9.712092e+03 9.733047e+03
17.7 9.739678e+03 9.786583e+03 9.699615e+03 9.652709e+03
1.0 9.897835e+03 9.773414e+03 9.739622e+03 9.864043e+03
2.0 9.749593e+03 9.788690e+03 9.748218e+03 9.709121e+03
3.0 9.752953e+03 9.815129e+03 9.741517e+03 9.679341e+03
4.0 9.837065e+03 9.812562e+03 9.730502e+03 9.755005e+03
5.0 9.706984e+03 9.802417e+03 9.722896e+03 9.627463e+03
6.0 9.756190e+03 9.722333e+03 9.706837e+03 9.740695e+03
7.0 9.715363e+03 9.665172e+03 9.708236e+03 9.758427e+03
8.0 9.800559e+03 9.722636e+03 9.736892e+03 9.814814e+03
9.0 9.720527e+03 9.774858e+03 9.777022e+03 9.722691e+03
10.0 9.771021e+03 9.780897e+03 9.787865e+03 9.777989e+03
11.0 9.848635e+03 9.752964e+03 9.768347e+03 9.864018e+03
12.0 9.751933e+03 9.749312e+03 9.750366e+03 9.752987e+03
13.0 9.814499e+03 9.749252e+03 9.736671e+03 9.801918e+03
14.0 9.782856e+03 9.752375e+03 9.727641e+03 9.758123e+03
15.0 9.790261e+03 9.769306e+03 9.712092e+03 9.733047e+03
16.0 9.739678e+03 9.786583e+03 9.699615e+03 9.652709e+03
17.0 9.884270e+03 9.802409e+03 9.710542e+03 9.792402e+03
18.0 9.768450e+03 9.753774e+03 9.727717e+03 9.742393e+03
0.8 9.749593e+03 9.788690e+03 9.748218e+03 9.709121e+03
1.8 9.752953e+03 9.815129e+03 9.741517e+03 9.679341e+03
2.8 9.837065e+03 9.812562e+03 9.730502e+03 9.755005e+03
3.8 9.706984e+03 9.802417e+03 9.722896e+03 9.627463e+03
4.8 9.756190e+03 9.722333e+03 9.706837e+03 9.740695e+03
5.8 9.715363e+03 9.665172e+03 9.708236e+03 9.758427e+03
6.8 9.800559e+03 9.722636e+03 9.736892e+03 9.814814e+03
7.8 9.720527e+03 9.774858e+03 9.777022e+03 9.722691e+03
8.8 9.771021e+03 9.780897e+03 9.787865e+03 9.777989e+03
9.8 9.848635e+03 9.752964e+03 9.768347e+03 9.864018e+03
10.8 9.751933e+03 9.749312e+03 9.750366e+03 9.752987e+03
11.8 9.814499e+03 9.749252e+03 9.736671e+03 9.801918e+03
12.8 9.782856e+03 9.752375e+03 9.727641e+03 9.758123e+03
13.8 9.790261e+03 9.769306e+03 9.712092e+03 9.733047e+03
14.8 9.739678e+03 9.786583e+03 9.699615e+03 9.652709e+03
15.8 9.884270e+03 9.802409e+03 9.710542e+03 9.792402e+03
16.8 9.768450e+03 9.753774e+03 9.727717e+03 9.742393e+03
17.8 9.643857e+03 9.707987e+03 9.753503e+03 9.689373e+03
0.1 9.752953e+03 9.815129e+03 9.741517e+03 9.679341e+03
1.1 9.837065e+03 9.812562e+03 9.730502e+03 9.755005e+03
2.1 9.706984e+03 9.802417e+03 9.722896e+03 9.627463e+03
3.1 9.756190e+03 9.722333e+03 9.706837e+03 9.740695e+03
4.1 9.715363e+03 9.665172e+03 9.708236e+03 9.758427e+03
5.1 9.800559e+03 9.722636e+03 9.736892e+03 9.814814e+03
6.1 9.720527e+03 9.774858e+03 9.777022e+03 9.722691e+03
7.1 9.771021e+03 9.780897e+03 9.787865e+03 9.777989e+03
8.1 9.848635e+03 9.752964e+03 9.768347e+03 9.864018e+03
9.1 9.751933e+03 9.749312e+03 9.750366e+03 9.752987e+03
10.1 9.814499e+03 9.749252e+03 9.736671e+03 9.801918e+03
11.1 9.782856e+03 9.752375e+03 9.727641e+03 9.758123e+03
12.1 9.790261e+03 9.769306e+03 9.712092e+03 9.733047e+03
13.1 9.739678e+03 9.786583e+03 9.699615e+03 9.652709e+03
14.1 9.884270e+03 9.802409e+03 9.710542e+03 9.792402e+03
15.1 9.768450e+03 9.753774e+03 9.727717e+03 9.742393e+03
16.1 9.643857e+03 9.707987e+03 9.753503e+03 9.689373e+03
17.1 9.716267e+03 9.724049e+03 9.775968e+03 9.768185e+03
0.6 9.800559e+03 9.722636e+03 9.736892e+03 9.814814e+03
1.6 9.720527e+03 9.774858e+03 9.777022e+03 9.722691e+03
2.6 9.771021e+03 9.780897e+03 9.787865e+03 9.777989e+03
3.6 9.848635e+03 9.752964e+03 9.768347e+03 9.864018e+03
4.6 9.751933e+03 9.749312e+03 9.750366e+03 9.752987e+03
5.6 9.814499e+03 9.749252e+03 9.736671e+03 9.801918e+03
6.6 9.782856e+03 9.752375e+03 9.727641e+03 9.758123e+03
7.6 9.790261e+03 9.769306e+03 9.712092e+03 9.733047e+03
8.6 9.739678e+03 9.786583e+03 9.699615e+03 9.652709e+03
9.6 9.884270e+03 9.802409e+03 9.710542e+03 9.792402e+03
10.6 9.768450e+03 9.753774e+03 9.727717e+03 9.742393e+03
11.6 9.643857e+03 9.707987e+03 9.753503e+03 9.689373e+03
12.6 9.716267e+03 9.724049e+03 9.775968e+03 9.768185e+03
13.6 9.692588e+03 9.707784e+03 9.776201e+03 9.761005e+03
14.6 9.733314e+03 9.689780e+03 9.763266e+03 9.806800e+03
15.6 9.702273e+03 9.693545e+03 9.754376e+03 9.763105e+03
16.6 9.637641e+03 9.707234e+03 9.759006e+03 9.689412e+03
17.6 9.751209e+03 9.740989e+03 9.761968e+03 9.772188e+03
0.5 9.720527e+03 9.774858e+03 9.777022e+03 9.722691e+03
1.5 9.771021e+03 9.780897e+03 9.787865e+03 9.777989e+03
2.5 9.848635e+03 9.752964e+03 9.768347e+03 9.864018e+03
3.5 9.751933e+03 9.749312e+03 9.750366e+03 9.752987e+03
4.5 9.814499e+03 9.749252e+03 9.736671e+03 9.801918e+03
5.5 9.782856e+03 9.752375e+03 9.727641e+03 9.758123e+03
6.5 9.790261e+03 9.769306e+03 9.712092e+03 9.733047e+03
7.5 9.739678e+03 9.786583e+03 9.699615e+03 9.652709e+03
8.5 9.884270e+03 9.802409e+03 9.710542e+03 9.792402e+03
9.5 9.768450e+03 9.753774e+03 9.727717e+03 9.742393e+03
10.5 9.643857e+03 9.707987e+03 9.753503e+03 9.689373e+03
11.5 9.716267e+03 9.724049e+03 9.775968e+03 9.768185e+03
12.5 9.692588e+03 9.707784e+03 9.776201e+03 9.761005e+03
13.5 9.733314e+03 9.689780e+03 9.763266e+03 9.806800e+03
14.5 9.702273e+03 9.693545e+03 9.754376e+03 9.763105e+03
15.5 9.637641e+03 9.707234e+03 9.759006e+03 9.689412e+03
16.5 9.751209e+03 9.740989e+03 9.761968e+03 9.772188e+03
17.5 9.730334e+03 9.759614e+03 9.750162e+03 9.720882e+03
0.2 9.771021e+03 9.780897e+03 9.787865e+03 9.777989e+03
1.2 9.848635e+03 9.752964e+03 9.768347e+03 9.864018e+03
2.2 9.751933e+03 9.749312e+03 9.750366e+03 9.752987e+03
3.2 9.814499e+03 9.749252e+03 9.736671e+03 9.801918e+03
4.2 9.782856e+03 9.752375e+03 9.727641e+03 9.758123e+03
5.2 9.790261e+03 9.769306e+03 9.712092e+03 9.733047e+03
6.2 9.739678e+03 9.786583e+03 9.699615e+03 9.652709e+03
7.2 9.884270e+03 9.802409e+03 9.710542e+03 9.792402e+03
8.2 9.768450e+03 9.753774e+03 9.727717e+03 9.742393e+03
9.2 9.643857e+03 9.707987e+03 9.753503e+03 9.689373e+03
10.2 9.716267e+03 9.724049e+03 9.775968e+03 9.768185e+03
11.2 9.692588e+03 9.707784e+03 9.776201e+03 9.761005e+03
12.2 9.733314e+03 9.689780e+03 9.763266e+03 9.806800e+03
13.2 9.702273e+03 9.693545e+03 9.754376e+03 9.763105e+03
14.2 9.637641e+03 9.707234e+03 9.759006e+03 9.689412e+03
15.2 9.751209e+03 9.740989e+03 9.761968e+03 9.772188e+03
16.2 9.730334e+03 9.759614e+03 9.750162e+03 9.720882e+03
17.2 9.748335e+03 9.769254e+03 9.735792e+03 9.714873e+03
1.0 9.751933e+03 9.749312e+03 9.750366e+03 9.752987e+03
2.0 9.814499e+03 9.749252e+03 9.736671e+03 9.801918e+03
3.0 9.782856e+03 9.752375e+03 9.727641e+03 9.758123e+03
4.0 9.790261e+03 9.769306e+03 9.712092e+03 9.733047e+03
5.0 9.739678e+03 9.786583e+03 9.699615e+03 9.652709e+03
6.0 9.884270e+03 9.802409e+03 9.710542e+03 9.792402e+03
7.0 9.768450e+03 9.753774e+03 9.727717e+03 9.742393e+03
8.0 9.643857e+03 9.707987e+03 9.753503e+03 9.689373e+03
9.0 9.716267e+03 9.724049e+03 9.775968e+03 9.768185e+03
10.0 9.692588e+03 9.707784e+03 9.776201e+03 9.761005e+03
11.0 9.733314e+03 9.689780e+03 9.763266e+03 9.806800e+03
12.0 9.702273e+03 9.693545e+03 9.754376e+03 9.763105e+03
13.0 9.637641e+03 9.707234e+03 9.759006e+03 9.689412e+03
14.0 9.751209e+03 9.740989e+03 9.761968e+03 9.772188e+03
15.0 9.730334e+03 9.759614e+03 9.750162e+03 9.720882e+03
16.0 9.748335e+03 9.769254e+03 9.735792e+03 9.714873e+03
17.0 9.824342e+03 9.766760e+03 9.713544e+03 9.771125e+03
18.0 9.670439e+03 9.760435e+03 9.689975e+03 9.599979e+03
0.4 9.814499e+03 9.749252e+03 9.736671e+03 9.801918e+03
1.4 9.782856e+03 9.752375e+03 9.727641e+03 9.758123e+03
2.4 9.790261e+03 9.769306e+03 9.712092e+03 9.733047e+03
3.4 9.739678e+03 9.786583e+03 9.699615e+03 9.652709e+03
4.4 9.884270e+03 9.802409e+03 9.710542e+03 9.792402e+03
5.4 9.768450e+03 9.753774e+03 9.727717e+03 9.742393e+03
6.4 9.643857e+03 9.707987e+03 9.753503e+03 9.689373e+03
7.4 9.716267e+03 9.724049e+03 9.775968e+03 9.768185e+03
8.4 9.692588e+03 9.707784e+03 9.776201e+03 9.761005e+03
9.4 9.733314e+03 9.689780e+03 9.763266e+03 9.806800e+03
10.4 9.702273e+03 9.693545e+03 9.754376e+03 9.763105e+03
11.4 9.637641e+03 9.707234e+03 9.759006e+03 9.689412e+03
12.4 9.751209e+03 9.740989e+03 9.761968e+03 9.772188e+03
13.4 9.730334e+03 9.759614e+03 9.750162e+03 9.720882e+03
14.4 9.748335e+03 9.769254e+03 9.735792e+03 9.714873e+03
15.4 9.824342e+03 9.766760e+03 9.713544e+03 9.771125e+03
16.4 9.670439e+03 9.760435e+03 9.689975e+03 9.599979e+03
17.4 9.790622e+03 9.759840e+03 9.694943e+03 9.725724e+03
0.6 9.643857e+03 9.707987e+03 9.753503e+03 9.689373e+03
1.6 9.716267e+03 9.724049e+03 9.775968e+03 9.768185e+03
2.6 9.692588e+03 9.707784e+03 9.776201e+03 9.761005e+03
3.6 9.733314e+03 9.689780e+03 9.763266e+03 9.806800e+03
4.6 9.702273e+03 9.693545e+03 9.754376e+03 9.763105e+03
5.6 9.637641e+03 9.707234e+03 9.759006e+03 9.689412e+03
6.6 9.751209e+03 9.740989e+03 9.761968e+03 9.772188e+03
7.6 9.730334e+03 9.759614e+03 9.750162e+03 9.720882e+03
8.6 9.748335e+03 9.769254e+03 9.735792e+03 9.714873e+03
9.6 9.824342e+03 9.766760e+03 9.713544e+03 9.771125e+03
10.6 9.670439e+03 9.760435e+03 9.689975e+03 9.599979e+03
11.6 9.790622e+03 9.759840e+03 9.694943e+03 9.725724e+03
12.6 9.626396e+03 9.716194e+03 9.716369e+03 9.626571e+03
13.6 9.715383e+03 9.701150e+03 9.733509e+03 9.747742e+03
14.6 9.596533e+03 9.685465e+03 9.743205e+03 9.654273e+03
15.6 9.702720e+03 9.700969e+03 9.762689e+03 9.764439e+03
16.6 9.762421e+03 9.730390e+03 9.776629e+03 9.808659e+03
17.6 9.888784e+03 9.736060e+03 9.752448e+03 9.905172e+03
1.0 9.692588e+03 9.707784e+03 9.776201e+03 9.761005e+03
2.0 9.733314e+03 9.689780e+03 9.763266e+03 9.806800e+03
3.0 9.702273e+03 9.693545e+03 9.754376e+03 9.763105e+03
4.0 9.637641e+03 9.707234e+03 9.759006e+03 9.689412e+03
5.0 9.751209e+03 9.740989e+03 9.761968e+03 9.772188e+03
6.0 9.730334e+03 9.759614e+03 9.750162e+03 9.720882e+03
7.0 9.748335e+03 9.769254e+03 9.735792e+03 9.714873e+03
8.0 9.824342e+03 9.766760e+03 9.713544e+03 9.771125e+03
9.0 9.670439e+03 9.760435e+03 9.689975e+03 9.599979e+03
10.0 9.790622e+03 9.759840e+03 9.694943e+03 9.725724e+03
11.0 9.626396e+03 9.716194e+03 9.716369e+03 9.626571e+03
12.0 9.715383e+03 9.701150e+03 9.733509e+03 9.747742e+03
13.0 9.596533e+03 9.685465e+03 9.743205e+03 9.654273e+03
14.0 9.702720e+03 9.700969e+03 9.762689e+03 9.764439e+03
15.0 9.762421e+03 9.730390e+03 9.776629e+03 9.808659e+03
16.0 9.888784e+03 9.736060e+03 9.752448e+03 9.905172e+03
17.0 9.845466e+03 9.745675e+03 9.725432e+03 9.825223e+03
18.0 9.589543e+03 9.720344e+03 9.737372e+03 9.606571e+03
0.4 9.733314e+03 9.689780e+03 9.763266e+03 9.806800e+03
1.4 9.702273e+03 9.693545e+03 9.754376e+03 9.763105e+03
2.4 9.637641e+03 9.707234e+03 9.759006e+03 9.689412e+03
3.4 9.751209e+03 9.740989e+03 9.761968e+03 9.772188e+03
4.4 9.730334e+03 9.759614e+03 9.750162e+03 9.720882e+03
5.4 9.748335e+03 9.769254e+03 9.735792e+03 9.714873e+03
6.4 9.824342e+03 9.766760e+03 9.713544e+03 9.771125e+03
7.4 9.670439e+03 9.760435e+03 9.689975e+03 9.599979e+03
8.4 9.790622e+03 9.759840e+03 9.694943e+03 9.725724e+03
9.4 9.626396e+03 9.716194e+03 9.716369e+03 9.626571e+03
10.4 9.715383e+03 9.701150e+03 9.733509e+03 9.747742e+03
11.4 9.596533e+03 9.685465e+03 9.743205e+03 9.654273e+03
12.4 9.702720e+03 9.700969e+03 9.762689e+03 9.764439e+03
13.4 9.762421e+03 9.730390e+03 9.776629e+03 9.808659e+03
14.4 9.888784e+03 9.736060e+03 9.752448e+03 9.905172e+03
15.4 9.845466e+03 9.745675e+03 9.725432e+03 9.825223e+03
16.4 9.589543e+03 9.720344e+03 9.737372e+03 9.606571e+03
17.4 9.711021e+03 9.725808e+03 9.773973e+03 9.759185e+03
0.1 9.702273e+03 9.693545e+03 9.754376e+03 9.763105e+03
1.1 9.637641e+03 9.707234e+03 9.759006e+03 9.689412e+03
2.1 9.751209e+03 9.740989e+03 9.761968e+03 9.772188e+03
3.1 9.730334e+03 9.759614e+03 9.750162e+03 9.720882e+03
4.1 9.748335e+03 9.769254e+03 9.735792e+03 9.714873e+03
5.1 9.824342e+03 9.766760e+03 9.713544e+03 9.771125e+03
6.1 9.670439e+03 9.760435e+03 9.689975e+03 9.599979e+03
7.1 9.790622e+03 9.759840e+03 9.694943e+03 9.725724e+03
8.1 9.626396e+03 9.716194e+03 9.716369e+03 9.626571e+03
9.1 9.715383e+03 9.701150e+03 9.733509e+03 9.747742e+03
10.1 9.596533e+03 9.685465e+03 9.743205e+03 9.654273e+03
11.1 9.702720e+03 9.700969e+03 9.762689e+03 9.764439e+03
12.1 9.762421e+03 9.730390e+03 9.776629e+03 9.808659e+03
13.1 9.888784e+03 9.736060e+03 9.752448e+03 9.905172e+03
14.1 9.845466e+03 9.745675e+03 9.725432e+03 9.825223e+03
15.1 9.589543e+03 9.720344e+03 9.737372e+03 9.606571e+03
16.1 9.711021e+03 9.725808e+03 9.773973e+03 9.759185e+03
17.1 9.720440e+03 9.731216e+03 9.786881e+03 9.776106e+03
0.3 9.637641e+03 9.707234e+03 9.759006e+03 9.689412e+03
1.3 9.751209e+03 9.740989e+03 9.761968e+03 9.772188e+03
2.3 9.730334e+03 9.759614e+03 9.750162e+03 9.720882e+03
3.3 9.748335e+03 9.769254e+03 9.735792e+03 9.714873e+03
4.3 9.824342e+03 9.766760e+03 9.713544e+03 9.771125e+03
5.3 9.670439e+03 9.760435e+03 9.689975e+03 9.599979e+03
6.3 9.790622e+03 9.759840e+03 9.694943e+03 9.725724e+03
7.3 9.626396e+03 9.716194e+03 9.716369e+03 9.626571e+03
8.3 9.715383e+03 9.701150e+03 9.733509e+03 9.747742e+03
9.3 9.596533e+03 9.685465e+03 9.743205e+03 9.654273e+03
10.3 9.702720e+03 9.700969e+03 9.762689e+03 9.764439e+03
11.3 9.762421e+03 9.730390e+03 9.776629e+03 9.808659e+03
12.3 9.888784e+03 9.736060e+03 9.752448e+03 9.905172e+03
13.3 9.845466e+03 9.745675e+03 9.725432e+03 9.825223e+03
14.3 9.589543e+03 9.720344e+03 9.737372e+03 9.606571e+03
15.3 9.711021e+03 9.725808e+03 9.773973e+03 9.759185e+03
16.3 9.720440e+03 9.731216e+03 9.786881e+03 9.776106e+03
17.3 9.765457e+03 9.718042e+03 9.770116e+03 9.817531e+03
0.2 9.751209e+03 9.740989e+03 9.761968e+03 9.772188e+03
1.2 9.730334e+03 9.759614e+03 9.750162e+03 9.720882e+03
2.2 9.748335e+03 9.769254e+03 9.735792e+03 9.714873e+03
3.2 9.824342e+03 9.766760e+03 9.713544e+03 9.771125e+03
4.2 9.670439e+03 9.760435e+03 9.689975e+03 9.599979e+03
5.2 9.790622e+03 9.759840e+03 9.694943e+03 9.725724e+03
6.2 9.626396e+03 9.716194e+03 9.716369e+03 9.626571e+03
7.2 9.715383e+03 9.701150e+03 9.733509e+03 9.747742e+03
8.2 9.596533e+03 9.685465e+03 9.743205e+03 9.654273e+03
9.2 9.702720e+03 9.700969e+03 9.762689e+03 9.764439e+03
10.2 9.762421e+03 9.730390e+03 9.776629e+03 9.808659e+03
11.2 9.888784e+03 9.736060e+03 9.752448e+03 9.905172e+03
12.2 9.845466e+03 9.745675e+03 9.725432e+03 9.825223e+03
13.2 9.589543e+03 9.720344e+03 9.737372e+03 9.606571e+03
14.2 9.711021e+03 9.725808e+03 9.773973e+03 9.759185e+03
15.2 9.720440e+03 9.731216e+03 9.786881e+03 9.776106e+03
16.2 9.765457e+03 9.718042e+03 9.770116e+03 9.817531e+03
17.2 9.688251e+03 9.703458e+03 9.754466e+03 9.739259e+03
0.0 9.730334e+03 9.759614e+03 9.750162e+03 9.720882e+03
1.0 9.748335e+03 9.769254e+03 9.735792e+03 9.714873e+03
2.0 9.824342e+03 9.766760e+03 9.713544e+03 9.771125e+03
3.0 9.670439e+03 9.760435e+03 9.689975e+03 9.599979e+03
4.0 9.790622e+03 9.759840e+03 9.694943e+03 9.725724e+03
5.0 9.626396e+03 9.716194e+03 9.716369e+03 9.626571e+03
6.0 9.715383e+03 9.701150e+03 9.733509e+03 9.747742e+03
7.0 9.596533e+03 9.685465e+03 9.743205e+03 9.654273e+03
8.0 9.702720e+03 9.700969e+03 9.762689e+03 9.764439e+03
9.0 9.762421e+03 9.730390e+03 9.776629e+03 9.808659e+03
10.0 9.888784e+03 9.736060e+03 9.752448e+03 9.905172e+03
11.0 9.845466e+03 9.745675e+03 9.725432e+03 9.825223e+03
12.0 9.589543e+03 9.720344e+03 9.737372e+03 9.606571e+03
13.0 9.711021e+03 9.725808e+03 9.773973e+03 9.759185e+03
14.0 9.720440e+03 9.731216e+03 9.786881e+03 9.776106e+03
15.0 9.765457e+03 9.718042e+03 9.770116e+03 9.817531e+03
16.0 9.688251e+03 9.703458e+03 9.754466e+03 9.739259e+03
17.0 9.668870e+03 9.717977e+03 9.744644e+03 9.695537e+03
0.7 9.702720e+03 9.700969e+03 9.762689e+03 9.764439e+03
1.7 9.762421e+03 9.730390e+03 9.776629e+03 9.808659e+03
2.7 9.888784e+03 9.736060e+03 9.752448e+03 9.905172e+03
3.7 9.845466e+03 9.745675e+03 9.725432e+03 9.825223e+03
4.7 9.589543e+03 9.720344e+03 9.737372e+03 9.606571e+03
5.7 9.711021e+03 9.725808e+03 9.773973e+03 9.759185e+03
6.7 9.720440e+03 9.731216e+03 9.786881e+03 9.776106e+03
7.7 9.765457e+03 9.718042e+03 9.770116e+03 9.817531e+03
8.7 9.688251e+03 9.703458e+03 9.754466e+03 9.739259e+03
9.7 9.668870e+03 9.717977e+03 9.744644e+03 9.695537e+03
10.7 9.672019e+03 9.742530e+03 9.737770e+03 9.667259e+03
11.7 9.750856e+03 9.759566e+03 9.731108e+03 9.722397e+03
12.7 9.794146e+03 9.766229e+03 9.727377e+03 9.755294e+03
13.7 9.807888e+03 9.760238e+03 9.713733e+03 9.761382e+03
14.7 9.677432e+03 9.725766e+03 9.699600e+03 9.651266e+03
15.7 9.771005e+03 9.745048e+03 9.709101e+03 9.735058e+03
16.7 9.729259e+03 9.727846e+03 9.726873e+03 9.728286e+03
17.7 9.644215e+03 9.713764e+03 9.739066e+03 9.669517e+03
0.5 9.589543e+03 9.720344e+03 9.737372e+03 9.606571e+03
1.5 9.711021e+03 9.725808e+03 9.773973e+03 9.759185e+03
2.5 9.720440e+03 9.731216e+03 9.786881e+03 9.776106e+03
3.5 9.765457e+03 9.718042e+03 9.770116e+03 9.817531e+03
4.5 9.688251e+03 9.703458e+03 9.754466e+03 9.739259e+03
5.5 9.668870e+03 9.717977e+03 9.744644e+03 9.695537e+03
6.5 9.672019e+03 9.742530e+03 9.737770e+03 9.667259e+03
7.5 9.750856e+03 9.759566e+03 9.731108e+03 9.722397e+03
8.5 9.794146e+03 9.766229e+03 9.727377e+03 9.755294e+03
9.5 9.807888e+03 9.760238e+03 9.713733e+03 9.761382e+03
10.5 9.677432e+03 9.725766e+03 9.699600e+03 9.651266e+03
11.5 9.771005e+03 9.745048e+03 9.709101e+03 9.735058e+03
12.5 9.729259e+03 9.727846e+03 9.726873e+03 9.728286e+03
13.5 9.644215e+03 9.713764e+03 9.739066e+03 9.669517e+03
14.5 9.747688e+03 9.688522e+03 9.744947e+03 9.804112e+03
15.5 9.704525e+03 9.697316e+03 9.746872e+03 9.754081e+03
16.5 9.744012e+03 9.733591e+03 9.746626e+03 9.757047e+03
17.5 9.758905e+03 9.789877e+03 9.745451e+03 9.714480e+03
0.4 9.711021e+03 9.725808e+03 9.773973e+03 9.759185e+03
1.4 9.720440e+03 9.731216e+03 9.786881e+03 9.776106e+03
2.4 9.765457e+03 9.718042e+03 9.770116e+03 9.817531e+03
3.4 9.688251e+03 9.703458e+03 9.754466e+03 9.739259e+03
4.4 9.668870e+03 9.717977e+03 9.744644e+03 9.695537e+03
5.4 9.672019e+03 9.742530e+03 9.737770e+03 9.667259e+03
6.4 9.750856e+03 9.759566e+03 9.731108e+03 9.722397e+03
7.4 9.794146e+03 9.766229e+03 9.727377e+03 9.755294e+03
8.4 9.807888e+03 9.760238e+03 9.713733e+03 9.761382e+03
9.4 9.677432e+03 9.725766e+03 9.699600e+03 9.651266e+03
10.4 9.771005e+03 9.745048e+03 9.709101e+03 9.735058e+03
11.4 9.729259e+03 9.727846e+03 9.726873e+03 9.728286e+03
12.4 9.644215e+03 9.713764e+03 9.739066e+03 9.669517e+03
13.4 9.747688e+03 9.688522e+03 9.744947e+03 9.804112e+03
14.4 9.704525e+03 9.697316e+03 9.746872e+03 9.754081e+03
15.4 9.744012e+03 9.733591e+03 9.746626e+03 9.757047e+03
16.4 9.758905e+03 9.789877e+03 9.745451e+03 9.714480e+03
17.4 9.756713e+03 9.812297e+03 9.744154e+03 9.688570e+03
0.3 9.720440e+03 9.731216e+03 9.786881e+03 9.776106e+03
1.3 9.765457e+03 9.718042e+03 9.770116e+03 9.817531e+03
2.3 9.688251e+03 9.703458e+03 9.754466e+03 9.739259e+03
3.3 9.668870e+03 9.717977e+03 9.744644e+03 9.695537e+03
4.3 9.672019e+03 9.742530e+03 9.737770e+03 9.667259e+03
5.3 9.750856e+03 9.759566e+03 9.731108e+03 9.722397e+03
6.3 9.794146e+03 9.766229e+03 9.727377e+03 9.755294e+03
7.3 9.807888e+03 9.760238e+03 9.713733e+03 9.761382e+03
8.3 9.677432e+03 9.725766e+03 9.699600e+03 9.651266e+03
9.3 9.771005e+03 9.745048e+03 9.709101e+03 9.735058e+03
10.3 9.729259e+03 9.727846e+03 9.726873e+03 9.728286e+03
11.3 9.644215e+03 9.713764e+03 9.739066e+03 9.669517e+03
12.3 9.747688e+03 9.688522e+03 9.744947e+03 9.804112e+03
13.3 9.704525e+03 9.697316e+03 9.746872e+03 9.754081e+03
14.3 9.744012e+03 9.733591e+03 9.746626e+03 9.757047e+03
15.3 9.758905e+03 9.789877e+03 9.745451e+03 9.714480e+03
16.3 9.756713e+03 9.812297e+03 9.744154e+03 9.688570e+03
17.3 9.726666e+03 9.800921e+03 9.743120e+03 9.668865e+03
0.2 9.765457e+03 9.718042e+03 9.770116e+03 9.817531e+03
1.2 9.688251e+03 9.703458e+03 9.754466e+03 9.739259e+03
2.2 9.668870e+03 9.717977e+03 9.744644e+03 9.695537e+03
3.2 9.672019e+03 9.742530e+03 9.737770e+03 9.667259e+03
4.2 9.750856e+03 9.759566e+03 9.731108e+03 9.722397e+03
5.2 9.794146e+03 9.766229e+03 9.727377e+03 9.755294e+03
6.2 9.807888e+03 9.760238e+03 9.713733e+03 9.761382e+03
7.2 9.677432e+03 9.725766e+03 9.699600e+03 9.651266e+03
8.2 9.771005e+03 9.745048e+03 9.709101e+03 9.735058e+03
9.2 9.729259e+03 9.727846e+03 9.726873e+03 9.728286e+03
10.2 9.644215e+03 9.713764e+03 9.739066e+03 9.669517e+03
11.2 9.747688e+03 9.688522e+03 9.744947e+03 9.804112e+03
12.2 9.704525e+03 9.697316e+03 9.746872e+03 9.754081e+03
13.2 9.744012e+03 9.733591e+03 9.746626e+03 9.757047e+03
14.2 9.758905e+03 9.789877e+03 9.745451e+03 9.714480e+03
15.2 9.756713e+03 9.812297e+03 9.744154e+03 9.688570e+03
16.2 9.726666e+03 9.800921e+03 9.743120e+03 9.668865e+03
17.2 9.917479e+03 9.795393e+03 9.742405e+03 9.864492e+03
0.9 9.668870e+03 9.717977e+03 9.744644e+03 9.695537e+03
1.9 9.672019e+03 9.742530e+03 9.737770e+03 9.667259e+03
2.9 9.750856e+03 9.759566e+03 9.731108e+03 9.722397e+03
3.9 9.794146e+03 9.766229e+03 9.727377e+03 9.755294e+03
4.9 9.807888e+03 9.760238e+03 9.713733e+03 9.761382e+03
5.9 9.677432e+03 9.725766e+03 9.699600e+03 9.651266e+03
6.9 9.771005e+03 9.745048e+03 9.709101e+03 9.735058e+03
7.9 9.729259e+03 9.727846e+03 9.726873e+03 9.728286e+03
8.9 9.644215e+03 9.713764e+03 9.739066e+03 9.669517e+03
9.9 9.747688e+03 9.688522e+03 9.744947e+03 9.804112e+03
10.9 9.704525e+03 9.697316e+03 9.746872e+03 9.754081e+03
11.9 9.744012e+03 9.733591e+03 9.746626e+03 9.757047e+03
12.9 9.758905e+03 9.789877e+03 9.745451e+03 9.714480e+03
13.9 9.756713e+03 9.812297e+03 9.744154e+03 9.688570e+03
14.9 9.726666e+03 9.800921e+03 9.743120e+03 9.668865e+03
15.9 9.917479e+03 9.795393e+03 9.742405e+03 9.864492e+03
16.9 9.859181e+03 9.798245e+03 9.741915e+03 9.802850e+03
17.9 9.768948e+03 9.771304e+03 9.741544e+03 9.739188e+03
0.7 9.672019e+03 9.742530e+03 9.737770e+03 9.667259e+03
1.7 9.750856e+03 9.759566e+03 9.731108e+03 9.722397e+03
2.7 9.794146e+03 9.766229e+03 9.727377e+03 9.755294e+03
3.7 9.807888e+03 9.760238e+03 9.713733e+03 9.761382e+03
4.7 9.677432e+03 9.725766e+03 9.699600e+03 9.651266e+03
5.7 9.771005e+03 9.745048e+03 9.709101e+03 9.735058e+03
6.7 9.729259e+03 9.727846e+03 9.726873e+03 9.728286e+03
7.7 9.644215e+03 9.713764e+03 9.739066e+03 9.669517e+03
8.7 9.747688e+03 9.688522e+03 9.744947e+03 9.804112e+03
9.7 9.704525e+03 9.697316e+03 9.746872e+03 9.754081e+03
10.7 9.744012e+03 9.733591e+03 9.746626e+03 9.757047e+03
11.7 9.758905e+03 9.789877e+03 9.745451e+03 9.714480e+03
12.7 9.756713e+03 9.812297e+03 9.744154e+03 9.688570e+03
13.7 9.726666e+03 9.800921e+03 9.743120e+03 9.668865e+03
14.7 9.917479e+03 9.795393e+03 9.742405e+03 9.864492e+03
15.7 9.859181e+03 9.798245e+03 9.741915e+03 9.802850e+03
16.7 9.768948e+03 9.771304e+03 9.741544e+03 9.739188e+03
17.7 9.765595e+03 9.768240e+03 9.741221e+03 9.738576e+03
0.3 9.750856e+03 9.759566e+03 9.731108e+03 9.722397e+03
1.3 9.794146e+03 9.766229e+03 9.727377e+03 9.755294e+03
2.3 9.807888e+03 9.760238e+03 9.713733e+03 9.761382e+03
3.3 9.677432e+03 9.725766e+03 9.699600e+03 9.651266e+03
4.3 9.771005e+03 9.745048e+03 9.709101e+03 9.735058e+03
5.3 9.729259e+03 9.727846e+03 9.726873e+03 9.728286e+03
6.3 9.644215e+03 9.713764e+03 9.739066e+03 9.669517e+03
7.3 9.747688e+03 9.688522e+03 9.744947e+03 9.804112e+03
8.3 9.704525e+03 9.697316e+03 9.746872e+03 9.754081e+03
9.3 9.744012e+03 9.733591e+03 9.746626e+03 9.757047e+03
10.3 9.758905e+03 9.789877e+03 9.745451e+03 9.714480e+03
11.3 9.756713e+03 9.812297e+03 9.744154e+03 9.688570e+03
12.3 9.726666e+03 9.800921e+03 9.743120e+03 9.668865e+03
13.3 9.917479e+03 9.795393e+03 9.742405e+03 9.864492e+03
14.3 9.859181e+03 9.798245e+03 9.741915e+03 9.802850e+03
15.3 9.768948e+03 9.771304e+03 9.741544e+03 9.739188e+03
16.3 9.765595e+03 9.768240e+03 9.741221e+03 9.738576e+03
17.3 9.832601e+03 9.776755e+03 9.740917e+03 9.796763e+03
0.4 9.630244e+03 9.673869e+03 9.748212e+03 9.704588e+03
1.4 9.877386e+03 9.746049e+03 9.774042e+03 9.905379e+03
2.4 9.715455e+03 9.728095e+03 9.782787e+03 9.770147e+03
3.4 9.599521e+03 9.714256e+03 9.760646e+03 9.645911e+03
4.4 9.676249e+03 9.690073e+03 9.741382e+03 9.727558e+03
5.4 9.695233e+03 9.686553e+03 9.737598e+03 9.746279e+03
6.4 9.661450e+03 9.719930e+03 9.741449e+03 9.682969e+03
7.4 9.824422e+03 9.736831e+03 9.741126e+03 9.828717e+03
8.4 9.654657e+03 9.749942e+03 9.736173e+03 9.640889e+03
9.4 9.856192e+03 9.758944e+03 9.735930e+03 9.833178e+03
10.4 9.778727e+03 9.772523e+03 9.737476e+03 9.743680e+03
11.4 9.748111e+03 9.777816e+03 9.733607e+03 9.703902e+03
12.4 9.718443e+03 9.729329e+03 9.714263e+03 9.703377e+03
13.4 9.679610e+03 9.710622e+03 9.715828e+03 9.684817e+03
14.4 9.895082e+03 9.740777e+03 9.745755e+03 9.900060e+03
15.4 9.576230e+03 9.739937e+03 9.765265e+03 9.601558e+03
16.4 9.718532e+03 9.738539e+03 9.778807e+03 9.758800e+03
17.4 9.694248e+03 9.734695e+03 9.783326e+03 9.742879e+03
0.3 9.877386e+03 9.746049e+03 9.774042e+03 9.905379e+03
1.3 9.715455e+03 9.728095e+03 9.782787e+03 9.770147e+03
2.3 9.599521e+03 9.714256e+03 9.760646e+03 9.645911e+03
3.3 9.676249e+03 9.690073e+03 9.741382e+03 9.727558e+03
4.3 9.695233e+03 9.686553e+03 9.737598e+03 9.746279e+03
5.3 9.661450e+03 9.719930e+03 9.741449e+03 9.682969e+03
6.3 9.824422e+03 9.736831e+03 9.741126e+03 9.828717e+03
7.3 9.654657e+03 9.749942e+03 9.736173e+03 9.640889e+03
8.3 9.856192e+03 9.758944e+03 9.735930e+03 9.833178e+03
9.3 9.778727e+03 9.772523e+03 9.737476e+03 9.743680e+03
10.3 9.748111e+03 9.777816e+03 9.733607e+03 9.703902e+03
11.3 9.718443e+03 9.729329e+03 9.714263e+03 9.703377e+03
12.3 9.679610e+03 9.710622e+03 9.715828e+03 9.684817e+03
13.3 9.895082e+03 9.740777e+03 9.745755e+03 9.900060e+03
14.3 9.576230e+03 9.739937e+03 9.765265e+03 9.601558e+03
15.3 9.718532e+03 9.738539e+03 9.778807e+03 9.758800e+03
16.3 9.694248e+03 9.734695e+03 9.783326e+03 9.742879e+03
17.3 9.744107e+03 9.745904e+03 9.766409e+03 9.764612e+03
0.6 9.599521e+03 9.714256e+03 9.760646e+03 9.645911e+03
1.6 9.676249e+03 9.690073e+03 9.741382e+03 9.727558e+03
2.6 9.695233e+03 9.686553e+03 9.737598e+03 9.746279e+03
3.6 9.661450e+03 9.719930e+03 9.741449e+03 9.682969e+03
4.6 9.824422e+03 9.736831e+03 9.741126e+03 9.828717e+03
5.6 9.654657e+03 9.749942e+03 9.736173e+03 9.640889e+03
6.6 9.856192e+03 9.758944e+03 9.735930e+03 9.833178e+03
7.6 9.778727e+03 9.772523e+03 9.737476e+03 9.743680e+03
8.6 9.748111e+03 9.777816e+03 9.733607e+03 9.703902e+03
9.6 9.718443e+03 9.729329e+03 9.714263e+03 9.703377e+03
10.6 9.679610e+03 9.710622e+03 9.715828e+03 9.684817e+03
11.6 9.895082e+03 9.740777e+03 9.745755e+03 9.900060e+03
12.6 9.576230e+03 9.739937e+03 9.765265e+03 9.601558e+03
13.6 9.718532e+03 9.738539e+03 9.778807e+03 9.758800e+03
14.6 9.694248e+03 9.734695e+03 9.783326e+03 9.742879e+03
15.6 9.744107e+03 9.745904e+03 9.766409e+03 9.764612e+03
16.6 9.762787e+03 9.753648e+03 9.740087e+03 9.749225e+03
17.6 9.924978e+03 9.774847e+03 9.714909e+03 9.865039e+03
0.1 9.676249e+03 9.690073e+03 9.741382e+03 9.727558e+03
1.1 9.695233e+03 9.686553e+03 9.737598e+03 9.746279e+03
2.1 9.661450e+03 9.719930e+03 9.741449e+03 9.682969e+03
3.1 9.824422e+03 9.736831e+03 9.741126e+03 9.828717e+03
4.1 9.654657e+03 9.749942e+03 9.736173e+03 9.640889e+03
5.1 9.856192e+03 9.758944e+03 9.735930e+03 9.833178e+03
6.1 9.778727e+03 9.772523e+03 9.737476e+03 9.743680e+03
7.1 9.748111e+03 9.777816e+03 9.733607e+03 9.703902e+03
8.1 9.718443e+03 9.729329e+03 9.714263e+03 9.703377e+03
9.1 9.679610e+03 9.710622e+03 9.715828e+03 9.684817e+03
10.1 9.895082e+03 9.740777e+03 9.745755e+03 9.900060e+03
11.1 9.576230e+03 9.739937e+03 9.765265e+03 9.601558e+03
12.1 9.718532e+03 9.738539e+03 9.778807e+03 9.758800e+03
13.1 9.694248e+03 9.734695e+03 9.783326e+03 9.742879e+03
14.1 9.744107e+03 9.745904e+03 9.766409e+03 9.764612e+03
15.1 9.762787e+03 9.753648e+03 9.740087e+03 9.749225e+03
16.1 9.924978e+03 9.774847e+03 9.714909e+03 9.865039e+03
17.1 9.855004e+03 9.784821e+03 9.687583e+03 9.757766e+03
0.8 9.661450e+03 9.719930e+03 9.741449e+03 9.682969e+03
1.8 9.824422e+03 9.736831e+03 9.741126e+03 9.828717e+03
2.8 9.654657e+03 9.749942e+03 9.736173e+03 9.640889e+03
3.8 9.856192e+03 9.758944e+03 9.735930e+03 9.833178e+03
4.8 9.778727e+03 9.772523e+03 9.737476e+03 9.743680e+03
5.8 9.748111e+03 9.777816e+03 9.733607e+03 9.703902e+03
6.8 9.718443e+03 9.729329e+03 9.714263e+03 9.703377e+03
7.8 9.679610e+03 9.710622e+03 9.715828e+03 9.684817e+03
8.8 9.895082e+03 9.740777e+03 9.745755e+03 9.900060e+03
9.8 9.576230e+03 9.739937e+03 9.765265e+03 9.601558e+03
10.8 9.718532e+03 9.738539e+03 9.778807e+03 9.758800e+03
11.8 9.694248e+03 9.734695e+03 9.783326e+03 9.742879e+03
12.8 9.744107e+03 9.745904e+03 9.766409e+03 9.764612e+03
13.8 9.762787e+03 9.753648e+03 9.740087e+03 9.749225e+03
14.8 9.924978e+03 9.774847e+03 9.714909e+03 9.865039e+03
15.8 9.855004e+03 9.784821e+03 9.687583e+03 9.757766e+03
16.8 9.743842e+03 9.801952e+03 9.681570e+03 9.623459e+03
17.8 9.787433e+03 9.752121e+03 9.703504e+03 9.738815e+03
0.5 9.824422e+03 9.736831e+03 9.741126e+03 9.828717e+03
1.5 9.654657e+03 9.749942e+03 9.736173e+03 9.640889e+03
2.5 9.856192e+03 9.758944e+03 9.735930e+03 9.833178e+03
3.5 9.778727e+03 9.772523e+03 9.737476e+03 9.743680e+03
4.5 9.748111e+03 9.777816e+03 9.733607e+03 9.703902e+03
5.5 9.718443e+03 9.729329e+03 9.714263e+03 9.703377e+03
6.5 9.679610e+03 9.710622e+03 9.715828e+03 9.684817e+03
7.5 9.895082e+03 9.740777e+03 9.745755e+03 9.900060e+03
8.5 9.576230e+03 9.739937e+03 9.765265e+03 9.601558e+03
9.5 9.718532e+03 9.738539e+03 9.778807e+03 9.758800e+03
10.5 9.694248e+03 9.734695e+03 9.783326e+03 9.742879e+03
11.5 9.744107e+03 9.745904e+03 9.766409e+03 9.764612e+03
12.5 9.762787e+03 9.753648e+03 9.740087e+03 9.749225e+03
13.5 9.924978e+03 9.774847e+03 9.714909e+03 9.865039e+03
14.5 9.855004e+03 9.784821e+03 9.687583e+03 9.757766e+03
15.5 9.743842e+03 9.801952e+03 9.681570e+03 9.623459e+03
16.5 9.787433e+03 9.752121e+03 9.703504e+03 9.738815e+03
17.5 9.738302e+03 9.727922e+03 9.733602e+03 9.743981e+03
1.0 9.856192e+03 9.758944e+03 9.735930e+03 9.833178e+03
2.0 9.778727e+03 9.772523e+03 9.737476e+03 9.743680e+03
3.0 9.748111e+03 9.777816e+03 9.733607e+03 9.703902e+03
4.0 9.718443e+03 9.729329e+03 9.714263e+03 9.703377e+03
5.0 9.679610e+03 9.710622e+03 9.715828e+03 9.684817e+03
6.0 9.895082e+03 9.740777e+03 9.745755e+03 9.900060e+03
7.0 9.576230e+03 9.739937e+03 9.765265e+03 9.601558e+03
8.0 9.718532e+03 9.738539e+03 9.778807e+03 9.758800e+03
9.0 9.694248e+03 9.734695e+03 9.783326e+03 9.742879e+03
10.0 9.744107e+03 9.745904e+03 9.766409e+03 9.764612e+03
11.0 9.762787e+03 9.753648e+03 9.740087e+03 9.749225e+03
12.0 9.924978e+03 9.774847e+03 9.714909e+03 9.865039e+03
13.0 9.855004e+03 9.784821e+03 9.687583e+03 9.757766e+03
14.0 9.743842e+03 9.801952e+03 9.681570e+03 9.623459e+03
15.0 9.787433e+03 9.752121e+03 9.703504e+03 9.738815e+03
16.0 9.738302e+03 9.727922e+03 9.733602e+03 9.743981e+03
17.0 9.740879e+03 9.738051e+03 9.773189e+03 9.776018e+03
18.0 9.818112e+03 9.747329e+03 9.795920e+03 9.866704e+03
0.5 9.778727e+03 9.772523e+03 9.737476e+03 9.743680e+03
1.5 9.748111e+03 9.777816e+03 9.733607e+03 9.703902e+03
2.5 9.718443e+03 9.729329e+03 9.714263e+03 9.703377e+03
3.5 9.679610e+03 9.710622e+03 9.715828e+03 9.684817e+03
4.5 9.895082e+03 9.740777e+03 9.745755e+03 9.900060e+03
5.5 9.576230e+03 9.739937e+03 9.765265e+03 9.601558e+03
6.5 9.718532e+03 9.738539e+03 9.778807e+03 9.758800e+03
7.5 9.694248e+03 9.734695e+03 9.783326e+03 9.742879e+03
8.5 9.744107e+03 9.745904e+03 9.766409e+03 9.764612e+03
9.5 9.762787e+03 9.753648e+03 9.740087e+03 9.749225e+03
10.5 9.924978e+03 9.774847e+03 9.714909e+03 9.865039e+03
11.5 9.855004e+03 9.784821e+03 9.687583e+03 9.757766e+03
12.5 9.743842e+03 9.801952e+03 9.681570e+03 9.623459e+03
13.5 9.787433e+03 9.752121e+03 9.703504e+03 9.738815e+03
14.5 9.738302e+03 9.727922e+03 9.733602e+03 9.743981e+03
15.5 9.740879e+03 9.738051e+03 9.773189e+03 9.776018e+03
16.5 9.818112e+03 9.747329e+03 9.795920e+03 9.866704e+03
17.5 9.806640e+03 9.732119e+03 9.777485e+03 9.852006e+03
0.7 9.679610e+03 9.710622e+03 9.715828e+03 9.684817e+03
1.7 9.895082e+03 9.740777e+03 9.745755e+03 9.900060e+03
2.7 9.576230e+03 9.739937e+03 9.765265e+03 9.601558e+03
3.7 9.718532e+03 9.738539e+03 9.778807e+03 9.758800e+03
4.7 9.694248e+03 9.734695e+03 9.783326e+03 9.742879e+03
5.7 9.744107e+03 9.745904e+03 9.766409e+03 9.764612e+03
6.7 9.762787e+03 9.753648e+03 9.740087e+03 9.749225e+03
7.7 9.924978e+03 9.774847e+03 9.714909e+03 9.865039e+03
8.7 9.855004e+03 9.784821e+03 9.687583e+03 9.757766e+03
9.7 9.743842e+03 9.801952e+03 9.681570e+03 9.623459e+03
10.7 9.787433e+03 9.752121e+03 9.703504e+03 9.738815e+03
11.7 9.738302e+03 9.727922e+03 9.733602e+03 9.743981e+03
12.7 9.740879e+03 9.738051e+03 9.773189e+03 9.776018e+03
13.7 9.818112e+03 9.747329e+03 9.795920e+03 9.866704e+03
14.7 9.806640e+03 9.732119e+03 9.777485e+03 9.852006e+03
15.7 9.736374e+03 9.729349e+03 9.759134e+03 9.766159e+03
16.7 9.731822e+03 9.727512e+03 9.749102e+03 9.753412e+03
17.7 9.584216e+03 9.742544e+03 9.717633e+03 9.559305e+03
0.2 9.895082e+03 9.740777e+03 9.745755e+03 9.900060e+03
1.2 9.576230e+03 9.739937e+03 9.765265e+03 9.601558e+03
2.2 9.718532e+03 9.738539e+03 9.778807e+03 9.758800e+03
3.2 9.694248e+03 9.734695e+03 9.783326e+03 9.742879e+03
4.2 9.744107e+03 9.745904e+03 9.766409e+03 9.764612e+03
5.2 9.762787e+03 9.753648e+03 9.740087e+03 9.749225e+03
6.2 9.924978e+03 9.774847e+03 9.714909e+03 9.865039e+03
7.2 9.855004e+03 9.784821e+03 9.687583e+03 9.757766e+03
8.2 9.743842e+03 9.801952e+03 9.681570e+03 9.623459e+03
9.2 9.787433e+03 9.752121e+03 9.703504e+03 9.738815e+03
10.2 9.738302e+03 9.727922e+03 9.733602e+03 9.743981e+03
11.2 9.740879e+03 9.738051e+03 9.773189e+03 9.776018e+03
12.2 9.818112e+03 9.747329e+03 9.795920e+03 9.866704e+03
13.2 9.806640e+03 9.732119e+03 9.777485e+03 9.852006e+03
14.2 9.736374e+03 9.729349e+03 9.759134e+03 9.766159e+03
15.2 9.731822e+03 9.727512e+03 9.749102e+03 9.753412e+03
16.2 9.584216e+03 9.742544e+03 9.717633e+03 9.559305e+03
17.2 9.625396e+03 9.705598e+03 9.694704e+03 9.614502e+03
0.1 9.576230e+03 9.739937e+03 9.765265e+03 9.601558e+03
1.1 9.718532e+03 9.738539e+03 9.778807e+03 9.758800e+03
2.1 9.694248e+03 9.734695e+03 9.783326e+03 9.742879e+03
3.1 9.744107e+03 9.745904e+03 9.766409e+03 9.764612e+03
4.1 9.762787e+03 9.753648e+03 9.740087e+03 9.749225e+03
5.1 9.924978e+03 9.774847e+03 9.714909e+03 9.865039e+03
6.1 9.855004e+03 9.784821e+03 9.687583e+03 9.757766e+03
7.1 9.743842e+03 9.801952e+03 9.681570e+03 9.623459e+03
8.1 9.787433e+03 9.752121e+03 9.703504e+03 9.738815e+03
9.1 9.738302e+03 9.727922e+03 9.733602e+03 9.743981e+03
10.1 9.740879e+03 9.738051e+03 9.773189e+03 9.776018e+03
11.1 9.818112e+03 9.747329e+03 9.795920e+03 9.866704e+03
12.1 9.806640e+03 9.732119e+03 9.777485e+03 9.852006e+03
13.1 9.736374e+03 9.729349e+03 9.759134e+03 9.766159e+03
14.1 9.731822e+03 9.727512e+03 9.749102e+03 9.753412e+03
15.1 9.584216e+03 9.742544e+03 9.717633e+03 9.559305e+03
16.1 9.625396e+03 9.705598e+03 9.694704e+03 9.614502e+03
17.1 9.615198e+03 9.669797e+03 9.704534e+03 9.649936e+03
0.4 9.718532e+03 9.738539e+03 9.778807e+03 9.758800e+03
1.4 9.694248e+03 9.734695e+03 9.783326e+03 9.742879e+03
2.4 9.744107e+03 9.745904e+03 9.766409e+03 9.764612e+03
3.4 9.762787e+03 9.753648e+03 9.740087e+03 9.749225e+03
4.4 9.924978e+03 9.774847e+03 9.714909e+03 9.865039e+03
5.4 9.855004e+03 9.784821e+03 9.687583e+03 9.757766e+03
6.4 9.743842e+03 9.801952e+03 9.681570e+03 9.623459e+03
7.4 9.787433e+03 9.752121e+03 9.703504e+03 9.738815e+03
8.4 9.738302e+03 9.727922e+03 9.733602e+03 9.743981e+03
9.4 9.740879e+03 9.738051e+03 9.773189e+03 9.776018e+03
10.4 9.818112e+03 9.747329e+03 9.795920e+03 9.866704e+03
11.4 9.806640e+03 9.732119e+03 9.777485e+03 9.852006e+03
12.4 9.736374e+03 9.729349e+03 9.759134e+03 9.766159e+03
13.4 9.731822e+03 9.727512e+03 9.749102e+03 9.753412e+03
14.4 9.584216e+03 9.742544e+03 9.717633e+03 9.559305e+03
15.4 9.625396e+03 9.705598e+03 9.694704e+03 9.614502e+03
16.4 9.615198e+03 9.669797e+03 9.704534e+03 9.649936e+03
17.4 9.779348e+03 9.680606e+03 9.723810e+03 9.822551e+03
0.6 9.694248e+03 9.734695e+03 9.783326e+03 9.742879e+03
1.6 9.744107e+03 9.745904e+03 9.766409e+03 9.764612e+03
2.6 9.762787e+03 9.753648e+03 9.740087e+03 9.749225e+03
3.6 9.924978e+03 9.774847e+03 9.714909e+03 9.865039e+03
4.6 9.855004e+03 9.784821e+03 9.687583e+03 9.757766e+03
5.6 9.743842e+03 9.801952e+03 9.681570e+03 9.623459e+03
6.6 9.787433e+03 9.752121e+03 9.703504e+03 9.738815e+03
7.6 9.738302e+03 9.727922e+03 9.733602e+03 9.743981e+03
8.6 9.740879e+03 9.738051e+03 9.773189e+03 9.776018e+03
9.6 9.818112e+03 9.747329e+03 9.795920e+03 9.866704e+03
10.6 9.806640e+03 9.732119e+03 9.777485e+03 9.852006e+03
11.6 9.736374e+03 9.729349e+03 9.759134e+03 9.766159e+03
12.6 9.731822e+03 9.727512e+03 9.749102e+03 9.753412e+03
13.6 9.584216e+03 9.742544e+03 9.717633e+03 9.559305e+03
14.6 9.625396e+03 9.705598e+03 9.694704e+03 9.614502e+03
15.6 9.615198e+03 9.669797e+03 9.704534e+03 9.649936e+03
16.6 9.779348e+03 9.680606e+03 9.723810e+03 9.822551e+03
17.6 9.729456e+03 9.705913e+03 9.737196e+03 9.760739e+03
0.7 9.744107e+03 9.745904e+03 9.766409e+03 9.764612e+03
1.7 9.762787e+03 9.753648e+03 9.740087e+03 9.749225e+03
2.7 9.924978e+03 9.774847e+03 9.714909e+03 9.865039e+03
3.7 9.855004e+03 9.784821e+03 9.687583e+03 9.757766e+03
4.7 9.743842e+03 9.801952e+03 9.681570e+03 9.623459e+03
5.7 9.787433e+03 9.752121e+03 9.703504e+03 9.738815e+03
6.7 9.738302e+03 9.727922e+03 9.733602e+03 9.743981e+03
7.7 9.740879e+03 9.738051e+03 9.773189e+03 9.776018e+03
8.7 9.818112e+03 9.747329e+03 9.795920e+03 9.866704e+03
9.7 9.806640e+03 9.732119e+03 9.777485e+03 9.852006e+03
10.7 9.736374e+03 9.729349e+03 9.759134e+03 9.766159e+03
11.7 9.731822e+03 9.727512e+03 9.749102e+03 9.753412e+03
12.7 9.584216e+03 9.742544e+03 9.717633e+03 9.559305e+03
13.7 9.625396e+03 9.705598e+03 9.694704e+03 9.614502e+03
14.7 9.615198e+03 9.669797e+03 9.704534e+03 9.649936e+03
15.7 9.779348e+03 9.680606e+03 9.723810e+03 9.822551e+03
16.7 9.729456e+03 9.705913e+03 9.737196e+03 9.760739e+03
17.7 9.834803e+03 9.723603e+03 9.744001e+03 9.855201e+03
0.6 9.762787e+03 9.753648e+03 9.740087e+03 9.749225e+03
1.6 9.924978e+03 9.774847e+03 9.714909e+03 9.865039e+03
2.6 9.855004e+03 9.784821e+03 9.687583e+03 9.757766e+03
3.6 9.743842e+03 9.801952e+03 9.681570e+03 9.623459e+03
4.6 9.787433e+03 9.752121e+03 9.703504e+03 9.738815e+03
5.6 9.738302e+03 9.727922e+03 9.733602e+03 9.743981e+03
6.6 9.740879e+03 9.738051e+03 9.773189e+03 9.776018e+03
7.6 9.818112e+03 9.747329e+03 9.795920e+03 9.866704e+03
8.6 9.806640e+03 9.732119e+03 9.777485e+03 9.852006e+03
9.6 9.736374e+03 9.729349e+03 9.759134e+03 9.766159e+03
10.6 9.731822e+03 9.727512e+03 9.749102e+03 9.753412e+03
11.6 9.584216e+03 9.742544e+03 9.717633e+03 9.559305e+03
12.6 9.625396e+03 9.705598e+03 9.694704e+03 9.614502e+03
13.6 9.615198e+03 9.669797e+03 9.704534e+03 9.649936e+03
14.6 9.779348e+03 9.680606e+03 9.723810e+03 9.822551e+03
15.6 9.729456e+03 9.705913e+03 9.737196e+03 9.760739e+03
16.6 9.834803e+03 9.723603e+03 9.744001e+03 9.855201e+03
17.6 9.884958e+03 9.747283e+03 9.746514e+03 9.884189e+03
0.2 9.738302e+03 9.727922e+03 9.733602e+03 9.743981e+03
1.2 9.740879e+03 9.738051e+03 9.773189e+03 9.776018e+03
2.2 9.818112e+03 9.747329e+03 9.795920e+03 9.866704e+03
3.2 9.806640e+03 9.732119e+03 9.777485e+03 9.852006e+03
4.2 9.736374e+03 9.729349e+03 9.759134e+03 9.766159e+03
5.2 9.731822e+03 9.727512e+03 9.749102e+03 9.753412e+03
6.2 9.584216e+03 9.742544e+03 9.717633e+03 9.559305e+03
7.2 9.625396e+03 9.705598e+03 9.694704e+03 9.614502e+03
8.2 9.615198e+03 9.669797e+03 9.704534e+03 9.649936e+03
9.2 9.779348e+03 9.680606e+03 9.723810e+03 9.822551e+03
10.2 9.729456e+03 9.705913e+03 9.737196e+03 9.760739e+03
11.2 9.834803e+03 9.723603e+03 9.744001e+03 9.855201e+03
12.2 9.884958e+03 9.747283e+03 9.746514e+03 9.884189e+03
13.2 9.648729e+03 9.740504e+03 9.746520e+03 9.654745e+03
14.2 9.780796e+03 9.763629e+03 9.745386e+03 9.762553e+03
15.2 9.741726e+03 9.750591e+03 9.744060e+03 9.735194e+03
16.2 9.723281e+03 9.748333e+03 9.742972e+03 9.717920e+03
17.2 9.829626e+03 9.782004e+03 9.742188e+03 9.789809e+03
0.0 9.740879e+03 9.738051e+03 9.773189e+03 9.776018e+03
1.0 9.818112e+03 9.747329e+03 9.795920e+03 9.866704e+03
2.0 9.806640e+03 9.732119e+03 9.777485e+03 9.852006e+03
3.0 9.736374e+03 9.729349e+03 9.759134e+03 9.766159e+03
4.0 9.731822e+03 9.727512e+03 9.749102e+03 9.753412e+03
5.0 9.584216e+03 9.742544e+03 9.717633e+03 9.559305e+03
6.0 9.625396e+03 9.705598e+03 9.694704e+03 9.614502e+03
7.0 9.615198e+03 9.669797e+03 9.704534e+03 9.649936e+03
8.0 9.779348e+03 9.680606e+03 9.723810e+03 9.822551e+03
9.0 9.729456e+03 9.705913e+03 9.737196e+03 9.760739e+03
10.0 9.834803e+03 9.723603e+03 9.744001e+03 9.855201e+03
11.0 9.884958e+03 9.747283e+03 9.746514e+03 9.884189e+03
12.0 9.648729e+03 9.740504e+03 9.746520e+03 9.654745e+03
13.0 9.780796e+03 9.763629e+03 9.745386e+03 9.762553e+03
14.0 9.741726e+03 9.750591e+03 9.744060e+03 9.735194e+03
15.0 9.723281e+03 9.748333e+03 9.742972e+03 9.717920e+03
16.0 9.829626e+03 9.782004e+03 9.742188e+03 9.789809e+03
17.0 9.825691e+03 9.784698e+03 9.741643e+03 9.782637e+03
0.5 9.806640e+03 9.732119e+03 9.777485e+03 9.852006e+03
1.5 9.736374e+03 9.729349e+03 9.759134e+03 9.766159e+03
2.5 9.731822e+03 9.727512e+03 9.749102e+03 9.753412e+03
3.5 9.584216e+03 9.742544e+03 9.717633e+03 9.559305e+03
4.5 9.625396e+03 9.705598e+03 9.694704e+03 9.614502e+03
5.5 9.615198e+03 9.669797e+03 9.704534e+03 9.649936e+03
6.5 9.779348e+03 9.680606e+03 9.723810e+03 9.822551e+03
7.5 9.729456e+03 9.705913e+03 9.737196e+03 9.760739e+03
8.5 9.834803e+03 9.723603e+03 9.744001e+03 9.855201e+03
9.5 9.884958e+03 9.747283e+03 9.746514e+03 9.884189e+03
10.5 9.648729e+03 9.740504e+03 9.746520e+03 9.654745e+03
11.5 9.780796e+03 9.763629e+03 9.745386e+03 9.762553e+03
12.5 9.741726e+03 9.750591e+03 9.744060e+03 9.735194e+03
13.5 9.723281e+03 9.748333e+03 9.742972e+03 9.717920e+03
14.5 9.829626e+03 9.782004e+03 9.742188e+03 9.789809e+03
15.5 9.825691e+03 9.784698e+03 9.741643e+03 9.782637e+03
16.5 9.786008e+03 9.780890e+03 9.741253e+03 9.746371e+03
17.5 9.792475e+03 9.751793e+03 9.740947e+03 9.781629e+03
0.4 9.736374e+03 9.729349e+03 9.759134e+03 9.766159e+03
1.4 9.731822e+03 9.727512e+03 9.749102e+03 9.753412e+03
2.4 9.584216e+03 9.742544e+03 9.717633e+03 9.559305e+03
3.4 9.625396e+03 9.705598e+03 9.694704e+03 9.614502e+03
4.4 9.615198e+03 9.669797e+03 9.704534e+03 9.649936e+03
5.4 9.779348e+03 9.680606e+03 9.723810e+03 9.822551e+03
6.4 9.729456e+03 9.705913e+03 9.737196e+03 9.760739e+03
7.4 9.834803e+03 9.723603e+03 9.744001e+03 9.855201e+03
8.4 9.884958e+03 9.747283e+03 9.746514e+03 9.884189e+03
9.4 9.648729e+03 9.740504e+03 9.746520e+03 9.654745e+03
10.4 9.780796e+03 9.763629e+03 9.745386e+03 9.762553e+03
11.4 9.741726e+03 9.750591e+03 9.744060e+03 9.735194e+03
12.4 9.723281e+03 9.748333e+03 9.742972e+03 9.717920e+03
13.4 9.829626e+03 9.782004e+03 9.742188e+03 9.789809e+03
14.4 9.825691e+03 9.784698e+03 9.741643e+03 9.782637e+03
15.4 9.786008e+03 9.780890e+03 9.741253e+03 9.746371e+03
16.4 9.792475e+03 9.751793e+03 9.740947e+03 9.781629e+03
17.4 9.714030e+03 9.736179e+03 9.740685e+03 9.718537e+03
0.7 9.622105e+03 9.714878e+03 9.757914e+03 9.665141e+03
1.7 9.750426e+03 9.740901e+03 9.775575e+03 9.785100e+03
2.7 9.693832e+03 9.751622e+03 9.778284e+03 9.720494e+03
3.7 9.619821e+03 9.763999e+03 9.770015e+03 9.625838e+03
4.7 9.754418e+03 9.756026e+03 9.744083e+03 9.742475e+03
5.7 9.565132e+03 9.730065e+03 9.720866e+03 9.555933e+03
6.7 9.755005e+03 9.745309e+03 9.702199e+03 9.711895e+03
7.7 9.606569e+03 9.722006e+03 9.695603e+03 9.580166e+03
8.7 9.692472e+03 9.673294e+03 9.710187e+03 9.729365e+03
9.7 9.680014e+03 9.689736e+03 9.729855e+03 9.720132e+03
10.7 9.767332e+03 9.728844e+03 9.762402e+03 9.800890e+03
11.7 9.690422e+03 9.764065e+03 9.788720e+03 9.715077e+03
12.7 9.853341e+03 9.742934e+03 9.785573e+03 9.895980e+03
13.7 9.754611e+03 9.702809e+03 9.758935e+03 9.810737e+03
14.7 9.666963e+03 9.711117e+03 9.740488e+03 9.696334e+03
15.7 9.730130e+03 9.722327e+03 9.746555e+03 9.754357e+03
16.7 9.715930e+03 9.747267e+03 9.747854e+03 9.716516e+03
17.7 9.727579e+03 9.774850e+03 9.741158e+03 9.693888e+03
0.1 9.750426e+03 9.740901e+03 9.775575e+03 9.785100e+03
1.1 9.693832e+03 9.751622e+03 9.778284e+03 9.720494e+03
2.1 9.619821e+03 9.763999e+03 9.770015e+03 9.625838e+03
3.1 9.754418e+03 9.756026e+03 9.744083e+03 9.742475e+03
4.1 9.565132e+03 9.730065e+03 9.720866e+03 9.555933e+03
5.1 9.755005e+03 9.745309e+03 9.702199e+03 9.711895e+03
6.1 9.606569e+03 9.722006e+03 9.695603e+03 9.580166e+03
7.1 9.692472e+03 9.673294e+03 9.710187e+03 9.729365e+03
8.1 9.680014e+03 9.689736e+03 9.729855e+03 9.720132e+03
9.1 9.767332e+03 9.728844e+03 9.762402e+03 9.800890e+03
10.1 9.690422e+03 9.764065e+03 9.788720e+03 9.715077e+03
11.1 9.853341e+03 9.742934e+03 9.785573e+03 9.895980e+03
12.1 9.754611e+03 9.702809e+03 9.758935e+03 9.810737e+03
13.1 9.666963e+03 9.711117e+03 9.740488e+03 9.696334e+03
14.1 9.730130e+03 9.722327e+03 9.746555e+03 9.754357e+03
15.1 9.715930e+03 9.747267e+03 9.747854e+03 9.716516e+03
16.1 9.727579e+03 9.774850e+03 9.741158e+03 9.693888e+03
17.1 9.806980e+03 9.776090e+03 9.715358e+03 9.746248e+03
0.3 9.693832e+03 9.751622e+03 9.778284e+03 9.720494e+03
1.3 9.619821e+03 9.763999e+03 9.770015e+03 9.625838e+03
2.3 9.754418e+03 9.756026e+03 9.744083e+03 9.742475e+03
3.3 9.565132e+03 9.730065e+03 9.720866e+03 9.555933e+03
4.3 9.755005e+03 9.745309e+03 9.702199e+03 9.711895e+03
5.3 9.606569e+03 9.722006e+03 9.695603e+03 9.580166e+03
6.3 9.692472e+03 9.673294e+03 9.710187e+03 9.729365e+03
7.3 9.680014e+03 9.689736e+03 9.729855e+03 9.720132e+03
8.3 9.767332e+03 9.728844e+03 9.762402e+03 9.800890e+03
9.3 9.690422e+03 9.764065e+03 9.788720e+03 9.715077e+03
10.3 9.853341e+03 9.742934e+03 9.785573e+03 9.895980e+03
11.3 9.754611e+03 9.702809e+03 9.758935e+03 9.810737e+03
12.3 9.666963e+03 9.711117e+03 9.740488e+03 9.696334e+03
13.3 9.730130e+03 9.722327e+03 9.746555e+03 9.754357e+03
14.3 9.715930e+03 9.747267e+03 9.747854e+03 9.716516e+03
15.3 9.727579e+03 9.774850e+03 9.741158e+03 9.693888e+03
16.3 9.806980e+03 9.776090e+03 9.715358e+03 9.746248e+03
17.3 9.773334e+03 9.777110e+03 9.687501e+03 9.683724e+03
0.7 9.754418e+03 9.756026e+03 9.744083e+03 9.742475e+03
1.7 9.565132e+03 9.730065e+03 9.720866e+03 9.555933e+03
2.7 9.755005e+03 9.745309e+03 9.702199e+03 9.711895e+03
3.7 9.606569e+03 9.722006e+03 9.695603e+03 9.580166e+03
4.7 9.692472e+03 9.673294e+03 9.710187e+03 9.729365e+03
5.7 9.680014e+03 9.689736e+03 9.729855e+03 9.720132e+03
6.7 9.767332e+03 9.728844e+03 9.762402e+03 9.800890e+03
7.7 9.690422e+03 9.764065e+03 9.788720e+03 9.715077e+03
8.7 9.853341e+03 9.742934e+03 9.785573e+03 9.895980e+03
9.7 9.754611e+03 9.702809e+03 9.758935e+03 9.810737e+03
10.7 9.666963e+03 9.711117e+03 9.740488e+03 9.696334e+03
11.7 9.730130e+03 9.722327e+03 9.746555e+03 9.754357e+03
12.7 9.715930e+03 9.747267e+03 9.747854e+03 9.716516e+03
13.7 9.727579e+03 9.774850e+03 9.741158e+03 9.693888e+03
14.7 9.806980e+03 9.776090e+03 9.715358e+03 9.746248e+03
15.7 9.773334e+03 9.777110e+03 9.687501e+03 9.683724e+03
16.7 9.801990e+03 9.790157e+03 9.697057e+03 9.708890e+03
17.7 9.788447e+03 9.751261e+03 9.741062e+03 9.778248e+03
1.0 9.767332e+03 9.728844e+03 9.762402e+03 9.800890e+03
2.0 9.690422e+03 9.764065e+03 9.788720e+03 9.715077e+03
3.0 9.853341e+03 9.742934e+03 9.785573e+03 9.895980e+03
4.0 9.754611e+03 9.702809e+03 9.758935e+03 9.810737e+03
5.0 9.666963e+03 9.711117e+03 9.740488e+03 9.696334e+03
6.0 9.730130e+03 9.722327e+03 9.746555e+03 9.754357e+03
7.0 9.715930e+03 9.747267e+03 9.747854e+03 9.716516e+03
8.0 9.727579e+03 9.774850e+03 9.741158e+03 9.693888e+03
9.0 9.806980e+03 9.776090e+03 9.715358e+03 9.746248e+03
10.0 9.773334e+03 9.777110e+03 9.687501e+03 9.683724e+03
11.0 9.801990e+03 9.790157e+03 9.697057e+03 9.708890e+03
12.0 9.788447e+03 9.751261e+03 9.741062e+03 9.778248e+03
13.0 9.840273e+03 9.747067e+03 9.765222e+03 9.858428e+03
14.0 9.737006e+03 9.722610e+03 9.761815e+03 9.776211e+03
15.0 9.712421e+03 9.706724e+03 9.760754e+03 9.766451e+03
16.0 9.732418e+03 9.727757e+03 9.749038e+03 9.753699e+03
17.0 9.850287e+03 9.810098e+03 9.723310e+03 9.763499e+03
18.0 9.771452e+03 9.813011e+03 9.725039e+03 9.683480e+03
0.7 9.690422e+03 9.764065e+03 9.788720e+03 9.715077e+03
1.7 9.853341e+03 9.742934e+03 9.785573e+03 9.895980e+03
2.7 9.754611e+03 9.702809e+03 9.758935e+03 9.810737e+03
3.7 9.666963e+03 9.711117e+03 9.740488e+03 9.696334e+03
4.7 9.730130e+03 9.722327e+03 9.746555e+03 9.754357e+03
5.7 9.715930e+03 9.747267e+03 9.747854e+03 9.716516e+03
6.7 9.727579e+03 9.774850e+03 9.741158e+03 9.693888e+03
7.7 9.806980e+03 9.776090e+03 9.715358e+03 9.746248e+03
8.7 9.773334e+03 9.777110e+03 9.687501e+03 9.683724e+03
9.7 9.801990e+03 9.790157e+03 9.697057e+03 9.708890e+03
10.7 9.788447e+03 9.751261e+03 9.741062e+03 9.778248e+03
11.7 9.840273e+03 9.747067e+03 9.765222e+03 9.858428e+03
12.7 9.737006e+03 9.722610e+03 9.761815e+03 9.776211e+03
13.7 9.712421e+03 9.706724e+03 9.760754e+03 9.766451e+03
14.7 9.732418e+03 9.727757e+03 9.749038e+03 9.753699e+03
15.7 9.850287e+03 9.810098e+03 9.723310e+03 9.763499e+03
16.7 9.771452e+03 9.813011e+03 9.725039e+03 9.683480e+03
17.7 9.778938e+03 9.791252e+03 9.758497e+03 9.746182e+03
0.7 9.853341e+03 9.742934e+03 9.785573e+03 9.895980e+03
1.7 9.754611e+03 9.702809e+03 9.758935e+03 9.810737e+03
2.7 9.666963e+03 9.711117e+03 9.740488e+03 9.696334e+03
3.7 9.730130e+03 9.722327e+03 9.746555e+03 9.754357e+03
4.7 9.715930e+03 9.747267e+03 9.747854e+03 9.716516e+03
5.7 9.727579e+03 9.774850e+03 9.741158e+03 9.693888e+03
6.7 9.806980e+03 9.776090e+03 9.715358e+03 9.746248e+03
7.7 9.773334e+03 9.777110e+03 9.687501e+03 9.683724e+03
8.7 9.801990e+03 9.790157e+03 9.697057e+03 9.708890e+03
9.7 9.788447e+03 9.751261e+03 9.741062e+03 9.778248e+03
10.7 9.840273e+03 9.747067e+03 9.765222e+03 9.858428e+03
11.7 9.737006e+03 9.722610e+03 9.761815e+03 9.776211e+03
12.7 9.712421e+03 9.706724e+03 9.760754e+03 9.766451e+03
13.7 9.732418e+03 9.727757e+03 9.749038e+03 9.753699e+03
14.7 9.850287e+03 9.810098e+03 9.723310e+03 9.763499e+03
15.7 9.771452e+03 9.813011e+03 9.725039e+03 9.683480e+03
16.7 9.778938e+03 9.791252e+03 9.758497e+03 9.746182e+03
17.7 9.772037e+03 9.742390e+03 9.766134e+03 9.795781e+03
0.1 9.754611e+03 9.702809e+03 9.758935e+03 9.810737e+03
1.1 9.666963e+03 9.711117e+03 9.740488e+03 9.696334e+03
2.1 9.730130e+03 9.722327e+03 9.746555e+03 9.754357e+03
3.1 9.715930e+03 9.747267e+03 9.747854e+03 9.716516e+03
4.1 9.727579e+03 9.774850e+03 9.741158e+03 9.693888e+03
5.1 9.806980e+03 9.776090e+03 9.715358e+03 9.746248e+03
6.1 9.773334e+03 9.777110e+03 9.687501e+03 9.683724e+03
7.1 9.801990e+03 9.790157e+03 9.697057e+03 9.708890e+03
8.1 9.788447e+03 9.751261e+03 9.741062e+03 9.778248e+03
9.1 9.840273e+03 9.747067e+03 9.765222e+03 9.858428e+03
10.1 9.737006e+03 9.722610e+03 9.761815e+03 9.776211e+03
11.1 9.712421e+03 9.706724e+03 9.760754e+03 9.766451e+03
12.1 9.732418e+03 9.727757e+03 9.749038e+03 9.753699e+03
13.1 9.850287e+03 9.810098e+03 9.723310e+03 9.763499e+03
14.1 9.771452e+03 9.813011e+03 9.725039e+03 9.683480e+03
15.1 9.778938e+03 9.791252e+03 9.758497e+03 9.746182e+03
16.1 9.772037e+03 9.742390e+03 9.766134e+03 9.795781e+03
17.1 9.789781e+03 9.683190e+03 9.753940e+03 9.860531e+03
0.1 9.666963e+03 9.711117e+03 9.740488e+03 9.696334e+03
1.1 9.730130e+03 9.722327e+03 9.746555e+03 9.754357e+03
2.1 9.715930e+03 9.747267e+03 9.747854e+03 9.716516e+03
3.1 9.727579e+03 9.774850e+03 9.741158e+03 9.693888e+03
4.1 9.806980e+03 9.776090e+03 9.715358e+03 9.746248e+03
5.1 9.773334e+03 9.777110e+03 9.687501e+03 9.683724e+03
6.1 9.801990e+03 9.790157e+03 9.697057e+03 9.708890e+03
7.1 9.788447e+03 9.751261e+03 9.741062e+03 9.778248e+03
8.1 9.840273e+03 9.747067e+03 9.765222e+03 9.858428e+03
9.1 9.737006e+03 9.722610e+03 9.761815e+03 9.776211e+03
10.1 9.712421e+03 9.706724e+03 9.760754e+03 9.766451e+03
11.1 9.732418e+03 9.727757e+03 9.749038e+03 9.753699e+03
12.1 9.850287e+03 9.810098e+03 9.723310e+03 9.763499e+03
13.1 9.771452e+03 9.813011e+03 9.725039e+03 9.683480e+03
14.1 9.778938e+03 9.791252e+03 9.758497e+03 9.746182e+03
15.1 9.772037e+03 9.742390e+03 9.766134e+03 9.795781e+03
16.1 9.789781e+03 9.683190e+03 9.753940e+03 9.860531e+03
17.1 9.747513e+03 9.689461e+03 9.757023e+03 9.815075e+03
1.0 9.715930e+03 9.747267e+03 9.747854e+03 9.716516e+03
2.0 9.727579e+03 9.774850e+03 9.741158e+03 9.693888e+03
3.0 9.806980e+03 9.776090e+03 9.715358e+03 9.746248e+03
4.0 9.773334e+03 9.777110e+03 9.687501e+03 9.683724e+03
5.0 9.801990e+03 9.790157e+03 9.697057e+03 9.708890e+03
6.0 9.788447e+03 9.751261e+03 9.741062e+03 9.778248e+03
7.0 9.840273e+03 9.747067e+03 9.765222e+03 9.858428e+03
8.0 9.737006e+03 9.722610e+03 9.761815e+03 9.776211e+03
9.0 9.712421e+03 9.706724e+03 9.760754e+03 9.766451e+03
10.0 9.732418e+03 9.727757e+03 9.749038e+03 9.753699e+03
11.0 9.850287e+03 9.810098e+03 9.723310e+03 9.763499e+03
12.0 9.771452e+03 9.813011e+03 9.725039e+03 9.683480e+03
13.0 9.778938e+03 9.791252e+03 9.758497e+03 9.746182e+03
14.0 9.772037e+03 9.742390e+03 9.766134e+03 9.795781e+03
15.0 9.789781e+03 9.683190e+03 9.753940e+03 9.860531e+03
16.0 9.747513e+03 9.689461e+03 9.757023e+03 9.815075e+03
17.0 9.748637e+03 9.701634e+03 9.755067e+03 9.802070e+03
18.0 9.662526e+03 9.697229e+03 9.738699e+03 9.703997e+03
0.1 9.715930e+03 9.747267e+03 9.747854e+03 9.716516e+03
1.1 9.727579e+03 9.774850e+03 9.741158e+03 9.693888e+03
2.1 9.806980e+03 9.776090e+03 9.715358e+03 9.746248e+03
3.1 9.773334e+03 9.777110e+03 9.687501e+03 9.683724e+03
4.1 9.801990e+03 9.790157e+03 9.697057e+03 9.708890e+03
5.1 9.788447e+03 9.751261e+03 9.741062e+03 9.778248e+03
6.1 9.840273e+03 9.747067e+03 9.765222e+03 9.858428e+03
7.1 9.737006e+03 9.722610e+03 9.761815e+03 9.776211e+03
8.1 9.712421e+03 9.706724e+03 9.760754e+03 9.766451e+03
9.1 9.732418e+03 9.727757e+03 9.749038e+03 9.753699e+03
10.1 9.850287e+03 9.810098e+03 9.723310e+03 9.763499e+03
11.1 9.771452e+03 9.813011e+03 9.725039e+03 9.683480e+03
12.1 9.778938e+03 9.791252e+03 9.758497e+03 9.746182e+03
13.1 9.772037e+03 9.742390e+03 9.766134e+03 9.795781e+03
14.1 9.789781e+03 9.683190e+03 9.753940e+03 9.860531e+03
15.1 9.747513e+03 9.689461e+03 9.757023e+03 9.815075e+03
16.1 9.748637e+03 9.701634e+03 9.755067e+03 9.802070e+03
17.1 9.662526e+03 9.697229e+03 9.738699e+03 9.703997e+03
0.0 9.801990e+03 9.790157e+03 9.697057e+03 9.708890e+03
1.0 9.788447e+03 9.751261e+03 9.741062e+03 9.778248e+03
2.0 9.840273e+03 9.747067e+03 9.765222e+03 9.858428e+03
3.0 9.737006e+03 9.722610e+03 9.761815e+03 9.776211e+03
4.0 9.712421e+03 9.706724e+03 9.760754e+03 9.766451e+03
5.0 9.732418e+03 9.727757e+03 9.749038e+03 9.753699e+03
6.0 9.850287e+03 9.810098e+03 9.723310e+03 9.763499e+03
7.0 9.771452e+03 9.813011e+03 9.725039e+03 9.683480e+03
8.0 9.778938e+03 9.791252e+03 9.758497e+03 9.746182e+03
9.0 9.772037e+03 9.742390e+03 9.766134e+03 9.795781e+03
10.0 9.789781e+03 9.683190e+03 9.753940e+03 9.860531e+03
11.0 9.747513e+03 9.689461e+03 9.757023e+03 9.815075e+03
12.0 9.748637e+03 9.701634e+03 9.755067e+03 9.802070e+03
13.0 9.662526e+03 9.697229e+03 9.738699e+03 9.703997e+03
14.0 9.726569e+03 9.719411e+03 9.735411e+03 9.742569e+03
15.0 9.801118e+03 9.741349e+03 9.745976e+03 9.805744e+03
16.0 9.748387e+03 9.768332e+03 9.730542e+03 9.710597e+03
17.0 9.701304e+03 9.719557e+03 9.698919e+03 9.680666e+03
0.1 9.840273e+03 9.747067e+03 9.765222e+03 9.858428e+03
1.1 9.737006e+03 9.722610e+03 9.761815e+03 9.776211e+03
2.1 9.712421e+03 9.706724e+03 9.760754e+03 9.766451e+03
3.1 9.732418e+03 9.727757e+03 9.749038e+03 9.753699e+03
4.1 9.850287e+03 9.810098e+03 9.723310e+03 9.763499e+03
5.1 9.771452e+03 9.813011e+03 9.725039e+03 9.683480e+03
6.1 9.778938e+03 9.791252e+03 9.758497e+03 9.746182e+03
7.1 9.772037e+03 9.742390e+03 9.766134e+03 9.795781e+03
8.1 9.789781e+03 9.683190e+03 9.753940e+03 9.860531e+03
9.1 9.747513e+03 9.689461e+03 9.757023e+03 9.815075e+03
10.1 9.748637e+03 9.701634e+03 9.755067e+03 9.802070e+03
11.1 9.662526e+03 9.697229e+03 9.738699e+03 9.703997e+03
12.1 9.726569e+03 9.719411e+03 9.735411e+03 9.742569e+03
13.1 9.801118e+03 9.741349e+03 9.745976e+03 9.805744e+03
14.1 9.748387e+03 9.768332e+03 9.730542e+03 9.710597e+03
15.1 9.701304e+03 9.719557e+03 9.698919e+03 9.680666e+03
16.1 9.672466e+03 9.702736e+03 9.699040e+03 9.668770e+03
17.1 9.691919e+03 9.747820e+03 9.718510e+03 9.662610e+03
0.6 9.712421e+03 9.706724e+03 9.760754e+03 9.766451e+03
1.6 9.732418e+03 9.727757e+03 9.749038e+03 9.753699e+03
2.6 9.850287e+03 9.810098e+03 9.723310e+03 9.763499e+03
3.6 9.771452e+03 9.813011e+03 9.725039e+03 9.683480e+03
4.6 9.778938e+03 9.791252e+03 9.758497e+03 9.746182e+03
5.6 9.772037e+03 9.742390e+03 9.766134e+03 9.795781e+03
6.6 9.789781e+03 9.683190e+03 9.753940e+03 9.860531e+03
7.6 9.747513e+03 9.689461e+03 9.757023e+03 9.815075e+03
8.6 9.748637e+03 9.701634e+03 9.755067e+03 9.802070e+03
9.6 9.662526e+03 9.697229e+03 9.738699e+03 9.703997e+03
10.6 9.726569e+03 9.719411e+03 9.735411e+03 9.742569e+03
11.6 9.801118e+03 9.741349e+03 9.745976e+03 9.805744e+03
12.6 9.748387e+03 9.768332e+03 9.730542e+03 9.710597e+03
13.6 9.701304e+03 9.719557e+03 9.698919e+03 9.680666e+03
14.6 9.672466e+03 9.702736e+03 9.699040e+03 9.668770e+03
15.6 9.691919e+03 9.747820e+03 9.718510e+03 9.662610e+03
16.6 9.677507e+03 9.698507e+03 9.734560e+03 9.713560e+03
17.6 9.815338e+03 9.725689e+03 9.743248e+03 9.832897e+03
0.7 9.771452e+03 9.813011e+03 9.725039e+03 9.683480e+03
1.7 9.778938e+03 9.791252e+03 9.758497e+03 9.746182e+03
2.7 9.772037e+03 9.742390e+03 9.766134e+03 9.795781e+03
3.7 9.789781e+03 9.683190e+03 9.753940e+03 9.860531e+03
4.7 9.747513e+03 9.689461e+03 9.757023e+03 9.815075e+03
5.7 9.748637e+03 9.701634e+03 9.755067e+03 9.802070e+03
6.7 9.662526e+03 9.697229e+03 9.738699e+03 9.703997e+03
7.7 9.726569e+03 9.719411e+03 9.735411e+03 9.742569e+03
8.7 9.801118e+03 9.741349e+03 9.745976e+03 9.805744e+03
9.7 9.748387e+03 9.768332e+03 9.730542e+03 9.710597e+03
10.7 9.701304e+03 9.719557e+03 9.698919e+03 9.680666e+03
11.7 9.672466e+03 9.702736e+03 9.699040e+03 9.668770e+03
12.7 9.691919e+03 9.747820e+03 9.718510e+03 9.662610e+03
13.7 9.677507e+03 9.698507e+03 9.734560e+03 9.713560e+03
14.7 9.815338e+03 9.725689e+03 9.743248e+03 9.832897e+03
15.7 9.705678e+03 9.732684e+03 9.746909e+03 9.719903e+03
16.7 9.727123e+03 9.780119e+03 9.747573e+03 9.694577e+03
17.7 9.886911e+03 9.758644e+03 9.746697e+03 9.874964e+03
0.5 9.778938e+03 9.791252e+03 9.758497e+03 9.746182e+03
1.5 9.772037e+03 9.742390e+03 9.766134e+03 9.795781e+03
2.5 9.789781e+03 9.683190e+03 9.753940e+03 9.860531e+03
3.5 9.747513e+03 9.689461e+03 9.757023e+03 9.815075e+03
4.5 9.748637e+03 9.701634e+03 9.755067e+03 9.802070e+03
5.5 9.662526e+03 9.697229e+03 9.738699e+03 9.703997e+03
6.5 9.726569e+03 9.719411e+03 9.735411e+03 9.742569e+03
7.5 9.801118e+03 9.741349e+03 9.745976e+03 9.805744e+03
8.5 9.748387e+03 9.768332e+03 9.730542e+03 9.710597e+03
9.5 9.701304e+03 9.719557e+03 9.698919e+03 9.680666e+03
10.5 9.672466e+03 9.702736e+03 9.699040e+03 9.668770e+03
11.5 9.691919e+03 9.747820e+03 9.718510e+03 9.662610e+03
12.5 9.677507e+03 9.698507e+03 9.734560e+03 9.713560e+03
13.5 9.815338e+03 9.725689e+03 9.743248e+03 9.832897e+03
14.5 9.705678e+03 9.732684e+03 9.746909e+03 9.719903e+03
15.5 9.727123e+03 9.780119e+03 9.747573e+03 9.694577e+03
16.5 9.886911e+03 9.758644e+03 9.746697e+03 9.874964e+03
17.5 9.739687e+03 9.752312e+03 9.745365e+03 9.732740e+03
0.8 9.789781e+03 9.683190e+03 9.753940e+03 9.860531e+03
1.8 9.747513e+03 9.689461e+03 9.757023e+03 9.815075e+03
2.8 9.748637e+03 9.701634e+03 9.755067e+03 9.802070e+03
3.8 9.662526e+03 9.697229e+03 9.738699e+03 9.703997e+03
4.8 9.726569e+03 9.719411e+03 9.735411e+03 9.742569e+03
5.8 9.801118e+03 9.741349e+03 9.745976e+03 9.805744e+03
6.8 9.748387e+03 9.768332e+03 9.730542e+03 9.710597e+03
7.8 9.701304e+03 9.719557e+03 9.698919e+03 9.680666e+03
8.8 9.672466e+03 9.702736e+03 9.699040e+03 9.668770e+03
9.8 9.691919e+03 9.747820e+03 9.718510e+03 9.662610e+03
10.8 9.677507e+03 9.698507e+03 9.734560e+03 9.713560e+03
11.8 9.815338e+03 9.725689e+03 9.743248e+03 9.832897e+03
12.8 9.705678e+03 9.732684e+03 9.746909e+03 9.719903e+03
13.8 9.727123e+03 9.780119e+03 9.747573e+03 9.694577e+03
14.8 9.886911e+03 9.758644e+03 9.746697e+03 9.874964e+03
15.8 9.739687e+03 9.752312e+03 9.745365e+03 9.732740e+03
16.8 9.709506e+03 9.754119e+03 9.744199e+03 9.699586e+03
17.8 9.689630e+03 9.728286e+03 9.743383e+03 9.704726e+03
0.8 9.747513e+03 9.689461e+03 9.757023e+03 9.815075e+03
1.8 9.748637e+03 9.701634e+03 9.755067e+03 9.802070e+03
2.8 9.662526e+03 9.697229e+03 9.738699e+03 9.703997e+03
3.8 9.726569e+03 9.719411e+03 9.735411e+03 9.742569e+03
4.8 9.801118e+03 9.741349e+03 9.745976e+03 9.805744e+03
5.8 9.748387e+03 9.768332e+03 9.730542e+03 9.710597e+03
6.8 9.701304e+03 9.719557e+03 9.698919e+03 9.680666e+03
7.8 9.672466e+03 9.702736e+03 9.699040e+03 9.668770e+03
8.8 9.691919e+03 9.747820e+03 9.718510e+03 9.662610e+03
9.8 9.677507e+03 9.698507e+03 9.734560e+03 9.713560e+03
10.8 9.815338e+03 9.725689e+03 9.743248e+03 9.832897e+03
11.8 9.705678e+03 9.732684e+03 9.746909e+03 9.719903e+03
12.8 9.727123e+03 9.780119e+03 9.747573e+03 9.694577e+03
13.8 9.886911e+03 9.758644e+03 9.746697e+03 9.874964e+03
14.8 9.739687e+03 9.752312e+03 9.745365e+03 9.732740e+03
15.8 9.709506e+03 9.754119e+03 9.744199e+03 9.699586e+03
16.8 9.689630e+03 9.728286e+03 9.743383e+03 9.704726e+03
17.8 9.753774e+03 9.749526e+03 9.742878e+03 9.747126e+03
0.5 9.748637e+03 9.701634e+03 9.755067e+03 9.802070e+03
1.5 9.662526e+03 9.697229e+03 9.738699e+03 9.703997e+03
2.5 9.726569e+03 9.719411e+03 9.735411e+03 9.742569e+03
3.5 9.801118e+03 9.741349e+03 9.745976e+03 9.805744e+03
4.5 9.748387e+03 9.768332e+03 9.730542e+03 9.710597e+03
5.5 9.701304e+03 9.719557e+03 9.698919e+03 9.680666e+03
6.5 9.672466e+03 9.702736e+03 9.699040e+03 9.668770e+03
7.5 9.691919e+03 9.747820e+03 9.718510e+03 9.662610e+03
8.5 9.677507e+03 9.698507e+03 9.734560e+03 9.713560e+03
9.5 9.815338e+03 9.725689e+03 9.743248e+03 9.832897e+03
10.5 9.705678e+03 9.732684e+03 9.746909e+03 9.719903e+03
11.5 9.727123e+03 9.780119e+03 9.747573e+03 9.694577e+03
12.5 9.886911e+03 9.758644e+03 9.746697e+03 9.874964e+03
13.5 9.739687e+03 9.752312e+03 9.745365e+03 9.732740e+03
14.5 9.709506e+03 9.754119e+03 9.744199e+03 9.699586e+03
15.5 9.689630e+03 9.728286e+03 9.743383e+03 9.704726e+03
16.5 9.753774e+03 9.749526e+03 9.742878e+03 9.747126e+03
17.5 9.763354e+03 9.759276e+03 9.742577e+03 9.746656e+03
0.9 9.726569e+03 9.719411e+03 9.735411e+03 9.742569e+03
1.9 9.801118e+03 9.741349e+03 9.745976e+03 9.805744e+03
2.9 9.748387e+03 9.768332e+03 9.730542e+03 9.710597e+03
3.9 9.701304e+03 9.719557e+03 9.698919e+03 9.680666e+03
4.9 9.672466e+03 9.702736e+03 9.699040e+03 9.668770e+03
5.9 9.691919e+03 9.747820e+03 9.718510e+03 9.662610e+03
6.9 9.677507e+03 9.698507e+03 9.734560e+03 9.713560e+03
7.9 9.815338e+03 9.725689e+03 9.743248e+03 9.832897e+03
8.9 9.705678e+03 9.732684e+03 9.746909e+03 9.719903e+03
9.9 9.727123e+03 9.780119e+03 9.747573e+03 9.694577e+03
10.9 9.886911e+03 9.758644e+03 9.746697e+03 9.874964e+03
11.9 9.739687e+03 9.752312e+03 9.745365e+03 9.732740e+03
12.9 9.709506e+03 9.754119e+03 9.744199e+03 9.699586e+03
13.9 9.689630e+03 9.728286e+03 9.743383e+03 9.704726e+03
14.9 9.753774e+03 9.749526e+03 9.742878e+03 9.747126e+03
15.9 9.763354e+03 9.759276e+03 9.742577e+03 9.746656e+03
16.9 9.785196e+03 9.767926e+03 9.742384e+03 9.759655e+03
17.9 9.666693e+03 9.757803e+03 9.742246e+03 9.651136e+03
1.0 9.801118e+03 9.741349e+03 9.745976e+03 9.805744e+03
2.0 9.748387e+03 9.768332e+03 9.730542e+03 9.710597e+03
3.0 9.701304e+03 9.719557e+03 9.698919e+03 9.680666e+03
4.0 9.672466e+03 9.702736e+03 9.699040e+03 9.668770e+03
5.0 9.691919e+03 9.747820e+03 9.718510e+03 9.662610e+03
6.0 9.677507e+03 9.698507e+03 9.734560e+03 9.713560e+03
7.0 9.815338e+03 9.725689e+03 9.743248e+03 9.832897e+03
8.0 9.705678e+03 9.732684e+03 9.746909e+03 9.719903e+03
9.0 9.727123e+03 9.780119e+03 9.747573e+03 9.694577e+03
10.0 9.886911e+03 9.758644e+03 9.746697e+03 9.874964e+03
11.0 9.739687e+03 9.752312e+03 9.745365e+03 9.732740e+03
12.0 9.709506e+03 9.754119e+03 9.744199e+03 9.699586e+03
13.0 9.689630e+03 9.728286e+03 9.743383e+03 9.704726e+03
14.0 9.753774e+03 9.749526e+03 9.742878e+03 9.747126e+03
15.0 9.763354e+03 9.759276e+03 9.742577e+03 9.746656e+03
16.0 9.785196e+03 9.767926e+03 9.742384e+03 9.759655e+03
17.0 9.666693e+03 9.757803e+03 9.742246e+03 9.651136e+03
18.0 9.764374e+03 9.739427e+03 9.742137e+03 9.767084e+03
0.2 9.656107e+03 9.743063e+03 9.747474e+03 9.660519e+03
1.2 9.767204e+03 9.764643e+03 9.769884e+03 9.772445e+03
2.2 9.784790e+03 9.767966e+03 9.784530e+03 9.801354e+03
3.2 9.744286e+03 9.751213e+03 9.784263e+03 9.777336e+03
4.2 9.737044e+03 9.762388e+03 9.772651e+03 9.747306e+03
5.2 9.777918e+03 9.746492e+03 9.731976e+03 9.763403e+03
6.2 9.716494e+03 9.736198e+03 9.691259e+03 9.671554e+03
7.2 9.807765e+03 9.779383e+03 9.686452e+03 9.714834e+03
8.2 9.837554e+03 9.748305e+03 9.707104e+03 9.796353e+03
9.2 9.671240e+03 9.717600e+03 9.726900e+03 9.680541e+03
10.2 9.587195e+03 9.690078e+03 9.738822e+03 9.635939e+03
11.2 9.697412e+03 9.714725e+03 9.744516e+03 9.727203e+03
12.2 9.783438e+03 9.726306e+03 9.746217e+03 9.803349e+03
13.2 9.690926e+03 9.722680e+03 9.745748e+03 9.713994e+03
14.2 9.634580e+03 9.726071e+03 9.744521e+03 9.653030e+03
15.2 9.768015e+03 9.765934e+03 9.743349e+03 9.745430e+03
16.2 9.667020e+03 9.731567e+03 9.742520e+03 9.677972e+03
17.2 9.780948e+03 9.765023e+03 9.742025e+03 9.757951e+03
0.7 9.784790e+03 9.767966e+03 9.784530e+03 9.801354e+03
1.7 9.744286e+03 9.751213e+03 9.784263e+03 9.777336e+03
2.7 9.737044e+03 9.762388e+03 9.772651e+03 9.747306e+03
3.7 9.777918e+03 9.746492e+03 9.731976e+03 9.763403e+03
4.7 9.716494e+03 9.736198e+03 9.691259e+03 9.671554e+03
5.7 9.807765e+03 9.779383e+03 9.686452e+03 9.714834e+03
6.7 9.837554e+03 9.748305e+03 9.707104e+03 9.796353e+03
7.7 9.671240e+03 9.717600e+03 9.726900e+03 9.680541e+03
8.7 9.587195e+03 9.690078e+03 9.738822e+03 9.635939e+03
9.7 9.697412e+03 9.714725e+03 9.744516e+03 9.727203e+03
10.7 9.783438e+03 9.726306e+03 9.746217e+03 9.803349e+03
11.7 9.690926e+03 9.722680e+03 9.745748e+03 9.713994e+03
12.7 9.634580e+03 9.726071e+03 9.744521e+03 9.653030e+03
13.7 9.768015e+03 9.765934e+03 9.743349e+03 9.745430e+03
14.7 9.667020e+03 9.731567e+03 9.742520e+03 9.677972e+03
15.7 9.780948e+03 9.765023e+03 9.742025e+03 9.757951e+03
16.7 9.680032e+03 9.784284e+03 9.741742e+03 9.637490e+03
17.7 9.732528e+03 9.789994e+03 9.741569e+03 9.684104e+03
0.9 9.744286e+03 9.751213e+03 9.784263e+03 9.777336e+03
1.9 9.737044e+03 9.762388e+03 9.772651e+03 9.747306e+03
2.9 9.777918e+03 9.746492e+03 9.731976e+03 9.763403e+03
3.9 9.716494e+03 9.736198e+03 9.691259e+03 9.671554e+03
4.9 9.807765e+03 9.779383e+03 9.686452e+03 9.714834e+03
5.9 9.837554e+03 9.748305e+03 9.707104e+03 9.796353e+03
6.9 9.671240e+03 9.717600e+03 9.726900e+03 9.680541e+03
7.9 9.587195e+03 9.690078e+03 9.738822e+03 9.635939e+03
8.9 9.697412e+03 9.714725e+03 9.744516e+03 9.727203e+03
9.9 9.783438e+03 9.726306e+03 9.746217e+03 9.803349e+03
10.9 9.690926e+03 9.722680e+03 9.745748e+03 9.713994e+03
11.9 9.634580e+03 9.726071e+03 9.744521e+03 9.653030e+03
12.9 9.768015e+03 9.765934e+03 9.743349e+03 9.745430e+03
13.9 9.667020e+03 9.731567e+03 9.742520e+03 9.677972e+03
14.9 9.780948e+03 9.765023e+03 9.742025e+03 9.757951e+03
15.9 9.680032e+03 9.784284e+03 9.741742e+03 9.637490e+03
16.9 9.732528e+03 9.789994e+03 9.741569e+03 9.684104e+03
17.9 9.610217e+03 9.741012e+03 9.741460e+03 9.610664e+03
0.8 9.737044e+03 9.762388e+03 9.772651e+03 9.747306e+03
1.8 9.777918e+03 9.746492e+03 9.731976e+03 9.763403e+03
2.8 9.716494e+03 9.736198e+03 9.691259e+03 9.671554e+03
3.8 9.807765e+03 9.779383e+03 9.686452e+03 9.714834e+03
4.8 9.837554e+03 9.748305e+03 9.707104e+03 9.796353e+03
5.8 9.671240e+03 9.717600e+03 9.726900e+03 9.680541e+03
6.8 9.587195e+03 9.690078e+03 9.738822e+03 9.635939e+03
7.8 9.697412e+03 9.714725e+03 9.744516e+03 9.727203e+03
8.8 9.783438e+03 9.726306e+03 9.746217e+03 9.803349e+03
9.8 9.690926e+03 9.722680e+03 9.745748e+03 9.713994e+03
10.8 9.634580e+03 9.726071e+03 9.744521e+03 9.653030e+03
11.8 9.768015e+03 9.765934e+03 9.743349e+03 9.745430e+03
12.8 9.667020e+03 9.731567e+03 9.742520e+03 9.677972e+03
13.8 9.780948e+03 9.765023e+03 9.742025e+03 9.757951e+03
14.8 9.680032e+03 9.784284e+03 9.741742e+03 9.637490e+03
15.8 9.732528e+03 9.789994e+03 9.741569e+03 9.684104e+03
16.8 9.610217e+03 9.741012e+03 9.741460e+03 9.610664e+03
17.8 9.697349e+03 9.723700e+03 9.741388e+03 9.715037e+03
1.0 9.737242e+03 9.749305e+03 9.765899e+03 9.753836e+03
2.0 9.747430e+03 9.760412e+03 9.771262e+03 9.758279e+03
3.0 9.817128e+03 9.744609e+03 9.757884e+03 9.830402e+03
4.0 9.683954e+03 9.743178e+03 9.744031e+03 9.684807e+03
5.0 9.724826e+03 9.747760e+03 9.718282e+03 9.695348e+03
6.0 9.864254e+03 9.711687e+03 9.714175e+03 9.866742e+03
7.0 9.678465e+03 9.711955e+03 9.744953e+03 9.711462e+03
8.0 9.786511e+03 9.739883e+03 9.753852e+03 9.800479e+03
9.0 9.770718e+03 9.754198e+03 9.728650e+03 9.745170e+03
10.0 9.701478e+03 9.738783e+03 9.719441e+03 9.682136e+03
11.0 9.705787e+03 9.698896e+03 9.726793e+03 9.733685e+03
12.0 9.776565e+03 9.697071e+03 9.734555e+03 9.814049e+03
13.0 9.706129e+03 9.751161e+03 9.739024e+03 9.693992e+03
14.0 9.748372e+03 9.772615e+03 9.741244e+03 9.717002e+03
15.0 9.752971e+03 9.839854e+03 9.742040e+03 9.655157e+03
16.0 9.867927e+03 9.778914e+03 9.741920e+03 9.830932e+03
17.0 9.793792e+03 9.806389e+03 9.741386e+03 9.728789e+03
18.0 9.823342e+03 9.778546e+03 9.740836e+03 9.785632e+03
1.0 9.817128e+03 9.744609e+03 9.757884e+03 9.830402e+03
2.0 9.683954e+03 9.743178e+03 9.744031e+03 9.684807e+03
3.0 9.724826e+03 9.747760e+03 9.718282e+03 9.695348e+03
4.0 9.864254e+03 9.711687e+03 9.714175e+03 9.866742e+03
5.0 9.678465e+03 9.711955e+03 9.744953e+03 9.711462e+03
6.0 9.786511e+03 9.739883e+03 9.753852e+03 9.800479e+03
7.0 9.770718e+03 9.754198e+03 9.728650e+03 9.745170e+03
8.0 9.701478e+03 9.738783e+03 9.719441e+03 9.682136e+03
9.0 9.705787e+03 9.698896e+03 9.726793e+03 9.733685e+03
10.0 9.776565e+03 9.697071e+03 9.734555e+03 9.814049e+03
11.0 9.706129e+03 9.751161e+03 9.739024e+03 9.693992e+03
12.0 9.748372e+03 9.772615e+03 9.741244e+03 9.717002e+03
13.0 9.752971e+03 9.839854e+03 9.742040e+03 9.655157e+03
14.0 9.867927e+03 9.778914e+03 9.741920e+03 9.830932e+03
15.0 9.793792e+03 9.806389e+03 9.741386e+03 9.728789e+03
16.0 9.823342e+03 9.778546e+03 9.740836e+03 9.785632e+03
17.0 9.716975e+03 9.712812e+03 9.740443e+03 9.744605e+03
18.0 9.829014e+03 9.718550e+03 9.740206e+03 9.850669e+03
0.1 9.864254e+03 9.711687e+03 9.714175e+03 9.866742e+03
1.1 9.678465e+03 9.711955e+03 9.744953e+03 9.711462e+03
2.1 9.786511e+03 9.739883e+03 9.753852e+03 9.800479e+03
3.1 9.770718e+03 9.754198e+03 9.728650e+03 9.745170e+03
4.1 9.701478e+03 9.738783e+03 9.719441e+03 9.682136e+03
5.1 9.705787e+03 9.698896e+03 9.726793e+03 9.733685e+03
6.1 9.776565e+03 9.697071e+03 9.734555e+03 9.814049e+03
7.1 9.706129e+03 9.751161e+03 9.739024e+03 9.693992e+03
8.1 9.748372e+03 9.772615e+03 9.741244e+03 9.717002e+03
9.1 9.752971e+03 9.839854e+03 9.742040e+03 9.655157e+03
10.1 9.867927e+03 9.778914e+03 9.741920e+03 9.830932e+03
11.1 9.793792e+03 9.806389e+03 9.741386e+03 9.728789e+03
12.1 9.823342e+03 9.778546e+03 9.740836e+03 9.785632e+03
13.1 9.716975e+03 9.712812e+03 9.740443e+03 9.744605e+03
14.1 9.829014e+03 9.718550e+03 9.740206e+03 9.850669e+03
15.1 9.744784e+03 9.680895e+03 9.741906e+03 9.805795e+03
16.1 9.673352e+03 9.720071e+03 9.761100e+03 9.714381e+03
17.1 9.732295e+03 9.782492e+03 9.767675e+03 9.717478e+03
0.9 9.673352e+03 9.720071e+03 9.761100e+03 9.714381e+03
1.9 9.732295e+03 9.782492e+03 9.767675e+03 9.717478e+03
2.9 9.691665e+03 9.724175e+03 9.741821e+03 9.709311e+03
3.9 9.754018e+03 9.719167e+03 9.743604e+03 9.778455e+03
4.9 9.715242e+03 9.719994e+03 9.756882e+03 9.752130e+03
5.9 9.662660e+03 9.725974e+03 9.757800e+03 9.694486e+03
6.9 9.782022e+03 9.753368e+03 9.758574e+03 9.787229e+03
7.9 9.734080e+03 9.743286e+03 9.744094e+03 9.734888e+03
8.9 9.788019e+03 9.759917e+03 9.728026e+03 9.756127e+03
9.9 9.847614e+03 9.778482e+03 9.709293e+03 9.778426e+03
10.9 9.665652e+03 9.753162e+03 9.698482e+03 9.610973e+03
11.9 9.718297e+03 9.723813e+03 9.710510e+03 9.704995e+03
12.9 9.810283e+03 9.746525e+03 9.726748e+03 9.790507e+03
13.9 9.696876e+03 9.696944e+03 9.742824e+03 9.742756e+03
14.9 9.696799e+03 9.745870e+03 9.770330e+03 9.721259e+03
15.9 9.638311e+03 9.758719e+03 9.785652e+03 9.665244e+03
16.9 9.741483e+03 9.743541e+03 9.769199e+03 9.767141e+03
17.9 9.642769e+03 9.717686e+03 9.753795e+03 9.678878e+03
0.0 9.691665e+03 9.724175e+03 9.741821e+03 9.709311e+03
1.0 9.754018e+03 9.719167e+03 9.743604e+03 9.778455e+03
2.0 9.715242e+03 9.719994e+03 9.756882e+03 9.752130e+03
3.0 9.662660e+03 9.725974e+03 9.757800e+03 9.694486e+03
4.0 9.782022e+03 9.753368e+03 9.758574e+03 9.787229e+03
5.0 9.734080e+03 9.743286e+03 9.744094e+03 9.734888e+03
6.0 9.788019e+03 9.759917e+03 9.728026e+03 9.756127e+03
7.0 9.847614e+03 9.778482e+03 9.709293e+03 9.778426e+03
8.0 9.665652e+03 9.753162e+03 9.698482e+03 9.610973e+03
9.0 9.718297e+03 9.723813e+03 9.710510e+03 9.704995e+03
10.0 9.810283e+03 9.746525e+03 9.726748e+03 9.790507e+03
11.0 9.696876e+03 9.696944e+03 9.742824e+03 9.742756e+03
12.0 9.696799e+03 9.745870e+03 9.770330e+03 9.721259e+03
13.0 9.638311e+03 9.758719e+03 9.785652e+03 9.665244e+03
14.0 9.741483e+03 9.743541e+03 9.769199e+03 9.767141e+03
15.0 9.642769e+03 9.717686e+03 9.753795e+03 9.678878e+03
16.0 9.759977e+03 9.738475e+03 9.751898e+03 9.773400e+03
17.0 9.876857e+03 9.750782e+03 9.746666e+03 9.872741e+03
0.3 9.715242e+03 9.719994e+03 9.756882e+03 9.752130e+03
1.3 9.662660e+03 9.725974e+03 9.757800e+03 9.694486e+03
2.3 9.782022e+03 9.753368e+03 9.758574e+03 9.787229e+03
3.3 9.734080e+03 9.743286e+03 9.744094e+03 9.734888e+03
4.3 9.788019e+03 9.759917e+03 9.728026e+03 9.756127e+03
5.3 9.847614e+03 9.778482e+03 9.709293e+03 9.778426e+03
6.3 9.665652e+03 9.753162e+03 9.698482e+03 9.610973e+03
7.3 9.718297e+03 9.723813e+03 9.710510e+03 9.704995e+03
8.3 9.810283e+03 9.746525e+03 9.726748e+03 9.790507e+03
9.3 9.696876e+03 9.696944e+03 9.742824e+03 9.742756e+03
10.3 9.696799e+03 9.745870e+03 9.770330e+03 9.721259e+03
11.3 9.638311e+03 9.758719e+03 9.785652e+03 9.665244e+03
12.3 9.741483e+03 9.743541e+03 9.769199e+03 9.767141e+03
13.3 9.642769e+03 9.717686e+03 9.753795e+03 9.678878e+03
14.3 9.759977e+03 9.738475e+03 9.751898e+03 9.773400e+03
15.3 9.876857e+03 9.750782e+03 9.746666e+03 9.872741e+03
16.3 9.725189e+03 9.761456e+03 9.733006e+03 9.696740e+03
17.3 9.757183e+03 9.761789e+03 9.726533e+03 9.721927e+03
0.1 9.662660e+03 9.725974e+03 9.757800e+03 9.694486e+03
1.1 9.782022e+03 9.753368e+03 9.758574e+03 9.787229e+03
2.1 9.734080e+03 9.743286e+03 9.744094e+03 9.734888e+03
3.1 9.788019e+03 9.759917e+03 9.728026e+03 9.756127e+03
4.1 9.847614e+03 9.778482e+03 9.709293e+03 9.778426e+03
5.1 9.665652e+03 9.753162e+03 9.698482e+03 9.610973e+03
6.1 9.718297e+03 9.723813e+03 9.710510e+03 9.704995e+03
7.1 9.810283e+03 9.746525e+03 9.726748e+03 9.790507e+03
8.1 9.696876e+03 9.696944e+03 9.742824e+03 9.742756e+03
9.1 9.696799e+03 9.745870e+03 9.770330e+03 9.721259e+03
10.1 9.638311e+03 9.758719e+03 9.785652e+03 9.665244e+03
11.1 9.741483e+03 9.743541e+03 9.769199e+03 9.767141e+03
12.1 9.642769e+03 9.717686e+03 9.753795e+03 9.678878e+03
13.1 9.759977e+03 9.738475e+03 9.751898e+03 9.773400e+03
14.1 9.876857e+03 9.750782e+03 9.746666e+03 9.872741e+03
15.1 9.725189e+03 9.761456e+03 9.733006e+03 9.696740e+03
16.1 9.757183e+03 9.761789e+03 9.726533e+03 9.721927e+03
17.1 9.777416e+03 9.776817e+03 9.720892e+03 9.721491e+03
0.6 9.734080e+03 9.743286e+03 9.744094e+03 9.734888e+03
1.6 9.788019e+03 9.759917e+03 9.728026e+03 9.756127e+03
2.6 9.847614e+03 9.778482e+03 9.709293e+03 9.778426e+03
3.6 9.665652e+03 9.753162e+03 9.698482e+03 9.610973e+03
4.6 9.718297e+03 9.723813e+03 9.710510e+03 9.704995e+03
5.6 9.810283e+03 9.746525e+03 9.726748e+03 9.790507e+03
6.6 9.696876e+03 9.696944e+03 9.742824e+03 9.742756e+03
7.6 9.696799e+03 9.745870e+03 9.770330e+03 9.721259e+03
8.6 9.638311e+03 9.758719e+03 9.785652e+03 9.665244e+03
9.6 9.741483e+03 9.743541e+03 9.769199e+03 9.767141e+03
10.6 9.642769e+03 9.717686e+03 9.753795e+03 9.678878e+03
11.6 9.759977e+03 9.738475e+03 9.751898e+03 9.773400e+03
12.6 9.876857e+03 9.750782e+03 9.746666e+03 9.872741e+03
13.6 9.725189e+03 9.761456e+03 9.733006e+03 9.696740e+03
14.6 9.757183e+03 9.761789e+03 9.726533e+03 9.721927e+03
15.6 9.777416e+03 9.776817e+03 9.720892e+03 9.721491e+03
16.6 9.768852e+03 9.727959e+03 9.705734e+03 9.746627e+03
17.6 9.778837e+03 9.690931e+03 9.704726e+03 9.792631e+03
0.2 9.696876e+03 9.696944e+03 9.742824e+03 9.742756e+03
1.2 9.696799e+03 9.745870e+03 9.770330e+03 9.721259e+03
2.2 9.638311e+03 9.758719e+03 9.785652e+03 9.665244e+03
3.2 9.741483e+03 9.743541e+03 9.769199e+03 9.767141e+03
4.2 9.642769e+03 9.717686e+03 9.753795e+03 9.678878e+03
5.2 9.759977e+03 9.738475e+03 9.751898e+03 9.773400e+03
6.2 9.876857e+03 9.750782e+03 9.746666e+03 9.872741e+03
7.2 9.725189e+03 9.761456e+03 9.733006e+03 9.696740e+03
8.2 9.757183e+03 9.761789e+03 9.726533e+03 9.721927e+03
9.2 9.777416e+03 9.776817e+03 9.720892e+03 9.721491e+03
10.2 9.768852e+03 9.727959e+03 9.705734e+03 9.746627e+03
11.2 9.778837e+03 9.690931e+03 9.704726e+03 9.792631e+03
12.2 9.668656e+03 9.698203e+03 9.719888e+03 9.690341e+03
13.2 9.625146e+03 9.689850e+03 9.737543e+03 9.672839e+03
14.2 9.672326e+03 9.731642e+03 9.766054e+03 9.706738e+03
15.2 9.724807e+03 9.744196e+03 9.784720e+03 9.765331e+03
16.2 9.776223e+03 9.744480e+03 9.774379e+03 9.806121e+03
17.2 9.723319e+03 9.735812e+03 9.760622e+03 9.748129e+03
0.7 9.638311e+03 9.758719e+03 9.785652e+03 9.665244e+03
1.7 9.741483e+03 9.743541e+03 9.769199e+03 9.767141e+03
2.7 9.642769e+03 9.717686e+03 9.753795e+03 9.678878e+03
3.7 9.759977e+03 9.738475e+03 9.751898e+03 9.773400e+03
4.7 9.876857e+03 9.750782e+03 9.746666e+03 9.872741e+03
5.7 9.725189e+03 9.761456e+03 9.733006e+03 9.696740e+03
6.7 9.757183e+03 9.761789e+03 9.726533e+03 9.721927e+03
7.7 9.777416e+03 9.776817e+03 9.720892e+03 9.721491e+03
8.7 9.768852e+03 9.727959e+03 9.705734e+03 9.746627e+03
9.7 9.778837e+03 9.690931e+03 9.704726e+03 9.792631e+03
10.7 9.668656e+03 9.698203e+03 9.719888e+03 9.690341e+03
11.7 9.625146e+03 9.689850e+03 9.737543e+03 9.672839e+03
12.7 9.672326e+03 9.731642e+03 9.766054e+03 9.706738e+03
13.7 9.724807e+03 9.744196e+03 9.784720e+03 9.765331e+03
14.7 9.776223e+03 9.744480e+03 9.774379e+03 9.806121e+03
15.7 9.723319e+03 9.735812e+03 9.760622e+03 9.748129e+03
16.7 9.688002e+03 9.731855e+03 9.759055e+03 9.715201e+03
17.7 9.699127e+03 9.754255e+03 9.756696e+03 9.701568e+03
0.1 9.741483e+03 9.743541e+03 9.769199e+03 9.767141e+03
1.1 9.642769e+03 9.717686e+03 9.753795e+03 9.678878e+03
2.1 9.759977e+03 9.738475e+03 9.751898e+03 9.773400e+03
3.1 9.876857e+03 9.750782e+03 9.746666e+03 9.872741e+03
4.1 9.725189e+03 9.761456e+03 9.733006e+03 9.696740e+03
5.1 9.757183e+03 9.761789e+03 9.726533e+03 9.721927e+03
6.1 9.777416e+03 9.776817e+03 9.720892e+03 9.721491e+03
7.1 9.768852e+03 9.727959e+03 9.705734e+03 9.746627e+03
8.1 9.778837e+03 9.690931e+03 9.704726e+03 9.792631e+03
9.1 9.668656e+03 9.698203e+03 9.719888e+03 9.690341e+03
10.1 9.625146e+03 9.689850e+03 9.737543e+03 9.672839e+03
11.1 9.672326e+03 9.731642e+03 9.766054e+03 9.706738e+03
12.1 9.724807e+03 9.744196e+03 9.784720e+03 9.765331e+03
13.1 9.776223e+03 9.744480e+03 9.774379e+03 9.806121e+03
14.1 9.723319e+03 9.735812e+03 9.760622e+03 9.748129e+03
15.1 9.688002e+03 9.731855e+03 9.759055e+03 9.715201e+03
16.1 9.699127e+03 9.754255e+03 9.756696e+03 9.701568e+03
17.1 9.827830e+03 9.772786e+03 9.721322e+03 9.776366e+03
0.9 9.759977e+03 9.738475e+03 9.751898e+03 9.773400e+03
1.9 9.876857e+03 9.750782e+03 9.746666e+03 9.872741e+03
2.9 9.725189e+03 9.761456e+03 9.733006e+03 9.696740e+03
3.9 9.757183e+03 9.761789e+03 9.726533e+03 9.721927e+03
4.9 9.777416e+03 9.776817e+03 9.720892e+03 9.721491e+03
5.9 9.768852e+03 9.727959e+03 9.705734e+03 9.746627e+03
6.9 9.778837e+03 9.690931e+03 9.704726e+03 9.792631e+03
7.9 9.668656e+03 9.698203e+03 9.719888e+03 9.690341e+03
8.9 9.625146e+03 9.689850e+03 9.737543e+03 9.672839e+03
9.9 9.672326e+03 9.731642e+03 9.766054e+03 9.706738e+03
10.9 9.724807e+03 9.744196e+03 9.784720e+03 9.765331e+03
11.9 9.776223e+03 9.744480e+03 9.774379e+03 9.806121e+03
12.9 9.723319e+03 9.735812e+03 9.760622e+03 9.748129e+03
13.9 9.688002e+03 9.731855e+03 9.759055e+03 9.715201e+03
14.9 9.699127e+03 9.754255e+03 9.756696e+03 9.701568e+03
15.9 9.827830e+03 9.772786e+03 9.721322e+03 9.776366e+03
16.9 9.812029e+03 9.722922e+03 9.685579e+03 9.774686e+03
17.9 9.652697e+03 9.679294e+03 9.695832e+03 9.669235e+03
0.6 9.876857e+03 9.750782e+03 9.746666e+03 9.872741e+03
1.6 9.725189e+03 9.761456e+03 9.733006e+03 9.696740e+03
2.6 9.757183e+03 9.761789e+03 9.726533e+03 9.721927e+03
3.6 9.777416e+03 9.776817e+03 9.720892e+03 9.721491e+03
4.6 9.768852e+03 9.727959e+03 9.705734e+03 9.746627e+03
5.6 9.778837e+03 9.690931e+03 9.704726e+03 9.792631e+03
6.6 9.668656e+03 9.698203e+03 9.719888e+03 9.690341e+03
7.6 9.625146e+03 9.689850e+03 9.737543e+03 9.672839e+03
8.6 9.672326e+03 9.731642e+03 9.766054e+03 9.706738e+03
9.6 9.724807e+03 9.744196e+03 9.784720e+03 9.765331e+03
10.6 9.776223e+03 9.744480e+03 9.774379e+03 9.806121e+03
11.6 9.723319e+03 9.735812e+03 9.760622e+03 9.748129e+03
12.6 9.688002e+03 9.731855e+03 9.759055e+03 9.715201e+03
13.6 9.699127e+03 9.754255e+03 9.756696e+03 9.701568e+03
14.6 9.827830e+03 9.772786e+03 9.721322e+03 9.776366e+03
15.6 9.812029e+03 9.722922e+03 9.685579e+03 9.774686e+03
16.6 9.652697e+03 9.679294e+03 9.695832e+03 9.669235e+03
17.6 9.742377e+03 9.717198e+03 9.739271e+03 9.764450e+03
0.9 9.757183e+03 9.761789e+03 9.726533e+03 9.721927e+03
1.9 9.777416e+03 9.776817e+03 9.720892e+03 9.721491e+03
2.9 9.768852e+03 9.727959e+03 9.705734e+03 9.746627e+03
3.9 9.778837e+03 9.690931e+03 9.704726e+03 9.792631e+03
4.9 9.668656e+03 9.698203e+03 9.719888e+03 9.690341e+03
5.9 9.625146e+03 9.689850e+03 9.737543e+03 9.672839e+03
6.9 9.672326e+03 9.731642e+03 9.766054e+03 9.706738e+03
7.9 9.724807e+03 9.744196e+03 9.784720e+03 9.765331e+03
8.9 9.776223e+03 9.744480e+03 9.774379e+03 9.806121e+03
9.9 9.723319e+03 9.735812e+03 9.760622e+03 9.748129e+03
10.9 9.688002e+03 9.731855e+03 9.759055e+03 9.715201e+03
11.9 9.699127e+03 9.754255e+03 9.756696e+03 9.701568e+03
12.9 9.827830e+03 9.772786e+03 9.721322e+03 9.776366e+03
13.9 9.812029e+03 9.722922e+03 9.685579e+03 9.774686e+03
14.9 9.652697e+03 9.679294e+03 9.695832e+03 9.669235e+03
15.9 9.742377e+03 9.717198e+03 9.739271e+03 9.764450e+03
16.9 9.738860e+03 9.718461e+03 9.766309e+03 9.786708e+03
17.9 9.810073e+03 9.723248e+03 9.772655e+03 9.859480e+03
0.1 9.625146e+03 9.689850e+03 9.737543e+03 9.672839e+03
1.1 9.672326e+03 9.731642e+03 9.766054e+03 9.706738e+03
2.1 9.724807e+03 9.744196e+03 9.784720e+03 9.765331e+03
3.1 9.776223e+03 9.744480e+03 9.774379e+03 9.806121e+03
4.1 9.723319e+03 9.735812e+03 9.760622e+03 9.748129e+03
5.1 9.688002e+03 9.731855e+03 9.759055e+03 9.715201e+03
6.1 9.699127e+03 9.754255e+03 9.756696e+03 9.701568e+03
7.1 9.827830e+03 9.772786e+03 9.721322e+03 9.776366e+03
8.1 9.812029e+03 9.722922e+03 9.685579e+03 9.774686e+03
9.1 9.652697e+03 9.679294e+03 9.695832e+03 9.669235e+03
10.1 9.742377e+03 9.717198e+03 9.739271e+03 9.764450e+03
11.1 9.738860e+03 9.718461e+03 9.766309e+03 9.786708e+03
12.1 9.810073e+03 9.723248e+03 9.772655e+03 9.859480e+03
13.1 9.868958e+03 9.752060e+03 9.770968e+03 9.887866e+03
14.1 9.720112e+03 9.742942e+03 9.734099e+03 9.711269e+03
15.1 9.792346e+03 9.804532e+03 9.700320e+03 9.688134e+03
16.1 9.794237e+03 9.793290e+03 9.709850e+03 9.710797e+03
17.1 9.680506e+03 9.730793e+03 9.747495e+03 9.697208e+03
0.7 9.724807e+03 9.744196e+03 9.784720e+03 9.765331e+03
1.7 9.776223e+03 9.744480e+03 9.774379e+03 9.806121e+03
2.7 9.723319e+03 9.735812e+03 9.760622e+03 9.748129e+03
3.7 9.688002e+03 9.731855e+03 9.759055e+03 9.715201e+03
4.7 9.699127e+03 9.754255e+03 9.756696e+03 9.701568e+03
5.7 9.827830e+03 9.772786e+03 9.721322e+03 9.776366e+03
6.7 9.812029e+03 9.722922e+03 9.685579e+03 9.774686e+03
7.7 9.652697e+03 9.679294e+03 9.695832e+03 9.669235e+03
8.7 9.742377e+03 9.717198e+03 9.739271e+03 9.764450e+03
9.7 9.738860e+03 9.718461e+03 9.766309e+03 9.786708e+03
10.7 9.810073e+03 9.723248e+03 9.772655e+03 9.859480e+03
11.7 9.868958e+03 9.752060e+03 9.770968e+03 9.887866e+03
12.7 9.720112e+03 9.742942e+03 9.734099e+03 9.711269e+03
13.7 9.792346e+03 9.804532e+03 9.700320e+03 9.688134e+03
14.7 9.794237e+03 9.793290e+03 9.709850e+03 9.710797e+03
15.7 9.680506e+03 9.730793e+03 9.747495e+03 9.697208e+03
16.7 9.811757e+03 9.716116e+03 9.766030e+03 9.861671e+03
17.7 9.666401e+03 9.680660e+03 9.770027e+03 9.755769e+03
0.2 9.776223e+03 9.744480e+03 9.774379e+03 9.806121e+03
1.2 9.723319e+03 9.735812e+03 9.760622e+03 9.748129e+03
2.2 9.688002e+03 9.731855e+03 9.759055e+03 9.715201e+03
3.2 9.699127e+03 9.754255e+03 9.756696e+03 9.701568e+03
4.2 9.827830e+03 9.772786e+03 9.721322e+03 9.776366e+03
5.2 9.812029e+03 9.722922e+03 9.685579e+03 9.774686e+03
6.2 9.652697e+03 9.679294e+03 9.695832e+03 9.669235e+03
7.2 9.742377e+03 9.717198e+03 9.739271e+03 9.764450e+03
8.2 9.738860e+03 9.718461e+03 9.766309e+03 9.786708e+03
9.2 9.810073e+03 9.723248e+03 9.772655e+03 9.859480e+03
10.2 9.868958e+03 9.752060e+03 9.770968e+03 9.887866e+03
11.2 9.720112e+03 9.742942e+03 9.734099e+03 9.711269e+03
12.2 9.792346e+03 9.804532e+03 9.700320e+03 9.688134e+03
13.2 9.794237e+03 9.793290e+03 9.709850e+03 9.710797e+03
14.2 9.680506e+03 9.730793e+03 9.747495e+03 9.697208e+03
15.2 9.811757e+03 9.716116e+03 9.766030e+03 9.861671e+03
16.2 9.666401e+03 9.680660e+03 9.770027e+03 9.755769e+03
17.2 9.676697e+03 9.732022e+03 9.769232e+03 9.713907e+03
1.0 9.688002e+03 9.731855e+03 9.759055e+03 9.715201e+03
2.0 9.699127e+03 9.754255e+03 9.756696e+03 9.701568e+03
3.0 9.827830e+03 9.772786e+03 9.721322e+03 9.776366e+03
4.0 9.812029e+03 9.722922e+03 9.685579e+03 9.774686e+03
5.0 9.652697e+03 9.679294e+03 9.695832e+03 9.669235e+03
6.0 9.742377e+03 9.717198e+03 9.739271e+03 9.764450e+03
7.0 9.738860e+03 9.718461e+03 9.766309e+03 9.786708e+03
8.0 9.810073e+03 9.723248e+03 9.772655e+03 9.859480e+03
9.0 9.868958e+03 9.752060e+03 9.770968e+03 9.887866e+03
10.0 9.720112e+03 9.742942e+03 9.734099e+03 9.711269e+03
11.0 9.792346e+03 9.804532e+03 9.700320e+03 9.688134e+03
12.0 9.794237e+03 9.793290e+03 9.709850e+03 9.710797e+03
13.0 9.680506e+03 9.730793e+03 9.747495e+03 9.697208e+03
14.0 9.811757e+03 9.716116e+03 9.766030e+03 9.861671e+03
15.0 9.666401e+03 9.680660e+03 9.770027e+03 9.755769e+03
16.0 9.676697e+03 9.732022e+03 9.769232e+03 9.713907e+03
17.0 9.808254e+03 9.781885e+03 9.732823e+03 9.759192e+03
18.0 9.764744e+03 9.783138e+03 9.699945e+03 9.681551e+03
0.2 9.688002e+03 9.731855e+03 9.759055e+03 9.715201e+03
1.2 9.699127e+03 9.754255e+03 9.756696e+03 9.701568e+03
2.2 9.827830e+03 9.772786e+03 9.721322e+03 9.776366e+03
3.2 9.812029e+03 9.722922e+03 9.685579e+03 9.774686e+03
4.2 9.652697e+03 9.679294e+03 9.695832e+03 9.669235e+03
5.2 9.742377e+03 9.717198e+03 9.739271e+03 9.764450e+03
6.2 9.738860e+03 9.718461e+03 9.766309e+03 9.786708e+03
7.2 9.810073e+03 9.723248e+03 9.772655e+03 9.859480e+03
8.2 9.868958e+03 9.752060e+03 9.770968e+03 9.887866e+03
9.2 9.720112e+03 9.742942e+03 9.734099e+03 9.711269e+03
10.2 9.792346e+03 9.804532e+03 9.700320e+03 9.688134e+03
11.2 9.794237e+03 9.793290e+03 9.709850e+03 9.710797e+03
12.2 9.680506e+03 9.730793e+03 9.747495e+03 9.697208e+03
13.2 9.811757e+03 9.716116e+03 9.766030e+03 9.861671e+03
14.2 9.666401e+03 9.680660e+03 9.770027e+03 9.755769e+03
15.2 9.676697e+03 9.732022e+03 9.769232e+03 9.713907e+03
16.2 9.808254e+03 9.781885e+03 9.732823e+03 9.759192e+03
17.2 9.764744e+03 9.783138e+03 9.699945e+03 9.681551e+03
0.0 9.652697e+03 9.679294e+03 9.695832e+03 9.669235e+03
1.0 9.742377e+03 9.717198e+03 9.739271e+03 9.764450e+03
2.0 9.738860e+03 9.718461e+03 9.766309e+03 9.786708e+03
3.0 9.810073e+03 9.723248e+03 9.772655e+03 9.859480e+03
4.0 9.868958e+03 9.752060e+03 9.770968e+03 9.887866e+03
5.0 9.720112e+03 9.742942e+03 9.734099e+03 9.711269e+03
6.0 9.792346e+03 9.804532e+03 9.700320e+03 9.688134e+03
7.0 9.794237e+03 9.793290e+03 9.709850e+03 9.710797e+03
8.0 9.680506e+03 9.730793e+03 9.747495e+03 9.697208e+03
9.0 9.811757e+03 9.716116e+03 9.766030e+03 9.861671e+03
10.0 9.666401e+03 9.680660e+03 9.770027e+03 9.755769e+03
11.0 9.676697e+03 9.732022e+03 9.769232e+03 9.713907e+03
12.0 9.808254e+03 9.781885e+03 9.732823e+03 9.759192e+03
13.0 9.764744e+03 9.783138e+03 9.699945e+03 9.681551e+03
14.0 9.742721e+03 9.719004e+03 9.704252e+03 9.727969e+03
0.3 9.738860e+03 9.718461e+03 9.766309e+03 9.786708e+03
1.3 9.810073e+03 9.723248e+03 9.772655e+03 9.859480e+03
2.3 9.868958e+03 9.752060e+03 9.770968e+03 9.887866e+03
3.3 9.720112e+03 9.742942e+03 9.734099e+03 9.711269e+03
4.3 9.792346e+03 9.804532e+03 9.700320e+03 9.688134e+03
5.3 9.794237e+03 9.793290e+03 9.709850e+03 9.710797e+03
6.3 9.680506e+03 9.730793e+03 9.747495e+03 9.697208e+03
7.3 9.811757e+03 9.716116e+03 9.766030e+03 9.861671e+03
8.3 9.666401e+03 9.680660e+03 9.770027e+03 9.755769e+03
9.3 9.676697e+03 9.732022e+03 9.769232e+03 9.713907e+03
10.3 9.808254e+03 9.781885e+03 9.732823e+03 9.759192e+03
11.3 9.764744e+03 9.783138e+03 9.699945e+03 9.681551e+03
12.3 9.742721e+03 9.719004e+03 9.704252e+03 9.727969e+03
0.3 9.810073e+03 9.723248e+03 9.772655e+03 9.859480e+03
1.3 9.868958e+03 9.752060e+03 9.770968e+03 9.887866e+03
2.3 9.720112e+03 9.742942e+03 9.734099e+03 9.711269e+03
3.3 9.792346e+03 9.804532e+03 9.700320e+03 9.688134e+03
4.3 9.794237e+03 9.793290e+03 9.709850e+03 9.710797e+03
5.3 9.680506e+03 9.730793e+03 9.747495e+03 9.697208e+03
6.3 9.811757e+03 9.716116e+03 9.766030e+03 9.861671e+03
7.3 9.666401e+03 9.680660e+03 9.770027e+03 9.755769e+03
8.3 9.676697e+03 9.732022e+03 9.769232e+03 9.713907e+03
9.3 9.808254e+03 9.781885e+03 9.732823e+03 9.759192e+03
10.3 9.764744e+03 9.783138e+03 9.699945e+03 9.681551e+03
11.3 9.742721e+03 9.719004e+03 9.704252e+03 9.727969e+03
0.2 9.794237e+03 9.793290e+03 9.709850e+03 9.710797e+03
1.2 9.680506e+03 9.730793e+03 9.747495e+03 9.697208e+03
2.2 9.811757e+03 9.716116e+03 9.766030e+03 9.861671e+03
3.2 9.666401e+03 9.680660e+03 9.770027e+03 9.755769e+03
4.2 9.676697e+03 9.732022e+03 9.769232e+03 9.713907e+03
5.2 9.808254e+03 9.781885e+03 9.732823e+03 9.759192e+03
6.2 9.764744e+03 9.783138e+03 9.699945e+03 9.681551e+03
7.2 9.742721e+03 9.719004e+03 9.704252e+03 9.727969e+03
0.4 9.811757e+03 9.716116e+03 9.766030e+03 9.861671e+03
1.4 9.666401e+03 9.680660e+03 9.770027e+03 9.755769e+03
2.4 9.676697e+03 9.732022e+03 9.769232e+03 9.713907e+03
3.4 9.808254e+03 9.781885e+03 9.732823e+03 9.759192e+03
4.4 9.764744e+03 9.783138e+03 9.699945e+03 9.681551e+03
5.4 9.742721e+03 9.719004e+03 9.704252e+03 9.727969e+03
0.4 9.666401e+03 9.680660e+03 9.770027e+03 9.755769e+03
1.4 9.676697e+03 9.732022e+03 9.769232e+03 9.713907e+03
2.4 9.808254e+03 9.781885e+03 9.732823e+03 9.759192e+03
3.4 9.764744e+03 9.783138e+03 9.699945e+03 9.681551e+03
4.4 9.742721e+03 9.719004e+03 9.704252e+03 9.727969e+03
