0.5 9.787416e+03 9.793005e+03 9.766161e+03 9.760572e+03
1.5 9.883302e+03 9.791912e+03 9.765890e+03 9.857280e+03
2.5 9.728509e+03 9.788861e+03 9.765325e+03 9.704973e+03
3.5 9.689128e+03 9.751081e+03 9.764500e+03 9.702547e+03
4.5 9.708146e+03 9.708850e+03 9.763465e+03 9.762760e+03
5.5 9.660662e+03 9.730535e+03 9.762101e+03 9.692228e+03
6.5 9.791439e+03 9.761483e+03 9.738487e+03 9.768443e+03
7.5 9.819515e+03 9.736592e+03 9.703648e+03 9.786571e+03
8.5 9.704787e+03 9.708161e+03 9.691272e+03 9.687898e+03
9.5 9.717234e+03 9.704578e+03 9.689244e+03 9.701900e+03
10.5 9.679887e+03 9.703660e+03 9.692537e+03 9.668764e+03
11.5 9.672540e+03 9.697385e+03 9.700814e+03 9.675969e+03
12.5 9.730326e+03 9.702370e+03 9.709674e+03 9.737631e+03
13.5 9.795380e+03 9.703728e+03 9.724251e+03 9.815903e+03
14.5 9.631422e+03 9.727243e+03 9.732918e+03 9.637096e+03
15.5 9.603893e+03 9.736026e+03 9.738106e+03 9.605973e+03
16.5 9.775896e+03 9.742172e+03 9.743899e+03 9.777622e+03
17.5 9.685973e+03 9.733540e+03 9.747214e+03 9.699646e+03
18.5 9.831047e+03 9.749435e+03 9.754059e+03 9.835671e+03
0.1 9.660662e+03 9.730535e+03 9.762101e+03 9.692228e+03
1.1 9.791439e+03 9.761483e+03 9.738487e+03 9.768443e+03
2.1 9.819515e+03 9.736592e+03 9.703648e+03 9.786571e+03
3.1 9.704787e+03 9.708161e+03 9.691272e+03 9.687898e+03
4.1 9.717234e+03 9.704578e+03 9.689244e+03 9.701900e+03
5.1 9.679887e+03 9.703660e+03 9.692537e+03 9.668764e+03
6.1 9.672540e+03 9.697385e+03 9.700814e+03 9.675969e+03
7.1 9.730326e+03 9.702370e+03 9.709674e+03 9.737631e+03
8.1 9.795380e+03 9.703728e+03 9.724251e+03 9.815903e+03
9.1 9.631422e+03 9.727243e+03 9.732918e+03 9.637096e+03
10.1 9.603893e+03 9.736026e+03 9.738106e+03 9.605973e+03
11.1 9.775896e+03 9.742172e+03 9.743899e+03 9.777622e+03
12.1 9.685973e+03 9.733540e+03 9.747214e+03 9.699646e+03
13.1 9.831047e+03 9.749435e+03 9.754059e+03 9.835671e+03
14.1 9.751539e+03 9.781828e+03 9.768157e+03 9.737868e+03
15.1 9.897835e+03 9.773414e+03 9.774168e+03 9.898588e+03
16.1 9.749593e+03 9.788690e+03 9.786326e+03 9.747228e+03
17.1 9.752953e+03 9.815129e+03 9.807743e+03 9.745566e+03
18.1 9.837065e+03 9.812562e+03 9.809659e+03 9.834162e+03
0.2 9.819515e+03 9.736592e+03 9.703648e+03 9.786571e+03
1.2 9.704787e+03 9.708161e+03 9.691272e+03 9.687898e+03
2.2 9.717234e+03 9.704578e+03 9.689244e+03 9.701900e+03
3.2 9.679887e+03 9.703660e+03 9.692537e+03 9.668764e+03
4.2 9.672540e+03 9.697385e+03 9.700814e+03 9.675969e+03
5.2 9.730326e+03 9.702370e+03 9.709674e+03 9.737631e+03
6.2 9.795380e+03 9.703728e+03 9.724251e+03 9.815903e+03
7.2 9.631422e+03 9.727243e+03 9.732918e+03 9.637096e+03
8.2 9.603893e+03 9.736026e+03 9.738106e+03 9.605973e+03
9.2 9.775896e+03 9.742172e+03 9.743899e+03 9.777622e+03
10.2 9.685973e+03 9.733540e+03 9.747214e+03 9.699646e+03
11.2 9.831047e+03 9.749435e+03 9.754059e+03 9.835671e+03
12.2 9.751539e+03 9.781828e+03 9.768157e+03 9.737868e+03
13.2 9.897835e+03 9.773414e+03 9.774168e+03 9.898588e+03
14.2 9.749593e+03 9.788690e+03 9.786326e+03 9.747228e+03
15.2 9.752953e+03 9.815129e+03 9.807743e+03 9.745566e+03
16.2 9.837065e+03 9.812562e+03 9.809659e+03 9.834162e+03
17.2 9.706984e+03 9.802417e+03 9.816388e+03 9.720955e+03
18.2 9.756190e+03 9.722333e+03 9.798678e+03 9.832536e+03
0.4 9.717234e+03 9.704578e+03 9.689244e+03 9.701900e+03
1.4 9.679887e+03 9.703660e+03 9.692537e+03 9.668764e+03
2.4 9.672540e+03 9.697385e+03 9.700814e+03 9.675969e+03
3.4 9.730326e+03 9.702370e+03 9.709674e+03 9.737631e+03
4.4 9.795380e+03 9.703728e+03 9.724251e+03 9.815903e+03
5.4 9.631422e+03 9.727243e+03 9.732918e+03 9.637096e+03
6.4 9.603893e+03 9.736026e+03 9.738106e+03 9.605973e+03
7.4 9.775896e+03 9.742172e+03 9.743899e+03 9.777622e+03
8.4 9.685973e+03 9.733540e+03 9.747214e+03 9.699646e+03
9.4 9.831047e+03 9.749435e+03 9.754059e+03 9.835671e+03
10.4 9.751539e+03 9.781828e+03 9.768157e+03 9.737868e+03
11.4 9.897835e+03 9.773414e+03 9.774168e+03 9.898588e+03
12.4 9.749593e+03 9.788690e+03 9.786326e+03 9.747228e+03
13.4 9.752953e+03 9.815129e+03 9.807743e+03 9.745566e+03
14.4 9.837065e+03 9.812562e+03 9.809659e+03 9.834162e+03
15.4 9.706984e+03 9.802417e+03 9.816388e+03 9.720955e+03
16.4 9.756190e+03 9.722333e+03 9.798678e+03 9.832536e+03
17.4 9.715363e+03 9.665172e+03 9.764870e+03 9.815061e+03
18.4 9.800559e+03 9.722636e+03 9.740436e+03 9.818358e+03
0.7 9.672540e+03 9.697385e+03 9.700814e+03 9.675969e+03
1.7 9.730326e+03 9.702370e+03 9.709674e+03 9.737631e+03
2.7 9.795380e+03 9.703728e+03 9.724251e+03 9.815903e+03
3.7 9.631422e+03 9.727243e+03 9.732918e+03 9.637096e+03
4.7 9.603893e+03 9.736026e+03 9.738106e+03 9.605973e+03
5.7 9.775896e+03 9.742172e+03 9.743899e+03 9.777622e+03
6.7 9.685973e+03 9.733540e+03 9.747214e+03 9.699646e+03
7.7 9.831047e+03 9.749435e+03 9.754059e+03 9.835671e+03
8.7 9.751539e+03 9.781828e+03 9.768157e+03 9.737868e+03
9.7 9.897835e+03 9.773414e+03 9.774168e+03 9.898588e+03
10.7 9.749593e+03 9.788690e+03 9.786326e+03 9.747228e+03
11.7 9.752953e+03 9.815129e+03 9.807743e+03 9.745566e+03
12.7 9.837065e+03 9.812562e+03 9.809659e+03 9.834162e+03
13.7 9.706984e+03 9.802417e+03 9.816388e+03 9.720955e+03
14.7 9.756190e+03 9.722333e+03 9.798678e+03 9.832536e+03
15.7 9.715363e+03 9.665172e+03 9.764870e+03 9.815061e+03
16.7 9.800559e+03 9.722636e+03 9.740436e+03 9.818358e+03
17.7 9.720527e+03 9.774858e+03 9.719307e+03 9.664976e+03
18.7 9.771021e+03 9.780897e+03 9.700411e+03 9.690535e+03
0.5 9.795380e+03 9.703728e+03 9.724251e+03 9.815903e+03
1.5 9.631422e+03 9.727243e+03 9.732918e+03 9.637096e+03
2.5 9.603893e+03 9.736026e+03 9.738106e+03 9.605973e+03
3.5 9.775896e+03 9.742172e+03 9.743899e+03 9.777622e+03
4.5 9.685973e+03 9.733540e+03 9.747214e+03 9.699646e+03
5.5 9.831047e+03 9.749435e+03 9.754059e+03 9.835671e+03
6.5 9.751539e+03 9.781828e+03 9.768157e+03 9.737868e+03
7.5 9.897835e+03 9.773414e+03 9.774168e+03 9.898588e+03
8.5 9.749593e+03 9.788690e+03 9.786326e+03 9.747228e+03
9.5 9.752953e+03 9.815129e+03 9.807743e+03 9.745566e+03
10.5 9.837065e+03 9.812562e+03 9.809659e+03 9.834162e+03
11.5 9.706984e+03 9.802417e+03 9.816388e+03 9.720955e+03
12.5 9.756190e+03 9.722333e+03 9.798678e+03 9.832536e+03
13.5 9.715363e+03 9.665172e+03 9.764870e+03 9.815061e+03
14.5 9.800559e+03 9.722636e+03 9.740436e+03 9.818358e+03
15.5 9.720527e+03 9.774858e+03 9.719307e+03 9.664976e+03
16.5 9.771021e+03 9.780897e+03 9.700411e+03 9.690535e+03
17.5 9.848635e+03 9.752964e+03 9.699355e+03 9.795027e+03
18.5 9.751933e+03 9.749312e+03 9.713111e+03 9.715731e+03
0.2 9.800559e+03 9.722636e+03 9.740436e+03 9.818358e+03
1.2 9.720527e+03 9.774858e+03 9.719307e+03 9.664976e+03
2.2 9.771021e+03 9.780897e+03 9.700411e+03 9.690535e+03
3.2 9.848635e+03 9.752964e+03 9.699355e+03 9.795027e+03
4.2 9.751933e+03 9.749312e+03 9.713111e+03 9.715731e+03
5.2 9.814499e+03 9.749252e+03 9.733082e+03 9.798329e+03
6.2 9.782856e+03 9.752375e+03 9.751269e+03 9.781751e+03
7.2 9.790261e+03 9.769306e+03 9.764331e+03 9.785286e+03
8.2 9.739678e+03 9.786583e+03 9.759162e+03 9.712256e+03
9.2 9.884270e+03 9.802409e+03 9.748273e+03 9.830134e+03
10.2 9.768450e+03 9.753774e+03 9.740592e+03 9.755268e+03
11.2 9.643857e+03 9.707987e+03 9.736400e+03 9.672271e+03
12.2 9.716267e+03 9.724049e+03 9.719421e+03 9.711638e+03
13.2 9.692588e+03 9.707784e+03 9.701807e+03 9.686611e+03
14.2 9.733314e+03 9.689780e+03 9.695617e+03 9.739152e+03
15.2 9.702273e+03 9.693545e+03 9.701062e+03 9.709791e+03
16.2 9.637641e+03 9.707234e+03 9.710829e+03 9.641235e+03
17.2 9.751209e+03 9.740989e+03 9.727249e+03 9.737469e+03
18.2 9.730334e+03 9.759614e+03 9.749661e+03 9.720381e+03
0.1 9.720527e+03 9.774858e+03 9.719307e+03 9.664976e+03
1.1 9.771021e+03 9.780897e+03 9.700411e+03 9.690535e+03
2.1 9.848635e+03 9.752964e+03 9.699355e+03 9.795027e+03
3.1 9.751933e+03 9.749312e+03 9.713111e+03 9.715731e+03
4.1 9.814499e+03 9.749252e+03 9.733082e+03 9.798329e+03
5.1 9.782856e+03 9.752375e+03 9.751269e+03 9.781751e+03
6.1 9.790261e+03 9.769306e+03 9.764331e+03 9.785286e+03
7.1 9.739678e+03 9.786583e+03 9.759162e+03 9.712256e+03
8.1 9.884270e+03 9.802409e+03 9.748273e+03 9.830134e+03
9.1 9.768450e+03 9.753774e+03 9.740592e+03 9.755268e+03
10.1 9.643857e+03 9.707987e+03 9.736400e+03 9.672271e+03
11.1 9.716267e+03 9.724049e+03 9.719421e+03 9.711638e+03
12.1 9.692588e+03 9.707784e+03 9.701807e+03 9.686611e+03
13.1 9.733314e+03 9.689780e+03 9.695617e+03 9.739152e+03
14.1 9.702273e+03 9.693545e+03 9.701062e+03 9.709791e+03
15.1 9.637641e+03 9.707234e+03 9.710829e+03 9.641235e+03
16.1 9.751209e+03 9.740989e+03 9.727249e+03 9.737469e+03
17.1 9.730334e+03 9.759614e+03 9.749661e+03 9.720381e+03
18.1 9.748335e+03 9.769254e+03 9.773637e+03 9.752719e+03
0.3 9.643857e+03 9.707987e+03 9.736400e+03 9.672271e+03
1.3 9.716267e+03 9.724049e+03 9.719421e+03 9.711638e+03
2.3 9.692588e+03 9.707784e+03 9.701807e+03 9.686611e+03
3.3 9.733314e+03 9.689780e+03 9.695617e+03 9.739152e+03
4.3 9.702273e+03 9.693545e+03 9.701062e+03 9.709791e+03
5.3 9.637641e+03 9.707234e+03 9.710829e+03 9.641235e+03
6.3 9.751209e+03 9.740989e+03 9.727249e+03 9.737469e+03
7.3 9.730334e+03 9.759614e+03 9.749661e+03 9.720381e+03
8.3 9.748335e+03 9.769254e+03 9.773637e+03 9.752719e+03
9.3 9.824342e+03 9.766760e+03 9.795368e+03 9.852949e+03
10.3 9.670439e+03 9.760435e+03 9.789304e+03 9.699309e+03
11.3 9.790622e+03 9.759840e+03 9.766767e+03 9.797548e+03
12.3 9.626396e+03 9.716194e+03 9.748819e+03 9.659021e+03
13.3 9.715383e+03 9.701150e+03 9.739244e+03 9.753477e+03
14.3 9.596533e+03 9.685465e+03 9.735439e+03 9.646507e+03
15.3 9.702720e+03 9.700969e+03 9.734926e+03 9.736676e+03
16.3 9.762421e+03 9.730390e+03 9.735951e+03 9.767982e+03
17.3 9.888784e+03 9.736060e+03 9.737325e+03 9.890049e+03
18.3 9.845466e+03 9.745675e+03 9.738443e+03 9.838234e+03
0.6 9.692588e+03 9.707784e+03 9.701807e+03 9.686611e+03
1.6 9.733314e+03 9.689780e+03 9.695617e+03 9.739152e+03
2.6 9.702273e+03 9.693545e+03 9.701062e+03 9.709791e+03
3.6 9.637641e+03 9.707234e+03 9.710829e+03 9.641235e+03
4.6 9.751209e+03 9.740989e+03 9.727249e+03 9.737469e+03
5.6 9.730334e+03 9.759614e+03 9.749661e+03 9.720381e+03
6.6 9.748335e+03 9.769254e+03 9.773637e+03 9.752719e+03
7.6 9.824342e+03 9.766760e+03 9.795368e+03 9.852949e+03
8.6 9.670439e+03 9.760435e+03 9.789304e+03 9.699309e+03
9.6 9.790622e+03 9.759840e+03 9.766767e+03 9.797548e+03
10.6 9.626396e+03 9.716194e+03 9.748819e+03 9.659021e+03
11.6 9.715383e+03 9.701150e+03 9.739244e+03 9.753477e+03
12.6 9.596533e+03 9.685465e+03 9.735439e+03 9.646507e+03
13.6 9.702720e+03 9.700969e+03 9.734926e+03 9.736676e+03
14.6 9.762421e+03 9.730390e+03 9.735951e+03 9.767982e+03
15.6 9.888784e+03 9.736060e+03 9.737325e+03 9.890049e+03
16.6 9.845466e+03 9.745675e+03 9.738443e+03 9.838234e+03
17.6 9.589543e+03 9.720344e+03 9.739037e+03 9.608237e+03
18.6 9.711021e+03 9.725808e+03 9.725416e+03 9.710628e+03
1.0 9.702273e+03 9.693545e+03 9.701062e+03 9.709791e+03
2.0 9.637641e+03 9.707234e+03 9.710829e+03 9.641235e+03
3.0 9.751209e+03 9.740989e+03 9.727249e+03 9.737469e+03
4.0 9.730334e+03 9.759614e+03 9.749661e+03 9.720381e+03
5.0 9.748335e+03 9.769254e+03 9.773637e+03 9.752719e+03
6.0 9.824342e+03 9.766760e+03 9.795368e+03 9.852949e+03
7.0 9.670439e+03 9.760435e+03 9.789304e+03 9.699309e+03
8.0 9.790622e+03 9.759840e+03 9.766767e+03 9.797548e+03
9.0 9.626396e+03 9.716194e+03 9.748819e+03 9.659021e+03
10.0 9.715383e+03 9.701150e+03 9.739244e+03 9.753477e+03
11.0 9.596533e+03 9.685465e+03 9.735439e+03 9.646507e+03
12.0 9.702720e+03 9.700969e+03 9.734926e+03 9.736676e+03
13.0 9.762421e+03 9.730390e+03 9.735951e+03 9.767982e+03
14.0 9.888784e+03 9.736060e+03 9.737325e+03 9.890049e+03
15.0 9.845466e+03 9.745675e+03 9.738443e+03 9.838234e+03
16.0 9.589543e+03 9.720344e+03 9.739037e+03 9.608237e+03
17.0 9.711021e+03 9.725808e+03 9.725416e+03 9.710628e+03
18.0 9.720440e+03 9.731216e+03 9.698446e+03 9.687670e+03
19.0 9.765457e+03 9.718042e+03 9.688716e+03 9.736131e+03
0.1 9.589543e+03 9.720344e+03 9.739037e+03 9.608237e+03
1.1 9.711021e+03 9.725808e+03 9.725416e+03 9.710628e+03
2.1 9.720440e+03 9.731216e+03 9.698446e+03 9.687670e+03
3.1 9.765457e+03 9.718042e+03 9.688716e+03 9.736131e+03
4.1 9.688251e+03 9.703458e+03 9.698346e+03 9.683138e+03
5.1 9.668870e+03 9.717977e+03 9.717847e+03 9.668740e+03
6.1 9.672019e+03 9.742530e+03 9.741272e+03 9.670761e+03
7.1 9.750856e+03 9.759566e+03 9.764288e+03 9.755578e+03
8.1 9.794146e+03 9.766229e+03 9.781369e+03 9.809287e+03
9.1 9.807888e+03 9.760238e+03 9.792935e+03 9.840584e+03
10.1 9.677432e+03 9.725766e+03 9.779871e+03 9.731536e+03
11.1 9.771005e+03 9.745048e+03 9.758869e+03 9.784826e+03
12.1 9.729259e+03 9.727846e+03 9.744541e+03 9.745954e+03
13.1 9.644215e+03 9.713764e+03 9.737618e+03 9.668070e+03
14.1 9.747688e+03 9.688522e+03 9.735373e+03 9.794538e+03
15.1 9.704525e+03 9.697316e+03 9.735644e+03 9.742853e+03
16.1 9.744012e+03 9.733591e+03 9.736946e+03 9.747367e+03
17.1 9.758905e+03 9.789877e+03 9.738351e+03 9.707380e+03
18.1 9.756713e+03 9.812297e+03 9.739449e+03 9.683865e+03
0.1 9.711021e+03 9.725808e+03 9.725416e+03 9.710628e+03
1.1 9.720440e+03 9.731216e+03 9.698446e+03 9.687670e+03
2.1 9.765457e+03 9.718042e+03 9.688716e+03 9.736131e+03
3.1 9.688251e+03 9.703458e+03 9.698346e+03 9.683138e+03
4.1 9.668870e+03 9.717977e+03 9.717847e+03 9.668740e+03
5.1 9.672019e+03 9.742530e+03 9.741272e+03 9.670761e+03
6.1 9.750856e+03 9.759566e+03 9.764288e+03 9.755578e+03
7.1 9.794146e+03 9.766229e+03 9.781369e+03 9.809287e+03
8.1 9.807888e+03 9.760238e+03 9.792935e+03 9.840584e+03
9.1 9.677432e+03 9.725766e+03 9.779871e+03 9.731536e+03
10.1 9.771005e+03 9.745048e+03 9.758869e+03 9.784826e+03
11.1 9.729259e+03 9.727846e+03 9.744541e+03 9.745954e+03
12.1 9.644215e+03 9.713764e+03 9.737618e+03 9.668070e+03
13.1 9.747688e+03 9.688522e+03 9.735373e+03 9.794538e+03
14.1 9.704525e+03 9.697316e+03 9.735644e+03 9.742853e+03
15.1 9.744012e+03 9.733591e+03 9.736946e+03 9.747367e+03
16.1 9.758905e+03 9.789877e+03 9.738351e+03 9.707380e+03
17.1 9.756713e+03 9.812297e+03 9.739449e+03 9.683865e+03
18.1 9.726666e+03 9.800921e+03 9.740192e+03 9.665937e+03
0.9 9.765457e+03 9.718042e+03 9.688716e+03 9.736131e+03
1.9 9.688251e+03 9.703458e+03 9.698346e+03 9.683138e+03
2.9 9.668870e+03 9.717977e+03 9.717847e+03 9.668740e+03
3.9 9.672019e+03 9.742530e+03 9.741272e+03 9.670761e+03
4.9 9.750856e+03 9.759566e+03 9.764288e+03 9.755578e+03
5.9 9.794146e+03 9.766229e+03 9.781369e+03 9.809287e+03
6.9 9.807888e+03 9.760238e+03 9.792935e+03 9.840584e+03
7.9 9.677432e+03 9.725766e+03 9.779871e+03 9.731536e+03
8.9 9.771005e+03 9.745048e+03 9.758869e+03 9.784826e+03
9.9 9.729259e+03 9.727846e+03 9.744541e+03 9.745954e+03
10.9 9.644215e+03 9.713764e+03 9.737618e+03 9.668070e+03
11.9 9.747688e+03 9.688522e+03 9.735373e+03 9.794538e+03
12.9 9.704525e+03 9.697316e+03 9.735644e+03 9.742853e+03
13.9 9.744012e+03 9.733591e+03 9.736946e+03 9.747367e+03
14.9 9.758905e+03 9.789877e+03 9.738351e+03 9.707380e+03
15.9 9.756713e+03 9.812297e+03 9.739449e+03 9.683865e+03
16.9 9.726666e+03 9.800921e+03 9.740192e+03 9.665937e+03
17.9 9.917479e+03 9.795393e+03 9.740679e+03 9.862766e+03
18.9 9.859181e+03 9.798245e+03 9.741021e+03 9.801957e+03
1.0 9.877386e+03 9.746049e+03 9.731256e+03 9.862593e+03
2.0 9.715455e+03 9.728095e+03 9.701286e+03 9.688646e+03
3.0 9.599521e+03 9.714256e+03 9.685880e+03 9.571146e+03
4.0 9.676249e+03 9.690073e+03 9.692263e+03 9.678439e+03
5.0 9.695233e+03 9.686553e+03 9.705111e+03 9.713792e+03
6.0 9.661450e+03 9.719930e+03 9.720154e+03 9.661674e+03
7.0 9.824422e+03 9.736831e+03 9.736899e+03 9.824490e+03
8.0 9.654657e+03 9.749942e+03 9.753544e+03 9.658260e+03
9.0 9.856192e+03 9.758944e+03 9.767993e+03 9.865241e+03
10.0 9.778727e+03 9.772523e+03 9.782919e+03 9.789123e+03
11.0 9.748111e+03 9.777816e+03 9.796295e+03 9.766590e+03
12.0 9.718443e+03 9.729329e+03 9.801528e+03 9.790642e+03
13.0 9.679610e+03 9.710622e+03 9.779552e+03 9.748540e+03
14.0 9.895082e+03 9.740777e+03 9.737727e+03 9.892032e+03
15.0 9.576230e+03 9.739937e+03 9.704251e+03 9.540544e+03
16.0 9.718532e+03 9.738539e+03 9.688740e+03 9.668733e+03
17.0 9.694248e+03 9.734695e+03 9.690798e+03 9.650351e+03
18.0 9.744107e+03 9.745904e+03 9.713146e+03 9.711349e+03
19.0 9.762787e+03 9.753648e+03 9.748370e+03 9.757509e+03
0.9 9.715455e+03 9.728095e+03 9.701286e+03 9.688646e+03
1.9 9.599521e+03 9.714256e+03 9.685880e+03 9.571146e+03
2.9 9.676249e+03 9.690073e+03 9.692263e+03 9.678439e+03
3.9 9.695233e+03 9.686553e+03 9.705111e+03 9.713792e+03
4.9 9.661450e+03 9.719930e+03 9.720154e+03 9.661674e+03
5.9 9.824422e+03 9.736831e+03 9.736899e+03 9.824490e+03
6.9 9.654657e+03 9.749942e+03 9.753544e+03 9.658260e+03
7.9 9.856192e+03 9.758944e+03 9.767993e+03 9.865241e+03
8.9 9.778727e+03 9.772523e+03 9.782919e+03 9.789123e+03
9.9 9.748111e+03 9.777816e+03 9.796295e+03 9.766590e+03
10.9 9.718443e+03 9.729329e+03 9.801528e+03 9.790642e+03
11.9 9.679610e+03 9.710622e+03 9.779552e+03 9.748540e+03
12.9 9.895082e+03 9.740777e+03 9.737727e+03 9.892032e+03
13.9 9.576230e+03 9.739937e+03 9.704251e+03 9.540544e+03
14.9 9.718532e+03 9.738539e+03 9.688740e+03 9.668733e+03
15.9 9.694248e+03 9.734695e+03 9.690798e+03 9.650351e+03
16.9 9.744107e+03 9.745904e+03 9.713146e+03 9.711349e+03
17.9 9.762787e+03 9.753648e+03 9.748370e+03 9.757509e+03
18.9 9.924978e+03 9.774847e+03 9.782792e+03 9.932922e+03
0.3 9.599521e+03 9.714256e+03 9.685880e+03 9.571146e+03
1.3 9.676249e+03 9.690073e+03 9.692263e+03 9.678439e+03
2.3 9.695233e+03 9.686553e+03 9.705111e+03 9.713792e+03
3.3 9.661450e+03 9.719930e+03 9.720154e+03 9.661674e+03
4.3 9.824422e+03 9.736831e+03 9.736899e+03 9.824490e+03
5.3 9.654657e+03 9.749942e+03 9.753544e+03 9.658260e+03
6.3 9.856192e+03 9.758944e+03 9.767993e+03 9.865241e+03
7.3 9.778727e+03 9.772523e+03 9.782919e+03 9.789123e+03
8.3 9.748111e+03 9.777816e+03 9.796295e+03 9.766590e+03
9.3 9.718443e+03 9.729329e+03 9.801528e+03 9.790642e+03
10.3 9.679610e+03 9.710622e+03 9.779552e+03 9.748540e+03
11.3 9.895082e+03 9.740777e+03 9.737727e+03 9.892032e+03
12.3 9.576230e+03 9.739937e+03 9.704251e+03 9.540544e+03
13.3 9.718532e+03 9.738539e+03 9.688740e+03 9.668733e+03
14.3 9.694248e+03 9.734695e+03 9.690798e+03 9.650351e+03
15.3 9.744107e+03 9.745904e+03 9.713146e+03 9.711349e+03
16.3 9.762787e+03 9.753648e+03 9.748370e+03 9.757509e+03
17.3 9.924978e+03 9.774847e+03 9.782792e+03 9.932922e+03
18.3 9.855004e+03 9.784821e+03 9.795932e+03 9.866115e+03
0.8 9.695233e+03 9.686553e+03 9.705111e+03 9.713792e+03
1.8 9.661450e+03 9.719930e+03 9.720154e+03 9.661674e+03
2.8 9.824422e+03 9.736831e+03 9.736899e+03 9.824490e+03
3.8 9.654657e+03 9.749942e+03 9.753544e+03 9.658260e+03
4.8 9.856192e+03 9.758944e+03 9.767993e+03 9.865241e+03
5.8 9.778727e+03 9.772523e+03 9.782919e+03 9.789123e+03
6.8 9.748111e+03 9.777816e+03 9.796295e+03 9.766590e+03
7.8 9.718443e+03 9.729329e+03 9.801528e+03 9.790642e+03
8.8 9.679610e+03 9.710622e+03 9.779552e+03 9.748540e+03
9.8 9.895082e+03 9.740777e+03 9.737727e+03 9.892032e+03
10.8 9.576230e+03 9.739937e+03 9.704251e+03 9.540544e+03
11.8 9.718532e+03 9.738539e+03 9.688740e+03 9.668733e+03
12.8 9.694248e+03 9.734695e+03 9.690798e+03 9.650351e+03
13.8 9.744107e+03 9.745904e+03 9.713146e+03 9.711349e+03
14.8 9.762787e+03 9.753648e+03 9.748370e+03 9.757509e+03
15.8 9.924978e+03 9.774847e+03 9.782792e+03 9.932922e+03
16.8 9.855004e+03 9.784821e+03 9.795932e+03 9.866115e+03
17.8 9.743842e+03 9.801952e+03 9.778338e+03 9.720228e+03
18.8 9.787433e+03 9.752121e+03 9.756321e+03 9.791633e+03
0.3 9.679610e+03 9.710622e+03 9.779552e+03 9.748540e+03
1.3 9.895082e+03 9.740777e+03 9.737727e+03 9.892032e+03
2.3 9.576230e+03 9.739937e+03 9.704251e+03 9.540544e+03
3.3 9.718532e+03 9.738539e+03 9.688740e+03 9.668733e+03
4.3 9.694248e+03 9.734695e+03 9.690798e+03 9.650351e+03
5.3 9.744107e+03 9.745904e+03 9.713146e+03 9.711349e+03
6.3 9.762787e+03 9.753648e+03 9.748370e+03 9.757509e+03
7.3 9.924978e+03 9.774847e+03 9.782792e+03 9.932922e+03
8.3 9.855004e+03 9.784821e+03 9.795932e+03 9.866115e+03
9.3 9.743842e+03 9.801952e+03 9.778338e+03 9.720228e+03
10.3 9.787433e+03 9.752121e+03 9.756321e+03 9.791633e+03
11.3 9.738302e+03 9.727922e+03 9.742202e+03 9.752581e+03
12.3 9.740879e+03 9.738051e+03 9.731877e+03 9.734705e+03
13.3 9.818112e+03 9.747329e+03 9.717435e+03 9.788218e+03
14.3 9.806640e+03 9.732119e+03 9.713327e+03 9.787848e+03
15.3 9.736374e+03 9.729349e+03 9.722750e+03 9.729775e+03
16.3 9.731822e+03 9.727512e+03 9.740267e+03 9.744577e+03
17.3 9.584216e+03 9.742544e+03 9.755822e+03 9.597494e+03
18.3 9.625396e+03 9.705598e+03 9.755409e+03 9.675206e+03
0.8 9.576230e+03 9.739937e+03 9.704251e+03 9.540544e+03
1.8 9.718532e+03 9.738539e+03 9.688740e+03 9.668733e+03
2.8 9.694248e+03 9.734695e+03 9.690798e+03 9.650351e+03
3.8 9.744107e+03 9.745904e+03 9.713146e+03 9.711349e+03
4.8 9.762787e+03 9.753648e+03 9.748370e+03 9.757509e+03
5.8 9.924978e+03 9.774847e+03 9.782792e+03 9.932922e+03
6.8 9.855004e+03 9.784821e+03 9.795932e+03 9.866115e+03
7.8 9.743842e+03 9.801952e+03 9.778338e+03 9.720228e+03
8.8 9.787433e+03 9.752121e+03 9.756321e+03 9.791633e+03
9.8 9.738302e+03 9.727922e+03 9.742202e+03 9.752581e+03
10.8 9.740879e+03 9.738051e+03 9.731877e+03 9.734705e+03
11.8 9.818112e+03 9.747329e+03 9.717435e+03 9.788218e+03
12.8 9.806640e+03 9.732119e+03 9.713327e+03 9.787848e+03
13.8 9.736374e+03 9.729349e+03 9.722750e+03 9.729775e+03
14.8 9.731822e+03 9.727512e+03 9.740267e+03 9.744577e+03
15.8 9.584216e+03 9.742544e+03 9.755822e+03 9.597494e+03
16.8 9.625396e+03 9.705598e+03 9.755409e+03 9.675206e+03
17.8 9.615198e+03 9.669797e+03 9.748448e+03 9.693850e+03
18.8 9.779348e+03 9.680606e+03 9.742864e+03 9.841605e+03
0.7 9.718532e+03 9.738539e+03 9.688740e+03 9.668733e+03
1.7 9.694248e+03 9.734695e+03 9.690798e+03 9.650351e+03
2.7 9.744107e+03 9.745904e+03 9.713146e+03 9.711349e+03
3.7 9.762787e+03 9.753648e+03 9.748370e+03 9.757509e+03
4.7 9.924978e+03 9.774847e+03 9.782792e+03 9.932922e+03
5.7 9.855004e+03 9.784821e+03 9.795932e+03 9.866115e+03
6.7 9.743842e+03 9.801952e+03 9.778338e+03 9.720228e+03
7.7 9.787433e+03 9.752121e+03 9.756321e+03 9.791633e+03
8.7 9.738302e+03 9.727922e+03 9.742202e+03 9.752581e+03
9.7 9.740879e+03 9.738051e+03 9.731877e+03 9.734705e+03
10.7 9.818112e+03 9.747329e+03 9.717435e+03 9.788218e+03
11.7 9.806640e+03 9.732119e+03 9.713327e+03 9.787848e+03
12.7 9.736374e+03 9.729349e+03 9.722750e+03 9.729775e+03
13.7 9.731822e+03 9.727512e+03 9.740267e+03 9.744577e+03
14.7 9.584216e+03 9.742544e+03 9.755822e+03 9.597494e+03
15.7 9.625396e+03 9.705598e+03 9.755409e+03 9.675206e+03
16.7 9.615198e+03 9.669797e+03 9.748448e+03 9.693850e+03
17.7 9.779348e+03 9.680606e+03 9.742864e+03 9.841605e+03
18.7 9.729456e+03 9.705913e+03 9.739721e+03 9.763264e+03
0.8 9.740879e+03 9.738051e+03 9.731877e+03 9.734705e+03
1.8 9.818112e+03 9.747329e+03 9.717435e+03 9.788218e+03
2.8 9.806640e+03 9.732119e+03 9.713327e+03 9.787848e+03
3.8 9.736374e+03 9.729349e+03 9.722750e+03 9.729775e+03
4.8 9.731822e+03 9.727512e+03 9.740267e+03 9.744577e+03
5.8 9.584216e+03 9.742544e+03 9.755822e+03 9.597494e+03
6.8 9.625396e+03 9.705598e+03 9.755409e+03 9.675206e+03
7.8 9.615198e+03 9.669797e+03 9.748448e+03 9.693850e+03
8.8 9.779348e+03 9.680606e+03 9.742864e+03 9.841605e+03
9.8 9.729456e+03 9.705913e+03 9.739721e+03 9.763264e+03
10.8 9.834803e+03 9.723603e+03 9.738371e+03 9.849571e+03
11.8 9.884958e+03 9.747283e+03 9.738190e+03 9.875865e+03
12.8 9.648729e+03 9.740504e+03 9.738625e+03 9.646850e+03
13.8 9.780796e+03 9.763629e+03 9.739239e+03 9.756407e+03
14.8 9.741726e+03 9.750591e+03 9.739794e+03 9.730929e+03
15.8 9.723281e+03 9.748333e+03 9.740218e+03 9.715167e+03
16.8 9.829626e+03 9.782004e+03 9.740543e+03 9.788165e+03
17.8 9.825691e+03 9.784698e+03 9.740815e+03 9.781809e+03
18.8 9.786008e+03 9.780890e+03 9.741061e+03 9.746179e+03
0.6 9.818112e+03 9.747329e+03 9.717435e+03 9.788218e+03
1.6 9.806640e+03 9.732119e+03 9.713327e+03 9.787848e+03
2.6 9.736374e+03 9.729349e+03 9.722750e+03 9.729775e+03
3.6 9.731822e+03 9.727512e+03 9.740267e+03 9.744577e+03
4.6 9.584216e+03 9.742544e+03 9.755822e+03 9.597494e+03
5.6 9.625396e+03 9.705598e+03 9.755409e+03 9.675206e+03
6.6 9.615198e+03 9.669797e+03 9.748448e+03 9.693850e+03
7.6 9.779348e+03 9.680606e+03 9.742864e+03 9.841605e+03
8.6 9.729456e+03 9.705913e+03 9.739721e+03 9.763264e+03
9.6 9.834803e+03 9.723603e+03 9.738371e+03 9.849571e+03
10.6 9.884958e+03 9.747283e+03 9.738190e+03 9.875865e+03
11.6 9.648729e+03 9.740504e+03 9.738625e+03 9.646850e+03
12.6 9.780796e+03 9.763629e+03 9.739239e+03 9.756407e+03
13.6 9.741726e+03 9.750591e+03 9.739794e+03 9.730929e+03
14.6 9.723281e+03 9.748333e+03 9.740218e+03 9.715167e+03
15.6 9.829626e+03 9.782004e+03 9.740543e+03 9.788165e+03
16.6 9.825691e+03 9.784698e+03 9.740815e+03 9.781809e+03
17.6 9.786008e+03 9.780890e+03 9.741061e+03 9.746179e+03
18.6 9.792475e+03 9.751793e+03 9.741290e+03 9.781971e+03
0.3 9.622105e+03 9.714878e+03 9.741996e+03 9.649223e+03
1.3 9.750426e+03 9.740901e+03 9.732786e+03 9.742310e+03
2.3 9.693832e+03 9.751622e+03 9.724640e+03 9.666850e+03
3.3 9.619821e+03 9.763999e+03 9.727056e+03 9.582879e+03
4.3 9.754418e+03 9.756026e+03 9.737093e+03 9.735485e+03
5.3 9.565132e+03 9.730065e+03 9.751656e+03 9.586723e+03
6.3 9.755005e+03 9.745309e+03 9.760860e+03 9.770556e+03
7.3 9.606569e+03 9.722006e+03 9.756954e+03 9.641517e+03
8.3 9.692472e+03 9.673294e+03 9.750047e+03 9.769225e+03
9.3 9.680014e+03 9.689736e+03 9.745241e+03 9.735519e+03
10.3 9.767332e+03 9.728844e+03 9.739474e+03 9.777961e+03
11.3 9.690422e+03 9.764065e+03 9.714966e+03 9.641323e+03
12.3 9.853341e+03 9.742934e+03 9.695067e+03 9.805474e+03
13.3 9.754611e+03 9.702809e+03 9.692846e+03 9.744648e+03
14.3 9.666963e+03 9.711117e+03 9.706563e+03 9.662409e+03
15.3 9.730130e+03 9.722327e+03 9.727156e+03 9.734959e+03
16.3 9.715930e+03 9.747267e+03 9.749795e+03 9.718458e+03
17.3 9.727579e+03 9.774850e+03 9.775623e+03 9.728352e+03
18.3 9.806980e+03 9.776090e+03 9.799626e+03 9.830517e+03
0.7 9.693832e+03 9.751622e+03 9.724640e+03 9.666850e+03
1.7 9.619821e+03 9.763999e+03 9.727056e+03 9.582879e+03
2.7 9.754418e+03 9.756026e+03 9.737093e+03 9.735485e+03
3.7 9.565132e+03 9.730065e+03 9.751656e+03 9.586723e+03
4.7 9.755005e+03 9.745309e+03 9.760860e+03 9.770556e+03
5.7 9.606569e+03 9.722006e+03 9.756954e+03 9.641517e+03
6.7 9.692472e+03 9.673294e+03 9.750047e+03 9.769225e+03
7.7 9.680014e+03 9.689736e+03 9.745241e+03 9.735519e+03
8.7 9.767332e+03 9.728844e+03 9.739474e+03 9.777961e+03
9.7 9.690422e+03 9.764065e+03 9.714966e+03 9.641323e+03
10.7 9.853341e+03 9.742934e+03 9.695067e+03 9.805474e+03
11.7 9.754611e+03 9.702809e+03 9.692846e+03 9.744648e+03
12.7 9.666963e+03 9.711117e+03 9.706563e+03 9.662409e+03
13.7 9.730130e+03 9.722327e+03 9.727156e+03 9.734959e+03
14.7 9.715930e+03 9.747267e+03 9.749795e+03 9.718458e+03
15.7 9.727579e+03 9.774850e+03 9.775623e+03 9.728352e+03
16.7 9.806980e+03 9.776090e+03 9.799626e+03 9.830517e+03
17.7 9.773334e+03 9.777110e+03 9.792326e+03 9.788550e+03
18.7 9.801990e+03 9.790157e+03 9.768968e+03 9.780801e+03
0.6 9.767332e+03 9.728844e+03 9.739474e+03 9.777961e+03
1.6 9.690422e+03 9.764065e+03 9.714966e+03 9.641323e+03
2.6 9.853341e+03 9.742934e+03 9.695067e+03 9.805474e+03
3.6 9.754611e+03 9.702809e+03 9.692846e+03 9.744648e+03
4.6 9.666963e+03 9.711117e+03 9.706563e+03 9.662409e+03
5.6 9.730130e+03 9.722327e+03 9.727156e+03 9.734959e+03
6.6 9.715930e+03 9.747267e+03 9.749795e+03 9.718458e+03
7.6 9.727579e+03 9.774850e+03 9.775623e+03 9.728352e+03
8.6 9.806980e+03 9.776090e+03 9.799626e+03 9.830517e+03
9.6 9.773334e+03 9.777110e+03 9.792326e+03 9.788550e+03
10.6 9.801990e+03 9.790157e+03 9.768968e+03 9.780801e+03
11.6 9.788447e+03 9.751261e+03 9.749492e+03 9.786678e+03
12.6 9.840273e+03 9.747067e+03 9.732012e+03 9.825218e+03
13.6 9.737006e+03 9.722610e+03 9.726017e+03 9.740412e+03
14.6 9.712421e+03 9.706724e+03 9.729636e+03 9.735332e+03
15.6 9.732418e+03 9.727757e+03 9.739802e+03 9.744463e+03
16.6 9.850287e+03 9.810098e+03 9.748646e+03 9.788835e+03
17.6 9.771452e+03 9.813011e+03 9.747399e+03 9.705840e+03
18.6 9.778938e+03 9.791252e+03 9.724707e+03 9.712392e+03
0.4 9.690422e+03 9.764065e+03 9.714966e+03 9.641323e+03
1.4 9.853341e+03 9.742934e+03 9.695067e+03 9.805474e+03
2.4 9.754611e+03 9.702809e+03 9.692846e+03 9.744648e+03
3.4 9.666963e+03 9.711117e+03 9.706563e+03 9.662409e+03
4.4 9.730130e+03 9.722327e+03 9.727156e+03 9.734959e+03
5.4 9.715930e+03 9.747267e+03 9.749795e+03 9.718458e+03
6.4 9.727579e+03 9.774850e+03 9.775623e+03 9.728352e+03
7.4 9.806980e+03 9.776090e+03 9.799626e+03 9.830517e+03
8.4 9.773334e+03 9.777110e+03 9.792326e+03 9.788550e+03
9.4 9.801990e+03 9.790157e+03 9.768968e+03 9.780801e+03
10.4 9.788447e+03 9.751261e+03 9.749492e+03 9.786678e+03
11.4 9.840273e+03 9.747067e+03 9.732012e+03 9.825218e+03
12.4 9.737006e+03 9.722610e+03 9.726017e+03 9.740412e+03
13.4 9.712421e+03 9.706724e+03 9.729636e+03 9.735332e+03
14.4 9.732418e+03 9.727757e+03 9.739802e+03 9.744463e+03
15.4 9.850287e+03 9.810098e+03 9.748646e+03 9.788835e+03
16.4 9.771452e+03 9.813011e+03 9.747399e+03 9.705840e+03
17.4 9.778938e+03 9.791252e+03 9.724707e+03 9.712392e+03
18.4 9.772037e+03 9.742390e+03 9.699283e+03 9.728930e+03
0.3 9.853341e+03 9.742934e+03 9.695067e+03 9.805474e+03
1.3 9.754611e+03 9.702809e+03 9.692846e+03 9.744648e+03
2.3 9.666963e+03 9.711117e+03 9.706563e+03 9.662409e+03
3.3 9.730130e+03 9.722327e+03 9.727156e+03 9.734959e+03
4.3 9.715930e+03 9.747267e+03 9.749795e+03 9.718458e+03
5.3 9.727579e+03 9.774850e+03 9.775623e+03 9.728352e+03
6.3 9.806980e+03 9.776090e+03 9.799626e+03 9.830517e+03
7.3 9.773334e+03 9.777110e+03 9.792326e+03 9.788550e+03
8.3 9.801990e+03 9.790157e+03 9.768968e+03 9.780801e+03
9.3 9.788447e+03 9.751261e+03 9.749492e+03 9.786678e+03
10.3 9.840273e+03 9.747067e+03 9.732012e+03 9.825218e+03
11.3 9.737006e+03 9.722610e+03 9.726017e+03 9.740412e+03
12.3 9.712421e+03 9.706724e+03 9.729636e+03 9.735332e+03
13.3 9.732418e+03 9.727757e+03 9.739802e+03 9.744463e+03
14.3 9.850287e+03 9.810098e+03 9.748646e+03 9.788835e+03
15.3 9.771452e+03 9.813011e+03 9.747399e+03 9.705840e+03
16.3 9.778938e+03 9.791252e+03 9.724707e+03 9.712392e+03
17.3 9.772037e+03 9.742390e+03 9.699283e+03 9.728930e+03
18.3 9.789781e+03 9.683190e+03 9.693103e+03 9.799695e+03
0.6 9.788447e+03 9.751261e+03 9.749492e+03 9.786678e+03
1.6 9.840273e+03 9.747067e+03 9.732012e+03 9.825218e+03
2.6 9.737006e+03 9.722610e+03 9.726017e+03 9.740412e+03
3.6 9.712421e+03 9.706724e+03 9.729636e+03 9.735332e+03
4.6 9.732418e+03 9.727757e+03 9.739802e+03 9.744463e+03
5.6 9.850287e+03 9.810098e+03 9.748646e+03 9.788835e+03
6.6 9.771452e+03 9.813011e+03 9.747399e+03 9.705840e+03
7.6 9.778938e+03 9.791252e+03 9.724707e+03 9.712392e+03
8.6 9.772037e+03 9.742390e+03 9.699283e+03 9.728930e+03
9.6 9.789781e+03 9.683190e+03 9.693103e+03 9.799695e+03
10.6 9.747513e+03 9.689461e+03 9.702040e+03 9.760092e+03
11.6 9.748637e+03 9.701634e+03 9.715619e+03 9.762622e+03
12.6 9.662526e+03 9.697229e+03 9.733991e+03 9.699288e+03
13.6 9.726569e+03 9.719411e+03 9.751767e+03 9.758924e+03
14.6 9.801118e+03 9.741349e+03 9.771760e+03 9.831529e+03
15.6 9.748387e+03 9.768332e+03 9.795144e+03 9.775199e+03
16.6 9.701304e+03 9.719557e+03 9.789468e+03 9.771214e+03
17.6 9.672466e+03 9.702736e+03 9.766628e+03 9.736358e+03
18.6 9.691919e+03 9.747820e+03 9.748478e+03 9.692577e+03
0.4 9.771452e+03 9.813011e+03 9.747399e+03 9.705840e+03
1.4 9.778938e+03 9.791252e+03 9.724707e+03 9.712392e+03
2.4 9.772037e+03 9.742390e+03 9.699283e+03 9.728930e+03
3.4 9.789781e+03 9.683190e+03 9.693103e+03 9.799695e+03
4.4 9.747513e+03 9.689461e+03 9.702040e+03 9.760092e+03
5.4 9.748637e+03 9.701634e+03 9.715619e+03 9.762622e+03
6.4 9.662526e+03 9.697229e+03 9.733991e+03 9.699288e+03
7.4 9.726569e+03 9.719411e+03 9.751767e+03 9.758924e+03
8.4 9.801118e+03 9.741349e+03 9.771760e+03 9.831529e+03
9.4 9.748387e+03 9.768332e+03 9.795144e+03 9.775199e+03
10.4 9.701304e+03 9.719557e+03 9.789468e+03 9.771214e+03
11.4 9.672466e+03 9.702736e+03 9.766628e+03 9.736358e+03
12.4 9.691919e+03 9.747820e+03 9.748478e+03 9.692577e+03
13.4 9.677507e+03 9.698507e+03 9.738794e+03 9.717794e+03
14.4 9.815338e+03 9.725689e+03 9.734895e+03 9.824544e+03
15.4 9.705678e+03 9.732684e+03 9.734312e+03 9.707306e+03
16.4 9.727123e+03 9.780119e+03 9.735311e+03 9.682315e+03
17.4 9.886911e+03 9.758644e+03 9.736705e+03 9.864972e+03
18.4 9.739687e+03 9.752312e+03 9.737869e+03 9.725244e+03
0.1 9.778938e+03 9.791252e+03 9.724707e+03 9.712392e+03
1.1 9.772037e+03 9.742390e+03 9.699283e+03 9.728930e+03
2.1 9.789781e+03 9.683190e+03 9.693103e+03 9.799695e+03
3.1 9.747513e+03 9.689461e+03 9.702040e+03 9.760092e+03
4.1 9.748637e+03 9.701634e+03 9.715619e+03 9.762622e+03
5.1 9.662526e+03 9.697229e+03 9.733991e+03 9.699288e+03
6.1 9.726569e+03 9.719411e+03 9.751767e+03 9.758924e+03
7.1 9.801118e+03 9.741349e+03 9.771760e+03 9.831529e+03
8.1 9.748387e+03 9.768332e+03 9.795144e+03 9.775199e+03
9.1 9.701304e+03 9.719557e+03 9.789468e+03 9.771214e+03
10.1 9.672466e+03 9.702736e+03 9.766628e+03 9.736358e+03
11.1 9.691919e+03 9.747820e+03 9.748478e+03 9.692577e+03
12.1 9.677507e+03 9.698507e+03 9.738794e+03 9.717794e+03
13.1 9.815338e+03 9.725689e+03 9.734895e+03 9.824544e+03
14.1 9.705678e+03 9.732684e+03 9.734312e+03 9.707306e+03
15.1 9.727123e+03 9.780119e+03 9.735311e+03 9.682315e+03
16.1 9.886911e+03 9.758644e+03 9.736705e+03 9.864972e+03
17.1 9.739687e+03 9.752312e+03 9.737869e+03 9.725244e+03
18.1 9.709506e+03 9.754119e+03 9.738644e+03 9.694031e+03
0.4 9.789781e+03 9.683190e+03 9.693103e+03 9.799695e+03
1.4 9.747513e+03 9.689461e+03 9.702040e+03 9.760092e+03
2.4 9.748637e+03 9.701634e+03 9.715619e+03 9.762622e+03
3.4 9.662526e+03 9.697229e+03 9.733991e+03 9.699288e+03
4.4 9.726569e+03 9.719411e+03 9.751767e+03 9.758924e+03
5.4 9.801118e+03 9.741349e+03 9.771760e+03 9.831529e+03
6.4 9.748387e+03 9.768332e+03 9.795144e+03 9.775199e+03
7.4 9.701304e+03 9.719557e+03 9.789468e+03 9.771214e+03
8.4 9.672466e+03 9.702736e+03 9.766628e+03 9.736358e+03
9.4 9.691919e+03 9.747820e+03 9.748478e+03 9.692577e+03
10.4 9.677507e+03 9.698507e+03 9.738794e+03 9.717794e+03
11.4 9.815338e+03 9.725689e+03 9.734895e+03 9.824544e+03
12.4 9.705678e+03 9.732684e+03 9.734312e+03 9.707306e+03
13.4 9.727123e+03 9.780119e+03 9.735311e+03 9.682315e+03
14.4 9.886911e+03 9.758644e+03 9.736705e+03 9.864972e+03
15.4 9.739687e+03 9.752312e+03 9.737869e+03 9.725244e+03
16.4 9.709506e+03 9.754119e+03 9.738644e+03 9.694031e+03
17.4 9.689630e+03 9.728286e+03 9.739099e+03 9.700443e+03
18.4 9.753774e+03 9.749526e+03 9.739358e+03 9.743606e+03
0.8 9.767204e+03 9.764643e+03 9.737221e+03 9.739782e+03
1.8 9.784790e+03 9.767966e+03 9.725492e+03 9.742316e+03
2.8 9.744286e+03 9.751213e+03 9.721717e+03 9.714790e+03
3.8 9.737044e+03 9.762388e+03 9.730367e+03 9.705022e+03
4.8 9.777918e+03 9.746492e+03 9.749077e+03 9.780503e+03
5.8 9.716494e+03 9.736198e+03 9.758122e+03 9.738417e+03
6.8 9.807765e+03 9.779383e+03 9.753767e+03 9.782149e+03
7.8 9.837554e+03 9.748305e+03 9.747277e+03 9.836525e+03
8.8 9.671240e+03 9.717600e+03 9.742895e+03 9.696536e+03
9.8 9.587195e+03 9.690078e+03 9.740490e+03 9.637607e+03
10.8 9.697412e+03 9.714725e+03 9.739462e+03 9.722149e+03
11.8 9.783438e+03 9.726306e+03 9.739315e+03 9.796447e+03
12.8 9.690926e+03 9.722680e+03 9.739594e+03 9.707840e+03
13.8 9.634580e+03 9.726071e+03 9.739958e+03 9.648467e+03
14.8 9.768015e+03 9.765934e+03 9.740250e+03 9.742331e+03
15.8 9.667020e+03 9.731567e+03 9.740444e+03 9.675896e+03
16.8 9.780948e+03 9.765023e+03 9.740566e+03 9.756491e+03
17.8 9.680032e+03 9.784284e+03 9.740647e+03 9.636395e+03
18.8 9.732528e+03 9.789994e+03 9.740699e+03 9.683233e+03
0.3 9.784790e+03 9.767966e+03 9.725492e+03 9.742316e+03
1.3 9.744286e+03 9.751213e+03 9.721717e+03 9.714790e+03
2.3 9.737044e+03 9.762388e+03 9.730367e+03 9.705022e+03
3.3 9.777918e+03 9.746492e+03 9.749077e+03 9.780503e+03
4.3 9.716494e+03 9.736198e+03 9.758122e+03 9.738417e+03
5.3 9.807765e+03 9.779383e+03 9.753767e+03 9.782149e+03
6.3 9.837554e+03 9.748305e+03 9.747277e+03 9.836525e+03
7.3 9.671240e+03 9.717600e+03 9.742895e+03 9.696536e+03
8.3 9.587195e+03 9.690078e+03 9.740490e+03 9.637607e+03
9.3 9.697412e+03 9.714725e+03 9.739462e+03 9.722149e+03
10.3 9.783438e+03 9.726306e+03 9.739315e+03 9.796447e+03
11.3 9.690926e+03 9.722680e+03 9.739594e+03 9.707840e+03
12.3 9.634580e+03 9.726071e+03 9.739958e+03 9.648467e+03
13.3 9.768015e+03 9.765934e+03 9.740250e+03 9.742331e+03
14.3 9.667020e+03 9.731567e+03 9.740444e+03 9.675896e+03
15.3 9.780948e+03 9.765023e+03 9.740566e+03 9.756491e+03
16.3 9.680032e+03 9.784284e+03 9.740647e+03 9.636395e+03
17.3 9.732528e+03 9.789994e+03 9.740699e+03 9.683233e+03
18.3 9.610217e+03 9.741012e+03 9.740729e+03 9.609934e+03
0.6 9.737242e+03 9.749305e+03 9.740410e+03 9.728347e+03
1.6 9.747430e+03 9.760412e+03 9.736637e+03 9.723655e+03
2.6 9.817128e+03 9.744609e+03 9.736059e+03 9.808578e+03
3.6 9.683954e+03 9.743178e+03 9.741761e+03 9.682537e+03
4.6 9.724826e+03 9.747760e+03 9.745099e+03 9.722165e+03
5.6 9.864254e+03 9.711687e+03 9.744447e+03 9.897014e+03
6.6 9.678465e+03 9.711955e+03 9.743073e+03 9.709582e+03
7.6 9.786511e+03 9.739883e+03 9.742136e+03 9.788764e+03
8.6 9.770718e+03 9.754198e+03 9.741612e+03 9.758132e+03
9.6 9.701478e+03 9.738783e+03 9.741389e+03 9.704084e+03
10.6 9.705787e+03 9.698896e+03 9.741382e+03 9.748273e+03
11.6 9.776565e+03 9.697071e+03 9.741488e+03 9.820982e+03
12.6 9.706129e+03 9.751161e+03 9.741628e+03 9.696596e+03
13.6 9.748372e+03 9.772615e+03 9.741758e+03 9.717515e+03
14.6 9.752971e+03 9.839854e+03 9.741867e+03 9.654984e+03
15.6 9.867927e+03 9.778914e+03 9.741959e+03 9.830971e+03
16.6 9.793792e+03 9.806389e+03 9.742030e+03 9.729433e+03
17.6 9.823342e+03 9.778546e+03 9.742079e+03 9.786874e+03
18.6 9.716975e+03 9.712812e+03 9.742113e+03 9.746275e+03
0.5 9.673352e+03 9.720071e+03 9.740871e+03 9.694151e+03
1.5 9.732295e+03 9.782492e+03 9.727171e+03 9.676974e+03
2.5 9.691665e+03 9.724175e+03 9.721058e+03 9.688549e+03
3.5 9.754018e+03 9.719167e+03 9.726926e+03 9.761777e+03
4.5 9.715242e+03 9.719994e+03 9.727270e+03 9.722519e+03
5.5 9.662660e+03 9.725974e+03 9.730063e+03 9.666749e+03
6.5 9.782022e+03 9.753368e+03 9.738274e+03 9.766929e+03
7.5 9.734080e+03 9.743286e+03 9.750488e+03 9.741283e+03
8.5 9.788019e+03 9.759917e+03 9.763195e+03 9.791297e+03
9.5 9.847614e+03 9.778482e+03 9.770823e+03 9.839956e+03
10.5 9.665652e+03 9.753162e+03 9.762582e+03 9.675072e+03
11.5 9.718297e+03 9.723813e+03 9.751267e+03 9.745752e+03
12.5 9.810283e+03 9.746525e+03 9.743909e+03 9.807667e+03
13.5 9.696876e+03 9.696944e+03 9.740289e+03 9.740220e+03
14.5 9.696799e+03 9.745870e+03 9.733997e+03 9.684926e+03
15.5 9.638311e+03 9.758719e+03 9.714194e+03 9.593785e+03
16.5 9.741483e+03 9.743541e+03 9.703502e+03 9.701444e+03
17.5 9.642769e+03 9.717686e+03 9.706696e+03 9.631779e+03
18.5 9.759977e+03 9.738475e+03 9.717614e+03 9.739116e+03
0.6 9.754018e+03 9.719167e+03 9.726926e+03 9.761777e+03
1.6 9.715242e+03 9.719994e+03 9.727270e+03 9.722519e+03
2.6 9.662660e+03 9.725974e+03 9.730063e+03 9.666749e+03
3.6 9.782022e+03 9.753368e+03 9.738274e+03 9.766929e+03
4.6 9.734080e+03 9.743286e+03 9.750488e+03 9.741283e+03
5.6 9.788019e+03 9.759917e+03 9.763195e+03 9.791297e+03
6.6 9.847614e+03 9.778482e+03 9.770823e+03 9.839956e+03
7.6 9.665652e+03 9.753162e+03 9.762582e+03 9.675072e+03
8.6 9.718297e+03 9.723813e+03 9.751267e+03 9.745752e+03
9.6 9.810283e+03 9.746525e+03 9.743909e+03 9.807667e+03
10.6 9.696876e+03 9.696944e+03 9.740289e+03 9.740220e+03
11.6 9.696799e+03 9.745870e+03 9.733997e+03 9.684926e+03
12.6 9.638311e+03 9.758719e+03 9.714194e+03 9.593785e+03
13.6 9.741483e+03 9.743541e+03 9.703502e+03 9.701444e+03
14.6 9.642769e+03 9.717686e+03 9.706696e+03 9.631779e+03
15.6 9.759977e+03 9.738475e+03 9.717614e+03 9.739116e+03
16.6 9.876857e+03 9.750782e+03 9.732853e+03 9.858928e+03
17.6 9.725189e+03 9.761456e+03 9.751400e+03 9.715133e+03
18.6 9.757183e+03 9.761789e+03 9.764679e+03 9.760073e+03
0.8 9.696799e+03 9.745870e+03 9.733997e+03 9.684926e+03
1.8 9.638311e+03 9.758719e+03 9.714194e+03 9.593785e+03
2.8 9.741483e+03 9.743541e+03 9.703502e+03 9.701444e+03
3.8 9.642769e+03 9.717686e+03 9.706696e+03 9.631779e+03
4.8 9.759977e+03 9.738475e+03 9.717614e+03 9.739116e+03
5.8 9.876857e+03 9.750782e+03 9.732853e+03 9.858928e+03
6.8 9.725189e+03 9.761456e+03 9.751400e+03 9.715133e+03
7.8 9.757183e+03 9.761789e+03 9.764679e+03 9.760073e+03
8.8 9.777416e+03 9.776817e+03 9.777699e+03 9.778298e+03
9.8 9.768852e+03 9.727959e+03 9.776339e+03 9.817231e+03
10.8 9.778837e+03 9.690931e+03 9.761040e+03 9.848945e+03
11.8 9.668656e+03 9.698203e+03 9.747543e+03 9.717996e+03
12.8 9.625146e+03 9.689850e+03 9.740038e+03 9.675333e+03
13.8 9.672326e+03 9.731642e+03 9.734112e+03 9.674796e+03
14.8 9.724807e+03 9.744196e+03 9.718688e+03 9.699299e+03
15.8 9.776223e+03 9.744480e+03 9.710739e+03 9.742481e+03
16.8 9.723319e+03 9.735812e+03 9.714561e+03 9.702069e+03
17.8 9.688002e+03 9.731855e+03 9.726348e+03 9.682495e+03
18.8 9.699127e+03 9.754255e+03 9.747515e+03 9.692386e+03
0.3 9.638311e+03 9.758719e+03 9.714194e+03 9.593785e+03
1.3 9.741483e+03 9.743541e+03 9.703502e+03 9.701444e+03
2.3 9.642769e+03 9.717686e+03 9.706696e+03 9.631779e+03
3.3 9.759977e+03 9.738475e+03 9.717614e+03 9.739116e+03
4.3 9.876857e+03 9.750782e+03 9.732853e+03 9.858928e+03
5.3 9.725189e+03 9.761456e+03 9.751400e+03 9.715133e+03
6.3 9.757183e+03 9.761789e+03 9.764679e+03 9.760073e+03
7.3 9.777416e+03 9.776817e+03 9.777699e+03 9.778298e+03
8.3 9.768852e+03 9.727959e+03 9.776339e+03 9.817231e+03
9.3 9.778837e+03 9.690931e+03 9.761040e+03 9.848945e+03
10.3 9.668656e+03 9.698203e+03 9.747543e+03 9.717996e+03
11.3 9.625146e+03 9.689850e+03 9.740038e+03 9.675333e+03
12.3 9.672326e+03 9.731642e+03 9.734112e+03 9.674796e+03
13.3 9.724807e+03 9.744196e+03 9.718688e+03 9.699299e+03
14.3 9.776223e+03 9.744480e+03 9.710739e+03 9.742481e+03
15.3 9.723319e+03 9.735812e+03 9.714561e+03 9.702069e+03
16.3 9.688002e+03 9.731855e+03 9.726348e+03 9.682495e+03
17.3 9.699127e+03 9.754255e+03 9.747515e+03 9.692386e+03
18.3 9.827830e+03 9.772786e+03 9.770258e+03 9.825302e+03
0.7 9.642769e+03 9.717686e+03 9.706696e+03 9.631779e+03
1.7 9.759977e+03 9.738475e+03 9.717614e+03 9.739116e+03
2.7 9.876857e+03 9.750782e+03 9.732853e+03 9.858928e+03
3.7 9.725189e+03 9.761456e+03 9.751400e+03 9.715133e+03
4.7 9.757183e+03 9.761789e+03 9.764679e+03 9.760073e+03
5.7 9.777416e+03 9.776817e+03 9.777699e+03 9.778298e+03
6.7 9.768852e+03 9.727959e+03 9.776339e+03 9.817231e+03
7.7 9.778837e+03 9.690931e+03 9.761040e+03 9.848945e+03
8.7 9.668656e+03 9.698203e+03 9.747543e+03 9.717996e+03
9.7 9.625146e+03 9.689850e+03 9.740038e+03 9.675333e+03
10.7 9.672326e+03 9.731642e+03 9.734112e+03 9.674796e+03
11.7 9.724807e+03 9.744196e+03 9.718688e+03 9.699299e+03
12.7 9.776223e+03 9.744480e+03 9.710739e+03 9.742481e+03
13.7 9.723319e+03 9.735812e+03 9.714561e+03 9.702069e+03
14.7 9.688002e+03 9.731855e+03 9.726348e+03 9.682495e+03
15.7 9.699127e+03 9.754255e+03 9.747515e+03 9.692386e+03
16.7 9.827830e+03 9.772786e+03 9.770258e+03 9.825302e+03
17.7 9.812029e+03 9.722922e+03 9.768832e+03 9.857939e+03
18.7 9.652697e+03 9.679294e+03 9.756011e+03 9.729414e+03
0.7 9.672326e+03 9.731642e+03 9.734112e+03 9.674796e+03
1.7 9.724807e+03 9.744196e+03 9.718688e+03 9.699299e+03
2.7 9.776223e+03 9.744480e+03 9.710739e+03 9.742481e+03
3.7 9.723319e+03 9.735812e+03 9.714561e+03 9.702069e+03
4.7 9.688002e+03 9.731855e+03 9.726348e+03 9.682495e+03
5.7 9.699127e+03 9.754255e+03 9.747515e+03 9.692386e+03
6.7 9.827830e+03 9.772786e+03 9.770258e+03 9.825302e+03
7.7 9.812029e+03 9.722922e+03 9.768832e+03 9.857939e+03
8.7 9.652697e+03 9.679294e+03 9.756011e+03 9.729414e+03
9.7 9.742377e+03 9.717198e+03 9.744399e+03 9.769579e+03
10.7 9.738860e+03 9.718461e+03 9.731283e+03 9.751683e+03
11.7 9.810073e+03 9.723248e+03 9.726892e+03 9.813717e+03
12.7 9.868958e+03 9.752060e+03 9.733003e+03 9.849901e+03
13.7 9.720112e+03 9.742942e+03 9.744289e+03 9.721459e+03
14.7 9.792346e+03 9.804532e+03 9.746858e+03 9.734672e+03
15.7 9.794237e+03 9.793290e+03 9.744094e+03 9.745041e+03
16.7 9.680506e+03 9.730793e+03 9.739066e+03 9.688778e+03
17.7 9.811757e+03 9.716116e+03 9.730076e+03 9.825717e+03
18.7 9.666401e+03 9.680660e+03 9.728849e+03 9.714591e+03
0.3 9.724807e+03 9.744196e+03 9.718688e+03 9.699299e+03
1.3 9.776223e+03 9.744480e+03 9.710739e+03 9.742481e+03
2.3 9.723319e+03 9.735812e+03 9.714561e+03 9.702069e+03
3.3 9.688002e+03 9.731855e+03 9.726348e+03 9.682495e+03
4.3 9.699127e+03 9.754255e+03 9.747515e+03 9.692386e+03
5.3 9.827830e+03 9.772786e+03 9.770258e+03 9.825302e+03
6.3 9.812029e+03 9.722922e+03 9.768832e+03 9.857939e+03
7.3 9.652697e+03 9.679294e+03 9.756011e+03 9.729414e+03
8.3 9.742377e+03 9.717198e+03 9.744399e+03 9.769579e+03
9.3 9.738860e+03 9.718461e+03 9.731283e+03 9.751683e+03
10.3 9.810073e+03 9.723248e+03 9.726892e+03 9.813717e+03
11.3 9.868958e+03 9.752060e+03 9.733003e+03 9.849901e+03
12.3 9.720112e+03 9.742942e+03 9.744289e+03 9.721459e+03
13.3 9.792346e+03 9.804532e+03 9.746858e+03 9.734672e+03
14.3 9.794237e+03 9.793290e+03 9.744094e+03 9.745041e+03
15.3 9.680506e+03 9.730793e+03 9.739066e+03 9.688778e+03
16.3 9.811757e+03 9.716116e+03 9.730076e+03 9.825717e+03
17.3 9.666401e+03 9.680660e+03 9.728849e+03 9.714591e+03
18.3 9.676697e+03 9.732022e+03 9.735989e+03 9.680664e+03
0.7 9.742377e+03 9.717198e+03 9.744399e+03 9.769579e+03
1.7 9.738860e+03 9.718461e+03 9.731283e+03 9.751683e+03
2.7 9.810073e+03 9.723248e+03 9.726892e+03 9.813717e+03
3.7 9.868958e+03 9.752060e+03 9.733003e+03 9.849901e+03
4.7 9.720112e+03 9.742942e+03 9.744289e+03 9.721459e+03
5.7 9.792346e+03 9.804532e+03 9.746858e+03 9.734672e+03
6.7 9.794237e+03 9.793290e+03 9.744094e+03 9.745041e+03
7.7 9.680506e+03 9.730793e+03 9.739066e+03 9.688778e+03
8.7 9.811757e+03 9.716116e+03 9.730076e+03 9.825717e+03
9.7 9.666401e+03 9.680660e+03 9.728849e+03 9.714591e+03
10.7 9.676697e+03 9.732022e+03 9.735989e+03 9.680664e+03
11.7 9.808254e+03 9.781885e+03 9.746891e+03 9.773260e+03
12.7 9.764744e+03 9.783138e+03 9.748309e+03 9.729915e+03
13.7 9.742721e+03 9.719004e+03 9.744600e+03 9.768316e+03
0.9 9.680506e+03 9.730793e+03 9.739066e+03 9.688778e+03
1.9 9.811757e+03 9.716116e+03 9.730076e+03 9.825717e+03
2.9 9.666401e+03 9.680660e+03 9.728849e+03 9.714591e+03
3.9 9.676697e+03 9.732022e+03 9.735989e+03 9.680664e+03
4.9 9.808254e+03 9.781885e+03 9.746891e+03 9.773260e+03
5.9 9.764744e+03 9.783138e+03 9.748309e+03 9.729915e+03
6.9 9.742721e+03 9.719004e+03 9.744600e+03 9.768316e+03
