0.4 1.044446e+04 1.040906e+04 1.040736e+04 1.044276e+04
1.4 1.042370e+04 1.039985e+04 1.038116e+04 1.040502e+04
2.4 1.040172e+04 1.042999e+04 1.039976e+04 1.037150e+04
3.4 1.031466e+04 1.042475e+04 1.044312e+04 1.033304e+04
4.4 1.036341e+04 1.040115e+04 1.045132e+04 1.041357e+04
5.4 1.039337e+04 1.037630e+04 1.043516e+04 1.045222e+04
6.4 1.048432e+04 1.037908e+04 1.039612e+04 1.050136e+04
7.4 1.046103e+04 1.042423e+04 1.038857e+04 1.042537e+04
8.4 1.048629e+04 1.043178e+04 1.042972e+04 1.048423e+04
9.4 1.036850e+04 1.039686e+04 1.044979e+04 1.042143e+04
10.4 1.038792e+04 1.037104e+04 1.044122e+04 1.045810e+04
11.4 1.031044e+04 1.034905e+04 1.040784e+04 1.036923e+04
12.4 1.030686e+04 1.037926e+04 1.038584e+04 1.031344e+04
13.4 1.041206e+04 1.042747e+04 1.041565e+04 1.040025e+04
14.4 1.044152e+04 1.045082e+04 1.044551e+04 1.043621e+04
15.4 1.042241e+04 1.043128e+04 1.044374e+04 1.043486e+04
16.4 1.040211e+04 1.041670e+04 1.043318e+04 1.041858e+04
17.4 1.038963e+04 1.041686e+04 1.042554e+04 1.039831e+04
0.1 1.039337e+04 1.037630e+04 1.043516e+04 1.045222e+04
1.1 1.048432e+04 1.037908e+04 1.039612e+04 1.050136e+04
2.1 1.046103e+04 1.042423e+04 1.038857e+04 1.042537e+04
3.1 1.048629e+04 1.043178e+04 1.042972e+04 1.048423e+04
4.1 1.036850e+04 1.039686e+04 1.044979e+04 1.042143e+04
5.1 1.038792e+04 1.037104e+04 1.044122e+04 1.045810e+04
6.1 1.031044e+04 1.034905e+04 1.040784e+04 1.036923e+04
7.1 1.030686e+04 1.037926e+04 1.038584e+04 1.031344e+04
8.1 1.041206e+04 1.042747e+04 1.041565e+04 1.040025e+04
9.1 1.044152e+04 1.045082e+04 1.044551e+04 1.043621e+04
10.1 1.042241e+04 1.043128e+04 1.044374e+04 1.043486e+04
11.1 1.040211e+04 1.041670e+04 1.043318e+04 1.041858e+04
12.1 1.038963e+04 1.041686e+04 1.042554e+04 1.039831e+04
13.1 1.049432e+04 1.046572e+04 1.042112e+04 1.044971e+04
14.1 1.050853e+04 1.052418e+04 1.041890e+04 1.040325e+04
15.1 1.055294e+04 1.049576e+04 1.041827e+04 1.047544e+04
16.1 1.047836e+04 1.044227e+04 1.041856e+04 1.045464e+04
17.1 1.037434e+04 1.041331e+04 1.041914e+04 1.038018e+04
0.7 1.031044e+04 1.034905e+04 1.040784e+04 1.036923e+04
1.7 1.030686e+04 1.037926e+04 1.038584e+04 1.031344e+04
2.7 1.041206e+04 1.042747e+04 1.041565e+04 1.040025e+04
3.7 1.044152e+04 1.045082e+04 1.044551e+04 1.043621e+04
4.7 1.042241e+04 1.043128e+04 1.044374e+04 1.043486e+04
5.7 1.040211e+04 1.041670e+04 1.043318e+04 1.041858e+04
6.7 1.038963e+04 1.041686e+04 1.042554e+04 1.039831e+04
7.7 1.049432e+04 1.046572e+04 1.042112e+04 1.044971e+04
8.7 1.050853e+04 1.052418e+04 1.041890e+04 1.040325e+04
9.7 1.055294e+04 1.049576e+04 1.041827e+04 1.047544e+04
10.7 1.047836e+04 1.044227e+04 1.041856e+04 1.045464e+04
11.7 1.037434e+04 1.041331e+04 1.041914e+04 1.038018e+04
12.7 1.037596e+04 1.041724e+04 1.041967e+04 1.037839e+04
13.7 1.052426e+04 1.044323e+04 1.042003e+04 1.050106e+04
14.7 1.046856e+04 1.051199e+04 1.042024e+04 1.037681e+04
15.7 1.049842e+04 1.048746e+04 1.042035e+04 1.043131e+04
16.7 1.057159e+04 1.041161e+04 1.042042e+04 1.058040e+04
17.7 1.042410e+04 1.037847e+04 1.042047e+04 1.046610e+04
0.2 1.040457e+04 1.035194e+04 1.041317e+04 1.046581e+04
1.2 1.044954e+04 1.036919e+04 1.038429e+04 1.046464e+04
2.2 1.036099e+04 1.040106e+04 1.038866e+04 1.034860e+04
3.2 1.032952e+04 1.044048e+04 1.043420e+04 1.032324e+04
4.2 1.038887e+04 1.042894e+04 1.045178e+04 1.041170e+04
5.2 1.030571e+04 1.039276e+04 1.044312e+04 1.035607e+04
6.2 1.037203e+04 1.038286e+04 1.043212e+04 1.042129e+04
7.2 1.032882e+04 1.040900e+04 1.042495e+04 1.034478e+04
8.2 1.037760e+04 1.046561e+04 1.042087e+04 1.033286e+04
9.2 1.038561e+04 1.044374e+04 1.041903e+04 1.036090e+04
10.2 1.038102e+04 1.046054e+04 1.041873e+04 1.033921e+04
11.2 1.035949e+04 1.049649e+04 1.041917e+04 1.028217e+04
12.2 1.037730e+04 1.049465e+04 1.041975e+04 1.030240e+04
13.2 1.044848e+04 1.045741e+04 1.042018e+04 1.041125e+04
14.2 1.050706e+04 1.042799e+04 1.042043e+04 1.049950e+04
15.2 1.045279e+04 1.041902e+04 1.042057e+04 1.045434e+04
16.2 1.038821e+04 1.041777e+04 1.041451e+04 1.038495e+04
17.2 1.033868e+04 1.042284e+04 1.038734e+04 1.030318e+04
0.1 1.038821e+04 1.041777e+04 1.041451e+04 1.038495e+04
1.1 1.033868e+04 1.042284e+04 1.038734e+04 1.030318e+04
2.1 1.045004e+04 1.044212e+04 1.038943e+04 1.039736e+04
3.1 1.045545e+04 1.046005e+04 1.043200e+04 1.042739e+04
4.1 1.047087e+04 1.045546e+04 1.044984e+04 1.046524e+04
5.1 1.035239e+04 1.044343e+04 1.044211e+04 1.035107e+04
6.1 1.040036e+04 1.040353e+04 1.043168e+04 1.042852e+04
7.1 1.034368e+04 1.039126e+04 1.042483e+04 1.037725e+04
8.1 1.043017e+04 1.040382e+04 1.042091e+04 1.044726e+04
9.1 1.044314e+04 1.040368e+04 1.041910e+04 1.045857e+04
10.1 1.041555e+04 1.038217e+04 1.041876e+04 1.045214e+04
11.1 1.046321e+04 1.036924e+04 1.041913e+04 1.051311e+04
12.1 1.045546e+04 1.035860e+04 1.041966e+04 1.051651e+04
13.1 1.037283e+04 1.034907e+04 1.042006e+04 1.044382e+04
14.1 1.035685e+04 1.032244e+04 1.042030e+04 1.045471e+04
15.1 1.022700e+04 1.032681e+04 1.042042e+04 1.032060e+04
16.1 1.038465e+04 1.037018e+04 1.042045e+04 1.043492e+04
17.1 1.043753e+04 1.040149e+04 1.042026e+04 1.045629e+04
0.5 1.046425e+04 1.043350e+04 1.040219e+04 1.043294e+04
1.5 1.041947e+04 1.043814e+04 1.037908e+04 1.036042e+04
2.5 1.038046e+04 1.046809e+04 1.040477e+04 1.031714e+04
3.5 1.043363e+04 1.047558e+04 1.044539e+04 1.040344e+04
4.5 1.053863e+04 1.046103e+04 1.044966e+04 1.052726e+04
5.5 1.051054e+04 1.045657e+04 1.043832e+04 1.049230e+04
6.5 1.047755e+04 1.043897e+04 1.042867e+04 1.046726e+04
7.5 1.051752e+04 1.044436e+04 1.042279e+04 1.049595e+04
8.5 1.042619e+04 1.045453e+04 1.041964e+04 1.039129e+04
9.5 1.051870e+04 1.048665e+04 1.041846e+04 1.045051e+04
10.5 1.046006e+04 1.054912e+04 1.041852e+04 1.032945e+04
11.5 1.046893e+04 1.051417e+04 1.041906e+04 1.037382e+04
12.5 1.047402e+04 1.048933e+04 1.041962e+04 1.040430e+04
13.5 1.054039e+04 1.042234e+04 1.042001e+04 1.053806e+04
14.5 1.046076e+04 1.038575e+04 1.042024e+04 1.049525e+04
15.5 1.041779e+04 1.038270e+04 1.042036e+04 1.045545e+04
16.5 1.049593e+04 1.037920e+04 1.042044e+04 1.053717e+04
17.5 1.045700e+04 1.037714e+04 1.042049e+04 1.050035e+04
0.7 1.041837e+04 1.049040e+04 1.039850e+04 1.032647e+04
1.7 1.044135e+04 1.046160e+04 1.037932e+04 1.035907e+04
2.7 1.050351e+04 1.044525e+04 1.041139e+04 1.046965e+04
3.7 1.039076e+04 1.044810e+04 1.044822e+04 1.039088e+04
4.7 1.037323e+04 1.041971e+04 1.044891e+04 1.040242e+04
5.7 1.047327e+04 1.040165e+04 1.043726e+04 1.050888e+04
6.7 1.050791e+04 1.042016e+04 1.042811e+04 1.051586e+04
7.7 1.053155e+04 1.046260e+04 1.042262e+04 1.049157e+04
8.7 1.051590e+04 1.049810e+04 1.041976e+04 1.043755e+04
9.7 1.050030e+04 1.048700e+04 1.041879e+04 1.043210e+04
10.7 1.042077e+04 1.042361e+04 1.041895e+04 1.041612e+04
11.7 1.025456e+04 1.038292e+04 1.041952e+04 1.029117e+04
12.7 1.027760e+04 1.037112e+04 1.042007e+04 1.032655e+04
13.7 1.025244e+04 1.039406e+04 1.042045e+04 1.027883e+04
14.7 1.036713e+04 1.040272e+04 1.042068e+04 1.038509e+04
15.7 1.040111e+04 1.041573e+04 1.042081e+04 1.040619e+04
16.7 1.039800e+04 1.044215e+04 1.042089e+04 1.037674e+04
17.7 1.051252e+04 1.046057e+04 1.042095e+04 1.047290e+04
0.3 1.036315e+04 1.043245e+04 1.041129e+04 1.034199e+04
1.3 1.040570e+04 1.041299e+04 1.038298e+04 1.037569e+04
2.3 1.045538e+04 1.041183e+04 1.039301e+04 1.043655e+04
3.3 1.049388e+04 1.041947e+04 1.043834e+04 1.051275e+04
4.3 1.053015e+04 1.041584e+04 1.045200e+04 1.056631e+04
5.3 1.035555e+04 1.042169e+04 1.044226e+04 1.037611e+04
6.3 1.038554e+04 1.039702e+04 1.043153e+04 1.042005e+04
7.3 1.033406e+04 1.039947e+04 1.042467e+04 1.035926e+04
8.3 1.033634e+04 1.044579e+04 1.041804e+04 1.030859e+04
9.3 1.043571e+04 1.045320e+04 1.039050e+04 1.037302e+04
10.3 1.037677e+04 1.041288e+04 1.038251e+04 1.034640e+04
11.3 1.044811e+04 1.041375e+04 1.042233e+04 1.045669e+04
12.3 1.045348e+04 1.041440e+04 1.044823e+04 1.048730e+04
13.3 1.046491e+04 1.039193e+04 1.044373e+04 1.051671e+04
14.3 1.039150e+04 1.039202e+04 1.043300e+04 1.043247e+04
15.3 1.046554e+04 1.040530e+04 1.041107e+04 1.047131e+04
16.3 1.047437e+04 1.039828e+04 1.038292e+04 1.045901e+04
17.3 1.054228e+04 1.042663e+04 1.040032e+04 1.051596e+04
0.9 1.043571e+04 1.045320e+04 1.039050e+04 1.037302e+04
1.9 1.037677e+04 1.041288e+04 1.038251e+04 1.034640e+04
2.9 1.044811e+04 1.041375e+04 1.042233e+04 1.045669e+04
3.9 1.045348e+04 1.041440e+04 1.044823e+04 1.048730e+04
4.9 1.046491e+04 1.039193e+04 1.044373e+04 1.051671e+04
5.9 1.039150e+04 1.039202e+04 1.043300e+04 1.043247e+04
6.9 1.046554e+04 1.040530e+04 1.041107e+04 1.047131e+04
7.9 1.047437e+04 1.039828e+04 1.038292e+04 1.045901e+04
8.9 1.054228e+04 1.042663e+04 1.040032e+04 1.051596e+04
9.9 1.049918e+04 1.042879e+04 1.043985e+04 1.051025e+04
10.9 1.047589e+04 1.041616e+04 1.044673e+04 1.050646e+04
11.9 1.050809e+04 1.040654e+04 1.043695e+04 1.053850e+04
12.9 1.047120e+04 1.040501e+04 1.042804e+04 1.049423e+04
13.9 1.051326e+04 1.046818e+04 1.042255e+04 1.046763e+04
14.9 1.056878e+04 1.050495e+04 1.041956e+04 1.048339e+04
15.9 1.054111e+04 1.052335e+04 1.041841e+04 1.043617e+04
16.9 1.057088e+04 1.052805e+04 1.041844e+04 1.046128e+04
17.9 1.052154e+04 1.047895e+04 1.041897e+04 1.046156e+04
0.5 1.046554e+04 1.040530e+04 1.041107e+04 1.047131e+04
1.5 1.047437e+04 1.039828e+04 1.038292e+04 1.045901e+04
2.5 1.054228e+04 1.042663e+04 1.040032e+04 1.051596e+04
3.5 1.049918e+04 1.042879e+04 1.043985e+04 1.051025e+04
4.5 1.047589e+04 1.041616e+04 1.044673e+04 1.050646e+04
5.5 1.050809e+04 1.040654e+04 1.043695e+04 1.053850e+04
6.5 1.047120e+04 1.040501e+04 1.042804e+04 1.049423e+04
7.5 1.051326e+04 1.046818e+04 1.042255e+04 1.046763e+04
8.5 1.056878e+04 1.050495e+04 1.041956e+04 1.048339e+04
9.5 1.054111e+04 1.052335e+04 1.041841e+04 1.043617e+04
10.5 1.057088e+04 1.052805e+04 1.041844e+04 1.046128e+04
11.5 1.052154e+04 1.047895e+04 1.041897e+04 1.046156e+04
12.5 1.042879e+04 1.044019e+04 1.041953e+04 1.040813e+04
13.5 1.029118e+04 1.040344e+04 1.041993e+04 1.030767e+04
14.5 1.039896e+04 1.040396e+04 1.042018e+04 1.041518e+04
15.5 1.045254e+04 1.039988e+04 1.042033e+04 1.047299e+04
16.5 1.040698e+04 1.039541e+04 1.042041e+04 1.043199e+04
17.5 1.033945e+04 1.038020e+04 1.042047e+04 1.037972e+04
0.2 1.037855e+04 1.042842e+04 1.041203e+04 1.036216e+04
1.2 1.038605e+04 1.042847e+04 1.038335e+04 1.034092e+04
2.2 1.042619e+04 1.044050e+04 1.039053e+04 1.037622e+04
3.2 1.039642e+04 1.046761e+04 1.043609e+04 1.036489e+04
4.2 1.051163e+04 1.047538e+04 1.045169e+04 1.048795e+04
5.2 1.046490e+04 1.044327e+04 1.044246e+04 1.046409e+04
6.2 1.053571e+04 1.045145e+04 1.043159e+04 1.051585e+04
7.2 1.047894e+04 1.047458e+04 1.042460e+04 1.042896e+04
8.2 1.052848e+04 1.048935e+04 1.042067e+04 1.045979e+04
9.2 1.048977e+04 1.045710e+04 1.041893e+04 1.045160e+04
10.2 1.036962e+04 1.042045e+04 1.041867e+04 1.036784e+04
11.2 1.035038e+04 1.038831e+04 1.041912e+04 1.038119e+04
12.2 1.029415e+04 1.036773e+04 1.041969e+04 1.034611e+04
13.2 1.040864e+04 1.035482e+04 1.042013e+04 1.047396e+04
14.2 1.036829e+04 1.037236e+04 1.042041e+04 1.041634e+04
15.2 1.032883e+04 1.040595e+04 1.042057e+04 1.034345e+04
16.2 1.040638e+04 1.048115e+04 1.042065e+04 1.034588e+04
17.2 1.049197e+04 1.049572e+04 1.042069e+04 1.041694e+04
0.6 1.051674e+04 1.050364e+04 1.040242e+04 1.041553e+04
1.6 1.050240e+04 1.047713e+04 1.038171e+04 1.040699e+04
2.6 1.047842e+04 1.043697e+04 1.040769e+04 1.044914e+04
3.6 1.044327e+04 1.043683e+04 1.044482e+04 1.045125e+04
4.6 1.051083e+04 1.044760e+04 1.044773e+04 1.051096e+04
5.6 1.053420e+04 1.041529e+04 1.043696e+04 1.055587e+04
6.6 1.056752e+04 1.042533e+04 1.042804e+04 1.057023e+04
7.6 1.050470e+04 1.045945e+04 1.042262e+04 1.046787e+04
8.6 1.060273e+04 1.049156e+04 1.041972e+04 1.053089e+04
9.6 1.049150e+04 1.049144e+04 1.041865e+04 1.041872e+04
10.6 1.044203e+04 1.047262e+04 1.041871e+04 1.038811e+04
11.6 1.045134e+04 1.043037e+04 1.041920e+04 1.044016e+04
12.6 1.034351e+04 1.039862e+04 1.041970e+04 1.036460e+04
13.6 1.030001e+04 1.035359e+04 1.042006e+04 1.036647e+04
14.6 1.028916e+04 1.033521e+04 1.042026e+04 1.037421e+04
15.6 1.032071e+04 1.033987e+04 1.042035e+04 1.040119e+04
16.6 1.026122e+04 1.035281e+04 1.042040e+04 1.032882e+04
17.6 1.028429e+04 1.037366e+04 1.042042e+04 1.033105e+04
0.8 1.038232e+04 1.041959e+04 1.039451e+04 1.035724e+04
1.8 1.044284e+04 1.039763e+04 1.038113e+04 1.042634e+04
2.8 1.039847e+04 1.042813e+04 1.041950e+04 1.038984e+04
3.8 1.045282e+04 1.045928e+04 1.044947e+04 1.044302e+04
4.8 1.048463e+04 1.042619e+04 1.042283e+04 1.048127e+04
5.8 1.041724e+04 1.042913e+04 1.039799e+04 1.038611e+04
6.8 1.051244e+04 1.044807e+04 1.042500e+04 1.048937e+04
7.8 1.046029e+04 1.043865e+04 1.044978e+04 1.047142e+04
8.8 1.035192e+04 1.040015e+04 1.044457e+04 1.039634e+04
9.8 1.038071e+04 1.040329e+04 1.043266e+04 1.041007e+04
10.8 1.041594e+04 1.042093e+04 1.042467e+04 1.041967e+04
11.8 1.036449e+04 1.043240e+04 1.042026e+04 1.035235e+04
12.8 1.042741e+04 1.040596e+04 1.041812e+04 1.043957e+04
0.8 1.048463e+04 1.042619e+04 1.042283e+04 1.048127e+04
1.8 1.041724e+04 1.042913e+04 1.039799e+04 1.038611e+04
2.8 1.051244e+04 1.044807e+04 1.042500e+04 1.048937e+04
3.8 1.046029e+04 1.043865e+04 1.044978e+04 1.047142e+04
4.8 1.035192e+04 1.040015e+04 1.044457e+04 1.039634e+04
5.8 1.038071e+04 1.040329e+04 1.043266e+04 1.041007e+04
6.8 1.041594e+04 1.042093e+04 1.042467e+04 1.041967e+04
7.8 1.036449e+04 1.043240e+04 1.042026e+04 1.035235e+04
8.8 1.042741e+04 1.040596e+04 1.041812e+04 1.043957e+04
