1.0 9.214022e+03 9.227334e+03 9.206296e+03 9.192984e+03
2.0 9.209787e+03 9.235231e+03 9.253765e+03 9.228322e+03
3.0 9.243977e+03 9.220777e+03 9.270697e+03 9.293897e+03
4.0 9.257062e+03 9.212538e+03 9.245502e+03 9.290026e+03
5.0 9.241402e+03 9.207072e+03 9.219012e+03 9.253341e+03
6.0 9.272914e+03 9.200066e+03 9.203589e+03 9.276437e+03
7.0 9.261368e+03 9.191118e+03 9.196523e+03 9.266774e+03
8.0 9.222921e+03 9.175865e+03 9.194478e+03 9.241534e+03
9.0 9.190327e+03 9.223638e+03 9.195169e+03 9.161858e+03
10.0 9.116008e+03 9.212575e+03 9.196852e+03 9.100285e+03
11.0 9.166870e+03 9.181142e+03 9.198421e+03 9.184149e+03
12.0 9.210882e+03 9.167982e+03 9.199456e+03 9.242357e+03
13.0 9.203733e+03 9.159725e+03 9.199974e+03 9.243981e+03
14.0 9.252100e+03 9.208955e+03 9.200135e+03 9.243280e+03
15.0 9.259886e+03 9.212340e+03 9.200089e+03 9.247634e+03
16.0 9.223952e+03 9.183077e+03 9.199933e+03 9.240807e+03
17.0 9.122644e+03 9.163100e+03 9.199718e+03 9.159263e+03
18.0 9.073249e+03 9.125639e+03 9.199472e+03 9.147082e+03
0.8 9.263739e+03 9.209581e+03 9.200261e+03 9.254419e+03
1.8 9.259703e+03 9.228558e+03 9.240096e+03 9.271241e+03
2.8 9.261676e+03 9.270452e+03 9.264512e+03 9.255736e+03
3.8 9.270633e+03 9.247272e+03 9.244034e+03 9.267395e+03
4.8 9.263259e+03 9.230045e+03 9.217653e+03 9.250867e+03
5.8 9.226196e+03 9.210097e+03 9.201385e+03 9.217484e+03
6.8 9.203561e+03 9.219966e+03 9.193872e+03 9.177466e+03
7.8 9.224984e+03 9.240065e+03 9.220591e+03 9.205510e+03
8.8 9.256695e+03 9.281304e+03 9.261574e+03 9.236965e+03
9.8 9.235560e+03 9.257702e+03 9.251311e+03 9.229169e+03
10.8 9.223549e+03 9.191948e+03 9.223580e+03 9.255181e+03
11.8 9.166950e+03 9.180370e+03 9.204332e+03 9.190913e+03
12.8 9.132839e+03 9.142487e+03 9.194747e+03 9.185099e+03
13.8 9.125638e+03 9.162756e+03 9.191235e+03 9.154117e+03
14.8 9.124014e+03 9.145720e+03 9.191271e+03 9.169566e+03
15.8 9.114089e+03 9.152294e+03 9.192985e+03 9.154780e+03
16.8 9.140697e+03 9.203997e+03 9.195026e+03 9.131726e+03
17.8 9.172196e+03 9.234851e+03 9.196700e+03 9.134046e+03
0.5 9.203561e+03 9.219966e+03 9.193872e+03 9.177466e+03
1.5 9.224984e+03 9.240065e+03 9.220591e+03 9.205510e+03
2.5 9.256695e+03 9.281304e+03 9.261574e+03 9.236965e+03
3.5 9.235560e+03 9.257702e+03 9.251311e+03 9.229169e+03
4.5 9.223549e+03 9.191948e+03 9.223580e+03 9.255181e+03
5.5 9.166950e+03 9.180370e+03 9.204332e+03 9.190913e+03
6.5 9.132839e+03 9.142487e+03 9.194747e+03 9.185099e+03
7.5 9.125638e+03 9.162756e+03 9.191235e+03 9.154117e+03
8.5 9.124014e+03 9.145720e+03 9.191271e+03 9.169566e+03
9.5 9.114089e+03 9.152294e+03 9.192985e+03 9.154780e+03
10.5 9.140697e+03 9.203997e+03 9.195026e+03 9.131726e+03
11.5 9.172196e+03 9.234851e+03 9.196700e+03 9.134046e+03
12.5 9.206708e+03 9.235208e+03 9.197857e+03 9.169357e+03
13.5 9.178883e+03 9.195572e+03 9.198617e+03 9.181928e+03
14.5 9.157923e+03 9.181891e+03 9.199140e+03 9.175172e+03
15.5 9.128537e+03 9.195310e+03 9.199535e+03 9.132762e+03
16.5 9.171470e+03 9.236817e+03 9.199886e+03 9.134539e+03
17.5 9.239910e+03 9.225949e+03 9.206175e+03 9.220135e+03
1.0 9.239910e+03 9.225949e+03 9.206175e+03 9.220135e+03
2.0 9.251577e+03 9.251655e+03 9.253929e+03 9.253851e+03
3.0 9.255244e+03 9.296670e+03 9.271134e+03 9.229709e+03
4.0 9.273834e+03 9.295270e+03 9.246211e+03 9.224775e+03
5.0 9.278285e+03 9.268896e+03 9.219996e+03 9.229385e+03
6.0 9.271825e+03 9.242278e+03 9.204856e+03 9.234404e+03
7.0 9.229814e+03 9.211633e+03 9.198084e+03 9.216265e+03
8.0 9.222013e+03 9.213248e+03 9.196344e+03 9.205109e+03
9.0 9.200022e+03 9.203925e+03 9.197354e+03 9.193451e+03
10.0 9.206444e+03 9.243153e+03 9.199370e+03 9.162661e+03
11.0 9.240568e+03 9.262667e+03 9.201293e+03 9.179193e+03
12.0 9.246894e+03 9.237886e+03 9.202700e+03 9.211708e+03
13.0 9.220369e+03 9.226691e+03 9.203599e+03 9.197277e+03
14.0 9.204920e+03 9.185254e+03 9.204144e+03 9.223810e+03
15.0 9.212134e+03 9.186763e+03 9.204479e+03 9.229850e+03
16.0 9.174079e+03 9.172632e+03 9.204699e+03 9.206146e+03
17.0 9.165542e+03 9.173353e+03 9.204862e+03 9.197051e+03
18.0 9.158017e+03 9.142707e+03 9.204982e+03 9.220291e+03
0.4 9.247177e+03 9.248049e+03 9.203259e+03 9.202387e+03
1.4 9.232830e+03 9.259131e+03 9.224765e+03 9.198464e+03
2.4 9.237302e+03 9.296865e+03 9.270474e+03 9.210910e+03
3.4 9.240807e+03 9.239899e+03 9.265291e+03 9.266198e+03
4.4 9.268460e+03 9.243815e+03 9.235862e+03 9.260507e+03
5.4 9.294262e+03 9.211682e+03 9.213519e+03 9.296099e+03
6.4 9.285525e+03 9.188051e+03 9.201780e+03 9.299254e+03
7.4 9.303085e+03 9.181385e+03 9.196938e+03 9.318637e+03
8.4 9.266834e+03 9.149948e+03 9.196143e+03 9.313029e+03
9.4 9.276934e+03 9.162277e+03 9.197348e+03 9.312005e+03
10.4 9.201772e+03 9.153260e+03 9.199048e+03 9.247560e+03
11.4 9.150232e+03 9.171941e+03 9.200431e+03 9.178723e+03
12.4 9.126871e+03 9.163587e+03 9.201273e+03 9.164557e+03
13.4 9.098780e+03 9.170419e+03 9.201668e+03 9.130029e+03
14.4 9.145497e+03 9.180198e+03 9.201796e+03 9.167095e+03
15.4 9.142664e+03 9.191485e+03 9.201784e+03 9.152962e+03
16.4 9.205194e+03 9.192648e+03 9.201702e+03 9.214248e+03
17.4 9.241354e+03 9.170685e+03 9.201584e+03 9.272253e+03
0.9 9.219774e+03 9.215667e+03 9.204373e+03 9.208479e+03
1.9 9.234391e+03 9.237284e+03 9.249667e+03 9.246774e+03
2.9 9.262643e+03 9.292618e+03 9.270620e+03 9.240645e+03
3.9 9.289702e+03 9.287254e+03 9.246591e+03 9.249039e+03
4.9 9.209458e+03 9.220615e+03 9.219046e+03 9.207889e+03
5.9 9.103659e+03 9.164384e+03 9.202466e+03 9.141741e+03
6.9 9.030979e+03 9.157296e+03 9.194551e+03 9.068234e+03
7.9 9.048709e+03 9.147516e+03 9.191876e+03 9.093069e+03
8.9 9.164314e+03 9.197624e+03 9.192110e+03 9.158801e+03
9.9 9.250478e+03 9.255709e+03 9.193476e+03 9.188244e+03
10.9 9.304382e+03 9.260261e+03 9.194825e+03 9.238946e+03
11.9 9.290675e+03 9.262234e+03 9.195696e+03 9.224137e+03
12.9 9.235912e+03 9.258138e+03 9.196080e+03 9.173854e+03
13.9 9.223071e+03 9.219716e+03 9.196132e+03 9.199488e+03
14.9 9.226375e+03 9.192738e+03 9.196006e+03 9.229643e+03
15.9 9.217553e+03 9.212719e+03 9.195810e+03 9.200644e+03
16.9 9.235684e+03 9.230784e+03 9.197364e+03 9.202263e+03
17.9 9.245552e+03 9.248537e+03 9.237326e+03 9.234342e+03
0.8 9.235684e+03 9.230784e+03 9.197364e+03 9.202263e+03
1.8 9.245552e+03 9.248537e+03 9.237326e+03 9.234342e+03
2.8 9.192999e+03 9.246960e+03 9.266839e+03 9.212879e+03
3.8 9.126509e+03 9.203361e+03 9.246811e+03 9.169960e+03
4.8 9.098894e+03 9.182237e+03 9.218247e+03 9.134904e+03
5.8 9.085665e+03 9.158871e+03 9.200202e+03 9.126996e+03
6.8 9.143244e+03 9.185411e+03 9.191459e+03 9.149292e+03
7.8 9.178862e+03 9.170139e+03 9.188431e+03 9.197154e+03
8.8 9.204421e+03 9.185947e+03 9.191075e+03 9.209550e+03
9.8 9.194080e+03 9.205781e+03 9.234887e+03 9.223185e+03
10.8 9.243364e+03 9.216998e+03 9.263601e+03 9.289967e+03
11.8 9.206839e+03 9.207133e+03 9.243697e+03 9.243403e+03
12.8 9.113035e+03 9.166515e+03 9.216545e+03 9.163065e+03
13.8 9.116776e+03 9.182704e+03 9.199766e+03 9.133838e+03
14.8 9.113017e+03 9.166920e+03 9.191886e+03 9.137983e+03
15.8 9.160583e+03 9.175541e+03 9.189469e+03 9.174511e+03
16.8 9.206715e+03 9.185468e+03 9.190159e+03 9.211406e+03
17.8 9.269969e+03 9.239452e+03 9.192148e+03 9.222665e+03
0.8 9.204421e+03 9.185947e+03 9.191075e+03 9.209550e+03
1.8 9.194080e+03 9.205781e+03 9.234887e+03 9.223185e+03
2.8 9.243364e+03 9.216998e+03 9.263601e+03 9.289967e+03
3.8 9.206839e+03 9.207133e+03 9.243697e+03 9.243403e+03
4.8 9.113035e+03 9.166515e+03 9.216545e+03 9.163065e+03
5.8 9.116776e+03 9.182704e+03 9.199766e+03 9.133838e+03
6.8 9.113017e+03 9.166920e+03 9.191886e+03 9.137983e+03
7.8 9.160583e+03 9.175541e+03 9.189469e+03 9.174511e+03
8.8 9.206715e+03 9.185468e+03 9.190159e+03 9.211406e+03
9.8 9.269969e+03 9.239452e+03 9.192148e+03 9.222665e+03
10.8 9.276459e+03 9.252313e+03 9.195253e+03 9.219398e+03
11.8 9.268434e+03 9.232592e+03 9.233684e+03 9.269527e+03
12.8 9.279890e+03 9.264072e+03 9.268501e+03 9.284319e+03
13.8 9.284149e+03 9.249357e+03 9.251835e+03 9.286627e+03
14.8 9.237809e+03 9.255941e+03 9.223585e+03 9.205454e+03
15.8 9.205167e+03 9.206908e+03 9.205329e+03 9.203589e+03
16.8 9.206385e+03 9.209618e+03 9.196580e+03 9.193347e+03
17.8 9.248033e+03 9.216209e+03 9.193690e+03 9.225514e+03
0.7 9.276459e+03 9.252313e+03 9.195253e+03 9.219398e+03
1.7 9.268434e+03 9.232592e+03 9.233684e+03 9.269527e+03
2.7 9.279890e+03 9.264072e+03 9.268501e+03 9.284319e+03
3.7 9.284149e+03 9.249357e+03 9.251835e+03 9.286627e+03
4.7 9.237809e+03 9.255941e+03 9.223585e+03 9.205454e+03
5.7 9.205167e+03 9.206908e+03 9.205329e+03 9.203589e+03
6.7 9.206385e+03 9.209618e+03 9.196580e+03 9.193347e+03
7.7 9.248033e+03 9.216209e+03 9.193690e+03 9.225514e+03
8.7 9.239845e+03 9.198251e+03 9.194149e+03 9.235743e+03
9.7 9.233392e+03 9.213401e+03 9.196066e+03 9.216056e+03
10.7 9.174704e+03 9.180068e+03 9.198134e+03 9.192770e+03
11.7 9.149606e+03 9.196726e+03 9.199749e+03 9.152629e+03
12.7 9.161861e+03 9.217741e+03 9.200824e+03 9.144944e+03
13.7 9.189806e+03 9.213128e+03 9.201491e+03 9.178169e+03
14.7 9.219307e+03 9.204597e+03 9.201909e+03 9.216619e+03
15.7 9.227344e+03 9.202145e+03 9.202189e+03 9.227388e+03
16.7 9.250294e+03 9.209681e+03 9.202387e+03 9.242999e+03
17.7 9.238145e+03 9.175322e+03 9.202517e+03 9.265340e+03
0.2 9.312247e+03 9.257442e+03 9.202827e+03 9.257631e+03
1.2 9.298575e+03 9.276670e+03 9.216395e+03 9.238300e+03
2.2 9.289154e+03 9.310917e+03 9.265257e+03 9.243493e+03
3.2 9.281590e+03 9.313399e+03 9.269233e+03 9.237424e+03
4.2 9.267142e+03 9.276480e+03 9.240897e+03 9.231559e+03
5.2 9.212233e+03 9.231885e+03 9.216666e+03 9.197014e+03
6.2 9.166525e+03 9.211114e+03 9.203400e+03 9.158811e+03
7.2 9.141287e+03 9.196731e+03 9.197639e+03 9.142195e+03
8.2 9.154218e+03 9.164828e+03 9.196338e+03 9.185728e+03
9.2 9.118382e+03 9.162343e+03 9.197357e+03 9.153396e+03
10.2 9.082685e+03 9.143871e+03 9.199079e+03 9.137893e+03
11.2 9.052075e+03 9.151222e+03 9.200568e+03 9.101421e+03
12.2 9.059036e+03 9.154104e+03 9.201525e+03 9.106457e+03
13.2 9.090026e+03 9.139199e+03 9.202024e+03 9.152851e+03
14.2 9.106202e+03 9.162402e+03 9.202221e+03 9.146021e+03
15.2 9.166978e+03 9.133057e+03 9.202232e+03 9.236154e+03
16.2 9.204488e+03 9.148194e+03 9.202140e+03 9.258434e+03
17.2 9.202553e+03 9.175449e+03 9.201990e+03 9.229094e+03
0.1 9.297530e+03 9.245169e+03 9.199770e+03 9.252131e+03
1.1 9.263824e+03 9.244975e+03 9.211124e+03 9.229974e+03
2.1 9.245954e+03 9.219560e+03 9.259998e+03 9.286392e+03
3.1 9.214542e+03 9.202061e+03 9.266554e+03 9.279035e+03
4.1 9.147263e+03 9.194713e+03 9.238522e+03 9.191072e+03
5.1 9.151893e+03 9.176890e+03 9.213586e+03 9.188588e+03
6.1 9.123046e+03 9.169108e+03 9.199722e+03 9.153660e+03
7.1 9.107748e+03 9.158179e+03 9.193588e+03 9.143157e+03
8.1 9.126972e+03 9.167878e+03 9.192067e+03 9.151160e+03
9.1 9.139645e+03 9.192459e+03 9.192980e+03 9.140166e+03
10.1 9.202899e+03 9.254843e+03 9.194699e+03 9.142754e+03
11.1 9.226589e+03 9.255407e+03 9.199472e+03 9.170654e+03
12.1 9.250377e+03 9.256483e+03 9.244545e+03 9.238439e+03
13.1 9.289944e+03 9.299293e+03 9.269301e+03 9.259952e+03
14.1 9.283454e+03 9.263984e+03 9.247109e+03 9.266578e+03
15.1 9.288013e+03 9.197545e+03 9.219665e+03 9.310133e+03
16.1 9.263722e+03 9.174870e+03 9.202998e+03 9.291850e+03
17.1 9.217316e+03 9.195290e+03 9.195167e+03 9.217192e+03
0.9 9.226589e+03 9.255407e+03 9.199472e+03 9.170654e+03
1.9 9.250377e+03 9.256483e+03 9.244545e+03 9.238439e+03
2.9 9.289944e+03 9.299293e+03 9.269301e+03 9.259952e+03
3.9 9.283454e+03 9.263984e+03 9.247109e+03 9.266578e+03
4.9 9.288013e+03 9.197545e+03 9.219665e+03 9.310133e+03
5.9 9.263722e+03 9.174870e+03 9.202998e+03 9.291850e+03
6.9 9.217316e+03 9.195290e+03 9.195167e+03 9.217192e+03
7.9 9.207381e+03 9.196774e+03 9.192707e+03 9.203315e+03
8.9 9.192673e+03 9.194170e+03 9.193255e+03 9.191758e+03
9.9 9.157709e+03 9.201461e+03 9.195006e+03 9.151253e+03
10.9 9.206377e+03 9.200242e+03 9.196772e+03 9.202907e+03
11.9 9.263930e+03 9.268095e+03 9.198057e+03 9.193892e+03
12.9 9.290177e+03 9.274404e+03 9.198833e+03 9.214607e+03
13.9 9.294100e+03 9.270720e+03 9.199248e+03 9.222628e+03
14.9 9.272766e+03 9.252076e+03 9.199453e+03 9.220144e+03
15.9 9.279389e+03 9.248236e+03 9.199550e+03 9.230704e+03
16.9 9.275690e+03 9.265082e+03 9.199593e+03 9.210202e+03
17.9 9.287046e+03 9.220276e+03 9.199609e+03 9.266379e+03
0.1 9.280510e+03 9.249385e+03 9.199601e+03 9.230726e+03
1.1 9.281551e+03 9.254038e+03 9.209968e+03 9.237481e+03
2.1 9.270219e+03 9.262021e+03 9.256088e+03 9.264286e+03
3.1 9.287827e+03 9.261606e+03 9.263061e+03 9.289282e+03
4.1 9.250511e+03 9.221383e+03 9.237050e+03 9.266178e+03
5.1 9.144775e+03 9.204543e+03 9.213696e+03 9.153928e+03
6.1 9.059994e+03 9.141479e+03 9.200728e+03 9.119243e+03
7.1 9.042157e+03 9.130479e+03 9.195030e+03 9.106707e+03
8.1 9.070263e+03 9.126444e+03 9.193663e+03 9.137482e+03
9.1 9.131911e+03 9.153337e+03 9.194610e+03 9.173183e+03
10.1 9.122065e+03 9.174991e+03 9.196343e+03 9.143417e+03
11.1 9.171598e+03 9.204998e+03 9.197929e+03 9.164529e+03
12.1 9.206953e+03 9.231661e+03 9.199047e+03 9.174339e+03
13.1 9.228258e+03 9.252283e+03 9.199748e+03 9.175723e+03
14.1 9.223565e+03 9.254967e+03 9.200232e+03 9.168831e+03
15.1 9.256475e+03 9.255932e+03 9.223403e+03 9.223947e+03
16.1 9.291157e+03 9.253656e+03 9.268737e+03 9.306238e+03
17.1 9.276981e+03 9.244700e+03 9.262673e+03 9.294954e+03
0.4 9.223565e+03 9.254967e+03 9.200232e+03 9.168831e+03
1.4 9.256475e+03 9.255932e+03 9.223403e+03 9.223947e+03
2.4 9.291157e+03 9.253656e+03 9.268737e+03 9.306238e+03
3.4 9.276981e+03 9.244700e+03 9.262673e+03 9.294954e+03
4.4 9.197139e+03 9.208040e+03 9.233511e+03 9.222609e+03
5.4 9.136991e+03 9.156465e+03 9.211784e+03 9.192310e+03
6.4 9.167904e+03 9.184975e+03 9.200573e+03 9.183502e+03
7.4 9.205177e+03 9.186530e+03 9.196154e+03 9.214802e+03
8.4 9.178072e+03 9.193711e+03 9.195703e+03 9.180064e+03
9.4 9.159189e+03 9.153333e+03 9.197184e+03 9.203040e+03
10.4 9.162745e+03 9.169058e+03 9.199104e+03 9.192791e+03
11.4 9.140935e+03 9.152090e+03 9.200672e+03 9.189517e+03
12.4 9.181813e+03 9.156650e+03 9.201688e+03 9.226851e+03
13.4 9.157048e+03 9.125256e+03 9.202249e+03 9.234040e+03
14.4 9.170433e+03 9.121879e+03 9.202515e+03 9.251068e+03
15.4 9.134155e+03 9.147279e+03 9.202610e+03 9.189486e+03
16.4 9.160320e+03 9.180532e+03 9.202606e+03 9.182393e+03
17.4 9.181000e+03 9.197850e+03 9.202537e+03 9.185687e+03
0.4 9.288700e+03 9.252566e+03 9.199561e+03 9.235695e+03
1.4 9.264086e+03 9.270162e+03 9.220158e+03 9.214082e+03
2.4 9.245336e+03 9.268292e+03 9.262658e+03 9.239702e+03
3.4 9.266817e+03 9.236877e+03 9.257129e+03 9.287069e+03
4.4 9.224960e+03 9.235468e+03 9.229470e+03 9.218961e+03
5.4 9.229960e+03 9.237926e+03 9.208699e+03 9.200732e+03
6.4 9.241731e+03 9.241112e+03 9.197876e+03 9.198495e+03
7.4 9.252550e+03 9.226811e+03 9.193545e+03 9.219284e+03
8.4 9.260612e+03 9.264030e+03 9.212236e+03 9.208818e+03
9.4 9.280713e+03 9.273107e+03 9.260717e+03 9.268323e+03
10.4 9.271901e+03 9.243874e+03 9.260064e+03 9.288092e+03
11.4 9.235607e+03 9.210761e+03 9.232645e+03 9.257491e+03
12.4 9.162039e+03 9.208627e+03 9.211143e+03 9.164555e+03
13.4 9.130720e+03 9.221780e+03 9.200021e+03 9.108960e+03
14.4 9.118270e+03 9.216109e+03 9.195780e+03 9.097940e+03
15.4 9.116920e+03 9.189793e+03 9.195649e+03 9.122776e+03
16.4 9.155542e+03 9.188289e+03 9.197622e+03 9.164875e+03
17.4 9.219185e+03 9.227069e+03 9.200189e+03 9.192306e+03
0.3 9.252550e+03 9.226811e+03 9.193545e+03 9.219284e+03
1.3 9.260612e+03 9.264030e+03 9.212236e+03 9.208818e+03
2.3 9.280713e+03 9.273107e+03 9.260717e+03 9.268323e+03
3.3 9.271901e+03 9.243874e+03 9.260064e+03 9.288092e+03
4.3 9.235607e+03 9.210761e+03 9.232645e+03 9.257491e+03
5.3 9.162039e+03 9.208627e+03 9.211143e+03 9.164555e+03
6.3 9.130720e+03 9.221780e+03 9.200021e+03 9.108960e+03
7.3 9.118270e+03 9.216109e+03 9.195780e+03 9.097940e+03
8.3 9.116920e+03 9.189793e+03 9.195649e+03 9.122776e+03
9.3 9.155542e+03 9.188289e+03 9.197622e+03 9.164875e+03
10.3 9.219185e+03 9.227069e+03 9.200189e+03 9.192306e+03
11.3 9.261204e+03 9.267279e+03 9.202515e+03 9.196441e+03
12.3 9.261181e+03 9.218249e+03 9.204362e+03 9.247294e+03
13.3 9.233785e+03 9.223947e+03 9.205815e+03 9.215652e+03
14.3 9.269288e+03 9.238307e+03 9.207030e+03 9.238011e+03
15.3 9.232092e+03 9.240099e+03 9.208132e+03 9.200124e+03
16.3 9.163362e+03 9.194338e+03 9.209187e+03 9.178211e+03
17.3 9.173882e+03 9.208626e+03 9.210227e+03 9.175483e+03
