0.4 1.047087e+04 1.045546e+04 1.042388e+04 1.043928e+04
1.4 1.035239e+04 1.044343e+04 1.043143e+04 1.034039e+04
2.4 1.040036e+04 1.040353e+04 1.043241e+04 1.042924e+04
3.4 1.034368e+04 1.039126e+04 1.042751e+04 1.037994e+04
4.4 1.043017e+04 1.040382e+04 1.042522e+04 1.045157e+04
5.4 1.044314e+04 1.040368e+04 1.042688e+04 1.046634e+04
6.4 1.041555e+04 1.038217e+04 1.042634e+04 1.045972e+04
7.4 1.046321e+04 1.036924e+04 1.041847e+04 1.051245e+04
8.4 1.045546e+04 1.035860e+04 1.041592e+04 1.051278e+04
9.4 1.037283e+04 1.034907e+04 1.042180e+04 1.044556e+04
10.4 1.035685e+04 1.032244e+04 1.041528e+04 1.044969e+04
11.4 1.022700e+04 1.032681e+04 1.040271e+04 1.030290e+04
12.4 1.038465e+04 1.037018e+04 1.040363e+04 1.041810e+04
13.4 1.043753e+04 1.040149e+04 1.041145e+04 1.044748e+04
14.4 1.046425e+04 1.043350e+04 1.041758e+04 1.044832e+04
15.4 1.041947e+04 1.043814e+04 1.042086e+04 1.040220e+04
16.4 1.038046e+04 1.046809e+04 1.042226e+04 1.033463e+04
17.4 1.043363e+04 1.047558e+04 1.042254e+04 1.038059e+04
0.6 1.040036e+04 1.040353e+04 1.043241e+04 1.042924e+04
1.6 1.034368e+04 1.039126e+04 1.042751e+04 1.037994e+04
2.6 1.043017e+04 1.040382e+04 1.042522e+04 1.045157e+04
3.6 1.044314e+04 1.040368e+04 1.042688e+04 1.046634e+04
4.6 1.041555e+04 1.038217e+04 1.042634e+04 1.045972e+04
5.6 1.046321e+04 1.036924e+04 1.041847e+04 1.051245e+04
6.6 1.045546e+04 1.035860e+04 1.041592e+04 1.051278e+04
7.6 1.037283e+04 1.034907e+04 1.042180e+04 1.044556e+04
8.6 1.035685e+04 1.032244e+04 1.041528e+04 1.044969e+04
9.6 1.022700e+04 1.032681e+04 1.040271e+04 1.030290e+04
10.6 1.038465e+04 1.037018e+04 1.040363e+04 1.041810e+04
11.6 1.043753e+04 1.040149e+04 1.041145e+04 1.044748e+04
12.6 1.046425e+04 1.043350e+04 1.041758e+04 1.044832e+04
13.6 1.041947e+04 1.043814e+04 1.042086e+04 1.040220e+04
14.6 1.038046e+04 1.046809e+04 1.042226e+04 1.033463e+04
15.6 1.043363e+04 1.047558e+04 1.042254e+04 1.038059e+04
16.6 1.053863e+04 1.046103e+04 1.042225e+04 1.049985e+04
17.6 1.051054e+04 1.045657e+04 1.042180e+04 1.047578e+04
0.9 1.043017e+04 1.040382e+04 1.042522e+04 1.045157e+04
1.9 1.044314e+04 1.040368e+04 1.042688e+04 1.046634e+04
2.9 1.041555e+04 1.038217e+04 1.042634e+04 1.045972e+04
3.9 1.046321e+04 1.036924e+04 1.041847e+04 1.051245e+04
4.9 1.045546e+04 1.035860e+04 1.041592e+04 1.051278e+04
5.9 1.037283e+04 1.034907e+04 1.042180e+04 1.044556e+04
6.9 1.035685e+04 1.032244e+04 1.041528e+04 1.044969e+04
7.9 1.022700e+04 1.032681e+04 1.040271e+04 1.030290e+04
8.9 1.038465e+04 1.037018e+04 1.040363e+04 1.041810e+04
9.9 1.043753e+04 1.040149e+04 1.041145e+04 1.044748e+04
10.9 1.046425e+04 1.043350e+04 1.041758e+04 1.044832e+04
11.9 1.041947e+04 1.043814e+04 1.042086e+04 1.040220e+04
12.9 1.038046e+04 1.046809e+04 1.042226e+04 1.033463e+04
13.9 1.043363e+04 1.047558e+04 1.042254e+04 1.038059e+04
14.9 1.053863e+04 1.046103e+04 1.042225e+04 1.049985e+04
15.9 1.051054e+04 1.045657e+04 1.042180e+04 1.047578e+04
16.9 1.047755e+04 1.043897e+04 1.042142e+04 1.046001e+04
17.9 1.051752e+04 1.044436e+04 1.042118e+04 1.049434e+04
0.9 1.044314e+04 1.040368e+04 1.042688e+04 1.046634e+04
1.9 1.041555e+04 1.038217e+04 1.042634e+04 1.045972e+04
2.9 1.046321e+04 1.036924e+04 1.041847e+04 1.051245e+04
3.9 1.045546e+04 1.035860e+04 1.041592e+04 1.051278e+04
4.9 1.037283e+04 1.034907e+04 1.042180e+04 1.044556e+04
5.9 1.035685e+04 1.032244e+04 1.041528e+04 1.044969e+04
6.9 1.022700e+04 1.032681e+04 1.040271e+04 1.030290e+04
7.9 1.038465e+04 1.037018e+04 1.040363e+04 1.041810e+04
8.9 1.043753e+04 1.040149e+04 1.041145e+04 1.044748e+04
9.9 1.046425e+04 1.043350e+04 1.041758e+04 1.044832e+04
10.9 1.041947e+04 1.043814e+04 1.042086e+04 1.040220e+04
11.9 1.038046e+04 1.046809e+04 1.042226e+04 1.033463e+04
12.9 1.043363e+04 1.047558e+04 1.042254e+04 1.038059e+04
13.9 1.053863e+04 1.046103e+04 1.042225e+04 1.049985e+04
14.9 1.051054e+04 1.045657e+04 1.042180e+04 1.047578e+04
15.9 1.047755e+04 1.043897e+04 1.042142e+04 1.046001e+04
16.9 1.051752e+04 1.044436e+04 1.042118e+04 1.049434e+04
17.9 1.042619e+04 1.045453e+04 1.042105e+04 1.039271e+04
0.7 1.041555e+04 1.038217e+04 1.042634e+04 1.045972e+04
1.7 1.046321e+04 1.036924e+04 1.041847e+04 1.051245e+04
2.7 1.045546e+04 1.035860e+04 1.041592e+04 1.051278e+04
3.7 1.037283e+04 1.034907e+04 1.042180e+04 1.044556e+04
4.7 1.035685e+04 1.032244e+04 1.041528e+04 1.044969e+04
5.7 1.022700e+04 1.032681e+04 1.040271e+04 1.030290e+04
6.7 1.038465e+04 1.037018e+04 1.040363e+04 1.041810e+04
7.7 1.043753e+04 1.040149e+04 1.041145e+04 1.044748e+04
8.7 1.046425e+04 1.043350e+04 1.041758e+04 1.044832e+04
9.7 1.041947e+04 1.043814e+04 1.042086e+04 1.040220e+04
10.7 1.038046e+04 1.046809e+04 1.042226e+04 1.033463e+04
11.7 1.043363e+04 1.047558e+04 1.042254e+04 1.038059e+04
12.7 1.053863e+04 1.046103e+04 1.042225e+04 1.049985e+04
13.7 1.051054e+04 1.045657e+04 1.042180e+04 1.047578e+04
14.7 1.047755e+04 1.043897e+04 1.042142e+04 1.046001e+04
15.7 1.051752e+04 1.044436e+04 1.042118e+04 1.049434e+04
16.7 1.042619e+04 1.045453e+04 1.042105e+04 1.039271e+04
17.7 1.051870e+04 1.048665e+04 1.042100e+04 1.045304e+04
1.0 1.045546e+04 1.035860e+04 1.041592e+04 1.051278e+04
2.0 1.037283e+04 1.034907e+04 1.042180e+04 1.044556e+04
3.0 1.035685e+04 1.032244e+04 1.041528e+04 1.044969e+04
4.0 1.022700e+04 1.032681e+04 1.040271e+04 1.030290e+04
5.0 1.038465e+04 1.037018e+04 1.040363e+04 1.041810e+04
6.0 1.043753e+04 1.040149e+04 1.041145e+04 1.044748e+04
7.0 1.046425e+04 1.043350e+04 1.041758e+04 1.044832e+04
8.0 1.041947e+04 1.043814e+04 1.042086e+04 1.040220e+04
9.0 1.038046e+04 1.046809e+04 1.042226e+04 1.033463e+04
10.0 1.043363e+04 1.047558e+04 1.042254e+04 1.038059e+04
11.0 1.053863e+04 1.046103e+04 1.042225e+04 1.049985e+04
12.0 1.051054e+04 1.045657e+04 1.042180e+04 1.047578e+04
13.0 1.047755e+04 1.043897e+04 1.042142e+04 1.046001e+04
14.0 1.051752e+04 1.044436e+04 1.042118e+04 1.049434e+04
15.0 1.042619e+04 1.045453e+04 1.042105e+04 1.039271e+04
16.0 1.051870e+04 1.048665e+04 1.042100e+04 1.045304e+04
17.0 1.046006e+04 1.054912e+04 1.042101e+04 1.033195e+04
18.0 1.046893e+04 1.051417e+04 1.042550e+04 1.038026e+04
0.1 1.045546e+04 1.035860e+04 1.041592e+04 1.051278e+04
1.1 1.037283e+04 1.034907e+04 1.042180e+04 1.044556e+04
2.1 1.035685e+04 1.032244e+04 1.041528e+04 1.044969e+04
3.1 1.022700e+04 1.032681e+04 1.040271e+04 1.030290e+04
4.1 1.038465e+04 1.037018e+04 1.040363e+04 1.041810e+04
5.1 1.043753e+04 1.040149e+04 1.041145e+04 1.044748e+04
6.1 1.046425e+04 1.043350e+04 1.041758e+04 1.044832e+04
7.1 1.041947e+04 1.043814e+04 1.042086e+04 1.040220e+04
8.1 1.038046e+04 1.046809e+04 1.042226e+04 1.033463e+04
9.1 1.043363e+04 1.047558e+04 1.042254e+04 1.038059e+04
10.1 1.053863e+04 1.046103e+04 1.042225e+04 1.049985e+04
11.1 1.051054e+04 1.045657e+04 1.042180e+04 1.047578e+04
12.1 1.047755e+04 1.043897e+04 1.042142e+04 1.046001e+04
13.1 1.051752e+04 1.044436e+04 1.042118e+04 1.049434e+04
14.1 1.042619e+04 1.045453e+04 1.042105e+04 1.039271e+04
15.1 1.051870e+04 1.048665e+04 1.042100e+04 1.045304e+04
16.1 1.046006e+04 1.054912e+04 1.042101e+04 1.033195e+04
17.1 1.046893e+04 1.051417e+04 1.042550e+04 1.038026e+04
0.5 1.046893e+04 1.051417e+04 1.042550e+04 1.038026e+04
1.5 1.047402e+04 1.048933e+04 1.043260e+04 1.041728e+04
2.5 1.054039e+04 1.042234e+04 1.043353e+04 1.055158e+04
3.5 1.046076e+04 1.038575e+04 1.043532e+04 1.051034e+04
4.5 1.041779e+04 1.038270e+04 1.043421e+04 1.046930e+04
5.5 1.049593e+04 1.037920e+04 1.042153e+04 1.053827e+04
6.5 1.045700e+04 1.037714e+04 1.041290e+04 1.049276e+04
7.5 1.040507e+04 1.037029e+04 1.041435e+04 1.044913e+04
8.5 1.029438e+04 1.037572e+04 1.041368e+04 1.033234e+04
9.5 1.033168e+04 1.035776e+04 1.040754e+04 1.038146e+04
10.5 1.031501e+04 1.036469e+04 1.040653e+04 1.035685e+04
11.5 1.026378e+04 1.036415e+04 1.041248e+04 1.031210e+04
12.5 1.029567e+04 1.037879e+04 1.041810e+04 1.033498e+04
13.5 1.040619e+04 1.036624e+04 1.042122e+04 1.046117e+04
14.5 1.043056e+04 1.034399e+04 1.042253e+04 1.050910e+04
15.5 1.043411e+04 1.034673e+04 1.042282e+04 1.051020e+04
16.5 1.047655e+04 1.037991e+04 1.042258e+04 1.051922e+04
17.5 1.046118e+04 1.041844e+04 1.042219e+04 1.046492e+04
0.7 1.054039e+04 1.042234e+04 1.043353e+04 1.055158e+04
1.7 1.046076e+04 1.038575e+04 1.043532e+04 1.051034e+04
2.7 1.041779e+04 1.038270e+04 1.043421e+04 1.046930e+04
3.7 1.049593e+04 1.037920e+04 1.042153e+04 1.053827e+04
4.7 1.045700e+04 1.037714e+04 1.041290e+04 1.049276e+04
5.7 1.040507e+04 1.037029e+04 1.041435e+04 1.044913e+04
6.7 1.029438e+04 1.037572e+04 1.041368e+04 1.033234e+04
7.7 1.033168e+04 1.035776e+04 1.040754e+04 1.038146e+04
8.7 1.031501e+04 1.036469e+04 1.040653e+04 1.035685e+04
9.7 1.026378e+04 1.036415e+04 1.041248e+04 1.031210e+04
10.7 1.029567e+04 1.037879e+04 1.041810e+04 1.033498e+04
11.7 1.040619e+04 1.036624e+04 1.042122e+04 1.046117e+04
12.7 1.043056e+04 1.034399e+04 1.042253e+04 1.050910e+04
13.7 1.043411e+04 1.034673e+04 1.042282e+04 1.051020e+04
14.7 1.047655e+04 1.037991e+04 1.042258e+04 1.051922e+04
15.7 1.046118e+04 1.041844e+04 1.042219e+04 1.046492e+04
16.7 1.044259e+04 1.043061e+04 1.042183e+04 1.043381e+04
17.7 1.055782e+04 1.047012e+04 1.042158e+04 1.050928e+04
0.9 1.046076e+04 1.038575e+04 1.043532e+04 1.051034e+04
1.9 1.041779e+04 1.038270e+04 1.043421e+04 1.046930e+04
2.9 1.049593e+04 1.037920e+04 1.042153e+04 1.053827e+04
3.9 1.045700e+04 1.037714e+04 1.041290e+04 1.049276e+04
4.9 1.040507e+04 1.037029e+04 1.041435e+04 1.044913e+04
5.9 1.029438e+04 1.037572e+04 1.041368e+04 1.033234e+04
6.9 1.033168e+04 1.035776e+04 1.040754e+04 1.038146e+04
7.9 1.031501e+04 1.036469e+04 1.040653e+04 1.035685e+04
8.9 1.026378e+04 1.036415e+04 1.041248e+04 1.031210e+04
9.9 1.029567e+04 1.037879e+04 1.041810e+04 1.033498e+04
10.9 1.040619e+04 1.036624e+04 1.042122e+04 1.046117e+04
11.9 1.043056e+04 1.034399e+04 1.042253e+04 1.050910e+04
12.9 1.043411e+04 1.034673e+04 1.042282e+04 1.051020e+04
13.9 1.047655e+04 1.037991e+04 1.042258e+04 1.051922e+04
14.9 1.046118e+04 1.041844e+04 1.042219e+04 1.046492e+04
15.9 1.044259e+04 1.043061e+04 1.042183e+04 1.043381e+04
16.9 1.055782e+04 1.047012e+04 1.042158e+04 1.050928e+04
17.9 1.048134e+04 1.053397e+04 1.042142e+04 1.036879e+04
1.0 1.041779e+04 1.038270e+04 1.043421e+04 1.046930e+04
2.0 1.049593e+04 1.037920e+04 1.042153e+04 1.053827e+04
3.0 1.045700e+04 1.037714e+04 1.041290e+04 1.049276e+04
4.0 1.040507e+04 1.037029e+04 1.041435e+04 1.044913e+04
5.0 1.029438e+04 1.037572e+04 1.041368e+04 1.033234e+04
6.0 1.033168e+04 1.035776e+04 1.040754e+04 1.038146e+04
7.0 1.031501e+04 1.036469e+04 1.040653e+04 1.035685e+04
8.0 1.026378e+04 1.036415e+04 1.041248e+04 1.031210e+04
9.0 1.029567e+04 1.037879e+04 1.041810e+04 1.033498e+04
10.0 1.040619e+04 1.036624e+04 1.042122e+04 1.046117e+04
11.0 1.043056e+04 1.034399e+04 1.042253e+04 1.050910e+04
12.0 1.043411e+04 1.034673e+04 1.042282e+04 1.051020e+04
13.0 1.047655e+04 1.037991e+04 1.042258e+04 1.051922e+04
14.0 1.046118e+04 1.041844e+04 1.042219e+04 1.046492e+04
15.0 1.044259e+04 1.043061e+04 1.042183e+04 1.043381e+04
16.0 1.055782e+04 1.047012e+04 1.042158e+04 1.050928e+04
17.0 1.048134e+04 1.053397e+04 1.042142e+04 1.036879e+04
18.0 1.052000e+04 1.045711e+04 1.042133e+04 1.048421e+04
0.4 1.049593e+04 1.037920e+04 1.042153e+04 1.053827e+04
1.4 1.045700e+04 1.037714e+04 1.041290e+04 1.049276e+04
2.4 1.040507e+04 1.037029e+04 1.041435e+04 1.044913e+04
3.4 1.029438e+04 1.037572e+04 1.041368e+04 1.033234e+04
4.4 1.033168e+04 1.035776e+04 1.040754e+04 1.038146e+04
5.4 1.031501e+04 1.036469e+04 1.040653e+04 1.035685e+04
6.4 1.026378e+04 1.036415e+04 1.041248e+04 1.031210e+04
7.4 1.029567e+04 1.037879e+04 1.041810e+04 1.033498e+04
8.4 1.040619e+04 1.036624e+04 1.042122e+04 1.046117e+04
9.4 1.043056e+04 1.034399e+04 1.042253e+04 1.050910e+04
10.4 1.043411e+04 1.034673e+04 1.042282e+04 1.051020e+04
11.4 1.047655e+04 1.037991e+04 1.042258e+04 1.051922e+04
12.4 1.046118e+04 1.041844e+04 1.042219e+04 1.046492e+04
13.4 1.044259e+04 1.043061e+04 1.042183e+04 1.043381e+04
14.4 1.055782e+04 1.047012e+04 1.042158e+04 1.050928e+04
15.4 1.048134e+04 1.053397e+04 1.042142e+04 1.036879e+04
16.4 1.052000e+04 1.045711e+04 1.042133e+04 1.048421e+04
17.4 1.044297e+04 1.041670e+04 1.042127e+04 1.044754e+04
0.8 1.040507e+04 1.037029e+04 1.041435e+04 1.044913e+04
1.8 1.029438e+04 1.037572e+04 1.041368e+04 1.033234e+04
2.8 1.033168e+04 1.035776e+04 1.040754e+04 1.038146e+04
3.8 1.031501e+04 1.036469e+04 1.040653e+04 1.035685e+04
4.8 1.026378e+04 1.036415e+04 1.041248e+04 1.031210e+04
5.8 1.029567e+04 1.037879e+04 1.041810e+04 1.033498e+04
6.8 1.040619e+04 1.036624e+04 1.042122e+04 1.046117e+04
7.8 1.043056e+04 1.034399e+04 1.042253e+04 1.050910e+04
8.8 1.043411e+04 1.034673e+04 1.042282e+04 1.051020e+04
9.8 1.047655e+04 1.037991e+04 1.042258e+04 1.051922e+04
10.8 1.046118e+04 1.041844e+04 1.042219e+04 1.046492e+04
11.8 1.044259e+04 1.043061e+04 1.042183e+04 1.043381e+04
12.8 1.055782e+04 1.047012e+04 1.042158e+04 1.050928e+04
13.8 1.048134e+04 1.053397e+04 1.042142e+04 1.036879e+04
14.8 1.052000e+04 1.045711e+04 1.042133e+04 1.048421e+04
15.8 1.044297e+04 1.041670e+04 1.042127e+04 1.044754e+04
16.8 1.052406e+04 1.045481e+04 1.042123e+04 1.049048e+04
17.8 1.052171e+04 1.046423e+04 1.042119e+04 1.047866e+04
0.3 1.054111e+04 1.052335e+04 1.042298e+04 1.044074e+04
1.3 1.057088e+04 1.052805e+04 1.043151e+04 1.047435e+04
2.3 1.052154e+04 1.047895e+04 1.043419e+04 1.047678e+04
3.3 1.042879e+04 1.044019e+04 1.043218e+04 1.042079e+04
4.3 1.029118e+04 1.040344e+04 1.043249e+04 1.032023e+04
5.3 1.039896e+04 1.040396e+04 1.043017e+04 1.042516e+04
6.3 1.045254e+04 1.039988e+04 1.042013e+04 1.047280e+04
7.3 1.040698e+04 1.039541e+04 1.041295e+04 1.042453e+04
8.3 1.033945e+04 1.038020e+04 1.041548e+04 1.037472e+04
9.3 1.021819e+04 1.037111e+04 1.041638e+04 1.026345e+04
10.3 1.029998e+04 1.038252e+04 1.041932e+04 1.033678e+04
11.3 1.034015e+04 1.035753e+04 1.042564e+04 1.040826e+04
12.3 1.028878e+04 1.036412e+04 1.042370e+04 1.034836e+04
13.3 1.028874e+04 1.033074e+04 1.041691e+04 1.037491e+04
14.3 1.040461e+04 1.030374e+04 1.040932e+04 1.051019e+04
15.3 1.035880e+04 1.032326e+04 1.040342e+04 1.043896e+04
16.3 1.040558e+04 1.036703e+04 1.040701e+04 1.044557e+04
17.3 1.029765e+04 1.038487e+04 1.041440e+04 1.032718e+04
0.6 1.052154e+04 1.047895e+04 1.043419e+04 1.047678e+04
1.6 1.042879e+04 1.044019e+04 1.043218e+04 1.042079e+04
2.6 1.029118e+04 1.040344e+04 1.043249e+04 1.032023e+04
3.6 1.039896e+04 1.040396e+04 1.043017e+04 1.042516e+04
4.6 1.045254e+04 1.039988e+04 1.042013e+04 1.047280e+04
5.6 1.040698e+04 1.039541e+04 1.041295e+04 1.042453e+04
6.6 1.033945e+04 1.038020e+04 1.041548e+04 1.037472e+04
7.6 1.021819e+04 1.037111e+04 1.041638e+04 1.026345e+04
8.6 1.029998e+04 1.038252e+04 1.041932e+04 1.033678e+04
9.6 1.034015e+04 1.035753e+04 1.042564e+04 1.040826e+04
10.6 1.028878e+04 1.036412e+04 1.042370e+04 1.034836e+04
11.6 1.028874e+04 1.033074e+04 1.041691e+04 1.037491e+04
12.6 1.040461e+04 1.030374e+04 1.040932e+04 1.051019e+04
13.6 1.035880e+04 1.032326e+04 1.040342e+04 1.043896e+04
14.6 1.040558e+04 1.036703e+04 1.040701e+04 1.044557e+04
15.6 1.029765e+04 1.038487e+04 1.041440e+04 1.032718e+04
16.6 1.037855e+04 1.042842e+04 1.041972e+04 1.036985e+04
17.6 1.038605e+04 1.042847e+04 1.042241e+04 1.037998e+04
0.6 1.042879e+04 1.044019e+04 1.043218e+04 1.042079e+04
1.6 1.029118e+04 1.040344e+04 1.043249e+04 1.032023e+04
2.6 1.039896e+04 1.040396e+04 1.043017e+04 1.042516e+04
3.6 1.045254e+04 1.039988e+04 1.042013e+04 1.047280e+04
4.6 1.040698e+04 1.039541e+04 1.041295e+04 1.042453e+04
5.6 1.033945e+04 1.038020e+04 1.041548e+04 1.037472e+04
6.6 1.021819e+04 1.037111e+04 1.041638e+04 1.026345e+04
7.6 1.029998e+04 1.038252e+04 1.041932e+04 1.033678e+04
8.6 1.034015e+04 1.035753e+04 1.042564e+04 1.040826e+04
9.6 1.028878e+04 1.036412e+04 1.042370e+04 1.034836e+04
10.6 1.028874e+04 1.033074e+04 1.041691e+04 1.037491e+04
11.6 1.040461e+04 1.030374e+04 1.040932e+04 1.051019e+04
12.6 1.035880e+04 1.032326e+04 1.040342e+04 1.043896e+04
13.6 1.040558e+04 1.036703e+04 1.040701e+04 1.044557e+04
14.6 1.029765e+04 1.038487e+04 1.041440e+04 1.032718e+04
15.6 1.037855e+04 1.042842e+04 1.041972e+04 1.036985e+04
16.6 1.038605e+04 1.042847e+04 1.042241e+04 1.037998e+04
17.6 1.042619e+04 1.044050e+04 1.042337e+04 1.040906e+04
0.6 1.029118e+04 1.040344e+04 1.043249e+04 1.032023e+04
1.6 1.039896e+04 1.040396e+04 1.043017e+04 1.042516e+04
2.6 1.045254e+04 1.039988e+04 1.042013e+04 1.047280e+04
3.6 1.040698e+04 1.039541e+04 1.041295e+04 1.042453e+04
4.6 1.033945e+04 1.038020e+04 1.041548e+04 1.037472e+04
5.6 1.021819e+04 1.037111e+04 1.041638e+04 1.026345e+04
6.6 1.029998e+04 1.038252e+04 1.041932e+04 1.033678e+04
7.6 1.034015e+04 1.035753e+04 1.042564e+04 1.040826e+04
8.6 1.028878e+04 1.036412e+04 1.042370e+04 1.034836e+04
9.6 1.028874e+04 1.033074e+04 1.041691e+04 1.037491e+04
10.6 1.040461e+04 1.030374e+04 1.040932e+04 1.051019e+04
11.6 1.035880e+04 1.032326e+04 1.040342e+04 1.043896e+04
12.6 1.040558e+04 1.036703e+04 1.040701e+04 1.044557e+04
13.6 1.029765e+04 1.038487e+04 1.041440e+04 1.032718e+04
14.6 1.037855e+04 1.042842e+04 1.041972e+04 1.036985e+04
15.6 1.038605e+04 1.042847e+04 1.042241e+04 1.037998e+04
16.6 1.042619e+04 1.044050e+04 1.042337e+04 1.040906e+04
17.6 1.039642e+04 1.046761e+04 1.042337e+04 1.035218e+04
0.8 1.039896e+04 1.040396e+04 1.043017e+04 1.042516e+04
1.8 1.045254e+04 1.039988e+04 1.042013e+04 1.047280e+04
2.8 1.040698e+04 1.039541e+04 1.041295e+04 1.042453e+04
3.8 1.033945e+04 1.038020e+04 1.041548e+04 1.037472e+04
4.8 1.021819e+04 1.037111e+04 1.041638e+04 1.026345e+04
5.8 1.029998e+04 1.038252e+04 1.041932e+04 1.033678e+04
6.8 1.034015e+04 1.035753e+04 1.042564e+04 1.040826e+04
7.8 1.028878e+04 1.036412e+04 1.042370e+04 1.034836e+04
8.8 1.028874e+04 1.033074e+04 1.041691e+04 1.037491e+04
9.8 1.040461e+04 1.030374e+04 1.040932e+04 1.051019e+04
10.8 1.035880e+04 1.032326e+04 1.040342e+04 1.043896e+04
11.8 1.040558e+04 1.036703e+04 1.040701e+04 1.044557e+04
12.8 1.029765e+04 1.038487e+04 1.041440e+04 1.032718e+04
13.8 1.037855e+04 1.042842e+04 1.041972e+04 1.036985e+04
14.8 1.038605e+04 1.042847e+04 1.042241e+04 1.037998e+04
15.8 1.042619e+04 1.044050e+04 1.042337e+04 1.040906e+04
16.8 1.039642e+04 1.046761e+04 1.042337e+04 1.035218e+04
17.8 1.051163e+04 1.047538e+04 1.042295e+04 1.045920e+04
0.3 1.045254e+04 1.039988e+04 1.042013e+04 1.047280e+04
1.3 1.040698e+04 1.039541e+04 1.041295e+04 1.042453e+04
2.3 1.033945e+04 1.038020e+04 1.041548e+04 1.037472e+04
3.3 1.021819e+04 1.037111e+04 1.041638e+04 1.026345e+04
4.3 1.029998e+04 1.038252e+04 1.041932e+04 1.033678e+04
5.3 1.034015e+04 1.035753e+04 1.042564e+04 1.040826e+04
6.3 1.028878e+04 1.036412e+04 1.042370e+04 1.034836e+04
7.3 1.028874e+04 1.033074e+04 1.041691e+04 1.037491e+04
8.3 1.040461e+04 1.030374e+04 1.040932e+04 1.051019e+04
9.3 1.035880e+04 1.032326e+04 1.040342e+04 1.043896e+04
10.3 1.040558e+04 1.036703e+04 1.040701e+04 1.044557e+04
11.3 1.029765e+04 1.038487e+04 1.041440e+04 1.032718e+04
12.3 1.037855e+04 1.042842e+04 1.041972e+04 1.036985e+04
13.3 1.038605e+04 1.042847e+04 1.042241e+04 1.037998e+04
14.3 1.042619e+04 1.044050e+04 1.042337e+04 1.040906e+04
15.3 1.039642e+04 1.046761e+04 1.042337e+04 1.035218e+04
16.3 1.051163e+04 1.047538e+04 1.042295e+04 1.045920e+04
17.3 1.046490e+04 1.044327e+04 1.042246e+04 1.044408e+04
0.2 1.040698e+04 1.039541e+04 1.041295e+04 1.042453e+04
1.2 1.033945e+04 1.038020e+04 1.041548e+04 1.037472e+04
2.2 1.021819e+04 1.037111e+04 1.041638e+04 1.026345e+04
3.2 1.029998e+04 1.038252e+04 1.041932e+04 1.033678e+04
4.2 1.034015e+04 1.035753e+04 1.042564e+04 1.040826e+04
5.2 1.028878e+04 1.036412e+04 1.042370e+04 1.034836e+04
6.2 1.028874e+04 1.033074e+04 1.041691e+04 1.037491e+04
7.2 1.040461e+04 1.030374e+04 1.040932e+04 1.051019e+04
8.2 1.035880e+04 1.032326e+04 1.040342e+04 1.043896e+04
9.2 1.040558e+04 1.036703e+04 1.040701e+04 1.044557e+04
10.2 1.029765e+04 1.038487e+04 1.041440e+04 1.032718e+04
11.2 1.037855e+04 1.042842e+04 1.041972e+04 1.036985e+04
12.2 1.038605e+04 1.042847e+04 1.042241e+04 1.037998e+04
13.2 1.042619e+04 1.044050e+04 1.042337e+04 1.040906e+04
14.2 1.039642e+04 1.046761e+04 1.042337e+04 1.035218e+04
15.2 1.051163e+04 1.047538e+04 1.042295e+04 1.045920e+04
16.2 1.046490e+04 1.044327e+04 1.042246e+04 1.044408e+04
17.2 1.053571e+04 1.045145e+04 1.042207e+04 1.050633e+04
0.7 1.021819e+04 1.037111e+04 1.041638e+04 1.026345e+04
1.7 1.029998e+04 1.038252e+04 1.041932e+04 1.033678e+04
2.7 1.034015e+04 1.035753e+04 1.042564e+04 1.040826e+04
3.7 1.028878e+04 1.036412e+04 1.042370e+04 1.034836e+04
4.7 1.028874e+04 1.033074e+04 1.041691e+04 1.037491e+04
5.7 1.040461e+04 1.030374e+04 1.040932e+04 1.051019e+04
6.7 1.035880e+04 1.032326e+04 1.040342e+04 1.043896e+04
7.7 1.040558e+04 1.036703e+04 1.040701e+04 1.044557e+04
8.7 1.029765e+04 1.038487e+04 1.041440e+04 1.032718e+04
9.7 1.037855e+04 1.042842e+04 1.041972e+04 1.036985e+04
10.7 1.038605e+04 1.042847e+04 1.042241e+04 1.037998e+04
11.7 1.042619e+04 1.044050e+04 1.042337e+04 1.040906e+04
12.7 1.039642e+04 1.046761e+04 1.042337e+04 1.035218e+04
13.7 1.051163e+04 1.047538e+04 1.042295e+04 1.045920e+04
14.7 1.046490e+04 1.044327e+04 1.042246e+04 1.044408e+04
15.7 1.053571e+04 1.045145e+04 1.042207e+04 1.050633e+04
16.7 1.047894e+04 1.047458e+04 1.042181e+04 1.042617e+04
17.7 1.052848e+04 1.048935e+04 1.042166e+04 1.046078e+04
0.6 1.029998e+04 1.038252e+04 1.041932e+04 1.033678e+04
1.6 1.034015e+04 1.035753e+04 1.042564e+04 1.040826e+04
2.6 1.028878e+04 1.036412e+04 1.042370e+04 1.034836e+04
3.6 1.028874e+04 1.033074e+04 1.041691e+04 1.037491e+04
4.6 1.040461e+04 1.030374e+04 1.040932e+04 1.051019e+04
5.6 1.035880e+04 1.032326e+04 1.040342e+04 1.043896e+04
6.6 1.040558e+04 1.036703e+04 1.040701e+04 1.044557e+04
7.6 1.029765e+04 1.038487e+04 1.041440e+04 1.032718e+04
8.6 1.037855e+04 1.042842e+04 1.041972e+04 1.036985e+04
9.6 1.038605e+04 1.042847e+04 1.042241e+04 1.037998e+04
10.6 1.042619e+04 1.044050e+04 1.042337e+04 1.040906e+04
11.6 1.039642e+04 1.046761e+04 1.042337e+04 1.035218e+04
12.6 1.051163e+04 1.047538e+04 1.042295e+04 1.045920e+04
13.6 1.046490e+04 1.044327e+04 1.042246e+04 1.044408e+04
14.6 1.053571e+04 1.045145e+04 1.042207e+04 1.050633e+04
15.6 1.047894e+04 1.047458e+04 1.042181e+04 1.042617e+04
16.6 1.052848e+04 1.048935e+04 1.042166e+04 1.046078e+04
17.6 1.048977e+04 1.045710e+04 1.042155e+04 1.045422e+04
0.7 1.034015e+04 1.035753e+04 1.042564e+04 1.040826e+04
1.7 1.028878e+04 1.036412e+04 1.042370e+04 1.034836e+04
2.7 1.028874e+04 1.033074e+04 1.041691e+04 1.037491e+04
3.7 1.040461e+04 1.030374e+04 1.040932e+04 1.051019e+04
4.7 1.035880e+04 1.032326e+04 1.040342e+04 1.043896e+04
5.7 1.040558e+04 1.036703e+04 1.040701e+04 1.044557e+04
6.7 1.029765e+04 1.038487e+04 1.041440e+04 1.032718e+04
7.7 1.037855e+04 1.042842e+04 1.041972e+04 1.036985e+04
8.7 1.038605e+04 1.042847e+04 1.042241e+04 1.037998e+04
9.7 1.042619e+04 1.044050e+04 1.042337e+04 1.040906e+04
10.7 1.039642e+04 1.046761e+04 1.042337e+04 1.035218e+04
11.7 1.051163e+04 1.047538e+04 1.042295e+04 1.045920e+04
12.7 1.046490e+04 1.044327e+04 1.042246e+04 1.044408e+04
13.7 1.053571e+04 1.045145e+04 1.042207e+04 1.050633e+04
14.7 1.047894e+04 1.047458e+04 1.042181e+04 1.042617e+04
15.7 1.052848e+04 1.048935e+04 1.042166e+04 1.046078e+04
16.7 1.048977e+04 1.045710e+04 1.042155e+04 1.045422e+04
17.7 1.036962e+04 1.042045e+04 1.042147e+04 1.037064e+04
0.2 1.028878e+04 1.036412e+04 1.042370e+04 1.034836e+04
1.2 1.028874e+04 1.033074e+04 1.041691e+04 1.037491e+04
2.2 1.040461e+04 1.030374e+04 1.040932e+04 1.051019e+04
3.2 1.035880e+04 1.032326e+04 1.040342e+04 1.043896e+04
4.2 1.040558e+04 1.036703e+04 1.040701e+04 1.044557e+04
5.2 1.029765e+04 1.038487e+04 1.041440e+04 1.032718e+04
6.2 1.037855e+04 1.042842e+04 1.041972e+04 1.036985e+04
7.2 1.038605e+04 1.042847e+04 1.042241e+04 1.037998e+04
8.2 1.042619e+04 1.044050e+04 1.042337e+04 1.040906e+04
9.2 1.039642e+04 1.046761e+04 1.042337e+04 1.035218e+04
10.2 1.051163e+04 1.047538e+04 1.042295e+04 1.045920e+04
11.2 1.046490e+04 1.044327e+04 1.042246e+04 1.044408e+04
12.2 1.053571e+04 1.045145e+04 1.042207e+04 1.050633e+04
13.2 1.047894e+04 1.047458e+04 1.042181e+04 1.042617e+04
14.2 1.052848e+04 1.048935e+04 1.042166e+04 1.046078e+04
15.2 1.048977e+04 1.045710e+04 1.042155e+04 1.045422e+04
16.2 1.036962e+04 1.042045e+04 1.042147e+04 1.037064e+04
17.2 1.035038e+04 1.038831e+04 1.042141e+04 1.038347e+04
0.5 1.044203e+04 1.047262e+04 1.042449e+04 1.039390e+04
1.5 1.045134e+04 1.043037e+04 1.043179e+04 1.045276e+04
2.5 1.034351e+04 1.039862e+04 1.043262e+04 1.037752e+04
3.5 1.030001e+04 1.035359e+04 1.042513e+04 1.037154e+04
4.5 1.028916e+04 1.033521e+04 1.041314e+04 1.036709e+04
5.5 1.032071e+04 1.033987e+04 1.040680e+04 1.038763e+04
6.5 1.026122e+04 1.035281e+04 1.041000e+04 1.031842e+04
7.5 1.028429e+04 1.037366e+04 1.041497e+04 1.032560e+04
8.5 1.033666e+04 1.038927e+04 1.041834e+04 1.036573e+04
9.5 1.034546e+04 1.041933e+04 1.042016e+04 1.034629e+04
10.5 1.037938e+04 1.043831e+04 1.042091e+04 1.036197e+04
11.5 1.044736e+04 1.045481e+04 1.042101e+04 1.041356e+04
12.5 1.049017e+04 1.046083e+04 1.042082e+04 1.045016e+04
13.5 1.052437e+04 1.051757e+04 1.042058e+04 1.042738e+04
14.5 1.057731e+04 1.052552e+04 1.042041e+04 1.047221e+04
15.5 1.051622e+04 1.046088e+04 1.042059e+04 1.047593e+04
16.5 1.031194e+04 1.039367e+04 1.042709e+04 1.034536e+04
17.5 1.037889e+04 1.040177e+04 1.043584e+04 1.041297e+04
0.7 1.034351e+04 1.039862e+04 1.043262e+04 1.037752e+04
1.7 1.030001e+04 1.035359e+04 1.042513e+04 1.037154e+04
2.7 1.028916e+04 1.033521e+04 1.041314e+04 1.036709e+04
3.7 1.032071e+04 1.033987e+04 1.040680e+04 1.038763e+04
4.7 1.026122e+04 1.035281e+04 1.041000e+04 1.031842e+04
5.7 1.028429e+04 1.037366e+04 1.041497e+04 1.032560e+04
6.7 1.033666e+04 1.038927e+04 1.041834e+04 1.036573e+04
7.7 1.034546e+04 1.041933e+04 1.042016e+04 1.034629e+04
8.7 1.037938e+04 1.043831e+04 1.042091e+04 1.036197e+04
9.7 1.044736e+04 1.045481e+04 1.042101e+04 1.041356e+04
10.7 1.049017e+04 1.046083e+04 1.042082e+04 1.045016e+04
11.7 1.052437e+04 1.051757e+04 1.042058e+04 1.042738e+04
12.7 1.057731e+04 1.052552e+04 1.042041e+04 1.047221e+04
13.7 1.051622e+04 1.046088e+04 1.042059e+04 1.047593e+04
14.7 1.031194e+04 1.039367e+04 1.042709e+04 1.034536e+04
15.7 1.037889e+04 1.040177e+04 1.043584e+04 1.041297e+04
16.7 1.046654e+04 1.042177e+04 1.043975e+04 1.048452e+04
17.7 1.044275e+04 1.041846e+04 1.043629e+04 1.046058e+04
0.7 1.031194e+04 1.039367e+04 1.042709e+04 1.034536e+04
1.7 1.037889e+04 1.040177e+04 1.043584e+04 1.041297e+04
2.7 1.046654e+04 1.042177e+04 1.043975e+04 1.048452e+04
3.7 1.044275e+04 1.041846e+04 1.043629e+04 1.046058e+04
4.7 1.035206e+04 1.040105e+04 1.042269e+04 1.037370e+04
5.7 1.037565e+04 1.040381e+04 1.041715e+04 1.038899e+04
6.7 1.035008e+04 1.038140e+04 1.042110e+04 1.038978e+04
7.7 1.040691e+04 1.037271e+04 1.042017e+04 1.045436e+04
8.7 1.034150e+04 1.034051e+04 1.041823e+04 1.041922e+04
9.7 1.033872e+04 1.031402e+04 1.041046e+04 1.043516e+04
10.7 1.040932e+04 1.032603e+04 1.040078e+04 1.048407e+04
11.7 1.034035e+04 1.035812e+04 1.040294e+04 1.038516e+04
12.7 1.038121e+04 1.040300e+04 1.041421e+04 1.039242e+04
13.7 1.042716e+04 1.042332e+04 1.042943e+04 1.043327e+04
14.7 1.039716e+04 1.037863e+04 1.043615e+04 1.045468e+04
15.7 1.024757e+04 1.036026e+04 1.043286e+04 1.032017e+04
16.7 1.034969e+04 1.036670e+04 1.042810e+04 1.041108e+04
17.7 1.036767e+04 1.034900e+04 1.041656e+04 1.043524e+04
0.4 1.037889e+04 1.040177e+04 1.043584e+04 1.041297e+04
1.4 1.046654e+04 1.042177e+04 1.043975e+04 1.048452e+04
2.4 1.044275e+04 1.041846e+04 1.043629e+04 1.046058e+04
3.4 1.035206e+04 1.040105e+04 1.042269e+04 1.037370e+04
4.4 1.037565e+04 1.040381e+04 1.041715e+04 1.038899e+04
5.4 1.035008e+04 1.038140e+04 1.042110e+04 1.038978e+04
6.4 1.040691e+04 1.037271e+04 1.042017e+04 1.045436e+04
7.4 1.034150e+04 1.034051e+04 1.041823e+04 1.041922e+04
8.4 1.033872e+04 1.031402e+04 1.041046e+04 1.043516e+04
9.4 1.040932e+04 1.032603e+04 1.040078e+04 1.048407e+04
10.4 1.034035e+04 1.035812e+04 1.040294e+04 1.038516e+04
11.4 1.038121e+04 1.040300e+04 1.041421e+04 1.039242e+04
12.4 1.042716e+04 1.042332e+04 1.042943e+04 1.043327e+04
13.4 1.039716e+04 1.037863e+04 1.043615e+04 1.045468e+04
14.4 1.024757e+04 1.036026e+04 1.043286e+04 1.032017e+04
15.4 1.034969e+04 1.036670e+04 1.042810e+04 1.041108e+04
16.4 1.036767e+04 1.034900e+04 1.041656e+04 1.043524e+04
17.4 1.026872e+04 1.034972e+04 1.040627e+04 1.032527e+04
0.7 1.046654e+04 1.042177e+04 1.043975e+04 1.048452e+04
1.7 1.044275e+04 1.041846e+04 1.043629e+04 1.046058e+04
2.7 1.035206e+04 1.040105e+04 1.042269e+04 1.037370e+04
3.7 1.037565e+04 1.040381e+04 1.041715e+04 1.038899e+04
4.7 1.035008e+04 1.038140e+04 1.042110e+04 1.038978e+04
5.7 1.040691e+04 1.037271e+04 1.042017e+04 1.045436e+04
6.7 1.034150e+04 1.034051e+04 1.041823e+04 1.041922e+04
7.7 1.033872e+04 1.031402e+04 1.041046e+04 1.043516e+04
8.7 1.040932e+04 1.032603e+04 1.040078e+04 1.048407e+04
9.7 1.034035e+04 1.035812e+04 1.040294e+04 1.038516e+04
10.7 1.038121e+04 1.040300e+04 1.041421e+04 1.039242e+04
11.7 1.042716e+04 1.042332e+04 1.042943e+04 1.043327e+04
12.7 1.039716e+04 1.037863e+04 1.043615e+04 1.045468e+04
13.7 1.024757e+04 1.036026e+04 1.043286e+04 1.032017e+04
14.7 1.034969e+04 1.036670e+04 1.042810e+04 1.041108e+04
15.7 1.036767e+04 1.034900e+04 1.041656e+04 1.043524e+04
16.7 1.026872e+04 1.034972e+04 1.040627e+04 1.032527e+04
17.7 1.034940e+04 1.036241e+04 1.040773e+04 1.039471e+04
0.6 1.044275e+04 1.041846e+04 1.043629e+04 1.046058e+04
1.6 1.035206e+04 1.040105e+04 1.042269e+04 1.037370e+04
2.6 1.037565e+04 1.040381e+04 1.041715e+04 1.038899e+04
3.6 1.035008e+04 1.038140e+04 1.042110e+04 1.038978e+04
4.6 1.040691e+04 1.037271e+04 1.042017e+04 1.045436e+04
5.6 1.034150e+04 1.034051e+04 1.041823e+04 1.041922e+04
6.6 1.033872e+04 1.031402e+04 1.041046e+04 1.043516e+04
7.6 1.040932e+04 1.032603e+04 1.040078e+04 1.048407e+04
8.6 1.034035e+04 1.035812e+04 1.040294e+04 1.038516e+04
9.6 1.038121e+04 1.040300e+04 1.041421e+04 1.039242e+04
10.6 1.042716e+04 1.042332e+04 1.042943e+04 1.043327e+04
11.6 1.039716e+04 1.037863e+04 1.043615e+04 1.045468e+04
12.6 1.024757e+04 1.036026e+04 1.043286e+04 1.032017e+04
13.6 1.034969e+04 1.036670e+04 1.042810e+04 1.041108e+04
14.6 1.036767e+04 1.034900e+04 1.041656e+04 1.043524e+04
15.6 1.026872e+04 1.034972e+04 1.040627e+04 1.032527e+04
16.6 1.034940e+04 1.036241e+04 1.040773e+04 1.039471e+04
17.6 1.056058e+04 1.039373e+04 1.041399e+04 1.058085e+04
0.1 1.035206e+04 1.040105e+04 1.042269e+04 1.037370e+04
1.1 1.037565e+04 1.040381e+04 1.041715e+04 1.038899e+04
2.1 1.035008e+04 1.038140e+04 1.042110e+04 1.038978e+04
3.1 1.040691e+04 1.037271e+04 1.042017e+04 1.045436e+04
4.1 1.034150e+04 1.034051e+04 1.041823e+04 1.041922e+04
5.1 1.033872e+04 1.031402e+04 1.041046e+04 1.043516e+04
6.1 1.040932e+04 1.032603e+04 1.040078e+04 1.048407e+04
7.1 1.034035e+04 1.035812e+04 1.040294e+04 1.038516e+04
8.1 1.038121e+04 1.040300e+04 1.041421e+04 1.039242e+04
9.1 1.042716e+04 1.042332e+04 1.042943e+04 1.043327e+04
10.1 1.039716e+04 1.037863e+04 1.043615e+04 1.045468e+04
11.1 1.024757e+04 1.036026e+04 1.043286e+04 1.032017e+04
12.1 1.034969e+04 1.036670e+04 1.042810e+04 1.041108e+04
13.1 1.036767e+04 1.034900e+04 1.041656e+04 1.043524e+04
14.1 1.026872e+04 1.034972e+04 1.040627e+04 1.032527e+04
15.1 1.034940e+04 1.036241e+04 1.040773e+04 1.039471e+04
16.1 1.056058e+04 1.039373e+04 1.041399e+04 1.058085e+04
17.1 1.058734e+04 1.042275e+04 1.041884e+04 1.058343e+04
0.4 1.037565e+04 1.040381e+04 1.041715e+04 1.038899e+04
1.4 1.035008e+04 1.038140e+04 1.042110e+04 1.038978e+04
2.4 1.040691e+04 1.037271e+04 1.042017e+04 1.045436e+04
3.4 1.034150e+04 1.034051e+04 1.041823e+04 1.041922e+04
4.4 1.033872e+04 1.031402e+04 1.041046e+04 1.043516e+04
5.4 1.040932e+04 1.032603e+04 1.040078e+04 1.048407e+04
6.4 1.034035e+04 1.035812e+04 1.040294e+04 1.038516e+04
7.4 1.038121e+04 1.040300e+04 1.041421e+04 1.039242e+04
8.4 1.042716e+04 1.042332e+04 1.042943e+04 1.043327e+04
9.4 1.039716e+04 1.037863e+04 1.043615e+04 1.045468e+04
10.4 1.024757e+04 1.036026e+04 1.043286e+04 1.032017e+04
11.4 1.034969e+04 1.036670e+04 1.042810e+04 1.041108e+04
12.4 1.036767e+04 1.034900e+04 1.041656e+04 1.043524e+04
13.4 1.026872e+04 1.034972e+04 1.040627e+04 1.032527e+04
14.4 1.034940e+04 1.036241e+04 1.040773e+04 1.039471e+04
15.4 1.056058e+04 1.039373e+04 1.041399e+04 1.058085e+04
16.4 1.058734e+04 1.042275e+04 1.041884e+04 1.058343e+04
17.4 1.055438e+04 1.044816e+04 1.042150e+04 1.052772e+04
0.1 1.035008e+04 1.038140e+04 1.042110e+04 1.038978e+04
1.1 1.040691e+04 1.037271e+04 1.042017e+04 1.045436e+04
2.1 1.034150e+04 1.034051e+04 1.041823e+04 1.041922e+04
3.1 1.033872e+04 1.031402e+04 1.041046e+04 1.043516e+04
4.1 1.040932e+04 1.032603e+04 1.040078e+04 1.048407e+04
5.1 1.034035e+04 1.035812e+04 1.040294e+04 1.038516e+04
6.1 1.038121e+04 1.040300e+04 1.041421e+04 1.039242e+04
7.1 1.042716e+04 1.042332e+04 1.042943e+04 1.043327e+04
8.1 1.039716e+04 1.037863e+04 1.043615e+04 1.045468e+04
9.1 1.024757e+04 1.036026e+04 1.043286e+04 1.032017e+04
10.1 1.034969e+04 1.036670e+04 1.042810e+04 1.041108e+04
11.1 1.036767e+04 1.034900e+04 1.041656e+04 1.043524e+04
12.1 1.026872e+04 1.034972e+04 1.040627e+04 1.032527e+04
13.1 1.034940e+04 1.036241e+04 1.040773e+04 1.039471e+04
14.1 1.056058e+04 1.039373e+04 1.041399e+04 1.058085e+04
15.1 1.058734e+04 1.042275e+04 1.041884e+04 1.058343e+04
16.1 1.055438e+04 1.044816e+04 1.042150e+04 1.052772e+04
17.1 1.051315e+04 1.044475e+04 1.042263e+04 1.049103e+04
0.1 1.040691e+04 1.037271e+04 1.042017e+04 1.045436e+04
1.1 1.034150e+04 1.034051e+04 1.041823e+04 1.041922e+04
2.1 1.033872e+04 1.031402e+04 1.041046e+04 1.043516e+04
3.1 1.040932e+04 1.032603e+04 1.040078e+04 1.048407e+04
4.1 1.034035e+04 1.035812e+04 1.040294e+04 1.038516e+04
5.1 1.038121e+04 1.040300e+04 1.041421e+04 1.039242e+04
6.1 1.042716e+04 1.042332e+04 1.042943e+04 1.043327e+04
7.1 1.039716e+04 1.037863e+04 1.043615e+04 1.045468e+04
8.1 1.024757e+04 1.036026e+04 1.043286e+04 1.032017e+04
9.1 1.034969e+04 1.036670e+04 1.042810e+04 1.041108e+04
10.1 1.036767e+04 1.034900e+04 1.041656e+04 1.043524e+04
11.1 1.026872e+04 1.034972e+04 1.040627e+04 1.032527e+04
12.1 1.034940e+04 1.036241e+04 1.040773e+04 1.039471e+04
13.1 1.056058e+04 1.039373e+04 1.041399e+04 1.058085e+04
14.1 1.058734e+04 1.042275e+04 1.041884e+04 1.058343e+04
15.1 1.055438e+04 1.044816e+04 1.042150e+04 1.052772e+04
16.1 1.051315e+04 1.044475e+04 1.042263e+04 1.049103e+04
17.1 1.052197e+04 1.046644e+04 1.042282e+04 1.047835e+04
0.2 1.038121e+04 1.040300e+04 1.041421e+04 1.039242e+04
1.2 1.042716e+04 1.042332e+04 1.042943e+04 1.043327e+04
2.2 1.039716e+04 1.037863e+04 1.043615e+04 1.045468e+04
3.2 1.024757e+04 1.036026e+04 1.043286e+04 1.032017e+04
4.2 1.034969e+04 1.036670e+04 1.042810e+04 1.041108e+04
5.2 1.036767e+04 1.034900e+04 1.041656e+04 1.043524e+04
6.2 1.026872e+04 1.034972e+04 1.040627e+04 1.032527e+04
7.2 1.034940e+04 1.036241e+04 1.040773e+04 1.039471e+04
8.2 1.056058e+04 1.039373e+04 1.041399e+04 1.058085e+04
9.2 1.058734e+04 1.042275e+04 1.041884e+04 1.058343e+04
10.2 1.055438e+04 1.044816e+04 1.042150e+04 1.052772e+04
11.2 1.051315e+04 1.044475e+04 1.042263e+04 1.049103e+04
12.2 1.052197e+04 1.046644e+04 1.042282e+04 1.047835e+04
13.2 1.048842e+04 1.049673e+04 1.042254e+04 1.041422e+04
14.2 1.053393e+04 1.052311e+04 1.042212e+04 1.043295e+04
15.2 1.043550e+04 1.048406e+04 1.042176e+04 1.037320e+04
16.2 1.045048e+04 1.045728e+04 1.042150e+04 1.041470e+04
17.2 1.043189e+04 1.043055e+04 1.042133e+04 1.042267e+04
0.6 1.039716e+04 1.037863e+04 1.043615e+04 1.045468e+04
1.6 1.024757e+04 1.036026e+04 1.043286e+04 1.032017e+04
2.6 1.034969e+04 1.036670e+04 1.042810e+04 1.041108e+04
3.6 1.036767e+04 1.034900e+04 1.041656e+04 1.043524e+04
4.6 1.026872e+04 1.034972e+04 1.040627e+04 1.032527e+04
5.6 1.034940e+04 1.036241e+04 1.040773e+04 1.039471e+04
6.6 1.056058e+04 1.039373e+04 1.041399e+04 1.058085e+04
7.6 1.058734e+04 1.042275e+04 1.041884e+04 1.058343e+04
8.6 1.055438e+04 1.044816e+04 1.042150e+04 1.052772e+04
9.6 1.051315e+04 1.044475e+04 1.042263e+04 1.049103e+04
10.6 1.052197e+04 1.046644e+04 1.042282e+04 1.047835e+04
11.6 1.048842e+04 1.049673e+04 1.042254e+04 1.041422e+04
12.6 1.053393e+04 1.052311e+04 1.042212e+04 1.043295e+04
13.6 1.043550e+04 1.048406e+04 1.042176e+04 1.037320e+04
14.6 1.045048e+04 1.045728e+04 1.042150e+04 1.041470e+04
15.6 1.043189e+04 1.043055e+04 1.042133e+04 1.042267e+04
16.6 1.043887e+04 1.044174e+04 1.042120e+04 1.041832e+04
17.6 1.037950e+04 1.044517e+04 1.042109e+04 1.035543e+04
0.3 1.024757e+04 1.036026e+04 1.043286e+04 1.032017e+04
1.3 1.034969e+04 1.036670e+04 1.042810e+04 1.041108e+04
2.3 1.036767e+04 1.034900e+04 1.041656e+04 1.043524e+04
3.3 1.026872e+04 1.034972e+04 1.040627e+04 1.032527e+04
4.3 1.034940e+04 1.036241e+04 1.040773e+04 1.039471e+04
5.3 1.056058e+04 1.039373e+04 1.041399e+04 1.058085e+04
6.3 1.058734e+04 1.042275e+04 1.041884e+04 1.058343e+04
7.3 1.055438e+04 1.044816e+04 1.042150e+04 1.052772e+04
8.3 1.051315e+04 1.044475e+04 1.042263e+04 1.049103e+04
9.3 1.052197e+04 1.046644e+04 1.042282e+04 1.047835e+04
10.3 1.048842e+04 1.049673e+04 1.042254e+04 1.041422e+04
11.3 1.053393e+04 1.052311e+04 1.042212e+04 1.043295e+04
12.3 1.043550e+04 1.048406e+04 1.042176e+04 1.037320e+04
13.3 1.045048e+04 1.045728e+04 1.042150e+04 1.041470e+04
14.3 1.043189e+04 1.043055e+04 1.042133e+04 1.042267e+04
15.3 1.043887e+04 1.044174e+04 1.042120e+04 1.041832e+04
16.3 1.037950e+04 1.044517e+04 1.042109e+04 1.035543e+04
17.3 1.047509e+04 1.050516e+04 1.042099e+04 1.039092e+04
0.0 1.035192e+04 1.040015e+04 1.042051e+04 1.037228e+04
1.0 1.038071e+04 1.040329e+04 1.042976e+04 1.040718e+04
2.0 1.041594e+04 1.042093e+04 1.043932e+04 1.043433e+04
3.0 1.036449e+04 1.043240e+04 1.043588e+04 1.036797e+04
4.0 1.042741e+04 1.040596e+04 1.042164e+04 1.044309e+04
0.9 1.041594e+04 1.042093e+04 1.043932e+04 1.043433e+04
1.9 1.036449e+04 1.043240e+04 1.043588e+04 1.036797e+04
2.9 1.042741e+04 1.040596e+04 1.042164e+04 1.044309e+04
1.0 1.036449e+04 1.043240e+04 1.043588e+04 1.036797e+04
2.0 1.042741e+04 1.040596e+04 1.042164e+04 1.044309e+04
0.4 1.042741e+04 1.040596e+04 1.042164e+04 1.044309e+04
