0.4 9.246894e+03 9.237886e+03 9.210882e+03 9.219890e+03
1.4 9.220369e+03 9.226691e+03 9.213709e+03 9.207387e+03
2.4 9.204920e+03 9.185254e+03 9.214076e+03 9.233742e+03
3.4 9.212134e+03 9.186763e+03 9.212243e+03 9.237614e+03
4.4 9.174079e+03 9.172632e+03 9.211384e+03 9.212832e+03
5.4 9.165542e+03 9.173353e+03 9.212006e+03 9.204195e+03
6.4 9.158017e+03 9.142707e+03 9.211806e+03 9.227115e+03
7.4 9.163883e+03 9.134502e+03 9.208857e+03 9.238238e+03
8.4 9.152941e+03 9.133296e+03 9.207904e+03 9.227549e+03
9.4 9.087479e+03 9.119665e+03 9.210106e+03 9.177921e+03
10.4 9.094196e+03 9.117468e+03 9.207663e+03 9.184391e+03
11.4 9.116465e+03 9.127401e+03 9.202959e+03 9.192022e+03
12.4 9.198502e+03 9.189909e+03 9.203300e+03 9.211893e+03
13.4 9.238953e+03 9.204586e+03 9.206229e+03 9.240596e+03
14.4 9.249155e+03 9.214823e+03 9.208524e+03 9.242856e+03
15.4 9.213163e+03 9.211885e+03 9.209754e+03 9.211032e+03
16.4 9.208347e+03 9.255925e+03 9.210278e+03 9.162700e+03
17.4 9.239688e+03 9.271940e+03 9.210382e+03 9.178131e+03
0.6 9.204920e+03 9.185254e+03 9.214076e+03 9.233742e+03
1.6 9.212134e+03 9.186763e+03 9.212243e+03 9.237614e+03
2.6 9.174079e+03 9.172632e+03 9.211384e+03 9.212832e+03
3.6 9.165542e+03 9.173353e+03 9.212006e+03 9.204195e+03
4.6 9.158017e+03 9.142707e+03 9.211806e+03 9.227115e+03
5.6 9.163883e+03 9.134502e+03 9.208857e+03 9.238238e+03
6.6 9.152941e+03 9.133296e+03 9.207904e+03 9.227549e+03
7.6 9.087479e+03 9.119665e+03 9.210106e+03 9.177921e+03
8.6 9.094196e+03 9.117468e+03 9.207663e+03 9.184391e+03
9.6 9.116465e+03 9.127401e+03 9.202959e+03 9.192022e+03
10.6 9.198502e+03 9.189909e+03 9.203300e+03 9.211893e+03
11.6 9.238953e+03 9.204586e+03 9.206229e+03 9.240596e+03
12.6 9.249155e+03 9.214823e+03 9.208524e+03 9.242856e+03
13.6 9.213163e+03 9.211885e+03 9.209754e+03 9.211032e+03
14.6 9.208347e+03 9.255925e+03 9.210278e+03 9.162700e+03
15.6 9.239688e+03 9.271940e+03 9.210382e+03 9.178131e+03
16.6 9.252015e+03 9.254046e+03 9.210273e+03 9.208242e+03
17.6 9.247466e+03 9.252450e+03 9.210105e+03 9.205121e+03
0.9 9.174079e+03 9.172632e+03 9.211384e+03 9.212832e+03
1.9 9.165542e+03 9.173353e+03 9.212006e+03 9.204195e+03
2.9 9.158017e+03 9.142707e+03 9.211806e+03 9.227115e+03
3.9 9.163883e+03 9.134502e+03 9.208857e+03 9.238238e+03
4.9 9.152941e+03 9.133296e+03 9.207904e+03 9.227549e+03
5.9 9.087479e+03 9.119665e+03 9.210106e+03 9.177921e+03
6.9 9.094196e+03 9.117468e+03 9.207663e+03 9.184391e+03
7.9 9.116465e+03 9.127401e+03 9.202959e+03 9.192022e+03
8.9 9.198502e+03 9.189909e+03 9.203300e+03 9.211893e+03
9.9 9.238953e+03 9.204586e+03 9.206229e+03 9.240596e+03
10.9 9.249155e+03 9.214823e+03 9.208524e+03 9.242856e+03
11.9 9.213163e+03 9.211885e+03 9.209754e+03 9.211032e+03
12.9 9.208347e+03 9.255925e+03 9.210278e+03 9.162700e+03
13.9 9.239688e+03 9.271940e+03 9.210382e+03 9.178131e+03
14.9 9.252015e+03 9.254046e+03 9.210273e+03 9.208242e+03
15.9 9.247466e+03 9.252450e+03 9.210105e+03 9.205121e+03
16.9 9.210186e+03 9.231114e+03 9.209963e+03 9.189034e+03
17.9 9.252127e+03 9.233243e+03 9.209872e+03 9.228756e+03
0.9 9.165542e+03 9.173353e+03 9.212006e+03 9.204195e+03
1.9 9.158017e+03 9.142707e+03 9.211806e+03 9.227115e+03
2.9 9.163883e+03 9.134502e+03 9.208857e+03 9.238238e+03
3.9 9.152941e+03 9.133296e+03 9.207904e+03 9.227549e+03
4.9 9.087479e+03 9.119665e+03 9.210106e+03 9.177921e+03
5.9 9.094196e+03 9.117468e+03 9.207663e+03 9.184391e+03
6.9 9.116465e+03 9.127401e+03 9.202959e+03 9.192022e+03
7.9 9.198502e+03 9.189909e+03 9.203300e+03 9.211893e+03
8.9 9.238953e+03 9.204586e+03 9.206229e+03 9.240596e+03
9.9 9.249155e+03 9.214823e+03 9.208524e+03 9.242856e+03
10.9 9.213163e+03 9.211885e+03 9.209754e+03 9.211032e+03
11.9 9.208347e+03 9.255925e+03 9.210278e+03 9.162700e+03
12.9 9.239688e+03 9.271940e+03 9.210382e+03 9.178131e+03
13.9 9.252015e+03 9.254046e+03 9.210273e+03 9.208242e+03
14.9 9.247466e+03 9.252450e+03 9.210105e+03 9.205121e+03
15.9 9.210186e+03 9.231114e+03 9.209963e+03 9.189034e+03
16.9 9.252127e+03 9.233243e+03 9.209872e+03 9.228756e+03
17.9 9.247177e+03 9.248049e+03 9.209824e+03 9.208953e+03
0.7 9.158017e+03 9.142707e+03 9.211806e+03 9.227115e+03
1.7 9.163883e+03 9.134502e+03 9.208857e+03 9.238238e+03
2.7 9.152941e+03 9.133296e+03 9.207904e+03 9.227549e+03
3.7 9.087479e+03 9.119665e+03 9.210106e+03 9.177921e+03
4.7 9.094196e+03 9.117468e+03 9.207663e+03 9.184391e+03
5.7 9.116465e+03 9.127401e+03 9.202959e+03 9.192022e+03
6.7 9.198502e+03 9.189909e+03 9.203300e+03 9.211893e+03
7.7 9.238953e+03 9.204586e+03 9.206229e+03 9.240596e+03
8.7 9.249155e+03 9.214823e+03 9.208524e+03 9.242856e+03
9.7 9.213163e+03 9.211885e+03 9.209754e+03 9.211032e+03
10.7 9.208347e+03 9.255925e+03 9.210278e+03 9.162700e+03
11.7 9.239688e+03 9.271940e+03 9.210382e+03 9.178131e+03
12.7 9.252015e+03 9.254046e+03 9.210273e+03 9.208242e+03
13.7 9.247466e+03 9.252450e+03 9.210105e+03 9.205121e+03
14.7 9.210186e+03 9.231114e+03 9.209963e+03 9.189034e+03
15.7 9.252127e+03 9.233243e+03 9.209872e+03 9.228756e+03
16.7 9.247177e+03 9.248049e+03 9.209824e+03 9.208953e+03
17.7 9.232830e+03 9.259131e+03 9.209804e+03 9.183503e+03
1.0 9.152941e+03 9.133296e+03 9.207904e+03 9.227549e+03
2.0 9.087479e+03 9.119665e+03 9.210106e+03 9.177921e+03
3.0 9.094196e+03 9.117468e+03 9.207663e+03 9.184391e+03
4.0 9.116465e+03 9.127401e+03 9.202959e+03 9.192022e+03
5.0 9.198502e+03 9.189909e+03 9.203300e+03 9.211893e+03
6.0 9.238953e+03 9.204586e+03 9.206229e+03 9.240596e+03
7.0 9.249155e+03 9.214823e+03 9.208524e+03 9.242856e+03
8.0 9.213163e+03 9.211885e+03 9.209754e+03 9.211032e+03
9.0 9.208347e+03 9.255925e+03 9.210278e+03 9.162700e+03
10.0 9.239688e+03 9.271940e+03 9.210382e+03 9.178131e+03
11.0 9.252015e+03 9.254046e+03 9.210273e+03 9.208242e+03
12.0 9.247466e+03 9.252450e+03 9.210105e+03 9.205121e+03
13.0 9.210186e+03 9.231114e+03 9.209963e+03 9.189034e+03
14.0 9.252127e+03 9.233243e+03 9.209872e+03 9.228756e+03
15.0 9.247177e+03 9.248049e+03 9.209824e+03 9.208953e+03
16.0 9.232830e+03 9.259131e+03 9.209804e+03 9.183503e+03
17.0 9.237302e+03 9.296865e+03 9.209809e+03 9.150246e+03
18.0 9.240807e+03 9.239899e+03 9.211491e+03 9.212399e+03
0.1 9.152941e+03 9.133296e+03 9.207904e+03 9.227549e+03
1.1 9.087479e+03 9.119665e+03 9.210106e+03 9.177921e+03
2.1 9.094196e+03 9.117468e+03 9.207663e+03 9.184391e+03
3.1 9.116465e+03 9.127401e+03 9.202959e+03 9.192022e+03
4.1 9.198502e+03 9.189909e+03 9.203300e+03 9.211893e+03
5.1 9.238953e+03 9.204586e+03 9.206229e+03 9.240596e+03
6.1 9.249155e+03 9.214823e+03 9.208524e+03 9.242856e+03
7.1 9.213163e+03 9.211885e+03 9.209754e+03 9.211032e+03
8.1 9.208347e+03 9.255925e+03 9.210278e+03 9.162700e+03
9.1 9.239688e+03 9.271940e+03 9.210382e+03 9.178131e+03
10.1 9.252015e+03 9.254046e+03 9.210273e+03 9.208242e+03
11.1 9.247466e+03 9.252450e+03 9.210105e+03 9.205121e+03
12.1 9.210186e+03 9.231114e+03 9.209963e+03 9.189034e+03
13.1 9.252127e+03 9.233243e+03 9.209872e+03 9.228756e+03
14.1 9.247177e+03 9.248049e+03 9.209824e+03 9.208953e+03
15.1 9.232830e+03 9.259131e+03 9.209804e+03 9.183503e+03
16.1 9.237302e+03 9.296865e+03 9.209809e+03 9.150246e+03
17.1 9.240807e+03 9.239899e+03 9.211491e+03 9.212399e+03
0.5 9.240807e+03 9.239899e+03 9.211491e+03 9.212399e+03
1.5 9.268460e+03 9.243815e+03 9.214146e+03 9.238792e+03
2.5 9.294262e+03 9.211682e+03 9.214497e+03 9.297077e+03
3.5 9.285525e+03 9.188051e+03 9.215168e+03 9.312643e+03
4.5 9.303085e+03 9.181385e+03 9.214752e+03 9.336451e+03
5.5 9.266834e+03 9.149948e+03 9.210004e+03 9.326890e+03
6.5 9.276934e+03 9.162277e+03 9.206771e+03 9.321427e+03
7.5 9.201772e+03 9.153260e+03 9.207317e+03 9.255829e+03
8.5 9.150232e+03 9.171941e+03 9.207065e+03 9.185356e+03
9.5 9.126871e+03 9.163587e+03 9.204764e+03 9.168048e+03
10.5 9.098780e+03 9.170419e+03 9.204386e+03 9.132747e+03
11.5 9.145497e+03 9.180198e+03 9.206614e+03 9.171913e+03
12.5 9.142664e+03 9.191485e+03 9.208718e+03 9.159897e+03
13.5 9.205194e+03 9.192648e+03 9.209886e+03 9.222431e+03
14.5 9.241354e+03 9.170685e+03 9.210377e+03 9.281046e+03
15.5 9.275089e+03 9.177177e+03 9.210485e+03 9.308397e+03
16.5 9.276589e+03 9.196697e+03 9.210398e+03 9.290291e+03
17.5 9.259231e+03 9.212540e+03 9.210249e+03 9.256941e+03
0.7 9.294262e+03 9.211682e+03 9.214497e+03 9.297077e+03
1.7 9.285525e+03 9.188051e+03 9.215168e+03 9.312643e+03
2.7 9.303085e+03 9.181385e+03 9.214752e+03 9.336451e+03
3.7 9.266834e+03 9.149948e+03 9.210004e+03 9.326890e+03
4.7 9.276934e+03 9.162277e+03 9.206771e+03 9.321427e+03
5.7 9.201772e+03 9.153260e+03 9.207317e+03 9.255829e+03
6.7 9.150232e+03 9.171941e+03 9.207065e+03 9.185356e+03
7.7 9.126871e+03 9.163587e+03 9.204764e+03 9.168048e+03
8.7 9.098780e+03 9.170419e+03 9.204386e+03 9.132747e+03
9.7 9.145497e+03 9.180198e+03 9.206614e+03 9.171913e+03
10.7 9.142664e+03 9.191485e+03 9.208718e+03 9.159897e+03
11.7 9.205194e+03 9.192648e+03 9.209886e+03 9.222431e+03
12.7 9.241354e+03 9.170685e+03 9.210377e+03 9.281046e+03
13.7 9.275089e+03 9.177177e+03 9.210485e+03 9.308397e+03
14.7 9.276589e+03 9.196697e+03 9.210398e+03 9.290291e+03
15.7 9.259231e+03 9.212540e+03 9.210249e+03 9.256941e+03
16.7 9.222350e+03 9.219851e+03 9.210115e+03 9.212613e+03
17.7 9.249967e+03 9.240798e+03 9.210021e+03 9.219189e+03
0.9 9.285525e+03 9.188051e+03 9.215168e+03 9.312643e+03
1.9 9.303085e+03 9.181385e+03 9.214752e+03 9.336451e+03
2.9 9.266834e+03 9.149948e+03 9.210004e+03 9.326890e+03
3.9 9.276934e+03 9.162277e+03 9.206771e+03 9.321427e+03
4.9 9.201772e+03 9.153260e+03 9.207317e+03 9.255829e+03
5.9 9.150232e+03 9.171941e+03 9.207065e+03 9.185356e+03
6.9 9.126871e+03 9.163587e+03 9.204764e+03 9.168048e+03
7.9 9.098780e+03 9.170419e+03 9.204386e+03 9.132747e+03
8.9 9.145497e+03 9.180198e+03 9.206614e+03 9.171913e+03
9.9 9.142664e+03 9.191485e+03 9.208718e+03 9.159897e+03
10.9 9.205194e+03 9.192648e+03 9.209886e+03 9.222431e+03
11.9 9.241354e+03 9.170685e+03 9.210377e+03 9.281046e+03
12.9 9.275089e+03 9.177177e+03 9.210485e+03 9.308397e+03
13.9 9.276589e+03 9.196697e+03 9.210398e+03 9.290291e+03
14.9 9.259231e+03 9.212540e+03 9.210249e+03 9.256941e+03
15.9 9.222350e+03 9.219851e+03 9.210115e+03 9.212613e+03
16.9 9.249967e+03 9.240798e+03 9.210021e+03 9.219189e+03
17.9 9.248102e+03 9.298956e+03 9.209962e+03 9.159108e+03
1.0 9.303085e+03 9.181385e+03 9.214752e+03 9.336451e+03
2.0 9.266834e+03 9.149948e+03 9.210004e+03 9.326890e+03
3.0 9.276934e+03 9.162277e+03 9.206771e+03 9.321427e+03
4.0 9.201772e+03 9.153260e+03 9.207317e+03 9.255829e+03
5.0 9.150232e+03 9.171941e+03 9.207065e+03 9.185356e+03
6.0 9.126871e+03 9.163587e+03 9.204764e+03 9.168048e+03
7.0 9.098780e+03 9.170419e+03 9.204386e+03 9.132747e+03
8.0 9.145497e+03 9.180198e+03 9.206614e+03 9.171913e+03
9.0 9.142664e+03 9.191485e+03 9.208718e+03 9.159897e+03
10.0 9.205194e+03 9.192648e+03 9.209886e+03 9.222431e+03
11.0 9.241354e+03 9.170685e+03 9.210377e+03 9.281046e+03
12.0 9.275089e+03 9.177177e+03 9.210485e+03 9.308397e+03
13.0 9.276589e+03 9.196697e+03 9.210398e+03 9.290291e+03
14.0 9.259231e+03 9.212540e+03 9.210249e+03 9.256941e+03
15.0 9.222350e+03 9.219851e+03 9.210115e+03 9.212613e+03
16.0 9.249967e+03 9.240798e+03 9.210021e+03 9.219189e+03
17.0 9.248102e+03 9.298956e+03 9.209962e+03 9.159108e+03
18.0 9.219774e+03 9.215667e+03 9.209928e+03 9.214034e+03
0.4 9.266834e+03 9.149948e+03 9.210004e+03 9.326890e+03
1.4 9.276934e+03 9.162277e+03 9.206771e+03 9.321427e+03
2.4 9.201772e+03 9.153260e+03 9.207317e+03 9.255829e+03
3.4 9.150232e+03 9.171941e+03 9.207065e+03 9.185356e+03
4.4 9.126871e+03 9.163587e+03 9.204764e+03 9.168048e+03
5.4 9.098780e+03 9.170419e+03 9.204386e+03 9.132747e+03
6.4 9.145497e+03 9.180198e+03 9.206614e+03 9.171913e+03
7.4 9.142664e+03 9.191485e+03 9.208718e+03 9.159897e+03
8.4 9.205194e+03 9.192648e+03 9.209886e+03 9.222431e+03
9.4 9.241354e+03 9.170685e+03 9.210377e+03 9.281046e+03
10.4 9.275089e+03 9.177177e+03 9.210485e+03 9.308397e+03
11.4 9.276589e+03 9.196697e+03 9.210398e+03 9.290291e+03
12.4 9.259231e+03 9.212540e+03 9.210249e+03 9.256941e+03
13.4 9.222350e+03 9.219851e+03 9.210115e+03 9.212613e+03
14.4 9.249967e+03 9.240798e+03 9.210021e+03 9.219189e+03
15.4 9.248102e+03 9.298956e+03 9.209962e+03 9.159108e+03
16.4 9.219774e+03 9.215667e+03 9.209928e+03 9.214034e+03
17.4 9.234391e+03 9.237284e+03 9.209906e+03 9.207014e+03
0.8 9.201772e+03 9.153260e+03 9.207317e+03 9.255829e+03
1.8 9.150232e+03 9.171941e+03 9.207065e+03 9.185356e+03
2.8 9.126871e+03 9.163587e+03 9.204764e+03 9.168048e+03
3.8 9.098780e+03 9.170419e+03 9.204386e+03 9.132747e+03
4.8 9.145497e+03 9.180198e+03 9.206614e+03 9.171913e+03
5.8 9.142664e+03 9.191485e+03 9.208718e+03 9.159897e+03
6.8 9.205194e+03 9.192648e+03 9.209886e+03 9.222431e+03
7.8 9.241354e+03 9.170685e+03 9.210377e+03 9.281046e+03
8.8 9.275089e+03 9.177177e+03 9.210485e+03 9.308397e+03
9.8 9.276589e+03 9.196697e+03 9.210398e+03 9.290291e+03
10.8 9.259231e+03 9.212540e+03 9.210249e+03 9.256941e+03
11.8 9.222350e+03 9.219851e+03 9.210115e+03 9.212613e+03
12.8 9.249967e+03 9.240798e+03 9.210021e+03 9.219189e+03
13.8 9.248102e+03 9.298956e+03 9.209962e+03 9.159108e+03
14.8 9.219774e+03 9.215667e+03 9.209928e+03 9.214034e+03
15.8 9.234391e+03 9.237284e+03 9.209906e+03 9.207014e+03
16.8 9.262643e+03 9.292618e+03 9.209890e+03 9.179915e+03
17.8 9.289702e+03 9.287254e+03 9.209874e+03 9.212322e+03
0.3 9.289154e+03 9.310917e+03 9.210545e+03 9.188781e+03
1.3 9.281590e+03 9.313399e+03 9.213740e+03 9.181931e+03
2.3 9.267142e+03 9.276480e+03 9.214744e+03 9.205406e+03
3.3 9.212233e+03 9.231885e+03 9.213992e+03 9.194341e+03
4.3 9.166525e+03 9.211114e+03 9.214106e+03 9.169517e+03
5.3 9.141287e+03 9.196731e+03 9.213237e+03 9.157793e+03
6.3 9.154218e+03 9.164828e+03 9.209480e+03 9.198870e+03
7.3 9.118382e+03 9.162343e+03 9.206792e+03 9.162832e+03
8.3 9.082685e+03 9.143871e+03 9.207737e+03 9.146551e+03
9.3 9.052075e+03 9.151222e+03 9.208076e+03 9.108929e+03
10.3 9.059036e+03 9.154104e+03 9.209176e+03 9.114108e+03
11.3 9.090026e+03 9.139199e+03 9.211543e+03 9.162370e+03
12.3 9.106202e+03 9.162402e+03 9.210817e+03 9.154617e+03
13.3 9.166978e+03 9.133057e+03 9.208272e+03 9.242193e+03
14.3 9.204488e+03 9.148194e+03 9.205432e+03 9.261726e+03
15.3 9.202553e+03 9.175449e+03 9.203224e+03 9.230328e+03
16.3 9.212388e+03 9.207700e+03 9.204569e+03 9.209256e+03
17.3 9.202303e+03 9.200541e+03 9.207334e+03 9.209096e+03
0.6 9.267142e+03 9.276480e+03 9.214744e+03 9.205406e+03
1.6 9.212233e+03 9.231885e+03 9.213992e+03 9.194341e+03
2.6 9.166525e+03 9.211114e+03 9.214106e+03 9.169517e+03
3.6 9.141287e+03 9.196731e+03 9.213237e+03 9.157793e+03
4.6 9.154218e+03 9.164828e+03 9.209480e+03 9.198870e+03
5.6 9.118382e+03 9.162343e+03 9.206792e+03 9.162832e+03
6.6 9.082685e+03 9.143871e+03 9.207737e+03 9.146551e+03
7.6 9.052075e+03 9.151222e+03 9.208076e+03 9.108929e+03
8.6 9.059036e+03 9.154104e+03 9.209176e+03 9.114108e+03
9.6 9.090026e+03 9.139199e+03 9.211543e+03 9.162370e+03
10.6 9.106202e+03 9.162402e+03 9.210817e+03 9.154617e+03
11.6 9.166978e+03 9.133057e+03 9.208272e+03 9.242193e+03
12.6 9.204488e+03 9.148194e+03 9.205432e+03 9.261726e+03
13.6 9.202553e+03 9.175449e+03 9.203224e+03 9.230328e+03
14.6 9.212388e+03 9.207700e+03 9.204569e+03 9.209256e+03
15.6 9.202303e+03 9.200541e+03 9.207334e+03 9.209096e+03
16.6 9.204556e+03 9.228526e+03 9.209325e+03 9.185355e+03
17.6 9.198419e+03 9.206880e+03 9.210331e+03 9.201871e+03
0.6 9.212233e+03 9.231885e+03 9.213992e+03 9.194341e+03
1.6 9.166525e+03 9.211114e+03 9.214106e+03 9.169517e+03
2.6 9.141287e+03 9.196731e+03 9.213237e+03 9.157793e+03
3.6 9.154218e+03 9.164828e+03 9.209480e+03 9.198870e+03
4.6 9.118382e+03 9.162343e+03 9.206792e+03 9.162832e+03
5.6 9.082685e+03 9.143871e+03 9.207737e+03 9.146551e+03
6.6 9.052075e+03 9.151222e+03 9.208076e+03 9.108929e+03
7.6 9.059036e+03 9.154104e+03 9.209176e+03 9.114108e+03
8.6 9.090026e+03 9.139199e+03 9.211543e+03 9.162370e+03
9.6 9.106202e+03 9.162402e+03 9.210817e+03 9.154617e+03
10.6 9.166978e+03 9.133057e+03 9.208272e+03 9.242193e+03
11.6 9.204488e+03 9.148194e+03 9.205432e+03 9.261726e+03
12.6 9.202553e+03 9.175449e+03 9.203224e+03 9.230328e+03
13.6 9.212388e+03 9.207700e+03 9.204569e+03 9.209256e+03
14.6 9.202303e+03 9.200541e+03 9.207334e+03 9.209096e+03
15.6 9.204556e+03 9.228526e+03 9.209325e+03 9.185355e+03
16.6 9.198419e+03 9.206880e+03 9.210331e+03 9.201871e+03
17.6 9.239530e+03 9.222327e+03 9.210692e+03 9.227895e+03
0.6 9.166525e+03 9.211114e+03 9.214106e+03 9.169517e+03
1.6 9.141287e+03 9.196731e+03 9.213237e+03 9.157793e+03
2.6 9.154218e+03 9.164828e+03 9.209480e+03 9.198870e+03
3.6 9.118382e+03 9.162343e+03 9.206792e+03 9.162832e+03
4.6 9.082685e+03 9.143871e+03 9.207737e+03 9.146551e+03
5.6 9.052075e+03 9.151222e+03 9.208076e+03 9.108929e+03
6.6 9.059036e+03 9.154104e+03 9.209176e+03 9.114108e+03
7.6 9.090026e+03 9.139199e+03 9.211543e+03 9.162370e+03
8.6 9.106202e+03 9.162402e+03 9.210817e+03 9.154617e+03
9.6 9.166978e+03 9.133057e+03 9.208272e+03 9.242193e+03
10.6 9.204488e+03 9.148194e+03 9.205432e+03 9.261726e+03
11.6 9.202553e+03 9.175449e+03 9.203224e+03 9.230328e+03
12.6 9.212388e+03 9.207700e+03 9.204569e+03 9.209256e+03
13.6 9.202303e+03 9.200541e+03 9.207334e+03 9.209096e+03
14.6 9.204556e+03 9.228526e+03 9.209325e+03 9.185355e+03
15.6 9.198419e+03 9.206880e+03 9.210331e+03 9.201871e+03
16.6 9.239530e+03 9.222327e+03 9.210692e+03 9.227895e+03
17.6 9.251816e+03 9.263202e+03 9.210692e+03 9.199306e+03
0.8 9.141287e+03 9.196731e+03 9.213237e+03 9.157793e+03
1.8 9.154218e+03 9.164828e+03 9.209480e+03 9.198870e+03
2.8 9.118382e+03 9.162343e+03 9.206792e+03 9.162832e+03
3.8 9.082685e+03 9.143871e+03 9.207737e+03 9.146551e+03
4.8 9.052075e+03 9.151222e+03 9.208076e+03 9.108929e+03
5.8 9.059036e+03 9.154104e+03 9.209176e+03 9.114108e+03
6.8 9.090026e+03 9.139199e+03 9.211543e+03 9.162370e+03
7.8 9.106202e+03 9.162402e+03 9.210817e+03 9.154617e+03
8.8 9.166978e+03 9.133057e+03 9.208272e+03 9.242193e+03
9.8 9.204488e+03 9.148194e+03 9.205432e+03 9.261726e+03
10.8 9.202553e+03 9.175449e+03 9.203224e+03 9.230328e+03
11.8 9.212388e+03 9.207700e+03 9.204569e+03 9.209256e+03
12.8 9.202303e+03 9.200541e+03 9.207334e+03 9.209096e+03
13.8 9.204556e+03 9.228526e+03 9.209325e+03 9.185355e+03
14.8 9.198419e+03 9.206880e+03 9.210331e+03 9.201871e+03
15.8 9.239530e+03 9.222327e+03 9.210692e+03 9.227895e+03
16.8 9.251816e+03 9.263202e+03 9.210692e+03 9.199306e+03
17.8 9.263333e+03 9.282059e+03 9.210533e+03 9.191808e+03
0.3 9.154218e+03 9.164828e+03 9.209480e+03 9.198870e+03
1.3 9.118382e+03 9.162343e+03 9.206792e+03 9.162832e+03
2.3 9.082685e+03 9.143871e+03 9.207737e+03 9.146551e+03
3.3 9.052075e+03 9.151222e+03 9.208076e+03 9.108929e+03
4.3 9.059036e+03 9.154104e+03 9.209176e+03 9.114108e+03
5.3 9.090026e+03 9.139199e+03 9.211543e+03 9.162370e+03
6.3 9.106202e+03 9.162402e+03 9.210817e+03 9.154617e+03
7.3 9.166978e+03 9.133057e+03 9.208272e+03 9.242193e+03
8.3 9.204488e+03 9.148194e+03 9.205432e+03 9.261726e+03
9.3 9.202553e+03 9.175449e+03 9.203224e+03 9.230328e+03
10.3 9.212388e+03 9.207700e+03 9.204569e+03 9.209256e+03
11.3 9.202303e+03 9.200541e+03 9.207334e+03 9.209096e+03
12.3 9.204556e+03 9.228526e+03 9.209325e+03 9.185355e+03
13.3 9.198419e+03 9.206880e+03 9.210331e+03 9.201871e+03
14.3 9.239530e+03 9.222327e+03 9.210692e+03 9.227895e+03
15.3 9.251816e+03 9.263202e+03 9.210692e+03 9.199306e+03
16.3 9.263333e+03 9.282059e+03 9.210533e+03 9.191808e+03
17.3 9.289004e+03 9.243528e+03 9.210350e+03 9.255825e+03
0.2 9.118382e+03 9.162343e+03 9.206792e+03 9.162832e+03
1.2 9.082685e+03 9.143871e+03 9.207737e+03 9.146551e+03
2.2 9.052075e+03 9.151222e+03 9.208076e+03 9.108929e+03
3.2 9.059036e+03 9.154104e+03 9.209176e+03 9.114108e+03
4.2 9.090026e+03 9.139199e+03 9.211543e+03 9.162370e+03
5.2 9.106202e+03 9.162402e+03 9.210817e+03 9.154617e+03
6.2 9.166978e+03 9.133057e+03 9.208272e+03 9.242193e+03
7.2 9.204488e+03 9.148194e+03 9.205432e+03 9.261726e+03
8.2 9.202553e+03 9.175449e+03 9.203224e+03 9.230328e+03
9.2 9.212388e+03 9.207700e+03 9.204569e+03 9.209256e+03
10.2 9.202303e+03 9.200541e+03 9.207334e+03 9.209096e+03
11.2 9.204556e+03 9.228526e+03 9.209325e+03 9.185355e+03
12.2 9.198419e+03 9.206880e+03 9.210331e+03 9.201871e+03
13.2 9.239530e+03 9.222327e+03 9.210692e+03 9.227895e+03
14.2 9.251816e+03 9.263202e+03 9.210692e+03 9.199306e+03
15.2 9.263333e+03 9.282059e+03 9.210533e+03 9.191808e+03
16.2 9.289004e+03 9.243528e+03 9.210350e+03 9.255825e+03
17.2 9.297530e+03 9.245169e+03 9.210205e+03 9.262566e+03
0.7 9.052075e+03 9.151222e+03 9.208076e+03 9.108929e+03
1.7 9.059036e+03 9.154104e+03 9.209176e+03 9.114108e+03
2.7 9.090026e+03 9.139199e+03 9.211543e+03 9.162370e+03
3.7 9.106202e+03 9.162402e+03 9.210817e+03 9.154617e+03
4.7 9.166978e+03 9.133057e+03 9.208272e+03 9.242193e+03
5.7 9.204488e+03 9.148194e+03 9.205432e+03 9.261726e+03
6.7 9.202553e+03 9.175449e+03 9.203224e+03 9.230328e+03
7.7 9.212388e+03 9.207700e+03 9.204569e+03 9.209256e+03
8.7 9.202303e+03 9.200541e+03 9.207334e+03 9.209096e+03
9.7 9.204556e+03 9.228526e+03 9.209325e+03 9.185355e+03
10.7 9.198419e+03 9.206880e+03 9.210331e+03 9.201871e+03
11.7 9.239530e+03 9.222327e+03 9.210692e+03 9.227895e+03
12.7 9.251816e+03 9.263202e+03 9.210692e+03 9.199306e+03
13.7 9.263333e+03 9.282059e+03 9.210533e+03 9.191808e+03
14.7 9.289004e+03 9.243528e+03 9.210350e+03 9.255825e+03
15.7 9.297530e+03 9.245169e+03 9.210205e+03 9.262566e+03
16.7 9.263824e+03 9.244975e+03 9.210110e+03 9.228959e+03
17.7 9.245954e+03 9.219560e+03 9.210050e+03 9.236444e+03
0.6 9.059036e+03 9.154104e+03 9.209176e+03 9.114108e+03
1.6 9.090026e+03 9.139199e+03 9.211543e+03 9.162370e+03
2.6 9.106202e+03 9.162402e+03 9.210817e+03 9.154617e+03
3.6 9.166978e+03 9.133057e+03 9.208272e+03 9.242193e+03
4.6 9.204488e+03 9.148194e+03 9.205432e+03 9.261726e+03
5.6 9.202553e+03 9.175449e+03 9.203224e+03 9.230328e+03
6.6 9.212388e+03 9.207700e+03 9.204569e+03 9.209256e+03
7.6 9.202303e+03 9.200541e+03 9.207334e+03 9.209096e+03
8.6 9.204556e+03 9.228526e+03 9.209325e+03 9.185355e+03
9.6 9.198419e+03 9.206880e+03 9.210331e+03 9.201871e+03
10.6 9.239530e+03 9.222327e+03 9.210692e+03 9.227895e+03
11.6 9.251816e+03 9.263202e+03 9.210692e+03 9.199306e+03
12.6 9.263333e+03 9.282059e+03 9.210533e+03 9.191808e+03
13.6 9.289004e+03 9.243528e+03 9.210350e+03 9.255825e+03
14.6 9.297530e+03 9.245169e+03 9.210205e+03 9.262566e+03
15.6 9.263824e+03 9.244975e+03 9.210110e+03 9.228959e+03
16.6 9.245954e+03 9.219560e+03 9.210050e+03 9.236444e+03
17.6 9.214542e+03 9.202061e+03 9.210012e+03 9.222493e+03
0.7 9.090026e+03 9.139199e+03 9.211543e+03 9.162370e+03
1.7 9.106202e+03 9.162402e+03 9.210817e+03 9.154617e+03
2.7 9.166978e+03 9.133057e+03 9.208272e+03 9.242193e+03
3.7 9.204488e+03 9.148194e+03 9.205432e+03 9.261726e+03
4.7 9.202553e+03 9.175449e+03 9.203224e+03 9.230328e+03
5.7 9.212388e+03 9.207700e+03 9.204569e+03 9.209256e+03
6.7 9.202303e+03 9.200541e+03 9.207334e+03 9.209096e+03
7.7 9.204556e+03 9.228526e+03 9.209325e+03 9.185355e+03
8.7 9.198419e+03 9.206880e+03 9.210331e+03 9.201871e+03
9.7 9.239530e+03 9.222327e+03 9.210692e+03 9.227895e+03
10.7 9.251816e+03 9.263202e+03 9.210692e+03 9.199306e+03
11.7 9.263333e+03 9.282059e+03 9.210533e+03 9.191808e+03
12.7 9.289004e+03 9.243528e+03 9.210350e+03 9.255825e+03
13.7 9.297530e+03 9.245169e+03 9.210205e+03 9.262566e+03
14.7 9.263824e+03 9.244975e+03 9.210110e+03 9.228959e+03
15.7 9.245954e+03 9.219560e+03 9.210050e+03 9.236444e+03
16.7 9.214542e+03 9.202061e+03 9.210012e+03 9.222493e+03
17.7 9.147263e+03 9.194713e+03 9.209983e+03 9.162532e+03
0.2 9.106202e+03 9.162402e+03 9.210817e+03 9.154617e+03
1.2 9.166978e+03 9.133057e+03 9.208272e+03 9.242193e+03
2.2 9.204488e+03 9.148194e+03 9.205432e+03 9.261726e+03
3.2 9.202553e+03 9.175449e+03 9.203224e+03 9.230328e+03
4.2 9.212388e+03 9.207700e+03 9.204569e+03 9.209256e+03
5.2 9.202303e+03 9.200541e+03 9.207334e+03 9.209096e+03
6.2 9.204556e+03 9.228526e+03 9.209325e+03 9.185355e+03
7.2 9.198419e+03 9.206880e+03 9.210331e+03 9.201871e+03
8.2 9.239530e+03 9.222327e+03 9.210692e+03 9.227895e+03
9.2 9.251816e+03 9.263202e+03 9.210692e+03 9.199306e+03
10.2 9.263333e+03 9.282059e+03 9.210533e+03 9.191808e+03
11.2 9.289004e+03 9.243528e+03 9.210350e+03 9.255825e+03
12.2 9.297530e+03 9.245169e+03 9.210205e+03 9.262566e+03
13.2 9.263824e+03 9.244975e+03 9.210110e+03 9.228959e+03
14.2 9.245954e+03 9.219560e+03 9.210050e+03 9.236444e+03
15.2 9.214542e+03 9.202061e+03 9.210012e+03 9.222493e+03
16.2 9.147263e+03 9.194713e+03 9.209983e+03 9.162532e+03
17.2 9.151893e+03 9.176890e+03 9.209957e+03 9.184960e+03
0.5 9.287827e+03 9.261606e+03 9.211113e+03 9.237334e+03
1.5 9.250511e+03 9.221383e+03 9.213846e+03 9.242974e+03
2.5 9.144775e+03 9.204543e+03 9.214157e+03 9.154389e+03
3.5 9.059994e+03 9.141479e+03 9.211350e+03 9.129865e+03
4.5 9.042157e+03 9.130479e+03 9.206861e+03 9.118538e+03
5.5 9.070263e+03 9.126444e+03 9.204488e+03 9.148308e+03
6.5 9.131911e+03 9.153337e+03 9.205688e+03 9.184262e+03
7.5 9.122065e+03 9.174991e+03 9.207546e+03 9.154620e+03
8.5 9.171598e+03 9.204998e+03 9.208809e+03 9.175409e+03
9.5 9.206953e+03 9.231661e+03 9.209489e+03 9.184781e+03
10.5 9.228258e+03 9.252283e+03 9.209772e+03 9.185747e+03
11.5 9.223565e+03 9.254967e+03 9.209810e+03 9.178409e+03
12.5 9.256475e+03 9.255932e+03 9.209738e+03 9.210282e+03
13.5 9.291157e+03 9.253656e+03 9.209649e+03 9.247149e+03
14.5 9.276981e+03 9.244700e+03 9.209586e+03 9.241867e+03
15.5 9.197139e+03 9.208040e+03 9.209653e+03 9.198751e+03
16.5 9.136991e+03 9.156465e+03 9.212087e+03 9.192613e+03
17.5 9.167904e+03 9.184975e+03 9.215361e+03 9.198290e+03
0.7 9.144775e+03 9.204543e+03 9.214157e+03 9.154389e+03
1.7 9.059994e+03 9.141479e+03 9.211350e+03 9.129865e+03
2.7 9.042157e+03 9.130479e+03 9.206861e+03 9.118538e+03
3.7 9.070263e+03 9.126444e+03 9.204488e+03 9.148308e+03
4.7 9.131911e+03 9.153337e+03 9.205688e+03 9.184262e+03
5.7 9.122065e+03 9.174991e+03 9.207546e+03 9.154620e+03
6.7 9.171598e+03 9.204998e+03 9.208809e+03 9.175409e+03
7.7 9.206953e+03 9.231661e+03 9.209489e+03 9.184781e+03
8.7 9.228258e+03 9.252283e+03 9.209772e+03 9.185747e+03
9.7 9.223565e+03 9.254967e+03 9.209810e+03 9.178409e+03
10.7 9.256475e+03 9.255932e+03 9.209738e+03 9.210282e+03
11.7 9.291157e+03 9.253656e+03 9.209649e+03 9.247149e+03
12.7 9.276981e+03 9.244700e+03 9.209586e+03 9.241867e+03
13.7 9.197139e+03 9.208040e+03 9.209653e+03 9.198751e+03
14.7 9.136991e+03 9.156465e+03 9.212087e+03 9.192613e+03
15.7 9.167904e+03 9.184975e+03 9.215361e+03 9.198290e+03
16.7 9.205177e+03 9.186530e+03 9.216825e+03 9.235472e+03
17.7 9.178072e+03 9.193711e+03 9.215530e+03 9.199890e+03
0.7 9.136991e+03 9.156465e+03 9.212087e+03 9.192613e+03
1.7 9.167904e+03 9.184975e+03 9.215361e+03 9.198290e+03
2.7 9.205177e+03 9.186530e+03 9.216825e+03 9.235472e+03
3.7 9.178072e+03 9.193711e+03 9.215530e+03 9.199890e+03
4.7 9.159189e+03 9.153333e+03 9.210437e+03 9.216294e+03
5.7 9.162745e+03 9.169058e+03 9.208362e+03 9.202049e+03
6.7 9.140935e+03 9.152090e+03 9.209844e+03 9.198689e+03
7.7 9.181813e+03 9.156650e+03 9.209493e+03 9.234656e+03
8.7 9.157048e+03 9.125256e+03 9.208769e+03 9.240561e+03
9.7 9.170433e+03 9.121879e+03 9.205857e+03 9.254411e+03
10.7 9.134155e+03 9.147279e+03 9.202233e+03 9.189109e+03
11.7 9.160320e+03 9.180532e+03 9.203042e+03 9.182830e+03
12.7 9.181000e+03 9.197850e+03 9.207262e+03 9.190413e+03
13.7 9.202481e+03 9.215768e+03 9.212962e+03 9.199675e+03
14.7 9.170750e+03 9.180979e+03 9.215478e+03 9.205249e+03
15.7 9.136616e+03 9.180303e+03 9.214245e+03 9.170557e+03
16.7 9.125487e+03 9.166810e+03 9.212462e+03 9.171138e+03
17.7 9.158997e+03 9.148152e+03 9.208144e+03 9.218990e+03
0.4 9.167904e+03 9.184975e+03 9.215361e+03 9.198290e+03
1.4 9.205177e+03 9.186530e+03 9.216825e+03 9.235472e+03
2.4 9.178072e+03 9.193711e+03 9.215530e+03 9.199890e+03
3.4 9.159189e+03 9.153333e+03 9.210437e+03 9.216294e+03
4.4 9.162745e+03 9.169058e+03 9.208362e+03 9.202049e+03
5.4 9.140935e+03 9.152090e+03 9.209844e+03 9.198689e+03
6.4 9.181813e+03 9.156650e+03 9.209493e+03 9.234656e+03
7.4 9.157048e+03 9.125256e+03 9.208769e+03 9.240561e+03
8.4 9.170433e+03 9.121879e+03 9.205857e+03 9.254411e+03
9.4 9.134155e+03 9.147279e+03 9.202233e+03 9.189109e+03
10.4 9.160320e+03 9.180532e+03 9.203042e+03 9.182830e+03
11.4 9.181000e+03 9.197850e+03 9.207262e+03 9.190413e+03
12.4 9.202481e+03 9.215768e+03 9.212962e+03 9.199675e+03
13.4 9.170750e+03 9.180979e+03 9.215478e+03 9.205249e+03
14.4 9.136616e+03 9.180303e+03 9.214245e+03 9.170557e+03
15.4 9.125487e+03 9.166810e+03 9.212462e+03 9.171138e+03
16.4 9.158997e+03 9.148152e+03 9.208144e+03 9.218990e+03
17.4 9.176308e+03 9.148706e+03 9.204290e+03 9.231891e+03
0.7 9.205177e+03 9.186530e+03 9.216825e+03 9.235472e+03
1.7 9.178072e+03 9.193711e+03 9.215530e+03 9.199890e+03
2.7 9.159189e+03 9.153333e+03 9.210437e+03 9.216294e+03
3.7 9.162745e+03 9.169058e+03 9.208362e+03 9.202049e+03
4.7 9.140935e+03 9.152090e+03 9.209844e+03 9.198689e+03
5.7 9.181813e+03 9.156650e+03 9.209493e+03 9.234656e+03
6.7 9.157048e+03 9.125256e+03 9.208769e+03 9.240561e+03
7.7 9.170433e+03 9.121879e+03 9.205857e+03 9.254411e+03
8.7 9.134155e+03 9.147279e+03 9.202233e+03 9.189109e+03
9.7 9.160320e+03 9.180532e+03 9.203042e+03 9.182830e+03
10.7 9.181000e+03 9.197850e+03 9.207262e+03 9.190413e+03
11.7 9.202481e+03 9.215768e+03 9.212962e+03 9.199675e+03
12.7 9.170750e+03 9.180979e+03 9.215478e+03 9.205249e+03
13.7 9.136616e+03 9.180303e+03 9.214245e+03 9.170557e+03
14.7 9.125487e+03 9.166810e+03 9.212462e+03 9.171138e+03
15.7 9.158997e+03 9.148152e+03 9.208144e+03 9.218990e+03
16.7 9.176308e+03 9.148706e+03 9.204290e+03 9.231891e+03
17.7 9.208600e+03 9.170344e+03 9.204836e+03 9.243092e+03
0.6 9.178072e+03 9.193711e+03 9.215530e+03 9.199890e+03
1.6 9.159189e+03 9.153333e+03 9.210437e+03 9.216294e+03
2.6 9.162745e+03 9.169058e+03 9.208362e+03 9.202049e+03
3.6 9.140935e+03 9.152090e+03 9.209844e+03 9.198689e+03
4.6 9.181813e+03 9.156650e+03 9.209493e+03 9.234656e+03
5.6 9.157048e+03 9.125256e+03 9.208769e+03 9.240561e+03
6.6 9.170433e+03 9.121879e+03 9.205857e+03 9.254411e+03
7.6 9.134155e+03 9.147279e+03 9.202233e+03 9.189109e+03
8.6 9.160320e+03 9.180532e+03 9.203042e+03 9.182830e+03
9.6 9.181000e+03 9.197850e+03 9.207262e+03 9.190413e+03
10.6 9.202481e+03 9.215768e+03 9.212962e+03 9.199675e+03
11.6 9.170750e+03 9.180979e+03 9.215478e+03 9.205249e+03
12.6 9.136616e+03 9.180303e+03 9.214245e+03 9.170557e+03
13.6 9.125487e+03 9.166810e+03 9.212462e+03 9.171138e+03
14.6 9.158997e+03 9.148152e+03 9.208144e+03 9.218990e+03
15.6 9.176308e+03 9.148706e+03 9.204290e+03 9.231891e+03
16.6 9.208600e+03 9.170344e+03 9.204836e+03 9.243092e+03
17.6 9.273377e+03 9.189722e+03 9.207182e+03 9.290836e+03
0.1 9.159189e+03 9.153333e+03 9.210437e+03 9.216294e+03
1.1 9.162745e+03 9.169058e+03 9.208362e+03 9.202049e+03
2.1 9.140935e+03 9.152090e+03 9.209844e+03 9.198689e+03
3.1 9.181813e+03 9.156650e+03 9.209493e+03 9.234656e+03
4.1 9.157048e+03 9.125256e+03 9.208769e+03 9.240561e+03
5.1 9.170433e+03 9.121879e+03 9.205857e+03 9.254411e+03
6.1 9.134155e+03 9.147279e+03 9.202233e+03 9.189109e+03
7.1 9.160320e+03 9.180532e+03 9.203042e+03 9.182830e+03
8.1 9.181000e+03 9.197850e+03 9.207262e+03 9.190413e+03
9.1 9.202481e+03 9.215768e+03 9.212962e+03 9.199675e+03
10.1 9.170750e+03 9.180979e+03 9.215478e+03 9.205249e+03
11.1 9.136616e+03 9.180303e+03 9.214245e+03 9.170557e+03
12.1 9.125487e+03 9.166810e+03 9.212462e+03 9.171138e+03
13.1 9.158997e+03 9.148152e+03 9.208144e+03 9.218990e+03
14.1 9.176308e+03 9.148706e+03 9.204290e+03 9.231891e+03
15.1 9.208600e+03 9.170344e+03 9.204836e+03 9.243092e+03
16.1 9.273377e+03 9.189722e+03 9.207182e+03 9.290836e+03
17.1 9.308917e+03 9.225821e+03 9.208995e+03 9.292091e+03
0.4 9.162745e+03 9.169058e+03 9.208362e+03 9.202049e+03
1.4 9.140935e+03 9.152090e+03 9.209844e+03 9.198689e+03
2.4 9.181813e+03 9.156650e+03 9.209493e+03 9.234656e+03
3.4 9.157048e+03 9.125256e+03 9.208769e+03 9.240561e+03
4.4 9.170433e+03 9.121879e+03 9.205857e+03 9.254411e+03
5.4 9.134155e+03 9.147279e+03 9.202233e+03 9.189109e+03
6.4 9.160320e+03 9.180532e+03 9.203042e+03 9.182830e+03
7.4 9.181000e+03 9.197850e+03 9.207262e+03 9.190413e+03
8.4 9.202481e+03 9.215768e+03 9.212962e+03 9.199675e+03
9.4 9.170750e+03 9.180979e+03 9.215478e+03 9.205249e+03
10.4 9.136616e+03 9.180303e+03 9.214245e+03 9.170557e+03
11.4 9.125487e+03 9.166810e+03 9.212462e+03 9.171138e+03
12.4 9.158997e+03 9.148152e+03 9.208144e+03 9.218990e+03
13.4 9.176308e+03 9.148706e+03 9.204290e+03 9.231891e+03
14.4 9.208600e+03 9.170344e+03 9.204836e+03 9.243092e+03
15.4 9.273377e+03 9.189722e+03 9.207182e+03 9.290836e+03
16.4 9.308917e+03 9.225821e+03 9.208995e+03 9.292091e+03
17.4 9.331993e+03 9.241354e+03 9.209992e+03 9.300631e+03
0.1 9.140935e+03 9.152090e+03 9.209844e+03 9.198689e+03
1.1 9.181813e+03 9.156650e+03 9.209493e+03 9.234656e+03
2.1 9.157048e+03 9.125256e+03 9.208769e+03 9.240561e+03
3.1 9.170433e+03 9.121879e+03 9.205857e+03 9.254411e+03
4.1 9.134155e+03 9.147279e+03 9.202233e+03 9.189109e+03
5.1 9.160320e+03 9.180532e+03 9.203042e+03 9.182830e+03
6.1 9.181000e+03 9.197850e+03 9.207262e+03 9.190413e+03
7.1 9.202481e+03 9.215768e+03 9.212962e+03 9.199675e+03
8.1 9.170750e+03 9.180979e+03 9.215478e+03 9.205249e+03
9.1 9.136616e+03 9.180303e+03 9.214245e+03 9.170557e+03
10.1 9.125487e+03 9.166810e+03 9.212462e+03 9.171138e+03
11.1 9.158997e+03 9.148152e+03 9.208144e+03 9.218990e+03
12.1 9.176308e+03 9.148706e+03 9.204290e+03 9.231891e+03
13.1 9.208600e+03 9.170344e+03 9.204836e+03 9.243092e+03
14.1 9.273377e+03 9.189722e+03 9.207182e+03 9.290836e+03
15.1 9.308917e+03 9.225821e+03 9.208995e+03 9.292091e+03
16.1 9.331993e+03 9.241354e+03 9.209992e+03 9.300631e+03
17.1 9.324790e+03 9.243823e+03 9.210416e+03 9.291384e+03
0.1 9.181813e+03 9.156650e+03 9.209493e+03 9.234656e+03
1.1 9.157048e+03 9.125256e+03 9.208769e+03 9.240561e+03
2.1 9.170433e+03 9.121879e+03 9.205857e+03 9.254411e+03
3.1 9.134155e+03 9.147279e+03 9.202233e+03 9.189109e+03
4.1 9.160320e+03 9.180532e+03 9.203042e+03 9.182830e+03
5.1 9.181000e+03 9.197850e+03 9.207262e+03 9.190413e+03
6.1 9.202481e+03 9.215768e+03 9.212962e+03 9.199675e+03
7.1 9.170750e+03 9.180979e+03 9.215478e+03 9.205249e+03
8.1 9.136616e+03 9.180303e+03 9.214245e+03 9.170557e+03
9.1 9.125487e+03 9.166810e+03 9.212462e+03 9.171138e+03
10.1 9.158997e+03 9.148152e+03 9.208144e+03 9.218990e+03
11.1 9.176308e+03 9.148706e+03 9.204290e+03 9.231891e+03
12.1 9.208600e+03 9.170344e+03 9.204836e+03 9.243092e+03
13.1 9.273377e+03 9.189722e+03 9.207182e+03 9.290836e+03
14.1 9.308917e+03 9.225821e+03 9.208995e+03 9.292091e+03
15.1 9.331993e+03 9.241354e+03 9.209992e+03 9.300631e+03
16.1 9.324790e+03 9.243823e+03 9.210416e+03 9.291384e+03
17.1 9.288700e+03 9.252566e+03 9.210487e+03 9.246621e+03
0.2 9.181000e+03 9.197850e+03 9.207262e+03 9.190413e+03
1.2 9.202481e+03 9.215768e+03 9.212962e+03 9.199675e+03
2.2 9.170750e+03 9.180979e+03 9.215478e+03 9.205249e+03
3.2 9.136616e+03 9.180303e+03 9.214245e+03 9.170557e+03
4.2 9.125487e+03 9.166810e+03 9.212462e+03 9.171138e+03
5.2 9.158997e+03 9.148152e+03 9.208144e+03 9.218990e+03
6.2 9.176308e+03 9.148706e+03 9.204290e+03 9.231891e+03
7.2 9.208600e+03 9.170344e+03 9.204836e+03 9.243092e+03
8.2 9.273377e+03 9.189722e+03 9.207182e+03 9.290836e+03
9.2 9.308917e+03 9.225821e+03 9.208995e+03 9.292091e+03
10.2 9.331993e+03 9.241354e+03 9.209992e+03 9.300631e+03
11.2 9.324790e+03 9.243823e+03 9.210416e+03 9.291384e+03
12.2 9.288700e+03 9.252566e+03 9.210487e+03 9.246621e+03
13.2 9.264086e+03 9.270162e+03 9.210381e+03 9.204304e+03
14.2 9.245336e+03 9.268292e+03 9.210225e+03 9.187269e+03
15.2 9.266817e+03 9.236877e+03 9.210090e+03 9.240030e+03
16.2 9.224960e+03 9.235468e+03 9.209993e+03 9.199484e+03
17.2 9.229960e+03 9.237926e+03 9.209927e+03 9.201961e+03
0.6 9.170750e+03 9.180979e+03 9.215478e+03 9.205249e+03
1.6 9.136616e+03 9.180303e+03 9.214245e+03 9.170557e+03
2.6 9.125487e+03 9.166810e+03 9.212462e+03 9.171138e+03
3.6 9.158997e+03 9.148152e+03 9.208144e+03 9.218990e+03
4.6 9.176308e+03 9.148706e+03 9.204290e+03 9.231891e+03
5.6 9.208600e+03 9.170344e+03 9.204836e+03 9.243092e+03
6.6 9.273377e+03 9.189722e+03 9.207182e+03 9.290836e+03
7.6 9.308917e+03 9.225821e+03 9.208995e+03 9.292091e+03
8.6 9.331993e+03 9.241354e+03 9.209992e+03 9.300631e+03
9.6 9.324790e+03 9.243823e+03 9.210416e+03 9.291384e+03
10.6 9.288700e+03 9.252566e+03 9.210487e+03 9.246621e+03
11.6 9.264086e+03 9.270162e+03 9.210381e+03 9.204304e+03
12.6 9.245336e+03 9.268292e+03 9.210225e+03 9.187269e+03
13.6 9.266817e+03 9.236877e+03 9.210090e+03 9.240030e+03
14.6 9.224960e+03 9.235468e+03 9.209993e+03 9.199484e+03
15.6 9.229960e+03 9.237926e+03 9.209927e+03 9.201961e+03
16.6 9.241731e+03 9.241112e+03 9.209879e+03 9.210498e+03
17.6 9.252550e+03 9.226811e+03 9.209840e+03 9.235579e+03
0.3 9.136616e+03 9.180303e+03 9.214245e+03 9.170557e+03
1.3 9.125487e+03 9.166810e+03 9.212462e+03 9.171138e+03
2.3 9.158997e+03 9.148152e+03 9.208144e+03 9.218990e+03
3.3 9.176308e+03 9.148706e+03 9.204290e+03 9.231891e+03
4.3 9.208600e+03 9.170344e+03 9.204836e+03 9.243092e+03
5.3 9.273377e+03 9.189722e+03 9.207182e+03 9.290836e+03
6.3 9.308917e+03 9.225821e+03 9.208995e+03 9.292091e+03
7.3 9.331993e+03 9.241354e+03 9.209992e+03 9.300631e+03
8.3 9.324790e+03 9.243823e+03 9.210416e+03 9.291384e+03
9.3 9.288700e+03 9.252566e+03 9.210487e+03 9.246621e+03
10.3 9.264086e+03 9.270162e+03 9.210381e+03 9.204304e+03
11.3 9.245336e+03 9.268292e+03 9.210225e+03 9.187269e+03
12.3 9.266817e+03 9.236877e+03 9.210090e+03 9.240030e+03
13.3 9.224960e+03 9.235468e+03 9.209993e+03 9.199484e+03
14.3 9.229960e+03 9.237926e+03 9.209927e+03 9.201961e+03
15.3 9.241731e+03 9.241112e+03 9.209879e+03 9.210498e+03
16.3 9.252550e+03 9.226811e+03 9.209840e+03 9.235579e+03
17.3 9.260612e+03 9.264030e+03 9.209803e+03 9.206385e+03
0.0 9.163362e+03 9.194338e+03 9.209621e+03 9.178645e+03
1.0 9.173882e+03 9.208626e+03 9.213086e+03 9.178343e+03
2.0 9.176082e+03 9.196156e+03 9.216663e+03 9.196589e+03
3.0 9.206313e+03 9.207486e+03 9.215375e+03 9.214202e+03
4.0 9.220128e+03 9.166584e+03 9.210046e+03 9.263589e+03
0.9 9.176082e+03 9.196156e+03 9.216663e+03 9.196589e+03
1.9 9.206313e+03 9.207486e+03 9.215375e+03 9.214202e+03
2.9 9.220128e+03 9.166584e+03 9.210046e+03 9.263589e+03
1.0 9.206313e+03 9.207486e+03 9.215375e+03 9.214202e+03
2.0 9.220128e+03 9.166584e+03 9.210046e+03 9.263589e+03
0.4 9.220128e+03 9.166584e+03 9.210046e+03 9.263589e+03
