0.6 1.010608e+04 1.006465e+04 1.001429e+04 1.005572e+04
1.6 1.010792e+04 1.008570e+04 1.001622e+04 1.003843e+04
2.6 1.009579e+04 1.006003e+04 1.001343e+04 1.004919e+04
3.6 1.004155e+04 1.003051e+04 1.000983e+04 1.002088e+04
4.6 9.968476e+03 1.002618e+04 1.000967e+04 9.951966e+03
5.6 9.990402e+03 1.001752e+04 1.001079e+04 9.983672e+03
6.6 1.003648e+04 1.002883e+04 1.001169e+04 1.001935e+04
7.6 1.006120e+04 1.000973e+04 1.001223e+04 1.006371e+04
8.6 1.001690e+04 9.998388e+03 1.001252e+04 1.003103e+04
9.6 9.998283e+03 9.974044e+03 1.001261e+04 1.003685e+04
10.6 9.969050e+03 9.983554e+03 1.001260e+04 9.998097e+03
11.6 9.936456e+03 1.000544e+04 1.001255e+04 9.943567e+03
12.6 9.923295e+03 1.003781e+04 1.001249e+04 9.897974e+03
13.6 1.000129e+04 1.001912e+04 1.001246e+04 9.994626e+03
14.6 1.002962e+04 9.994915e+03 1.001243e+04 1.004714e+04
15.6 1.003976e+04 1.000594e+04 1.001242e+04 1.004624e+04
16.6 1.002016e+04 9.993166e+03 1.001241e+04 1.003941e+04
17.6 1.001228e+04 9.993475e+03 1.001241e+04 1.003121e+04
0.4 1.006240e+04 1.002235e+04 1.001290e+04 1.005295e+04
1.4 1.004068e+04 1.004943e+04 1.001399e+04 1.000523e+04
2.4 1.003667e+04 1.004014e+04 1.001313e+04 1.000966e+04
3.4 1.003735e+04 1.005768e+04 1.001129e+04 9.990969e+03
4.4 1.004923e+04 1.004081e+04 1.001101e+04 1.001943e+04
5.4 1.004927e+04 1.003016e+04 1.001151e+04 1.003062e+04
6.4 9.982839e+03 9.997028e+03 1.001197e+04 9.997780e+03
7.4 9.993017e+03 9.966901e+03 1.001225e+04 1.003836e+04
8.4 9.956195e+03 9.972611e+03 1.001240e+04 9.995984e+03
9.4 9.999213e+03 1.004155e+04 1.001246e+04 9.970126e+03
10.4 1.001285e+04 1.005049e+04 1.001246e+04 9.974829e+03
11.4 1.004341e+04 1.003144e+04 1.001244e+04 1.002442e+04
12.4 1.003279e+04 9.997100e+03 1.001242e+04 1.004811e+04
13.4 1.000883e+04 9.982144e+03 1.001241e+04 1.003910e+04
14.4 1.001033e+04 1.001048e+04 1.001241e+04 1.001225e+04
15.4 1.002828e+04 1.002171e+04 1.001317e+04 1.001974e+04
16.4 9.930742e+03 1.000635e+04 1.001416e+04 9.938551e+03
17.4 9.974074e+03 9.989560e+03 1.001303e+04 9.997548e+03
0.5 1.002828e+04 1.002171e+04 1.001317e+04 1.001974e+04
1.5 9.930742e+03 1.000635e+04 1.001416e+04 9.938551e+03
2.5 9.974074e+03 9.989560e+03 1.001303e+04 9.997548e+03
3.5 9.986259e+03 9.990005e+03 1.001127e+04 1.000753e+04
4.5 9.987387e+03 1.001232e+04 1.001110e+04 9.986167e+03
5.5 1.000652e+04 1.001990e+04 1.001161e+04 9.998238e+03
6.5 1.003570e+04 1.001938e+04 1.001204e+04 1.002837e+04
7.5 1.008825e+04 1.003244e+04 1.001230e+04 1.006812e+04
8.5 1.005431e+04 1.003738e+04 1.001244e+04 1.002938e+04
9.5 1.000488e+04 9.984903e+03 1.001249e+04 1.003247e+04
10.5 1.004583e+04 1.000613e+04 1.001249e+04 1.005219e+04
11.5 1.000117e+04 1.002816e+04 1.001247e+04 9.985475e+03
12.5 9.950613e+03 1.002223e+04 1.001244e+04 9.940824e+03
13.5 9.976281e+03 1.000986e+04 1.001243e+04 9.978842e+03
14.5 1.009440e+04 1.004944e+04 1.001242e+04 1.005737e+04
15.5 1.015317e+04 1.006239e+04 1.001241e+04 1.010319e+04
16.5 1.008674e+04 1.004329e+04 1.001241e+04 1.005586e+04
17.5 1.002001e+04 1.001570e+04 1.001241e+04 1.001671e+04
0.7 1.001813e+04 1.003562e+04 1.001384e+04 9.996352e+03
