0.7 1.003764e+04 1.012674e+04 1.010888e+04 1.001978e+04
1.7 1.012848e+04 1.010316e+04 1.011209e+04 1.013740e+04
2.7 1.013686e+04 1.013991e+04 1.011909e+04 1.011603e+04
3.7 1.021450e+04 1.015056e+04 1.011853e+04 1.018247e+04
4.7 1.015087e+04 1.014267e+04 1.011406e+04 1.012225e+04
5.7 1.012890e+04 1.015067e+04 1.011059e+04 1.008882e+04
6.7 1.006209e+04 1.016100e+04 1.010876e+04 1.000985e+04
7.7 1.008136e+04 1.010228e+04 1.010802e+04 1.008711e+04
8.7 1.006820e+04 1.008057e+04 1.010792e+04 1.009555e+04
9.7 9.972562e+03 1.006963e+04 1.010813e+04 1.001107e+04
10.7 1.015610e+04 1.005817e+04 1.010843e+04 1.020636e+04
11.7 1.005076e+04 1.006975e+04 1.010869e+04 1.008970e+04
12.7 1.013740e+04 1.009490e+04 1.010887e+04 1.015138e+04
13.7 1.014490e+04 1.010435e+04 1.010899e+04 1.014954e+04
14.7 1.012871e+04 1.009497e+04 1.010906e+04 1.014280e+04
15.7 1.008790e+04 1.006493e+04 1.010911e+04 1.013208e+04
16.7 1.002634e+04 1.006233e+04 1.010916e+04 1.007317e+04
17.7 1.007039e+04 1.009583e+04 1.010920e+04 1.008376e+04
1.0 1.009839e+04 1.015592e+04 1.010952e+04 1.005199e+04
2.0 1.015335e+04 1.018865e+04 1.011085e+04 1.007555e+04
3.0 1.014474e+04 1.014134e+04 1.011136e+04 1.011477e+04
4.0 1.003214e+04 1.006577e+04 1.011071e+04 1.007708e+04
5.0 1.003167e+04 1.006109e+04 1.011001e+04 1.008059e+04
6.0 1.008278e+04 1.007143e+04 1.010962e+04 1.012096e+04
7.0 1.009497e+04 1.007493e+04 1.010945e+04 1.012949e+04
8.0 1.004742e+04 1.006631e+04 1.010943e+04 1.009054e+04
9.0 1.002417e+04 1.011301e+04 1.010948e+04 1.002064e+04
10.0 1.020602e+04 1.009677e+04 1.010955e+04 1.021881e+04
11.0 1.009150e+04 1.010238e+04 1.010963e+04 1.009875e+04
12.0 1.008068e+04 1.011662e+04 1.010969e+04 1.007375e+04
13.0 1.024334e+04 1.011987e+04 1.010974e+04 1.023321e+04
14.0 1.015857e+04 1.010635e+04 1.010978e+04 1.016200e+04
15.0 1.013718e+04 1.010682e+04 1.010981e+04 1.014017e+04
16.0 1.016419e+04 1.011221e+04 1.010984e+04 1.016182e+04
17.0 1.019665e+04 1.009733e+04 1.010986e+04 1.020918e+04
18.0 1.016983e+04 1.009644e+04 1.010989e+04 1.018328e+04
0.9 1.016587e+04 1.008527e+04 1.010992e+04 1.019052e+04
1.9 1.009593e+04 1.012600e+04 1.010816e+04 1.007808e+04
2.9 1.015908e+04 1.016445e+04 1.010708e+04 1.010171e+04
3.9 1.008567e+04 1.012163e+04 1.010800e+04 1.007203e+04
4.9 1.008946e+04 1.007096e+04 1.010917e+04 1.012767e+04
5.9 1.006726e+04 1.005150e+04 1.010989e+04 1.012564e+04
6.9 1.003847e+04 1.006737e+04 1.011023e+04 1.008133e+04
7.9 9.941188e+03 1.008407e+04 1.011036e+04 9.967472e+03
8.9 1.002528e+04 1.006215e+04 1.011035e+04 1.007348e+04
9.9 1.011351e+04 1.008346e+04 1.011029e+04 1.014035e+04
10.9 1.011441e+04 1.012575e+04 1.011023e+04 1.009888e+04
11.9 1.020858e+04 1.018539e+04 1.011019e+04 1.013337e+04
12.9 1.032729e+04 1.025479e+04 1.011016e+04 1.018266e+04
13.9 1.020622e+04 1.021732e+04 1.011015e+04 1.009905e+04
14.9 1.013917e+04 1.013291e+04 1.011015e+04 1.011641e+04
15.9 1.001214e+04 1.010787e+04 1.011015e+04 1.001442e+04
16.9 1.009396e+04 1.009878e+04 1.011015e+04 1.010532e+04
17.9 1.016491e+04 1.011666e+04 1.011015e+04 1.015840e+04
0.2 1.016491e+04 1.011666e+04 1.011015e+04 1.015840e+04
1.2 1.013419e+04 1.010244e+04 1.010976e+04 1.014151e+04
2.2 1.008081e+04 1.010862e+04 1.010769e+04 1.007988e+04
3.2 1.014858e+04 1.007666e+04 1.010733e+04 1.017925e+04
4.2 1.004895e+04 1.008860e+04 1.010846e+04 1.006881e+04
5.2 1.006575e+04 1.012039e+04 1.010949e+04 1.005485e+04
6.2 1.010853e+04 1.013872e+04 1.011007e+04 1.007987e+04
7.2 1.013930e+04 1.010047e+04 1.011033e+04 1.014915e+04
8.2 1.010769e+04 1.009737e+04 1.010970e+04 1.012001e+04
9.2 1.008421e+04 1.011496e+04 1.010897e+04 1.007823e+04
10.2 1.016201e+04 1.009028e+04 1.010922e+04 1.018095e+04
11.2 1.010571e+04 1.008607e+04 1.010969e+04 1.012933e+04
12.2 1.016037e+04 1.009623e+04 1.010999e+04 1.017413e+04
13.2 1.008530e+04 1.012445e+04 1.011013e+04 1.007098e+04
14.2 1.006046e+04 1.006734e+04 1.011018e+04 1.010329e+04
15.2 1.012728e+04 1.004841e+04 1.011016e+04 1.018904e+04
16.2 9.930735e+03 1.007128e+04 1.011012e+04 9.969580e+03
17.2 1.011013e+04 1.011152e+04 1.011008e+04 1.010869e+04
0.9 1.013930e+04 1.010047e+04 1.011033e+04 1.014915e+04
1.9 1.010769e+04 1.009737e+04 1.010970e+04 1.012001e+04
2.9 1.008421e+04 1.011496e+04 1.010897e+04 1.007823e+04
3.9 1.016201e+04 1.009028e+04 1.010922e+04 1.018095e+04
4.9 1.010571e+04 1.008607e+04 1.010969e+04 1.012933e+04
5.9 1.016037e+04 1.009623e+04 1.010999e+04 1.017413e+04
6.9 1.008530e+04 1.012445e+04 1.011013e+04 1.007098e+04
7.9 1.006046e+04 1.006734e+04 1.011018e+04 1.010329e+04
8.9 1.012728e+04 1.004841e+04 1.011016e+04 1.018904e+04
9.9 9.930735e+03 1.007128e+04 1.011012e+04 9.969580e+03
10.9 1.011013e+04 1.011152e+04 1.011008e+04 1.010869e+04
11.9 1.012772e+04 1.012915e+04 1.011005e+04 1.010862e+04
12.9 1.004720e+04 1.009608e+04 1.011003e+04 1.006115e+04
13.9 1.009514e+04 1.009549e+04 1.011001e+04 1.010966e+04
14.9 1.010353e+04 1.009278e+04 1.011000e+04 1.012075e+04
15.9 1.010009e+04 1.009608e+04 1.010999e+04 1.011401e+04
16.9 1.012714e+04 1.015953e+04 1.010999e+04 1.007760e+04
17.9 1.015371e+04 1.018122e+04 1.010998e+04 1.008247e+04
0.8 1.008321e+04 1.005119e+04 1.010997e+04 1.014199e+04
1.8 1.008578e+04 1.009957e+04 1.010893e+04 1.009513e+04
2.8 1.006845e+04 1.017400e+04 1.010764e+04 1.000209e+04
3.8 1.008349e+04 1.016500e+04 1.010810e+04 1.002658e+04
4.8 1.020236e+04 1.011618e+04 1.010905e+04 1.019523e+04
5.8 1.008435e+04 1.006626e+04 1.010968e+04 1.012777e+04
6.8 1.010802e+04 1.006892e+04 1.011000e+04 1.014911e+04
7.8 1.009493e+04 1.011902e+04 1.011012e+04 1.008603e+04
8.8 1.012913e+04 1.013090e+04 1.011011e+04 1.010835e+04
9.8 1.005332e+04 1.013693e+04 1.011006e+04 1.002646e+04
10.8 1.015097e+04 1.012684e+04 1.010999e+04 1.013412e+04
11.8 1.013732e+04 1.010782e+04 1.010994e+04 1.013943e+04
12.8 1.013412e+04 1.012774e+04 1.010990e+04 1.011627e+04
13.8 1.019446e+04 1.011101e+04 1.010988e+04 1.019333e+04
14.8 1.012156e+04 1.010693e+04 1.010986e+04 1.012450e+04
15.8 1.025821e+04 1.013404e+04 1.010985e+04 1.023403e+04
16.8 1.012426e+04 1.012826e+04 1.010984e+04 1.010584e+04
17.8 1.009068e+04 1.008585e+04 1.010992e+04 1.011475e+04
0.2 1.012426e+04 1.012826e+04 1.010984e+04 1.010584e+04
1.2 1.009068e+04 1.008585e+04 1.010992e+04 1.011475e+04
2.2 1.013137e+04 1.013280e+04 1.010972e+04 1.010829e+04
3.2 1.011974e+04 1.011771e+04 1.010951e+04 1.011155e+04
4.2 9.986787e+03 1.008473e+04 1.010957e+04 1.001163e+04
5.2 1.014021e+04 1.008092e+04 1.010969e+04 1.016898e+04
6.2 1.013692e+04 1.012251e+04 1.010976e+04 1.012417e+04
7.2 1.013583e+04 1.015015e+04 1.010980e+04 1.009548e+04
8.2 1.011117e+04 1.013921e+04 1.010981e+04 1.008177e+04
9.2 1.026087e+04 1.012281e+04 1.010980e+04 1.024786e+04
10.2 1.003043e+04 1.010473e+04 1.010979e+04 1.003549e+04
11.2 1.011740e+04 1.012707e+04 1.010978e+04 1.010011e+04
12.2 1.019789e+04 1.014391e+04 1.010977e+04 1.016375e+04
13.2 9.949264e+03 1.011161e+04 1.010976e+04 9.947413e+03
14.2 1.005318e+04 1.007312e+04 1.010976e+04 1.008982e+04
15.2 1.010590e+04 1.005887e+04 1.010975e+04 1.015678e+04
16.2 1.000602e+04 1.004800e+04 1.010975e+04 1.006777e+04
17.2 1.010930e+04 1.003508e+04 1.010974e+04 1.018396e+04
0.4 1.016715e+04 1.011879e+04 1.010970e+04 1.015806e+04
1.4 1.009706e+04 1.014901e+04 1.010990e+04 1.005795e+04
2.4 1.008066e+04 1.016947e+04 1.011002e+04 1.002121e+04
3.4 1.018355e+04 1.013536e+04 1.010988e+04 1.015806e+04
4.4 1.003583e+04 1.007169e+04 1.010975e+04 1.007389e+04
5.4 9.973980e+03 1.005961e+04 1.010969e+04 1.002406e+04
6.4 9.945904e+03 1.007906e+04 1.010966e+04 9.976509e+03
7.4 1.009134e+04 1.010274e+04 1.010965e+04 1.009825e+04
8.4 1.018548e+04 1.009779e+04 1.010965e+04 1.019734e+04
9.4 1.008423e+04 1.007679e+04 1.010966e+04 1.011710e+04
10.4 1.006554e+04 1.005524e+04 1.010966e+04 1.011996e+04
11.4 1.016799e+04 1.006130e+04 1.010966e+04 1.021635e+04
12.4 1.015633e+04 1.008883e+04 1.010965e+04 1.017715e+04
13.4 1.013183e+04 1.007864e+04 1.010965e+04 1.016283e+04
14.4 1.006419e+04 1.008814e+04 1.010964e+04 1.008569e+04
15.4 1.007473e+04 1.009705e+04 1.010963e+04 1.008731e+04
16.4 1.010722e+04 1.010985e+04 1.010962e+04 1.010700e+04
17.4 1.013387e+04 1.010660e+04 1.010962e+04 1.013688e+04
0.7 1.019582e+04 1.010134e+04 1.010964e+04 1.020412e+04
1.7 1.012544e+04 1.012505e+04 1.011141e+04 1.011180e+04
2.7 1.019047e+04 1.015677e+04 1.011368e+04 1.014738e+04
3.7 1.010711e+04 1.014580e+04 1.011296e+04 1.007427e+04
4.7 1.010919e+04 1.014317e+04 1.011129e+04 1.007731e+04
5.7 1.030786e+04 1.014010e+04 1.011015e+04 1.027791e+04
6.7 1.020243e+04 1.013878e+04 1.010959e+04 1.017324e+04
7.7 9.928700e+03 1.011987e+04 1.010939e+04 9.918217e+03
8.7 1.006412e+04 1.008722e+04 1.010940e+04 1.008630e+04
9.7 1.012174e+04 1.011253e+04 1.010947e+04 1.011868e+04
10.7 1.026505e+04 1.017639e+04 1.010776e+04 1.019643e+04
11.7 1.031365e+04 1.014862e+04 1.010632e+04 1.027135e+04
12.7 1.018799e+04 1.009764e+04 1.010728e+04 1.019763e+04
13.7 1.006748e+04 1.008404e+04 1.010869e+04 1.009213e+04
14.7 9.980790e+03 1.006331e+04 1.010960e+04 1.002708e+04
15.7 1.003907e+04 1.005477e+04 1.011005e+04 1.009435e+04
16.7 1.008367e+04 1.007413e+04 1.011023e+04 1.011977e+04
17.7 1.009801e+04 1.008485e+04 1.011024e+04 1.012341e+04
0.8 1.012174e+04 1.011253e+04 1.010947e+04 1.011868e+04
1.8 1.026505e+04 1.017639e+04 1.010776e+04 1.019643e+04
2.8 1.031365e+04 1.014862e+04 1.010632e+04 1.027135e+04
3.8 1.018799e+04 1.009764e+04 1.010728e+04 1.019763e+04
4.8 1.006748e+04 1.008404e+04 1.010869e+04 1.009213e+04
5.8 9.980790e+03 1.006331e+04 1.010960e+04 1.002708e+04
6.8 1.003907e+04 1.005477e+04 1.011005e+04 1.009435e+04
7.8 1.008367e+04 1.007413e+04 1.011023e+04 1.011977e+04
8.8 1.009801e+04 1.008485e+04 1.011024e+04 1.012341e+04
9.8 9.989620e+03 1.008382e+04 1.011019e+04 1.001598e+04
10.8 1.003975e+04 1.008704e+04 1.011012e+04 1.006283e+04
11.8 1.015666e+04 1.009130e+04 1.011008e+04 1.017543e+04
12.8 1.001146e+04 1.009127e+04 1.011006e+04 1.003025e+04
13.8 1.011445e+04 1.013102e+04 1.011006e+04 1.009348e+04
14.8 1.015281e+04 1.011860e+04 1.011006e+04 1.014427e+04
15.8 1.009503e+04 1.009227e+04 1.011007e+04 1.011284e+04
16.8 1.011772e+04 1.008023e+04 1.011008e+04 1.014756e+04
17.8 1.007690e+04 1.010452e+04 1.011009e+04 1.008247e+04
0.2 1.010047e+04 1.009309e+04 1.011011e+04 1.011750e+04
1.2 9.984852e+03 1.007318e+04 1.010961e+04 1.002127e+04
2.2 1.012988e+04 1.014529e+04 1.010688e+04 1.009147e+04
3.2 1.016054e+04 1.013848e+04 1.010635e+04 1.012841e+04
4.2 1.009241e+04 1.008872e+04 1.010785e+04 1.011155e+04
5.2 1.002236e+04 1.005844e+04 1.010924e+04 1.007316e+04
6.2 1.006073e+04 1.007395e+04 1.011001e+04 1.009679e+04
7.2 1.011632e+04 1.010991e+04 1.011035e+04 1.011676e+04
8.2 9.975919e+03 1.009691e+04 1.011043e+04 9.989442e+03
9.2 1.029678e+04 1.012504e+04 1.011037e+04 1.028212e+04
10.2 1.017073e+04 1.013237e+04 1.011027e+04 1.014863e+04
11.2 1.016382e+04 1.010988e+04 1.011017e+04 1.016412e+04
12.2 1.000882e+04 1.010920e+04 1.011010e+04 1.000972e+04
13.2 1.005022e+04 1.010238e+04 1.011006e+04 1.005790e+04
14.2 1.008953e+04 1.010104e+04 1.011003e+04 1.009852e+04
15.2 1.011862e+04 1.010961e+04 1.011001e+04 1.011902e+04
16.2 1.005590e+04 1.012338e+04 1.011000e+04 1.004251e+04
17.2 1.008473e+04 1.016724e+04 1.010998e+04 1.002748e+04
0.6 1.013058e+04 1.013422e+04 1.010996e+04 1.010632e+04
1.6 1.010667e+04 1.012620e+04 1.010951e+04 1.008998e+04
2.6 1.016069e+04 1.016577e+04 1.010863e+04 1.010355e+04
3.6 1.004866e+04 1.012348e+04 1.010877e+04 1.003395e+04
4.6 1.012893e+04 1.008863e+04 1.010931e+04 1.014962e+04
5.6 1.017365e+04 1.005493e+04 1.010971e+04 1.022843e+04
6.6 1.004985e+04 1.007401e+04 1.010991e+04 1.008574e+04
7.6 1.015558e+04 1.009899e+04 1.010998e+04 1.016657e+04
8.6 9.987261e+03 1.010029e+04 1.010998e+04 9.996950e+03
9.6 9.975967e+03 1.010417e+04 1.010994e+04 9.981745e+03
10.6 1.007825e+04 1.010140e+04 1.010990e+04 1.008675e+04
11.6 1.028633e+04 1.010853e+04 1.010987e+04 1.028766e+04
12.6 1.017020e+04 1.010304e+04 1.010984e+04 1.017700e+04
13.6 1.008742e+04 1.008455e+04 1.010982e+04 1.011269e+04
14.6 1.011654e+04 1.007518e+04 1.010981e+04 1.015117e+04
15.6 1.015481e+04 1.009385e+04 1.010980e+04 1.017076e+04
16.6 1.013665e+04 1.010468e+04 1.010979e+04 1.014176e+04
17.6 1.028202e+04 1.008849e+04 1.010978e+04 1.030332e+04
