0.5 1.012681e+04 1.009603e+04 1.007612e+04 1.010690e+04
1.5 1.018080e+04 1.012955e+04 1.008474e+04 1.013599e+04
2.5 1.022464e+04 1.014050e+04 1.009583e+04 1.017997e+04
3.5 1.013262e+04 1.011887e+04 1.010563e+04 1.011937e+04
4.5 1.005783e+04 1.006855e+04 1.010089e+04 1.009016e+04
5.5 1.007992e+04 1.004477e+04 1.009790e+04 1.013305e+04
6.5 1.001395e+04 1.006505e+04 1.011381e+04 1.006271e+04
7.5 1.006812e+04 1.010186e+04 1.012126e+04 1.008752e+04
8.5 1.010284e+04 1.012271e+04 1.013269e+04 1.011282e+04
9.5 1.004788e+04 1.013627e+04 1.014054e+04 1.005215e+04
10.5 9.989869e+03 1.012571e+04 1.012972e+04 9.993877e+03
11.5 1.008893e+04 1.009778e+04 1.011628e+04 1.010743e+04
12.5 1.003884e+04 1.009818e+04 1.010812e+04 1.004878e+04
13.5 1.022362e+04 1.013056e+04 1.010453e+04 1.019759e+04
14.5 1.016390e+04 1.015548e+04 1.010366e+04 1.011208e+04
15.5 1.022553e+04 1.012995e+04 1.010421e+04 1.019979e+04
16.5 1.008575e+04 1.012121e+04 1.010529e+04 1.006983e+04
17.5 1.013574e+04 1.010826e+04 1.010634e+04 1.013382e+04
0.2 1.018080e+04 1.012955e+04 1.008474e+04 1.013599e+04
1.3 1.022464e+04 1.014050e+04 1.009583e+04 1.017997e+04
2.2 1.013262e+04 1.011887e+04 1.010563e+04 1.011937e+04
3.2 1.005783e+04 1.006855e+04 1.010089e+04 1.009016e+04
4.2 1.007992e+04 1.004477e+04 1.009790e+04 1.013305e+04
5.2 1.001395e+04 1.006505e+04 1.011381e+04 1.006271e+04
6.2 1.006812e+04 1.010186e+04 1.012126e+04 1.008752e+04
7.2 1.010284e+04 1.012271e+04 1.013269e+04 1.011282e+04
8.2 1.004788e+04 1.013627e+04 1.014054e+04 1.005215e+04
9.2 9.989869e+03 1.012571e+04 1.012972e+04 9.993877e+03
10.2 1.008893e+04 1.009778e+04 1.011628e+04 1.010743e+04
11.2 1.003884e+04 1.009818e+04 1.010812e+04 1.004878e+04
12.2 1.022362e+04 1.013056e+04 1.010453e+04 1.019759e+04
13.2 1.016390e+04 1.015548e+04 1.010366e+04 1.011208e+04
14.2 1.022553e+04 1.012995e+04 1.010421e+04 1.019979e+04
15.2 1.008575e+04 1.012121e+04 1.010529e+04 1.006983e+04
16.2 1.013574e+04 1.010826e+04 1.010634e+04 1.013382e+04
17.2 1.017607e+04 1.008270e+04 1.010715e+04 1.020052e+04
0.5 1.013262e+04 1.011887e+04 1.010563e+04 1.011937e+04
1.5 1.005783e+04 1.006855e+04 1.010089e+04 1.009016e+04
2.5 1.007992e+04 1.004477e+04 1.009790e+04 1.013305e+04
3.5 1.001395e+04 1.006505e+04 1.011381e+04 1.006271e+04
4.5 1.006812e+04 1.010186e+04 1.012126e+04 1.008752e+04
5.5 1.010284e+04 1.012271e+04 1.013269e+04 1.011282e+04
6.5 1.004788e+04 1.013627e+04 1.014054e+04 1.005215e+04
7.5 9.989869e+03 1.012571e+04 1.012972e+04 9.993877e+03
8.5 1.008893e+04 1.009778e+04 1.011628e+04 1.010743e+04
9.5 1.003884e+04 1.009818e+04 1.010812e+04 1.004878e+04
10.5 1.022362e+04 1.013056e+04 1.010453e+04 1.019759e+04
11.5 1.016390e+04 1.015548e+04 1.010366e+04 1.011208e+04
12.5 1.022553e+04 1.012995e+04 1.010421e+04 1.019979e+04
13.5 1.008575e+04 1.012121e+04 1.010529e+04 1.006983e+04
14.5 1.013574e+04 1.010826e+04 1.010634e+04 1.013382e+04
15.5 1.017607e+04 1.008270e+04 1.010715e+04 1.020052e+04
16.5 1.021399e+04 1.008130e+04 1.010771e+04 1.024040e+04
17.5 1.013888e+04 1.008607e+04 1.010808e+04 1.016089e+04
0.5 1.005783e+04 1.006855e+04 1.010089e+04 1.009016e+04
1.5 1.007992e+04 1.004477e+04 1.009790e+04 1.013305e+04
2.5 1.001395e+04 1.006505e+04 1.011381e+04 1.006271e+04
3.5 1.006812e+04 1.010186e+04 1.012126e+04 1.008752e+04
4.5 1.010284e+04 1.012271e+04 1.013269e+04 1.011282e+04
5.5 1.004788e+04 1.013627e+04 1.014054e+04 1.005215e+04
6.5 9.989869e+03 1.012571e+04 1.012972e+04 9.993877e+03
7.5 1.008893e+04 1.009778e+04 1.011628e+04 1.010743e+04
8.5 1.003884e+04 1.009818e+04 1.010812e+04 1.004878e+04
9.5 1.022362e+04 1.013056e+04 1.010453e+04 1.019759e+04
10.5 1.016390e+04 1.015548e+04 1.010366e+04 1.011208e+04
11.5 1.022553e+04 1.012995e+04 1.010421e+04 1.019979e+04
12.5 1.008575e+04 1.012121e+04 1.010529e+04 1.006983e+04
13.5 1.013574e+04 1.010826e+04 1.010634e+04 1.013382e+04
14.5 1.017607e+04 1.008270e+04 1.010715e+04 1.020052e+04
15.5 1.021399e+04 1.008130e+04 1.010771e+04 1.024040e+04
16.5 1.013888e+04 1.008607e+04 1.010808e+04 1.016089e+04
17.5 9.943673e+03 1.008900e+04 1.010835e+04 9.963029e+03
0.7 1.001395e+04 1.006505e+04 1.011381e+04 1.006271e+04
1.7 1.006812e+04 1.010186e+04 1.012126e+04 1.008752e+04
2.7 1.010284e+04 1.012271e+04 1.013269e+04 1.011282e+04
3.7 1.004788e+04 1.013627e+04 1.014054e+04 1.005215e+04
4.7 9.989869e+03 1.012571e+04 1.012972e+04 9.993877e+03
5.7 1.008893e+04 1.009778e+04 1.011628e+04 1.010743e+04
6.7 1.003884e+04 1.009818e+04 1.010812e+04 1.004878e+04
7.7 1.022362e+04 1.013056e+04 1.010453e+04 1.019759e+04
8.7 1.016390e+04 1.015548e+04 1.010366e+04 1.011208e+04
9.7 1.022553e+04 1.012995e+04 1.010421e+04 1.019979e+04
10.7 1.008575e+04 1.012121e+04 1.010529e+04 1.006983e+04
11.7 1.013574e+04 1.010826e+04 1.010634e+04 1.013382e+04
12.7 1.017607e+04 1.008270e+04 1.010715e+04 1.020052e+04
13.7 1.021399e+04 1.008130e+04 1.010771e+04 1.024040e+04
14.7 1.013888e+04 1.008607e+04 1.010808e+04 1.016089e+04
15.7 9.943673e+03 1.008900e+04 1.010835e+04 9.963029e+03
16.7 1.004383e+04 1.011437e+04 1.010858e+04 1.003803e+04
17.7 1.013919e+04 1.012210e+04 1.010877e+04 1.012586e+04
0.7 1.014474e+04 1.014134e+04 1.009501e+04 1.009842e+04
1.7 1.003214e+04 1.006577e+04 1.007253e+04 1.003890e+04
2.7 1.003167e+04 1.006109e+04 1.007712e+04 1.004770e+04
3.7 1.008278e+04 1.007143e+04 1.009893e+04 1.011028e+04
4.7 1.009497e+04 1.007493e+04 1.011365e+04 1.013368e+04
5.7 1.004742e+04 1.006631e+04 1.011385e+04 1.009496e+04
6.7 1.002417e+04 1.011301e+04 1.010742e+04 1.001858e+04
7.7 1.020602e+04 1.009677e+04 1.010630e+04 1.021555e+04
8.7 1.009150e+04 1.010238e+04 1.010763e+04 1.009675e+04
9.7 1.008068e+04 1.011662e+04 1.011601e+04 1.008007e+04
10.7 1.024334e+04 1.011987e+04 1.011687e+04 1.024034e+04
11.7 1.015857e+04 1.010635e+04 1.012295e+04 1.017517e+04
12.7 1.013718e+04 1.010682e+04 1.014113e+04 1.017149e+04
13.7 1.016419e+04 1.011221e+04 1.013935e+04 1.019133e+04
14.7 1.019665e+04 1.009733e+04 1.012525e+04 1.022456e+04
15.7 1.016983e+04 1.009644e+04 1.011407e+04 1.018746e+04
16.7 1.006534e+04 1.014118e+04 1.010819e+04 1.003234e+04
17.7 9.977716e+03 1.015033e+04 1.010581e+04 9.933188e+03
0.4 1.003214e+04 1.006577e+04 1.007253e+04 1.003890e+04
1.4 1.003167e+04 1.006109e+04 1.007712e+04 1.004770e+04
2.4 1.008278e+04 1.007143e+04 1.009893e+04 1.011028e+04
3.4 1.009497e+04 1.007493e+04 1.011365e+04 1.013368e+04
4.4 1.004742e+04 1.006631e+04 1.011385e+04 1.009496e+04
5.4 1.002417e+04 1.011301e+04 1.010742e+04 1.001858e+04
6.4 1.020602e+04 1.009677e+04 1.010630e+04 1.021555e+04
7.4 1.009150e+04 1.010238e+04 1.010763e+04 1.009675e+04
8.4 1.008068e+04 1.011662e+04 1.011601e+04 1.008007e+04
9.4 1.024334e+04 1.011987e+04 1.011687e+04 1.024034e+04
10.4 1.015857e+04 1.010635e+04 1.012295e+04 1.017517e+04
11.4 1.013718e+04 1.010682e+04 1.014113e+04 1.017149e+04
12.4 1.016419e+04 1.011221e+04 1.013935e+04 1.019133e+04
13.4 1.019665e+04 1.009733e+04 1.012525e+04 1.022456e+04
14.4 1.016983e+04 1.009644e+04 1.011407e+04 1.018746e+04
15.4 1.006534e+04 1.014118e+04 1.010819e+04 1.003234e+04
16.4 9.977716e+03 1.015033e+04 1.010581e+04 9.933188e+03
17.4 1.016366e+04 1.015224e+04 1.010543e+04 1.011684e+04
0.7 1.008278e+04 1.007143e+04 1.009893e+04 1.011028e+04
1.7 1.009497e+04 1.007493e+04 1.011365e+04 1.013368e+04
2.7 1.004742e+04 1.006631e+04 1.011385e+04 1.009496e+04
3.7 1.002417e+04 1.011301e+04 1.010742e+04 1.001858e+04
4.7 1.020602e+04 1.009677e+04 1.010630e+04 1.021555e+04
5.7 1.009150e+04 1.010238e+04 1.010763e+04 1.009675e+04
6.7 1.008068e+04 1.011662e+04 1.011601e+04 1.008007e+04
7.7 1.024334e+04 1.011987e+04 1.011687e+04 1.024034e+04
8.7 1.015857e+04 1.010635e+04 1.012295e+04 1.017517e+04
9.7 1.013718e+04 1.010682e+04 1.014113e+04 1.017149e+04
10.7 1.016419e+04 1.011221e+04 1.013935e+04 1.019133e+04
11.7 1.019665e+04 1.009733e+04 1.012525e+04 1.022456e+04
12.7 1.016983e+04 1.009644e+04 1.011407e+04 1.018746e+04
13.7 1.006534e+04 1.014118e+04 1.010819e+04 1.003234e+04
14.7 9.977716e+03 1.015033e+04 1.010581e+04 9.933188e+03
15.7 1.016366e+04 1.015224e+04 1.010543e+04 1.011684e+04
16.7 1.023964e+04 1.013679e+04 1.010604e+04 1.020889e+04
17.7 1.016587e+04 1.008527e+04 1.010691e+04 1.018751e+04
0.9 1.004742e+04 1.006631e+04 1.011385e+04 1.009496e+04
1.9 1.002417e+04 1.011301e+04 1.010742e+04 1.001858e+04
2.9 1.020602e+04 1.009677e+04 1.010630e+04 1.021555e+04
3.9 1.009150e+04 1.010238e+04 1.010763e+04 1.009675e+04
4.9 1.008068e+04 1.011662e+04 1.011601e+04 1.008007e+04
5.9 1.024334e+04 1.011987e+04 1.011687e+04 1.024034e+04
6.9 1.015857e+04 1.010635e+04 1.012295e+04 1.017517e+04
7.9 1.013718e+04 1.010682e+04 1.014113e+04 1.017149e+04
8.9 1.016419e+04 1.011221e+04 1.013935e+04 1.019133e+04
9.9 1.019665e+04 1.009733e+04 1.012525e+04 1.022456e+04
10.9 1.016983e+04 1.009644e+04 1.011407e+04 1.018746e+04
11.9 1.006534e+04 1.014118e+04 1.010819e+04 1.003234e+04
12.9 9.977716e+03 1.015033e+04 1.010581e+04 9.933188e+03
13.9 1.016366e+04 1.015224e+04 1.010543e+04 1.011684e+04
14.9 1.023964e+04 1.013679e+04 1.010604e+04 1.020889e+04
15.9 1.016587e+04 1.008527e+04 1.010691e+04 1.018751e+04
16.9 1.009593e+04 1.012600e+04 1.010765e+04 1.007758e+04
17.9 1.015908e+04 1.016445e+04 1.010815e+04 1.010278e+04
0.5 1.002417e+04 1.011301e+04 1.010742e+04 1.001858e+04
1.5 1.020602e+04 1.009677e+04 1.010630e+04 1.021555e+04
2.5 1.009150e+04 1.010238e+04 1.010763e+04 1.009675e+04
3.5 1.008068e+04 1.011662e+04 1.011601e+04 1.008007e+04
4.5 1.024334e+04 1.011987e+04 1.011687e+04 1.024034e+04
5.5 1.015857e+04 1.010635e+04 1.012295e+04 1.017517e+04
6.5 1.013718e+04 1.010682e+04 1.014113e+04 1.017149e+04
7.5 1.016419e+04 1.011221e+04 1.013935e+04 1.019133e+04
8.5 1.019665e+04 1.009733e+04 1.012525e+04 1.022456e+04
9.5 1.016983e+04 1.009644e+04 1.011407e+04 1.018746e+04
10.5 1.006534e+04 1.014118e+04 1.010819e+04 1.003234e+04
11.5 9.977716e+03 1.015033e+04 1.010581e+04 9.933188e+03
12.5 1.016366e+04 1.015224e+04 1.010543e+04 1.011684e+04
13.5 1.023964e+04 1.013679e+04 1.010604e+04 1.020889e+04
14.5 1.016587e+04 1.008527e+04 1.010691e+04 1.018751e+04
15.5 1.009593e+04 1.012600e+04 1.010765e+04 1.007758e+04
16.5 1.015908e+04 1.016445e+04 1.010815e+04 1.010278e+04
17.5 1.008567e+04 1.012163e+04 1.010844e+04 1.007248e+04
1.0 1.009150e+04 1.010238e+04 1.010763e+04 1.009675e+04
2.0 1.008068e+04 1.011662e+04 1.011601e+04 1.008007e+04
3.0 1.024334e+04 1.011987e+04 1.011687e+04 1.024034e+04
4.0 1.015857e+04 1.010635e+04 1.012295e+04 1.017517e+04
5.0 1.013718e+04 1.010682e+04 1.014113e+04 1.017149e+04
6.0 1.016419e+04 1.011221e+04 1.013935e+04 1.019133e+04
7.0 1.019665e+04 1.009733e+04 1.012525e+04 1.022456e+04
8.0 1.016983e+04 1.009644e+04 1.011407e+04 1.018746e+04
9.0 1.006534e+04 1.014118e+04 1.010819e+04 1.003234e+04
10.0 9.977716e+03 1.015033e+04 1.010581e+04 9.933188e+03
11.0 1.016366e+04 1.015224e+04 1.010543e+04 1.011684e+04
12.0 1.023964e+04 1.013679e+04 1.010604e+04 1.020889e+04
13.0 1.016587e+04 1.008527e+04 1.010691e+04 1.018751e+04
14.0 1.009593e+04 1.012600e+04 1.010765e+04 1.007758e+04
15.0 1.015908e+04 1.016445e+04 1.010815e+04 1.010278e+04
16.0 1.008567e+04 1.012163e+04 1.010844e+04 1.007248e+04
17.0 1.008946e+04 1.007096e+04 1.010862e+04 1.012713e+04
18.0 1.006726e+04 1.005150e+04 1.010875e+04 1.012450e+04
0.2 1.008068e+04 1.011662e+04 1.011601e+04 1.008007e+04
1.2 1.024334e+04 1.011987e+04 1.011687e+04 1.024034e+04
2.2 1.015857e+04 1.010635e+04 1.012295e+04 1.017517e+04
3.2 1.013718e+04 1.010682e+04 1.014113e+04 1.017149e+04
4.2 1.016419e+04 1.011221e+04 1.013935e+04 1.019133e+04
5.2 1.019665e+04 1.009733e+04 1.012525e+04 1.022456e+04
6.2 1.016983e+04 1.009644e+04 1.011407e+04 1.018746e+04
7.2 1.006534e+04 1.014118e+04 1.010819e+04 1.003234e+04
8.2 9.977716e+03 1.015033e+04 1.010581e+04 9.933188e+03
9.2 1.016366e+04 1.015224e+04 1.010543e+04 1.011684e+04
10.2 1.023964e+04 1.013679e+04 1.010604e+04 1.020889e+04
11.2 1.016587e+04 1.008527e+04 1.010691e+04 1.018751e+04
12.2 1.009593e+04 1.012600e+04 1.010765e+04 1.007758e+04
13.2 1.015908e+04 1.016445e+04 1.010815e+04 1.010278e+04
14.2 1.008567e+04 1.012163e+04 1.010844e+04 1.007248e+04
15.2 1.008946e+04 1.007096e+04 1.010862e+04 1.012713e+04
16.2 1.006726e+04 1.005150e+04 1.010875e+04 1.012450e+04
17.2 1.003847e+04 1.006737e+04 1.010884e+04 1.007993e+04
0.3 1.011974e+04 1.011771e+04 1.010423e+04 1.010626e+04
1.3 9.986787e+03 1.008473e+04 1.008315e+04 9.985209e+03
2.3 1.014021e+04 1.008092e+04 1.007140e+04 1.013069e+04
3.3 1.013692e+04 1.012251e+04 1.007745e+04 1.009186e+04
4.3 1.013583e+04 1.015015e+04 1.009087e+04 1.007655e+04
5.3 1.011117e+04 1.013921e+04 1.010502e+04 1.007699e+04
6.3 1.026087e+04 1.012281e+04 1.011569e+04 1.025375e+04
7.3 1.003043e+04 1.010473e+04 1.012179e+04 1.004749e+04
8.3 1.011740e+04 1.012707e+04 1.013018e+04 1.012051e+04
9.3 1.019789e+04 1.014391e+04 1.012616e+04 1.018014e+04
10.3 9.949264e+03 1.011161e+04 1.010839e+04 9.946042e+03
11.3 1.005318e+04 1.007312e+04 1.010615e+04 1.008621e+04
12.3 1.010590e+04 1.005887e+04 1.010837e+04 1.015540e+04
13.3 1.000602e+04 1.004800e+04 1.010897e+04 1.006699e+04
14.3 1.010930e+04 1.003508e+04 1.011169e+04 1.018591e+04
15.3 1.007419e+04 1.004226e+04 1.010790e+04 1.013983e+04
16.3 1.006550e+04 1.002289e+04 1.010441e+04 1.014702e+04
17.3 9.987851e+03 1.003147e+04 1.011142e+04 1.006780e+04
0.9 1.014021e+04 1.008092e+04 1.007140e+04 1.013069e+04
1.9 1.013692e+04 1.012251e+04 1.007745e+04 1.009186e+04
2.9 1.013583e+04 1.015015e+04 1.009087e+04 1.007655e+04
3.9 1.011117e+04 1.013921e+04 1.010502e+04 1.007699e+04
4.9 1.026087e+04 1.012281e+04 1.011569e+04 1.025375e+04
5.9 1.003043e+04 1.010473e+04 1.012179e+04 1.004749e+04
6.9 1.011740e+04 1.012707e+04 1.013018e+04 1.012051e+04
7.9 1.019789e+04 1.014391e+04 1.012616e+04 1.018014e+04
8.9 9.949264e+03 1.011161e+04 1.010839e+04 9.946042e+03
9.9 1.005318e+04 1.007312e+04 1.010615e+04 1.008621e+04
10.9 1.010590e+04 1.005887e+04 1.010837e+04 1.015540e+04
11.9 1.000602e+04 1.004800e+04 1.010897e+04 1.006699e+04
12.9 1.010930e+04 1.003508e+04 1.011169e+04 1.018591e+04
13.9 1.007419e+04 1.004226e+04 1.010790e+04 1.013983e+04
14.9 1.006550e+04 1.002289e+04 1.010441e+04 1.014702e+04
15.9 9.987851e+03 1.003147e+04 1.011142e+04 1.006780e+04
16.9 1.004776e+04 1.004366e+04 1.013262e+04 1.013672e+04
17.9 1.009557e+04 1.008413e+04 1.014572e+04 1.015715e+04
0.8 1.013692e+04 1.012251e+04 1.007745e+04 1.009186e+04
1.8 1.013583e+04 1.015015e+04 1.009087e+04 1.007655e+04
2.8 1.011117e+04 1.013921e+04 1.010502e+04 1.007699e+04
3.8 1.026087e+04 1.012281e+04 1.011569e+04 1.025375e+04
4.8 1.003043e+04 1.010473e+04 1.012179e+04 1.004749e+04
5.8 1.011740e+04 1.012707e+04 1.013018e+04 1.012051e+04
6.8 1.019789e+04 1.014391e+04 1.012616e+04 1.018014e+04
7.8 9.949264e+03 1.011161e+04 1.010839e+04 9.946042e+03
8.8 1.005318e+04 1.007312e+04 1.010615e+04 1.008621e+04
9.8 1.010590e+04 1.005887e+04 1.010837e+04 1.015540e+04
10.8 1.000602e+04 1.004800e+04 1.010897e+04 1.006699e+04
11.8 1.010930e+04 1.003508e+04 1.011169e+04 1.018591e+04
12.8 1.007419e+04 1.004226e+04 1.010790e+04 1.013983e+04
13.8 1.006550e+04 1.002289e+04 1.010441e+04 1.014702e+04
14.8 9.987851e+03 1.003147e+04 1.011142e+04 1.006780e+04
15.8 1.004776e+04 1.004366e+04 1.013262e+04 1.013672e+04
16.8 1.009557e+04 1.008413e+04 1.014572e+04 1.015715e+04
17.8 1.010418e+04 1.010887e+04 1.013546e+04 1.013077e+04
0.5 1.013583e+04 1.015015e+04 1.009087e+04 1.007655e+04
1.5 1.011117e+04 1.013921e+04 1.010502e+04 1.007699e+04
2.5 1.026087e+04 1.012281e+04 1.011569e+04 1.025375e+04
3.5 1.003043e+04 1.010473e+04 1.012179e+04 1.004749e+04
4.5 1.011740e+04 1.012707e+04 1.013018e+04 1.012051e+04
5.5 1.019789e+04 1.014391e+04 1.012616e+04 1.018014e+04
6.5 9.949264e+03 1.011161e+04 1.010839e+04 9.946042e+03
7.5 1.005318e+04 1.007312e+04 1.010615e+04 1.008621e+04
8.5 1.010590e+04 1.005887e+04 1.010837e+04 1.015540e+04
9.5 1.000602e+04 1.004800e+04 1.010897e+04 1.006699e+04
10.5 1.010930e+04 1.003508e+04 1.011169e+04 1.018591e+04
11.5 1.007419e+04 1.004226e+04 1.010790e+04 1.013983e+04
12.5 1.006550e+04 1.002289e+04 1.010441e+04 1.014702e+04
13.5 9.987851e+03 1.003147e+04 1.011142e+04 1.006780e+04
14.5 1.004776e+04 1.004366e+04 1.013262e+04 1.013672e+04
15.5 1.009557e+04 1.008413e+04 1.014572e+04 1.015715e+04
16.5 1.010418e+04 1.010887e+04 1.013546e+04 1.013077e+04
17.5 1.007718e+04 1.013713e+04 1.012078e+04 1.006083e+04
0.4 1.011117e+04 1.013921e+04 1.010502e+04 1.007699e+04
1.4 1.026087e+04 1.012281e+04 1.011569e+04 1.025375e+04
2.4 1.003043e+04 1.010473e+04 1.012179e+04 1.004749e+04
3.4 1.011740e+04 1.012707e+04 1.013018e+04 1.012051e+04
4.4 1.019789e+04 1.014391e+04 1.012616e+04 1.018014e+04
5.4 9.949264e+03 1.011161e+04 1.010839e+04 9.946042e+03
6.4 1.005318e+04 1.007312e+04 1.010615e+04 1.008621e+04
7.4 1.010590e+04 1.005887e+04 1.010837e+04 1.015540e+04
8.4 1.000602e+04 1.004800e+04 1.010897e+04 1.006699e+04
9.4 1.010930e+04 1.003508e+04 1.011169e+04 1.018591e+04
10.4 1.007419e+04 1.004226e+04 1.010790e+04 1.013983e+04
11.4 1.006550e+04 1.002289e+04 1.010441e+04 1.014702e+04
12.4 9.987851e+03 1.003147e+04 1.011142e+04 1.006780e+04
13.4 1.004776e+04 1.004366e+04 1.013262e+04 1.013672e+04
14.4 1.009557e+04 1.008413e+04 1.014572e+04 1.015715e+04
15.4 1.010418e+04 1.010887e+04 1.013546e+04 1.013077e+04
16.4 1.007718e+04 1.013713e+04 1.012078e+04 1.006083e+04
17.4 1.014323e+04 1.015814e+04 1.011135e+04 1.009644e+04
1.0 1.003043e+04 1.010473e+04 1.012179e+04 1.004749e+04
2.0 1.011740e+04 1.012707e+04 1.013018e+04 1.012051e+04
3.0 1.019789e+04 1.014391e+04 1.012616e+04 1.018014e+04
4.0 9.949264e+03 1.011161e+04 1.010839e+04 9.946042e+03
5.0 1.005318e+04 1.007312e+04 1.010615e+04 1.008621e+04
6.0 1.010590e+04 1.005887e+04 1.010837e+04 1.015540e+04
7.0 1.000602e+04 1.004800e+04 1.010897e+04 1.006699e+04
8.0 1.010930e+04 1.003508e+04 1.011169e+04 1.018591e+04
9.0 1.007419e+04 1.004226e+04 1.010790e+04 1.013983e+04
10.0 1.006550e+04 1.002289e+04 1.010441e+04 1.014702e+04
11.0 9.987851e+03 1.003147e+04 1.011142e+04 1.006780e+04
12.0 1.004776e+04 1.004366e+04 1.013262e+04 1.013672e+04
13.0 1.009557e+04 1.008413e+04 1.014572e+04 1.015715e+04
14.0 1.010418e+04 1.010887e+04 1.013546e+04 1.013077e+04
15.0 1.007718e+04 1.013713e+04 1.012078e+04 1.006083e+04
16.0 1.014323e+04 1.015814e+04 1.011135e+04 1.009644e+04
17.0 1.032873e+04 1.015519e+04 1.010681e+04 1.028035e+04
18.0 1.015907e+04 1.016604e+04 1.010532e+04 1.009835e+04
0.1 1.011740e+04 1.012707e+04 1.013018e+04 1.012051e+04
1.1 1.019789e+04 1.014391e+04 1.012616e+04 1.018014e+04
2.1 9.949264e+03 1.011161e+04 1.010839e+04 9.946042e+03
3.1 1.005318e+04 1.007312e+04 1.010615e+04 1.008621e+04
4.1 1.010590e+04 1.005887e+04 1.010837e+04 1.015540e+04
5.1 1.000602e+04 1.004800e+04 1.010897e+04 1.006699e+04
6.1 1.010930e+04 1.003508e+04 1.011169e+04 1.018591e+04
7.1 1.007419e+04 1.004226e+04 1.010790e+04 1.013983e+04
8.1 1.006550e+04 1.002289e+04 1.010441e+04 1.014702e+04
9.1 9.987851e+03 1.003147e+04 1.011142e+04 1.006780e+04
10.1 1.004776e+04 1.004366e+04 1.013262e+04 1.013672e+04
11.1 1.009557e+04 1.008413e+04 1.014572e+04 1.015715e+04
12.1 1.010418e+04 1.010887e+04 1.013546e+04 1.013077e+04
13.1 1.007718e+04 1.013713e+04 1.012078e+04 1.006083e+04
14.1 1.014323e+04 1.015814e+04 1.011135e+04 1.009644e+04
15.1 1.032873e+04 1.015519e+04 1.010681e+04 1.028035e+04
16.1 1.015907e+04 1.016604e+04 1.010532e+04 1.009835e+04
17.1 1.015418e+04 1.016609e+04 1.010555e+04 1.009365e+04
0.7 9.949264e+03 1.011161e+04 1.010839e+04 9.946042e+03
1.7 1.005318e+04 1.007312e+04 1.010615e+04 1.008621e+04
2.7 1.010590e+04 1.005887e+04 1.010837e+04 1.015540e+04
3.7 1.000602e+04 1.004800e+04 1.010897e+04 1.006699e+04
4.7 1.010930e+04 1.003508e+04 1.011169e+04 1.018591e+04
5.7 1.007419e+04 1.004226e+04 1.010790e+04 1.013983e+04
6.7 1.006550e+04 1.002289e+04 1.010441e+04 1.014702e+04
7.7 9.987851e+03 1.003147e+04 1.011142e+04 1.006780e+04
8.7 1.004776e+04 1.004366e+04 1.013262e+04 1.013672e+04
9.7 1.009557e+04 1.008413e+04 1.014572e+04 1.015715e+04
10.7 1.010418e+04 1.010887e+04 1.013546e+04 1.013077e+04
11.7 1.007718e+04 1.013713e+04 1.012078e+04 1.006083e+04
12.7 1.014323e+04 1.015814e+04 1.011135e+04 1.009644e+04
13.7 1.032873e+04 1.015519e+04 1.010681e+04 1.028035e+04
14.7 1.015907e+04 1.016604e+04 1.010532e+04 1.009835e+04
15.7 1.015418e+04 1.016609e+04 1.010555e+04 1.009365e+04
16.7 1.010200e+04 1.011458e+04 1.010652e+04 1.009395e+04
17.7 1.010297e+04 1.010520e+04 1.010756e+04 1.010533e+04
0.2 1.005318e+04 1.007312e+04 1.010615e+04 1.008621e+04
1.2 1.010590e+04 1.005887e+04 1.010837e+04 1.015540e+04
2.2 1.000602e+04 1.004800e+04 1.010897e+04 1.006699e+04
3.2 1.010930e+04 1.003508e+04 1.011169e+04 1.018591e+04
4.2 1.007419e+04 1.004226e+04 1.010790e+04 1.013983e+04
5.2 1.006550e+04 1.002289e+04 1.010441e+04 1.014702e+04
6.2 9.987851e+03 1.003147e+04 1.011142e+04 1.006780e+04
7.2 1.004776e+04 1.004366e+04 1.013262e+04 1.013672e+04
8.2 1.009557e+04 1.008413e+04 1.014572e+04 1.015715e+04
9.2 1.010418e+04 1.010887e+04 1.013546e+04 1.013077e+04
10.2 1.007718e+04 1.013713e+04 1.012078e+04 1.006083e+04
11.2 1.014323e+04 1.015814e+04 1.011135e+04 1.009644e+04
12.2 1.032873e+04 1.015519e+04 1.010681e+04 1.028035e+04
13.2 1.015907e+04 1.016604e+04 1.010532e+04 1.009835e+04
14.2 1.015418e+04 1.016609e+04 1.010555e+04 1.009365e+04
15.2 1.010200e+04 1.011458e+04 1.010652e+04 1.009395e+04
16.2 1.010297e+04 1.010520e+04 1.010756e+04 1.010533e+04
17.2 1.011349e+04 1.009759e+04 1.010838e+04 1.012427e+04
0.6 1.000602e+04 1.004800e+04 1.010897e+04 1.006699e+04
1.6 1.010930e+04 1.003508e+04 1.011169e+04 1.018591e+04
2.6 1.007419e+04 1.004226e+04 1.010790e+04 1.013983e+04
3.6 1.006550e+04 1.002289e+04 1.010441e+04 1.014702e+04
4.6 9.987851e+03 1.003147e+04 1.011142e+04 1.006780e+04
5.6 1.004776e+04 1.004366e+04 1.013262e+04 1.013672e+04
6.6 1.009557e+04 1.008413e+04 1.014572e+04 1.015715e+04
7.6 1.010418e+04 1.010887e+04 1.013546e+04 1.013077e+04
8.6 1.007718e+04 1.013713e+04 1.012078e+04 1.006083e+04
9.6 1.014323e+04 1.015814e+04 1.011135e+04 1.009644e+04
10.6 1.032873e+04 1.015519e+04 1.010681e+04 1.028035e+04
11.6 1.015907e+04 1.016604e+04 1.010532e+04 1.009835e+04
12.6 1.015418e+04 1.016609e+04 1.010555e+04 1.009365e+04
13.6 1.010200e+04 1.011458e+04 1.010652e+04 1.009395e+04
14.6 1.010297e+04 1.010520e+04 1.010756e+04 1.010533e+04
15.6 1.011349e+04 1.009759e+04 1.010838e+04 1.012427e+04
16.6 1.003452e+04 1.008818e+04 1.010893e+04 1.005527e+04
17.6 1.008253e+04 1.009261e+04 1.010929e+04 1.009921e+04
0.0 1.010930e+04 1.003508e+04 1.011169e+04 1.018591e+04
1.0 1.007419e+04 1.004226e+04 1.010790e+04 1.013983e+04
2.0 1.006550e+04 1.002289e+04 1.010441e+04 1.014702e+04
3.0 9.987851e+03 1.003147e+04 1.011142e+04 1.006780e+04
4.0 1.004776e+04 1.004366e+04 1.013262e+04 1.013672e+04
5.0 1.009557e+04 1.008413e+04 1.014572e+04 1.015715e+04
6.0 1.010418e+04 1.010887e+04 1.013546e+04 1.013077e+04
7.0 1.007718e+04 1.013713e+04 1.012078e+04 1.006083e+04
8.0 1.014323e+04 1.015814e+04 1.011135e+04 1.009644e+04
9.0 1.032873e+04 1.015519e+04 1.010681e+04 1.028035e+04
10.0 1.015907e+04 1.016604e+04 1.010532e+04 1.009835e+04
11.0 1.015418e+04 1.016609e+04 1.010555e+04 1.009365e+04
12.0 1.010200e+04 1.011458e+04 1.010652e+04 1.009395e+04
13.0 1.010297e+04 1.010520e+04 1.010756e+04 1.010533e+04
14.0 1.011349e+04 1.009759e+04 1.010838e+04 1.012427e+04
15.0 1.003452e+04 1.008818e+04 1.010893e+04 1.005527e+04
16.0 1.008253e+04 1.009261e+04 1.010929e+04 1.009921e+04
17.0 1.001037e+04 1.012756e+04 1.010954e+04 9.992352e+03
0.6 1.006550e+04 1.002289e+04 1.010441e+04 1.014702e+04
1.6 9.987851e+03 1.003147e+04 1.011142e+04 1.006780e+04
2.6 1.004776e+04 1.004366e+04 1.013262e+04 1.013672e+04
3.6 1.009557e+04 1.008413e+04 1.014572e+04 1.015715e+04
4.6 1.010418e+04 1.010887e+04 1.013546e+04 1.013077e+04
5.6 1.007718e+04 1.013713e+04 1.012078e+04 1.006083e+04
6.6 1.014323e+04 1.015814e+04 1.011135e+04 1.009644e+04
7.6 1.032873e+04 1.015519e+04 1.010681e+04 1.028035e+04
8.6 1.015907e+04 1.016604e+04 1.010532e+04 1.009835e+04
9.6 1.015418e+04 1.016609e+04 1.010555e+04 1.009365e+04
10.6 1.010200e+04 1.011458e+04 1.010652e+04 1.009395e+04
11.6 1.010297e+04 1.010520e+04 1.010756e+04 1.010533e+04
12.6 1.011349e+04 1.009759e+04 1.010838e+04 1.012427e+04
13.6 1.003452e+04 1.008818e+04 1.010893e+04 1.005527e+04
14.6 1.008253e+04 1.009261e+04 1.010929e+04 1.009921e+04
15.6 1.001037e+04 1.012756e+04 1.010954e+04 9.992352e+03
16.6 1.015797e+04 1.013640e+04 1.010973e+04 1.013130e+04
17.6 1.015665e+04 1.015394e+04 1.010988e+04 1.011259e+04
0.5 1.003583e+04 1.007169e+04 1.009696e+04 1.006110e+04
1.5 9.973980e+03 1.005961e+04 1.007944e+04 9.993806e+03
2.5 9.945904e+03 1.007906e+04 1.008242e+04 9.949264e+03
3.5 1.009134e+04 1.010274e+04 1.009382e+04 1.008242e+04
4.5 1.018548e+04 1.009779e+04 1.009861e+04 1.018630e+04
5.5 1.008423e+04 1.007679e+04 1.010361e+04 1.011106e+04
6.5 1.006554e+04 1.005524e+04 1.010052e+04 1.011082e+04
7.5 1.016799e+04 1.006130e+04 1.010726e+04 1.021395e+04
8.5 1.015633e+04 1.008883e+04 1.012183e+04 1.018933e+04
9.5 1.013183e+04 1.007864e+04 1.012953e+04 1.018272e+04
10.5 1.006419e+04 1.008814e+04 1.014358e+04 1.011963e+04
11.5 1.007473e+04 1.009705e+04 1.014408e+04 1.012177e+04
12.5 1.010722e+04 1.010985e+04 1.012961e+04 1.012698e+04
13.5 1.013387e+04 1.010660e+04 1.011653e+04 1.014380e+04
14.5 9.966563e+03 1.013017e+04 1.010931e+04 9.945697e+03
15.5 1.013246e+04 1.015480e+04 1.010631e+04 1.008397e+04
16.5 1.018169e+04 1.015039e+04 1.010576e+04 1.013705e+04
17.5 1.016969e+04 1.013624e+04 1.010640e+04 1.013985e+04
0.7 9.945904e+03 1.007906e+04 1.008242e+04 9.949264e+03
1.7 1.009134e+04 1.010274e+04 1.009382e+04 1.008242e+04
2.7 1.018548e+04 1.009779e+04 1.009861e+04 1.018630e+04
3.7 1.008423e+04 1.007679e+04 1.010361e+04 1.011106e+04
4.7 1.006554e+04 1.005524e+04 1.010052e+04 1.011082e+04
5.7 1.016799e+04 1.006130e+04 1.010726e+04 1.021395e+04
6.7 1.015633e+04 1.008883e+04 1.012183e+04 1.018933e+04
7.7 1.013183e+04 1.007864e+04 1.012953e+04 1.018272e+04
8.7 1.006419e+04 1.008814e+04 1.014358e+04 1.011963e+04
9.7 1.007473e+04 1.009705e+04 1.014408e+04 1.012177e+04
10.7 1.010722e+04 1.010985e+04 1.012961e+04 1.012698e+04
11.7 1.013387e+04 1.010660e+04 1.011653e+04 1.014380e+04
12.7 9.966563e+03 1.013017e+04 1.010931e+04 9.945697e+03
13.7 1.013246e+04 1.015480e+04 1.010631e+04 1.008397e+04
14.7 1.018169e+04 1.015039e+04 1.010576e+04 1.013705e+04
15.7 1.016969e+04 1.013624e+04 1.010640e+04 1.013985e+04
16.7 1.011722e+04 1.010746e+04 1.010740e+04 1.011716e+04
17.7 1.002290e+04 1.011434e+04 1.010828e+04 1.001683e+04
0.2 1.009134e+04 1.010274e+04 1.009382e+04 1.008242e+04
1.2 1.018548e+04 1.009779e+04 1.009861e+04 1.018630e+04
2.2 1.008423e+04 1.007679e+04 1.010361e+04 1.011106e+04
3.2 1.006554e+04 1.005524e+04 1.010052e+04 1.011082e+04
4.2 1.016799e+04 1.006130e+04 1.010726e+04 1.021395e+04
5.2 1.015633e+04 1.008883e+04 1.012183e+04 1.018933e+04
6.2 1.013183e+04 1.007864e+04 1.012953e+04 1.018272e+04
7.2 1.006419e+04 1.008814e+04 1.014358e+04 1.011963e+04
8.2 1.007473e+04 1.009705e+04 1.014408e+04 1.012177e+04
9.2 1.010722e+04 1.010985e+04 1.012961e+04 1.012698e+04
10.2 1.013387e+04 1.010660e+04 1.011653e+04 1.014380e+04
11.2 9.966563e+03 1.013017e+04 1.010931e+04 9.945697e+03
12.2 1.013246e+04 1.015480e+04 1.010631e+04 1.008397e+04
13.2 1.018169e+04 1.015039e+04 1.010576e+04 1.013705e+04
14.2 1.016969e+04 1.013624e+04 1.010640e+04 1.013985e+04
15.2 1.011722e+04 1.010746e+04 1.010740e+04 1.011716e+04
16.2 1.002290e+04 1.011434e+04 1.010828e+04 1.001683e+04
17.2 1.019156e+04 1.010319e+04 1.010889e+04 1.019726e+04
0.6 1.008423e+04 1.007679e+04 1.010361e+04 1.011106e+04
1.6 1.006554e+04 1.005524e+04 1.010052e+04 1.011082e+04
2.6 1.016799e+04 1.006130e+04 1.010726e+04 1.021395e+04
3.6 1.015633e+04 1.008883e+04 1.012183e+04 1.018933e+04
4.6 1.013183e+04 1.007864e+04 1.012953e+04 1.018272e+04
5.6 1.006419e+04 1.008814e+04 1.014358e+04 1.011963e+04
6.6 1.007473e+04 1.009705e+04 1.014408e+04 1.012177e+04
7.6 1.010722e+04 1.010985e+04 1.012961e+04 1.012698e+04
8.6 1.013387e+04 1.010660e+04 1.011653e+04 1.014380e+04
9.6 9.966563e+03 1.013017e+04 1.010931e+04 9.945697e+03
10.6 1.013246e+04 1.015480e+04 1.010631e+04 1.008397e+04
11.6 1.018169e+04 1.015039e+04 1.010576e+04 1.013705e+04
12.6 1.016969e+04 1.013624e+04 1.010640e+04 1.013985e+04
13.6 1.011722e+04 1.010746e+04 1.010740e+04 1.011716e+04
14.6 1.002290e+04 1.011434e+04 1.010828e+04 1.001683e+04
15.6 1.019156e+04 1.010319e+04 1.010889e+04 1.019726e+04
16.6 1.011799e+04 1.010610e+04 1.010929e+04 1.012117e+04
17.6 1.014264e+04 1.011095e+04 1.010954e+04 1.014123e+04
0.7 1.006554e+04 1.005524e+04 1.010052e+04 1.011082e+04
1.7 1.016799e+04 1.006130e+04 1.010726e+04 1.021395e+04
2.7 1.015633e+04 1.008883e+04 1.012183e+04 1.018933e+04
3.7 1.013183e+04 1.007864e+04 1.012953e+04 1.018272e+04
4.7 1.006419e+04 1.008814e+04 1.014358e+04 1.011963e+04
5.7 1.007473e+04 1.009705e+04 1.014408e+04 1.012177e+04
6.7 1.010722e+04 1.010985e+04 1.012961e+04 1.012698e+04
7.7 1.013387e+04 1.010660e+04 1.011653e+04 1.014380e+04
8.7 9.966563e+03 1.013017e+04 1.010931e+04 9.945697e+03
9.7 1.013246e+04 1.015480e+04 1.010631e+04 1.008397e+04
10.7 1.018169e+04 1.015039e+04 1.010576e+04 1.013705e+04
11.7 1.016969e+04 1.013624e+04 1.010640e+04 1.013985e+04
12.7 1.011722e+04 1.010746e+04 1.010740e+04 1.011716e+04
13.7 1.002290e+04 1.011434e+04 1.010828e+04 1.001683e+04
14.7 1.019156e+04 1.010319e+04 1.010889e+04 1.019726e+04
15.7 1.011799e+04 1.010610e+04 1.010929e+04 1.012117e+04
16.7 1.014264e+04 1.011095e+04 1.010954e+04 1.014123e+04
17.7 1.018251e+04 1.012662e+04 1.010971e+04 1.016561e+04
1.0 1.015633e+04 1.008883e+04 1.012183e+04 1.018933e+04
2.0 1.013183e+04 1.007864e+04 1.012953e+04 1.018272e+04
3.0 1.006419e+04 1.008814e+04 1.014358e+04 1.011963e+04
4.0 1.007473e+04 1.009705e+04 1.014408e+04 1.012177e+04
5.0 1.010722e+04 1.010985e+04 1.012961e+04 1.012698e+04
6.0 1.013387e+04 1.010660e+04 1.011653e+04 1.014380e+04
7.0 9.966563e+03 1.013017e+04 1.010931e+04 9.945697e+03
8.0 1.013246e+04 1.015480e+04 1.010631e+04 1.008397e+04
9.0 1.018169e+04 1.015039e+04 1.010576e+04 1.013705e+04
10.0 1.016969e+04 1.013624e+04 1.010640e+04 1.013985e+04
11.0 1.011722e+04 1.010746e+04 1.010740e+04 1.011716e+04
12.0 1.002290e+04 1.011434e+04 1.010828e+04 1.001683e+04
13.0 1.019156e+04 1.010319e+04 1.010889e+04 1.019726e+04
14.0 1.011799e+04 1.010610e+04 1.010929e+04 1.012117e+04
15.0 1.014264e+04 1.011095e+04 1.010954e+04 1.014123e+04
16.0 1.018251e+04 1.012662e+04 1.010971e+04 1.016561e+04
17.0 9.945042e+03 1.012744e+04 1.010986e+04 9.927469e+03
18.0 1.009081e+04 1.011614e+04 1.011000e+04 1.008467e+04
0.8 1.031365e+04 1.014862e+04 1.009276e+04 1.025779e+04
1.8 1.018799e+04 1.009764e+04 1.007424e+04 1.016459e+04
2.8 1.006748e+04 1.008404e+04 1.006776e+04 1.005119e+04
3.8 9.980790e+03 1.006331e+04 1.006550e+04 9.982974e+03
4.8 1.003907e+04 1.005477e+04 1.009434e+04 1.007863e+04
5.8 1.008367e+04 1.007413e+04 1.012874e+04 1.013828e+04
6.8 1.009801e+04 1.008485e+04 1.014728e+04 1.016045e+04
7.8 9.989620e+03 1.008382e+04 1.015919e+04 1.006498e+04
8.8 1.003975e+04 1.008704e+04 1.014955e+04 1.010225e+04
9.8 1.015666e+04 1.009130e+04 1.013006e+04 1.019541e+04
10.8 1.001146e+04 1.009127e+04 1.011566e+04 1.003585e+04
11.8 1.011445e+04 1.013102e+04 1.010826e+04 1.009169e+04
12.8 1.015281e+04 1.011860e+04 1.010553e+04 1.013974e+04
13.8 1.009503e+04 1.009227e+04 1.010537e+04 1.010814e+04
14.8 1.011772e+04 1.008023e+04 1.010632e+04 1.014380e+04
15.8 1.007690e+04 1.010452e+04 1.010745e+04 1.007983e+04
16.8 1.021444e+04 1.013632e+04 1.010834e+04 1.018646e+04
17.8 1.024206e+04 1.013877e+04 1.010891e+04 1.021221e+04
0.3 1.018799e+04 1.009764e+04 1.007424e+04 1.016459e+04
1.3 1.006748e+04 1.008404e+04 1.006776e+04 1.005119e+04
2.3 9.980790e+03 1.006331e+04 1.006550e+04 9.982974e+03
3.3 1.003907e+04 1.005477e+04 1.009434e+04 1.007863e+04
4.3 1.008367e+04 1.007413e+04 1.012874e+04 1.013828e+04
5.3 1.009801e+04 1.008485e+04 1.014728e+04 1.016045e+04
6.3 9.989620e+03 1.008382e+04 1.015919e+04 1.006498e+04
7.3 1.003975e+04 1.008704e+04 1.014955e+04 1.010225e+04
8.3 1.015666e+04 1.009130e+04 1.013006e+04 1.019541e+04
9.3 1.001146e+04 1.009127e+04 1.011566e+04 1.003585e+04
10.3 1.011445e+04 1.013102e+04 1.010826e+04 1.009169e+04
11.3 1.015281e+04 1.011860e+04 1.010553e+04 1.013974e+04
12.3 1.009503e+04 1.009227e+04 1.010537e+04 1.010814e+04
13.3 1.011772e+04 1.008023e+04 1.010632e+04 1.014380e+04
14.3 1.007690e+04 1.010452e+04 1.010745e+04 1.007983e+04
15.3 1.021444e+04 1.013632e+04 1.010834e+04 1.018646e+04
16.3 1.024206e+04 1.013877e+04 1.010891e+04 1.021221e+04
17.3 1.003336e+04 1.011944e+04 1.010925e+04 1.002317e+04
0.5 1.006748e+04 1.008404e+04 1.006776e+04 1.005119e+04
1.5 9.980790e+03 1.006331e+04 1.006550e+04 9.982974e+03
2.5 1.003907e+04 1.005477e+04 1.009434e+04 1.007863e+04
3.5 1.008367e+04 1.007413e+04 1.012874e+04 1.013828e+04
4.5 1.009801e+04 1.008485e+04 1.014728e+04 1.016045e+04
5.5 9.989620e+03 1.008382e+04 1.015919e+04 1.006498e+04
6.5 1.003975e+04 1.008704e+04 1.014955e+04 1.010225e+04
7.5 1.015666e+04 1.009130e+04 1.013006e+04 1.019541e+04
8.5 1.001146e+04 1.009127e+04 1.011566e+04 1.003585e+04
9.5 1.011445e+04 1.013102e+04 1.010826e+04 1.009169e+04
10.5 1.015281e+04 1.011860e+04 1.010553e+04 1.013974e+04
11.5 1.009503e+04 1.009227e+04 1.010537e+04 1.010814e+04
12.5 1.011772e+04 1.008023e+04 1.010632e+04 1.014380e+04
13.5 1.007690e+04 1.010452e+04 1.010745e+04 1.007983e+04
14.5 1.021444e+04 1.013632e+04 1.010834e+04 1.018646e+04
15.5 1.024206e+04 1.013877e+04 1.010891e+04 1.021221e+04
16.5 1.003336e+04 1.011944e+04 1.010925e+04 1.002317e+04
17.5 1.010047e+04 1.009309e+04 1.010947e+04 1.011686e+04
0.7 9.980790e+03 1.006331e+04 1.006550e+04 9.982974e+03
1.7 1.003907e+04 1.005477e+04 1.009434e+04 1.007863e+04
2.7 1.008367e+04 1.007413e+04 1.012874e+04 1.013828e+04
3.7 1.009801e+04 1.008485e+04 1.014728e+04 1.016045e+04
4.7 9.989620e+03 1.008382e+04 1.015919e+04 1.006498e+04
5.7 1.003975e+04 1.008704e+04 1.014955e+04 1.010225e+04
6.7 1.015666e+04 1.009130e+04 1.013006e+04 1.019541e+04
7.7 1.001146e+04 1.009127e+04 1.011566e+04 1.003585e+04
8.7 1.011445e+04 1.013102e+04 1.010826e+04 1.009169e+04
9.7 1.015281e+04 1.011860e+04 1.010553e+04 1.013974e+04
10.7 1.009503e+04 1.009227e+04 1.010537e+04 1.010814e+04
11.7 1.011772e+04 1.008023e+04 1.010632e+04 1.014380e+04
12.7 1.007690e+04 1.010452e+04 1.010745e+04 1.007983e+04
13.7 1.021444e+04 1.013632e+04 1.010834e+04 1.018646e+04
14.7 1.024206e+04 1.013877e+04 1.010891e+04 1.021221e+04
15.7 1.003336e+04 1.011944e+04 1.010925e+04 1.002317e+04
16.7 1.010047e+04 1.009309e+04 1.010947e+04 1.011686e+04
17.7 9.984852e+03 1.007318e+04 1.010963e+04 1.002130e+04
0.2 1.003907e+04 1.005477e+04 1.009434e+04 1.007863e+04
1.2 1.008367e+04 1.007413e+04 1.012874e+04 1.013828e+04
2.2 1.009801e+04 1.008485e+04 1.014728e+04 1.016045e+04
3.2 9.989620e+03 1.008382e+04 1.015919e+04 1.006498e+04
4.2 1.003975e+04 1.008704e+04 1.014955e+04 1.010225e+04
5.2 1.015666e+04 1.009130e+04 1.013006e+04 1.019541e+04
6.2 1.001146e+04 1.009127e+04 1.011566e+04 1.003585e+04
7.2 1.011445e+04 1.013102e+04 1.010826e+04 1.009169e+04
8.2 1.015281e+04 1.011860e+04 1.010553e+04 1.013974e+04
9.2 1.009503e+04 1.009227e+04 1.010537e+04 1.010814e+04
10.2 1.011772e+04 1.008023e+04 1.010632e+04 1.014380e+04
11.2 1.007690e+04 1.010452e+04 1.010745e+04 1.007983e+04
12.2 1.021444e+04 1.013632e+04 1.010834e+04 1.018646e+04
13.2 1.024206e+04 1.013877e+04 1.010891e+04 1.021221e+04
14.2 1.003336e+04 1.011944e+04 1.010925e+04 1.002317e+04
15.2 1.010047e+04 1.009309e+04 1.010947e+04 1.011686e+04
16.2 9.984852e+03 1.007318e+04 1.010963e+04 1.002130e+04
17.2 1.012988e+04 1.014529e+04 1.010977e+04 1.009436e+04
0.6 1.009241e+04 1.008872e+04 1.009613e+04 1.009983e+04
1.6 1.002236e+04 1.005844e+04 1.007983e+04 1.004375e+04
2.6 1.006073e+04 1.007395e+04 1.009953e+04 1.008631e+04
3.6 1.011632e+04 1.010991e+04 1.012885e+04 1.013526e+04
4.6 9.975919e+03 1.009691e+04 1.013171e+04 1.001072e+04
5.6 1.029678e+04 1.012504e+04 1.012366e+04 1.029540e+04
6.6 1.017073e+04 1.013237e+04 1.011693e+04 1.015529e+04
7.6 1.016382e+04 1.010988e+04 1.011290e+04 1.016685e+04
8.6 1.000882e+04 1.010920e+04 1.011082e+04 1.001044e+04
9.6 1.005022e+04 1.010238e+04 1.011017e+04 1.005802e+04
10.6 1.008953e+04 1.010104e+04 1.011039e+04 1.009888e+04
11.6 1.011862e+04 1.010961e+04 1.011093e+04 1.011994e+04
12.6 1.005590e+04 1.012338e+04 1.011148e+04 1.004399e+04
13.6 1.008473e+04 1.016724e+04 1.011189e+04 1.002939e+04
14.6 1.022255e+04 1.017090e+04 1.011217e+04 1.016382e+04
15.6 1.013058e+04 1.013422e+04 1.011236e+04 1.010872e+04
16.6 1.010667e+04 1.012620e+04 1.011249e+04 1.009296e+04
17.6 1.016069e+04 1.016577e+04 1.011257e+04 1.010749e+04
0.2 1.012893e+04 1.008863e+04 1.010658e+04 1.014688e+04
1.2 1.017365e+04 1.005493e+04 1.008693e+04 1.020564e+04
2.2 1.004985e+04 1.007401e+04 1.008124e+04 1.005708e+04
3.2 1.015558e+04 1.009899e+04 1.009119e+04 1.014779e+04
4.2 9.987261e+03 1.010029e+04 1.009370e+04 9.980674e+03
5.2 9.975967e+03 1.010417e+04 1.009228e+04 9.964079e+03
6.2 1.007825e+04 1.010140e+04 1.009767e+04 1.007453e+04
7.2 1.028633e+04 1.010853e+04 1.010952e+04 1.028731e+04
8.2 1.017020e+04 1.010304e+04 1.012542e+04 1.019258e+04
9.2 1.008742e+04 1.008455e+04 1.013305e+04 1.013593e+04
10.2 1.011654e+04 1.007518e+04 1.013899e+04 1.018035e+04
11.2 1.015481e+04 1.009385e+04 1.015092e+04 1.021187e+04
12.2 1.013665e+04 1.010468e+04 1.014075e+04 1.017272e+04
13.2 1.028202e+04 1.008849e+04 1.010129e+04 1.029482e+04
14.2 1.004819e+04 1.011385e+04 1.006532e+04 9.999660e+03
15.2 1.011757e+04 1.015771e+04 1.006416e+04 1.002402e+04
16.2 1.025921e+04 1.020527e+04 1.008528e+04 1.013922e+04
17.2 1.015112e+04 1.019793e+04 1.011421e+04 1.006740e+04
0.4 1.004985e+04 1.007401e+04 1.008124e+04 1.005708e+04
1.4 1.015558e+04 1.009899e+04 1.009119e+04 1.014779e+04
2.4 9.987261e+03 1.010029e+04 1.009370e+04 9.980674e+03
3.4 9.975967e+03 1.010417e+04 1.009228e+04 9.964079e+03
4.4 1.007825e+04 1.010140e+04 1.009767e+04 1.007453e+04
5.4 1.028633e+04 1.010853e+04 1.010952e+04 1.028731e+04
6.4 1.017020e+04 1.010304e+04 1.012542e+04 1.019258e+04
7.4 1.008742e+04 1.008455e+04 1.013305e+04 1.013593e+04
8.4 1.011654e+04 1.007518e+04 1.013899e+04 1.018035e+04
9.4 1.015481e+04 1.009385e+04 1.015092e+04 1.021187e+04
10.4 1.013665e+04 1.010468e+04 1.014075e+04 1.017272e+04
11.4 1.028202e+04 1.008849e+04 1.010129e+04 1.029482e+04
12.4 1.004819e+04 1.011385e+04 1.006532e+04 9.999660e+03
13.4 1.011757e+04 1.015771e+04 1.006416e+04 1.002402e+04
14.4 1.025921e+04 1.020527e+04 1.008528e+04 1.013922e+04
15.4 1.015112e+04 1.019793e+04 1.011421e+04 1.006740e+04
16.4 1.016717e+04 1.015081e+04 1.012315e+04 1.013951e+04
17.4 1.005992e+04 1.012670e+04 1.011302e+04 1.004623e+04
1.0 9.987261e+03 1.010029e+04 1.009370e+04 9.980674e+03
2.0 9.975967e+03 1.010417e+04 1.009228e+04 9.964079e+03
3.0 1.007825e+04 1.010140e+04 1.009767e+04 1.007453e+04
4.0 1.028633e+04 1.010853e+04 1.010952e+04 1.028731e+04
5.0 1.017020e+04 1.010304e+04 1.012542e+04 1.019258e+04
6.0 1.008742e+04 1.008455e+04 1.013305e+04 1.013593e+04
7.0 1.011654e+04 1.007518e+04 1.013899e+04 1.018035e+04
8.0 1.015481e+04 1.009385e+04 1.015092e+04 1.021187e+04
9.0 1.013665e+04 1.010468e+04 1.014075e+04 1.017272e+04
10.0 1.028202e+04 1.008849e+04 1.010129e+04 1.029482e+04
11.0 1.004819e+04 1.011385e+04 1.006532e+04 9.999660e+03
12.0 1.011757e+04 1.015771e+04 1.006416e+04 1.002402e+04
13.0 1.025921e+04 1.020527e+04 1.008528e+04 1.013922e+04
14.0 1.015112e+04 1.019793e+04 1.011421e+04 1.006740e+04
15.0 1.016717e+04 1.015081e+04 1.012315e+04 1.013951e+04
16.0 1.005992e+04 1.012670e+04 1.011302e+04 1.004623e+04
17.0 1.007776e+04 1.011300e+04 1.011735e+04 1.008211e+04
18.0 1.013218e+04 1.009250e+04 1.011673e+04 1.015642e+04
1.0 9.975967e+03 1.010417e+04 1.009228e+04 9.964079e+03
2.0 1.007825e+04 1.010140e+04 1.009767e+04 1.007453e+04
3.0 1.028633e+04 1.010853e+04 1.010952e+04 1.028731e+04
4.0 1.017020e+04 1.010304e+04 1.012542e+04 1.019258e+04
5.0 1.008742e+04 1.008455e+04 1.013305e+04 1.013593e+04
6.0 1.011654e+04 1.007518e+04 1.013899e+04 1.018035e+04
7.0 1.015481e+04 1.009385e+04 1.015092e+04 1.021187e+04
8.0 1.013665e+04 1.010468e+04 1.014075e+04 1.017272e+04
9.0 1.028202e+04 1.008849e+04 1.010129e+04 1.029482e+04
10.0 1.004819e+04 1.011385e+04 1.006532e+04 9.999660e+03
11.0 1.011757e+04 1.015771e+04 1.006416e+04 1.002402e+04
12.0 1.025921e+04 1.020527e+04 1.008528e+04 1.013922e+04
13.0 1.015112e+04 1.019793e+04 1.011421e+04 1.006740e+04
14.0 1.016717e+04 1.015081e+04 1.012315e+04 1.013951e+04
15.0 1.005992e+04 1.012670e+04 1.011302e+04 1.004623e+04
16.0 1.007776e+04 1.011300e+04 1.011735e+04 1.008211e+04
17.0 1.013218e+04 1.009250e+04 1.011673e+04 1.015642e+04
18.0 1.005662e+04 1.008316e+04 1.009920e+04 1.007266e+04
0.9 1.007825e+04 1.010140e+04 1.009767e+04 1.007453e+04
1.9 1.028633e+04 1.010853e+04 1.010952e+04 1.028731e+04
2.9 1.017020e+04 1.010304e+04 1.012542e+04 1.019258e+04
3.9 1.008742e+04 1.008455e+04 1.013305e+04 1.013593e+04
4.9 1.011654e+04 1.007518e+04 1.013899e+04 1.018035e+04
5.9 1.015481e+04 1.009385e+04 1.015092e+04 1.021187e+04
6.9 1.013665e+04 1.010468e+04 1.014075e+04 1.017272e+04
7.9 1.028202e+04 1.008849e+04 1.010129e+04 1.029482e+04
8.9 1.004819e+04 1.011385e+04 1.006532e+04 9.999660e+03
9.9 1.011757e+04 1.015771e+04 1.006416e+04 1.002402e+04
10.9 1.025921e+04 1.020527e+04 1.008528e+04 1.013922e+04
11.9 1.015112e+04 1.019793e+04 1.011421e+04 1.006740e+04
12.9 1.016717e+04 1.015081e+04 1.012315e+04 1.013951e+04
13.9 1.005992e+04 1.012670e+04 1.011302e+04 1.004623e+04
14.9 1.007776e+04 1.011300e+04 1.011735e+04 1.008211e+04
15.9 1.013218e+04 1.009250e+04 1.011673e+04 1.015642e+04
16.9 1.005662e+04 1.008316e+04 1.009920e+04 1.007266e+04
17.9 1.012200e+04 1.007319e+04 1.008705e+04 1.013586e+04
0.8 1.028633e+04 1.010853e+04 1.010952e+04 1.028731e+04
1.8 1.017020e+04 1.010304e+04 1.012542e+04 1.019258e+04
2.8 1.008742e+04 1.008455e+04 1.013305e+04 1.013593e+04
3.8 1.011654e+04 1.007518e+04 1.013899e+04 1.018035e+04
4.8 1.015481e+04 1.009385e+04 1.015092e+04 1.021187e+04
5.8 1.013665e+04 1.010468e+04 1.014075e+04 1.017272e+04
6.8 1.028202e+04 1.008849e+04 1.010129e+04 1.029482e+04
7.8 1.004819e+04 1.011385e+04 1.006532e+04 9.999660e+03
8.8 1.011757e+04 1.015771e+04 1.006416e+04 1.002402e+04
9.8 1.025921e+04 1.020527e+04 1.008528e+04 1.013922e+04
10.8 1.015112e+04 1.019793e+04 1.011421e+04 1.006740e+04
11.8 1.016717e+04 1.015081e+04 1.012315e+04 1.013951e+04
12.8 1.005992e+04 1.012670e+04 1.011302e+04 1.004623e+04
13.8 1.007776e+04 1.011300e+04 1.011735e+04 1.008211e+04
14.8 1.013218e+04 1.009250e+04 1.011673e+04 1.015642e+04
15.8 1.005662e+04 1.008316e+04 1.009920e+04 1.007266e+04
16.8 1.012200e+04 1.007319e+04 1.008705e+04 1.013586e+04
17.8 1.001731e+04 1.005376e+04 1.009835e+04 1.006190e+04
0.2 1.017020e+04 1.010304e+04 1.012542e+04 1.019258e+04
1.2 1.008742e+04 1.008455e+04 1.013305e+04 1.013593e+04
2.2 1.011654e+04 1.007518e+04 1.013899e+04 1.018035e+04
3.2 1.015481e+04 1.009385e+04 1.015092e+04 1.021187e+04
4.2 1.013665e+04 1.010468e+04 1.014075e+04 1.017272e+04
5.2 1.028202e+04 1.008849e+04 1.010129e+04 1.029482e+04
6.2 1.004819e+04 1.011385e+04 1.006532e+04 9.999660e+03
7.2 1.011757e+04 1.015771e+04 1.006416e+04 1.002402e+04
8.2 1.025921e+04 1.020527e+04 1.008528e+04 1.013922e+04
9.2 1.015112e+04 1.019793e+04 1.011421e+04 1.006740e+04
10.2 1.016717e+04 1.015081e+04 1.012315e+04 1.013951e+04
11.2 1.005992e+04 1.012670e+04 1.011302e+04 1.004623e+04
12.2 1.007776e+04 1.011300e+04 1.011735e+04 1.008211e+04
13.2 1.013218e+04 1.009250e+04 1.011673e+04 1.015642e+04
14.2 1.005662e+04 1.008316e+04 1.009920e+04 1.007266e+04
15.2 1.012200e+04 1.007319e+04 1.008705e+04 1.013586e+04
16.2 1.001731e+04 1.005376e+04 1.009835e+04 1.006190e+04
17.2 9.963354e+03 1.006003e+04 1.012147e+04 1.002480e+04
0.1 1.013665e+04 1.010468e+04 1.014075e+04 1.017272e+04
1.1 1.028202e+04 1.008849e+04 1.010129e+04 1.029482e+04
2.1 1.004819e+04 1.011385e+04 1.006532e+04 9.999660e+03
3.1 1.011757e+04 1.015771e+04 1.006416e+04 1.002402e+04
4.1 1.025921e+04 1.020527e+04 1.008528e+04 1.013922e+04
5.1 1.015112e+04 1.019793e+04 1.011421e+04 1.006740e+04
6.1 1.016717e+04 1.015081e+04 1.012315e+04 1.013951e+04
7.1 1.005992e+04 1.012670e+04 1.011302e+04 1.004623e+04
8.1 1.007776e+04 1.011300e+04 1.011735e+04 1.008211e+04
9.1 1.013218e+04 1.009250e+04 1.011673e+04 1.015642e+04
10.1 1.005662e+04 1.008316e+04 1.009920e+04 1.007266e+04
11.1 1.012200e+04 1.007319e+04 1.008705e+04 1.013586e+04
12.1 1.001731e+04 1.005376e+04 1.009835e+04 1.006190e+04
13.1 9.963354e+03 1.006003e+04 1.012147e+04 1.002480e+04
14.1 9.941892e+03 1.004488e+04 1.011766e+04 1.001467e+04
15.1 9.978621e+03 1.003754e+04 1.011157e+04 1.005265e+04
16.1 1.011755e+04 1.006809e+04 1.013505e+04 1.018450e+04
17.1 1.000489e+04 1.011600e+04 1.014900e+04 1.003789e+04
1.0 1.004819e+04 1.011385e+04 1.006532e+04 9.999660e+03
2.0 1.011757e+04 1.015771e+04 1.006416e+04 1.002402e+04
3.0 1.025921e+04 1.020527e+04 1.008528e+04 1.013922e+04
4.0 1.015112e+04 1.019793e+04 1.011421e+04 1.006740e+04
5.0 1.016717e+04 1.015081e+04 1.012315e+04 1.013951e+04
6.0 1.005992e+04 1.012670e+04 1.011302e+04 1.004623e+04
7.0 1.007776e+04 1.011300e+04 1.011735e+04 1.008211e+04
8.0 1.013218e+04 1.009250e+04 1.011673e+04 1.015642e+04
9.0 1.005662e+04 1.008316e+04 1.009920e+04 1.007266e+04
10.0 1.012200e+04 1.007319e+04 1.008705e+04 1.013586e+04
11.0 1.001731e+04 1.005376e+04 1.009835e+04 1.006190e+04
12.0 9.963354e+03 1.006003e+04 1.012147e+04 1.002480e+04
13.0 9.941892e+03 1.004488e+04 1.011766e+04 1.001467e+04
14.0 9.978621e+03 1.003754e+04 1.011157e+04 1.005265e+04
15.0 1.011755e+04 1.006809e+04 1.013505e+04 1.018450e+04
16.0 1.000489e+04 1.011600e+04 1.014900e+04 1.003789e+04
17.0 1.019240e+04 1.012323e+04 1.013558e+04 1.020475e+04
18.0 1.016017e+04 1.013656e+04 1.011806e+04 1.014168e+04
0.0 1.004819e+04 1.011385e+04 1.006532e+04 9.999660e+03
1.0 1.011757e+04 1.015771e+04 1.006416e+04 1.002402e+04
2.0 1.025921e+04 1.020527e+04 1.008528e+04 1.013922e+04
3.0 1.015112e+04 1.019793e+04 1.011421e+04 1.006740e+04
4.0 1.016717e+04 1.015081e+04 1.012315e+04 1.013951e+04
5.0 1.005992e+04 1.012670e+04 1.011302e+04 1.004623e+04
6.0 1.007776e+04 1.011300e+04 1.011735e+04 1.008211e+04
7.0 1.013218e+04 1.009250e+04 1.011673e+04 1.015642e+04
8.0 1.005662e+04 1.008316e+04 1.009920e+04 1.007266e+04
9.0 1.012200e+04 1.007319e+04 1.008705e+04 1.013586e+04
10.0 1.001731e+04 1.005376e+04 1.009835e+04 1.006190e+04
11.0 9.963354e+03 1.006003e+04 1.012147e+04 1.002480e+04
12.0 9.941892e+03 1.004488e+04 1.011766e+04 1.001467e+04
13.0 9.978621e+03 1.003754e+04 1.011157e+04 1.005265e+04
14.0 1.011755e+04 1.006809e+04 1.013505e+04 1.018450e+04
15.0 1.000489e+04 1.011600e+04 1.014900e+04 1.003789e+04
16.0 1.019240e+04 1.012323e+04 1.013558e+04 1.020475e+04
17.0 1.016017e+04 1.013656e+04 1.011806e+04 1.014168e+04
0.9 1.025921e+04 1.020527e+04 1.008528e+04 1.013922e+04
1.9 1.015112e+04 1.019793e+04 1.011421e+04 1.006740e+04
2.9 1.016717e+04 1.015081e+04 1.012315e+04 1.013951e+04
3.9 1.005992e+04 1.012670e+04 1.011302e+04 1.004623e+04
4.9 1.007776e+04 1.011300e+04 1.011735e+04 1.008211e+04
5.9 1.013218e+04 1.009250e+04 1.011673e+04 1.015642e+04
6.9 1.005662e+04 1.008316e+04 1.009920e+04 1.007266e+04
7.9 1.012200e+04 1.007319e+04 1.008705e+04 1.013586e+04
8.9 1.001731e+04 1.005376e+04 1.009835e+04 1.006190e+04
9.9 9.963354e+03 1.006003e+04 1.012147e+04 1.002480e+04
10.9 9.941892e+03 1.004488e+04 1.011766e+04 1.001467e+04
11.9 9.978621e+03 1.003754e+04 1.011157e+04 1.005265e+04
12.9 1.011755e+04 1.006809e+04 1.013505e+04 1.018450e+04
13.9 1.000489e+04 1.011600e+04 1.014900e+04 1.003789e+04
14.9 1.019240e+04 1.012323e+04 1.013558e+04 1.020475e+04
15.9 1.016017e+04 1.013656e+04 1.011806e+04 1.014168e+04
16.9 1.012850e+04 1.013544e+04 1.010712e+04 1.010017e+04
17.9 1.007098e+04 1.011722e+04 1.010181e+04 1.005557e+04
0.4 1.015112e+04 1.019793e+04 1.011421e+04 1.006740e+04
1.4 1.016717e+04 1.015081e+04 1.012315e+04 1.013951e+04
2.4 1.005992e+04 1.012670e+04 1.011302e+04 1.004623e+04
3.4 1.007776e+04 1.011300e+04 1.011735e+04 1.008211e+04
4.4 1.013218e+04 1.009250e+04 1.011673e+04 1.015642e+04
5.4 1.005662e+04 1.008316e+04 1.009920e+04 1.007266e+04
6.4 1.012200e+04 1.007319e+04 1.008705e+04 1.013586e+04
7.4 1.001731e+04 1.005376e+04 1.009835e+04 1.006190e+04
8.4 9.963354e+03 1.006003e+04 1.012147e+04 1.002480e+04
9.4 9.941892e+03 1.004488e+04 1.011766e+04 1.001467e+04
10.4 9.978621e+03 1.003754e+04 1.011157e+04 1.005265e+04
11.4 1.011755e+04 1.006809e+04 1.013505e+04 1.018450e+04
12.4 1.000489e+04 1.011600e+04 1.014900e+04 1.003789e+04
13.4 1.019240e+04 1.012323e+04 1.013558e+04 1.020475e+04
14.4 1.016017e+04 1.013656e+04 1.011806e+04 1.014168e+04
15.4 1.012850e+04 1.013544e+04 1.010712e+04 1.010017e+04
16.4 1.007098e+04 1.011722e+04 1.010181e+04 1.005557e+04
17.4 1.011190e+04 1.010843e+04 1.009989e+04 1.010336e+04
0.2 1.016717e+04 1.015081e+04 1.012315e+04 1.013951e+04
1.2 1.005992e+04 1.012670e+04 1.011302e+04 1.004623e+04
2.2 1.007776e+04 1.011300e+04 1.011735e+04 1.008211e+04
3.2 1.013218e+04 1.009250e+04 1.011673e+04 1.015642e+04
4.2 1.005662e+04 1.008316e+04 1.009920e+04 1.007266e+04
5.2 1.012200e+04 1.007319e+04 1.008705e+04 1.013586e+04
6.2 1.001731e+04 1.005376e+04 1.009835e+04 1.006190e+04
7.2 9.963354e+03 1.006003e+04 1.012147e+04 1.002480e+04
8.2 9.941892e+03 1.004488e+04 1.011766e+04 1.001467e+04
9.2 9.978621e+03 1.003754e+04 1.011157e+04 1.005265e+04
10.2 1.011755e+04 1.006809e+04 1.013505e+04 1.018450e+04
11.2 1.000489e+04 1.011600e+04 1.014900e+04 1.003789e+04
12.2 1.019240e+04 1.012323e+04 1.013558e+04 1.020475e+04
13.2 1.016017e+04 1.013656e+04 1.011806e+04 1.014168e+04
14.2 1.012850e+04 1.013544e+04 1.010712e+04 1.010017e+04
15.2 1.007098e+04 1.011722e+04 1.010181e+04 1.005557e+04
16.2 1.011190e+04 1.010843e+04 1.009989e+04 1.010336e+04
17.2 1.015900e+04 1.007165e+04 1.009984e+04 1.018719e+04
0.4 1.007776e+04 1.011300e+04 1.011735e+04 1.008211e+04
1.4 1.013218e+04 1.009250e+04 1.011673e+04 1.015642e+04
2.4 1.005662e+04 1.008316e+04 1.009920e+04 1.007266e+04
3.4 1.012200e+04 1.007319e+04 1.008705e+04 1.013586e+04
4.4 1.001731e+04 1.005376e+04 1.009835e+04 1.006190e+04
5.4 9.963354e+03 1.006003e+04 1.012147e+04 1.002480e+04
6.4 9.941892e+03 1.004488e+04 1.011766e+04 1.001467e+04
7.4 9.978621e+03 1.003754e+04 1.011157e+04 1.005265e+04
8.4 1.011755e+04 1.006809e+04 1.013505e+04 1.018450e+04
9.4 1.000489e+04 1.011600e+04 1.014900e+04 1.003789e+04
10.4 1.019240e+04 1.012323e+04 1.013558e+04 1.020475e+04
11.4 1.016017e+04 1.013656e+04 1.011806e+04 1.014168e+04
12.4 1.012850e+04 1.013544e+04 1.010712e+04 1.010017e+04
13.4 1.007098e+04 1.011722e+04 1.010181e+04 1.005557e+04
14.4 1.011190e+04 1.010843e+04 1.009989e+04 1.010336e+04
15.4 1.015900e+04 1.007165e+04 1.009984e+04 1.018719e+04
16.4 1.009224e+04 1.009450e+04 1.010057e+04 1.009831e+04
17.4 1.009132e+04 1.014121e+04 1.010134e+04 1.005144e+04
0.2 1.013218e+04 1.009250e+04 1.011673e+04 1.015642e+04
1.2 1.005662e+04 1.008316e+04 1.009920e+04 1.007266e+04
2.2 1.012200e+04 1.007319e+04 1.008705e+04 1.013586e+04
3.2 1.001731e+04 1.005376e+04 1.009835e+04 1.006190e+04
4.2 9.963354e+03 1.006003e+04 1.012147e+04 1.002480e+04
5.2 9.941892e+03 1.004488e+04 1.011766e+04 1.001467e+04
6.2 9.978621e+03 1.003754e+04 1.011157e+04 1.005265e+04
7.2 1.011755e+04 1.006809e+04 1.013505e+04 1.018450e+04
8.2 1.000489e+04 1.011600e+04 1.014900e+04 1.003789e+04
9.2 1.019240e+04 1.012323e+04 1.013558e+04 1.020475e+04
10.2 1.016017e+04 1.013656e+04 1.011806e+04 1.014168e+04
11.2 1.012850e+04 1.013544e+04 1.010712e+04 1.010017e+04
12.2 1.007098e+04 1.011722e+04 1.010181e+04 1.005557e+04
13.2 1.011190e+04 1.010843e+04 1.009989e+04 1.010336e+04
14.2 1.015900e+04 1.007165e+04 1.009984e+04 1.018719e+04
15.2 1.009224e+04 1.009450e+04 1.010057e+04 1.009831e+04
16.2 1.009132e+04 1.014121e+04 1.010134e+04 1.005144e+04
17.2 1.014318e+04 1.016244e+04 1.010185e+04 1.008259e+04
0.2 1.005662e+04 1.008316e+04 1.009920e+04 1.007266e+04
1.2 1.012200e+04 1.007319e+04 1.008705e+04 1.013586e+04
2.2 1.001731e+04 1.005376e+04 1.009835e+04 1.006190e+04
3.2 9.963354e+03 1.006003e+04 1.012147e+04 1.002480e+04
4.2 9.941892e+03 1.004488e+04 1.011766e+04 1.001467e+04
5.2 9.978621e+03 1.003754e+04 1.011157e+04 1.005265e+04
6.2 1.011755e+04 1.006809e+04 1.013505e+04 1.018450e+04
7.2 1.000489e+04 1.011600e+04 1.014900e+04 1.003789e+04
8.2 1.019240e+04 1.012323e+04 1.013558e+04 1.020475e+04
9.2 1.016017e+04 1.013656e+04 1.011806e+04 1.014168e+04
10.2 1.012850e+04 1.013544e+04 1.010712e+04 1.010017e+04
11.2 1.007098e+04 1.011722e+04 1.010181e+04 1.005557e+04
12.2 1.011190e+04 1.010843e+04 1.009989e+04 1.010336e+04
13.2 1.015900e+04 1.007165e+04 1.009984e+04 1.018719e+04
14.2 1.009224e+04 1.009450e+04 1.010057e+04 1.009831e+04
15.2 1.009132e+04 1.014121e+04 1.010134e+04 1.005144e+04
16.2 1.014318e+04 1.016244e+04 1.010185e+04 1.008259e+04
0.4 1.012200e+04 1.007319e+04 1.008705e+04 1.013586e+04
1.4 1.001731e+04 1.005376e+04 1.009835e+04 1.006190e+04
2.4 9.963354e+03 1.006003e+04 1.012147e+04 1.002480e+04
3.4 9.941892e+03 1.004488e+04 1.011766e+04 1.001467e+04
4.4 9.978621e+03 1.003754e+04 1.011157e+04 1.005265e+04
5.4 1.011755e+04 1.006809e+04 1.013505e+04 1.018450e+04
6.4 1.000489e+04 1.011600e+04 1.014900e+04 1.003789e+04
7.4 1.019240e+04 1.012323e+04 1.013558e+04 1.020475e+04
8.4 1.016017e+04 1.013656e+04 1.011806e+04 1.014168e+04
9.4 1.012850e+04 1.013544e+04 1.010712e+04 1.010017e+04
10.4 1.007098e+04 1.011722e+04 1.010181e+04 1.005557e+04
11.4 1.011190e+04 1.010843e+04 1.009989e+04 1.010336e+04
12.4 1.015900e+04 1.007165e+04 1.009984e+04 1.018719e+04
13.4 1.009224e+04 1.009450e+04 1.010057e+04 1.009831e+04
14.4 1.009132e+04 1.014121e+04 1.010134e+04 1.005144e+04
15.4 1.014318e+04 1.016244e+04 1.010185e+04 1.008259e+04
0.7 9.963354e+03 1.006003e+04 1.012147e+04 1.002480e+04
1.7 9.941892e+03 1.004488e+04 1.011766e+04 1.001467e+04
2.7 9.978621e+03 1.003754e+04 1.011157e+04 1.005265e+04
3.7 1.011755e+04 1.006809e+04 1.013505e+04 1.018450e+04
4.7 1.000489e+04 1.011600e+04 1.014900e+04 1.003789e+04
5.7 1.019240e+04 1.012323e+04 1.013558e+04 1.020475e+04
6.7 1.016017e+04 1.013656e+04 1.011806e+04 1.014168e+04
7.7 1.012850e+04 1.013544e+04 1.010712e+04 1.010017e+04
8.7 1.007098e+04 1.011722e+04 1.010181e+04 1.005557e+04
9.7 1.011190e+04 1.010843e+04 1.009989e+04 1.010336e+04
10.7 1.015900e+04 1.007165e+04 1.009984e+04 1.018719e+04
11.7 1.009224e+04 1.009450e+04 1.010057e+04 1.009831e+04
12.7 1.009132e+04 1.014121e+04 1.010134e+04 1.005144e+04
13.7 1.014318e+04 1.016244e+04 1.010185e+04 1.008259e+04
0.6 9.941892e+03 1.004488e+04 1.011766e+04 1.001467e+04
1.6 9.978621e+03 1.003754e+04 1.011157e+04 1.005265e+04
2.6 1.011755e+04 1.006809e+04 1.013505e+04 1.018450e+04
3.6 1.000489e+04 1.011600e+04 1.014900e+04 1.003789e+04
4.6 1.019240e+04 1.012323e+04 1.013558e+04 1.020475e+04
5.6 1.016017e+04 1.013656e+04 1.011806e+04 1.014168e+04
6.6 1.012850e+04 1.013544e+04 1.010712e+04 1.010017e+04
7.6 1.007098e+04 1.011722e+04 1.010181e+04 1.005557e+04
8.6 1.011190e+04 1.010843e+04 1.009989e+04 1.010336e+04
9.6 1.015900e+04 1.007165e+04 1.009984e+04 1.018719e+04
10.6 1.009224e+04 1.009450e+04 1.010057e+04 1.009831e+04
11.6 1.009132e+04 1.014121e+04 1.010134e+04 1.005144e+04
12.6 1.014318e+04 1.016244e+04 1.010185e+04 1.008259e+04
