0.8 8.303926e+03 8.315284e+03 8.309175e+03 8.297817e+03
1.7 8.260032e+03 8.301874e+03 8.341865e+03 8.300023e+03
2.7 8.281039e+03 8.311001e+03 8.340291e+03 8.310328e+03
3.7 8.315869e+03 8.283529e+03 8.305208e+03 8.337548e+03
4.7 8.317184e+03 8.267163e+03 8.264670e+03 8.314692e+03
5.7 8.298438e+03 8.270371e+03 8.244814e+03 8.272882e+03
6.7 8.222104e+03 8.298265e+03 8.255757e+03 8.179596e+03
7.7 8.299807e+03 8.313777e+03 8.276140e+03 8.262169e+03
8.7 8.449194e+03 8.304352e+03 8.308614e+03 8.453456e+03
9.7 8.238959e+03 8.292265e+03 8.326013e+03 8.272707e+03
10.7 8.241019e+03 8.263116e+03 8.319414e+03 8.297317e+03
11.7 8.346867e+03 8.283444e+03 8.312144e+03 8.375567e+03
12.7 8.270017e+03 8.292833e+03 8.311819e+03 8.289002e+03
13.7 8.303643e+03 8.314737e+03 8.303551e+03 8.292456e+03
14.7 8.371204e+03 8.314961e+03 8.287194e+03 8.343437e+03
15.7 8.311766e+03 8.342136e+03 8.277342e+03 8.246972e+03
16.7 8.313344e+03 8.310658e+03 8.260009e+03 8.262694e+03
17.7 8.268087e+03 8.307785e+03 8.254877e+03 8.215179e+03
0.8 8.260032e+03 8.301874e+03 8.341865e+03 8.300023e+03
1.8 8.281039e+03 8.311001e+03 8.340291e+03 8.310328e+03
2.8 8.315869e+03 8.283529e+03 8.305208e+03 8.337548e+03
3.8 8.317184e+03 8.267163e+03 8.264670e+03 8.314692e+03
4.8 8.298438e+03 8.270371e+03 8.244814e+03 8.272882e+03
5.8 8.222104e+03 8.298265e+03 8.255757e+03 8.179596e+03
6.8 8.299807e+03 8.313777e+03 8.276140e+03 8.262169e+03
7.8 8.449194e+03 8.304352e+03 8.308614e+03 8.453456e+03
8.8 8.238959e+03 8.292265e+03 8.326013e+03 8.272707e+03
9.8 8.241019e+03 8.263116e+03 8.319414e+03 8.297317e+03
10.8 8.346867e+03 8.283444e+03 8.312144e+03 8.375567e+03
11.8 8.270017e+03 8.292833e+03 8.311819e+03 8.289002e+03
12.8 8.303643e+03 8.314737e+03 8.303551e+03 8.292456e+03
13.8 8.371204e+03 8.314961e+03 8.287194e+03 8.343437e+03
14.8 8.311766e+03 8.342136e+03 8.277342e+03 8.246972e+03
15.8 8.313344e+03 8.310658e+03 8.260009e+03 8.262694e+03
16.8 8.268087e+03 8.307785e+03 8.254877e+03 8.215179e+03
17.8 8.203007e+03 8.266081e+03 8.269300e+03 8.206226e+03
0.5 8.281039e+03 8.311001e+03 8.340291e+03 8.310328e+03
1.5 8.315869e+03 8.283529e+03 8.305208e+03 8.337548e+03
2.5 8.317184e+03 8.267163e+03 8.264670e+03 8.314692e+03
3.5 8.298438e+03 8.270371e+03 8.244814e+03 8.272882e+03
4.5 8.222104e+03 8.298265e+03 8.255757e+03 8.179596e+03
5.5 8.299807e+03 8.313777e+03 8.276140e+03 8.262169e+03
6.5 8.449194e+03 8.304352e+03 8.308614e+03 8.453456e+03
7.5 8.238959e+03 8.292265e+03 8.326013e+03 8.272707e+03
8.5 8.241019e+03 8.263116e+03 8.319414e+03 8.297317e+03
9.5 8.346867e+03 8.283444e+03 8.312144e+03 8.375567e+03
10.5 8.270017e+03 8.292833e+03 8.311819e+03 8.289002e+03
11.5 8.303643e+03 8.314737e+03 8.303551e+03 8.292456e+03
12.5 8.371204e+03 8.314961e+03 8.287194e+03 8.343437e+03
13.5 8.311766e+03 8.342136e+03 8.277342e+03 8.246972e+03
14.5 8.313344e+03 8.310658e+03 8.260009e+03 8.262694e+03
15.5 8.268087e+03 8.307785e+03 8.254877e+03 8.215179e+03
16.5 8.203007e+03 8.266081e+03 8.269300e+03 8.206226e+03
17.5 8.264207e+03 8.274170e+03 8.294552e+03 8.284589e+03
1.0 8.449194e+03 8.304352e+03 8.308614e+03 8.453456e+03
2.0 8.238959e+03 8.292265e+03 8.326013e+03 8.272707e+03
3.0 8.241019e+03 8.263116e+03 8.319414e+03 8.297317e+03
3.9 8.346867e+03 8.283444e+03 8.312144e+03 8.375567e+03
4.9 8.270017e+03 8.292833e+03 8.311819e+03 8.289002e+03
5.9 8.303643e+03 8.314737e+03 8.303551e+03 8.292456e+03
6.9 8.371204e+03 8.314961e+03 8.287194e+03 8.343437e+03
7.9 8.311766e+03 8.342136e+03 8.277342e+03 8.246972e+03
8.9 8.313344e+03 8.310658e+03 8.260009e+03 8.262694e+03
9.9 8.268087e+03 8.307785e+03 8.254877e+03 8.215179e+03
10.9 8.203007e+03 8.266081e+03 8.269300e+03 8.206226e+03
11.9 8.264207e+03 8.274170e+03 8.294552e+03 8.284589e+03
12.9 8.282526e+03 8.266885e+03 8.323774e+03 8.339416e+03
13.9 8.288604e+03 8.264831e+03 8.335284e+03 8.359057e+03
14.9 8.217065e+03 8.224935e+03 8.330478e+03 8.322609e+03
15.9 8.236646e+03 8.256484e+03 8.322817e+03 8.302979e+03
16.9 8.277693e+03 8.257937e+03 8.304119e+03 8.323875e+03
17.9 8.486945e+03 8.311070e+03 8.288299e+03 8.464174e+03
0.2 8.238959e+03 8.292265e+03 8.326013e+03 8.272707e+03
1.2 8.241019e+03 8.263116e+03 8.319414e+03 8.297317e+03
2.2 8.346867e+03 8.283444e+03 8.312144e+03 8.375567e+03
3.2 8.270017e+03 8.292833e+03 8.311819e+03 8.289002e+03
4.2 8.303643e+03 8.314737e+03 8.303551e+03 8.292456e+03
5.2 8.371204e+03 8.314961e+03 8.287194e+03 8.343437e+03
6.2 8.311766e+03 8.342136e+03 8.277342e+03 8.246972e+03
7.2 8.313344e+03 8.310658e+03 8.260009e+03 8.262694e+03
8.2 8.268087e+03 8.307785e+03 8.254877e+03 8.215179e+03
9.2 8.203007e+03 8.266081e+03 8.269300e+03 8.206226e+03
10.2 8.264207e+03 8.274170e+03 8.294552e+03 8.284589e+03
11.2 8.282526e+03 8.266885e+03 8.323774e+03 8.339416e+03
12.2 8.288604e+03 8.264831e+03 8.335284e+03 8.359057e+03
13.2 8.217065e+03 8.224935e+03 8.330478e+03 8.322609e+03
14.2 8.236646e+03 8.256484e+03 8.322817e+03 8.302979e+03
15.2 8.277693e+03 8.257937e+03 8.304119e+03 8.323875e+03
16.2 8.486945e+03 8.311070e+03 8.288299e+03 8.464174e+03
17.2 8.322462e+03 8.355623e+03 8.286640e+03 8.253479e+03
0.6 8.346867e+03 8.283444e+03 8.312144e+03 8.375567e+03
1.6 8.270017e+03 8.292833e+03 8.311819e+03 8.289002e+03
2.6 8.303643e+03 8.314737e+03 8.303551e+03 8.292456e+03
3.6 8.371204e+03 8.314961e+03 8.287194e+03 8.343437e+03
4.6 8.311766e+03 8.342136e+03 8.277342e+03 8.246972e+03
5.6 8.313344e+03 8.310658e+03 8.260009e+03 8.262694e+03
6.6 8.268087e+03 8.307785e+03 8.254877e+03 8.215179e+03
7.6 8.203007e+03 8.266081e+03 8.269300e+03 8.206226e+03
8.6 8.264207e+03 8.274170e+03 8.294552e+03 8.284589e+03
9.6 8.282526e+03 8.266885e+03 8.323774e+03 8.339416e+03
10.6 8.288604e+03 8.264831e+03 8.335284e+03 8.359057e+03
11.6 8.217065e+03 8.224935e+03 8.330478e+03 8.322609e+03
12.6 8.236646e+03 8.256484e+03 8.322817e+03 8.302979e+03
13.6 8.277693e+03 8.257937e+03 8.304119e+03 8.323875e+03
14.6 8.486945e+03 8.311070e+03 8.288299e+03 8.464174e+03
15.6 8.322462e+03 8.355623e+03 8.286640e+03 8.253479e+03
16.6 8.286151e+03 8.367791e+03 8.267556e+03 8.185917e+03
17.6 8.266139e+03 8.328622e+03 8.245616e+03 8.183132e+03
0.6 8.270017e+03 8.292833e+03 8.311819e+03 8.289002e+03
1.6 8.303643e+03 8.314737e+03 8.303551e+03 8.292456e+03
2.6 8.371204e+03 8.314961e+03 8.287194e+03 8.343437e+03
3.6 8.311766e+03 8.342136e+03 8.277342e+03 8.246972e+03
4.6 8.313344e+03 8.310658e+03 8.260009e+03 8.262694e+03
5.6 8.268087e+03 8.307785e+03 8.254877e+03 8.215179e+03
6.6 8.203007e+03 8.266081e+03 8.269300e+03 8.206226e+03
7.6 8.264207e+03 8.274170e+03 8.294552e+03 8.284589e+03
8.6 8.282526e+03 8.266885e+03 8.323774e+03 8.339416e+03
9.6 8.288604e+03 8.264831e+03 8.335284e+03 8.359057e+03
10.6 8.217065e+03 8.224935e+03 8.330478e+03 8.322609e+03
11.6 8.236646e+03 8.256484e+03 8.322817e+03 8.302979e+03
12.6 8.277693e+03 8.257937e+03 8.304119e+03 8.323875e+03
13.6 8.486945e+03 8.311070e+03 8.288299e+03 8.464174e+03
14.6 8.322462e+03 8.355623e+03 8.286640e+03 8.253479e+03
15.6 8.286151e+03 8.367791e+03 8.267556e+03 8.185917e+03
16.6 8.266139e+03 8.328622e+03 8.245616e+03 8.183132e+03
17.6 8.381620e+03 8.333948e+03 8.253223e+03 8.300895e+03
0.9 8.371204e+03 8.314961e+03 8.287194e+03 8.343437e+03
1.9 8.311766e+03 8.342136e+03 8.277342e+03 8.246972e+03
2.9 8.313344e+03 8.310658e+03 8.260009e+03 8.262694e+03
3.9 8.268087e+03 8.307785e+03 8.254877e+03 8.215179e+03
4.9 8.203007e+03 8.266081e+03 8.269300e+03 8.206226e+03
5.9 8.264207e+03 8.274170e+03 8.294552e+03 8.284589e+03
6.8 8.282526e+03 8.266885e+03 8.323774e+03 8.339416e+03
7.8 8.288604e+03 8.264831e+03 8.335284e+03 8.359057e+03
8.8 8.217065e+03 8.224935e+03 8.330478e+03 8.322609e+03
9.8 8.236646e+03 8.256484e+03 8.322817e+03 8.302979e+03
10.8 8.277693e+03 8.257937e+03 8.304119e+03 8.323875e+03
11.8 8.486945e+03 8.311070e+03 8.288299e+03 8.464174e+03
12.8 8.322462e+03 8.355623e+03 8.286640e+03 8.253479e+03
13.8 8.286151e+03 8.367791e+03 8.267556e+03 8.185917e+03
14.8 8.266139e+03 8.328622e+03 8.245616e+03 8.183132e+03
15.8 8.381620e+03 8.333948e+03 8.253223e+03 8.300895e+03
16.8 8.310533e+03 8.284372e+03 8.273318e+03 8.299480e+03
17.8 8.268583e+03 8.302228e+03 8.288022e+03 8.254377e+03
0.4 8.264207e+03 8.274170e+03 8.294552e+03 8.284589e+03
1.4 8.282526e+03 8.266885e+03 8.323774e+03 8.339416e+03
2.4 8.288604e+03 8.264831e+03 8.335284e+03 8.359057e+03
3.4 8.217065e+03 8.224935e+03 8.330478e+03 8.322609e+03
4.4 8.236646e+03 8.256484e+03 8.322817e+03 8.302979e+03
5.4 8.277693e+03 8.257937e+03 8.304119e+03 8.323875e+03
6.4 8.486945e+03 8.311070e+03 8.288299e+03 8.464174e+03
7.4 8.322462e+03 8.355623e+03 8.286640e+03 8.253479e+03
8.4 8.286151e+03 8.367791e+03 8.267556e+03 8.185917e+03
9.4 8.266139e+03 8.328622e+03 8.245616e+03 8.183132e+03
10.4 8.381620e+03 8.333948e+03 8.253223e+03 8.300895e+03
11.4 8.310533e+03 8.284372e+03 8.273318e+03 8.299480e+03
12.4 8.268583e+03 8.302228e+03 8.288022e+03 8.254377e+03
13.4 8.188436e+03 8.270727e+03 8.295570e+03 8.213279e+03
14.4 8.170292e+03 8.259174e+03 8.298485e+03 8.209602e+03
15.4 8.233076e+03 8.254983e+03 8.298764e+03 8.276857e+03
16.4 8.396503e+03 8.279152e+03 8.297815e+03 8.415165e+03
17.4 8.196824e+03 8.252813e+03 8.296616e+03 8.240627e+03
0.9 8.288604e+03 8.264831e+03 8.335284e+03 8.359057e+03
1.9 8.217065e+03 8.224935e+03 8.330478e+03 8.322609e+03
2.9 8.236646e+03 8.256484e+03 8.322817e+03 8.302979e+03
3.9 8.277693e+03 8.257937e+03 8.304119e+03 8.323875e+03
4.9 8.486945e+03 8.311070e+03 8.288299e+03 8.464174e+03
5.9 8.322462e+03 8.355623e+03 8.286640e+03 8.253479e+03
6.9 8.286151e+03 8.367791e+03 8.267556e+03 8.185917e+03
7.9 8.266139e+03 8.328622e+03 8.245616e+03 8.183132e+03
8.9 8.381620e+03 8.333948e+03 8.253223e+03 8.300895e+03
9.9 8.310533e+03 8.284372e+03 8.273318e+03 8.299480e+03
10.9 8.268583e+03 8.302228e+03 8.288022e+03 8.254377e+03
11.9 8.188436e+03 8.270727e+03 8.295570e+03 8.213279e+03
12.9 8.170292e+03 8.259174e+03 8.298485e+03 8.209602e+03
13.9 8.233076e+03 8.254983e+03 8.298764e+03 8.276857e+03
14.9 8.396503e+03 8.279152e+03 8.297815e+03 8.415165e+03
15.9 8.196824e+03 8.252813e+03 8.296616e+03 8.240627e+03
16.9 8.355938e+03 8.278124e+03 8.300024e+03 8.377837e+03
17.9 8.306724e+03 8.277935e+03 8.321330e+03 8.350118e+03
0.7 8.217065e+03 8.224935e+03 8.330478e+03 8.322609e+03
1.7 8.236646e+03 8.256484e+03 8.322817e+03 8.302979e+03
2.7 8.277693e+03 8.257937e+03 8.304119e+03 8.323875e+03
3.7 8.486945e+03 8.311070e+03 8.288299e+03 8.464174e+03
4.7 8.322462e+03 8.355623e+03 8.286640e+03 8.253479e+03
5.7 8.286151e+03 8.367791e+03 8.267556e+03 8.185917e+03
6.7 8.266139e+03 8.328622e+03 8.245616e+03 8.183132e+03
7.7 8.381620e+03 8.333948e+03 8.253223e+03 8.300895e+03
8.7 8.310533e+03 8.284372e+03 8.273318e+03 8.299480e+03
9.7 8.268583e+03 8.302228e+03 8.288022e+03 8.254377e+03
10.7 8.188436e+03 8.270727e+03 8.295570e+03 8.213279e+03
11.7 8.170292e+03 8.259174e+03 8.298485e+03 8.209602e+03
12.7 8.233076e+03 8.254983e+03 8.298764e+03 8.276857e+03
13.7 8.396503e+03 8.279152e+03 8.297815e+03 8.415165e+03
14.7 8.196824e+03 8.252813e+03 8.296616e+03 8.240627e+03
15.7 8.355938e+03 8.278124e+03 8.300024e+03 8.377837e+03
16.7 8.306724e+03 8.277935e+03 8.321330e+03 8.350118e+03
17.7 8.244949e+03 8.278808e+03 8.329791e+03 8.295933e+03
0.7 8.236646e+03 8.256484e+03 8.322817e+03 8.302979e+03
1.7 8.277693e+03 8.257937e+03 8.304119e+03 8.323875e+03
2.7 8.486945e+03 8.311070e+03 8.288299e+03 8.464174e+03
3.7 8.322462e+03 8.355623e+03 8.286640e+03 8.253479e+03
4.7 8.286151e+03 8.367791e+03 8.267556e+03 8.185917e+03
5.7 8.266139e+03 8.328622e+03 8.245616e+03 8.183132e+03
6.7 8.381620e+03 8.333948e+03 8.253223e+03 8.300895e+03
7.7 8.310533e+03 8.284372e+03 8.273318e+03 8.299480e+03
8.7 8.268583e+03 8.302228e+03 8.288022e+03 8.254377e+03
9.7 8.188436e+03 8.270727e+03 8.295570e+03 8.213279e+03
10.7 8.170292e+03 8.259174e+03 8.298485e+03 8.209602e+03
11.7 8.233076e+03 8.254983e+03 8.298764e+03 8.276857e+03
12.7 8.396503e+03 8.279152e+03 8.297815e+03 8.415165e+03
13.7 8.196824e+03 8.252813e+03 8.296616e+03 8.240627e+03
14.7 8.355938e+03 8.278124e+03 8.300024e+03 8.377837e+03
15.7 8.306724e+03 8.277935e+03 8.321330e+03 8.350118e+03
16.7 8.244949e+03 8.278808e+03 8.329791e+03 8.295933e+03
17.7 8.306216e+03 8.257560e+03 8.315569e+03 8.364225e+03
0.4 8.277693e+03 8.257937e+03 8.304119e+03 8.323875e+03
1.4 8.486945e+03 8.311070e+03 8.288299e+03 8.464174e+03
2.4 8.322462e+03 8.355623e+03 8.286640e+03 8.253479e+03
3.4 8.286151e+03 8.367791e+03 8.267556e+03 8.185917e+03
4.4 8.266139e+03 8.328622e+03 8.245616e+03 8.183132e+03
5.4 8.381620e+03 8.333948e+03 8.253223e+03 8.300895e+03
6.4 8.310533e+03 8.284372e+03 8.273318e+03 8.299480e+03
7.4 8.268583e+03 8.302228e+03 8.288022e+03 8.254377e+03
8.4 8.188436e+03 8.270727e+03 8.295570e+03 8.213279e+03
9.4 8.170292e+03 8.259174e+03 8.298485e+03 8.209602e+03
10.4 8.233076e+03 8.254983e+03 8.298764e+03 8.276857e+03
11.4 8.396503e+03 8.279152e+03 8.297815e+03 8.415165e+03
12.4 8.196824e+03 8.252813e+03 8.296616e+03 8.240627e+03
13.4 8.355938e+03 8.278124e+03 8.300024e+03 8.377837e+03
14.4 8.306724e+03 8.277935e+03 8.321330e+03 8.350118e+03
15.4 8.244949e+03 8.278808e+03 8.329791e+03 8.295933e+03
16.4 8.306216e+03 8.257560e+03 8.315569e+03 8.364225e+03
17.4 8.153946e+03 8.280911e+03 8.306491e+03 8.179526e+03
0.2 8.486945e+03 8.311070e+03 8.288299e+03 8.464174e+03
1.2 8.322462e+03 8.355623e+03 8.286640e+03 8.253479e+03
2.2 8.286151e+03 8.367791e+03 8.267556e+03 8.185917e+03
3.2 8.266139e+03 8.328622e+03 8.245616e+03 8.183132e+03
4.2 8.381620e+03 8.333948e+03 8.253223e+03 8.300895e+03
5.2 8.310533e+03 8.284372e+03 8.273318e+03 8.299480e+03
6.2 8.268583e+03 8.302228e+03 8.288022e+03 8.254377e+03
7.2 8.188436e+03 8.270727e+03 8.295570e+03 8.213279e+03
8.2 8.170292e+03 8.259174e+03 8.298485e+03 8.209602e+03
9.2 8.233076e+03 8.254983e+03 8.298764e+03 8.276857e+03
10.2 8.396503e+03 8.279152e+03 8.297815e+03 8.415165e+03
11.2 8.196824e+03 8.252813e+03 8.296616e+03 8.240627e+03
12.2 8.355938e+03 8.278124e+03 8.300024e+03 8.377837e+03
13.2 8.306724e+03 8.277935e+03 8.321330e+03 8.350118e+03
14.2 8.244949e+03 8.278808e+03 8.329791e+03 8.295933e+03
15.2 8.306216e+03 8.257560e+03 8.315569e+03 8.364225e+03
16.2 8.153946e+03 8.280911e+03 8.306491e+03 8.179526e+03
17.2 8.271313e+03 8.296500e+03 8.309376e+03 8.284189e+03
0.1 8.355938e+03 8.278124e+03 8.300024e+03 8.377837e+03
1.1 8.306724e+03 8.277935e+03 8.321330e+03 8.350118e+03
2.1 8.244949e+03 8.278808e+03 8.329791e+03 8.295933e+03
3.1 8.306216e+03 8.257560e+03 8.315569e+03 8.364225e+03
4.1 8.153946e+03 8.280911e+03 8.306491e+03 8.179526e+03
5.1 8.271313e+03 8.296500e+03 8.309376e+03 8.284189e+03
6.1 8.287686e+03 8.336528e+03 8.301703e+03 8.252860e+03
7.1 8.266884e+03 8.287480e+03 8.266040e+03 8.245443e+03
8.1 8.236319e+03 8.288372e+03 8.246836e+03 8.194783e+03
9.1 8.273040e+03 8.285445e+03 8.262227e+03 8.249822e+03
10.1 8.365739e+03 8.333421e+03 8.304627e+03 8.336944e+03
11.1 8.320313e+03 8.332621e+03 8.344046e+03 8.331738e+03
12.1 8.403083e+03 8.335815e+03 8.341924e+03 8.409192e+03
13.1 8.329829e+03 8.302750e+03 8.299695e+03 8.326774e+03
14.1 8.211752e+03 8.254590e+03 8.255084e+03 8.212246e+03
15.1 8.327402e+03 8.283312e+03 8.247249e+03 8.291339e+03
16.1 8.324782e+03 8.289125e+03 8.264272e+03 8.299929e+03
17.1 8.247709e+03 8.314083e+03 8.281122e+03 8.214747e+03
0.3 8.244949e+03 8.278808e+03 8.329791e+03 8.295933e+03
1.3 8.306216e+03 8.257560e+03 8.315569e+03 8.364225e+03
2.3 8.153946e+03 8.280911e+03 8.306491e+03 8.179526e+03
3.3 8.271313e+03 8.296500e+03 8.309376e+03 8.284189e+03
4.3 8.287686e+03 8.336528e+03 8.301703e+03 8.252860e+03
5.3 8.266884e+03 8.287480e+03 8.266040e+03 8.245443e+03
6.3 8.236319e+03 8.288372e+03 8.246836e+03 8.194783e+03
7.3 8.273040e+03 8.285445e+03 8.262227e+03 8.249822e+03
8.3 8.365739e+03 8.333421e+03 8.304627e+03 8.336944e+03
9.3 8.320313e+03 8.332621e+03 8.344046e+03 8.331738e+03
10.3 8.403083e+03 8.335815e+03 8.341924e+03 8.409192e+03
11.3 8.329829e+03 8.302750e+03 8.299695e+03 8.326774e+03
12.3 8.211752e+03 8.254590e+03 8.255084e+03 8.212246e+03
13.3 8.327402e+03 8.283312e+03 8.247249e+03 8.291339e+03
14.3 8.324782e+03 8.289125e+03 8.264272e+03 8.299929e+03
15.3 8.247709e+03 8.314083e+03 8.281122e+03 8.214747e+03
16.3 8.356344e+03 8.297660e+03 8.291507e+03 8.350190e+03
17.3 8.396599e+03 8.298432e+03 8.296665e+03 8.394832e+03
0.7 8.153946e+03 8.280911e+03 8.306491e+03 8.179526e+03
1.7 8.271313e+03 8.296500e+03 8.309376e+03 8.284189e+03
2.7 8.287686e+03 8.336528e+03 8.301703e+03 8.252860e+03
3.7 8.266884e+03 8.287480e+03 8.266040e+03 8.245443e+03
4.7 8.236319e+03 8.288372e+03 8.246836e+03 8.194783e+03
5.7 8.273040e+03 8.285445e+03 8.262227e+03 8.249822e+03
6.7 8.365739e+03 8.333421e+03 8.304627e+03 8.336944e+03
7.7 8.320313e+03 8.332621e+03 8.344046e+03 8.331738e+03
8.7 8.403083e+03 8.335815e+03 8.341924e+03 8.409192e+03
9.7 8.329829e+03 8.302750e+03 8.299695e+03 8.326774e+03
10.7 8.211752e+03 8.254590e+03 8.255084e+03 8.212246e+03
11.7 8.327402e+03 8.283312e+03 8.247249e+03 8.291339e+03
12.7 8.324782e+03 8.289125e+03 8.264272e+03 8.299929e+03
13.7 8.247709e+03 8.314083e+03 8.281122e+03 8.214747e+03
14.7 8.356344e+03 8.297660e+03 8.291507e+03 8.350190e+03
15.7 8.396599e+03 8.298432e+03 8.296665e+03 8.394832e+03
16.7 8.280771e+03 8.321243e+03 8.298307e+03 8.257835e+03
17.7 8.323067e+03 8.307208e+03 8.297934e+03 8.313793e+03
0.6 8.271313e+03 8.296500e+03 8.309376e+03 8.284189e+03
1.6 8.287686e+03 8.336528e+03 8.301703e+03 8.252860e+03
2.6 8.266884e+03 8.287480e+03 8.266040e+03 8.245443e+03
3.6 8.236319e+03 8.288372e+03 8.246836e+03 8.194783e+03
4.6 8.273040e+03 8.285445e+03 8.262227e+03 8.249822e+03
5.6 8.365739e+03 8.333421e+03 8.304627e+03 8.336944e+03
6.6 8.320313e+03 8.332621e+03 8.344046e+03 8.331738e+03
7.6 8.403083e+03 8.335815e+03 8.341924e+03 8.409192e+03
8.6 8.329829e+03 8.302750e+03 8.299695e+03 8.326774e+03
9.6 8.211752e+03 8.254590e+03 8.255084e+03 8.212246e+03
10.6 8.327402e+03 8.283312e+03 8.247249e+03 8.291339e+03
11.6 8.324782e+03 8.289125e+03 8.264272e+03 8.299929e+03
12.6 8.247709e+03 8.314083e+03 8.281122e+03 8.214747e+03
13.6 8.356344e+03 8.297660e+03 8.291507e+03 8.350190e+03
14.6 8.396599e+03 8.298432e+03 8.296665e+03 8.394832e+03
15.6 8.280771e+03 8.321243e+03 8.298307e+03 8.257835e+03
16.6 8.323067e+03 8.307208e+03 8.297934e+03 8.313793e+03
17.6 8.316417e+03 8.326633e+03 8.296798e+03 8.286582e+03
1.0 8.365739e+03 8.333421e+03 8.304627e+03 8.336944e+03
2.0 8.320313e+03 8.332621e+03 8.344046e+03 8.331738e+03
3.0 8.403083e+03 8.335815e+03 8.341924e+03 8.409192e+03
4.0 8.329829e+03 8.302750e+03 8.299695e+03 8.326774e+03
5.0 8.211752e+03 8.254590e+03 8.255084e+03 8.212246e+03
6.0 8.327402e+03 8.283312e+03 8.247249e+03 8.291339e+03
7.0 8.324782e+03 8.289125e+03 8.264272e+03 8.299929e+03
8.0 8.247709e+03 8.314083e+03 8.281122e+03 8.214747e+03
9.0 8.356344e+03 8.297660e+03 8.291507e+03 8.350190e+03
10.0 8.396599e+03 8.298432e+03 8.296665e+03 8.394832e+03
11.0 8.280771e+03 8.321243e+03 8.298307e+03 8.257835e+03
12.0 8.323067e+03 8.307208e+03 8.297934e+03 8.313793e+03
13.0 8.316417e+03 8.326633e+03 8.296798e+03 8.286582e+03
14.0 8.387708e+03 8.303199e+03 8.295667e+03 8.380177e+03
15.0 8.316827e+03 8.297068e+03 8.294829e+03 8.314588e+03
16.0 8.225739e+03 8.278163e+03 8.294276e+03 8.241852e+03
17.0 8.268302e+03 8.274265e+03 8.293914e+03 8.287951e+03
18.0 8.292169e+03 8.268110e+03 8.293660e+03 8.317718e+03
1.0 8.320313e+03 8.332621e+03 8.344046e+03 8.331738e+03
2.0 8.403083e+03 8.335815e+03 8.341924e+03 8.409192e+03
3.0 8.329829e+03 8.302750e+03 8.299695e+03 8.326774e+03
4.0 8.211752e+03 8.254590e+03 8.255084e+03 8.212246e+03
5.0 8.327402e+03 8.283312e+03 8.247249e+03 8.291339e+03
6.0 8.324782e+03 8.289125e+03 8.264272e+03 8.299929e+03
7.0 8.247709e+03 8.314083e+03 8.281122e+03 8.214747e+03
8.0 8.356344e+03 8.297660e+03 8.291507e+03 8.350190e+03
9.0 8.396599e+03 8.298432e+03 8.296665e+03 8.394832e+03
10.0 8.280771e+03 8.321243e+03 8.298307e+03 8.257835e+03
11.0 8.323067e+03 8.307208e+03 8.297934e+03 8.313793e+03
12.0 8.316417e+03 8.326633e+03 8.296798e+03 8.286582e+03
13.0 8.387708e+03 8.303199e+03 8.295667e+03 8.380177e+03
14.0 8.316827e+03 8.297068e+03 8.294829e+03 8.314588e+03
15.0 8.225739e+03 8.278163e+03 8.294276e+03 8.241852e+03
16.0 8.268302e+03 8.274265e+03 8.293914e+03 8.287951e+03
17.0 8.292169e+03 8.268110e+03 8.293660e+03 8.317718e+03
18.0 8.267493e+03 8.256632e+03 8.293454e+03 8.304315e+03
0.9 8.403083e+03 8.335815e+03 8.341924e+03 8.409192e+03
1.9 8.329829e+03 8.302750e+03 8.299695e+03 8.326774e+03
2.9 8.211752e+03 8.254590e+03 8.255084e+03 8.212246e+03
3.9 8.327402e+03 8.283312e+03 8.247249e+03 8.291339e+03
4.9 8.324782e+03 8.289125e+03 8.264272e+03 8.299929e+03
5.9 8.247709e+03 8.314083e+03 8.281122e+03 8.214747e+03
6.9 8.356344e+03 8.297660e+03 8.291507e+03 8.350190e+03
7.9 8.396599e+03 8.298432e+03 8.296665e+03 8.394832e+03
8.9 8.280771e+03 8.321243e+03 8.298307e+03 8.257835e+03
9.9 8.323067e+03 8.307208e+03 8.297934e+03 8.313793e+03
10.9 8.316417e+03 8.326633e+03 8.296798e+03 8.286582e+03
11.9 8.387708e+03 8.303199e+03 8.295667e+03 8.380177e+03
12.9 8.316827e+03 8.297068e+03 8.294829e+03 8.314588e+03
13.9 8.225739e+03 8.278163e+03 8.294276e+03 8.241852e+03
14.9 8.268302e+03 8.274265e+03 8.293914e+03 8.287951e+03
15.9 8.292169e+03 8.268110e+03 8.293660e+03 8.317718e+03
16.9 8.267493e+03 8.256632e+03 8.293454e+03 8.304315e+03
17.9 8.192476e+03 8.271124e+03 8.293271e+03 8.214623e+03
1.0 8.289639e+03 8.325811e+03 8.316996e+03 8.280823e+03
2.0 8.416169e+03 8.342093e+03 8.331125e+03 8.405200e+03
3.0 8.269957e+03 8.327274e+03 8.318403e+03 8.261086e+03
4.0 8.302508e+03 8.312462e+03 8.286801e+03 8.276847e+03
5.0 8.309933e+03 8.320089e+03 8.258279e+03 8.248123e+03
6.0 8.260349e+03 8.289630e+03 8.259983e+03 8.230702e+03
7.0 8.341053e+03 8.344476e+03 8.279853e+03 8.276429e+03
8.0 8.311689e+03 8.310791e+03 8.311548e+03 8.312446e+03
9.0 8.189832e+03 8.270706e+03 8.313879e+03 8.233005e+03
10.0 8.231514e+03 8.275226e+03 8.299491e+03 8.255779e+03
11.0 8.338043e+03 8.337538e+03 8.310889e+03 8.311393e+03
12.0 8.316569e+03 8.342890e+03 8.323539e+03 8.297218e+03
13.0 8.265731e+03 8.333612e+03 8.325579e+03 8.257699e+03
14.0 8.351812e+03 8.319977e+03 8.309235e+03 8.341069e+03
15.0 8.297372e+03 8.300697e+03 8.267510e+03 8.264186e+03
16.0 8.241305e+03 8.235663e+03 8.238404e+03 8.244046e+03
17.0 8.254214e+03 8.232808e+03 8.248006e+03 8.269412e+03
18.0 8.331952e+03 8.277201e+03 8.283159e+03 8.337910e+03
0.4 8.416169e+03 8.342093e+03 8.331125e+03 8.405200e+03
1.4 8.269957e+03 8.327274e+03 8.318403e+03 8.261086e+03
2.4 8.302508e+03 8.312462e+03 8.286801e+03 8.276847e+03
3.4 8.309933e+03 8.320089e+03 8.258279e+03 8.248123e+03
4.4 8.260349e+03 8.289630e+03 8.259983e+03 8.230702e+03
5.4 8.341053e+03 8.344476e+03 8.279853e+03 8.276429e+03
6.4 8.311689e+03 8.310791e+03 8.311548e+03 8.312446e+03
7.4 8.189832e+03 8.270706e+03 8.313879e+03 8.233005e+03
8.4 8.231514e+03 8.275226e+03 8.299491e+03 8.255779e+03
9.4 8.338043e+03 8.337538e+03 8.310889e+03 8.311393e+03
10.4 8.316569e+03 8.342890e+03 8.323539e+03 8.297218e+03
11.4 8.265731e+03 8.333612e+03 8.325579e+03 8.257699e+03
12.4 8.351812e+03 8.319977e+03 8.309235e+03 8.341069e+03
13.4 8.297372e+03 8.300697e+03 8.267510e+03 8.264186e+03
14.4 8.241305e+03 8.235663e+03 8.238404e+03 8.244046e+03
15.4 8.254214e+03 8.232808e+03 8.248006e+03 8.269412e+03
16.4 8.331952e+03 8.277201e+03 8.283159e+03 8.337910e+03
17.4 8.281207e+03 8.311467e+03 8.323246e+03 8.292986e+03
0.2 8.341053e+03 8.344476e+03 8.279853e+03 8.276429e+03
1.2 8.311689e+03 8.310791e+03 8.311548e+03 8.312446e+03
2.2 8.189832e+03 8.270706e+03 8.313879e+03 8.233005e+03
3.2 8.231514e+03 8.275226e+03 8.299491e+03 8.255779e+03
4.2 8.338043e+03 8.337538e+03 8.310889e+03 8.311393e+03
5.2 8.316569e+03 8.342890e+03 8.323539e+03 8.297218e+03
6.2 8.265731e+03 8.333612e+03 8.325579e+03 8.257699e+03
7.2 8.351812e+03 8.319977e+03 8.309235e+03 8.341069e+03
8.2 8.297372e+03 8.300697e+03 8.267510e+03 8.264186e+03
9.2 8.241305e+03 8.235663e+03 8.238404e+03 8.244046e+03
10.2 8.254214e+03 8.232808e+03 8.248006e+03 8.269412e+03
11.2 8.331952e+03 8.277201e+03 8.283159e+03 8.337910e+03
12.2 8.281207e+03 8.311467e+03 8.323246e+03 8.292986e+03
13.2 8.288354e+03 8.309100e+03 8.337346e+03 8.316599e+03
14.2 8.269480e+03 8.326065e+03 8.325619e+03 8.269034e+03
15.2 8.279110e+03 8.287995e+03 8.292326e+03 8.283441e+03
16.2 8.266926e+03 8.266834e+03 8.257101e+03 8.257193e+03
17.2 8.333905e+03 8.284449e+03 8.253225e+03 8.302681e+03
0.6 8.231514e+03 8.275226e+03 8.299491e+03 8.255779e+03
1.6 8.338043e+03 8.337538e+03 8.310889e+03 8.311393e+03
2.6 8.316569e+03 8.342890e+03 8.323539e+03 8.297218e+03
3.6 8.265731e+03 8.333612e+03 8.325579e+03 8.257699e+03
4.6 8.351812e+03 8.319977e+03 8.309235e+03 8.341069e+03
5.6 8.297372e+03 8.300697e+03 8.267510e+03 8.264186e+03
6.6 8.241305e+03 8.235663e+03 8.238404e+03 8.244046e+03
7.6 8.254214e+03 8.232808e+03 8.248006e+03 8.269412e+03
8.6 8.331952e+03 8.277201e+03 8.283159e+03 8.337910e+03
9.6 8.281207e+03 8.311467e+03 8.323246e+03 8.292986e+03
10.6 8.288354e+03 8.309100e+03 8.337346e+03 8.316599e+03
11.6 8.269480e+03 8.326065e+03 8.325619e+03 8.269034e+03
12.6 8.279110e+03 8.287995e+03 8.292326e+03 8.283441e+03
13.6 8.266926e+03 8.266834e+03 8.257101e+03 8.257193e+03
14.6 8.333905e+03 8.284449e+03 8.253225e+03 8.302681e+03
15.6 8.282906e+03 8.290308e+03 8.269216e+03 8.261814e+03
16.6 8.290909e+03 8.249955e+03 8.283983e+03 8.324937e+03
17.6 8.305843e+03 8.301148e+03 8.292748e+03 8.297443e+03
0.2 8.338043e+03 8.337538e+03 8.310889e+03 8.311393e+03
1.2 8.316569e+03 8.342890e+03 8.323539e+03 8.297218e+03
2.2 8.265731e+03 8.333612e+03 8.325579e+03 8.257699e+03
3.2 8.351812e+03 8.319977e+03 8.309235e+03 8.341069e+03
4.2 8.297372e+03 8.300697e+03 8.267510e+03 8.264186e+03
5.2 8.241305e+03 8.235663e+03 8.238404e+03 8.244046e+03
6.2 8.254214e+03 8.232808e+03 8.248006e+03 8.269412e+03
7.2 8.331952e+03 8.277201e+03 8.283159e+03 8.337910e+03
8.2 8.281207e+03 8.311467e+03 8.323246e+03 8.292986e+03
9.2 8.288354e+03 8.309100e+03 8.337346e+03 8.316599e+03
10.2 8.269480e+03 8.326065e+03 8.325619e+03 8.269034e+03
11.2 8.279110e+03 8.287995e+03 8.292326e+03 8.283441e+03
12.2 8.266926e+03 8.266834e+03 8.257101e+03 8.257193e+03
13.2 8.333905e+03 8.284449e+03 8.253225e+03 8.302681e+03
14.2 8.282906e+03 8.290308e+03 8.269216e+03 8.261814e+03
15.2 8.290909e+03 8.249955e+03 8.283983e+03 8.324937e+03
16.2 8.305843e+03 8.301148e+03 8.292748e+03 8.297443e+03
17.2 8.330614e+03 8.313918e+03 8.296866e+03 8.313562e+03
0.3 8.316569e+03 8.342890e+03 8.323539e+03 8.297218e+03
1.3 8.265731e+03 8.333612e+03 8.325579e+03 8.257699e+03
2.3 8.351812e+03 8.319977e+03 8.309235e+03 8.341069e+03
3.3 8.297372e+03 8.300697e+03 8.267510e+03 8.264186e+03
4.3 8.241305e+03 8.235663e+03 8.238404e+03 8.244046e+03
5.3 8.254214e+03 8.232808e+03 8.248006e+03 8.269412e+03
6.3 8.331952e+03 8.277201e+03 8.283159e+03 8.337910e+03
7.3 8.281207e+03 8.311467e+03 8.323246e+03 8.292986e+03
8.3 8.288354e+03 8.309100e+03 8.337346e+03 8.316599e+03
9.3 8.269480e+03 8.326065e+03 8.325619e+03 8.269034e+03
10.3 8.279110e+03 8.287995e+03 8.292326e+03 8.283441e+03
11.3 8.266926e+03 8.266834e+03 8.257101e+03 8.257193e+03
12.3 8.333905e+03 8.284449e+03 8.253225e+03 8.302681e+03
13.3 8.282906e+03 8.290308e+03 8.269216e+03 8.261814e+03
14.3 8.290909e+03 8.249955e+03 8.283983e+03 8.324937e+03
15.3 8.305843e+03 8.301148e+03 8.292748e+03 8.297443e+03
16.3 8.330614e+03 8.313918e+03 8.296866e+03 8.313562e+03
17.3 8.354408e+03 8.327222e+03 8.297966e+03 8.325152e+03
0.3 8.265731e+03 8.333612e+03 8.325579e+03 8.257699e+03
1.3 8.351812e+03 8.319977e+03 8.309235e+03 8.341069e+03
2.3 8.297372e+03 8.300697e+03 8.267510e+03 8.264186e+03
3.3 8.241305e+03 8.235663e+03 8.238404e+03 8.244046e+03
4.3 8.254214e+03 8.232808e+03 8.248006e+03 8.269412e+03
5.3 8.331952e+03 8.277201e+03 8.283159e+03 8.337910e+03
6.3 8.281207e+03 8.311467e+03 8.323246e+03 8.292986e+03
7.3 8.288354e+03 8.309100e+03 8.337346e+03 8.316599e+03
8.3 8.269480e+03 8.326065e+03 8.325619e+03 8.269034e+03
9.3 8.279110e+03 8.287995e+03 8.292326e+03 8.283441e+03
10.3 8.266926e+03 8.266834e+03 8.257101e+03 8.257193e+03
11.3 8.333905e+03 8.284449e+03 8.253225e+03 8.302681e+03
12.3 8.282906e+03 8.290308e+03 8.269216e+03 8.261814e+03
13.3 8.290909e+03 8.249955e+03 8.283983e+03 8.324937e+03
14.3 8.305843e+03 8.301148e+03 8.292748e+03 8.297443e+03
15.3 8.330614e+03 8.313918e+03 8.296866e+03 8.313562e+03
16.3 8.354408e+03 8.327222e+03 8.297966e+03 8.325152e+03
17.3 8.204893e+03 8.270350e+03 8.297423e+03 8.231965e+03
0.5 8.331952e+03 8.277201e+03 8.283159e+03 8.337910e+03
1.5 8.281207e+03 8.311467e+03 8.323246e+03 8.292986e+03
2.5 8.288354e+03 8.309100e+03 8.337346e+03 8.316599e+03
3.5 8.269480e+03 8.326065e+03 8.325619e+03 8.269034e+03
4.5 8.279110e+03 8.287995e+03 8.292326e+03 8.283441e+03
5.5 8.266926e+03 8.266834e+03 8.257101e+03 8.257193e+03
6.5 8.333905e+03 8.284449e+03 8.253225e+03 8.302681e+03
7.5 8.282906e+03 8.290308e+03 8.269216e+03 8.261814e+03
8.5 8.290909e+03 8.249955e+03 8.283983e+03 8.324937e+03
9.5 8.305843e+03 8.301148e+03 8.292748e+03 8.297443e+03
10.5 8.330614e+03 8.313918e+03 8.296866e+03 8.313562e+03
11.5 8.354408e+03 8.327222e+03 8.297966e+03 8.325152e+03
12.5 8.204893e+03 8.270350e+03 8.297423e+03 8.231965e+03
13.5 8.229368e+03 8.278168e+03 8.296324e+03 8.247525e+03
14.5 8.286656e+03 8.265072e+03 8.295289e+03 8.316873e+03
15.5 8.285995e+03 8.281565e+03 8.294524e+03 8.298955e+03
16.5 8.300027e+03 8.294199e+03 8.294018e+03 8.299846e+03
17.5 8.289092e+03 8.325653e+03 8.293678e+03 8.257117e+03
0.2 8.281207e+03 8.311467e+03 8.323246e+03 8.292986e+03
1.2 8.288354e+03 8.309100e+03 8.337346e+03 8.316599e+03
2.2 8.269480e+03 8.326065e+03 8.325619e+03 8.269034e+03
3.2 8.279110e+03 8.287995e+03 8.292326e+03 8.283441e+03
4.2 8.266926e+03 8.266834e+03 8.257101e+03 8.257193e+03
5.2 8.333905e+03 8.284449e+03 8.253225e+03 8.302681e+03
6.2 8.282906e+03 8.290308e+03 8.269216e+03 8.261814e+03
7.2 8.290909e+03 8.249955e+03 8.283983e+03 8.324937e+03
8.2 8.305843e+03 8.301148e+03 8.292748e+03 8.297443e+03
9.2 8.330614e+03 8.313918e+03 8.296866e+03 8.313562e+03
10.2 8.354408e+03 8.327222e+03 8.297966e+03 8.325152e+03
11.2 8.204893e+03 8.270350e+03 8.297423e+03 8.231965e+03
12.2 8.229368e+03 8.278168e+03 8.296324e+03 8.247525e+03
13.2 8.286656e+03 8.265072e+03 8.295289e+03 8.316873e+03
14.2 8.285995e+03 8.281565e+03 8.294524e+03 8.298955e+03
15.2 8.300027e+03 8.294199e+03 8.294018e+03 8.299846e+03
16.2 8.289092e+03 8.325653e+03 8.293678e+03 8.257117e+03
17.2 8.279641e+03 8.312465e+03 8.293420e+03 8.260596e+03
1.0 8.269480e+03 8.326065e+03 8.325619e+03 8.269034e+03
2.0 8.279110e+03 8.287995e+03 8.292326e+03 8.283441e+03
3.0 8.266926e+03 8.266834e+03 8.257101e+03 8.257193e+03
4.0 8.333905e+03 8.284449e+03 8.253225e+03 8.302681e+03
5.0 8.282906e+03 8.290308e+03 8.269216e+03 8.261814e+03
6.0 8.290909e+03 8.249955e+03 8.283983e+03 8.324937e+03
7.0 8.305843e+03 8.301148e+03 8.292748e+03 8.297443e+03
8.0 8.330614e+03 8.313918e+03 8.296866e+03 8.313562e+03
9.0 8.354408e+03 8.327222e+03 8.297966e+03 8.325152e+03
10.0 8.204893e+03 8.270350e+03 8.297423e+03 8.231965e+03
11.0 8.229368e+03 8.278168e+03 8.296324e+03 8.247525e+03
12.0 8.286656e+03 8.265072e+03 8.295289e+03 8.316873e+03
13.0 8.285995e+03 8.281565e+03 8.294524e+03 8.298955e+03
14.0 8.300027e+03 8.294199e+03 8.294018e+03 8.299846e+03
15.0 8.289092e+03 8.325653e+03 8.293678e+03 8.257117e+03
16.0 8.279641e+03 8.312465e+03 8.293420e+03 8.260596e+03
17.0 8.397860e+03 8.311523e+03 8.293206e+03 8.379543e+03
18.0 8.288819e+03 8.281023e+03 8.293025e+03 8.300821e+03
0.2 8.148088e+03 8.284241e+03 8.297867e+03 8.161714e+03
1.2 8.250445e+03 8.299562e+03 8.322671e+03 8.273554e+03
2.2 8.335046e+03 8.339315e+03 8.343603e+03 8.339334e+03
3.2 8.417919e+03 8.331623e+03 8.331147e+03 8.417443e+03
4.2 8.239788e+03 8.307469e+03 8.289123e+03 8.221443e+03
5.2 8.284399e+03 8.288088e+03 8.249097e+03 8.245408e+03
6.2 8.347552e+03 8.296456e+03 8.247179e+03 8.298274e+03
7.2 8.343125e+03 8.313713e+03 8.284883e+03 8.314294e+03
8.2 8.313618e+03 8.312329e+03 8.319721e+03 8.321010e+03
9.2 8.212601e+03 8.293328e+03 8.327308e+03 8.246580e+03
10.2 8.166055e+03 8.312639e+03 8.323069e+03 8.176485e+03
11.2 8.250472e+03 8.299232e+03 8.302636e+03 8.253876e+03
12.2 8.382271e+03 8.288968e+03 8.264005e+03 8.357308e+03
13.2 8.250129e+03 8.289316e+03 8.241545e+03 8.202357e+03
14.2 8.252739e+03 8.303547e+03 8.252941e+03 8.202133e+03
15.2 8.379709e+03 8.285532e+03 8.272775e+03 8.366952e+03
16.2 8.344832e+03 8.278196e+03 8.286559e+03 8.353195e+03
17.2 8.207318e+03 8.269878e+03 8.293822e+03 8.231263e+03
0.1 8.250445e+03 8.299562e+03 8.322671e+03 8.273554e+03
1.1 8.335046e+03 8.339315e+03 8.343603e+03 8.339334e+03
2.1 8.417919e+03 8.331623e+03 8.331147e+03 8.417443e+03
3.1 8.239788e+03 8.307469e+03 8.289123e+03 8.221443e+03
4.1 8.284399e+03 8.288088e+03 8.249097e+03 8.245408e+03
5.1 8.347552e+03 8.296456e+03 8.247179e+03 8.298274e+03
6.1 8.343125e+03 8.313713e+03 8.284883e+03 8.314294e+03
7.1 8.313618e+03 8.312329e+03 8.319721e+03 8.321010e+03
8.1 8.212601e+03 8.293328e+03 8.327308e+03 8.246580e+03
9.1 8.166055e+03 8.312639e+03 8.323069e+03 8.176485e+03
10.1 8.250472e+03 8.299232e+03 8.302636e+03 8.253876e+03
11.1 8.382271e+03 8.288968e+03 8.264005e+03 8.357308e+03
12.1 8.250129e+03 8.289316e+03 8.241545e+03 8.202357e+03
13.1 8.252739e+03 8.303547e+03 8.252941e+03 8.202133e+03
14.1 8.379709e+03 8.285532e+03 8.272775e+03 8.366952e+03
15.1 8.344832e+03 8.278196e+03 8.286559e+03 8.353195e+03
16.1 8.207318e+03 8.269878e+03 8.293822e+03 8.231263e+03
17.1 8.331539e+03 8.273832e+03 8.306901e+03 8.364609e+03
1.0 8.417919e+03 8.331623e+03 8.331147e+03 8.417443e+03
2.0 8.239788e+03 8.307469e+03 8.289123e+03 8.221443e+03
3.0 8.284399e+03 8.288088e+03 8.249097e+03 8.245408e+03
4.0 8.347552e+03 8.296456e+03 8.247179e+03 8.298274e+03
5.0 8.343125e+03 8.313713e+03 8.284883e+03 8.314294e+03
6.0 8.313618e+03 8.312329e+03 8.319721e+03 8.321010e+03
7.0 8.212601e+03 8.293328e+03 8.327308e+03 8.246580e+03
8.0 8.166055e+03 8.312639e+03 8.323069e+03 8.176485e+03
9.0 8.250472e+03 8.299232e+03 8.302636e+03 8.253876e+03
10.0 8.382271e+03 8.288968e+03 8.264005e+03 8.357308e+03
11.0 8.250129e+03 8.289316e+03 8.241545e+03 8.202357e+03
12.0 8.252739e+03 8.303547e+03 8.252941e+03 8.202133e+03
13.0 8.379709e+03 8.285532e+03 8.272775e+03 8.366952e+03
14.0 8.344832e+03 8.278196e+03 8.286559e+03 8.353195e+03
15.0 8.207318e+03 8.269878e+03 8.293822e+03 8.231263e+03
16.0 8.331539e+03 8.273832e+03 8.306901e+03 8.364609e+03
17.0 8.302712e+03 8.295141e+03 8.331668e+03 8.339239e+03
18.0 8.180018e+03 8.268353e+03 8.342014e+03 8.253678e+03
1.0 8.343125e+03 8.313713e+03 8.284883e+03 8.314294e+03
2.0 8.313618e+03 8.312329e+03 8.319721e+03 8.321010e+03
3.0 8.212601e+03 8.293328e+03 8.327308e+03 8.246580e+03
4.0 8.166055e+03 8.312639e+03 8.323069e+03 8.176485e+03
5.0 8.250472e+03 8.299232e+03 8.302636e+03 8.253876e+03
6.0 8.382271e+03 8.288968e+03 8.264005e+03 8.357308e+03
7.0 8.250129e+03 8.289316e+03 8.241545e+03 8.202357e+03
8.0 8.252739e+03 8.303547e+03 8.252941e+03 8.202133e+03
9.0 8.379709e+03 8.285532e+03 8.272775e+03 8.366952e+03
10.0 8.344832e+03 8.278196e+03 8.286559e+03 8.353195e+03
11.0 8.207318e+03 8.269878e+03 8.293822e+03 8.231263e+03
12.0 8.331539e+03 8.273832e+03 8.306901e+03 8.364609e+03
13.0 8.302712e+03 8.295141e+03 8.331668e+03 8.339239e+03
14.0 8.180018e+03 8.268353e+03 8.342014e+03 8.253678e+03
15.0 8.308614e+03 8.260924e+03 8.328843e+03 8.376534e+03
16.0 8.396332e+03 8.268302e+03 8.312745e+03 8.440775e+03
17.0 8.299748e+03 8.298555e+03 8.302353e+03 8.303546e+03
18.0 8.344108e+03 8.319912e+03 8.274863e+03 8.299059e+03
0.5 8.313618e+03 8.312329e+03 8.319721e+03 8.321010e+03
1.5 8.212601e+03 8.293328e+03 8.327308e+03 8.246580e+03
2.5 8.166055e+03 8.312639e+03 8.323069e+03 8.176485e+03
3.5 8.250472e+03 8.299232e+03 8.302636e+03 8.253876e+03
4.5 8.382271e+03 8.288968e+03 8.264005e+03 8.357308e+03
5.5 8.250129e+03 8.289316e+03 8.241545e+03 8.202357e+03
6.5 8.252739e+03 8.303547e+03 8.252941e+03 8.202133e+03
7.5 8.379709e+03 8.285532e+03 8.272775e+03 8.366952e+03
8.5 8.344832e+03 8.278196e+03 8.286559e+03 8.353195e+03
9.5 8.207318e+03 8.269878e+03 8.293822e+03 8.231263e+03
10.5 8.331539e+03 8.273832e+03 8.306901e+03 8.364609e+03
11.5 8.302712e+03 8.295141e+03 8.331668e+03 8.339239e+03
12.5 8.180018e+03 8.268353e+03 8.342014e+03 8.253678e+03
13.5 8.308614e+03 8.260924e+03 8.328843e+03 8.376534e+03
14.5 8.396332e+03 8.268302e+03 8.312745e+03 8.440775e+03
15.5 8.299748e+03 8.298555e+03 8.302353e+03 8.303546e+03
16.5 8.344108e+03 8.319912e+03 8.274863e+03 8.299059e+03
17.5 8.330968e+03 8.330243e+03 8.241815e+03 8.242539e+03
0.5 8.212601e+03 8.293328e+03 8.327308e+03 8.246580e+03
1.5 8.166055e+03 8.312639e+03 8.323069e+03 8.176485e+03
2.5 8.250472e+03 8.299232e+03 8.302636e+03 8.253876e+03
3.5 8.382271e+03 8.288968e+03 8.264005e+03 8.357308e+03
4.5 8.250129e+03 8.289316e+03 8.241545e+03 8.202357e+03
5.5 8.252739e+03 8.303547e+03 8.252941e+03 8.202133e+03
6.5 8.379709e+03 8.285532e+03 8.272775e+03 8.366952e+03
7.5 8.344832e+03 8.278196e+03 8.286559e+03 8.353195e+03
8.5 8.207318e+03 8.269878e+03 8.293822e+03 8.231263e+03
9.5 8.331539e+03 8.273832e+03 8.306901e+03 8.364609e+03
10.5 8.302712e+03 8.295141e+03 8.331668e+03 8.339239e+03
11.5 8.180018e+03 8.268353e+03 8.342014e+03 8.253678e+03
12.5 8.308614e+03 8.260924e+03 8.328843e+03 8.376534e+03
13.5 8.396332e+03 8.268302e+03 8.312745e+03 8.440775e+03
14.5 8.299748e+03 8.298555e+03 8.302353e+03 8.303546e+03
15.5 8.344108e+03 8.319912e+03 8.274863e+03 8.299059e+03
16.5 8.330968e+03 8.330243e+03 8.241815e+03 8.242539e+03
17.5 8.242180e+03 8.313342e+03 8.259089e+03 8.187927e+03
0.4 8.166055e+03 8.312639e+03 8.323069e+03 8.176485e+03
1.4 8.250472e+03 8.299232e+03 8.302636e+03 8.253876e+03
2.4 8.382271e+03 8.288968e+03 8.264005e+03 8.357308e+03
3.4 8.250129e+03 8.289316e+03 8.241545e+03 8.202357e+03
4.4 8.252739e+03 8.303547e+03 8.252941e+03 8.202133e+03
5.4 8.379709e+03 8.285532e+03 8.272775e+03 8.366952e+03
6.4 8.344832e+03 8.278196e+03 8.286559e+03 8.353195e+03
7.4 8.207318e+03 8.269878e+03 8.293822e+03 8.231263e+03
8.4 8.331539e+03 8.273832e+03 8.306901e+03 8.364609e+03
9.4 8.302712e+03 8.295141e+03 8.331668e+03 8.339239e+03
10.4 8.180018e+03 8.268353e+03 8.342014e+03 8.253678e+03
11.4 8.308614e+03 8.260924e+03 8.328843e+03 8.376534e+03
12.4 8.396332e+03 8.268302e+03 8.312745e+03 8.440775e+03
13.4 8.299748e+03 8.298555e+03 8.302353e+03 8.303546e+03
14.4 8.344108e+03 8.319912e+03 8.274863e+03 8.299059e+03
15.4 8.330968e+03 8.330243e+03 8.241815e+03 8.242539e+03
16.4 8.242180e+03 8.313342e+03 8.259089e+03 8.187927e+03
17.4 8.334145e+03 8.297581e+03 8.291645e+03 8.328208e+03
0.4 8.331539e+03 8.273832e+03 8.306901e+03 8.364609e+03
1.4 8.302712e+03 8.295141e+03 8.331668e+03 8.339239e+03
2.4 8.180018e+03 8.268353e+03 8.342014e+03 8.253678e+03
3.4 8.308614e+03 8.260924e+03 8.328843e+03 8.376534e+03
4.4 8.396332e+03 8.268302e+03 8.312745e+03 8.440775e+03
5.4 8.299748e+03 8.298555e+03 8.302353e+03 8.303546e+03
6.4 8.344108e+03 8.319912e+03 8.274863e+03 8.299059e+03
7.4 8.330968e+03 8.330243e+03 8.241815e+03 8.242539e+03
8.4 8.242180e+03 8.313342e+03 8.259089e+03 8.187927e+03
9.4 8.334145e+03 8.297581e+03 8.291645e+03 8.328208e+03
10.4 8.336985e+03 8.298305e+03 8.289470e+03 8.328150e+03
11.4 8.296729e+03 8.299857e+03 8.298737e+03 8.295609e+03
12.4 8.330572e+03 8.334917e+03 8.322097e+03 8.317753e+03
13.4 8.440061e+03 8.317498e+03 8.324825e+03 8.447387e+03
14.4 8.435695e+03 8.324052e+03 8.304307e+03 8.415950e+03
15.4 8.178954e+03 8.293476e+03 8.266577e+03 8.152055e+03
16.4 8.296451e+03 8.291344e+03 8.248225e+03 8.253332e+03
17.4 8.197132e+03 8.285371e+03 8.266308e+03 8.178069e+03
0.1 8.302712e+03 8.295141e+03 8.331668e+03 8.339239e+03
1.1 8.180018e+03 8.268353e+03 8.342014e+03 8.253678e+03
2.1 8.308614e+03 8.260924e+03 8.328843e+03 8.376534e+03
3.1 8.396332e+03 8.268302e+03 8.312745e+03 8.440775e+03
4.1 8.299748e+03 8.298555e+03 8.302353e+03 8.303546e+03
5.1 8.344108e+03 8.319912e+03 8.274863e+03 8.299059e+03
6.1 8.330968e+03 8.330243e+03 8.241815e+03 8.242539e+03
7.1 8.242180e+03 8.313342e+03 8.259089e+03 8.187927e+03
8.1 8.334145e+03 8.297581e+03 8.291645e+03 8.328208e+03
9.1 8.336985e+03 8.298305e+03 8.289470e+03 8.328150e+03
10.1 8.296729e+03 8.299857e+03 8.298737e+03 8.295609e+03
11.1 8.330572e+03 8.334917e+03 8.322097e+03 8.317753e+03
12.1 8.440061e+03 8.317498e+03 8.324825e+03 8.447387e+03
13.1 8.435695e+03 8.324052e+03 8.304307e+03 8.415950e+03
14.1 8.178954e+03 8.293476e+03 8.266577e+03 8.152055e+03
15.1 8.296451e+03 8.291344e+03 8.248225e+03 8.253332e+03
16.1 8.197132e+03 8.285371e+03 8.266308e+03 8.178069e+03
17.1 8.425386e+03 8.312858e+03 8.314118e+03 8.426646e+03
1.0 8.308614e+03 8.260924e+03 8.328843e+03 8.376534e+03
2.0 8.396332e+03 8.268302e+03 8.312745e+03 8.440775e+03
3.0 8.299748e+03 8.298555e+03 8.302353e+03 8.303546e+03
4.0 8.344108e+03 8.319912e+03 8.274863e+03 8.299059e+03
5.0 8.330968e+03 8.330243e+03 8.241815e+03 8.242539e+03
6.0 8.242180e+03 8.313342e+03 8.259089e+03 8.187927e+03
7.0 8.334145e+03 8.297581e+03 8.291645e+03 8.328208e+03
8.0 8.336985e+03 8.298305e+03 8.289470e+03 8.328150e+03
9.0 8.296729e+03 8.299857e+03 8.298737e+03 8.295609e+03
10.0 8.330572e+03 8.334917e+03 8.322097e+03 8.317753e+03
11.0 8.440061e+03 8.317498e+03 8.324825e+03 8.447387e+03
12.0 8.435695e+03 8.324052e+03 8.304307e+03 8.415950e+03
13.0 8.178954e+03 8.293476e+03 8.266577e+03 8.152055e+03
14.0 8.296451e+03 8.291344e+03 8.248225e+03 8.253332e+03
15.0 8.197132e+03 8.285371e+03 8.266308e+03 8.178069e+03
16.0 8.425386e+03 8.312858e+03 8.314118e+03 8.426646e+03
17.0 8.238828e+03 8.277691e+03 8.340542e+03 8.301680e+03
18.0 8.329377e+03 8.279535e+03 8.318484e+03 8.368327e+03
0.9 8.396332e+03 8.268302e+03 8.312745e+03 8.440775e+03
1.9 8.299748e+03 8.298555e+03 8.302353e+03 8.303546e+03
2.9 8.344108e+03 8.319912e+03 8.274863e+03 8.299059e+03
3.9 8.330968e+03 8.330243e+03 8.241815e+03 8.242539e+03
4.9 8.242180e+03 8.313342e+03 8.259089e+03 8.187927e+03
5.9 8.334145e+03 8.297581e+03 8.291645e+03 8.328208e+03
6.9 8.336985e+03 8.298305e+03 8.289470e+03 8.328150e+03
7.9 8.296729e+03 8.299857e+03 8.298737e+03 8.295609e+03
8.9 8.330572e+03 8.334917e+03 8.322097e+03 8.317753e+03
9.9 8.440061e+03 8.317498e+03 8.324825e+03 8.447387e+03
10.9 8.435695e+03 8.324052e+03 8.304307e+03 8.415950e+03
11.9 8.178954e+03 8.293476e+03 8.266577e+03 8.152055e+03
12.9 8.296451e+03 8.291344e+03 8.248225e+03 8.253332e+03
13.9 8.197132e+03 8.285371e+03 8.266308e+03 8.178069e+03
14.9 8.425386e+03 8.312858e+03 8.314118e+03 8.426646e+03
15.9 8.238828e+03 8.277691e+03 8.340542e+03 8.301680e+03
16.9 8.329377e+03 8.279535e+03 8.318484e+03 8.368327e+03
17.9 8.185563e+03 8.283124e+03 8.303087e+03 8.205526e+03
0.9 8.299748e+03 8.298555e+03 8.302353e+03 8.303546e+03
1.9 8.344108e+03 8.319912e+03 8.274863e+03 8.299059e+03
2.9 8.330968e+03 8.330243e+03 8.241815e+03 8.242539e+03
3.9 8.242180e+03 8.313342e+03 8.259089e+03 8.187927e+03
4.9 8.334145e+03 8.297581e+03 8.291645e+03 8.328208e+03
5.9 8.336985e+03 8.298305e+03 8.289470e+03 8.328150e+03
6.9 8.296729e+03 8.299857e+03 8.298737e+03 8.295609e+03
7.9 8.330572e+03 8.334917e+03 8.322097e+03 8.317753e+03
8.9 8.440061e+03 8.317498e+03 8.324825e+03 8.447387e+03
9.9 8.435695e+03 8.324052e+03 8.304307e+03 8.415950e+03
10.9 8.178954e+03 8.293476e+03 8.266577e+03 8.152055e+03
11.9 8.296451e+03 8.291344e+03 8.248225e+03 8.253332e+03
12.9 8.197132e+03 8.285371e+03 8.266308e+03 8.178069e+03
13.9 8.425386e+03 8.312858e+03 8.314118e+03 8.426646e+03
14.9 8.238828e+03 8.277691e+03 8.340542e+03 8.301680e+03
15.9 8.329377e+03 8.279535e+03 8.318484e+03 8.368327e+03
16.9 8.185563e+03 8.283124e+03 8.303087e+03 8.205526e+03
17.9 8.105092e+03 8.308513e+03 8.296273e+03 8.092851e+03
0.8 8.242180e+03 8.313342e+03 8.259089e+03 8.187927e+03
1.8 8.334145e+03 8.297581e+03 8.291645e+03 8.328208e+03
2.8 8.336985e+03 8.298305e+03 8.289470e+03 8.328150e+03
3.8 8.296729e+03 8.299857e+03 8.298737e+03 8.295609e+03
4.8 8.330572e+03 8.334917e+03 8.322097e+03 8.317753e+03
5.8 8.440061e+03 8.317498e+03 8.324825e+03 8.447387e+03
6.8 8.435695e+03 8.324052e+03 8.304307e+03 8.415950e+03
7.8 8.178954e+03 8.293476e+03 8.266577e+03 8.152055e+03
8.8 8.296451e+03 8.291344e+03 8.248225e+03 8.253332e+03
9.8 8.197132e+03 8.285371e+03 8.266308e+03 8.178069e+03
10.8 8.425386e+03 8.312858e+03 8.314118e+03 8.426646e+03
11.8 8.238828e+03 8.277691e+03 8.340542e+03 8.301680e+03
12.8 8.329377e+03 8.279535e+03 8.318484e+03 8.368327e+03
13.8 8.185563e+03 8.283124e+03 8.303087e+03 8.205526e+03
14.8 8.105092e+03 8.308513e+03 8.296273e+03 8.092851e+03
15.8 8.275203e+03 8.287027e+03 8.268673e+03 8.256849e+03
16.8 8.323041e+03 8.292517e+03 8.249392e+03 8.279916e+03
17.8 8.257868e+03 8.298233e+03 8.259675e+03 8.219310e+03
0.1 8.336985e+03 8.298305e+03 8.289470e+03 8.328150e+03
1.1 8.296729e+03 8.299857e+03 8.298737e+03 8.295609e+03
2.1 8.330572e+03 8.334917e+03 8.322097e+03 8.317753e+03
3.1 8.440061e+03 8.317498e+03 8.324825e+03 8.447387e+03
4.1 8.435695e+03 8.324052e+03 8.304307e+03 8.415950e+03
5.1 8.178954e+03 8.293476e+03 8.266577e+03 8.152055e+03
6.1 8.296451e+03 8.291344e+03 8.248225e+03 8.253332e+03
7.1 8.197132e+03 8.285371e+03 8.266308e+03 8.178069e+03
8.1 8.425386e+03 8.312858e+03 8.314118e+03 8.426646e+03
9.1 8.238828e+03 8.277691e+03 8.340542e+03 8.301680e+03
10.1 8.329377e+03 8.279535e+03 8.318484e+03 8.368327e+03
11.1 8.185563e+03 8.283124e+03 8.303087e+03 8.205526e+03
12.1 8.105092e+03 8.308513e+03 8.296273e+03 8.092851e+03
13.1 8.275203e+03 8.287027e+03 8.268673e+03 8.256849e+03
14.1 8.323041e+03 8.292517e+03 8.249392e+03 8.279916e+03
15.1 8.257868e+03 8.298233e+03 8.259675e+03 8.219310e+03
16.1 8.310767e+03 8.301849e+03 8.278423e+03 8.287340e+03
17.1 8.162174e+03 8.277652e+03 8.308007e+03 8.192529e+03
0.8 8.330572e+03 8.334917e+03 8.322097e+03 8.317753e+03
1.8 8.440061e+03 8.317498e+03 8.324825e+03 8.447387e+03
2.8 8.435695e+03 8.324052e+03 8.304307e+03 8.415950e+03
3.8 8.178954e+03 8.293476e+03 8.266577e+03 8.152055e+03
4.8 8.296451e+03 8.291344e+03 8.248225e+03 8.253332e+03
5.8 8.197132e+03 8.285371e+03 8.266308e+03 8.178069e+03
6.8 8.425386e+03 8.312858e+03 8.314118e+03 8.426646e+03
7.8 8.238828e+03 8.277691e+03 8.340542e+03 8.301680e+03
8.8 8.329377e+03 8.279535e+03 8.318484e+03 8.368327e+03
9.8 8.185563e+03 8.283124e+03 8.303087e+03 8.205526e+03
10.8 8.105092e+03 8.308513e+03 8.296273e+03 8.092851e+03
11.8 8.275203e+03 8.287027e+03 8.268673e+03 8.256849e+03
12.8 8.323041e+03 8.292517e+03 8.249392e+03 8.279916e+03
13.8 8.257868e+03 8.298233e+03 8.259675e+03 8.219310e+03
14.8 8.310767e+03 8.301849e+03 8.278423e+03 8.287340e+03
15.8 8.162174e+03 8.277652e+03 8.308007e+03 8.192529e+03
16.8 8.364310e+03 8.298098e+03 8.329454e+03 8.395665e+03
17.8 8.193873e+03 8.269198e+03 8.326138e+03 8.250813e+03
0.6 8.440061e+03 8.317498e+03 8.324825e+03 8.447387e+03
1.6 8.435695e+03 8.324052e+03 8.304307e+03 8.415950e+03
2.6 8.178954e+03 8.293476e+03 8.266577e+03 8.152055e+03
3.6 8.296451e+03 8.291344e+03 8.248225e+03 8.253332e+03
4.6 8.197132e+03 8.285371e+03 8.266308e+03 8.178069e+03
5.6 8.425386e+03 8.312858e+03 8.314118e+03 8.426646e+03
6.6 8.238828e+03 8.277691e+03 8.340542e+03 8.301680e+03
7.6 8.329377e+03 8.279535e+03 8.318484e+03 8.368327e+03
8.6 8.185563e+03 8.283124e+03 8.303087e+03 8.205526e+03
9.6 8.105092e+03 8.308513e+03 8.296273e+03 8.092851e+03
10.6 8.275203e+03 8.287027e+03 8.268673e+03 8.256849e+03
11.6 8.323041e+03 8.292517e+03 8.249392e+03 8.279916e+03
12.6 8.257868e+03 8.298233e+03 8.259675e+03 8.219310e+03
13.6 8.310767e+03 8.301849e+03 8.278423e+03 8.287340e+03
14.6 8.162174e+03 8.277652e+03 8.308007e+03 8.192529e+03
15.6 8.364310e+03 8.298098e+03 8.329454e+03 8.395665e+03
16.6 8.193873e+03 8.269198e+03 8.326138e+03 8.250813e+03
17.6 8.168672e+03 8.269320e+03 8.311213e+03 8.210564e+03
0.2 8.197132e+03 8.285371e+03 8.266308e+03 8.178069e+03
1.2 8.425386e+03 8.312858e+03 8.314118e+03 8.426646e+03
2.2 8.238828e+03 8.277691e+03 8.340542e+03 8.301680e+03
3.2 8.329377e+03 8.279535e+03 8.318484e+03 8.368327e+03
4.2 8.185563e+03 8.283124e+03 8.303087e+03 8.205526e+03
5.2 8.105092e+03 8.308513e+03 8.296273e+03 8.092851e+03
6.2 8.275203e+03 8.287027e+03 8.268673e+03 8.256849e+03
7.2 8.323041e+03 8.292517e+03 8.249392e+03 8.279916e+03
8.2 8.257868e+03 8.298233e+03 8.259675e+03 8.219310e+03
9.2 8.310767e+03 8.301849e+03 8.278423e+03 8.287340e+03
10.2 8.162174e+03 8.277652e+03 8.308007e+03 8.192529e+03
11.2 8.364310e+03 8.298098e+03 8.329454e+03 8.395665e+03
12.2 8.193873e+03 8.269198e+03 8.326138e+03 8.250813e+03
13.2 8.168672e+03 8.269320e+03 8.311213e+03 8.210564e+03
14.2 8.313329e+03 8.269726e+03 8.305115e+03 8.348718e+03
15.2 8.273883e+03 8.268985e+03 8.306313e+03 8.311211e+03
16.2 8.246201e+03 8.295761e+03 8.279864e+03 8.230305e+03
17.2 8.303739e+03 8.275270e+03 8.252378e+03 8.280847e+03
0.4 8.425386e+03 8.312858e+03 8.314118e+03 8.426646e+03
1.4 8.238828e+03 8.277691e+03 8.340542e+03 8.301680e+03
2.4 8.329377e+03 8.279535e+03 8.318484e+03 8.368327e+03
3.4 8.185563e+03 8.283124e+03 8.303087e+03 8.205526e+03
4.4 8.105092e+03 8.308513e+03 8.296273e+03 8.092851e+03
5.4 8.275203e+03 8.287027e+03 8.268673e+03 8.256849e+03
6.4 8.323041e+03 8.292517e+03 8.249392e+03 8.279916e+03
7.4 8.257868e+03 8.298233e+03 8.259675e+03 8.219310e+03
8.4 8.310767e+03 8.301849e+03 8.278423e+03 8.287340e+03
9.4 8.162174e+03 8.277652e+03 8.308007e+03 8.192529e+03
10.4 8.364310e+03 8.298098e+03 8.329454e+03 8.395665e+03
11.4 8.193873e+03 8.269198e+03 8.326138e+03 8.250813e+03
12.4 8.168672e+03 8.269320e+03 8.311213e+03 8.210564e+03
13.4 8.313329e+03 8.269726e+03 8.305115e+03 8.348718e+03
14.4 8.273883e+03 8.268985e+03 8.306313e+03 8.311211e+03
15.4 8.246201e+03 8.295761e+03 8.279864e+03 8.230305e+03
16.4 8.303739e+03 8.275270e+03 8.252378e+03 8.280847e+03
17.4 8.388034e+03 8.324256e+03 8.266946e+03 8.330725e+03
0.7 8.329377e+03 8.279535e+03 8.318484e+03 8.368327e+03
1.7 8.185563e+03 8.283124e+03 8.303087e+03 8.205526e+03
2.7 8.105092e+03 8.308513e+03 8.296273e+03 8.092851e+03
3.7 8.275203e+03 8.287027e+03 8.268673e+03 8.256849e+03
4.7 8.323041e+03 8.292517e+03 8.249392e+03 8.279916e+03
5.7 8.257868e+03 8.298233e+03 8.259675e+03 8.219310e+03
6.7 8.310767e+03 8.301849e+03 8.278423e+03 8.287340e+03
7.7 8.162174e+03 8.277652e+03 8.308007e+03 8.192529e+03
8.7 8.364310e+03 8.298098e+03 8.329454e+03 8.395665e+03
9.7 8.193873e+03 8.269198e+03 8.326138e+03 8.250813e+03
10.7 8.168672e+03 8.269320e+03 8.311213e+03 8.210564e+03
11.7 8.313329e+03 8.269726e+03 8.305115e+03 8.348718e+03
12.7 8.273883e+03 8.268985e+03 8.306313e+03 8.311211e+03
13.7 8.246201e+03 8.295761e+03 8.279864e+03 8.230305e+03
14.7 8.303739e+03 8.275270e+03 8.252378e+03 8.280847e+03
15.7 8.388034e+03 8.324256e+03 8.266946e+03 8.330725e+03
16.7 8.340153e+03 8.314527e+03 8.302664e+03 8.328291e+03
17.7 8.206314e+03 8.245964e+03 8.302121e+03 8.262472e+03
0.5 8.185563e+03 8.283124e+03 8.303087e+03 8.205526e+03
1.5 8.105092e+03 8.308513e+03 8.296273e+03 8.092851e+03
2.5 8.275203e+03 8.287027e+03 8.268673e+03 8.256849e+03
3.5 8.323041e+03 8.292517e+03 8.249392e+03 8.279916e+03
4.5 8.257868e+03 8.298233e+03 8.259675e+03 8.219310e+03
5.5 8.310767e+03 8.301849e+03 8.278423e+03 8.287340e+03
6.5 8.162174e+03 8.277652e+03 8.308007e+03 8.192529e+03
7.5 8.364310e+03 8.298098e+03 8.329454e+03 8.395665e+03
8.5 8.193873e+03 8.269198e+03 8.326138e+03 8.250813e+03
9.5 8.168672e+03 8.269320e+03 8.311213e+03 8.210564e+03
10.5 8.313329e+03 8.269726e+03 8.305115e+03 8.348718e+03
11.5 8.273883e+03 8.268985e+03 8.306313e+03 8.311211e+03
12.5 8.246201e+03 8.295761e+03 8.279864e+03 8.230305e+03
13.5 8.303739e+03 8.275270e+03 8.252378e+03 8.280847e+03
14.5 8.388034e+03 8.324256e+03 8.266946e+03 8.330725e+03
15.5 8.340153e+03 8.314527e+03 8.302664e+03 8.328291e+03
16.5 8.206314e+03 8.245964e+03 8.302121e+03 8.262472e+03
17.5 8.219175e+03 8.297473e+03 8.278504e+03 8.200206e+03
0.8 8.162174e+03 8.277652e+03 8.308007e+03 8.192529e+03
1.8 8.364310e+03 8.298098e+03 8.329454e+03 8.395665e+03
2.8 8.193873e+03 8.269198e+03 8.326138e+03 8.250813e+03
3.8 8.168672e+03 8.269320e+03 8.311213e+03 8.210564e+03
4.8 8.313329e+03 8.269726e+03 8.305115e+03 8.348718e+03
5.8 8.273883e+03 8.268985e+03 8.306313e+03 8.311211e+03
6.8 8.246201e+03 8.295761e+03 8.279864e+03 8.230305e+03
7.8 8.303739e+03 8.275270e+03 8.252378e+03 8.280847e+03
8.8 8.388034e+03 8.324256e+03 8.266946e+03 8.330725e+03
9.8 8.340153e+03 8.314527e+03 8.302664e+03 8.328291e+03
10.8 8.206314e+03 8.245964e+03 8.302121e+03 8.262472e+03
11.8 8.219175e+03 8.297473e+03 8.278504e+03 8.200206e+03
12.8 8.326170e+03 8.324600e+03 8.277531e+03 8.279101e+03
13.8 8.355832e+03 8.308682e+03 8.308067e+03 8.355217e+03
14.8 8.428116e+03 8.343686e+03 8.342763e+03 8.427193e+03
15.8 8.302602e+03 8.280452e+03 8.320868e+03 8.343018e+03
16.8 8.305432e+03 8.245350e+03 8.269772e+03 8.329853e+03
17.8 8.160683e+03 8.254988e+03 8.258422e+03 8.164116e+03
0.1 8.364310e+03 8.298098e+03 8.329454e+03 8.395665e+03
1.1 8.193873e+03 8.269198e+03 8.326138e+03 8.250813e+03
2.1 8.168672e+03 8.269320e+03 8.311213e+03 8.210564e+03
3.1 8.313329e+03 8.269726e+03 8.305115e+03 8.348718e+03
4.1 8.273883e+03 8.268985e+03 8.306313e+03 8.311211e+03
5.1 8.246201e+03 8.295761e+03 8.279864e+03 8.230305e+03
6.1 8.303739e+03 8.275270e+03 8.252378e+03 8.280847e+03
7.1 8.388034e+03 8.324256e+03 8.266946e+03 8.330725e+03
8.1 8.340153e+03 8.314527e+03 8.302664e+03 8.328291e+03
9.1 8.206314e+03 8.245964e+03 8.302121e+03 8.262472e+03
10.1 8.219175e+03 8.297473e+03 8.278504e+03 8.200206e+03
11.1 8.326170e+03 8.324600e+03 8.277531e+03 8.279101e+03
12.1 8.355832e+03 8.308682e+03 8.308067e+03 8.355217e+03
13.1 8.428116e+03 8.343686e+03 8.342763e+03 8.427193e+03
14.1 8.302602e+03 8.280452e+03 8.320868e+03 8.343018e+03
15.1 8.305432e+03 8.245350e+03 8.269772e+03 8.329853e+03
16.1 8.160683e+03 8.254988e+03 8.258422e+03 8.164116e+03
17.1 8.394478e+03 8.354544e+03 8.291324e+03 8.331257e+03
0.4 8.168672e+03 8.269320e+03 8.311213e+03 8.210564e+03
1.4 8.313329e+03 8.269726e+03 8.305115e+03 8.348718e+03
2.4 8.273883e+03 8.268985e+03 8.306313e+03 8.311211e+03
3.4 8.246201e+03 8.295761e+03 8.279864e+03 8.230305e+03
4.4 8.303739e+03 8.275270e+03 8.252378e+03 8.280847e+03
5.4 8.388034e+03 8.324256e+03 8.266946e+03 8.330725e+03
6.4 8.340153e+03 8.314527e+03 8.302664e+03 8.328291e+03
7.4 8.206314e+03 8.245964e+03 8.302121e+03 8.262472e+03
8.4 8.219175e+03 8.297473e+03 8.278504e+03 8.200206e+03
9.4 8.326170e+03 8.324600e+03 8.277531e+03 8.279101e+03
10.4 8.355832e+03 8.308682e+03 8.308067e+03 8.355217e+03
11.4 8.428116e+03 8.343686e+03 8.342763e+03 8.427193e+03
12.4 8.302602e+03 8.280452e+03 8.320868e+03 8.343018e+03
13.4 8.305432e+03 8.245350e+03 8.269772e+03 8.329853e+03
14.4 8.160683e+03 8.254988e+03 8.258422e+03 8.164116e+03
15.4 8.394478e+03 8.354544e+03 8.291324e+03 8.331257e+03
16.4 8.331203e+03 8.320983e+03 8.305634e+03 8.315855e+03
17.4 8.246118e+03 8.273854e+03 8.282604e+03 8.254869e+03
0.2 8.313329e+03 8.269726e+03 8.305115e+03 8.348718e+03
1.2 8.273883e+03 8.268985e+03 8.306313e+03 8.311211e+03
2.2 8.246201e+03 8.295761e+03 8.279864e+03 8.230305e+03
3.2 8.303739e+03 8.275270e+03 8.252378e+03 8.280847e+03
4.2 8.388034e+03 8.324256e+03 8.266946e+03 8.330725e+03
5.2 8.340153e+03 8.314527e+03 8.302664e+03 8.328291e+03
6.2 8.206314e+03 8.245964e+03 8.302121e+03 8.262472e+03
7.2 8.219175e+03 8.297473e+03 8.278504e+03 8.200206e+03
8.2 8.326170e+03 8.324600e+03 8.277531e+03 8.279101e+03
9.2 8.355832e+03 8.308682e+03 8.308067e+03 8.355217e+03
10.2 8.428116e+03 8.343686e+03 8.342763e+03 8.427193e+03
11.2 8.302602e+03 8.280452e+03 8.320868e+03 8.343018e+03
12.2 8.305432e+03 8.245350e+03 8.269772e+03 8.329853e+03
13.2 8.160683e+03 8.254988e+03 8.258422e+03 8.164116e+03
14.2 8.394478e+03 8.354544e+03 8.291324e+03 8.331257e+03
15.2 8.331203e+03 8.320983e+03 8.305634e+03 8.315855e+03
16.2 8.246118e+03 8.273854e+03 8.282604e+03 8.254869e+03
17.2 8.423094e+03 8.316113e+03 8.272403e+03 8.379385e+03
0.4 8.388034e+03 8.324256e+03 8.266946e+03 8.330725e+03
1.4 8.340153e+03 8.314527e+03 8.302664e+03 8.328291e+03
2.4 8.206314e+03 8.245964e+03 8.302121e+03 8.262472e+03
3.4 8.219175e+03 8.297473e+03 8.278504e+03 8.200206e+03
4.4 8.326170e+03 8.324600e+03 8.277531e+03 8.279101e+03
5.4 8.355832e+03 8.308682e+03 8.308067e+03 8.355217e+03
6.4 8.428116e+03 8.343686e+03 8.342763e+03 8.427193e+03
7.4 8.302602e+03 8.280452e+03 8.320868e+03 8.343018e+03
8.4 8.305432e+03 8.245350e+03 8.269772e+03 8.329853e+03
9.4 8.160683e+03 8.254988e+03 8.258422e+03 8.164116e+03
10.4 8.394478e+03 8.354544e+03 8.291324e+03 8.331257e+03
11.4 8.331203e+03 8.320983e+03 8.305634e+03 8.315855e+03
12.4 8.246118e+03 8.273854e+03 8.282604e+03 8.254869e+03
13.4 8.423094e+03 8.316113e+03 8.272403e+03 8.379385e+03
14.4 8.367298e+03 8.336041e+03 8.282294e+03 8.313550e+03
15.4 8.357662e+03 8.327038e+03 8.311492e+03 8.342116e+03
16.4 8.275793e+03 8.290434e+03 8.320965e+03 8.306324e+03
17.4 8.285862e+03 8.251474e+03 8.290775e+03 8.325163e+03
0.9 8.355832e+03 8.308682e+03 8.308067e+03 8.355217e+03
1.9 8.428116e+03 8.343686e+03 8.342763e+03 8.427193e+03
2.9 8.302602e+03 8.280452e+03 8.320868e+03 8.343018e+03
3.9 8.305432e+03 8.245350e+03 8.269772e+03 8.329853e+03
4.9 8.160683e+03 8.254988e+03 8.258422e+03 8.164116e+03
5.9 8.394478e+03 8.354544e+03 8.291324e+03 8.331257e+03
6.9 8.331203e+03 8.320983e+03 8.305634e+03 8.315855e+03
7.9 8.246118e+03 8.273854e+03 8.282604e+03 8.254869e+03
8.9 8.423094e+03 8.316113e+03 8.272403e+03 8.379385e+03
9.9 8.367298e+03 8.336041e+03 8.282294e+03 8.313550e+03
10.9 8.357662e+03 8.327038e+03 8.311492e+03 8.342116e+03
11.9 8.275793e+03 8.290434e+03 8.320965e+03 8.306324e+03
12.9 8.285862e+03 8.251474e+03 8.290775e+03 8.325163e+03
13.9 8.258924e+03 8.280450e+03 8.272207e+03 8.250681e+03
14.9 8.232712e+03 8.296676e+03 8.276512e+03 8.212547e+03
15.9 8.191663e+03 8.264289e+03 8.284763e+03 8.212137e+03
16.9 8.276537e+03 8.303947e+03 8.296206e+03 8.268796e+03
17.9 8.299551e+03 8.345040e+03 8.321743e+03 8.276253e+03
1.0 8.428116e+03 8.343686e+03 8.342763e+03 8.427193e+03
2.0 8.302602e+03 8.280452e+03 8.320868e+03 8.343018e+03
3.0 8.305432e+03 8.245350e+03 8.269772e+03 8.329853e+03
4.0 8.160683e+03 8.254988e+03 8.258422e+03 8.164116e+03
5.0 8.394478e+03 8.354544e+03 8.291324e+03 8.331257e+03
6.0 8.331203e+03 8.320983e+03 8.305634e+03 8.315855e+03
7.0 8.246118e+03 8.273854e+03 8.282604e+03 8.254869e+03
8.0 8.423094e+03 8.316113e+03 8.272403e+03 8.379385e+03
9.0 8.367298e+03 8.336041e+03 8.282294e+03 8.313550e+03
10.0 8.357662e+03 8.327038e+03 8.311492e+03 8.342116e+03
11.0 8.275793e+03 8.290434e+03 8.320965e+03 8.306324e+03
12.0 8.285862e+03 8.251474e+03 8.290775e+03 8.325163e+03
13.0 8.258924e+03 8.280450e+03 8.272207e+03 8.250681e+03
14.0 8.232712e+03 8.296676e+03 8.276512e+03 8.212547e+03
15.0 8.191663e+03 8.264289e+03 8.284763e+03 8.212137e+03
16.0 8.276537e+03 8.303947e+03 8.296206e+03 8.268796e+03
17.0 8.299551e+03 8.345040e+03 8.321743e+03 8.276253e+03
18.0 8.442292e+03 8.348469e+03 8.341232e+03 8.435054e+03
0.1 8.160683e+03 8.254988e+03 8.258422e+03 8.164116e+03
1.1 8.394478e+03 8.354544e+03 8.291324e+03 8.331257e+03
2.1 8.331203e+03 8.320983e+03 8.305634e+03 8.315855e+03
3.1 8.246118e+03 8.273854e+03 8.282604e+03 8.254869e+03
4.1 8.423094e+03 8.316113e+03 8.272403e+03 8.379385e+03
5.1 8.367298e+03 8.336041e+03 8.282294e+03 8.313550e+03
6.1 8.357662e+03 8.327038e+03 8.311492e+03 8.342116e+03
7.1 8.275793e+03 8.290434e+03 8.320965e+03 8.306324e+03
8.1 8.285862e+03 8.251474e+03 8.290775e+03 8.325163e+03
9.1 8.258924e+03 8.280450e+03 8.272207e+03 8.250681e+03
10.1 8.232712e+03 8.296676e+03 8.276512e+03 8.212547e+03
11.1 8.191663e+03 8.264289e+03 8.284763e+03 8.212137e+03
12.1 8.276537e+03 8.303947e+03 8.296206e+03 8.268796e+03
13.1 8.299551e+03 8.345040e+03 8.321743e+03 8.276253e+03
14.1 8.442292e+03 8.348469e+03 8.341232e+03 8.435054e+03
15.1 8.333507e+03 8.324574e+03 8.336434e+03 8.345366e+03
16.1 8.284425e+03 8.287365e+03 8.299782e+03 8.296841e+03
17.1 8.300288e+03 8.247623e+03 8.254657e+03 8.307322e+03
1.0 8.357662e+03 8.327038e+03 8.311492e+03 8.342116e+03
2.0 8.275793e+03 8.290434e+03 8.320965e+03 8.306324e+03
3.0 8.285862e+03 8.251474e+03 8.290775e+03 8.325163e+03
4.0 8.258924e+03 8.280450e+03 8.272207e+03 8.250681e+03
5.0 8.232712e+03 8.296676e+03 8.276512e+03 8.212547e+03
6.0 8.191663e+03 8.264289e+03 8.284763e+03 8.212137e+03
7.0 8.276537e+03 8.303947e+03 8.296206e+03 8.268796e+03
8.0 8.299551e+03 8.345040e+03 8.321743e+03 8.276253e+03
9.0 8.442292e+03 8.348469e+03 8.341232e+03 8.435054e+03
10.0 8.333507e+03 8.324574e+03 8.336434e+03 8.345366e+03
11.0 8.284425e+03 8.287365e+03 8.299782e+03 8.296841e+03
12.0 8.300288e+03 8.247623e+03 8.254657e+03 8.307322e+03
13.0 8.313974e+03 8.261690e+03 8.261432e+03 8.313715e+03
14.0 8.286801e+03 8.286565e+03 8.311261e+03 8.311497e+03
15.0 8.197561e+03 8.286398e+03 8.336651e+03 8.247814e+03
16.0 8.195557e+03 8.254222e+03 8.324355e+03 8.265689e+03
17.0 8.283444e+03 8.283918e+03 8.299274e+03 8.298800e+03
18.0 8.287272e+03 8.285018e+03 8.281299e+03 8.283554e+03
0.2 8.276537e+03 8.303947e+03 8.296206e+03 8.268796e+03
1.2 8.299551e+03 8.345040e+03 8.321743e+03 8.276253e+03
2.2 8.442292e+03 8.348469e+03 8.341232e+03 8.435054e+03
3.2 8.333507e+03 8.324574e+03 8.336434e+03 8.345366e+03
4.2 8.284425e+03 8.287365e+03 8.299782e+03 8.296841e+03
5.2 8.300288e+03 8.247623e+03 8.254657e+03 8.307322e+03
6.2 8.313974e+03 8.261690e+03 8.261432e+03 8.313715e+03
7.2 8.286801e+03 8.286565e+03 8.311261e+03 8.311497e+03
8.2 8.197561e+03 8.286398e+03 8.336651e+03 8.247814e+03
9.2 8.195557e+03 8.254222e+03 8.324355e+03 8.265689e+03
10.2 8.283444e+03 8.283918e+03 8.299274e+03 8.298800e+03
11.2 8.287272e+03 8.285018e+03 8.281299e+03 8.283554e+03
12.2 8.282351e+03 8.331158e+03 8.264090e+03 8.215283e+03
13.2 8.353521e+03 8.302630e+03 8.247143e+03 8.298034e+03
14.2 8.267438e+03 8.323529e+03 8.255020e+03 8.198928e+03
15.2 8.364838e+03 8.323055e+03 8.280205e+03 8.321988e+03
16.2 8.273415e+03 8.308650e+03 8.315444e+03 8.280209e+03
17.2 8.306952e+03 8.267154e+03 8.319508e+03 8.359307e+03
0.9 8.442292e+03 8.348469e+03 8.341232e+03 8.435054e+03
1.9 8.333507e+03 8.324574e+03 8.336434e+03 8.345366e+03
2.9 8.284425e+03 8.287365e+03 8.299782e+03 8.296841e+03
3.9 8.300288e+03 8.247623e+03 8.254657e+03 8.307322e+03
4.9 8.313974e+03 8.261690e+03 8.261432e+03 8.313715e+03
5.9 8.286801e+03 8.286565e+03 8.311261e+03 8.311497e+03
6.9 8.197561e+03 8.286398e+03 8.336651e+03 8.247814e+03
7.9 8.195557e+03 8.254222e+03 8.324355e+03 8.265689e+03
8.9 8.283444e+03 8.283918e+03 8.299274e+03 8.298800e+03
9.9 8.287272e+03 8.285018e+03 8.281299e+03 8.283554e+03
10.9 8.282351e+03 8.331158e+03 8.264090e+03 8.215283e+03
11.9 8.353521e+03 8.302630e+03 8.247143e+03 8.298034e+03
12.9 8.267438e+03 8.323529e+03 8.255020e+03 8.198928e+03
13.9 8.364838e+03 8.323055e+03 8.280205e+03 8.321988e+03
14.9 8.273415e+03 8.308650e+03 8.315444e+03 8.280209e+03
15.9 8.306952e+03 8.267154e+03 8.319508e+03 8.359307e+03
16.9 8.333035e+03 8.254600e+03 8.289982e+03 8.368418e+03
17.9 8.387646e+03 8.322645e+03 8.278016e+03 8.343018e+03
0.9 8.333507e+03 8.324574e+03 8.336434e+03 8.345366e+03
1.9 8.284425e+03 8.287365e+03 8.299782e+03 8.296841e+03
2.9 8.300288e+03 8.247623e+03 8.254657e+03 8.307322e+03
3.9 8.313974e+03 8.261690e+03 8.261432e+03 8.313715e+03
4.9 8.286801e+03 8.286565e+03 8.311261e+03 8.311497e+03
5.9 8.197561e+03 8.286398e+03 8.336651e+03 8.247814e+03
6.9 8.195557e+03 8.254222e+03 8.324355e+03 8.265689e+03
7.9 8.283444e+03 8.283918e+03 8.299274e+03 8.298800e+03
8.9 8.287272e+03 8.285018e+03 8.281299e+03 8.283554e+03
9.9 8.282351e+03 8.331158e+03 8.264090e+03 8.215283e+03
10.9 8.353521e+03 8.302630e+03 8.247143e+03 8.298034e+03
11.9 8.267438e+03 8.323529e+03 8.255020e+03 8.198928e+03
12.9 8.364838e+03 8.323055e+03 8.280205e+03 8.321988e+03
13.9 8.273415e+03 8.308650e+03 8.315444e+03 8.280209e+03
14.9 8.306952e+03 8.267154e+03 8.319508e+03 8.359307e+03
15.9 8.333035e+03 8.254600e+03 8.289982e+03 8.368418e+03
16.9 8.387646e+03 8.322645e+03 8.278016e+03 8.343018e+03
17.9 8.284445e+03 8.307904e+03 8.283237e+03 8.259778e+03
0.6 8.313974e+03 8.261690e+03 8.261432e+03 8.313715e+03
1.6 8.286801e+03 8.286565e+03 8.311261e+03 8.311497e+03
2.6 8.197561e+03 8.286398e+03 8.336651e+03 8.247814e+03
3.6 8.195557e+03 8.254222e+03 8.324355e+03 8.265689e+03
4.6 8.283444e+03 8.283918e+03 8.299274e+03 8.298800e+03
5.6 8.287272e+03 8.285018e+03 8.281299e+03 8.283554e+03
6.6 8.282351e+03 8.331158e+03 8.264090e+03 8.215283e+03
7.6 8.353521e+03 8.302630e+03 8.247143e+03 8.298034e+03
8.6 8.267438e+03 8.323529e+03 8.255020e+03 8.198928e+03
9.6 8.364838e+03 8.323055e+03 8.280205e+03 8.321988e+03
10.6 8.273415e+03 8.308650e+03 8.315444e+03 8.280209e+03
11.6 8.306952e+03 8.267154e+03 8.319508e+03 8.359307e+03
12.6 8.333035e+03 8.254600e+03 8.289982e+03 8.368418e+03
13.6 8.387646e+03 8.322645e+03 8.278016e+03 8.343018e+03
14.6 8.284445e+03 8.307904e+03 8.283237e+03 8.259778e+03
15.6 8.271326e+03 8.265003e+03 8.289773e+03 8.296096e+03
16.6 8.231206e+03 8.284908e+03 8.293839e+03 8.240137e+03
17.6 8.232251e+03 8.309221e+03 8.296070e+03 8.219101e+03
0.7 8.286801e+03 8.286565e+03 8.311261e+03 8.311497e+03
1.7 8.197561e+03 8.286398e+03 8.336651e+03 8.247814e+03
2.7 8.195557e+03 8.254222e+03 8.324355e+03 8.265689e+03
3.7 8.283444e+03 8.283918e+03 8.299274e+03 8.298800e+03
4.7 8.287272e+03 8.285018e+03 8.281299e+03 8.283554e+03
5.7 8.282351e+03 8.331158e+03 8.264090e+03 8.215283e+03
6.7 8.353521e+03 8.302630e+03 8.247143e+03 8.298034e+03
7.7 8.267438e+03 8.323529e+03 8.255020e+03 8.198928e+03
8.7 8.364838e+03 8.323055e+03 8.280205e+03 8.321988e+03
9.7 8.273415e+03 8.308650e+03 8.315444e+03 8.280209e+03
10.7 8.306952e+03 8.267154e+03 8.319508e+03 8.359307e+03
11.7 8.333035e+03 8.254600e+03 8.289982e+03 8.368418e+03
12.7 8.387646e+03 8.322645e+03 8.278016e+03 8.343018e+03
13.7 8.284445e+03 8.307904e+03 8.283237e+03 8.259778e+03
14.7 8.271326e+03 8.265003e+03 8.289773e+03 8.296096e+03
15.7 8.231206e+03 8.284908e+03 8.293839e+03 8.240137e+03
16.7 8.232251e+03 8.309221e+03 8.296070e+03 8.219101e+03
17.7 8.296787e+03 8.294824e+03 8.296970e+03 8.298933e+03
0.7 8.197561e+03 8.286398e+03 8.336651e+03 8.247814e+03
1.7 8.195557e+03 8.254222e+03 8.324355e+03 8.265689e+03
2.7 8.283444e+03 8.283918e+03 8.299274e+03 8.298800e+03
3.7 8.287272e+03 8.285018e+03 8.281299e+03 8.283554e+03
4.7 8.282351e+03 8.331158e+03 8.264090e+03 8.215283e+03
5.7 8.353521e+03 8.302630e+03 8.247143e+03 8.298034e+03
6.7 8.267438e+03 8.323529e+03 8.255020e+03 8.198928e+03
7.7 8.364838e+03 8.323055e+03 8.280205e+03 8.321988e+03
8.7 8.273415e+03 8.308650e+03 8.315444e+03 8.280209e+03
9.7 8.306952e+03 8.267154e+03 8.319508e+03 8.359307e+03
10.7 8.333035e+03 8.254600e+03 8.289982e+03 8.368418e+03
11.7 8.387646e+03 8.322645e+03 8.278016e+03 8.343018e+03
12.7 8.284445e+03 8.307904e+03 8.283237e+03 8.259778e+03
13.7 8.271326e+03 8.265003e+03 8.289773e+03 8.296096e+03
14.7 8.231206e+03 8.284908e+03 8.293839e+03 8.240137e+03
15.7 8.232251e+03 8.309221e+03 8.296070e+03 8.219101e+03
16.7 8.296787e+03 8.294824e+03 8.296970e+03 8.298933e+03
17.7 8.419943e+03 8.342531e+03 8.296928e+03 8.374340e+03
0.7 8.195557e+03 8.254222e+03 8.324355e+03 8.265689e+03
1.7 8.283444e+03 8.283918e+03 8.299274e+03 8.298800e+03
2.7 8.287272e+03 8.285018e+03 8.281299e+03 8.283554e+03
3.7 8.282351e+03 8.331158e+03 8.264090e+03 8.215283e+03
4.7 8.353521e+03 8.302630e+03 8.247143e+03 8.298034e+03
5.7 8.267438e+03 8.323529e+03 8.255020e+03 8.198928e+03
6.7 8.364838e+03 8.323055e+03 8.280205e+03 8.321988e+03
7.7 8.273415e+03 8.308650e+03 8.315444e+03 8.280209e+03
8.7 8.306952e+03 8.267154e+03 8.319508e+03 8.359307e+03
9.7 8.333035e+03 8.254600e+03 8.289982e+03 8.368418e+03
10.7 8.387646e+03 8.322645e+03 8.278016e+03 8.343018e+03
11.7 8.284445e+03 8.307904e+03 8.283237e+03 8.259778e+03
12.7 8.271326e+03 8.265003e+03 8.289773e+03 8.296096e+03
13.7 8.231206e+03 8.284908e+03 8.293839e+03 8.240137e+03
14.7 8.232251e+03 8.309221e+03 8.296070e+03 8.219101e+03
15.7 8.296787e+03 8.294824e+03 8.296970e+03 8.298933e+03
16.7 8.419943e+03 8.342531e+03 8.296928e+03 8.374340e+03
17.7 8.268553e+03 8.286013e+03 8.296435e+03 8.278975e+03
0.2 8.283444e+03 8.283918e+03 8.299274e+03 8.298800e+03
1.2 8.287272e+03 8.285018e+03 8.281299e+03 8.283554e+03
2.2 8.282351e+03 8.331158e+03 8.264090e+03 8.215283e+03
3.2 8.353521e+03 8.302630e+03 8.247143e+03 8.298034e+03
4.2 8.267438e+03 8.323529e+03 8.255020e+03 8.198928e+03
5.2 8.364838e+03 8.323055e+03 8.280205e+03 8.321988e+03
6.2 8.273415e+03 8.308650e+03 8.315444e+03 8.280209e+03
7.2 8.306952e+03 8.267154e+03 8.319508e+03 8.359307e+03
8.2 8.333035e+03 8.254600e+03 8.289982e+03 8.368418e+03
9.2 8.387646e+03 8.322645e+03 8.278016e+03 8.343018e+03
10.2 8.284445e+03 8.307904e+03 8.283237e+03 8.259778e+03
11.2 8.271326e+03 8.265003e+03 8.289773e+03 8.296096e+03
12.2 8.231206e+03 8.284908e+03 8.293839e+03 8.240137e+03
13.2 8.232251e+03 8.309221e+03 8.296070e+03 8.219101e+03
14.2 8.296787e+03 8.294824e+03 8.296970e+03 8.298933e+03
15.2 8.419943e+03 8.342531e+03 8.296928e+03 8.374340e+03
16.2 8.268553e+03 8.286013e+03 8.296435e+03 8.278975e+03
17.2 8.259054e+03 8.292378e+03 8.295883e+03 8.262559e+03
0.2 8.364838e+03 8.323055e+03 8.280205e+03 8.321988e+03
1.2 8.273415e+03 8.308650e+03 8.315444e+03 8.280209e+03
2.2 8.306952e+03 8.267154e+03 8.319508e+03 8.359307e+03
3.2 8.333035e+03 8.254600e+03 8.289982e+03 8.368418e+03
4.2 8.387646e+03 8.322645e+03 8.278016e+03 8.343018e+03
5.2 8.284445e+03 8.307904e+03 8.283237e+03 8.259778e+03
6.2 8.271326e+03 8.265003e+03 8.289773e+03 8.296096e+03
7.2 8.231206e+03 8.284908e+03 8.293839e+03 8.240137e+03
8.2 8.232251e+03 8.309221e+03 8.296070e+03 8.219101e+03
9.2 8.296787e+03 8.294824e+03 8.296970e+03 8.298933e+03
10.2 8.419943e+03 8.342531e+03 8.296928e+03 8.374340e+03
11.2 8.268553e+03 8.286013e+03 8.296435e+03 8.278975e+03
12.2 8.259054e+03 8.292378e+03 8.295883e+03 8.262559e+03
13.2 8.286025e+03 8.293825e+03 8.295436e+03 8.287637e+03
14.2 8.282195e+03 8.303840e+03 8.295108e+03 8.273463e+03
15.2 8.274351e+03 8.297365e+03 8.294869e+03 8.271854e+03
16.2 8.353875e+03 8.308713e+03 8.294688e+03 8.339850e+03
17.2 8.331959e+03 8.288234e+03 8.294545e+03 8.338270e+03
0.8 8.349732e+03 8.286747e+03 8.313429e+03 8.376415e+03
1.8 8.338970e+03 8.292983e+03 8.330460e+03 8.376447e+03
2.8 8.284910e+03 8.322036e+03 8.323972e+03 8.286846e+03
3.8 8.376601e+03 8.293318e+03 8.295141e+03 8.378424e+03
4.8 8.295688e+03 8.300343e+03 8.262388e+03 8.257733e+03
5.8 8.249430e+03 8.311066e+03 8.258576e+03 8.196940e+03
6.8 8.333220e+03 8.326156e+03 8.271798e+03 8.278862e+03
7.8 8.385197e+03 8.307568e+03 8.283902e+03 8.361531e+03
8.8 8.222551e+03 8.290481e+03 8.291210e+03 8.223280e+03
9.8 8.231546e+03 8.268940e+03 8.294832e+03 8.257438e+03
10.8 8.316184e+03 8.283168e+03 8.295994e+03 8.329010e+03
11.8 8.273130e+03 8.274669e+03 8.295763e+03 8.294224e+03
12.8 8.314152e+03 8.313227e+03 8.295019e+03 8.295945e+03
13.8 8.214081e+03 8.279896e+03 8.294304e+03 8.228489e+03
14.8 8.272459e+03 8.302605e+03 8.293809e+03 8.263663e+03
15.8 8.367680e+03 8.294112e+03 8.293522e+03 8.367089e+03
16.8 8.228725e+03 8.316897e+03 8.293379e+03 8.205207e+03
17.8 8.306229e+03 8.332633e+03 8.293325e+03 8.266921e+03
0.2 8.338970e+03 8.292983e+03 8.330460e+03 8.376447e+03
1.2 8.284910e+03 8.322036e+03 8.323972e+03 8.286846e+03
2.2 8.376601e+03 8.293318e+03 8.295141e+03 8.378424e+03
3.2 8.295688e+03 8.300343e+03 8.262388e+03 8.257733e+03
4.2 8.249430e+03 8.311066e+03 8.258576e+03 8.196940e+03
5.2 8.333220e+03 8.326156e+03 8.271798e+03 8.278862e+03
6.2 8.385197e+03 8.307568e+03 8.283902e+03 8.361531e+03
7.2 8.222551e+03 8.290481e+03 8.291210e+03 8.223280e+03
8.2 8.231546e+03 8.268940e+03 8.294832e+03 8.257438e+03
9.2 8.316184e+03 8.283168e+03 8.295994e+03 8.329010e+03
10.2 8.273130e+03 8.274669e+03 8.295763e+03 8.294224e+03
11.2 8.314152e+03 8.313227e+03 8.295019e+03 8.295945e+03
12.2 8.214081e+03 8.279896e+03 8.294304e+03 8.228489e+03
13.2 8.272459e+03 8.302605e+03 8.293809e+03 8.263663e+03
14.2 8.367680e+03 8.294112e+03 8.293522e+03 8.367089e+03
15.2 8.228725e+03 8.316897e+03 8.293379e+03 8.205207e+03
16.2 8.306229e+03 8.332633e+03 8.293325e+03 8.266921e+03
17.2 8.268801e+03 8.299967e+03 8.293307e+03 8.262141e+03
0.0 8.246729e+03 8.260362e+03 8.296959e+03 8.283325e+03
1.0 8.379733e+03 8.310648e+03 8.318684e+03 8.387770e+03
2.0 8.315771e+03 8.278579e+03 8.329475e+03 8.366668e+03
3.0 8.290789e+03 8.291458e+03 8.316252e+03 8.315583e+03
4.0 8.220266e+03 8.253288e+03 8.308147e+03 8.275125e+03
5.0 8.381506e+03 8.314040e+03 8.311829e+03 8.379296e+03
6.0 8.332318e+03 8.306832e+03 8.294543e+03 8.320030e+03
7.0 8.317624e+03 8.303005e+03 8.254818e+03 8.269437e+03
8.0 8.262065e+03 8.293355e+03 8.244747e+03 8.213458e+03
9.0 8.340223e+03 8.324052e+03 8.261951e+03 8.278122e+03
10.0 8.359574e+03 8.292802e+03 8.279682e+03 8.346454e+03
11.0 8.319738e+03 8.312255e+03 8.290343e+03 8.297826e+03
12.0 8.354044e+03 8.340908e+03 8.295495e+03 8.308631e+03
13.0 8.343677e+03 8.308344e+03 8.297153e+03 8.332486e+03
14.0 8.410062e+03 8.347292e+03 8.296826e+03 8.359596e+03
15.0 8.251553e+03 8.308061e+03 8.295722e+03 8.239214e+03
16.0 8.280217e+03 8.303877e+03 8.294601e+03 8.270940e+03
17.0 8.234684e+03 8.303380e+03 8.293753e+03 8.225057e+03
0.4 8.315771e+03 8.278579e+03 8.329475e+03 8.366668e+03
1.4 8.290789e+03 8.291458e+03 8.316252e+03 8.315583e+03
2.4 8.220266e+03 8.253288e+03 8.308147e+03 8.275125e+03
3.4 8.381506e+03 8.314040e+03 8.311829e+03 8.379296e+03
4.4 8.332318e+03 8.306832e+03 8.294543e+03 8.320030e+03
5.4 8.317624e+03 8.303005e+03 8.254818e+03 8.269437e+03
6.4 8.262065e+03 8.293355e+03 8.244747e+03 8.213458e+03
7.4 8.340223e+03 8.324052e+03 8.261951e+03 8.278122e+03
8.4 8.359574e+03 8.292802e+03 8.279682e+03 8.346454e+03
9.4 8.319738e+03 8.312255e+03 8.290343e+03 8.297826e+03
10.4 8.354044e+03 8.340908e+03 8.295495e+03 8.308631e+03
11.4 8.343677e+03 8.308344e+03 8.297153e+03 8.332486e+03
12.4 8.410062e+03 8.347292e+03 8.296826e+03 8.359596e+03
13.4 8.251553e+03 8.308061e+03 8.295722e+03 8.239214e+03
14.4 8.280217e+03 8.303877e+03 8.294601e+03 8.270940e+03
15.4 8.234684e+03 8.303380e+03 8.293753e+03 8.225057e+03
16.4 8.338889e+03 8.302830e+03 8.293183e+03 8.329241e+03
17.4 8.260277e+03 8.318870e+03 8.292800e+03 8.234207e+03
0.8 8.220266e+03 8.253288e+03 8.308147e+03 8.275125e+03
1.8 8.381506e+03 8.314040e+03 8.311829e+03 8.379296e+03
2.8 8.332318e+03 8.306832e+03 8.294543e+03 8.320030e+03
3.8 8.317624e+03 8.303005e+03 8.254818e+03 8.269437e+03
4.8 8.262065e+03 8.293355e+03 8.244747e+03 8.213458e+03
5.8 8.340223e+03 8.324052e+03 8.261951e+03 8.278122e+03
6.8 8.359574e+03 8.292802e+03 8.279682e+03 8.346454e+03
7.8 8.319738e+03 8.312255e+03 8.290343e+03 8.297826e+03
8.8 8.354044e+03 8.340908e+03 8.295495e+03 8.308631e+03
9.8 8.343677e+03 8.308344e+03 8.297153e+03 8.332486e+03
10.8 8.410062e+03 8.347292e+03 8.296826e+03 8.359596e+03
11.8 8.251553e+03 8.308061e+03 8.295722e+03 8.239214e+03
12.8 8.280217e+03 8.303877e+03 8.294601e+03 8.270940e+03
13.8 8.234684e+03 8.303380e+03 8.293753e+03 8.225057e+03
14.8 8.338889e+03 8.302830e+03 8.293183e+03 8.329241e+03
15.8 8.260277e+03 8.318870e+03 8.292800e+03 8.234207e+03
16.8 8.173053e+03 8.273210e+03 8.292518e+03 8.192361e+03
17.8 8.213700e+03 8.273053e+03 8.292280e+03 8.232927e+03
0.8 8.381506e+03 8.314040e+03 8.311829e+03 8.379296e+03
1.8 8.332318e+03 8.306832e+03 8.294543e+03 8.320030e+03
2.8 8.317624e+03 8.303005e+03 8.254818e+03 8.269437e+03
3.8 8.262065e+03 8.293355e+03 8.244747e+03 8.213458e+03
4.8 8.340223e+03 8.324052e+03 8.261951e+03 8.278122e+03
5.8 8.359574e+03 8.292802e+03 8.279682e+03 8.346454e+03
6.8 8.319738e+03 8.312255e+03 8.290343e+03 8.297826e+03
7.8 8.354044e+03 8.340908e+03 8.295495e+03 8.308631e+03
8.8 8.343677e+03 8.308344e+03 8.297153e+03 8.332486e+03
9.8 8.410062e+03 8.347292e+03 8.296826e+03 8.359596e+03
10.8 8.251553e+03 8.308061e+03 8.295722e+03 8.239214e+03
11.8 8.280217e+03 8.303877e+03 8.294601e+03 8.270940e+03
12.8 8.234684e+03 8.303380e+03 8.293753e+03 8.225057e+03
13.8 8.338889e+03 8.302830e+03 8.293183e+03 8.329241e+03
14.8 8.260277e+03 8.318870e+03 8.292800e+03 8.234207e+03
15.8 8.173053e+03 8.273210e+03 8.292518e+03 8.192361e+03
16.8 8.213700e+03 8.273053e+03 8.292280e+03 8.232927e+03
17.8 8.245565e+03 8.243025e+03 8.292054e+03 8.294595e+03
0.7 8.203090e+03 8.263225e+03 8.306929e+03 8.246794e+03
1.7 8.287652e+03 8.245706e+03 8.331069e+03 8.373016e+03
2.7 8.306276e+03 8.280714e+03 8.330455e+03 8.356018e+03
3.7 8.363411e+03 8.279713e+03 8.313049e+03 8.396747e+03
4.7 8.279050e+03 8.319567e+03 8.302685e+03 8.262167e+03
5.7 8.320246e+03 8.319984e+03 8.277562e+03 8.277824e+03
6.7 8.386628e+03 8.265205e+03 8.245235e+03 8.366658e+03
7.7 8.310454e+03 8.303088e+03 8.254785e+03 8.262151e+03
8.7 8.267956e+03 8.327689e+03 8.291856e+03 8.232124e+03
0.4 8.287652e+03 8.245706e+03 8.331069e+03 8.373016e+03
1.4 8.306276e+03 8.280714e+03 8.330455e+03 8.356018e+03
2.4 8.363411e+03 8.279713e+03 8.313049e+03 8.396747e+03
3.4 8.279050e+03 8.319567e+03 8.302685e+03 8.262167e+03
4.4 8.320246e+03 8.319984e+03 8.277562e+03 8.277824e+03
5.4 8.386628e+03 8.265205e+03 8.245235e+03 8.366658e+03
6.4 8.310454e+03 8.303088e+03 8.254785e+03 8.262151e+03
7.4 8.267956e+03 8.327689e+03 8.291856e+03 8.232124e+03
0.0 8.306276e+03 8.280714e+03 8.330455e+03 8.356018e+03
1.0 8.363411e+03 8.279713e+03 8.313049e+03 8.396747e+03
2.0 8.279050e+03 8.319567e+03 8.302685e+03 8.262167e+03
3.0 8.320246e+03 8.319984e+03 8.277562e+03 8.277824e+03
4.0 8.386628e+03 8.265205e+03 8.245235e+03 8.366658e+03
5.0 8.310454e+03 8.303088e+03 8.254785e+03 8.262151e+03
6.0 8.267956e+03 8.327689e+03 8.291856e+03 8.232124e+03
1.0 8.279050e+03 8.319567e+03 8.302685e+03 8.262167e+03
2.0 8.320246e+03 8.319984e+03 8.277562e+03 8.277824e+03
3.0 8.386628e+03 8.265205e+03 8.245235e+03 8.366658e+03
4.0 8.310454e+03 8.303088e+03 8.254785e+03 8.262151e+03
5.0 8.267956e+03 8.327689e+03 8.291856e+03 8.232124e+03
0.5 8.310454e+03 8.303088e+03 8.254785e+03 8.262151e+03
1.5 8.267956e+03 8.327689e+03 8.291856e+03 8.232124e+03
