0.5 8.342028e+03 8.231781e+03 8.278455e+03 8.388702e+03
1.5 8.248191e+03 8.262070e+03 8.275096e+03 8.261217e+03
2.5 8.227504e+03 8.287609e+03 8.285390e+03 8.225285e+03
3.5 8.359540e+03 8.330860e+03 8.303828e+03 8.332508e+03
4.5 8.277214e+03 8.294371e+03 8.306350e+03 8.289193e+03
5.5 8.303926e+03 8.315284e+03 8.301495e+03 8.290136e+03
6.5 8.260032e+03 8.301874e+03 8.297222e+03 8.255380e+03
7.5 8.281039e+03 8.311001e+03 8.294598e+03 8.264636e+03
8.5 8.315869e+03 8.283529e+03 8.291698e+03 8.324039e+03
9.5 8.317184e+03 8.267163e+03 8.278117e+03 8.328138e+03
10.5 8.298438e+03 8.270371e+03 8.274353e+03 8.302420e+03
11.5 8.222104e+03 8.298265e+03 8.294426e+03 8.218266e+03
12.5 8.299807e+03 8.313777e+03 8.307285e+03 8.293314e+03
13.5 8.449194e+03 8.304352e+03 8.305033e+03 8.449876e+03
14.5 8.238959e+03 8.292265e+03 8.299763e+03 8.246457e+03
15.5 8.241019e+03 8.263116e+03 8.296067e+03 8.273969e+03
16.5 8.346867e+03 8.283444e+03 8.293898e+03 8.357321e+03
17.5 8.270017e+03 8.292833e+03 8.292831e+03 8.270014e+03
1.0 8.317184e+03 8.267163e+03 8.278117e+03 8.328138e+03
2.0 8.298438e+03 8.270371e+03 8.274353e+03 8.302420e+03
3.0 8.222104e+03 8.298265e+03 8.294426e+03 8.218266e+03
3.9 8.299807e+03 8.313777e+03 8.307285e+03 8.293314e+03
4.9 8.449194e+03 8.304352e+03 8.305033e+03 8.449876e+03
5.9 8.238959e+03 8.292265e+03 8.299763e+03 8.246457e+03
6.9 8.241019e+03 8.263116e+03 8.296067e+03 8.273969e+03
7.9 8.346867e+03 8.283444e+03 8.293898e+03 8.357321e+03
8.9 8.270017e+03 8.292833e+03 8.292831e+03 8.270014e+03
9.9 8.303643e+03 8.314737e+03 8.292554e+03 8.281459e+03
10.9 8.371204e+03 8.314961e+03 8.292705e+03 8.348949e+03
11.9 8.311766e+03 8.342136e+03 8.289845e+03 8.259475e+03
12.9 8.313344e+03 8.310658e+03 8.277231e+03 8.279916e+03
13.9 8.268087e+03 8.307785e+03 8.278781e+03 8.239084e+03
14.9 8.203007e+03 8.266081e+03 8.298947e+03 8.235874e+03
15.9 8.264207e+03 8.274170e+03 8.307073e+03 8.297111e+03
16.9 8.282526e+03 8.266885e+03 8.303428e+03 8.319070e+03
17.9 8.288604e+03 8.264831e+03 8.298624e+03 8.322397e+03
0.2 8.311766e+03 8.342136e+03 8.289845e+03 8.259475e+03
1.2 8.313344e+03 8.310658e+03 8.277231e+03 8.279916e+03
2.2 8.268087e+03 8.307785e+03 8.278781e+03 8.239084e+03
3.2 8.203007e+03 8.266081e+03 8.298947e+03 8.235874e+03
4.2 8.264207e+03 8.274170e+03 8.307073e+03 8.297111e+03
5.2 8.282526e+03 8.266885e+03 8.303428e+03 8.319070e+03
6.2 8.288604e+03 8.264831e+03 8.298624e+03 8.322397e+03
7.2 8.217065e+03 8.224935e+03 8.295481e+03 8.287611e+03
8.2 8.236646e+03 8.256484e+03 8.293691e+03 8.273853e+03
9.2 8.277693e+03 8.257937e+03 8.292882e+03 8.312638e+03
10.2 8.486945e+03 8.311070e+03 8.292749e+03 8.468624e+03
11.2 8.322462e+03 8.355623e+03 8.292949e+03 8.259788e+03
12.2 8.286151e+03 8.367791e+03 8.293219e+03 8.211579e+03
13.1 8.266139e+03 8.328622e+03 8.293434e+03 8.230950e+03
14.1 8.381620e+03 8.333948e+03 8.293571e+03 8.341243e+03
15.1 8.310533e+03 8.284372e+03 8.293651e+03 8.319812e+03
16.1 8.268583e+03 8.302228e+03 8.293697e+03 8.260052e+03
17.1 8.188436e+03 8.270727e+03 8.293726e+03 8.211435e+03
0.3 8.266884e+03 8.287480e+03 8.288092e+03 8.267496e+03
1.3 8.236319e+03 8.288372e+03 8.275113e+03 8.223060e+03
2.3 8.273040e+03 8.285445e+03 8.281684e+03 8.269279e+03
3.3 8.365739e+03 8.333421e+03 8.302719e+03 8.335036e+03
4.3 8.320313e+03 8.332621e+03 8.307991e+03 8.295683e+03
5.3 8.403083e+03 8.335815e+03 8.303234e+03 8.370502e+03
6.3 8.329829e+03 8.302750e+03 8.298376e+03 8.325455e+03
7.3 8.211752e+03 8.254590e+03 8.295305e+03 8.252466e+03
8.3 8.327402e+03 8.283312e+03 8.293584e+03 8.337674e+03
9.3 8.324782e+03 8.289125e+03 8.292852e+03 8.328508e+03
10.3 8.247709e+03 8.314083e+03 8.292770e+03 8.226396e+03
11.3 8.356344e+03 8.297660e+03 8.292986e+03 8.351669e+03
12.3 8.396599e+03 8.298432e+03 8.293249e+03 8.391416e+03
13.3 8.280771e+03 8.321243e+03 8.293447e+03 8.252975e+03
14.3 8.323067e+03 8.307208e+03 8.293566e+03 8.309425e+03
15.3 8.316417e+03 8.326633e+03 8.293634e+03 8.283417e+03
16.3 8.387708e+03 8.303199e+03 8.293675e+03 8.378184e+03
17.3 8.316827e+03 8.297068e+03 8.293697e+03 8.313456e+03
1.0 8.297372e+03 8.300697e+03 8.279316e+03 8.275991e+03
2.0 8.241305e+03 8.235663e+03 8.277703e+03 8.283345e+03
3.0 8.254214e+03 8.232808e+03 8.297156e+03 8.318561e+03
4.0 8.331952e+03 8.277201e+03 8.307423e+03 8.362174e+03
5.0 8.281207e+03 8.311467e+03 8.304486e+03 8.274226e+03
6.0 8.288354e+03 8.309100e+03 8.299503e+03 8.278756e+03
7.0 8.269480e+03 8.326065e+03 8.296114e+03 8.239529e+03
8.0 8.279110e+03 8.287995e+03 8.294140e+03 8.285255e+03
9.0 8.266926e+03 8.266834e+03 8.293187e+03 8.293279e+03
10.0 8.333905e+03 8.284449e+03 8.291809e+03 8.341265e+03
11.0 8.282906e+03 8.290308e+03 8.279958e+03 8.272555e+03
12.0 8.290909e+03 8.249955e+03 8.275852e+03 8.316806e+03
13.0 8.305843e+03 8.301148e+03 8.294225e+03 8.298920e+03
14.0 8.330614e+03 8.313918e+03 8.306833e+03 8.323529e+03
15.0 8.354408e+03 8.327222e+03 8.304921e+03 8.332107e+03
16.0 8.204893e+03 8.270350e+03 8.299889e+03 8.234431e+03
17.0 8.229368e+03 8.278168e+03 8.296325e+03 8.247525e+03
18.0 8.286656e+03 8.265072e+03 8.294233e+03 8.315817e+03
0.9 8.282906e+03 8.290308e+03 8.279958e+03 8.272555e+03
1.9 8.290909e+03 8.249955e+03 8.275852e+03 8.316806e+03
2.9 8.305843e+03 8.301148e+03 8.294225e+03 8.298920e+03
3.9 8.330614e+03 8.313918e+03 8.306833e+03 8.323529e+03
4.9 8.354408e+03 8.327222e+03 8.304921e+03 8.332107e+03
5.9 8.204893e+03 8.270350e+03 8.299889e+03 8.234431e+03
6.9 8.229368e+03 8.278168e+03 8.296325e+03 8.247525e+03
7.9 8.286656e+03 8.265072e+03 8.294233e+03 8.315817e+03
8.9 8.285995e+03 8.281565e+03 8.293204e+03 8.297635e+03
9.9 8.300027e+03 8.294199e+03 8.292935e+03 8.298763e+03
10.9 8.289092e+03 8.325653e+03 8.293077e+03 8.256516e+03
11.9 8.279641e+03 8.312465e+03 8.293338e+03 8.260514e+03
12.9 8.397860e+03 8.311523e+03 8.293564e+03 8.379902e+03
13.9 8.288819e+03 8.281023e+03 8.293717e+03 8.301513e+03
14.9 8.357728e+03 8.291248e+03 8.293812e+03 8.360291e+03
15.9 8.333003e+03 8.253191e+03 8.293866e+03 8.373678e+03
16.9 8.291661e+03 8.252513e+03 8.293895e+03 8.333043e+03
17.9 8.310138e+03 8.237578e+03 8.293912e+03 8.366471e+03
0.1 8.239788e+03 8.307469e+03 8.291319e+03 8.223639e+03
1.1 8.284399e+03 8.288088e+03 8.278497e+03 8.274808e+03
2.1 8.347552e+03 8.296456e+03 8.278678e+03 8.329774e+03
3.1 8.343125e+03 8.313713e+03 8.298596e+03 8.328007e+03
4.1 8.313618e+03 8.312329e+03 8.307548e+03 8.308837e+03
5.1 8.212601e+03 8.293328e+03 8.304148e+03 8.223421e+03
6.1 8.166055e+03 8.312639e+03 8.299256e+03 8.152671e+03
7.1 8.250472e+03 8.299232e+03 8.295343e+03 8.246583e+03
8.1 8.382271e+03 8.288968e+03 8.282341e+03 8.375644e+03
9.1 8.250129e+03 8.289316e+03 8.275162e+03 8.235975e+03
10.1 8.252739e+03 8.303547e+03 8.291669e+03 8.240861e+03
11.1 8.379709e+03 8.285532e+03 8.306041e+03 8.400218e+03
12.1 8.344832e+03 8.278196e+03 8.305234e+03 8.371870e+03
13.1 8.207318e+03 8.269878e+03 8.300336e+03 8.237776e+03
14.1 8.331539e+03 8.273832e+03 8.296699e+03 8.354406e+03
15.1 8.302712e+03 8.295141e+03 8.294529e+03 8.302100e+03
16.1 8.180018e+03 8.268353e+03 8.293414e+03 8.205078e+03
17.1 8.308614e+03 8.260924e+03 8.293070e+03 8.340760e+03
0.8 8.382271e+03 8.288968e+03 8.282341e+03 8.375644e+03
1.8 8.250129e+03 8.289316e+03 8.275162e+03 8.235975e+03
2.8 8.252739e+03 8.303547e+03 8.291669e+03 8.240861e+03
3.8 8.379709e+03 8.285532e+03 8.306041e+03 8.400218e+03
4.8 8.344832e+03 8.278196e+03 8.305234e+03 8.371870e+03
5.8 8.207318e+03 8.269878e+03 8.300336e+03 8.237776e+03
6.8 8.331539e+03 8.273832e+03 8.296699e+03 8.354406e+03
7.8 8.302712e+03 8.295141e+03 8.294529e+03 8.302100e+03
8.8 8.180018e+03 8.268353e+03 8.293414e+03 8.205078e+03
9.8 8.308614e+03 8.260924e+03 8.293070e+03 8.340760e+03
10.8 8.396332e+03 8.268302e+03 8.293176e+03 8.421206e+03
11.8 8.299748e+03 8.298555e+03 8.293429e+03 8.294622e+03
12.8 8.344108e+03 8.319912e+03 8.293651e+03 8.317848e+03
13.8 8.330968e+03 8.330243e+03 8.293792e+03 8.294517e+03
14.8 8.242180e+03 8.313342e+03 8.292389e+03 8.221227e+03
15.8 8.334145e+03 8.297581e+03 8.279385e+03 8.315948e+03
16.8 8.336985e+03 8.298305e+03 8.275621e+03 8.314301e+03
17.8 8.296729e+03 8.299857e+03 8.295458e+03 8.292330e+03
1.0 8.334145e+03 8.297581e+03 8.279385e+03 8.315948e+03
2.0 8.336985e+03 8.298305e+03 8.275621e+03 8.314301e+03
3.0 8.296729e+03 8.299857e+03 8.295458e+03 8.292330e+03
4.0 8.330572e+03 8.334917e+03 8.308066e+03 8.303722e+03
5.0 8.440061e+03 8.317498e+03 8.305577e+03 8.428139e+03
6.0 8.435695e+03 8.324052e+03 8.292726e+03 8.404370e+03
7.0 8.178954e+03 8.293476e+03 8.278192e+03 8.163670e+03
8.0 8.296451e+03 8.291344e+03 8.286269e+03 8.291377e+03
9.0 8.197132e+03 8.285371e+03 8.303609e+03 8.215370e+03
10.0 8.425386e+03 8.312858e+03 8.305829e+03 8.418356e+03
11.0 8.238828e+03 8.277691e+03 8.301099e+03 8.262236e+03
12.0 8.329377e+03 8.279535e+03 8.297066e+03 8.346909e+03
13.0 8.185563e+03 8.283124e+03 8.294640e+03 8.197079e+03
14.0 8.105092e+03 8.308513e+03 8.292449e+03 8.089028e+03
15.0 8.275203e+03 8.287027e+03 8.280360e+03 8.268536e+03
16.0 8.323041e+03 8.292517e+03 8.275031e+03 8.305556e+03
17.0 8.257868e+03 8.298233e+03 8.292739e+03 8.252375e+03
18.0 8.310767e+03 8.301849e+03 8.306317e+03 8.315234e+03
0.5 8.435695e+03 8.324052e+03 8.292726e+03 8.404370e+03
1.5 8.178954e+03 8.293476e+03 8.278192e+03 8.163670e+03
2.5 8.296451e+03 8.291344e+03 8.286269e+03 8.291377e+03
3.5 8.197132e+03 8.285371e+03 8.303609e+03 8.215370e+03
4.5 8.425386e+03 8.312858e+03 8.305829e+03 8.418356e+03
5.5 8.238828e+03 8.277691e+03 8.301099e+03 8.262236e+03
6.5 8.329377e+03 8.279535e+03 8.297066e+03 8.346909e+03
7.5 8.185563e+03 8.283124e+03 8.294640e+03 8.197079e+03
8.5 8.105092e+03 8.308513e+03 8.292449e+03 8.089028e+03
9.5 8.275203e+03 8.287027e+03 8.280360e+03 8.268536e+03
10.5 8.323041e+03 8.292517e+03 8.275031e+03 8.305556e+03
11.5 8.257868e+03 8.298233e+03 8.292739e+03 8.252375e+03
12.5 8.310767e+03 8.301849e+03 8.306317e+03 8.315234e+03
13.5 8.162174e+03 8.277652e+03 8.304940e+03 8.189462e+03
14.5 8.364310e+03 8.298098e+03 8.299948e+03 8.366159e+03
15.5 8.193873e+03 8.269198e+03 8.296325e+03 8.221000e+03
16.5 8.168672e+03 8.269320e+03 8.294177e+03 8.193529e+03
17.5 8.313329e+03 8.269726e+03 8.293093e+03 8.336696e+03
0.9 8.275203e+03 8.287027e+03 8.280360e+03 8.268536e+03
1.9 8.323041e+03 8.292517e+03 8.275031e+03 8.305556e+03
2.9 8.257868e+03 8.298233e+03 8.292739e+03 8.252375e+03
3.9 8.310767e+03 8.301849e+03 8.306317e+03 8.315234e+03
4.9 8.162174e+03 8.277652e+03 8.304940e+03 8.189462e+03
5.9 8.364310e+03 8.298098e+03 8.299948e+03 8.366159e+03
6.9 8.193873e+03 8.269198e+03 8.296325e+03 8.221000e+03
7.9 8.168672e+03 8.269320e+03 8.294177e+03 8.193529e+03
8.9 8.313329e+03 8.269726e+03 8.293093e+03 8.336696e+03
9.9 8.273883e+03 8.268985e+03 8.292779e+03 8.297677e+03
10.9 8.246201e+03 8.295761e+03 8.288218e+03 8.238658e+03
11.9 8.303739e+03 8.275270e+03 8.275083e+03 8.303552e+03
12.9 8.388034e+03 8.324256e+03 8.279841e+03 8.343619e+03
13.9 8.340153e+03 8.314527e+03 8.301356e+03 8.326983e+03
14.9 8.206314e+03 8.245964e+03 8.308029e+03 8.268380e+03
15.9 8.219175e+03 8.297473e+03 8.303622e+03 8.225323e+03
16.9 8.326170e+03 8.324600e+03 8.298679e+03 8.300249e+03
17.9 8.355832e+03 8.308682e+03 8.295523e+03 8.342673e+03
0.3 8.246201e+03 8.295761e+03 8.288218e+03 8.238658e+03
1.3 8.303739e+03 8.275270e+03 8.275083e+03 8.303552e+03
2.3 8.388034e+03 8.324256e+03 8.279841e+03 8.343619e+03
3.3 8.340153e+03 8.314527e+03 8.301356e+03 8.326983e+03
4.3 8.206314e+03 8.245964e+03 8.308029e+03 8.268380e+03
5.3 8.219175e+03 8.297473e+03 8.303622e+03 8.225323e+03
6.3 8.326170e+03 8.324600e+03 8.298679e+03 8.300249e+03
7.3 8.355832e+03 8.308682e+03 8.295523e+03 8.342673e+03
8.3 8.428116e+03 8.343686e+03 8.293753e+03 8.378184e+03
9.3 8.302602e+03 8.280452e+03 8.292995e+03 8.315144e+03
10.3 8.305432e+03 8.245350e+03 8.292914e+03 8.352995e+03
11.3 8.160683e+03 8.254988e+03 8.293150e+03 8.198844e+03
12.3 8.394478e+03 8.354544e+03 8.293437e+03 8.333370e+03
13.3 8.331203e+03 8.320983e+03 8.293657e+03 8.303877e+03
14.3 8.246118e+03 8.273854e+03 8.293789e+03 8.266053e+03
15.3 8.423094e+03 8.316113e+03 8.293861e+03 8.400842e+03
16.3 8.367298e+03 8.336041e+03 8.293905e+03 8.325161e+03
17.3 8.357662e+03 8.327038e+03 8.293933e+03 8.324557e+03
0.6 8.232712e+03 8.296676e+03 8.284582e+03 8.220618e+03
1.6 8.191663e+03 8.264289e+03 8.274245e+03 8.201619e+03
2.6 8.276537e+03 8.303947e+03 8.287422e+03 8.260012e+03
3.6 8.299551e+03 8.345040e+03 8.305936e+03 8.260447e+03
4.6 8.442292e+03 8.348469e+03 8.307360e+03 8.401183e+03
5.6 8.333507e+03 8.324574e+03 8.301865e+03 8.310798e+03
6.6 8.284425e+03 8.287365e+03 8.288634e+03 8.285693e+03
7.6 8.300288e+03 8.247623e+03 8.276385e+03 8.329050e+03
8.6 8.313974e+03 8.261690e+03 8.287582e+03 8.339866e+03
9.6 8.286801e+03 8.286565e+03 8.304254e+03 8.304490e+03
10.6 8.197561e+03 8.286398e+03 8.305447e+03 8.216610e+03
11.6 8.195557e+03 8.254222e+03 8.300665e+03 8.241999e+03
12.6 8.283444e+03 8.283918e+03 8.296779e+03 8.296305e+03
13.6 8.287272e+03 8.285018e+03 8.294427e+03 8.296682e+03
14.6 8.282351e+03 8.331158e+03 8.291513e+03 8.242705e+03
15.6 8.353521e+03 8.302630e+03 8.277869e+03 8.328760e+03
16.6 8.267438e+03 8.323529e+03 8.274719e+03 8.218627e+03
17.6 8.364838e+03 8.323055e+03 8.295072e+03 8.336855e+03
0.6 8.284425e+03 8.287365e+03 8.288634e+03 8.285693e+03
1.6 8.300288e+03 8.247623e+03 8.276385e+03 8.329050e+03
2.6 8.313974e+03 8.261690e+03 8.287582e+03 8.339866e+03
3.6 8.286801e+03 8.286565e+03 8.304254e+03 8.304490e+03
4.6 8.197561e+03 8.286398e+03 8.305447e+03 8.216610e+03
5.6 8.195557e+03 8.254222e+03 8.300665e+03 8.241999e+03
6.6 8.283444e+03 8.283918e+03 8.296779e+03 8.296305e+03
7.6 8.287272e+03 8.285018e+03 8.294427e+03 8.296682e+03
8.6 8.282351e+03 8.331158e+03 8.291513e+03 8.242705e+03
9.6 8.353521e+03 8.302630e+03 8.277869e+03 8.328760e+03
10.6 8.267438e+03 8.323529e+03 8.274719e+03 8.218627e+03
11.6 8.364838e+03 8.323055e+03 8.295072e+03 8.336855e+03
12.6 8.273415e+03 8.308650e+03 8.307430e+03 8.272195e+03
13.6 8.306952e+03 8.267154e+03 8.304944e+03 8.344743e+03
14.6 8.333035e+03 8.254600e+03 8.299675e+03 8.378111e+03
15.6 8.387646e+03 8.322645e+03 8.296015e+03 8.361017e+03
16.6 8.284445e+03 8.307904e+03 8.293875e+03 8.270416e+03
17.6 8.271326e+03 8.265003e+03 8.292832e+03 8.299154e+03
1.0 8.353521e+03 8.302630e+03 8.277869e+03 8.328760e+03
2.0 8.267438e+03 8.323529e+03 8.274719e+03 8.218627e+03
3.0 8.364838e+03 8.323055e+03 8.295072e+03 8.336855e+03
4.0 8.273415e+03 8.308650e+03 8.307430e+03 8.272195e+03
5.0 8.306952e+03 8.267154e+03 8.304944e+03 8.344743e+03
6.0 8.333035e+03 8.254600e+03 8.299675e+03 8.378111e+03
7.0 8.387646e+03 8.322645e+03 8.296015e+03 8.361017e+03
8.0 8.284445e+03 8.307904e+03 8.293875e+03 8.270416e+03
9.0 8.271326e+03 8.265003e+03 8.292832e+03 8.299154e+03
10.0 8.231206e+03 8.284908e+03 8.292572e+03 8.238870e+03
11.0 8.232251e+03 8.309221e+03 8.292736e+03 8.215766e+03
12.0 8.296787e+03 8.294824e+03 8.293017e+03 8.294980e+03
13.0 8.419943e+03 8.342531e+03 8.293256e+03 8.370668e+03
14.0 8.268553e+03 8.286013e+03 8.293415e+03 8.275955e+03
15.0 8.259054e+03 8.292378e+03 8.293510e+03 8.260186e+03
16.0 8.286025e+03 8.293825e+03 8.293568e+03 8.285768e+03
17.0 8.282195e+03 8.303840e+03 8.293607e+03 8.271962e+03
18.0 8.274351e+03 8.297365e+03 8.293638e+03 8.270623e+03
0.1 8.284910e+03 8.322036e+03 8.290893e+03 8.253767e+03
1.1 8.376601e+03 8.293318e+03 8.277209e+03 8.360492e+03
2.1 8.295688e+03 8.300343e+03 8.277716e+03 8.273062e+03
3.1 8.249430e+03 8.311066e+03 8.298964e+03 8.237327e+03
4.1 8.333220e+03 8.326156e+03 8.308279e+03 8.315342e+03
5.1 8.385197e+03 8.307568e+03 8.304587e+03 8.382217e+03
6.1 8.222551e+03 8.290481e+03 8.299391e+03 8.231461e+03
7.1 8.231546e+03 8.268940e+03 8.295949e+03 8.258555e+03
8.1 8.316184e+03 8.283168e+03 8.293970e+03 8.326986e+03
9.1 8.273130e+03 8.274669e+03 8.293051e+03 8.291513e+03
10.1 8.314152e+03 8.313227e+03 8.292866e+03 8.293791e+03
11.1 8.214081e+03 8.279896e+03 8.293050e+03 8.227236e+03
12.1 8.272459e+03 8.302605e+03 8.293318e+03 8.263172e+03
13.1 8.367680e+03 8.294112e+03 8.293531e+03 8.367098e+03
14.1 8.228725e+03 8.316897e+03 8.293662e+03 8.205490e+03
15.1 8.306229e+03 8.332633e+03 8.293732e+03 8.267329e+03
16.1 8.268801e+03 8.299967e+03 8.293767e+03 8.262601e+03
17.1 8.352315e+03 8.311854e+03 8.293783e+03 8.334244e+03
0.9 8.317624e+03 8.303005e+03 8.280639e+03 8.295258e+03
1.9 8.262065e+03 8.293355e+03 8.274670e+03 8.243381e+03
2.9 8.340223e+03 8.324052e+03 8.293064e+03 8.309234e+03
3.9 8.359574e+03 8.292802e+03 8.307509e+03 8.374281e+03
4.9 8.319738e+03 8.312255e+03 8.305988e+03 8.313471e+03
5.9 8.354044e+03 8.340908e+03 8.300548e+03 8.313684e+03
6.9 8.343677e+03 8.308344e+03 8.296597e+03 8.331930e+03
7.9 8.410062e+03 8.347292e+03 8.294254e+03 8.357023e+03
8.9 8.251553e+03 8.308061e+03 8.293060e+03 8.236552e+03
9.9 8.280217e+03 8.303877e+03 8.292695e+03 8.269035e+03
10.9 8.234684e+03 8.303380e+03 8.292797e+03 8.224101e+03
11.9 8.338889e+03 8.302830e+03 8.293046e+03 8.329104e+03
12.9 8.260277e+03 8.318870e+03 8.293266e+03 8.234673e+03
13.9 8.173053e+03 8.273210e+03 8.293407e+03 8.193250e+03
14.9 8.213700e+03 8.273053e+03 8.293479e+03 8.234127e+03
15.9 8.245565e+03 8.243025e+03 8.293509e+03 8.296050e+03
16.9 8.254099e+03 8.250165e+03 8.293518e+03 8.297452e+03
17.9 8.254980e+03 8.247968e+03 8.293520e+03 8.300533e+03
