0.5 2.516132e+03 2.468201e+03 2.446262e+03 2.494194e+03
1.5 2.523159e+03 2.468234e+03 2.431330e+03 2.486254e+03
2.5 2.459047e+03 2.484020e+03 2.446498e+03 2.421526e+03
3.5 2.503970e+03 2.480790e+03 2.472337e+03 2.495518e+03
4.5 2.456205e+03 2.445352e+03 2.475524e+03 2.486377e+03
5.5 2.463336e+03 2.432392e+03 2.468501e+03 2.499445e+03
6.5 2.481892e+03 2.446593e+03 2.462407e+03 2.497705e+03
7.5 2.454394e+03 2.485483e+03 2.458675e+03 2.427586e+03
8.5 2.456430e+03 2.490586e+03 2.456656e+03 2.422501e+03
9.5 2.523712e+03 2.481340e+03 2.455888e+03 2.498260e+03
10.5 2.425155e+03 2.452367e+03 2.455902e+03 2.428691e+03
11.5 2.397791e+03 2.433437e+03 2.456232e+03 2.420586e+03
12.5 2.388478e+03 2.414568e+03 2.456573e+03 2.430482e+03
13.5 2.394650e+03 2.403181e+03 2.456812e+03 2.448281e+03
14.5 2.482829e+03 2.416543e+03 2.456948e+03 2.523235e+03
15.5 2.446092e+03 2.408270e+03 2.457014e+03 2.494836e+03
16.5 2.413935e+03 2.401764e+03 2.457044e+03 2.469214e+03
17.5 2.412779e+03 2.431324e+03 2.457055e+03 2.438510e+03
0.2 2.481329e+03 2.478071e+03 2.451992e+03 2.455250e+03
1.2 2.480234e+03 2.474363e+03 2.433923e+03 2.439794e+03
2.2 2.503139e+03 2.487342e+03 2.437453e+03 2.453249e+03
3.2 2.454424e+03 2.470276e+03 2.465955e+03 2.450103e+03
4.2 2.413077e+03 2.471012e+03 2.476359e+03 2.418424e+03
5.2 2.573085e+03 2.479498e+03 2.470774e+03 2.564362e+03
6.2 2.577433e+03 2.468475e+03 2.463934e+03 2.572891e+03
7.2 2.392510e+03 2.477708e+03 2.459497e+03 2.374299e+03
8.2 2.431173e+03 2.478511e+03 2.456976e+03 2.409637e+03
9.2 2.423128e+03 2.446548e+03 2.455849e+03 2.432429e+03
10.2 2.492483e+03 2.435078e+03 2.455669e+03 2.513075e+03
11.2 2.415871e+03 2.421948e+03 2.455940e+03 2.449863e+03
12.2 2.378087e+03 2.443382e+03 2.456292e+03 2.390997e+03
13.2 2.458408e+03 2.432728e+03 2.456560e+03 2.482239e+03
14.2 2.379051e+03 2.429211e+03 2.456717e+03 2.406556e+03
15.2 2.410598e+03 2.394688e+03 2.456804e+03 2.472714e+03
16.2 2.335312e+03 2.402231e+03 2.456858e+03 2.389939e+03
17.2 2.482450e+03 2.439874e+03 2.456891e+03 2.499467e+03
0.8 2.344817e+03 2.419730e+03 2.442055e+03 2.367142e+03
1.8 2.440716e+03 2.397886e+03 2.433217e+03 2.476046e+03
2.8 2.397526e+03 2.460803e+03 2.454918e+03 2.391641e+03
3.8 2.454750e+03 2.482812e+03 2.474229e+03 2.446168e+03
4.8 2.481192e+03 2.471800e+03 2.473011e+03 2.482403e+03
5.8 2.486478e+03 2.451100e+03 2.466145e+03 2.501522e+03
6.8 2.391200e+03 2.435442e+03 2.461042e+03 2.416800e+03
7.8 2.428406e+03 2.446932e+03 2.458006e+03 2.439480e+03
8.8 2.406096e+03 2.459890e+03 2.456443e+03 2.402650e+03
9.8 2.441283e+03 2.473336e+03 2.455943e+03 2.423890e+03
10.8 2.554212e+03 2.468693e+03 2.456052e+03 2.541570e+03
11.8 2.537017e+03 2.469863e+03 2.456361e+03 2.523515e+03
12.8 2.491526e+03 2.458902e+03 2.456636e+03 2.489260e+03
13.8 2.493326e+03 2.462726e+03 2.456807e+03 2.487407e+03
14.8 2.466394e+03 2.454016e+03 2.456889e+03 2.469266e+03
15.8 2.506073e+03 2.472460e+03 2.456860e+03 2.490473e+03
16.8 2.435800e+03 2.458736e+03 2.446989e+03 2.424054e+03
17.8 2.327596e+03 2.421315e+03 2.431300e+03 2.337581e+03
0.5 2.435800e+03 2.458736e+03 2.446989e+03 2.424054e+03
1.5 2.327596e+03 2.421315e+03 2.431300e+03 2.337581e+03
2.5 2.473530e+03 2.430628e+03 2.444731e+03 2.487634e+03
3.5 2.409175e+03 2.459023e+03 2.471314e+03 2.421465e+03
4.5 2.471139e+03 2.435508e+03 2.475501e+03 2.511132e+03
5.5 2.442779e+03 2.430597e+03 2.468611e+03 2.480793e+03
6.5 2.405637e+03 2.458167e+03 2.462393e+03 2.409864e+03
7.5 2.421146e+03 2.439682e+03 2.458558e+03 2.440023e+03
8.5 2.510250e+03 2.434583e+03 2.456466e+03 2.532133e+03
9.5 2.486984e+03 2.463485e+03 2.455645e+03 2.479144e+03
10.5 2.454297e+03 2.441729e+03 2.455633e+03 2.468201e+03
11.5 2.526003e+03 2.475696e+03 2.455957e+03 2.506264e+03
12.5 2.567303e+03 2.503965e+03 2.456303e+03 2.519641e+03
13.5 2.401258e+03 2.471438e+03 2.456550e+03 2.386370e+03
14.5 2.568523e+03 2.518676e+03 2.456694e+03 2.506541e+03
15.5 2.497450e+03 2.521360e+03 2.456770e+03 2.432860e+03
16.5 2.498294e+03 2.514246e+03 2.456809e+03 2.440856e+03
17.5 2.492365e+03 2.474029e+03 2.456831e+03 2.475167e+03
0.7 2.479698e+03 2.445206e+03 2.443766e+03 2.478257e+03
1.7 2.446665e+03 2.436027e+03 2.432671e+03 2.443309e+03
2.7 2.437184e+03 2.418160e+03 2.451808e+03 2.470832e+03
3.7 2.446676e+03 2.463949e+03 2.473202e+03 2.455929e+03
4.7 2.484430e+03 2.532291e+03 2.473422e+03 2.425562e+03
5.7 2.563682e+03 2.533080e+03 2.466588e+03 2.497190e+03
6.7 2.535378e+03 2.530050e+03 2.461248e+03 2.466576e+03
7.7 2.619927e+03 2.527606e+03 2.458038e+03 2.550360e+03
8.7 2.444737e+03 2.506873e+03 2.456353e+03 2.394216e+03
9.7 2.470467e+03 2.473479e+03 2.455773e+03 2.452761e+03
10.7 2.482321e+03 2.478514e+03 2.455853e+03 2.459660e+03
11.7 2.479830e+03 2.464488e+03 2.456170e+03 2.471512e+03
12.7 2.478328e+03 2.461391e+03 2.456470e+03 2.473407e+03
13.7 2.515563e+03 2.473667e+03 2.456671e+03 2.498567e+03
14.7 2.467334e+03 2.476444e+03 2.456782e+03 2.447673e+03
15.7 2.441190e+03 2.473865e+03 2.456836e+03 2.424162e+03
16.7 2.495385e+03 2.451146e+03 2.456863e+03 2.501102e+03
17.7 2.436279e+03 2.467208e+03 2.456876e+03 2.425947e+03
0.6 2.566395e+03 2.494245e+03 2.445845e+03 2.517995e+03
1.6 2.428868e+03 2.437254e+03 2.432847e+03 2.424461e+03
2.6 2.498802e+03 2.490079e+03 2.449064e+03 2.457787e+03
3.6 2.541613e+03 2.530882e+03 2.472319e+03 2.483050e+03
4.6 2.557654e+03 2.519181e+03 2.474181e+03 2.512653e+03
5.6 2.550912e+03 2.497766e+03 2.467468e+03 2.520615e+03
6.6 2.478059e+03 2.494559e+03 2.461896e+03 2.445396e+03
7.6 2.502459e+03 2.515577e+03 2.458508e+03 2.445389e+03
8.6 2.392322e+03 2.505174e+03 2.456690e+03 2.343838e+03
9.6 2.596045e+03 2.501314e+03 2.456017e+03 2.550748e+03
10.6 2.351639e+03 2.438378e+03 2.456046e+03 2.369306e+03
11.6 2.357424e+03 2.349882e+03 2.456345e+03 2.463887e+03
12.6 2.381753e+03 2.425253e+03 2.456641e+03 2.413140e+03
13.6 2.514154e+03 2.417785e+03 2.456836e+03 2.553205e+03
14.6 2.288477e+03 2.428721e+03 2.456935e+03 2.316691e+03
15.6 2.413861e+03 2.433145e+03 2.456971e+03 2.437687e+03
16.6 2.434889e+03 2.439235e+03 2.456972e+03 2.452627e+03
17.6 2.387510e+03 2.442853e+03 2.453019e+03 2.397676e+03
0.1 2.387510e+03 2.442853e+03 2.453019e+03 2.397676e+03
1.1 2.421230e+03 2.419800e+03 2.434868e+03 2.436298e+03
2.1 2.464415e+03 2.438292e+03 2.435758e+03 2.461882e+03
3.1 2.448740e+03 2.455400e+03 2.464031e+03 2.457371e+03
4.1 2.430049e+03 2.458060e+03 2.476267e+03 2.448256e+03
5.1 2.455829e+03 2.449178e+03 2.471217e+03 2.477867e+03
6.1 2.481975e+03 2.443575e+03 2.464215e+03 2.502615e+03
7.1 2.495196e+03 2.426832e+03 2.459579e+03 2.527943e+03
8.1 2.463616e+03 2.462578e+03 2.456908e+03 2.457946e+03
9.1 2.484912e+03 2.441519e+03 2.455652e+03 2.499045e+03
10.1 2.467986e+03 2.452554e+03 2.455372e+03 2.470804e+03
11.1 2.526754e+03 2.458815e+03 2.455578e+03 2.523518e+03
12.1 2.486834e+03 2.479955e+03 2.455889e+03 2.462768e+03
13.1 2.526614e+03 2.464655e+03 2.456122e+03 2.518081e+03
14.1 2.436473e+03 2.460968e+03 2.456243e+03 2.431748e+03
15.1 2.445144e+03 2.447256e+03 2.456279e+03 2.454168e+03
