0.5 2.516132e+03 2.468201e+03 2.457227e+03 2.505158e+03
1.5 2.523159e+03 2.468234e+03 2.456509e+03 2.511433e+03
2.5 2.459047e+03 2.484020e+03 2.455509e+03 2.430537e+03
3.5 2.503970e+03 2.480790e+03 2.455810e+03 2.478991e+03
4.5 2.456205e+03 2.445352e+03 2.456546e+03 2.467399e+03
5.5 2.463336e+03 2.432392e+03 2.457062e+03 2.488006e+03
6.5 2.481892e+03 2.446593e+03 2.457328e+03 2.492627e+03
7.5 2.454394e+03 2.485483e+03 2.457437e+03 2.426348e+03
8.5 2.456430e+03 2.490586e+03 2.457454e+03 2.423298e+03
9.5 2.523712e+03 2.481340e+03 2.457428e+03 2.499801e+03
10.5 2.425155e+03 2.452367e+03 2.457395e+03 2.430183e+03
11.5 2.397791e+03 2.433437e+03 2.457371e+03 2.421725e+03
12.5 2.388478e+03 2.414568e+03 2.457361e+03 2.431270e+03
13.5 2.394650e+03 2.403181e+03 2.457361e+03 2.448830e+03
14.5 2.482829e+03 2.416543e+03 2.457367e+03 2.523654e+03
15.5 2.446092e+03 2.408270e+03 2.457377e+03 2.495199e+03
16.5 2.413935e+03 2.401764e+03 2.457388e+03 2.469558e+03
17.5 2.412779e+03 2.431324e+03 2.457399e+03 2.438854e+03
0.2 2.481329e+03 2.478071e+03 2.457460e+03 2.460718e+03
1.2 2.480234e+03 2.474363e+03 2.456534e+03 2.462405e+03
2.2 2.503139e+03 2.487342e+03 2.453199e+03 2.468996e+03
3.2 2.454424e+03 2.470276e+03 2.452924e+03 2.437072e+03
4.2 2.413077e+03 2.471012e+03 2.454850e+03 2.396915e+03
5.2 2.573085e+03 2.479498e+03 2.456494e+03 2.550082e+03
6.2 2.577433e+03 2.468475e+03 2.457389e+03 2.566346e+03
7.2 2.392510e+03 2.477708e+03 2.457769e+03 2.372571e+03
8.2 2.431173e+03 2.478511e+03 2.457843e+03 2.410504e+03
9.2 2.423128e+03 2.446548e+03 2.457757e+03 2.434337e+03
10.2 2.492483e+03 2.435078e+03 2.457620e+03 2.515025e+03
11.2 2.415871e+03 2.421948e+03 2.457496e+03 2.451419e+03
12.2 2.378087e+03 2.443382e+03 2.457407e+03 2.392111e+03
13.2 2.458408e+03 2.432728e+03 2.457348e+03 2.483027e+03
14.2 2.379051e+03 2.429211e+03 2.457308e+03 2.407148e+03
15.2 2.410598e+03 2.394688e+03 2.457279e+03 2.473188e+03
16.2 2.335312e+03 2.402231e+03 2.457254e+03 2.390336e+03
17.2 2.482450e+03 2.439874e+03 2.457232e+03 2.499807e+03
0.5 2.435800e+03 2.458736e+03 2.457034e+03 2.434098e+03
1.5 2.327596e+03 2.421315e+03 2.456389e+03 2.362670e+03
2.5 2.473530e+03 2.430628e+03 2.455348e+03 2.498251e+03
3.5 2.409175e+03 2.459023e+03 2.455602e+03 2.405754e+03
4.5 2.471139e+03 2.435508e+03 2.456343e+03 2.491974e+03
5.5 2.442779e+03 2.430597e+03 2.456876e+03 2.469058e+03
6.5 2.405637e+03 2.458167e+03 2.457152e+03 2.404622e+03
7.5 2.421146e+03 2.439682e+03 2.457264e+03 2.438729e+03
8.5 2.510250e+03 2.434583e+03 2.457281e+03 2.532947e+03
9.5 2.486984e+03 2.463485e+03 2.457250e+03 2.480749e+03
10.5 2.454297e+03 2.441729e+03 2.457208e+03 2.469776e+03
11.5 2.526003e+03 2.475696e+03 2.457174e+03 2.507481e+03
12.5 2.567303e+03 2.503965e+03 2.457152e+03 2.520490e+03
13.5 2.401258e+03 2.471438e+03 2.457139e+03 2.386959e+03
14.5 2.568523e+03 2.518676e+03 2.457132e+03 2.506978e+03
15.5 2.497450e+03 2.521360e+03 2.457126e+03 2.433217e+03
16.5 2.498294e+03 2.514246e+03 2.457122e+03 2.441169e+03
17.5 2.492365e+03 2.474029e+03 2.457118e+03 2.475454e+03
0.7 2.479698e+03 2.445206e+03 2.457167e+03 2.491658e+03
1.7 2.446665e+03 2.436027e+03 2.456298e+03 2.466936e+03
2.7 2.437184e+03 2.418160e+03 2.455530e+03 2.474554e+03
3.7 2.446676e+03 2.463949e+03 2.455946e+03 2.438673e+03
4.7 2.484430e+03 2.532291e+03 2.456613e+03 2.408752e+03
5.7 2.563682e+03 2.533080e+03 2.457044e+03 2.487646e+03
6.7 2.535378e+03 2.530050e+03 2.457252e+03 2.462581e+03
7.7 2.619927e+03 2.527606e+03 2.457325e+03 2.549646e+03
8.7 2.444737e+03 2.506873e+03 2.457318e+03 2.395182e+03
9.7 2.470467e+03 2.473479e+03 2.457277e+03 2.454265e+03
10.7 2.482321e+03 2.478514e+03 2.457232e+03 2.461039e+03
11.7 2.479830e+03 2.464488e+03 2.457196e+03 2.472538e+03
12.7 2.478328e+03 2.461391e+03 2.457172e+03 2.474108e+03
13.7 2.515563e+03 2.473667e+03 2.457156e+03 2.499052e+03
14.7 2.467334e+03 2.476444e+03 2.457145e+03 2.448036e+03
15.7 2.441190e+03 2.473865e+03 2.457137e+03 2.424463e+03
16.7 2.495385e+03 2.451146e+03 2.457130e+03 2.501370e+03
17.7 2.436279e+03 2.467208e+03 2.457124e+03 2.426195e+03
