0.6 4.399769e+03 4.362309e+03 4.374992e+03 4.412452e+03
1.6 4.370772e+03 4.370673e+03 4.365022e+03 4.365121e+03
2.6 4.361800e+03 4.335037e+03 4.353132e+03 4.379894e+03
3.6 4.337742e+03 4.320055e+03 4.342898e+03 4.360586e+03
4.6 4.336719e+03 4.306888e+03 4.337644e+03 4.367474e+03
5.6 4.326618e+03 4.313067e+03 4.331117e+03 4.344668e+03
6.6 4.313812e+03 4.339443e+03 4.342165e+03 4.316534e+03
7.6 4.312728e+03 4.335911e+03 4.357752e+03 4.334569e+03
8.6 4.344018e+03 4.342888e+03 4.367774e+03 4.368904e+03
9.6 4.308365e+03 4.332234e+03 4.372338e+03 4.348468e+03
10.6 4.365537e+03 4.368190e+03 4.373638e+03 4.370984e+03
11.6 4.367205e+03 4.344541e+03 4.373257e+03 4.395921e+03
12.6 4.376042e+03 4.361048e+03 4.372231e+03 4.387225e+03
13.6 4.326900e+03 4.345102e+03 4.371193e+03 4.352991e+03
14.6 4.342713e+03 4.345182e+03 4.370408e+03 4.367939e+03
15.6 4.379987e+03 4.357408e+03 4.369899e+03 4.392478e+03
16.6 4.354867e+03 4.353767e+03 4.369592e+03 4.370692e+03
17.6 4.375479e+03 4.351997e+03 4.369402e+03 4.392883e+03
0.3 4.370772e+03 4.370673e+03 4.365022e+03 4.365121e+03
1.3 4.361800e+03 4.335037e+03 4.353132e+03 4.379894e+03
2.3 4.337742e+03 4.320055e+03 4.342898e+03 4.360586e+03
3.3 4.336719e+03 4.306888e+03 4.337644e+03 4.367474e+03
4.3 4.326618e+03 4.313067e+03 4.331117e+03 4.344668e+03
5.3 4.313812e+03 4.339443e+03 4.342165e+03 4.316534e+03
6.3 4.312728e+03 4.335911e+03 4.357752e+03 4.334569e+03
7.3 4.344018e+03 4.342888e+03 4.367774e+03 4.368904e+03
8.3 4.308365e+03 4.332234e+03 4.372338e+03 4.348468e+03
9.3 4.365537e+03 4.368190e+03 4.373638e+03 4.370984e+03
10.3 4.367205e+03 4.344541e+03 4.373257e+03 4.395921e+03
11.3 4.376042e+03 4.361048e+03 4.372231e+03 4.387225e+03
12.3 4.326900e+03 4.345102e+03 4.371193e+03 4.352991e+03
13.3 4.342713e+03 4.345182e+03 4.370408e+03 4.367939e+03
14.3 4.379987e+03 4.357408e+03 4.369899e+03 4.392478e+03
15.3 4.354867e+03 4.353767e+03 4.369592e+03 4.370692e+03
16.3 4.375479e+03 4.351997e+03 4.369402e+03 4.392883e+03
17.3 4.363827e+03 4.344322e+03 4.369270e+03 4.388775e+03
0.5 4.337742e+03 4.320055e+03 4.342898e+03 4.360586e+03
1.5 4.336719e+03 4.306888e+03 4.337644e+03 4.367474e+03
2.5 4.326618e+03 4.313067e+03 4.331117e+03 4.344668e+03
3.4 4.313812e+03 4.339443e+03 4.342165e+03 4.316534e+03
4.4 4.312728e+03 4.335911e+03 4.357752e+03 4.334569e+03
5.4 4.344018e+03 4.342888e+03 4.367774e+03 4.368904e+03
6.4 4.308365e+03 4.332234e+03 4.372338e+03 4.348468e+03
7.4 4.365537e+03 4.368190e+03 4.373638e+03 4.370984e+03
8.4 4.367205e+03 4.344541e+03 4.373257e+03 4.395921e+03
9.4 4.376042e+03 4.361048e+03 4.372231e+03 4.387225e+03
10.4 4.326900e+03 4.345102e+03 4.371193e+03 4.352991e+03
11.4 4.342713e+03 4.345182e+03 4.370408e+03 4.367939e+03
12.4 4.379987e+03 4.357408e+03 4.369899e+03 4.392478e+03
13.4 4.354867e+03 4.353767e+03 4.369592e+03 4.370692e+03
14.4 4.375479e+03 4.351997e+03 4.369402e+03 4.392883e+03
15.4 4.363827e+03 4.344322e+03 4.369270e+03 4.388775e+03
16.4 4.402679e+03 4.399574e+03 4.369167e+03 4.372272e+03
17.4 4.395700e+03 4.384987e+03 4.369082e+03 4.379794e+03
1.0 4.422210e+03 4.415443e+03 4.390117e+03 4.396884e+03
2.0 4.364104e+03 4.371759e+03 4.375755e+03 4.368100e+03
3.0 4.387644e+03 4.362762e+03 4.359567e+03 4.384449e+03
4.0 4.318288e+03 4.339943e+03 4.345207e+03 4.323552e+03
5.0 4.377849e+03 4.356672e+03 4.334661e+03 4.355839e+03
6.0 4.397876e+03 4.357554e+03 4.342037e+03 4.382358e+03
7.0 4.444004e+03 4.365918e+03 4.355506e+03 4.433592e+03
8.0 4.354759e+03 4.316766e+03 4.364971e+03 4.402964e+03
9.0 4.328542e+03 4.351688e+03 4.369749e+03 4.346603e+03
10.0 4.412841e+03 4.361854e+03 4.371499e+03 4.422486e+03
11.0 4.387812e+03 4.359192e+03 4.371564e+03 4.400184e+03
12.0 4.331591e+03 4.364758e+03 4.370901e+03 4.337735e+03
13.0 4.362200e+03 4.375003e+03 4.370129e+03 4.357326e+03
14.0 4.343142e+03 4.362428e+03 4.369535e+03 4.350249e+03
15.0 4.370592e+03 4.385246e+03 4.369168e+03 4.354514e+03
16.0 4.351096e+03 4.368357e+03 4.368972e+03 4.351711e+03
17.0 4.361144e+03 4.358208e+03 4.368880e+03 4.371817e+03
18.0 4.382308e+03 4.364850e+03 4.368841e+03 4.386299e+03
0.7 4.364104e+03 4.371759e+03 4.375755e+03 4.368100e+03
1.7 4.387644e+03 4.362762e+03 4.359567e+03 4.384449e+03
2.7 4.318288e+03 4.339943e+03 4.345207e+03 4.323552e+03
3.7 4.377849e+03 4.356672e+03 4.334661e+03 4.355839e+03
4.7 4.397876e+03 4.357554e+03 4.342037e+03 4.382358e+03
5.7 4.444004e+03 4.365918e+03 4.355506e+03 4.433592e+03
6.7 4.354759e+03 4.316766e+03 4.364971e+03 4.402964e+03
7.7 4.328542e+03 4.351688e+03 4.369749e+03 4.346603e+03
8.7 4.412841e+03 4.361854e+03 4.371499e+03 4.422486e+03
9.7 4.387812e+03 4.359192e+03 4.371564e+03 4.400184e+03
10.7 4.331591e+03 4.364758e+03 4.370901e+03 4.337735e+03
11.7 4.362200e+03 4.375003e+03 4.370129e+03 4.357326e+03
12.7 4.343142e+03 4.362428e+03 4.369535e+03 4.350249e+03
13.7 4.370592e+03 4.385246e+03 4.369168e+03 4.354514e+03
14.7 4.351096e+03 4.368357e+03 4.368972e+03 4.351711e+03
15.7 4.361144e+03 4.358208e+03 4.368880e+03 4.371817e+03
16.7 4.382308e+03 4.364850e+03 4.368841e+03 4.386299e+03
17.7 4.372759e+03 4.350902e+03 4.368833e+03 4.390690e+03
0.3 4.387644e+03 4.362762e+03 4.359567e+03 4.384449e+03
1.3 4.318288e+03 4.339943e+03 4.345207e+03 4.323552e+03
2.3 4.377849e+03 4.356672e+03 4.334661e+03 4.355839e+03
3.3 4.397876e+03 4.357554e+03 4.342037e+03 4.382358e+03
4.3 4.444004e+03 4.365918e+03 4.355506e+03 4.433592e+03
5.3 4.354759e+03 4.316766e+03 4.364971e+03 4.402964e+03
6.3 4.328542e+03 4.351688e+03 4.369749e+03 4.346603e+03
7.3 4.412841e+03 4.361854e+03 4.371499e+03 4.422486e+03
8.3 4.387812e+03 4.359192e+03 4.371564e+03 4.400184e+03
9.3 4.331591e+03 4.364758e+03 4.370901e+03 4.337735e+03
10.3 4.362200e+03 4.375003e+03 4.370129e+03 4.357326e+03
11.3 4.343142e+03 4.362428e+03 4.369535e+03 4.350249e+03
12.3 4.370592e+03 4.385246e+03 4.369168e+03 4.354514e+03
13.3 4.351096e+03 4.368357e+03 4.368972e+03 4.351711e+03
14.3 4.361144e+03 4.358208e+03 4.368880e+03 4.371817e+03
15.3 4.382308e+03 4.364850e+03 4.368841e+03 4.386299e+03
16.3 4.372759e+03 4.350902e+03 4.368833e+03 4.390690e+03
17.3 4.354831e+03 4.365669e+03 4.368932e+03 4.358094e+03
0.8 4.343728e+03 4.383556e+03 4.377766e+03 4.337937e+03
1.8 4.365284e+03 4.367652e+03 4.366252e+03 4.363884e+03
2.8 4.348032e+03 4.358666e+03 4.357207e+03 4.346573e+03
3.8 4.374088e+03 4.378835e+03 4.346022e+03 4.341275e+03
4.8 4.324737e+03 4.376361e+03 4.346308e+03 4.294684e+03
5.8 4.298139e+03 4.370232e+03 4.355884e+03 4.283791e+03
6.8 4.322848e+03 4.352967e+03 4.364210e+03 4.334090e+03
7.8 4.321854e+03 4.335403e+03 4.368837e+03 4.355287e+03
8.8 4.336140e+03 4.332747e+03 4.370807e+03 4.374200e+03
9.8 4.337178e+03 4.341339e+03 4.371224e+03 4.367062e+03
10.8 4.339022e+03 4.350133e+03 4.370868e+03 4.359757e+03
11.8 4.401564e+03 4.362602e+03 4.370290e+03 4.409252e+03
12.8 4.378406e+03 4.374269e+03 4.369789e+03 4.373927e+03
13.8 4.347661e+03 4.377863e+03 4.369452e+03 4.339249e+03
14.8 4.330346e+03 4.367766e+03 4.369251e+03 4.331831e+03
15.8 4.350907e+03 4.365882e+03 4.369134e+03 4.354159e+03
16.8 4.315396e+03 4.364941e+03 4.369059e+03 4.319514e+03
17.8 4.394128e+03 4.366723e+03 4.369000e+03 4.396405e+03
0.0 4.365284e+03 4.367652e+03 4.366252e+03 4.363884e+03
1.0 4.348032e+03 4.358666e+03 4.357207e+03 4.346573e+03
2.0 4.374088e+03 4.378835e+03 4.346022e+03 4.341275e+03
3.0 4.324737e+03 4.376361e+03 4.346308e+03 4.294684e+03
4.0 4.298139e+03 4.370232e+03 4.355884e+03 4.283791e+03
5.0 4.322848e+03 4.352967e+03 4.364210e+03 4.334090e+03
6.0 4.321854e+03 4.335403e+03 4.368837e+03 4.355287e+03
7.0 4.336140e+03 4.332747e+03 4.370807e+03 4.374200e+03
8.0 4.337178e+03 4.341339e+03 4.371224e+03 4.367062e+03
9.0 4.339022e+03 4.350133e+03 4.370868e+03 4.359757e+03
10.0 4.401564e+03 4.362602e+03 4.370290e+03 4.409252e+03
11.0 4.378406e+03 4.374269e+03 4.369789e+03 4.373927e+03
12.0 4.347661e+03 4.377863e+03 4.369452e+03 4.339249e+03
13.0 4.330346e+03 4.367766e+03 4.369251e+03 4.331831e+03
14.0 4.350907e+03 4.365882e+03 4.369134e+03 4.354159e+03
15.0 4.315396e+03 4.364941e+03 4.369059e+03 4.319514e+03
16.0 4.394128e+03 4.366723e+03 4.369000e+03 4.396405e+03
17.0 4.378704e+03 4.375330e+03 4.368948e+03 4.372322e+03
0.8 4.427214e+03 4.367749e+03 4.368031e+03 4.427495e+03
1.8 4.347741e+03 4.360335e+03 4.366858e+03 4.354265e+03
2.8 4.447897e+03 4.381073e+03 4.363660e+03 4.430484e+03
3.8 4.397860e+03 4.372760e+03 4.363270e+03 4.388369e+03
4.8 4.394663e+03 4.398506e+03 4.364097e+03 4.360254e+03
5.8 4.389020e+03 4.405566e+03 4.375682e+03 4.359137e+03
6.8 4.471492e+03 4.476575e+03 4.398449e+03 4.393365e+03
7.8 4.478003e+03 4.441627e+03 4.403285e+03 4.439661e+03
8.8 4.459446e+03 4.415195e+03 4.407775e+03 4.452026e+03
9.8 4.409140e+03 4.425619e+03 4.408826e+03 4.392347e+03
10.8 4.379881e+03 4.406594e+03 4.403154e+03 4.376441e+03
11.8 4.339951e+03 4.366453e+03 4.388636e+03 4.362134e+03
12.8 4.324689e+03 4.372814e+03 4.373991e+03 4.325866e+03
13.8 4.329686e+03 4.345411e+03 4.360925e+03 4.345200e+03
14.8 4.322880e+03 4.337613e+03 4.353947e+03 4.339214e+03
15.8 4.286033e+03 4.330021e+03 4.349444e+03 4.305456e+03
16.8 4.282996e+03 4.378752e+03 4.343807e+03 4.248051e+03
17.8 4.337448e+03 4.358213e+03 4.343626e+03 4.322861e+03
0.7 4.324689e+03 4.372814e+03 4.373991e+03 4.325866e+03
1.7 4.329686e+03 4.345411e+03 4.360925e+03 4.345200e+03
2.7 4.322880e+03 4.337613e+03 4.353947e+03 4.339214e+03
3.7 4.286033e+03 4.330021e+03 4.349444e+03 4.305456e+03
4.7 4.282996e+03 4.378752e+03 4.343807e+03 4.248051e+03
5.7 4.337448e+03 4.358213e+03 4.343626e+03 4.322861e+03
6.7 4.365206e+03 4.369679e+03 4.335558e+03 4.331085e+03
7.7 4.481110e+03 4.373676e+03 4.333900e+03 4.441335e+03
8.7 4.430845e+03 4.360431e+03 4.322335e+03 4.392749e+03
9.7 4.385847e+03 4.371698e+03 4.331162e+03 4.345311e+03
10.7 4.312703e+03 4.368673e+03 4.350557e+03 4.294587e+03
11.7 4.240340e+03 4.322820e+03 4.364361e+03 4.281881e+03
12.7 4.326948e+03 4.335240e+03 4.377326e+03 4.369034e+03
13.7 4.334829e+03 4.361649e+03 4.385430e+03 4.358609e+03
14.7 4.393713e+03 4.359722e+03 4.382564e+03 4.416555e+03
15.7 4.323524e+03 4.352697e+03 4.377968e+03 4.348795e+03
16.7 4.332650e+03 4.375901e+03 4.369593e+03 4.326342e+03
17.7 4.374658e+03 4.386585e+03 4.356488e+03 4.344560e+03
0.5 4.322880e+03 4.337613e+03 4.353947e+03 4.339214e+03
1.5 4.286033e+03 4.330021e+03 4.349444e+03 4.305456e+03
2.5 4.282996e+03 4.378752e+03 4.343807e+03 4.248051e+03
3.5 4.337448e+03 4.358213e+03 4.343626e+03 4.322861e+03
4.5 4.365206e+03 4.369679e+03 4.335558e+03 4.331085e+03
5.5 4.481110e+03 4.373676e+03 4.333900e+03 4.441335e+03
6.5 4.430845e+03 4.360431e+03 4.322335e+03 4.392749e+03
7.5 4.385847e+03 4.371698e+03 4.331162e+03 4.345311e+03
8.5 4.312703e+03 4.368673e+03 4.350557e+03 4.294587e+03
9.5 4.240340e+03 4.322820e+03 4.364361e+03 4.281881e+03
10.5 4.326948e+03 4.335240e+03 4.377326e+03 4.369034e+03
11.5 4.334829e+03 4.361649e+03 4.385430e+03 4.358609e+03
12.5 4.393713e+03 4.359722e+03 4.382564e+03 4.416555e+03
13.5 4.323524e+03 4.352697e+03 4.377968e+03 4.348795e+03
14.5 4.332650e+03 4.375901e+03 4.369593e+03 4.326342e+03
15.5 4.374658e+03 4.386585e+03 4.356488e+03 4.344560e+03
16.5 4.366427e+03 4.382220e+03 4.350978e+03 4.335184e+03
17.5 4.384263e+03 4.374821e+03 4.355325e+03 4.364768e+03
0.3 4.282996e+03 4.378752e+03 4.343807e+03 4.248051e+03
1.3 4.337448e+03 4.358213e+03 4.343626e+03 4.322861e+03
2.3 4.365206e+03 4.369679e+03 4.335558e+03 4.331085e+03
3.3 4.481110e+03 4.373676e+03 4.333900e+03 4.441335e+03
4.3 4.430845e+03 4.360431e+03 4.322335e+03 4.392749e+03
5.3 4.385847e+03 4.371698e+03 4.331162e+03 4.345311e+03
6.3 4.312703e+03 4.368673e+03 4.350557e+03 4.294587e+03
7.3 4.240340e+03 4.322820e+03 4.364361e+03 4.281881e+03
8.3 4.326948e+03 4.335240e+03 4.377326e+03 4.369034e+03
9.3 4.334829e+03 4.361649e+03 4.385430e+03 4.358609e+03
10.3 4.393713e+03 4.359722e+03 4.382564e+03 4.416555e+03
11.3 4.323524e+03 4.352697e+03 4.377968e+03 4.348795e+03
12.3 4.332650e+03 4.375901e+03 4.369593e+03 4.326342e+03
13.3 4.374658e+03 4.386585e+03 4.356488e+03 4.344560e+03
14.3 4.366427e+03 4.382220e+03 4.350978e+03 4.335184e+03
15.3 4.384263e+03 4.374821e+03 4.355325e+03 4.364768e+03
16.3 4.345826e+03 4.354475e+03 4.360806e+03 4.352157e+03
17.3 4.337824e+03 4.359898e+03 4.364279e+03 4.342205e+03
0.2 4.365206e+03 4.369679e+03 4.335558e+03 4.331085e+03
1.2 4.481110e+03 4.373676e+03 4.333900e+03 4.441335e+03
2.2 4.430845e+03 4.360431e+03 4.322335e+03 4.392749e+03
3.2 4.385847e+03 4.371698e+03 4.331162e+03 4.345311e+03
4.2 4.312703e+03 4.368673e+03 4.350557e+03 4.294587e+03
5.2 4.240340e+03 4.322820e+03 4.364361e+03 4.281881e+03
6.2 4.326948e+03 4.335240e+03 4.377326e+03 4.369034e+03
7.2 4.334829e+03 4.361649e+03 4.385430e+03 4.358609e+03
8.2 4.393713e+03 4.359722e+03 4.382564e+03 4.416555e+03
9.2 4.323524e+03 4.352697e+03 4.377968e+03 4.348795e+03
10.2 4.332650e+03 4.375901e+03 4.369593e+03 4.326342e+03
11.2 4.374658e+03 4.386585e+03 4.356488e+03 4.344560e+03
12.2 4.366427e+03 4.382220e+03 4.350978e+03 4.335184e+03
13.2 4.384263e+03 4.374821e+03 4.355325e+03 4.364768e+03
14.2 4.345826e+03 4.354475e+03 4.360806e+03 4.352157e+03
15.2 4.337824e+03 4.359898e+03 4.364279e+03 4.342205e+03
16.2 4.339178e+03 4.352999e+03 4.366029e+03 4.352208e+03
17.2 4.356406e+03 4.350386e+03 4.369366e+03 4.375386e+03
0.2 4.393713e+03 4.359722e+03 4.382564e+03 4.416555e+03
1.2 4.323524e+03 4.352697e+03 4.377968e+03 4.348795e+03
2.2 4.332650e+03 4.375901e+03 4.369593e+03 4.326342e+03
3.2 4.374658e+03 4.386585e+03 4.356488e+03 4.344560e+03
4.2 4.366427e+03 4.382220e+03 4.350978e+03 4.335184e+03
5.2 4.384263e+03 4.374821e+03 4.355325e+03 4.364768e+03
6.2 4.345826e+03 4.354475e+03 4.360806e+03 4.352157e+03
7.2 4.337824e+03 4.359898e+03 4.364279e+03 4.342205e+03
8.2 4.339178e+03 4.352999e+03 4.366029e+03 4.352208e+03
9.2 4.356406e+03 4.350386e+03 4.369366e+03 4.375386e+03
10.2 4.417302e+03 4.438225e+03 4.397491e+03 4.376568e+03
11.2 4.463639e+03 4.435497e+03 4.418351e+03 4.446492e+03
12.2 4.455141e+03 4.433368e+03 4.427181e+03 4.448954e+03
13.2 4.450456e+03 4.411123e+03 4.422705e+03 4.462038e+03
14.2 4.428236e+03 4.389620e+03 4.413123e+03 4.451739e+03
15.2 4.405083e+03 4.447476e+03 4.402595e+03 4.360202e+03
16.2 4.392516e+03 4.433500e+03 4.393214e+03 4.352229e+03
17.2 4.355825e+03 4.375587e+03 4.384723e+03 4.364961e+03
0.9 4.332650e+03 4.375901e+03 4.369593e+03 4.326342e+03
1.9 4.374658e+03 4.386585e+03 4.356488e+03 4.344560e+03
2.9 4.366427e+03 4.382220e+03 4.350978e+03 4.335184e+03
3.9 4.384263e+03 4.374821e+03 4.355325e+03 4.364768e+03
4.9 4.345826e+03 4.354475e+03 4.360806e+03 4.352157e+03
5.9 4.337824e+03 4.359898e+03 4.364279e+03 4.342205e+03
6.9 4.339178e+03 4.352999e+03 4.366029e+03 4.352208e+03
7.9 4.356406e+03 4.350386e+03 4.369366e+03 4.375386e+03
8.9 4.417302e+03 4.438225e+03 4.397491e+03 4.376568e+03
9.9 4.463639e+03 4.435497e+03 4.418351e+03 4.446492e+03
10.9 4.455141e+03 4.433368e+03 4.427181e+03 4.448954e+03
11.9 4.450456e+03 4.411123e+03 4.422705e+03 4.462038e+03
12.9 4.428236e+03 4.389620e+03 4.413123e+03 4.451739e+03
13.9 4.405083e+03 4.447476e+03 4.402595e+03 4.360202e+03
14.9 4.392516e+03 4.433500e+03 4.393214e+03 4.352229e+03
15.9 4.355825e+03 4.375587e+03 4.384723e+03 4.364961e+03
16.9 4.343858e+03 4.351423e+03 4.375247e+03 4.367683e+03
17.9 4.373449e+03 4.392100e+03 4.368394e+03 4.349743e+03
0.9 4.358427e+03 4.351819e+03 4.365281e+03 4.371888e+03
1.9 4.377099e+03 4.370040e+03 4.358646e+03 4.365705e+03
2.9 4.375339e+03 4.367528e+03 4.345996e+03 4.353808e+03
3.9 4.347465e+03 4.372538e+03 4.343261e+03 4.318187e+03
4.9 4.382821e+03 4.343378e+03 4.336657e+03 4.376100e+03
5.9 4.339278e+03 4.342187e+03 4.326204e+03 4.323295e+03
6.9 4.324660e+03 4.341565e+03 4.320269e+03 4.303364e+03
7.9 4.315261e+03 4.348731e+03 4.313586e+03 4.280115e+03
8.9 4.377528e+03 4.359538e+03 4.313423e+03 4.331413e+03
9.9 4.407503e+03 4.366358e+03 4.337850e+03 4.378994e+03
10.9 4.362119e+03 4.345384e+03 4.361857e+03 4.378592e+03
11.9 4.338888e+03 4.336836e+03 4.375034e+03 4.377085e+03
12.9 4.327890e+03 4.329356e+03 4.379949e+03 4.378483e+03
13.9 4.305516e+03 4.329159e+03 4.380329e+03 4.356686e+03
14.9 4.312030e+03 4.333750e+03 4.378601e+03 4.356881e+03
15.9 4.339659e+03 4.351134e+03 4.376291e+03 4.364817e+03
16.9 4.378011e+03 4.355234e+03 4.374235e+03 4.397012e+03
17.9 4.319296e+03 4.341808e+03 4.372697e+03 4.350184e+03
0.9 4.377099e+03 4.370040e+03 4.358646e+03 4.365705e+03
1.9 4.375339e+03 4.367528e+03 4.345996e+03 4.353808e+03
2.9 4.347465e+03 4.372538e+03 4.343261e+03 4.318187e+03
3.9 4.382821e+03 4.343378e+03 4.336657e+03 4.376100e+03
4.9 4.339278e+03 4.342187e+03 4.326204e+03 4.323295e+03
5.9 4.324660e+03 4.341565e+03 4.320269e+03 4.303364e+03
6.9 4.315261e+03 4.348731e+03 4.313586e+03 4.280115e+03
7.9 4.377528e+03 4.359538e+03 4.313423e+03 4.331413e+03
8.9 4.407503e+03 4.366358e+03 4.337850e+03 4.378994e+03
9.9 4.362119e+03 4.345384e+03 4.361857e+03 4.378592e+03
10.9 4.338888e+03 4.336836e+03 4.375034e+03 4.377085e+03
11.9 4.327890e+03 4.329356e+03 4.379949e+03 4.378483e+03
12.9 4.305516e+03 4.329159e+03 4.380329e+03 4.356686e+03
13.9 4.312030e+03 4.333750e+03 4.378601e+03 4.356881e+03
14.9 4.339659e+03 4.351134e+03 4.376291e+03 4.364817e+03
15.9 4.378011e+03 4.355234e+03 4.374235e+03 4.397012e+03
16.9 4.319296e+03 4.341808e+03 4.372697e+03 4.350184e+03
17.9 4.373381e+03 4.344943e+03 4.371612e+03 4.400050e+03
1.0 4.347465e+03 4.372538e+03 4.343261e+03 4.318187e+03
2.0 4.382821e+03 4.343378e+03 4.336657e+03 4.376100e+03
3.0 4.339278e+03 4.342187e+03 4.326204e+03 4.323295e+03
4.0 4.324660e+03 4.341565e+03 4.320269e+03 4.303364e+03
5.0 4.315261e+03 4.348731e+03 4.313586e+03 4.280115e+03
6.0 4.377528e+03 4.359538e+03 4.313423e+03 4.331413e+03
7.0 4.407503e+03 4.366358e+03 4.337850e+03 4.378994e+03
8.0 4.362119e+03 4.345384e+03 4.361857e+03 4.378592e+03
9.0 4.338888e+03 4.336836e+03 4.375034e+03 4.377085e+03
10.0 4.327890e+03 4.329356e+03 4.379949e+03 4.378483e+03
11.0 4.305516e+03 4.329159e+03 4.380329e+03 4.356686e+03
12.0 4.312030e+03 4.333750e+03 4.378601e+03 4.356881e+03
13.0 4.339659e+03 4.351134e+03 4.376291e+03 4.364817e+03
14.0 4.378011e+03 4.355234e+03 4.374235e+03 4.397012e+03
15.0 4.319296e+03 4.341808e+03 4.372697e+03 4.350184e+03
16.0 4.373381e+03 4.344943e+03 4.371612e+03 4.400050e+03
17.0 4.373529e+03 4.354442e+03 4.370823e+03 4.389911e+03
18.0 4.440629e+03 4.396521e+03 4.370198e+03 4.414305e+03
0.5 4.382821e+03 4.343378e+03 4.336657e+03 4.376100e+03
1.5 4.339278e+03 4.342187e+03 4.326204e+03 4.323295e+03
2.5 4.324660e+03 4.341565e+03 4.320269e+03 4.303364e+03
3.5 4.315261e+03 4.348731e+03 4.313586e+03 4.280115e+03
4.5 4.377528e+03 4.359538e+03 4.313423e+03 4.331413e+03
5.5 4.407503e+03 4.366358e+03 4.337850e+03 4.378994e+03
6.5 4.362119e+03 4.345384e+03 4.361857e+03 4.378592e+03
7.5 4.338888e+03 4.336836e+03 4.375034e+03 4.377085e+03
8.5 4.327890e+03 4.329356e+03 4.379949e+03 4.378483e+03
9.5 4.305516e+03 4.329159e+03 4.380329e+03 4.356686e+03
10.5 4.312030e+03 4.333750e+03 4.378601e+03 4.356881e+03
11.5 4.339659e+03 4.351134e+03 4.376291e+03 4.364817e+03
12.5 4.378011e+03 4.355234e+03 4.374235e+03 4.397012e+03
13.5 4.319296e+03 4.341808e+03 4.372697e+03 4.350184e+03
14.5 4.373381e+03 4.344943e+03 4.371612e+03 4.400050e+03
15.5 4.373529e+03 4.354442e+03 4.370823e+03 4.389911e+03
16.5 4.440629e+03 4.396521e+03 4.370198e+03 4.414305e+03
17.5 4.415427e+03 4.382792e+03 4.369653e+03 4.402287e+03
0.7 4.324660e+03 4.341565e+03 4.320269e+03 4.303364e+03
1.7 4.315261e+03 4.348731e+03 4.313586e+03 4.280115e+03
2.7 4.377528e+03 4.359538e+03 4.313423e+03 4.331413e+03
3.7 4.407503e+03 4.366358e+03 4.337850e+03 4.378994e+03
4.7 4.362119e+03 4.345384e+03 4.361857e+03 4.378592e+03
5.7 4.338888e+03 4.336836e+03 4.375034e+03 4.377085e+03
6.7 4.327890e+03 4.329356e+03 4.379949e+03 4.378483e+03
7.7 4.305516e+03 4.329159e+03 4.380329e+03 4.356686e+03
8.7 4.312030e+03 4.333750e+03 4.378601e+03 4.356881e+03
9.7 4.339659e+03 4.351134e+03 4.376291e+03 4.364817e+03
10.7 4.378011e+03 4.355234e+03 4.374235e+03 4.397012e+03
11.7 4.319296e+03 4.341808e+03 4.372697e+03 4.350184e+03
12.7 4.373381e+03 4.344943e+03 4.371612e+03 4.400050e+03
13.7 4.373529e+03 4.354442e+03 4.370823e+03 4.389911e+03
14.7 4.440629e+03 4.396521e+03 4.370198e+03 4.414305e+03
15.7 4.415427e+03 4.382792e+03 4.369653e+03 4.402287e+03
16.7 4.330390e+03 4.329326e+03 4.369157e+03 4.370221e+03
17.7 4.370310e+03 4.319602e+03 4.368703e+03 4.419411e+03
0.0 4.450679e+03 4.419101e+03 4.373596e+03 4.405174e+03
1.0 4.423668e+03 4.398340e+03 4.370479e+03 4.395808e+03
2.0 4.430438e+03 4.407986e+03 4.365085e+03 4.387537e+03
3.0 4.387850e+03 4.390149e+03 4.363319e+03 4.361020e+03
4.0 4.386441e+03 4.385471e+03 4.359695e+03 4.360665e+03
5.0 4.369471e+03 4.389508e+03 4.354631e+03 4.334594e+03
6.0 4.403301e+03 4.419175e+03 4.357229e+03 4.341356e+03
7.0 4.383290e+03 4.406753e+03 4.348890e+03 4.325427e+03
8.0 4.397272e+03 4.410805e+03 4.346346e+03 4.332813e+03
9.0 4.418344e+03 4.384583e+03 4.345889e+03 4.379649e+03
10.0 4.369394e+03 4.365857e+03 4.335121e+03 4.338658e+03
11.0 4.381404e+03 4.380440e+03 4.343437e+03 4.344401e+03
12.0 4.371426e+03 4.366758e+03 4.359104e+03 4.363771e+03
13.0 4.380842e+03 4.339450e+03 4.369597e+03 4.410989e+03
14.0 4.356796e+03 4.354727e+03 4.374401e+03 4.376470e+03
15.0 4.359951e+03 4.352891e+03 4.375806e+03 4.382866e+03
16.0 4.339758e+03 4.368679e+03 4.375440e+03 4.346519e+03
17.0 4.341919e+03 4.342873e+03 4.374352e+03 4.373398e+03
0.5 4.387850e+03 4.390149e+03 4.363319e+03 4.361020e+03
1.5 4.386441e+03 4.385471e+03 4.359695e+03 4.360665e+03
2.5 4.369471e+03 4.389508e+03 4.354631e+03 4.334594e+03
3.5 4.403301e+03 4.419175e+03 4.357229e+03 4.341356e+03
4.5 4.383290e+03 4.406753e+03 4.348890e+03 4.325427e+03
5.5 4.397272e+03 4.410805e+03 4.346346e+03 4.332813e+03
6.5 4.418344e+03 4.384583e+03 4.345889e+03 4.379649e+03
7.5 4.369394e+03 4.365857e+03 4.335121e+03 4.338658e+03
8.5 4.381404e+03 4.380440e+03 4.343437e+03 4.344401e+03
9.5 4.371426e+03 4.366758e+03 4.359104e+03 4.363771e+03
10.5 4.380842e+03 4.339450e+03 4.369597e+03 4.410989e+03
11.5 4.356796e+03 4.354727e+03 4.374401e+03 4.376470e+03
12.5 4.359951e+03 4.352891e+03 4.375806e+03 4.382866e+03
13.5 4.339758e+03 4.368679e+03 4.375440e+03 4.346519e+03
14.5 4.341919e+03 4.342873e+03 4.374352e+03 4.373398e+03
15.5 4.299471e+03 4.370214e+03 4.373204e+03 4.302461e+03
16.5 4.339891e+03 4.382068e+03 4.372301e+03 4.330124e+03
17.5 4.356192e+03 4.388702e+03 4.371682e+03 4.339173e+03
0.9 4.403301e+03 4.419175e+03 4.357229e+03 4.341356e+03
1.9 4.383290e+03 4.406753e+03 4.348890e+03 4.325427e+03
2.9 4.397272e+03 4.410805e+03 4.346346e+03 4.332813e+03
3.9 4.418344e+03 4.384583e+03 4.345889e+03 4.379649e+03
4.9 4.369394e+03 4.365857e+03 4.335121e+03 4.338658e+03
5.9 4.381404e+03 4.380440e+03 4.343437e+03 4.344401e+03
6.9 4.371426e+03 4.366758e+03 4.359104e+03 4.363771e+03
7.9 4.380842e+03 4.339450e+03 4.369597e+03 4.410989e+03
8.9 4.356796e+03 4.354727e+03 4.374401e+03 4.376470e+03
9.9 4.359951e+03 4.352891e+03 4.375806e+03 4.382866e+03
10.9 4.339758e+03 4.368679e+03 4.375440e+03 4.346519e+03
11.9 4.341919e+03 4.342873e+03 4.374352e+03 4.373398e+03
12.9 4.299471e+03 4.370214e+03 4.373204e+03 4.302461e+03
13.9 4.339891e+03 4.382068e+03 4.372301e+03 4.330124e+03
14.9 4.356192e+03 4.388702e+03 4.371682e+03 4.339173e+03
15.9 4.361105e+03 4.375079e+03 4.371271e+03 4.357297e+03
16.9 4.324581e+03 4.354105e+03 4.370980e+03 4.341457e+03
17.9 4.339459e+03 4.334304e+03 4.370748e+03 4.375904e+03
0.4 4.397272e+03 4.410805e+03 4.346346e+03 4.332813e+03
1.4 4.418344e+03 4.384583e+03 4.345889e+03 4.379649e+03
2.4 4.369394e+03 4.365857e+03 4.335121e+03 4.338658e+03
3.4 4.381404e+03 4.380440e+03 4.343437e+03 4.344401e+03
4.4 4.371426e+03 4.366758e+03 4.359104e+03 4.363771e+03
5.4 4.380842e+03 4.339450e+03 4.369597e+03 4.410989e+03
6.4 4.356796e+03 4.354727e+03 4.374401e+03 4.376470e+03
7.4 4.359951e+03 4.352891e+03 4.375806e+03 4.382866e+03
8.4 4.339758e+03 4.368679e+03 4.375440e+03 4.346519e+03
9.4 4.341919e+03 4.342873e+03 4.374352e+03 4.373398e+03
10.4 4.299471e+03 4.370214e+03 4.373204e+03 4.302461e+03
11.4 4.339891e+03 4.382068e+03 4.372301e+03 4.330124e+03
12.4 4.356192e+03 4.388702e+03 4.371682e+03 4.339173e+03
13.4 4.361105e+03 4.375079e+03 4.371271e+03 4.357297e+03
14.4 4.324581e+03 4.354105e+03 4.370980e+03 4.341457e+03
15.4 4.339459e+03 4.334304e+03 4.370748e+03 4.375904e+03
16.4 4.348519e+03 4.347573e+03 4.370542e+03 4.371487e+03
17.4 4.412081e+03 4.386193e+03 4.370348e+03 4.396235e+03
