0.5 1.031104e+04 1.025594e+04 1.028849e+04 1.034359e+04
1.5 1.024268e+04 1.027625e+04 1.028821e+04 1.025464e+04
2.5 1.020809e+04 1.030759e+04 1.028818e+04 1.018868e+04
3.5 1.041395e+04 1.032329e+04 1.028853e+04 1.037919e+04
4.5 1.034028e+04 1.031440e+04 1.028887e+04 1.031475e+04
5.5 1.030386e+04 1.030299e+04 1.028906e+04 1.028993e+04
6.5 1.027381e+04 1.029375e+04 1.028912e+04 1.026919e+04
7.5 1.028763e+04 1.029076e+04 1.028892e+04 1.028579e+04
8.5 1.023628e+04 1.026774e+04 1.028841e+04 1.025694e+04
9.5 1.020362e+04 1.025742e+04 1.028807e+04 1.023428e+04
10.5 1.036040e+04 1.028972e+04 1.028783e+04 1.035851e+04
11.5 1.034889e+04 1.029197e+04 1.028773e+04 1.034466e+04
12.5 1.020621e+04 1.029056e+04 1.028812e+04 1.020376e+04
13.5 1.026758e+04 1.026037e+04 1.028861e+04 1.029582e+04
14.5 1.033117e+04 1.027658e+04 1.028892e+04 1.034350e+04
15.5 1.022979e+04 1.026723e+04 1.028905e+04 1.025160e+04
16.5 1.032317e+04 1.027444e+04 1.028908e+04 1.033781e+04
17.5 1.029879e+04 1.028961e+04 1.028906e+04 1.029824e+04
0.3 1.027381e+04 1.029375e+04 1.028912e+04 1.026919e+04
1.3 1.028763e+04 1.029076e+04 1.028892e+04 1.028579e+04
2.3 1.023628e+04 1.026774e+04 1.028841e+04 1.025694e+04
3.3 1.020362e+04 1.025742e+04 1.028807e+04 1.023428e+04
4.3 1.036040e+04 1.028972e+04 1.028783e+04 1.035851e+04
5.3 1.034889e+04 1.029197e+04 1.028773e+04 1.034466e+04
6.3 1.020621e+04 1.029056e+04 1.028812e+04 1.020376e+04
7.3 1.026758e+04 1.026037e+04 1.028861e+04 1.029582e+04
8.3 1.033117e+04 1.027658e+04 1.028892e+04 1.034350e+04
9.3 1.022979e+04 1.026723e+04 1.028905e+04 1.025160e+04
10.3 1.032317e+04 1.027444e+04 1.028908e+04 1.033781e+04
11.3 1.029879e+04 1.028961e+04 1.028906e+04 1.029824e+04
12.3 1.023903e+04 1.029113e+04 1.028902e+04 1.023693e+04
13.3 1.027052e+04 1.029145e+04 1.028899e+04 1.026806e+04
14.3 1.031952e+04 1.029302e+04 1.028897e+04 1.031548e+04
15.3 1.027796e+04 1.029308e+04 1.028897e+04 1.027385e+04
16.3 1.027126e+04 1.028340e+04 1.028897e+04 1.027683e+04
17.3 1.027769e+04 1.028154e+04 1.028897e+04 1.028513e+04
0.6 1.023628e+04 1.026774e+04 1.028841e+04 1.025694e+04
1.6 1.020362e+04 1.025742e+04 1.028807e+04 1.023428e+04
2.6 1.036040e+04 1.028972e+04 1.028783e+04 1.035851e+04
3.6 1.034889e+04 1.029197e+04 1.028773e+04 1.034466e+04
4.6 1.020621e+04 1.029056e+04 1.028812e+04 1.020376e+04
5.6 1.026758e+04 1.026037e+04 1.028861e+04 1.029582e+04
6.6 1.033117e+04 1.027658e+04 1.028892e+04 1.034350e+04
7.6 1.022979e+04 1.026723e+04 1.028905e+04 1.025160e+04
8.6 1.032317e+04 1.027444e+04 1.028908e+04 1.033781e+04
9.6 1.029879e+04 1.028961e+04 1.028906e+04 1.029824e+04
10.6 1.023903e+04 1.029113e+04 1.028902e+04 1.023693e+04
11.6 1.027052e+04 1.029145e+04 1.028899e+04 1.026806e+04
12.6 1.031952e+04 1.029302e+04 1.028897e+04 1.031548e+04
13.6 1.027796e+04 1.029308e+04 1.028897e+04 1.027385e+04
14.6 1.027126e+04 1.028340e+04 1.028897e+04 1.027683e+04
15.6 1.027769e+04 1.028154e+04 1.028897e+04 1.028513e+04
16.6 1.033444e+04 1.029095e+04 1.028898e+04 1.033247e+04
17.6 1.030251e+04 1.029430e+04 1.028891e+04 1.029712e+04
0.3 1.020362e+04 1.025742e+04 1.028807e+04 1.023428e+04
1.3 1.036040e+04 1.028972e+04 1.028783e+04 1.035851e+04
2.3 1.034889e+04 1.029197e+04 1.028773e+04 1.034466e+04
3.3 1.020621e+04 1.029056e+04 1.028812e+04 1.020376e+04
4.3 1.026758e+04 1.026037e+04 1.028861e+04 1.029582e+04
5.3 1.033117e+04 1.027658e+04 1.028892e+04 1.034350e+04
6.3 1.022979e+04 1.026723e+04 1.028905e+04 1.025160e+04
7.3 1.032317e+04 1.027444e+04 1.028908e+04 1.033781e+04
8.3 1.029879e+04 1.028961e+04 1.028906e+04 1.029824e+04
9.3 1.023903e+04 1.029113e+04 1.028902e+04 1.023693e+04
10.3 1.027052e+04 1.029145e+04 1.028899e+04 1.026806e+04
11.3 1.031952e+04 1.029302e+04 1.028897e+04 1.031548e+04
12.3 1.027796e+04 1.029308e+04 1.028897e+04 1.027385e+04
13.3 1.027126e+04 1.028340e+04 1.028897e+04 1.027683e+04
14.3 1.027769e+04 1.028154e+04 1.028897e+04 1.028513e+04
15.3 1.033444e+04 1.029095e+04 1.028898e+04 1.033247e+04
16.3 1.030251e+04 1.029430e+04 1.028891e+04 1.029712e+04
17.3 1.029352e+04 1.026469e+04 1.028847e+04 1.031730e+04
1.0 1.030251e+04 1.029430e+04 1.028891e+04 1.029712e+04
2.0 1.029352e+04 1.026469e+04 1.028847e+04 1.031730e+04
3.0 1.025966e+04 1.023858e+04 1.028811e+04 1.030919e+04
4.0 1.022285e+04 1.025583e+04 1.028788e+04 1.025490e+04
5.0 1.030106e+04 1.029639e+04 1.028776e+04 1.029243e+04
6.0 1.035300e+04 1.031724e+04 1.028808e+04 1.032384e+04
7.0 1.018555e+04 1.030168e+04 1.028860e+04 1.017247e+04
8.0 1.033372e+04 1.030350e+04 1.028897e+04 1.031918e+04
9.0 1.026679e+04 1.030508e+04 1.028906e+04 1.025077e+04
10.0 1.028013e+04 1.028868e+04 1.028862e+04 1.028007e+04
11.0 1.023044e+04 1.027357e+04 1.028817e+04 1.024504e+04
12.0 1.030786e+04 1.028834e+04 1.028770e+04 1.030721e+04
13.0 1.036528e+04 1.030394e+04 1.028773e+04 1.034906e+04
14.0 1.013823e+04 1.025393e+04 1.028830e+04 1.017259e+04
15.0 1.030680e+04 1.026677e+04 1.028882e+04 1.032884e+04
16.0 1.033820e+04 1.030685e+04 1.028907e+04 1.032041e+04
17.0 1.028852e+04 1.030612e+04 1.028873e+04 1.027113e+04
18.0 1.027084e+04 1.028900e+04 1.028827e+04 1.027011e+04
0.4 1.029352e+04 1.026469e+04 1.028847e+04 1.031730e+04
1.4 1.025966e+04 1.023858e+04 1.028811e+04 1.030919e+04
2.4 1.022285e+04 1.025583e+04 1.028788e+04 1.025490e+04
3.4 1.030106e+04 1.029639e+04 1.028776e+04 1.029243e+04
4.4 1.035300e+04 1.031724e+04 1.028808e+04 1.032384e+04
5.4 1.018555e+04 1.030168e+04 1.028860e+04 1.017247e+04
6.4 1.033372e+04 1.030350e+04 1.028897e+04 1.031918e+04
7.4 1.026679e+04 1.030508e+04 1.028906e+04 1.025077e+04
8.4 1.028013e+04 1.028868e+04 1.028862e+04 1.028007e+04
9.4 1.023044e+04 1.027357e+04 1.028817e+04 1.024504e+04
10.4 1.030786e+04 1.028834e+04 1.028770e+04 1.030721e+04
11.4 1.036528e+04 1.030394e+04 1.028773e+04 1.034906e+04
12.4 1.013823e+04 1.025393e+04 1.028830e+04 1.017259e+04
13.4 1.030680e+04 1.026677e+04 1.028882e+04 1.032884e+04
14.4 1.033820e+04 1.030685e+04 1.028907e+04 1.032041e+04
15.4 1.028852e+04 1.030612e+04 1.028873e+04 1.027113e+04
16.4 1.027084e+04 1.028900e+04 1.028827e+04 1.027011e+04
17.4 1.030154e+04 1.029684e+04 1.028796e+04 1.029266e+04
0.0 1.025966e+04 1.023858e+04 1.028811e+04 1.030919e+04
1.0 1.022285e+04 1.025583e+04 1.028788e+04 1.025490e+04
2.0 1.030106e+04 1.029639e+04 1.028776e+04 1.029243e+04
3.0 1.035300e+04 1.031724e+04 1.028808e+04 1.032384e+04
4.0 1.018555e+04 1.030168e+04 1.028860e+04 1.017247e+04
5.0 1.033372e+04 1.030350e+04 1.028897e+04 1.031918e+04
6.0 1.026679e+04 1.030508e+04 1.028906e+04 1.025077e+04
7.0 1.028013e+04 1.028868e+04 1.028862e+04 1.028007e+04
8.0 1.023044e+04 1.027357e+04 1.028817e+04 1.024504e+04
9.0 1.030786e+04 1.028834e+04 1.028770e+04 1.030721e+04
10.0 1.036528e+04 1.030394e+04 1.028773e+04 1.034906e+04
11.0 1.013823e+04 1.025393e+04 1.028830e+04 1.017259e+04
12.0 1.030680e+04 1.026677e+04 1.028882e+04 1.032884e+04
13.0 1.033820e+04 1.030685e+04 1.028907e+04 1.032041e+04
14.0 1.028852e+04 1.030612e+04 1.028873e+04 1.027113e+04
15.0 1.027084e+04 1.028900e+04 1.028827e+04 1.027011e+04
16.0 1.030154e+04 1.029684e+04 1.028796e+04 1.029266e+04
17.0 1.035380e+04 1.033486e+04 1.028778e+04 1.030673e+04
0.1 1.033372e+04 1.030350e+04 1.028897e+04 1.031918e+04
1.1 1.026679e+04 1.030508e+04 1.028906e+04 1.025077e+04
2.1 1.028013e+04 1.028868e+04 1.028862e+04 1.028007e+04
3.1 1.023044e+04 1.027357e+04 1.028817e+04 1.024504e+04
4.1 1.030786e+04 1.028834e+04 1.028770e+04 1.030721e+04
5.1 1.036528e+04 1.030394e+04 1.028773e+04 1.034906e+04
6.1 1.013823e+04 1.025393e+04 1.028830e+04 1.017259e+04
7.1 1.030680e+04 1.026677e+04 1.028882e+04 1.032884e+04
8.1 1.033820e+04 1.030685e+04 1.028907e+04 1.032041e+04
9.1 1.028852e+04 1.030612e+04 1.028873e+04 1.027113e+04
10.1 1.027084e+04 1.028900e+04 1.028827e+04 1.027011e+04
11.1 1.030154e+04 1.029684e+04 1.028796e+04 1.029266e+04
12.1 1.035380e+04 1.033486e+04 1.028778e+04 1.030673e+04
13.1 1.037506e+04 1.034064e+04 1.028803e+04 1.032244e+04
14.1 1.035752e+04 1.032060e+04 1.028855e+04 1.032546e+04
15.1 1.032106e+04 1.030025e+04 1.028892e+04 1.030974e+04
16.1 1.026391e+04 1.031114e+04 1.028910e+04 1.024187e+04
17.1 1.026518e+04 1.031023e+04 1.028914e+04 1.024409e+04
0.6 1.028013e+04 1.028868e+04 1.028862e+04 1.028007e+04
1.6 1.023044e+04 1.027357e+04 1.028817e+04 1.024504e+04
2.6 1.030786e+04 1.028834e+04 1.028770e+04 1.030721e+04
3.6 1.036528e+04 1.030394e+04 1.028773e+04 1.034906e+04
4.6 1.013823e+04 1.025393e+04 1.028830e+04 1.017259e+04
5.6 1.030680e+04 1.026677e+04 1.028882e+04 1.032884e+04
6.6 1.033820e+04 1.030685e+04 1.028907e+04 1.032041e+04
7.6 1.028852e+04 1.030612e+04 1.028873e+04 1.027113e+04
8.6 1.027084e+04 1.028900e+04 1.028827e+04 1.027011e+04
9.6 1.030154e+04 1.029684e+04 1.028796e+04 1.029266e+04
10.6 1.035380e+04 1.033486e+04 1.028778e+04 1.030673e+04
11.6 1.037506e+04 1.034064e+04 1.028803e+04 1.032244e+04
12.6 1.035752e+04 1.032060e+04 1.028855e+04 1.032546e+04
13.6 1.032106e+04 1.030025e+04 1.028892e+04 1.030974e+04
14.6 1.026391e+04 1.031114e+04 1.028910e+04 1.024187e+04
15.6 1.026518e+04 1.031023e+04 1.028914e+04 1.024409e+04
16.6 1.032788e+04 1.029437e+04 1.028883e+04 1.032234e+04
17.6 1.031059e+04 1.026774e+04 1.028826e+04 1.033111e+04
0.7 1.023044e+04 1.027357e+04 1.028817e+04 1.024504e+04
1.7 1.030786e+04 1.028834e+04 1.028770e+04 1.030721e+04
2.7 1.036528e+04 1.030394e+04 1.028773e+04 1.034906e+04
3.7 1.013823e+04 1.025393e+04 1.028830e+04 1.017259e+04
4.7 1.030680e+04 1.026677e+04 1.028882e+04 1.032884e+04
5.7 1.033820e+04 1.030685e+04 1.028907e+04 1.032041e+04
6.7 1.028852e+04 1.030612e+04 1.028873e+04 1.027113e+04
7.7 1.027084e+04 1.028900e+04 1.028827e+04 1.027011e+04
8.7 1.030154e+04 1.029684e+04 1.028796e+04 1.029266e+04
9.7 1.035380e+04 1.033486e+04 1.028778e+04 1.030673e+04
10.7 1.037506e+04 1.034064e+04 1.028803e+04 1.032244e+04
11.7 1.035752e+04 1.032060e+04 1.028855e+04 1.032546e+04
12.7 1.032106e+04 1.030025e+04 1.028892e+04 1.030974e+04
13.7 1.026391e+04 1.031114e+04 1.028910e+04 1.024187e+04
14.7 1.026518e+04 1.031023e+04 1.028914e+04 1.024409e+04
15.7 1.032788e+04 1.029437e+04 1.028883e+04 1.032234e+04
16.7 1.031059e+04 1.026774e+04 1.028826e+04 1.033111e+04
17.7 1.030778e+04 1.027637e+04 1.028786e+04 1.031926e+04
0.9 1.033820e+04 1.030685e+04 1.028907e+04 1.032041e+04
1.9 1.028852e+04 1.030612e+04 1.028873e+04 1.027113e+04
2.9 1.027084e+04 1.028900e+04 1.028827e+04 1.027011e+04
3.9 1.030154e+04 1.029684e+04 1.028796e+04 1.029266e+04
4.9 1.035380e+04 1.033486e+04 1.028778e+04 1.030673e+04
5.9 1.037506e+04 1.034064e+04 1.028803e+04 1.032244e+04
6.9 1.035752e+04 1.032060e+04 1.028855e+04 1.032546e+04
7.9 1.032106e+04 1.030025e+04 1.028892e+04 1.030974e+04
8.9 1.026391e+04 1.031114e+04 1.028910e+04 1.024187e+04
9.9 1.026518e+04 1.031023e+04 1.028914e+04 1.024409e+04
10.9 1.032788e+04 1.029437e+04 1.028883e+04 1.032234e+04
11.9 1.031059e+04 1.026774e+04 1.028826e+04 1.033111e+04
12.9 1.030778e+04 1.027637e+04 1.028786e+04 1.031926e+04
13.9 1.022522e+04 1.029662e+04 1.028767e+04 1.021626e+04
14.9 1.030684e+04 1.028509e+04 1.028785e+04 1.030960e+04
15.9 1.026154e+04 1.025518e+04 1.028835e+04 1.029471e+04
16.9 1.029691e+04 1.026741e+04 1.028875e+04 1.031824e+04
17.9 1.027178e+04 1.027007e+04 1.028895e+04 1.029066e+04
0.4 1.028852e+04 1.030612e+04 1.028873e+04 1.027113e+04
1.4 1.027084e+04 1.028900e+04 1.028827e+04 1.027011e+04
2.4 1.030154e+04 1.029684e+04 1.028796e+04 1.029266e+04
3.4 1.035380e+04 1.033486e+04 1.028778e+04 1.030673e+04
4.4 1.037506e+04 1.034064e+04 1.028803e+04 1.032244e+04
5.4 1.035752e+04 1.032060e+04 1.028855e+04 1.032546e+04
6.4 1.032106e+04 1.030025e+04 1.028892e+04 1.030974e+04
7.4 1.026391e+04 1.031114e+04 1.028910e+04 1.024187e+04
8.4 1.026518e+04 1.031023e+04 1.028914e+04 1.024409e+04
9.4 1.032788e+04 1.029437e+04 1.028883e+04 1.032234e+04
10.4 1.031059e+04 1.026774e+04 1.028826e+04 1.033111e+04
11.4 1.030778e+04 1.027637e+04 1.028786e+04 1.031926e+04
12.4 1.022522e+04 1.029662e+04 1.028767e+04 1.021626e+04
13.4 1.030684e+04 1.028509e+04 1.028785e+04 1.030960e+04
14.4 1.026154e+04 1.025518e+04 1.028835e+04 1.029471e+04
15.4 1.029691e+04 1.026741e+04 1.028875e+04 1.031824e+04
16.4 1.027178e+04 1.027007e+04 1.028895e+04 1.029066e+04
17.4 1.027688e+04 1.028150e+04 1.028901e+04 1.028439e+04
1.0 1.030154e+04 1.029684e+04 1.028796e+04 1.029266e+04
2.0 1.035380e+04 1.033486e+04 1.028778e+04 1.030673e+04
3.0 1.037506e+04 1.034064e+04 1.028803e+04 1.032244e+04
4.0 1.035752e+04 1.032060e+04 1.028855e+04 1.032546e+04
5.0 1.032106e+04 1.030025e+04 1.028892e+04 1.030974e+04
6.0 1.026391e+04 1.031114e+04 1.028910e+04 1.024187e+04
7.0 1.026518e+04 1.031023e+04 1.028914e+04 1.024409e+04
8.0 1.032788e+04 1.029437e+04 1.028883e+04 1.032234e+04
9.0 1.031059e+04 1.026774e+04 1.028826e+04 1.033111e+04
10.0 1.030778e+04 1.027637e+04 1.028786e+04 1.031926e+04
11.0 1.022522e+04 1.029662e+04 1.028767e+04 1.021626e+04
12.0 1.030684e+04 1.028509e+04 1.028785e+04 1.030960e+04
13.0 1.026154e+04 1.025518e+04 1.028835e+04 1.029471e+04
14.0 1.029691e+04 1.026741e+04 1.028875e+04 1.031824e+04
15.0 1.027178e+04 1.027007e+04 1.028895e+04 1.029066e+04
16.0 1.027688e+04 1.028150e+04 1.028901e+04 1.028439e+04
17.0 1.023203e+04 1.030726e+04 1.028900e+04 1.021377e+04
18.0 1.030248e+04 1.030510e+04 1.028896e+04 1.028634e+04
0.5 1.026518e+04 1.031023e+04 1.028914e+04 1.024409e+04
1.5 1.032788e+04 1.029437e+04 1.028883e+04 1.032234e+04
2.5 1.031059e+04 1.026774e+04 1.028826e+04 1.033111e+04
3.5 1.030778e+04 1.027637e+04 1.028786e+04 1.031926e+04
4.5 1.022522e+04 1.029662e+04 1.028767e+04 1.021626e+04
5.5 1.030684e+04 1.028509e+04 1.028785e+04 1.030960e+04
6.5 1.026154e+04 1.025518e+04 1.028835e+04 1.029471e+04
7.5 1.029691e+04 1.026741e+04 1.028875e+04 1.031824e+04
8.5 1.027178e+04 1.027007e+04 1.028895e+04 1.029066e+04
9.5 1.027688e+04 1.028150e+04 1.028901e+04 1.028439e+04
10.5 1.023203e+04 1.030726e+04 1.028900e+04 1.021377e+04
11.5 1.030248e+04 1.030510e+04 1.028896e+04 1.028634e+04
12.5 1.032925e+04 1.030201e+04 1.028891e+04 1.031615e+04
13.5 1.033075e+04 1.029083e+04 1.028887e+04 1.032879e+04
14.5 1.032003e+04 1.028192e+04 1.028885e+04 1.032696e+04
15.5 1.026644e+04 1.030295e+04 1.028883e+04 1.025232e+04
16.5 1.027431e+04 1.029275e+04 1.028882e+04 1.027038e+04
17.5 1.032997e+04 1.029506e+04 1.028882e+04 1.032372e+04
0.2 1.032788e+04 1.029437e+04 1.028883e+04 1.032234e+04
1.2 1.031059e+04 1.026774e+04 1.028826e+04 1.033111e+04
2.2 1.030778e+04 1.027637e+04 1.028786e+04 1.031926e+04
3.2 1.022522e+04 1.029662e+04 1.028767e+04 1.021626e+04
4.2 1.030684e+04 1.028509e+04 1.028785e+04 1.030960e+04
5.2 1.026154e+04 1.025518e+04 1.028835e+04 1.029471e+04
6.2 1.029691e+04 1.026741e+04 1.028875e+04 1.031824e+04
7.2 1.027178e+04 1.027007e+04 1.028895e+04 1.029066e+04
8.2 1.027688e+04 1.028150e+04 1.028901e+04 1.028439e+04
9.2 1.023203e+04 1.030726e+04 1.028900e+04 1.021377e+04
10.2 1.030248e+04 1.030510e+04 1.028896e+04 1.028634e+04
11.2 1.032925e+04 1.030201e+04 1.028891e+04 1.031615e+04
12.2 1.033075e+04 1.029083e+04 1.028887e+04 1.032879e+04
13.2 1.032003e+04 1.028192e+04 1.028885e+04 1.032696e+04
14.2 1.026644e+04 1.030295e+04 1.028883e+04 1.025232e+04
15.2 1.027431e+04 1.029275e+04 1.028882e+04 1.027038e+04
16.2 1.032997e+04 1.029506e+04 1.028882e+04 1.032372e+04
17.2 1.031047e+04 1.028583e+04 1.028881e+04 1.031345e+04
0.8 1.030778e+04 1.027637e+04 1.028786e+04 1.031926e+04
1.8 1.022522e+04 1.029662e+04 1.028767e+04 1.021626e+04
2.8 1.030684e+04 1.028509e+04 1.028785e+04 1.030960e+04
3.8 1.026154e+04 1.025518e+04 1.028835e+04 1.029471e+04
4.8 1.029691e+04 1.026741e+04 1.028875e+04 1.031824e+04
5.8 1.027178e+04 1.027007e+04 1.028895e+04 1.029066e+04
6.8 1.027688e+04 1.028150e+04 1.028901e+04 1.028439e+04
7.8 1.023203e+04 1.030726e+04 1.028900e+04 1.021377e+04
8.8 1.030248e+04 1.030510e+04 1.028896e+04 1.028634e+04
9.8 1.032925e+04 1.030201e+04 1.028891e+04 1.031615e+04
10.8 1.033075e+04 1.029083e+04 1.028887e+04 1.032879e+04
11.8 1.032003e+04 1.028192e+04 1.028885e+04 1.032696e+04
12.8 1.026644e+04 1.030295e+04 1.028883e+04 1.025232e+04
13.8 1.027431e+04 1.029275e+04 1.028882e+04 1.027038e+04
14.8 1.032997e+04 1.029506e+04 1.028882e+04 1.032372e+04
15.8 1.031047e+04 1.028583e+04 1.028881e+04 1.031345e+04
16.8 1.029217e+04 1.027557e+04 1.028881e+04 1.030541e+04
17.8 1.033961e+04 1.028900e+04 1.028881e+04 1.033942e+04
0.1 1.023692e+04 1.027216e+04 1.028880e+04 1.025357e+04
1.1 1.036312e+04 1.029575e+04 1.028870e+04 1.035607e+04
2.1 1.025550e+04 1.026500e+04 1.028810e+04 1.027860e+04
3.1 1.029545e+04 1.022977e+04 1.028752e+04 1.035320e+04
4.1 1.020337e+04 1.026176e+04 1.028741e+04 1.022901e+04
5.1 1.029187e+04 1.030803e+04 1.028742e+04 1.027125e+04
6.1 1.037249e+04 1.035502e+04 1.028746e+04 1.030494e+04
7.1 1.033950e+04 1.031857e+04 1.028789e+04 1.030882e+04
8.1 1.027063e+04 1.025133e+04 1.028843e+04 1.030772e+04
9.1 1.025884e+04 1.023345e+04 1.028876e+04 1.031416e+04
10.1 1.022582e+04 1.024425e+04 1.028890e+04 1.027046e+04
11.1 1.033598e+04 1.028434e+04 1.028892e+04 1.034056e+04
12.1 1.032511e+04 1.028208e+04 1.028889e+04 1.033192e+04
13.1 1.033419e+04 1.028836e+04 1.028883e+04 1.033467e+04
14.1 1.028172e+04 1.029417e+04 1.028879e+04 1.027633e+04
15.1 1.027364e+04 1.030421e+04 1.028875e+04 1.025817e+04
16.1 1.024153e+04 1.030690e+04 1.028872e+04 1.022336e+04
17.1 1.030936e+04 1.030308e+04 1.028871e+04 1.029499e+04
0.1 1.036312e+04 1.029575e+04 1.028870e+04 1.035607e+04
1.1 1.025550e+04 1.026500e+04 1.028810e+04 1.027860e+04
2.1 1.029545e+04 1.022977e+04 1.028752e+04 1.035320e+04
3.1 1.020337e+04 1.026176e+04 1.028741e+04 1.022901e+04
4.1 1.029187e+04 1.030803e+04 1.028742e+04 1.027125e+04
5.1 1.037249e+04 1.035502e+04 1.028746e+04 1.030494e+04
6.1 1.033950e+04 1.031857e+04 1.028789e+04 1.030882e+04
7.1 1.027063e+04 1.025133e+04 1.028843e+04 1.030772e+04
8.1 1.025884e+04 1.023345e+04 1.028876e+04 1.031416e+04
9.1 1.022582e+04 1.024425e+04 1.028890e+04 1.027046e+04
10.1 1.033598e+04 1.028434e+04 1.028892e+04 1.034056e+04
11.1 1.032511e+04 1.028208e+04 1.028889e+04 1.033192e+04
12.1 1.033419e+04 1.028836e+04 1.028883e+04 1.033467e+04
13.1 1.028172e+04 1.029417e+04 1.028879e+04 1.027633e+04
14.1 1.027364e+04 1.030421e+04 1.028875e+04 1.025817e+04
15.1 1.024153e+04 1.030690e+04 1.028872e+04 1.022336e+04
16.1 1.030936e+04 1.030308e+04 1.028871e+04 1.029499e+04
17.1 1.035789e+04 1.029389e+04 1.028870e+04 1.035270e+04
0.5 1.029545e+04 1.022977e+04 1.028752e+04 1.035320e+04
1.5 1.020337e+04 1.026176e+04 1.028741e+04 1.022901e+04
2.5 1.029187e+04 1.030803e+04 1.028742e+04 1.027125e+04
3.5 1.037249e+04 1.035502e+04 1.028746e+04 1.030494e+04
4.5 1.033950e+04 1.031857e+04 1.028789e+04 1.030882e+04
5.5 1.027063e+04 1.025133e+04 1.028843e+04 1.030772e+04
6.5 1.025884e+04 1.023345e+04 1.028876e+04 1.031416e+04
7.5 1.022582e+04 1.024425e+04 1.028890e+04 1.027046e+04
8.5 1.033598e+04 1.028434e+04 1.028892e+04 1.034056e+04
9.5 1.032511e+04 1.028208e+04 1.028889e+04 1.033192e+04
10.5 1.033419e+04 1.028836e+04 1.028883e+04 1.033467e+04
11.5 1.028172e+04 1.029417e+04 1.028879e+04 1.027633e+04
12.5 1.027364e+04 1.030421e+04 1.028875e+04 1.025817e+04
13.5 1.024153e+04 1.030690e+04 1.028872e+04 1.022336e+04
14.5 1.030936e+04 1.030308e+04 1.028871e+04 1.029499e+04
15.5 1.035789e+04 1.029389e+04 1.028870e+04 1.035270e+04
16.5 1.023458e+04 1.028434e+04 1.028869e+04 1.023892e+04
17.5 1.027730e+04 1.028892e+04 1.028868e+04 1.027706e+04
0.1 1.020337e+04 1.026176e+04 1.028741e+04 1.022901e+04
1.1 1.029187e+04 1.030803e+04 1.028742e+04 1.027125e+04
2.1 1.037249e+04 1.035502e+04 1.028746e+04 1.030494e+04
3.1 1.033950e+04 1.031857e+04 1.028789e+04 1.030882e+04
4.1 1.027063e+04 1.025133e+04 1.028843e+04 1.030772e+04
5.1 1.025884e+04 1.023345e+04 1.028876e+04 1.031416e+04
6.1 1.022582e+04 1.024425e+04 1.028890e+04 1.027046e+04
7.1 1.033598e+04 1.028434e+04 1.028892e+04 1.034056e+04
8.1 1.032511e+04 1.028208e+04 1.028889e+04 1.033192e+04
9.1 1.033419e+04 1.028836e+04 1.028883e+04 1.033467e+04
10.1 1.028172e+04 1.029417e+04 1.028879e+04 1.027633e+04
11.1 1.027364e+04 1.030421e+04 1.028875e+04 1.025817e+04
12.1 1.024153e+04 1.030690e+04 1.028872e+04 1.022336e+04
13.1 1.030936e+04 1.030308e+04 1.028871e+04 1.029499e+04
14.1 1.035789e+04 1.029389e+04 1.028870e+04 1.035270e+04
15.1 1.023458e+04 1.028434e+04 1.028869e+04 1.023892e+04
16.1 1.027730e+04 1.028892e+04 1.028868e+04 1.027706e+04
17.1 1.027243e+04 1.028508e+04 1.028868e+04 1.027603e+04
0.2 1.031856e+04 1.028606e+04 1.028876e+04 1.032126e+04
1.2 1.031136e+04 1.031562e+04 1.028863e+04 1.028438e+04
2.2 1.023696e+04 1.027785e+04 1.028817e+04 1.024729e+04
3.2 1.029278e+04 1.024571e+04 1.028783e+04 1.033489e+04
4.2 1.026512e+04 1.026414e+04 1.028734e+04 1.028832e+04
5.2 1.036911e+04 1.029311e+04 1.028727e+04 1.036326e+04
6.2 1.031439e+04 1.033653e+04 1.028740e+04 1.026526e+04
7.2 1.029157e+04 1.030259e+04 1.028789e+04 1.027687e+04
8.2 1.036746e+04 1.029510e+04 1.028844e+04 1.036079e+04
9.2 1.034390e+04 1.033697e+04 1.028878e+04 1.029571e+04
10.2 1.035398e+04 1.032404e+04 1.028891e+04 1.031885e+04
11.2 1.031858e+04 1.032405e+04 1.028893e+04 1.028347e+04
12.2 1.039772e+04 1.032373e+04 1.028890e+04 1.036290e+04
13.2 1.031070e+04 1.033538e+04 1.028885e+04 1.026417e+04
14.2 1.028066e+04 1.032101e+04 1.028881e+04 1.024846e+04
15.2 1.032311e+04 1.032716e+04 1.028878e+04 1.028473e+04
16.2 1.026298e+04 1.029695e+04 1.028876e+04 1.025480e+04
17.2 1.027249e+04 1.028528e+04 1.028875e+04 1.027596e+04
0.5 1.023696e+04 1.027785e+04 1.028817e+04 1.024729e+04
1.5 1.029278e+04 1.024571e+04 1.028783e+04 1.033489e+04
2.5 1.026512e+04 1.026414e+04 1.028734e+04 1.028832e+04
3.5 1.036911e+04 1.029311e+04 1.028727e+04 1.036326e+04
4.5 1.031439e+04 1.033653e+04 1.028740e+04 1.026526e+04
5.5 1.029157e+04 1.030259e+04 1.028789e+04 1.027687e+04
6.5 1.036746e+04 1.029510e+04 1.028844e+04 1.036079e+04
7.5 1.034390e+04 1.033697e+04 1.028878e+04 1.029571e+04
8.5 1.035398e+04 1.032404e+04 1.028891e+04 1.031885e+04
9.5 1.031858e+04 1.032405e+04 1.028893e+04 1.028347e+04
10.5 1.039772e+04 1.032373e+04 1.028890e+04 1.036290e+04
11.5 1.031070e+04 1.033538e+04 1.028885e+04 1.026417e+04
12.5 1.028066e+04 1.032101e+04 1.028881e+04 1.024846e+04
13.5 1.032311e+04 1.032716e+04 1.028878e+04 1.028473e+04
14.5 1.026298e+04 1.029695e+04 1.028876e+04 1.025480e+04
15.5 1.027249e+04 1.028528e+04 1.028875e+04 1.027596e+04
16.5 1.031527e+04 1.029298e+04 1.028875e+04 1.031103e+04
17.5 1.033298e+04 1.029288e+04 1.028874e+04 1.032884e+04
0.7 1.029278e+04 1.024571e+04 1.028783e+04 1.033489e+04
1.7 1.026512e+04 1.026414e+04 1.028734e+04 1.028832e+04
2.7 1.036911e+04 1.029311e+04 1.028727e+04 1.036326e+04
3.7 1.031439e+04 1.033653e+04 1.028740e+04 1.026526e+04
4.7 1.029157e+04 1.030259e+04 1.028789e+04 1.027687e+04
5.7 1.036746e+04 1.029510e+04 1.028844e+04 1.036079e+04
6.7 1.034390e+04 1.033697e+04 1.028878e+04 1.029571e+04
7.7 1.035398e+04 1.032404e+04 1.028891e+04 1.031885e+04
8.7 1.031858e+04 1.032405e+04 1.028893e+04 1.028347e+04
9.7 1.039772e+04 1.032373e+04 1.028890e+04 1.036290e+04
10.7 1.031070e+04 1.033538e+04 1.028885e+04 1.026417e+04
11.7 1.028066e+04 1.032101e+04 1.028881e+04 1.024846e+04
12.7 1.032311e+04 1.032716e+04 1.028878e+04 1.028473e+04
13.7 1.026298e+04 1.029695e+04 1.028876e+04 1.025480e+04
14.7 1.027249e+04 1.028528e+04 1.028875e+04 1.027596e+04
15.7 1.031527e+04 1.029298e+04 1.028875e+04 1.031103e+04
16.7 1.033298e+04 1.029288e+04 1.028874e+04 1.032884e+04
17.7 1.024271e+04 1.027350e+04 1.028874e+04 1.025795e+04
0.2 1.026512e+04 1.026414e+04 1.028734e+04 1.028832e+04
1.2 1.036911e+04 1.029311e+04 1.028727e+04 1.036326e+04
2.2 1.031439e+04 1.033653e+04 1.028740e+04 1.026526e+04
3.2 1.029157e+04 1.030259e+04 1.028789e+04 1.027687e+04
4.2 1.036746e+04 1.029510e+04 1.028844e+04 1.036079e+04
5.2 1.034390e+04 1.033697e+04 1.028878e+04 1.029571e+04
6.2 1.035398e+04 1.032404e+04 1.028891e+04 1.031885e+04
7.2 1.031858e+04 1.032405e+04 1.028893e+04 1.028347e+04
8.2 1.039772e+04 1.032373e+04 1.028890e+04 1.036290e+04
9.2 1.031070e+04 1.033538e+04 1.028885e+04 1.026417e+04
10.2 1.028066e+04 1.032101e+04 1.028881e+04 1.024846e+04
11.2 1.032311e+04 1.032716e+04 1.028878e+04 1.028473e+04
12.2 1.026298e+04 1.029695e+04 1.028876e+04 1.025480e+04
13.2 1.027249e+04 1.028528e+04 1.028875e+04 1.027596e+04
14.2 1.031527e+04 1.029298e+04 1.028875e+04 1.031103e+04
15.2 1.033298e+04 1.029288e+04 1.028874e+04 1.032884e+04
16.2 1.024271e+04 1.027350e+04 1.028874e+04 1.025795e+04
17.2 1.033424e+04 1.028011e+04 1.028875e+04 1.034288e+04
0.7 1.032210e+04 1.031367e+04 1.028884e+04 1.029727e+04
1.7 1.021782e+04 1.029691e+04 1.028848e+04 1.020940e+04
2.7 1.027702e+04 1.029902e+04 1.028818e+04 1.026618e+04
3.7 1.033833e+04 1.028864e+04 1.028796e+04 1.033765e+04
4.7 1.029360e+04 1.030205e+04 1.028802e+04 1.027957e+04
5.7 1.026417e+04 1.028892e+04 1.028842e+04 1.026367e+04
6.7 1.026896e+04 1.026669e+04 1.028878e+04 1.029106e+04
7.7 1.022922e+04 1.028107e+04 1.028898e+04 1.023713e+04
8.7 1.031036e+04 1.029256e+04 1.028878e+04 1.030658e+04
9.7 1.039768e+04 1.028988e+04 1.028827e+04 1.039608e+04
10.7 1.026681e+04 1.029191e+04 1.028789e+04 1.026279e+04
11.7 1.026343e+04 1.027448e+04 1.028812e+04 1.027706e+04
12.7 1.018495e+04 1.028935e+04 1.028859e+04 1.018419e+04
13.7 1.038585e+04 1.029615e+04 1.028875e+04 1.037845e+04
14.7 1.030053e+04 1.028336e+04 1.028841e+04 1.030558e+04
15.7 1.033363e+04 1.026597e+04 1.028806e+04 1.035573e+04
16.7 1.034815e+04 1.030334e+04 1.028781e+04 1.033262e+04
17.7 1.023827e+04 1.028849e+04 1.028785e+04 1.023763e+04
0.9 1.027702e+04 1.029902e+04 1.028818e+04 1.026618e+04
1.9 1.033833e+04 1.028864e+04 1.028796e+04 1.033765e+04
2.9 1.029360e+04 1.030205e+04 1.028802e+04 1.027957e+04
3.9 1.026417e+04 1.028892e+04 1.028842e+04 1.026367e+04
4.9 1.026896e+04 1.026669e+04 1.028878e+04 1.029106e+04
5.9 1.022922e+04 1.028107e+04 1.028898e+04 1.023713e+04
6.9 1.031036e+04 1.029256e+04 1.028878e+04 1.030658e+04
7.9 1.039768e+04 1.028988e+04 1.028827e+04 1.039608e+04
8.9 1.026681e+04 1.029191e+04 1.028789e+04 1.026279e+04
9.9 1.026343e+04 1.027448e+04 1.028812e+04 1.027706e+04
10.9 1.018495e+04 1.028935e+04 1.028859e+04 1.018419e+04
11.9 1.038585e+04 1.029615e+04 1.028875e+04 1.037845e+04
12.9 1.030053e+04 1.028336e+04 1.028841e+04 1.030558e+04
13.9 1.033363e+04 1.026597e+04 1.028806e+04 1.035573e+04
14.9 1.034815e+04 1.030334e+04 1.028781e+04 1.033262e+04
15.9 1.023827e+04 1.028849e+04 1.028785e+04 1.023763e+04
16.9 1.024817e+04 1.027287e+04 1.028834e+04 1.026364e+04
17.9 1.027661e+04 1.028422e+04 1.028880e+04 1.028120e+04
0.5 1.022922e+04 1.028107e+04 1.028898e+04 1.023713e+04
1.5 1.031036e+04 1.029256e+04 1.028878e+04 1.030658e+04
2.5 1.039768e+04 1.028988e+04 1.028827e+04 1.039608e+04
3.5 1.026681e+04 1.029191e+04 1.028789e+04 1.026279e+04
4.5 1.026343e+04 1.027448e+04 1.028812e+04 1.027706e+04
5.5 1.018495e+04 1.028935e+04 1.028859e+04 1.018419e+04
6.5 1.038585e+04 1.029615e+04 1.028875e+04 1.037845e+04
7.5 1.030053e+04 1.028336e+04 1.028841e+04 1.030558e+04
8.5 1.033363e+04 1.026597e+04 1.028806e+04 1.035573e+04
9.5 1.034815e+04 1.030334e+04 1.028781e+04 1.033262e+04
10.5 1.023827e+04 1.028849e+04 1.028785e+04 1.023763e+04
11.5 1.024817e+04 1.027287e+04 1.028834e+04 1.026364e+04
12.5 1.027661e+04 1.028422e+04 1.028880e+04 1.028120e+04
13.5 1.024170e+04 1.030040e+04 1.028906e+04 1.023037e+04
14.5 1.025120e+04 1.031799e+04 1.028891e+04 1.022212e+04
15.5 1.026652e+04 1.030770e+04 1.028844e+04 1.024726e+04
16.5 1.027717e+04 1.030663e+04 1.028807e+04 1.025862e+04
17.5 1.031605e+04 1.029089e+04 1.028811e+04 1.031328e+04
0.2 1.031036e+04 1.029256e+04 1.028878e+04 1.030658e+04
1.2 1.039768e+04 1.028988e+04 1.028827e+04 1.039608e+04
2.2 1.026681e+04 1.029191e+04 1.028789e+04 1.026279e+04
3.2 1.026343e+04 1.027448e+04 1.028812e+04 1.027706e+04
4.2 1.018495e+04 1.028935e+04 1.028859e+04 1.018419e+04
5.2 1.038585e+04 1.029615e+04 1.028875e+04 1.037845e+04
6.2 1.030053e+04 1.028336e+04 1.028841e+04 1.030558e+04
7.2 1.033363e+04 1.026597e+04 1.028806e+04 1.035573e+04
8.2 1.034815e+04 1.030334e+04 1.028781e+04 1.033262e+04
9.2 1.023827e+04 1.028849e+04 1.028785e+04 1.023763e+04
10.2 1.024817e+04 1.027287e+04 1.028834e+04 1.026364e+04
11.2 1.027661e+04 1.028422e+04 1.028880e+04 1.028120e+04
12.2 1.024170e+04 1.030040e+04 1.028906e+04 1.023037e+04
13.2 1.025120e+04 1.031799e+04 1.028891e+04 1.022212e+04
14.2 1.026652e+04 1.030770e+04 1.028844e+04 1.024726e+04
15.2 1.027717e+04 1.030663e+04 1.028807e+04 1.025862e+04
16.2 1.031605e+04 1.029089e+04 1.028811e+04 1.031328e+04
17.2 1.036431e+04 1.027696e+04 1.028851e+04 1.037586e+04
0.3 1.018495e+04 1.028935e+04 1.028859e+04 1.018419e+04
1.3 1.038585e+04 1.029615e+04 1.028875e+04 1.037845e+04
2.3 1.030053e+04 1.028336e+04 1.028841e+04 1.030558e+04
3.3 1.033363e+04 1.026597e+04 1.028806e+04 1.035573e+04
4.3 1.034815e+04 1.030334e+04 1.028781e+04 1.033262e+04
5.3 1.023827e+04 1.028849e+04 1.028785e+04 1.023763e+04
6.3 1.024817e+04 1.027287e+04 1.028834e+04 1.026364e+04
7.3 1.027661e+04 1.028422e+04 1.028880e+04 1.028120e+04
8.3 1.024170e+04 1.030040e+04 1.028906e+04 1.023037e+04
9.3 1.025120e+04 1.031799e+04 1.028891e+04 1.022212e+04
10.3 1.026652e+04 1.030770e+04 1.028844e+04 1.024726e+04
11.3 1.027717e+04 1.030663e+04 1.028807e+04 1.025862e+04
12.3 1.031605e+04 1.029089e+04 1.028811e+04 1.031328e+04
13.3 1.036431e+04 1.027696e+04 1.028851e+04 1.037586e+04
14.3 1.031761e+04 1.029126e+04 1.028885e+04 1.031519e+04
15.3 1.025413e+04 1.029862e+04 1.028903e+04 1.024453e+04
16.3 1.035940e+04 1.030033e+04 1.028909e+04 1.034816e+04
17.3 1.033617e+04 1.029952e+04 1.028909e+04 1.032574e+04
0.8 1.030053e+04 1.028336e+04 1.028841e+04 1.030558e+04
1.8 1.033363e+04 1.026597e+04 1.028806e+04 1.035573e+04
2.8 1.034815e+04 1.030334e+04 1.028781e+04 1.033262e+04
3.8 1.023827e+04 1.028849e+04 1.028785e+04 1.023763e+04
4.8 1.024817e+04 1.027287e+04 1.028834e+04 1.026364e+04
5.8 1.027661e+04 1.028422e+04 1.028880e+04 1.028120e+04
6.8 1.024170e+04 1.030040e+04 1.028906e+04 1.023037e+04
7.8 1.025120e+04 1.031799e+04 1.028891e+04 1.022212e+04
8.8 1.026652e+04 1.030770e+04 1.028844e+04 1.024726e+04
9.8 1.027717e+04 1.030663e+04 1.028807e+04 1.025862e+04
10.8 1.031605e+04 1.029089e+04 1.028811e+04 1.031328e+04
11.8 1.036431e+04 1.027696e+04 1.028851e+04 1.037586e+04
12.8 1.031761e+04 1.029126e+04 1.028885e+04 1.031519e+04
13.8 1.025413e+04 1.029862e+04 1.028903e+04 1.024453e+04
14.8 1.035940e+04 1.030033e+04 1.028909e+04 1.034816e+04
15.8 1.033617e+04 1.029952e+04 1.028909e+04 1.032574e+04
16.8 1.037697e+04 1.030993e+04 1.028904e+04 1.035607e+04
17.8 1.021456e+04 1.029107e+04 1.028856e+04 1.021206e+04
0.5 1.033363e+04 1.026597e+04 1.028806e+04 1.035573e+04
1.5 1.034815e+04 1.030334e+04 1.028781e+04 1.033262e+04
2.5 1.023827e+04 1.028849e+04 1.028785e+04 1.023763e+04
3.5 1.024817e+04 1.027287e+04 1.028834e+04 1.026364e+04
4.5 1.027661e+04 1.028422e+04 1.028880e+04 1.028120e+04
5.5 1.024170e+04 1.030040e+04 1.028906e+04 1.023037e+04
6.5 1.025120e+04 1.031799e+04 1.028891e+04 1.022212e+04
7.5 1.026652e+04 1.030770e+04 1.028844e+04 1.024726e+04
8.5 1.027717e+04 1.030663e+04 1.028807e+04 1.025862e+04
9.5 1.031605e+04 1.029089e+04 1.028811e+04 1.031328e+04
10.5 1.036431e+04 1.027696e+04 1.028851e+04 1.037586e+04
11.5 1.031761e+04 1.029126e+04 1.028885e+04 1.031519e+04
12.5 1.025413e+04 1.029862e+04 1.028903e+04 1.024453e+04
13.5 1.035940e+04 1.030033e+04 1.028909e+04 1.034816e+04
14.5 1.033617e+04 1.029952e+04 1.028909e+04 1.032574e+04
15.5 1.037697e+04 1.030993e+04 1.028904e+04 1.035607e+04
16.5 1.021456e+04 1.029107e+04 1.028856e+04 1.021206e+04
17.5 1.023111e+04 1.026343e+04 1.028784e+04 1.025552e+04
0.5 1.024170e+04 1.030040e+04 1.028906e+04 1.023037e+04
1.5 1.025120e+04 1.031799e+04 1.028891e+04 1.022212e+04
2.5 1.026652e+04 1.030770e+04 1.028844e+04 1.024726e+04
3.5 1.027717e+04 1.030663e+04 1.028807e+04 1.025862e+04
4.5 1.031605e+04 1.029089e+04 1.028811e+04 1.031328e+04
5.5 1.036431e+04 1.027696e+04 1.028851e+04 1.037586e+04
6.5 1.031761e+04 1.029126e+04 1.028885e+04 1.031519e+04
7.5 1.025413e+04 1.029862e+04 1.028903e+04 1.024453e+04
8.5 1.035940e+04 1.030033e+04 1.028909e+04 1.034816e+04
9.5 1.033617e+04 1.029952e+04 1.028909e+04 1.032574e+04
10.5 1.037697e+04 1.030993e+04 1.028904e+04 1.035607e+04
11.5 1.021456e+04 1.029107e+04 1.028856e+04 1.021206e+04
12.5 1.023111e+04 1.026343e+04 1.028784e+04 1.025552e+04
13.5 1.026565e+04 1.026213e+04 1.028770e+04 1.029122e+04
14.5 1.020964e+04 1.029065e+04 1.028771e+04 1.020670e+04
15.5 1.029626e+04 1.029748e+04 1.028804e+04 1.028682e+04
16.5 1.028255e+04 1.027989e+04 1.028854e+04 1.029120e+04
17.5 1.026055e+04 1.029500e+04 1.028888e+04 1.025443e+04
0.9 1.026652e+04 1.030770e+04 1.028844e+04 1.024726e+04
1.9 1.027717e+04 1.030663e+04 1.028807e+04 1.025862e+04
2.9 1.031605e+04 1.029089e+04 1.028811e+04 1.031328e+04
3.9 1.036431e+04 1.027696e+04 1.028851e+04 1.037586e+04
4.9 1.031761e+04 1.029126e+04 1.028885e+04 1.031519e+04
5.9 1.025413e+04 1.029862e+04 1.028903e+04 1.024453e+04
6.9 1.035940e+04 1.030033e+04 1.028909e+04 1.034816e+04
7.9 1.033617e+04 1.029952e+04 1.028909e+04 1.032574e+04
8.9 1.037697e+04 1.030993e+04 1.028904e+04 1.035607e+04
9.9 1.021456e+04 1.029107e+04 1.028856e+04 1.021206e+04
10.9 1.023111e+04 1.026343e+04 1.028784e+04 1.025552e+04
11.9 1.026565e+04 1.026213e+04 1.028770e+04 1.029122e+04
12.9 1.020964e+04 1.029065e+04 1.028771e+04 1.020670e+04
13.9 1.029626e+04 1.029748e+04 1.028804e+04 1.028682e+04
14.9 1.028255e+04 1.027989e+04 1.028854e+04 1.029120e+04
15.9 1.026055e+04 1.029500e+04 1.028888e+04 1.025443e+04
16.9 1.028785e+04 1.028639e+04 1.028903e+04 1.029049e+04
17.9 1.027061e+04 1.029951e+04 1.028907e+04 1.026017e+04
0.8 1.037697e+04 1.030993e+04 1.028904e+04 1.035607e+04
1.8 1.021456e+04 1.029107e+04 1.028856e+04 1.021206e+04
2.8 1.023111e+04 1.026343e+04 1.028784e+04 1.025552e+04
3.8 1.026565e+04 1.026213e+04 1.028770e+04 1.029122e+04
4.8 1.020964e+04 1.029065e+04 1.028771e+04 1.020670e+04
5.8 1.029626e+04 1.029748e+04 1.028804e+04 1.028682e+04
6.8 1.028255e+04 1.027989e+04 1.028854e+04 1.029120e+04
7.8 1.026055e+04 1.029500e+04 1.028888e+04 1.025443e+04
8.8 1.028785e+04 1.028639e+04 1.028903e+04 1.029049e+04
9.8 1.027061e+04 1.029951e+04 1.028907e+04 1.026017e+04
10.8 1.032360e+04 1.028079e+04 1.028905e+04 1.033186e+04
11.8 1.038874e+04 1.030089e+04 1.028901e+04 1.037687e+04
12.8 1.029669e+04 1.030848e+04 1.028898e+04 1.027718e+04
13.8 1.025924e+04 1.030071e+04 1.028895e+04 1.024749e+04
14.8 1.034503e+04 1.030370e+04 1.028894e+04 1.033027e+04
15.8 1.034524e+04 1.031287e+04 1.028891e+04 1.032128e+04
16.8 1.034498e+04 1.030741e+04 1.028851e+04 1.032608e+04
17.8 1.034939e+04 1.028005e+04 1.028827e+04 1.035761e+04
0.8 1.021456e+04 1.029107e+04 1.028856e+04 1.021206e+04
1.8 1.023111e+04 1.026343e+04 1.028784e+04 1.025552e+04
2.8 1.026565e+04 1.026213e+04 1.028770e+04 1.029122e+04
3.8 1.020964e+04 1.029065e+04 1.028771e+04 1.020670e+04
4.8 1.029626e+04 1.029748e+04 1.028804e+04 1.028682e+04
5.8 1.028255e+04 1.027989e+04 1.028854e+04 1.029120e+04
6.8 1.026055e+04 1.029500e+04 1.028888e+04 1.025443e+04
7.8 1.028785e+04 1.028639e+04 1.028903e+04 1.029049e+04
8.8 1.027061e+04 1.029951e+04 1.028907e+04 1.026017e+04
9.8 1.032360e+04 1.028079e+04 1.028905e+04 1.033186e+04
10.8 1.038874e+04 1.030089e+04 1.028901e+04 1.037687e+04
11.8 1.029669e+04 1.030848e+04 1.028898e+04 1.027718e+04
12.8 1.025924e+04 1.030071e+04 1.028895e+04 1.024749e+04
13.8 1.034503e+04 1.030370e+04 1.028894e+04 1.033027e+04
14.8 1.034524e+04 1.031287e+04 1.028891e+04 1.032128e+04
15.8 1.034498e+04 1.030741e+04 1.028851e+04 1.032608e+04
16.8 1.034939e+04 1.028005e+04 1.028827e+04 1.035761e+04
17.8 1.026811e+04 1.025665e+04 1.028848e+04 1.029993e+04
0.1 1.023111e+04 1.026343e+04 1.028784e+04 1.025552e+04
1.1 1.026565e+04 1.026213e+04 1.028770e+04 1.029122e+04
2.1 1.020964e+04 1.029065e+04 1.028771e+04 1.020670e+04
3.1 1.029626e+04 1.029748e+04 1.028804e+04 1.028682e+04
4.1 1.028255e+04 1.027989e+04 1.028854e+04 1.029120e+04
5.1 1.026055e+04 1.029500e+04 1.028888e+04 1.025443e+04
6.1 1.028785e+04 1.028639e+04 1.028903e+04 1.029049e+04
7.1 1.027061e+04 1.029951e+04 1.028907e+04 1.026017e+04
8.1 1.032360e+04 1.028079e+04 1.028905e+04 1.033186e+04
9.1 1.038874e+04 1.030089e+04 1.028901e+04 1.037687e+04
10.1 1.029669e+04 1.030848e+04 1.028898e+04 1.027718e+04
11.1 1.025924e+04 1.030071e+04 1.028895e+04 1.024749e+04
12.1 1.034503e+04 1.030370e+04 1.028894e+04 1.033027e+04
13.1 1.034524e+04 1.031287e+04 1.028891e+04 1.032128e+04
14.1 1.034498e+04 1.030741e+04 1.028851e+04 1.032608e+04
15.1 1.034939e+04 1.028005e+04 1.028827e+04 1.035761e+04
16.1 1.026811e+04 1.025665e+04 1.028848e+04 1.029993e+04
17.1 1.030246e+04 1.027531e+04 1.028875e+04 1.031590e+04
0.8 1.034524e+04 1.031287e+04 1.028891e+04 1.032128e+04
1.8 1.034498e+04 1.030741e+04 1.028851e+04 1.032608e+04
2.8 1.034939e+04 1.028005e+04 1.028827e+04 1.035761e+04
3.8 1.026811e+04 1.025665e+04 1.028848e+04 1.029993e+04
4.8 1.030246e+04 1.027531e+04 1.028875e+04 1.031590e+04
5.8 1.018412e+04 1.030185e+04 1.028887e+04 1.017115e+04
6.8 1.031642e+04 1.030008e+04 1.028849e+04 1.030483e+04
7.8 1.033440e+04 1.029483e+04 1.028795e+04 1.032752e+04
8.8 1.030829e+04 1.027580e+04 1.028785e+04 1.032034e+04
9.8 1.027850e+04 1.026503e+04 1.028828e+04 1.030176e+04
10.8 1.027245e+04 1.027168e+04 1.028872e+04 1.028949e+04
11.8 1.025035e+04 1.028719e+04 1.028899e+04 1.025215e+04
12.8 1.029942e+04 1.029210e+04 1.028911e+04 1.029643e+04
13.8 1.028921e+04 1.029607e+04 1.028909e+04 1.028222e+04
14.8 1.032643e+04 1.028653e+04 1.028861e+04 1.032850e+04
15.8 1.021932e+04 1.025914e+04 1.028814e+04 1.024832e+04
16.8 1.019892e+04 1.026700e+04 1.028788e+04 1.021980e+04
17.8 1.035101e+04 1.030043e+04 1.028777e+04 1.033836e+04
0.9 1.018412e+04 1.030185e+04 1.028887e+04 1.017115e+04
1.9 1.031642e+04 1.030008e+04 1.028849e+04 1.030483e+04
2.9 1.033440e+04 1.029483e+04 1.028795e+04 1.032752e+04
3.9 1.030829e+04 1.027580e+04 1.028785e+04 1.032034e+04
4.9 1.027850e+04 1.026503e+04 1.028828e+04 1.030176e+04
5.9 1.027245e+04 1.027168e+04 1.028872e+04 1.028949e+04
6.9 1.025035e+04 1.028719e+04 1.028899e+04 1.025215e+04
7.9 1.029942e+04 1.029210e+04 1.028911e+04 1.029643e+04
8.9 1.028921e+04 1.029607e+04 1.028909e+04 1.028222e+04
9.9 1.032643e+04 1.028653e+04 1.028861e+04 1.032850e+04
10.9 1.021932e+04 1.025914e+04 1.028814e+04 1.024832e+04
11.9 1.019892e+04 1.026700e+04 1.028788e+04 1.021980e+04
12.9 1.035101e+04 1.030043e+04 1.028777e+04 1.033836e+04
13.9 1.031099e+04 1.029647e+04 1.028810e+04 1.030262e+04
14.9 1.031905e+04 1.027649e+04 1.028863e+04 1.033119e+04
15.9 1.024990e+04 1.029277e+04 1.028899e+04 1.024612e+04
16.9 1.020256e+04 1.028919e+04 1.028904e+04 1.020241e+04
17.9 1.028170e+04 1.027578e+04 1.028863e+04 1.029455e+04
0.6 1.031642e+04 1.030008e+04 1.028849e+04 1.030483e+04
1.6 1.033440e+04 1.029483e+04 1.028795e+04 1.032752e+04
2.6 1.030829e+04 1.027580e+04 1.028785e+04 1.032034e+04
3.6 1.027850e+04 1.026503e+04 1.028828e+04 1.030176e+04
4.6 1.027245e+04 1.027168e+04 1.028872e+04 1.028949e+04
5.6 1.025035e+04 1.028719e+04 1.028899e+04 1.025215e+04
6.6 1.029942e+04 1.029210e+04 1.028911e+04 1.029643e+04
7.6 1.028921e+04 1.029607e+04 1.028909e+04 1.028222e+04
8.6 1.032643e+04 1.028653e+04 1.028861e+04 1.032850e+04
9.6 1.021932e+04 1.025914e+04 1.028814e+04 1.024832e+04
10.6 1.019892e+04 1.026700e+04 1.028788e+04 1.021980e+04
11.6 1.035101e+04 1.030043e+04 1.028777e+04 1.033836e+04
12.6 1.031099e+04 1.029647e+04 1.028810e+04 1.030262e+04
13.6 1.031905e+04 1.027649e+04 1.028863e+04 1.033119e+04
14.6 1.024990e+04 1.029277e+04 1.028899e+04 1.024612e+04
15.6 1.020256e+04 1.028919e+04 1.028904e+04 1.020241e+04
16.6 1.028170e+04 1.027578e+04 1.028863e+04 1.029455e+04
17.6 1.029052e+04 1.025736e+04 1.028831e+04 1.032146e+04
1.0 1.028921e+04 1.029607e+04 1.028909e+04 1.028222e+04
2.0 1.032643e+04 1.028653e+04 1.028861e+04 1.032850e+04
3.0 1.021932e+04 1.025914e+04 1.028814e+04 1.024832e+04
4.0 1.019892e+04 1.026700e+04 1.028788e+04 1.021980e+04
5.0 1.035101e+04 1.030043e+04 1.028777e+04 1.033836e+04
6.0 1.031099e+04 1.029647e+04 1.028810e+04 1.030262e+04
7.0 1.031905e+04 1.027649e+04 1.028863e+04 1.033119e+04
8.0 1.024990e+04 1.029277e+04 1.028899e+04 1.024612e+04
9.0 1.020256e+04 1.028919e+04 1.028904e+04 1.020241e+04
10.0 1.028170e+04 1.027578e+04 1.028863e+04 1.029455e+04
11.0 1.029052e+04 1.025736e+04 1.028831e+04 1.032146e+04
12.0 1.023209e+04 1.025772e+04 1.028811e+04 1.026249e+04
13.0 1.023398e+04 1.029750e+04 1.028799e+04 1.022447e+04
14.0 1.034727e+04 1.030451e+04 1.028816e+04 1.033092e+04
15.0 1.025890e+04 1.027769e+04 1.028862e+04 1.026984e+04
16.0 1.031640e+04 1.027309e+04 1.028898e+04 1.033229e+04
17.0 1.025982e+04 1.027940e+04 1.028916e+04 1.026959e+04
18.0 1.035243e+04 1.029545e+04 1.028922e+04 1.034620e+04
0.5 1.032643e+04 1.028653e+04 1.028861e+04 1.032850e+04
1.5 1.021932e+04 1.025914e+04 1.028814e+04 1.024832e+04
2.5 1.019892e+04 1.026700e+04 1.028788e+04 1.021980e+04
3.5 1.035101e+04 1.030043e+04 1.028777e+04 1.033836e+04
4.5 1.031099e+04 1.029647e+04 1.028810e+04 1.030262e+04
5.5 1.031905e+04 1.027649e+04 1.028863e+04 1.033119e+04
6.5 1.024990e+04 1.029277e+04 1.028899e+04 1.024612e+04
7.5 1.020256e+04 1.028919e+04 1.028904e+04 1.020241e+04
8.5 1.028170e+04 1.027578e+04 1.028863e+04 1.029455e+04
9.5 1.029052e+04 1.025736e+04 1.028831e+04 1.032146e+04
10.5 1.023209e+04 1.025772e+04 1.028811e+04 1.026249e+04
11.5 1.023398e+04 1.029750e+04 1.028799e+04 1.022447e+04
12.5 1.034727e+04 1.030451e+04 1.028816e+04 1.033092e+04
13.5 1.025890e+04 1.027769e+04 1.028862e+04 1.026984e+04
14.5 1.031640e+04 1.027309e+04 1.028898e+04 1.033229e+04
15.5 1.025982e+04 1.027940e+04 1.028916e+04 1.026959e+04
16.5 1.035243e+04 1.029545e+04 1.028922e+04 1.034620e+04
17.5 1.034049e+04 1.028897e+04 1.028922e+04 1.034074e+04
0.1 1.021932e+04 1.025914e+04 1.028814e+04 1.024832e+04
1.1 1.019892e+04 1.026700e+04 1.028788e+04 1.021980e+04
2.1 1.035101e+04 1.030043e+04 1.028777e+04 1.033836e+04
3.1 1.031099e+04 1.029647e+04 1.028810e+04 1.030262e+04
4.1 1.031905e+04 1.027649e+04 1.028863e+04 1.033119e+04
5.1 1.024990e+04 1.029277e+04 1.028899e+04 1.024612e+04
6.1 1.020256e+04 1.028919e+04 1.028904e+04 1.020241e+04
7.1 1.028170e+04 1.027578e+04 1.028863e+04 1.029455e+04
8.1 1.029052e+04 1.025736e+04 1.028831e+04 1.032146e+04
9.1 1.023209e+04 1.025772e+04 1.028811e+04 1.026249e+04
10.1 1.023398e+04 1.029750e+04 1.028799e+04 1.022447e+04
11.1 1.034727e+04 1.030451e+04 1.028816e+04 1.033092e+04
12.1 1.025890e+04 1.027769e+04 1.028862e+04 1.026984e+04
13.1 1.031640e+04 1.027309e+04 1.028898e+04 1.033229e+04
14.1 1.025982e+04 1.027940e+04 1.028916e+04 1.026959e+04
15.1 1.035243e+04 1.029545e+04 1.028922e+04 1.034620e+04
16.1 1.034049e+04 1.028897e+04 1.028922e+04 1.034074e+04
17.1 1.029646e+04 1.028716e+04 1.028919e+04 1.029850e+04
0.2 1.024990e+04 1.029277e+04 1.028899e+04 1.024612e+04
1.2 1.020256e+04 1.028919e+04 1.028904e+04 1.020241e+04
2.2 1.028170e+04 1.027578e+04 1.028863e+04 1.029455e+04
3.2 1.029052e+04 1.025736e+04 1.028831e+04 1.032146e+04
4.2 1.023209e+04 1.025772e+04 1.028811e+04 1.026249e+04
5.2 1.023398e+04 1.029750e+04 1.028799e+04 1.022447e+04
6.2 1.034727e+04 1.030451e+04 1.028816e+04 1.033092e+04
7.2 1.025890e+04 1.027769e+04 1.028862e+04 1.026984e+04
8.2 1.031640e+04 1.027309e+04 1.028898e+04 1.033229e+04
9.2 1.025982e+04 1.027940e+04 1.028916e+04 1.026959e+04
10.2 1.035243e+04 1.029545e+04 1.028922e+04 1.034620e+04
11.2 1.034049e+04 1.028897e+04 1.028922e+04 1.034074e+04
12.2 1.029646e+04 1.028716e+04 1.028919e+04 1.029850e+04
13.2 1.033515e+04 1.030408e+04 1.028907e+04 1.032015e+04
14.2 1.028845e+04 1.027764e+04 1.028852e+04 1.029933e+04
15.2 1.025949e+04 1.027221e+04 1.028783e+04 1.027511e+04
16.2 1.028189e+04 1.028738e+04 1.028742e+04 1.028193e+04
17.2 1.022579e+04 1.030216e+04 1.028781e+04 1.021144e+04
0.5 1.028170e+04 1.027578e+04 1.028863e+04 1.029455e+04
1.5 1.029052e+04 1.025736e+04 1.028831e+04 1.032146e+04
2.5 1.023209e+04 1.025772e+04 1.028811e+04 1.026249e+04
3.5 1.023398e+04 1.029750e+04 1.028799e+04 1.022447e+04
4.5 1.034727e+04 1.030451e+04 1.028816e+04 1.033092e+04
5.5 1.025890e+04 1.027769e+04 1.028862e+04 1.026984e+04
6.5 1.031640e+04 1.027309e+04 1.028898e+04 1.033229e+04
7.5 1.025982e+04 1.027940e+04 1.028916e+04 1.026959e+04
8.5 1.035243e+04 1.029545e+04 1.028922e+04 1.034620e+04
9.5 1.034049e+04 1.028897e+04 1.028922e+04 1.034074e+04
10.5 1.029646e+04 1.028716e+04 1.028919e+04 1.029850e+04
11.5 1.033515e+04 1.030408e+04 1.028907e+04 1.032015e+04
12.5 1.028845e+04 1.027764e+04 1.028852e+04 1.029933e+04
13.5 1.025949e+04 1.027221e+04 1.028783e+04 1.027511e+04
14.5 1.028189e+04 1.028738e+04 1.028742e+04 1.028193e+04
15.5 1.022579e+04 1.030216e+04 1.028781e+04 1.021144e+04
16.5 1.025646e+04 1.030534e+04 1.028836e+04 1.023948e+04
17.5 1.029181e+04 1.029981e+04 1.028833e+04 1.028033e+04
0.9 1.023209e+04 1.025772e+04 1.028811e+04 1.026249e+04
1.9 1.023398e+04 1.029750e+04 1.028799e+04 1.022447e+04
2.9 1.034727e+04 1.030451e+04 1.028816e+04 1.033092e+04
3.9 1.025890e+04 1.027769e+04 1.028862e+04 1.026984e+04
4.9 1.031640e+04 1.027309e+04 1.028898e+04 1.033229e+04
5.9 1.025982e+04 1.027940e+04 1.028916e+04 1.026959e+04
6.9 1.035243e+04 1.029545e+04 1.028922e+04 1.034620e+04
7.9 1.034049e+04 1.028897e+04 1.028922e+04 1.034074e+04
8.9 1.029646e+04 1.028716e+04 1.028919e+04 1.029850e+04
9.9 1.033515e+04 1.030408e+04 1.028907e+04 1.032015e+04
10.9 1.028845e+04 1.027764e+04 1.028852e+04 1.029933e+04
11.9 1.025949e+04 1.027221e+04 1.028783e+04 1.027511e+04
12.9 1.028189e+04 1.028738e+04 1.028742e+04 1.028193e+04
13.9 1.022579e+04 1.030216e+04 1.028781e+04 1.021144e+04
14.9 1.025646e+04 1.030534e+04 1.028836e+04 1.023948e+04
15.9 1.029181e+04 1.029981e+04 1.028833e+04 1.028033e+04
16.9 1.026755e+04 1.028290e+04 1.028816e+04 1.027281e+04
17.9 1.028520e+04 1.028908e+04 1.028815e+04 1.028427e+04
0.0 1.029646e+04 1.028716e+04 1.028919e+04 1.029850e+04
1.0 1.033515e+04 1.030408e+04 1.028907e+04 1.032015e+04
2.0 1.028845e+04 1.027764e+04 1.028852e+04 1.029933e+04
3.0 1.025949e+04 1.027221e+04 1.028783e+04 1.027511e+04
4.0 1.028189e+04 1.028738e+04 1.028742e+04 1.028193e+04
5.0 1.022579e+04 1.030216e+04 1.028781e+04 1.021144e+04
6.0 1.025646e+04 1.030534e+04 1.028836e+04 1.023948e+04
7.0 1.029181e+04 1.029981e+04 1.028833e+04 1.028033e+04
8.0 1.026755e+04 1.028290e+04 1.028816e+04 1.027281e+04
9.0 1.028520e+04 1.028908e+04 1.028815e+04 1.028427e+04
10.0 1.026699e+04 1.027573e+04 1.028854e+04 1.027980e+04
11.0 1.032079e+04 1.028905e+04 1.028893e+04 1.032066e+04
12.0 1.033943e+04 1.028621e+04 1.028913e+04 1.034236e+04
13.0 1.031166e+04 1.029517e+04 1.028896e+04 1.030546e+04
14.0 1.024586e+04 1.029100e+04 1.028849e+04 1.024335e+04
15.0 1.028924e+04 1.028567e+04 1.028809e+04 1.029167e+04
16.0 1.028286e+04 1.027972e+04 1.028820e+04 1.029134e+04
17.0 1.028871e+04 1.031339e+04 1.028861e+04 1.026392e+04
0.9 1.028845e+04 1.027764e+04 1.028852e+04 1.029933e+04
1.9 1.025949e+04 1.027221e+04 1.028783e+04 1.027511e+04
2.9 1.028189e+04 1.028738e+04 1.028742e+04 1.028193e+04
3.9 1.022579e+04 1.030216e+04 1.028781e+04 1.021144e+04
4.9 1.025646e+04 1.030534e+04 1.028836e+04 1.023948e+04
5.9 1.029181e+04 1.029981e+04 1.028833e+04 1.028033e+04
6.9 1.026755e+04 1.028290e+04 1.028816e+04 1.027281e+04
7.9 1.028520e+04 1.028908e+04 1.028815e+04 1.028427e+04
8.9 1.026699e+04 1.027573e+04 1.028854e+04 1.027980e+04
9.9 1.032079e+04 1.028905e+04 1.028893e+04 1.032066e+04
10.9 1.033943e+04 1.028621e+04 1.028913e+04 1.034236e+04
11.9 1.031166e+04 1.029517e+04 1.028896e+04 1.030546e+04
12.9 1.024586e+04 1.029100e+04 1.028849e+04 1.024335e+04
13.9 1.028924e+04 1.028567e+04 1.028809e+04 1.029167e+04
14.9 1.028286e+04 1.027972e+04 1.028820e+04 1.029134e+04
15.9 1.028871e+04 1.031339e+04 1.028861e+04 1.026392e+04
16.9 1.022564e+04 1.031083e+04 1.028893e+04 1.020373e+04
17.9 1.038195e+04 1.029792e+04 1.028910e+04 1.037313e+04
0.1 1.028845e+04 1.027764e+04 1.028852e+04 1.029933e+04
1.1 1.025949e+04 1.027221e+04 1.028783e+04 1.027511e+04
2.1 1.028189e+04 1.028738e+04 1.028742e+04 1.028193e+04
3.1 1.022579e+04 1.030216e+04 1.028781e+04 1.021144e+04
4.1 1.025646e+04 1.030534e+04 1.028836e+04 1.023948e+04
5.1 1.029181e+04 1.029981e+04 1.028833e+04 1.028033e+04
6.1 1.026755e+04 1.028290e+04 1.028816e+04 1.027281e+04
7.1 1.028520e+04 1.028908e+04 1.028815e+04 1.028427e+04
8.1 1.026699e+04 1.027573e+04 1.028854e+04 1.027980e+04
9.1 1.032079e+04 1.028905e+04 1.028893e+04 1.032066e+04
10.1 1.033943e+04 1.028621e+04 1.028913e+04 1.034236e+04
11.1 1.031166e+04 1.029517e+04 1.028896e+04 1.030546e+04
12.1 1.024586e+04 1.029100e+04 1.028849e+04 1.024335e+04
13.1 1.028924e+04 1.028567e+04 1.028809e+04 1.029167e+04
14.1 1.028286e+04 1.027972e+04 1.028820e+04 1.029134e+04
15.1 1.028871e+04 1.031339e+04 1.028861e+04 1.026392e+04
16.1 1.022564e+04 1.031083e+04 1.028893e+04 1.020373e+04
17.1 1.038195e+04 1.029792e+04 1.028910e+04 1.037313e+04
0.2 1.022579e+04 1.030216e+04 1.028781e+04 1.021144e+04
1.2 1.025646e+04 1.030534e+04 1.028836e+04 1.023948e+04
2.2 1.029181e+04 1.029981e+04 1.028833e+04 1.028033e+04
3.2 1.026755e+04 1.028290e+04 1.028816e+04 1.027281e+04
4.2 1.028520e+04 1.028908e+04 1.028815e+04 1.028427e+04
5.2 1.026699e+04 1.027573e+04 1.028854e+04 1.027980e+04
6.2 1.032079e+04 1.028905e+04 1.028893e+04 1.032066e+04
7.2 1.033943e+04 1.028621e+04 1.028913e+04 1.034236e+04
8.2 1.031166e+04 1.029517e+04 1.028896e+04 1.030546e+04
9.2 1.024586e+04 1.029100e+04 1.028849e+04 1.024335e+04
10.2 1.028924e+04 1.028567e+04 1.028809e+04 1.029167e+04
11.2 1.028286e+04 1.027972e+04 1.028820e+04 1.029134e+04
12.2 1.028871e+04 1.031339e+04 1.028861e+04 1.026392e+04
13.2 1.022564e+04 1.031083e+04 1.028893e+04 1.020373e+04
14.2 1.038195e+04 1.029792e+04 1.028910e+04 1.037313e+04
15.2 1.019448e+04 1.029866e+04 1.028916e+04 1.018498e+04
16.2 1.036565e+04 1.029494e+04 1.028903e+04 1.035975e+04
17.2 1.031642e+04 1.028732e+04 1.028840e+04 1.031750e+04
0.6 1.029181e+04 1.029981e+04 1.028833e+04 1.028033e+04
1.6 1.026755e+04 1.028290e+04 1.028816e+04 1.027281e+04
2.6 1.028520e+04 1.028908e+04 1.028815e+04 1.028427e+04
3.6 1.026699e+04 1.027573e+04 1.028854e+04 1.027980e+04
4.6 1.032079e+04 1.028905e+04 1.028893e+04 1.032066e+04
5.6 1.033943e+04 1.028621e+04 1.028913e+04 1.034236e+04
6.6 1.031166e+04 1.029517e+04 1.028896e+04 1.030546e+04
7.6 1.024586e+04 1.029100e+04 1.028849e+04 1.024335e+04
8.6 1.028924e+04 1.028567e+04 1.028809e+04 1.029167e+04
9.6 1.028286e+04 1.027972e+04 1.028820e+04 1.029134e+04
10.6 1.028871e+04 1.031339e+04 1.028861e+04 1.026392e+04
11.6 1.022564e+04 1.031083e+04 1.028893e+04 1.020373e+04
12.6 1.038195e+04 1.029792e+04 1.028910e+04 1.037313e+04
13.6 1.019448e+04 1.029866e+04 1.028916e+04 1.018498e+04
14.6 1.036565e+04 1.029494e+04 1.028903e+04 1.035975e+04
15.6 1.031642e+04 1.028732e+04 1.028840e+04 1.031750e+04
16.6 1.028868e+04 1.031840e+04 1.028787e+04 1.025815e+04
17.6 1.035156e+04 1.030723e+04 1.028808e+04 1.033241e+04
0.5 1.033943e+04 1.028621e+04 1.028913e+04 1.034236e+04
1.5 1.031166e+04 1.029517e+04 1.028896e+04 1.030546e+04
2.5 1.024586e+04 1.029100e+04 1.028849e+04 1.024335e+04
3.5 1.028924e+04 1.028567e+04 1.028809e+04 1.029167e+04
4.5 1.028286e+04 1.027972e+04 1.028820e+04 1.029134e+04
5.5 1.028871e+04 1.031339e+04 1.028861e+04 1.026392e+04
6.5 1.022564e+04 1.031083e+04 1.028893e+04 1.020373e+04
7.5 1.038195e+04 1.029792e+04 1.028910e+04 1.037313e+04
8.5 1.019448e+04 1.029866e+04 1.028916e+04 1.018498e+04
9.5 1.036565e+04 1.029494e+04 1.028903e+04 1.035975e+04
10.5 1.031642e+04 1.028732e+04 1.028840e+04 1.031750e+04
11.5 1.028868e+04 1.031840e+04 1.028787e+04 1.025815e+04
12.5 1.035156e+04 1.030723e+04 1.028808e+04 1.033241e+04
13.5 1.039329e+04 1.030783e+04 1.028856e+04 1.037402e+04
14.5 1.027330e+04 1.031091e+04 1.028860e+04 1.025100e+04
15.5 1.024109e+04 1.028924e+04 1.028836e+04 1.024022e+04
16.5 1.020546e+04 1.025791e+04 1.028854e+04 1.023609e+04
17.5 1.023290e+04 1.027093e+04 1.028883e+04 1.025080e+04
1.0 1.024586e+04 1.029100e+04 1.028849e+04 1.024335e+04
2.0 1.028924e+04 1.028567e+04 1.028809e+04 1.029167e+04
3.0 1.028286e+04 1.027972e+04 1.028820e+04 1.029134e+04
4.0 1.028871e+04 1.031339e+04 1.028861e+04 1.026392e+04
5.0 1.022564e+04 1.031083e+04 1.028893e+04 1.020373e+04
6.0 1.038195e+04 1.029792e+04 1.028910e+04 1.037313e+04
7.0 1.019448e+04 1.029866e+04 1.028916e+04 1.018498e+04
8.0 1.036565e+04 1.029494e+04 1.028903e+04 1.035975e+04
9.0 1.031642e+04 1.028732e+04 1.028840e+04 1.031750e+04
10.0 1.028868e+04 1.031840e+04 1.028787e+04 1.025815e+04
11.0 1.035156e+04 1.030723e+04 1.028808e+04 1.033241e+04
12.0 1.039329e+04 1.030783e+04 1.028856e+04 1.037402e+04
13.0 1.027330e+04 1.031091e+04 1.028860e+04 1.025100e+04
14.0 1.024109e+04 1.028924e+04 1.028836e+04 1.024022e+04
15.0 1.020546e+04 1.025791e+04 1.028854e+04 1.023609e+04
16.0 1.023290e+04 1.027093e+04 1.028883e+04 1.025080e+04
17.0 1.039019e+04 1.029626e+04 1.028900e+04 1.038293e+04
18.0 1.026951e+04 1.031435e+04 1.028900e+04 1.024415e+04
0.2 1.019448e+04 1.029866e+04 1.028916e+04 1.018498e+04
1.2 1.036565e+04 1.029494e+04 1.028903e+04 1.035975e+04
2.2 1.031642e+04 1.028732e+04 1.028840e+04 1.031750e+04
3.2 1.028868e+04 1.031840e+04 1.028787e+04 1.025815e+04
4.2 1.035156e+04 1.030723e+04 1.028808e+04 1.033241e+04
5.2 1.039329e+04 1.030783e+04 1.028856e+04 1.037402e+04
6.2 1.027330e+04 1.031091e+04 1.028860e+04 1.025100e+04
7.2 1.024109e+04 1.028924e+04 1.028836e+04 1.024022e+04
8.2 1.020546e+04 1.025791e+04 1.028854e+04 1.023609e+04
9.2 1.023290e+04 1.027093e+04 1.028883e+04 1.025080e+04
10.2 1.039019e+04 1.029626e+04 1.028900e+04 1.038293e+04
11.2 1.026951e+04 1.031435e+04 1.028900e+04 1.024415e+04
12.2 1.031690e+04 1.028729e+04 1.028852e+04 1.031813e+04
13.2 1.023122e+04 1.028062e+04 1.028793e+04 1.023854e+04
14.2 1.027345e+04 1.027975e+04 1.028791e+04 1.028161e+04
15.2 1.025329e+04 1.028875e+04 1.028835e+04 1.025289e+04
16.2 1.029098e+04 1.030348e+04 1.028874e+04 1.027624e+04
17.2 1.033057e+04 1.031979e+04 1.028872e+04 1.029951e+04
0.2 1.036565e+04 1.029494e+04 1.028903e+04 1.035975e+04
1.2 1.031642e+04 1.028732e+04 1.028840e+04 1.031750e+04
2.2 1.028868e+04 1.031840e+04 1.028787e+04 1.025815e+04
3.2 1.035156e+04 1.030723e+04 1.028808e+04 1.033241e+04
4.2 1.039329e+04 1.030783e+04 1.028856e+04 1.037402e+04
5.2 1.027330e+04 1.031091e+04 1.028860e+04 1.025100e+04
6.2 1.024109e+04 1.028924e+04 1.028836e+04 1.024022e+04
7.2 1.020546e+04 1.025791e+04 1.028854e+04 1.023609e+04
8.2 1.023290e+04 1.027093e+04 1.028883e+04 1.025080e+04
9.2 1.039019e+04 1.029626e+04 1.028900e+04 1.038293e+04
10.2 1.026951e+04 1.031435e+04 1.028900e+04 1.024415e+04
11.2 1.031690e+04 1.028729e+04 1.028852e+04 1.031813e+04
12.2 1.023122e+04 1.028062e+04 1.028793e+04 1.023854e+04
13.2 1.027345e+04 1.027975e+04 1.028791e+04 1.028161e+04
14.2 1.025329e+04 1.028875e+04 1.028835e+04 1.025289e+04
15.2 1.029098e+04 1.030348e+04 1.028874e+04 1.027624e+04
16.2 1.033057e+04 1.031979e+04 1.028872e+04 1.029951e+04
17.2 1.027856e+04 1.030409e+04 1.028815e+04 1.026262e+04
0.5 1.039329e+04 1.030783e+04 1.028856e+04 1.037402e+04
1.5 1.027330e+04 1.031091e+04 1.028860e+04 1.025100e+04
2.5 1.024109e+04 1.028924e+04 1.028836e+04 1.024022e+04
3.5 1.020546e+04 1.025791e+04 1.028854e+04 1.023609e+04
4.5 1.023290e+04 1.027093e+04 1.028883e+04 1.025080e+04
5.5 1.039019e+04 1.029626e+04 1.028900e+04 1.038293e+04
6.5 1.026951e+04 1.031435e+04 1.028900e+04 1.024415e+04
7.5 1.031690e+04 1.028729e+04 1.028852e+04 1.031813e+04
8.5 1.023122e+04 1.028062e+04 1.028793e+04 1.023854e+04
9.5 1.027345e+04 1.027975e+04 1.028791e+04 1.028161e+04
10.5 1.025329e+04 1.028875e+04 1.028835e+04 1.025289e+04
11.5 1.029098e+04 1.030348e+04 1.028874e+04 1.027624e+04
12.5 1.033057e+04 1.031979e+04 1.028872e+04 1.029951e+04
13.5 1.027856e+04 1.030409e+04 1.028815e+04 1.026262e+04
14.5 1.033867e+04 1.029422e+04 1.028779e+04 1.033224e+04
15.5 1.028899e+04 1.025380e+04 1.028811e+04 1.032329e+04
16.5 1.030165e+04 1.025439e+04 1.028856e+04 1.033582e+04
17.5 1.022851e+04 1.024474e+04 1.028884e+04 1.027262e+04
1.0 1.026951e+04 1.031435e+04 1.028900e+04 1.024415e+04
2.0 1.031690e+04 1.028729e+04 1.028852e+04 1.031813e+04
3.0 1.023122e+04 1.028062e+04 1.028793e+04 1.023854e+04
4.0 1.027345e+04 1.027975e+04 1.028791e+04 1.028161e+04
5.0 1.025329e+04 1.028875e+04 1.028835e+04 1.025289e+04
6.0 1.029098e+04 1.030348e+04 1.028874e+04 1.027624e+04
7.0 1.033057e+04 1.031979e+04 1.028872e+04 1.029951e+04
8.0 1.027856e+04 1.030409e+04 1.028815e+04 1.026262e+04
9.0 1.033867e+04 1.029422e+04 1.028779e+04 1.033224e+04
10.0 1.028899e+04 1.025380e+04 1.028811e+04 1.032329e+04
11.0 1.030165e+04 1.025439e+04 1.028856e+04 1.033582e+04
12.0 1.022851e+04 1.024474e+04 1.028884e+04 1.027262e+04
13.0 1.027854e+04 1.026731e+04 1.028897e+04 1.030020e+04
14.0 1.027792e+04 1.029511e+04 1.028899e+04 1.027180e+04
15.0 1.021365e+04 1.029944e+04 1.028897e+04 1.020317e+04
16.0 1.039184e+04 1.030305e+04 1.028892e+04 1.037772e+04
17.0 1.032637e+04 1.030051e+04 1.028888e+04 1.031474e+04
18.0 1.034720e+04 1.031108e+04 1.028884e+04 1.032495e+04
0.9 1.031690e+04 1.028729e+04 1.028852e+04 1.031813e+04
1.9 1.023122e+04 1.028062e+04 1.028793e+04 1.023854e+04
2.9 1.027345e+04 1.027975e+04 1.028791e+04 1.028161e+04
3.9 1.025329e+04 1.028875e+04 1.028835e+04 1.025289e+04
4.9 1.029098e+04 1.030348e+04 1.028874e+04 1.027624e+04
5.9 1.033057e+04 1.031979e+04 1.028872e+04 1.029951e+04
6.9 1.027856e+04 1.030409e+04 1.028815e+04 1.026262e+04
7.9 1.033867e+04 1.029422e+04 1.028779e+04 1.033224e+04
8.9 1.028899e+04 1.025380e+04 1.028811e+04 1.032329e+04
9.9 1.030165e+04 1.025439e+04 1.028856e+04 1.033582e+04
10.9 1.022851e+04 1.024474e+04 1.028884e+04 1.027262e+04
11.9 1.027854e+04 1.026731e+04 1.028897e+04 1.030020e+04
12.9 1.027792e+04 1.029511e+04 1.028899e+04 1.027180e+04
13.9 1.021365e+04 1.029944e+04 1.028897e+04 1.020317e+04
14.9 1.039184e+04 1.030305e+04 1.028892e+04 1.037772e+04
15.9 1.032637e+04 1.030051e+04 1.028888e+04 1.031474e+04
16.9 1.034720e+04 1.031108e+04 1.028884e+04 1.032495e+04
17.9 1.027921e+04 1.031912e+04 1.028849e+04 1.024858e+04
0.4 1.029098e+04 1.030348e+04 1.028874e+04 1.027624e+04
1.4 1.033057e+04 1.031979e+04 1.028872e+04 1.029951e+04
2.4 1.027856e+04 1.030409e+04 1.028815e+04 1.026262e+04
3.4 1.033867e+04 1.029422e+04 1.028779e+04 1.033224e+04
4.4 1.028899e+04 1.025380e+04 1.028811e+04 1.032329e+04
5.4 1.030165e+04 1.025439e+04 1.028856e+04 1.033582e+04
6.4 1.022851e+04 1.024474e+04 1.028884e+04 1.027262e+04
7.4 1.027854e+04 1.026731e+04 1.028897e+04 1.030020e+04
8.4 1.027792e+04 1.029511e+04 1.028899e+04 1.027180e+04
9.4 1.021365e+04 1.029944e+04 1.028897e+04 1.020317e+04
10.4 1.039184e+04 1.030305e+04 1.028892e+04 1.037772e+04
11.4 1.032637e+04 1.030051e+04 1.028888e+04 1.031474e+04
12.4 1.034720e+04 1.031108e+04 1.028884e+04 1.032495e+04
13.4 1.027921e+04 1.031912e+04 1.028849e+04 1.024858e+04
14.4 1.033881e+04 1.031315e+04 1.028774e+04 1.031339e+04
15.4 1.025817e+04 1.028936e+04 1.028757e+04 1.025638e+04
16.4 1.032312e+04 1.027574e+04 1.028801e+04 1.033540e+04
17.4 1.030607e+04 1.028381e+04 1.028845e+04 1.031071e+04
0.4 1.033057e+04 1.031979e+04 1.028872e+04 1.029951e+04
1.4 1.027856e+04 1.030409e+04 1.028815e+04 1.026262e+04
2.4 1.033867e+04 1.029422e+04 1.028779e+04 1.033224e+04
3.4 1.028899e+04 1.025380e+04 1.028811e+04 1.032329e+04
4.4 1.030165e+04 1.025439e+04 1.028856e+04 1.033582e+04
5.4 1.022851e+04 1.024474e+04 1.028884e+04 1.027262e+04
6.4 1.027854e+04 1.026731e+04 1.028897e+04 1.030020e+04
7.4 1.027792e+04 1.029511e+04 1.028899e+04 1.027180e+04
8.4 1.021365e+04 1.029944e+04 1.028897e+04 1.020317e+04
9.4 1.039184e+04 1.030305e+04 1.028892e+04 1.037772e+04
10.4 1.032637e+04 1.030051e+04 1.028888e+04 1.031474e+04
11.4 1.034720e+04 1.031108e+04 1.028884e+04 1.032495e+04
12.4 1.027921e+04 1.031912e+04 1.028849e+04 1.024858e+04
13.4 1.033881e+04 1.031315e+04 1.028774e+04 1.031339e+04
14.4 1.025817e+04 1.028936e+04 1.028757e+04 1.025638e+04
15.4 1.032312e+04 1.027574e+04 1.028801e+04 1.033540e+04
16.4 1.030607e+04 1.028381e+04 1.028845e+04 1.031071e+04
17.4 1.032203e+04 1.030460e+04 1.028870e+04 1.030613e+04
0.6 1.034720e+04 1.031108e+04 1.028884e+04 1.032495e+04
1.6 1.027921e+04 1.031912e+04 1.028849e+04 1.024858e+04
2.6 1.033881e+04 1.031315e+04 1.028774e+04 1.031339e+04
3.6 1.025817e+04 1.028936e+04 1.028757e+04 1.025638e+04
4.6 1.032312e+04 1.027574e+04 1.028801e+04 1.033540e+04
5.6 1.030607e+04 1.028381e+04 1.028845e+04 1.031071e+04
6.6 1.032203e+04 1.030460e+04 1.028870e+04 1.030613e+04
7.6 1.024864e+04 1.031602e+04 1.028880e+04 1.022141e+04
8.6 1.018391e+04 1.030494e+04 1.028881e+04 1.016779e+04
9.6 1.025443e+04 1.029611e+04 1.028878e+04 1.024710e+04
10.6 1.026823e+04 1.029464e+04 1.028874e+04 1.026233e+04
11.6 1.025920e+04 1.029296e+04 1.028869e+04 1.025493e+04
12.6 1.030225e+04 1.028933e+04 1.028866e+04 1.030158e+04
13.6 1.032862e+04 1.029457e+04 1.028863e+04 1.032269e+04
14.6 1.032839e+04 1.029884e+04 1.028862e+04 1.031816e+04
15.6 1.034903e+04 1.028835e+04 1.028860e+04 1.034928e+04
16.6 1.027606e+04 1.028898e+04 1.028859e+04 1.027566e+04
17.6 1.019415e+04 1.029301e+04 1.028857e+04 1.018971e+04
0.7 1.027921e+04 1.031912e+04 1.028849e+04 1.024858e+04
1.7 1.033881e+04 1.031315e+04 1.028774e+04 1.031339e+04
2.7 1.025817e+04 1.028936e+04 1.028757e+04 1.025638e+04
3.7 1.032312e+04 1.027574e+04 1.028801e+04 1.033540e+04
4.7 1.030607e+04 1.028381e+04 1.028845e+04 1.031071e+04
5.7 1.032203e+04 1.030460e+04 1.028870e+04 1.030613e+04
6.7 1.024864e+04 1.031602e+04 1.028880e+04 1.022141e+04
7.7 1.018391e+04 1.030494e+04 1.028881e+04 1.016779e+04
8.7 1.025443e+04 1.029611e+04 1.028878e+04 1.024710e+04
9.7 1.026823e+04 1.029464e+04 1.028874e+04 1.026233e+04
10.7 1.025920e+04 1.029296e+04 1.028869e+04 1.025493e+04
11.7 1.030225e+04 1.028933e+04 1.028866e+04 1.030158e+04
12.7 1.032862e+04 1.029457e+04 1.028863e+04 1.032269e+04
13.7 1.032839e+04 1.029884e+04 1.028862e+04 1.031816e+04
14.7 1.034903e+04 1.028835e+04 1.028860e+04 1.034928e+04
15.7 1.027606e+04 1.028898e+04 1.028859e+04 1.027566e+04
16.7 1.019415e+04 1.029301e+04 1.028857e+04 1.018971e+04
17.7 1.033147e+04 1.027345e+04 1.028856e+04 1.034658e+04
