-4.995161e+00 1.747767e+01 -1.747767e+01 2.996018e+01
-1.652548e+01 1.747767e+01 -1.747767e+01 1.842986e+01
-8.861348e+01 1.747767e+01 -1.747767e+01 -5.365814e+01
-1.985521e+01 1.747767e+01 -1.747767e+01 1.510013e+01
-1.055199e+00 1.747767e+01 -1.747767e+01 3.390014e+01
-8.768353e+00 1.747767e+01 -1.747767e+01 2.618699e+01
-7.296591e+01 1.747767e+01 -1.747767e+01 -3.801057e+01
-2.241755e+01 1.747767e+01 -1.747767e+01 1.253779e+01
-2.525883e+01 1.747767e+01 -1.747767e+01 9.696509e+00
-2.373361e+01 1.747767e+01 -1.747767e+01 1.122173e+01
-9.081042e+00 1.747767e+01 -1.747767e+01 2.587430e+01
-1.893176e+01 1.747767e+01 -1.747767e+01 1.602358e+01
-4.448393e+01 1.747767e+01 -1.747767e+01 -9.528589e+00
-2.287109e+01 1.747767e+01 -1.747767e+01 1.208425e+01
-3.943290e+01 1.747767e+01 -1.747767e+01 -4.477561e+00
-2.443293e+01 1.747767e+01 -1.747767e+01 1.052242e+01
