   0.0000000e+00   0.0000000e+00   0.0000000e+00   0.0000000e+00   0.0000000e+00   0.0000000e+00
  -9.8216024e-03   9.3501698e-02  -2.4242109e-02  -5.6603123e-04   2.5622634e-04  -2.6668381e-05
   6.0214392e-03  -8.8891854e-03  -3.9658163e-04  -6.1934286e-04  -4.5378958e-05  -4.0561004e-04
  -1.0667536e-03   1.2304124e-02  -2.9297834e-02  -2.3235998e-04   3.1377925e-05  -4.2036769e-04
  -1.7655694e-03   7.1554054e-02  -5.2794543e-02  -7.9992519e-04   5.9890730e-04  -3.5573962e-04
  -1.3172616e-02   3.1286623e-02  -4.9846593e-02  -7.7643200e-04   2.7113210e-04  -1.1831394e-04
  -1.0653722e-02   5.1141154e-02  -6.5414613e-02  -6.0329764e-04   2.3477418e-04   2.2986772e-05
  -5.8800855e-03   9.4648781e-02  -9.7924688e-02  -3.2218480e-04   2.4441000e-04   1.6995932e-04
  -2.4129669e-02   1.2388995e-01  -1.1550652e-01  -1.0405510e-03   2.7580379e-04  -1.8456599e-04
  -9.3681825e-03   1.0248959e-01  -1.1767009e-01  -3.7858392e-04   3.7787849e-04  -1.7704903e-04
  -8.9711706e-03   9.9293692e-02  -1.4434341e-01   4.9043248e-06   4.3940462e-04  -1.4568629e-04
  -1.6230179e-02   1.0449896e-01  -1.5968745e-01  -7.0026152e-04   5.8679529e-04  -1.0185875e-04
  -1.6456371e-02   1.1256621e-01  -2.0231744e-01   5.4343010e-04   6.6079413e-04  -4.7794563e-05
  -1.3763644e-02   6.9548892e-02  -2.1517827e-01   4.9355427e-04   4.5680702e-04  -2.3986449e-04
  -7.1553607e-03   1.1739359e-01  -2.3220876e-01  -1.1868525e-04   1.0899213e-03  -3.1673416e-04
  -1.1022127e-02   6.7741869e-02  -2.2432836e-01   5.8995660e-05   6.1963067e-04  -3.0154989e-04
  -1.4884078e-02   8.1613399e-02  -2.3042085e-01  -5.3729409e-04   9.4293017e-04  -6.8207184e-04
  -2.3141161e-03   8.6490524e-02  -2.4966115e-01   1.7565939e-04   8.3504686e-04  -4.1262029e-04
  -7.4561359e-03   6.1011522e-02  -2.5193927e-01  -1.1452157e-03   8.0839284e-04  -6.7680734e-04
  -1.5034113e-02   1.1394439e-01  -2.2706367e-01  -8.9111851e-04   1.3850821e-03  -5.6341856e-04
  -8.0206781e-03   2.6589597e-02  -2.1564241e-01  -6.0252535e-05   9.3265123e-04  -4.1694075e-04
  -3.0304507e-03   1.0487057e-01  -2.0734429e-01  -5.7278955e-05   1.1302474e-03  -3.0224899e-04
  -2.2292549e-02   7.6220649e-02  -2.0830804e-01   1.7581601e-04   1.0417676e-03  -6.1295843e-04
  -3.0088948e-02   1.1923779e-01  -1.6613174e-01  -2.5544215e-04   7.0144027e-04  -4.6111600e-04
  -7.6809646e-03   2.9235485e-02  -1.7452527e-01  -1.6875212e-04   6.0386355e-04  -3.7467118e-04
  -8.8301289e-03   8.9862132e-02  -2.0172593e-01  -3.9901971e-04   7.1976843e-04  -3.2172290e-04
  -1.5106902e-02   1.3872037e-01  -2.0980485e-01  -1.1063252e-03   9.7633297e-04  -3.0831165e-04
  -2.5265995e-02   3.5763576e-02  -2.2103414e-01   2.2699779e-04   1.0577412e-03  -2.1817642e-04
  -1.3358981e-02   6.7113432e-02  -2.3356683e-01   5.8637519e-04   5.7389985e-04  -3.8216524e-04
  -2.2416980e-02   8.5547057e-02  -2.1377006e-01  -9.6504219e-05   7.8708738e-04  -5.7600082e-04
  -6.7934252e-03   6.6140487e-02  -1.8484866e-01   5.4008646e-04   4.1043906e-04  -1.0224793e-03
   1.7951462e-02   1.6612881e-02  -2.1502913e-01   1.1997430e-03   2.7127773e-04  -8.1387156e-04
  -2.1110332e-03   1.3814608e-01  -2.2940318e-01  -1.5268266e-04   5.7587726e-04  -5.6266370e-04
   6.1592692e-03   5.7958327e-02  -2.0968406e-01   4.4987130e-04   5.5383194e-04  -8.1854807e-04
   4.4146773e-03   3.5816645e-02  -2.0096886e-01   3.6818708e-04   2.8264980e-04  -9.1912447e-04
  -5.0984965e-03   6.3955652e-02  -2.0382749e-01   3.0287718e-04   2.4485096e-04  -1.0954052e-03
   6.8520125e-03   7.4970193e-02  -1.8760164e-01   1.4306500e-04   2.2177963e-04  -7.4019104e-04
   1.5941218e-02   1.0361465e-01  -1.9660650e-01   5.2112964e-04   2.2705765e-04  -7.6365911e-04
  -5.2267142e-03   8.8782018e-02  -2.2470958e-01   2.4111966e-04   1.5036258e-04  -7.4188418e-04
   1.5356618e-02   1.2951646e-01  -2.3957707e-01  -3.4557461e-05  -2.6561505e-04  -1.4896771e-03
   4.5496357e-02   7.0558491e-02  -2.5437912e-01  -3.7981920e-04  -3.6141621e-04  -1.5963288e-03
   3.8160190e-02   1.1537138e-01  -2.8354329e-01   6.6470769e-04  -8.7632887e-04  -1.5211816e-03
   3.8070777e-02   1.0466432e-01  -2.3758248e-01   5.7762982e-04  -1.0855686e-03  -1.9771451e-03
   7.4610988e-02   5.4204288e-02  -2.4453983e-01  -1.7255025e-04  -1.3739042e-03  -2.3794958e-03
  -4.1583165e-02   5.7888064e-02   4.3917884e-02   1.0318539e-03   6.8500219e-04   1.1531957e-03
  -5.5874483e-02   5.3061262e-02   8.4251551e-03   4.6815234e-04   1.1498708e-03   1.0369497e-03
  -4.8538867e-02  -1.0946411e-02   1.9907440e-02  -5.5099849e-04   3.9115117e-04   1.1163377e-03
  -5.6633508e-02   4.3011065e-02   1.2076360e-02   6.5940264e-05   9.8972057e-04   1.0566802e-03
  -5.4352209e-02   2.5579642e-02   2.1383186e-02   5.0520632e-06   6.7397997e-04   9.5454535e-04
  -4.9454763e-02   1.7802037e-02   1.4758148e-02   4.7888486e-04   5.9173406e-04   1.1002201e-03
  -4.6123237e-02   2.9036054e-02   6.6837995e-03   1.0881683e-03   6.5576406e-04   1.1577329e-03
  -7.2822457e-02   5.9741646e-02   3.2557929e-02   5.2187697e-04   9.1602442e-04   1.1971115e-03
  -5.1530608e-02  -1.0282978e-02   5.1069291e-02   1.1208114e-03   8.6568767e-04   1.3994979e-03
  -6.2011888e-02   7.2551355e-02   1.1491158e-02   6.3295137e-04   5.5717997e-04   1.1076206e-03
  -4.7828263e-02   3.6623141e-02  -6.8619308e-03  -1.6825376e-04   8.3721766e-04   9.3731976e-04
  -4.8599962e-02   5.2170254e-02  -3.1073385e-02   4.1848000e-04   7.3035854e-04   1.0916894e-03
  -5.0767518e-02   2.3198501e-02  -3.4074861e-02   8.2103230e-04   5.3574624e-04   1.1145185e-03
  -5.1390250e-02   9.8304964e-02  -5.7345457e-02  -9.0676589e-04   9.0273265e-04   3.7759785e-04
  -5.0013601e-02   4.6242686e-02  -6.0764621e-02  -2.3792788e-04   6.2539161e-04   6.7422666e-04
  -3.7701487e-02   8.8600492e-03  -5.6438857e-02   3.7366955e-05   4.2273231e-04   7.8047327e-04
  -4.4139654e-02   6.8936535e-02  -8.0630201e-02  -5.7719433e-04   6.3929862e-04   7.5155940e-04
  -3.3282315e-02   3.5965739e-04  -9.2450703e-02   7.0224996e-04   2.3105723e-04   5.7260283e-04
  -4.4987010e-02   2.2513052e-02  -7.6694001e-02  -9.7219242e-04   4.7491858e-04   9.4253893e-04
  -4.7187032e-02   8.3411616e-02  -6.6487701e-02  -9.5132540e-04   5.9808658e-04   8.6210957e-04
  -3.2265468e-02   1.0595134e-02  -5.5944194e-02  -5.4146101e-04   2.6881764e-04   6.1113879e-04
  -5.2128106e-02   6.2394742e-03  -7.1926065e-04  -9.7820489e-04   5.6677213e-04   1.1888195e-03
  -5.1050056e-02   9.2638069e-02   3.0254258e-02  -8.5772014e-04   7.3389100e-04   1.1405458e-03
  -4.0886821e-02   9.8475328e-04   8.1689610e-03  -5.4342845e-04   9.3387923e-04   6.6751866e-04
  -3.9875458e-02   7.6325467e-02  -4.6735935e-03  -1.2922469e-03   4.2282845e-04   9.3928360e-04
  -4.0640471e-02   9.1728754e-02  -4.1002839e-02  -9.1075583e-04   7.1020997e-04   8.6059014e-04
  -5.1161938e-02   6.7964321e-02  -3.8741516e-02  -9.0403704e-04   2.5868719e-04   6.1141791e-04
  -4.5861772e-02   2.0423078e-02  -4.9797409e-02  -1.7614613e-04   6.3370412e-04   4.2071719e-04
  -3.5773270e-02   1.8781479e-02  -5.2912592e-02   2.7170521e-04   3.2312014e-04   4.4558581e-04
  -2.9987663e-02   9.6616836e-02  -9.1169476e-02  -6.4840662e-04   2.9962762e-04   6.0404270e-04
  -3.4886315e-02   6.3567518e-02  -7.9281657e-02  -8.6137600e-04   8.8717239e-05   6.3896339e-04
  -3.2465727e-02   2.8329000e-02  -6.0686815e-02  -1.6710761e-03   1.0115864e-05   8.1047584e-04
  -3.4581423e-02   4.8162689e-02  -6.4386118e-02  -1.5930558e-03   6.4330525e-04   6.5895750e-04
  -4.1864354e-02   8.4775621e-02  -4.5666342e-02  -1.5929695e-03   3.1734773e-04   6.7532475e-04
  -3.5226930e-02  -2.2556800e-03  -3.7096439e-02  -1.5842777e-03   3.3316963e-04   8.3920851e-04
  -4.2913114e-02   6.4292219e-02  -5.3520057e-02  -7.3251698e-04   2.2612769e-04   6.9654876e-04
  -4.3061644e-02   9.5409579e-02  -6.4438341e-02  -1.0191038e-03   3.6151579e-04   5.3483628e-04
  -3.0498529e-02   4.8381086e-02  -5.7571276e-02  -1.0081754e-03   3.8269022e-04   5.3348951e-04
  -5.0389511e-02   5.6634959e-02  -4.7969352e-02  -5.2774499e-04   2.1964758e-04   7.3168863e-04
  -2.6449480e-02   1.1357357e-01  -6.8940801e-02  -7.0867628e-04   6.3458097e-04   4.5771629e-04
  -3.1241930e-02   8.1840303e-02  -6.1356792e-02  -3.4818885e-04   1.3345134e-04   1.2245071e-03
  -3.0953836e-02   7.4392760e-02  -6.2809975e-02  -6.6928024e-04   3.3685949e-04   1.0011714e-03
  -4.5310425e-02   8.7616774e-02  -7.2095045e-02  -1.4144123e-03   4.9656361e-04   5.1392438e-04
  -3.9710410e-02   4.8776911e-02  -8.2519238e-02  -8.6558397e-04   4.9785035e-04   4.8904641e-04
  -3.4656999e-02   6.8168139e-02  -9.9682272e-02  -1.8686802e-03   1.0638943e-04  -7.3022483e-05
  -3.9507310e-02   9.4399966e-02  -1.2375024e-01  -1.8646671e-03   3.9019148e-04  -1.3024245e-04
  -2.4357464e-02   2.7450360e-02  -1.2887386e-01  -2.0540620e-03   2.4540998e-04   7.0549001e-04
  -2.5781894e-02   9.6103200e-02  -1.3193494e-01  -2.3922137e-03  -4.9084623e-05   9.4685383e-04
  -2.3450085e-02   3.1436022e-02  -1.1646927e-01  -2.4871551e-03   4.6045366e-04   4.8581114e-04
  -3.0674357e-02   2.7062443e-02  -9.3220017e-02  -1.3929304e-03   6.2352471e-04   5.0269862e-04
  -4.5909113e-02   1.1593703e-01  -1.2405658e-01  -1.1950600e-03   3.1053459e-04   5.4736944e-04
  -3.3170272e-02   9.7149121e-02  -9.7865717e-02  -8.7643373e-04   6.6221911e-04   6.0902561e-04
  -3.8453234e-02   5.3297217e-02  -9.2788529e-02  -7.9766561e-04   3.8758051e-04   6.8561637e-04
  -3.5047898e-02   1.2335140e-01  -1.0904866e-01  -1.5256569e-03   2.7550949e-04   6.3755556e-04
  -3.0409567e-02   1.1773841e-01  -1.3132859e-01  -5.9101954e-04   2.2477824e-04   5.0606294e-04
  -1.6184642e-02   6.0053347e-02  -1.1548671e-01  -9.8109634e-04   5.1311236e-04   5.9609383e-04
  -3.9574841e-02   8.1518938e-02  -1.3203740e-01  -1.5007260e-03   4.1366314e-04   3.2891915e-04
  -3.2300505e-02   1.2636256e-01  -1.5723285e-01  -1.8643842e-03   6.0795531e-04   2.0595653e-04
  -2.6042322e-02   3.5792101e-02  -1.5179663e-01  -2.6145968e-03   2.1088201e-04   8.3064682e-04
  -2.3681361e-02   7.8740422e-02  -1.7458858e-01  -1.7892154e-03   6.2950880e-04   5.6633734e-04
  -4.4572573e-02   6.9149189e-02  -1.6337942e-01  -2.5730036e-03   5.9757215e-04   6.6506963e-04
  -4.7186082e-02   1.2312047e-02  -1.6093103e-01  -2.4047751e-03   1.1240918e-03   1.2521438e-03
  -5.4931768e-02   1.0111680e-01  -1.6983195e-01  -1.8877415e-03   1.4106658e-03   1.0602369e-03
  -6.0001766e-02   8.9733152e-02  -1.6190939e-01  -2.0252390e-03   1.4076479e-03   1.0351974e-03
  -6.4368532e-02   7.6215318e-02  -1.6271218e-01  -1.5640209e-03   1.4578164e-03   1.3793560e-03
  -7.7701487e-02   1.4621422e-01  -1.4355825e-01  -1.8181583e-03   1.4771809e-03   1.0374883e-03
  -5.3988576e-02   8.2257881e-02  -1.5749827e-01  -2.6167538e-03   1.3230906e-03   1.0434098e-03
  -6.6788716e-02   8.4356204e-02  -1.5611026e-01  -1.8059325e-03   1.6263755e-03   9.9598597e-04
  -6.9076520e-02   1.3974399e-01  -1.8249195e-01  -2.2468527e-03   1.2690461e-03   1.3153412e-03
  -7.4836725e-02   8.6329047e-02  -1.9866540e-01  -1.6312420e-03   1.5545987e-03   1.0702190e-03
  -5.4607834e-02   7.0348273e-02  -1.6183673e-01  -1.8709995e-03   1.0319359e-03   9.8343105e-04
  -5.6859734e-02   7.9025296e-02  -1.8926949e-01  -1.6144175e-03   1.2196574e-03   1.0117218e-03
  -6.2139208e-02   1.1628976e-01  -1.8919547e-01  -2.4601010e-03   1.1953660e-03   1.4962348e-03
  -5.6408610e-02   5.1366020e-02  -1.7520118e-01  -2.8967710e-03   1.2490557e-03   1.4615722e-03
  -7.2875997e-02   6.8795929e-02  -1.8528186e-01  -2.5753116e-03   1.4335869e-03   1.5990818e-03
  -6.9367775e-02   8.0765804e-02  -1.7909175e-01  -2.7659285e-03   1.4671960e-03   1.1909107e-03
  -7.5491263e-02   2.6514369e-02  -1.5843370e-01  -2.6192215e-03   1.8260106e-03   1.5170985e-03
  -8.5453876e-02   7.2319860e-02  -1.6637122e-01  -2.0103535e-03   1.4181054e-03   1.8114606e-03
  -7.4884148e-02   1.1232674e-01  -1.7009790e-01  -2.1720803e-03   1.4500043e-03   1.4344460e-03
  -6.1781039e-02   5.3951415e-02  -1.6047684e-01  -2.7674487e-03   1.3258708e-03   1.2597332e-03
  -8.2185583e-02   1.3035501e-01  -1.8466545e-01  -2.4131312e-03   1.8583456e-03   1.4198772e-03
  -7.1005441e-02   1.5611061e-01  -1.8228447e-01  -3.2420822e-03   1.4928605e-03   1.3811501e-03
  -2.1016269e-02  -5.5012658e-03   5.2370149e-02   1.3045303e-03  -4.9330951e-04  -2.6245181e-04
   7.2207321e-03   5.0102740e-02   1.6956881e-02   5.8177269e-04  -1.3739183e-04  -4.8187436e-04
  -6.8235247e-03   2.5814219e-02  -9.7567473e-03   1.7087526e-03  -4.9299136e-04  -1.1864158e-04
  -7.0480336e-03  -1.7333241e-02   1.6306592e-02   2.1245132e-04  -2.3621121e-04  -1.1016972e-04
  -6.7084863e-03   1.7913014e-02  -2.1918480e-02   4.5815439e-04  -2.1169434e-04  -2.1906959e-05
  -4.7066567e-03   7.3013614e-02  -1.2081405e-02   4.1237224e-04  -3.1886706e-04   2.1410062e-04
  -8.5983804e-03  -5.0011791e-02  -3.0337032e-03   6.6039763e-04  -5.5555402e-04   4.3852221e-04
  -2.5083144e-02   9.3450090e-02  -1.4041617e-02  -1.4700116e-04  -2.1577047e-04   3.1638702e-04
  -8.3183897e-03  -9.6227735e-02  -1.0536379e-03  -3.0680672e-05  -2.8450216e-04   4.0647122e-04
  -2.7791587e-02   4.7203829e-02   5.1778389e-03  -9.1658808e-04   2.7232879e-04   2.3932673e-04
  -2.1019006e-02  -6.9931131e-02   3.6704518e-02   1.5612010e-03   2.8322203e-04   9.2094378e-04
  -5.5623279e-02   3.4943294e-03   7.2662233e-02   1.1191151e-03   2.6731999e-04   1.3632166e-03
  -4.3884866e-02   3.5722917e-02   2.6580650e-02   1.0976530e-03   1.8480739e-05   1.0557627e-03
  -1.5971378e-02  -5.9198494e-03   6.0592496e-02   6.2664274e-04  -6.4373571e-05   4.9695290e-04
  -3.0571816e-02   6.4697976e-04   4.1043260e-02   1.2232531e-03   2.4967812e-04   4.6708504e-04
  -2.6521759e-02   4.4667470e-02   1.4848544e-02   1.8226032e-03   1.2469168e-04   4.4055511e-04
  -1.6279861e-02   3.4892336e-02   1.8364944e-02   1.3737858e-03  -2.2080516e-04   1.8585656e-04
  -1.3584804e-03   3.0087406e-02   7.7013395e-03   1.1298195e-03   5.7825395e-06   6.1005778e-04
  -4.8252659e-02  -1.0175611e-02   1.6874728e-02   8.2316816e-04   4.9176793e-04   1.2241410e-03
  -4.9953690e-02   3.0940707e-02   1.3657110e-02   1.2028596e-03   2.1687223e-05   8.5317006e-04
  -3.1380510e-02   7.9648076e-02   1.4271994e-02   4.3630211e-04   1.0023880e-04   1.0026801e-03
  -3.2467100e-02  -6.1651639e-02   1.6969078e-02   8.5299655e-04  -1.0209133e-04   1.2361185e-03
  -5.1378587e-02   5.7495331e-02   2.5251127e-04  -4.3295995e-04   3.8055724e-04   1.0762179e-03
  -3.9624366e-02  -2.4505563e-02   2.5201318e-02   3.7836562e-04   3.8998483e-04   1.1795400e-03
  -4.7329656e-02  -1.2278290e-02   7.2206423e-02   1.1214483e-03   9.2371855e-04   1.3354025e-03
  -6.9370293e-02   2.5837300e-02   6.0599385e-02   1.3791230e-03   6.7382336e-04   1.4457466e-03
  -5.7259425e-02   2.5937383e-02   6.8248520e-02   8.9222581e-04   3.7207490e-04   1.7412460e-03
  -6.9198332e-02  -3.7142806e-03   5.8551994e-02   3.3380140e-04   5.0022316e-04   1.7090941e-03
  -7.0592398e-02   6.2318784e-03   4.4068499e-02   2.1803750e-04   5.1768055e-04   1.7990365e-03
  -7.1302163e-02   4.4713849e-02   6.0112458e-02   4.1268027e-05   7.0623571e-04   1.7748309e-03
  -5.2341659e-02   1.7928818e-02   4.4443520e-02   6.4763159e-04   5.0358750e-04   1.4477018e-03
  -5.9080181e-02   9.1549508e-02   1.6491634e-02   9.8907440e-04   6.2133735e-04   1.3868668e-03
  -5.3960007e-02   1.8736513e-02   8.9648183e-03   1.5052545e-03   8.4570927e-04   9.2437521e-04
  -6.0648992e-02  -2.2125972e-02   3.5298674e-02  -2.2727120e-04   1.2569733e-03   1.6039709e-03
  -6.0279624e-02  -2.3075206e-03   3.1551055e-02   8.3648922e-04   9.0983225e-04   1.6177816e-03
  -8.3457278e-02   6.0044260e-02   1.2843659e-02   8.8330229e-04   1.3332891e-03   1.2755624e-03
  -5.9213653e-02  -4.3476845e-02   1.7129677e-02   2.7507463e-04   9.9302639e-04   1.2258310e-03
  -7.4455433e-02   4.6320728e-02   4.2762644e-02   2.2392557e-04   1.5099545e-03   1.0136835e-03
  -7.2383409e-02  -6.1107565e-02   7.8307617e-02   1.6261649e-03   1.6816805e-03   1.2407845e-03
  -9.1791187e-02   4.2941863e-02   7.4090529e-02   9.1309909e-04   1.7330956e-03   1.2895144e-03
  -8.2836636e-02  -5.5794747e-02   9.6352216e-02   2.3269047e-03   1.6353222e-03   1.2254303e-03
  -6.0783189e-02  -4.7360521e-02   1.1951111e-01   2.0553871e-03   1.6230734e-03   3.7690640e-04
  -5.8322692e-02  -2.9858603e-02   1.4162189e-01   3.1174282e-03   1.5510845e-03   6.6504828e-04
  -5.0105895e-02   3.0473637e-02   1.5725182e-01   1.1777864e-03   1.7192711e-03   3.6019644e-04
  -3.8161112e-02  -1.0246193e-01   1.1377868e-01   1.9392994e-03   1.9420576e-03   3.5756771e-04
  -7.0240642e-02   9.1657347e-02   1.1029005e-01   8.6373844e-04   1.8760186e-03   1.9960630e-04
  -3.7645911e-02  -2.4187288e-02   9.5342982e-02   7.6864772e-04   1.9572540e-03   2.8943248e-04
  -6.2046723e-02   2.2144080e-03   9.5465702e-02   1.4942130e-03   1.2965082e-03   3.4388131e-04
  -4.3780554e-02   2.9637432e-02   1.2389234e-01   9.2014478e-04   1.5126406e-03   4.7099243e-04
  -5.6398887e-02  -7.4875983e-02   1.1264727e-01   5.2330980e-04   1.9422880e-03   4.3472345e-04
  -7.5582141e-02   5.9747769e-02   1.0501682e-01  -1.5208438e-04   1.8187784e-03   8.6025450e-04
  -6.6721161e-02  -7.6611521e-02   1.0751426e-01  -1.5136192e-04   2.1705613e-03   9.7687656e-04
  -7.5982540e-02  -2.9476798e-02   1.0122639e-01   3.5159482e-04   1.9968437e-03   8.7271594e-04
