   0.0000000e+00   0.0000000e+00  -7.1054274e-15   2.7755576e-17  -5.3887681e-18   1.4956836e-34
   1.7783009e-04   7.2307728e-02   3.8485372e-02  -6.8824896e-04   4.2191862e-06   4.8931916e-04
   3.0139415e-02   6.5632619e-03   2.3026151e-02  -1.1368780e-03   1.2159957e-04  -6.3937305e-04
   4.8266851e-02   6.2923381e-02  -1.6560673e-02  -8.1671747e-04  -3.1864411e-04  -1.0698433e-03
   2.8645592e-02   3.2213866e-02  -8.7854712e-03  -1.3111066e-03  -1.0808030e-05  -5.0411493e-04
  -7.8703028e-03  -4.5917678e-02  -2.1485417e-02  -1.1269158e-03   9.9831533e-05  -1.2604993e-04
   1.9780567e-02   4.2043822e-02  -2.1353805e-02  -1.3700430e-03   8.9150294e-05  -5.5631454e-04
   1.2530536e-02   2.8533055e-03   1.6319677e-02  -1.1252510e-03   7.9146359e-05  -6.9497153e-04
   2.9491811e-02  -1.6527742e-02   2.5834092e-02  -1.0171446e-03   1.4135673e-05  -6.9165789e-04
   2.4432695e-02   5.0915827e-02   1.0373846e-02  -1.5951202e-03  -2.6204518e-04  -6.7701365e-04
   2.4176972e-02   3.6629312e-02   1.1628913e-02  -1.5718218e-03  -3.9169033e-04  -4.3025890e-04
   1.5137913e-02   3.1518505e-02   9.9340150e-03  -8.7276171e-04  -1.8701959e-04  -4.2930585e-04
   2.0595666e-02   4.8505839e-02   1.0053869e-02  -8.6239496e-04  -1.8106803e-04  -1.5629556e-04
   1.5520957e-02   1.6762086e-02   3.7220528e-03  -1.1520177e-03  -7.7548429e-05  -4.0954339e-04
   2.3422856e-02   1.4662963e-02  -1.3584721e-03  -1.0403266e-03   1.9123437e-04  -5.1200479e-04
   3.8305905e-02   4.5034770e-02  -6.6553074e-03  -1.3444118e-03  -1.3793494e-04  -5.9205584e-04
   2.0779612e-02   1.5618043e-02  -1.9665013e-03  -1.1088249e-03   8.7071309e-04  -7.9012583e-04
   6.1595826e-03   2.9849308e-02  -3.5616073e-03  -1.4913942e-03   7.3052513e-04  -8.9905492e-04
   2.1652710e-02   2.5316679e-02   1.1902038e-02  -1.8215648e-03   6.8934747e-04  -9.3391481e-04
   1.6338797e-02  -6.8326624e-03   2.9310113e-02  -1.4257991e-03   5.4168082e-04  -8.7692925e-04
   3.0115439e-02   3.7945578e-02   6.5501852e-03  -1.5925389e-03   8.2817660e-04  -9.1589000e-04
   2.1329098e-02   3.4912319e-02   3.8133259e-02  -1.2635511e-03   8.4664989e-04  -1.1132252e-03
   3.3777501e-02   1.5425171e-02   2.3709513e-02  -1.2731314e-03   9.2915729e-04  -1.2562898e-03
   2.7107880e-02   4.2226656e-02   2.0462732e-02  -1.3520512e-03   1.6925266e-03  -1.0032662e-03
  -7.2083359e-03   7.3960768e-02  -1.7617554e-03  -1.9405948e-03   1.5346914e-03  -1.0879884e-03
   7.5229748e-03   1.6697568e-02   1.2797869e-02  -1.4828172e-03   1.2320217e-03  -1.1832166e-03
   1.6853673e-02   1.3655851e-02  -4.7074640e-03  -1.5113882e-03   1.4198543e-03  -1.2137339e-03
  -3.2917379e-03   7.9090934e-02  -2.5674136e-02  -1.6665211e-03   1.5101603e-03  -1.0782187e-03
   3.3651797e-03  -1.3404751e-02  -1.0030748e-02  -1.5571475e-03   1.5747968e-03  -1.1322093e-03
   1.2019058e-02   3.4582309e-02  -2.6821771e-02  -1.3408562e-03   1.3657900e-03  -1.1827409e-03
  -1.1025693e-03   5.0722186e-02  -1.8608881e-02  -1.7200370e-03   1.9512374e-03  -1.4242751e-03
   1.8170967e-03   1.1788825e-02   5.4375737e-03  -1.4051637e-03   1.6937469e-03  -1.2178664e-03
  -9.1101840e-04   1.4551203e-01  -6.9322429e-02  -1.4729246e-03   1.7235389e-03  -1.6577820e-03
   5.5452198e-02   3.4466638e-02  -5.9999023e-02  -3.0921484e-03   2.2633385e-03  -2.1830947e-03
  -1.2207576e-02   3.9988990e-02  -2.3744094e-02   1.1558842e-04  -8.0234228e-04   8.9939874e-04
  -1.2065106e-02  -9.6261119e-02   2.3092565e-02  -1.9594397e-04  -8.7890209e-04   1.0697435e-03
  -2.3103037e-02   3.5251804e-02   1.7537495e-02  -5.4979531e-04  -7.4113662e-04   1.0067651e-03
  -2.1036440e-02  -1.7510344e-02   4.6569012e-02  -8.1207866e-05  -1.0549926e-03   8.0457927e-04
   1.2586909e-04  -2.5756821e-02   5.1031144e-02  -1.0609548e-04  -1.0958891e-03   8.6049233e-04
  -1.1804513e-02   9.9499701e-02   4.2727675e-02  -4.4759364e-04  -1.4744098e-03   1.1191443e-03
   1.5286916e-02  -5.8348969e-02   3.7822067e-02   4.0430383e-04  -1.5212159e-03   1.1686790e-03
  -2.2138765e-02  -7.7118374e-02   3.0274582e-02   2.3512027e-03  -1.4699133e-03   1.3972979e-03
   2.6888737e-02   3.8150187e-02  -8.4737355e-02  -1.4856976e-03   5.6807862e-04  -1.0340430e-03
   3.5178470e-02   6.0172920e-03  -4.9586358e-02  -1.0390709e-03   5.7820442e-04  -7.0225908e-04
   1.2914763e-02  -3.8901740e-02  -5.1197035e-02   5.9031421e-05   3.3275761e-04  -2.9501362e-04
   1.9406066e-02   5.9001049e-02  -7.7325757e-02  -1.8704684e-03   5.3173073e-04  -3.5076354e-04
  -9.8842639e-03  -4.5546829e-02  -7.3374246e-02  -1.6065945e-03   6.8177497e-04  -2.3883534e-04
   4.2242283e-03   6.9897516e-02  -7.5464030e-02  -2.1092001e-03   4.4783548e-04  -2.5060036e-04
  -1.2767126e-02  -1.4726934e-02  -5.3646813e-02  -1.6962977e-03   5.2373284e-04  -3.4848696e-04
   5.6599420e-03   1.6863014e-02  -5.6131615e-02  -2.2207747e-03   6.3384053e-04  -2.6051985e-04
  -1.4599083e-02   5.0593211e-02  -4.8638060e-02  -1.7906046e-03   7.5544042e-04  -4.7598283e-04
   1.0569202e-02  -1.6971746e-03  -3.8343710e-02  -1.8704135e-03   7.2275936e-04  -2.8268839e-04
  -1.0481417e-02   4.8950932e-02  -2.7681235e-02  -1.8008672e-03   5.5614118e-04  -1.3761282e-04
  -1.2308623e-02   5.7828578e-02  -3.8000665e-02  -2.0840626e-03   5.4739080e-04  -1.2093710e-06
  -5.3264898e-03   4.9035069e-03  -3.7534167e-02  -1.4255378e-03   4.4288808e-04   3.5399638e-05
  -1.4152291e-02   1.5717599e-02  -8.4498756e-02  -1.2824682e-03   6.7523713e-04   6.8335009e-05
  -1.1455331e-02  -2.5371061e-02  -7.6258050e-02  -9.1337917e-04   7.3394483e-04   1.8107319e-04
  -1.2694578e-02   2.0328141e-03  -7.0551332e-02  -8.6666184e-04   7.7123093e-04  -2.2605145e-04
  -5.3923960e-03   5.3289147e-02  -5.6103935e-02  -1.4837433e-03   4.5749348e-04   2.2046381e-04
  -1.6904731e-02  -3.1772859e-02  -5.6473558e-02  -1.9133113e-03   4.5928791e-04   3.6921552e-04
  -7.4985695e-03   8.2957647e-02  -4.1001131e-02  -1.9560914e-03   5.2502083e-04   2.6794777e-04
  -3.8225821e-02   5.8166129e-02  -1.0146418e-01  -3.4939534e-03   1.3690303e-03  -4.6650606e-04
   3.3038670e-02   2.0258893e-01  -1.2821561e-02  -2.3428099e-03  -4.5236819e-04  -1.4709487e-04
  -3.7917997e-03  -5.4223641e-02   1.7498450e-02  -1.3837718e-03   1.4969930e-04   5.6911239e-04
  -2.0165089e-02   5.8729946e-02   2.8779438e-02  -1.5187799e-03  -1.1241416e-04   4.0251218e-04
  -8.1684490e-03  -1.7966159e-02   5.4161621e-02  -6.8932934e-04   2.0846942e-04   3.2175765e-04
  -2.6383115e-03   9.6153037e-02   3.2935666e-02  -1.3582770e-03  -2.5646453e-04   6.0071775e-04
  -4.7948146e-03  -7.1906622e-02   3.7202238e-02  -5.5208175e-04  -8.9171082e-05   7.4629434e-04
  -1.1903117e-02   1.0204545e-01   8.6099052e-04  -5.8635605e-04  -1.5460896e-04   9.9748808e-04
  -2.9603746e-02  -2.7585607e-02   2.9935527e-02  -5.3977166e-04  -2.6466775e-07   1.3929265e-03
  -4.6682567e-02   9.0437436e-03   1.8585067e-02  -3.1455864e-04   3.8811699e-04   1.4006730e-03
  -6.0169666e-02  -3.3615775e-02   2.5554131e-02  -2.1611784e-04   9.0996736e-05   1.3592937e-03
  -3.6404681e-02   2.7175845e-02   2.9858082e-02  -4.3451614e-04   3.3870333e-05   1.1404913e-03
  -4.6365780e-02  -7.6194063e-02   3.7999322e-02   2.8762659e-05   5.6475791e-05   9.0989617e-04
  -1.7949903e-02   5.0264666e-02   1.5312763e-02  -1.9394850e-04  -5.4340124e-04   1.1354316e-03
  -2.1377906e-02  -8.4858933e-02   2.8144173e-02  -9.9497433e-05  -7.3012553e-04   1.2540794e-03
  -2.5056185e-02   3.7619023e-02   1.3208401e-03  -1.6982539e-04  -5.7971304e-04   1.1941246e-03
  -2.2302906e-02  -9.5794845e-02   2.5086064e-02  -1.6519002e-04  -5.9053532e-04   1.2536896e-03
  -2.6109686e-02   4.1718706e-02   2.4398032e-02  -2.0161491e-04  -5.6394297e-04   1.0318027e-03
  -2.1409952e-02  -6.1410781e-02   4.5145772e-02  -4.5520690e-05  -4.1652559e-04   1.1011122e-03
   1.4668869e-02   6.7500834e-02   4.2898663e-02  -4.1964217e-04   1.4646535e-05   7.4059312e-04
  -4.2144689e-02   6.7465318e-02  -1.2747134e-02  -6.3487141e-04   2.7327743e-04   1.6124248e-03
  -7.1202162e-02  -6.2057285e-02   4.4621896e-03  -4.9443864e-04  -3.3510516e-05   2.0794690e-03
  -5.9597273e-02   6.4901428e-02   2.4022355e-02  -6.6878442e-04  -4.4405078e-04   1.7004795e-03
  -4.8214632e-02  -2.1186068e-02   7.6261430e-03  -6.2429493e-04  -2.5130643e-04   1.7211464e-03
  -4.5268636e-02   2.6216837e-02   1.0030539e-03  -2.5320260e-04  -3.8800998e-04   1.7642542e-03
  -3.7509263e-02  -8.5892272e-03   2.7234050e-02   5.7000914e-04  -2.7498191e-04   1.5828523e-03
  -4.5023207e-02  -2.2042360e-02   1.7115135e-02  -5.1338784e-05  -3.2788879e-04   1.5884851e-03
  -2.4266387e-02   3.7315026e-02   3.2137434e-02  -2.9807101e-04  -5.0957636e-04   1.4336201e-03
  -3.1991273e-02  -4.9306879e-02   5.4642916e-02  -3.3893172e-05  -3.0969599e-04   1.2376518e-03
  -2.6392915e-02   2.0022898e-02   3.4924196e-03  -4.1439690e-04  -4.1125696e-04   1.3294228e-03
  -3.2172430e-02  -1.5822359e-02   3.0085943e-02  -7.2748031e-04  -2.0289937e-04   1.3428417e-03
  -5.1362092e-02  -1.5578808e-02   1.7350902e-02  -5.4222862e-04  -3.8977159e-05   1.2830293e-03
  -3.2895529e-02   6.9769946e-02   5.4569296e-02  -5.5090033e-04  -4.0956725e-06   1.2485961e-03
  -4.2435590e-02  -7.7158742e-02   9.7844702e-02  -3.0796011e-04  -1.8166974e-04   1.3275055e-03
  -4.4188342e-02   1.0345006e-01   7.9947855e-02  -7.5501665e-04  -1.0030561e-06   1.6347915e-03
  -5.7971354e-02  -3.6762234e-02   1.0603966e-01  -5.6738895e-04   1.3526103e-04   1.7521005e-03
  -7.5681706e-02   1.1313849e-01   6.6325218e-02  -9.5586204e-04   1.6959069e-04   1.8336915e-03
  -6.9446263e-02  -4.5800945e-02   7.0957692e-02  -1.9255065e-04  -5.6890950e-05   2.0852162e-03
  -6.2469826e-02   6.8196496e-02   7.7095478e-02  -7.9296159e-05  -2.4553773e-06   1.9690627e-03
  -7.9207920e-02  -5.6615837e-02   9.2464887e-02   4.1633195e-04   1.0405516e-04   2.2452321e-03
  -7.4483913e-02   6.8712287e-02   3.3993454e-02  -8.2738937e-04  -2.9626183e-05   2.5116378e-03
  -8.0811122e-02  -2.4766575e-02   8.0839039e-02  -2.3654423e-04  -1.3038986e-04   2.4219518e-03
  -9.5193877e-02   9.5409620e-02   1.0740527e-01  -6.2673927e-04  -6.7589219e-04   1.6677821e-03
   8.2699446e-03   2.7045650e-02   1.5477790e-01  -4.4757019e-04  -9.6306599e-04   6.4043131e-04
   3.5310938e-03   4.5344361e-02   1.8135162e-01  -1.1356934e-03  -1.1255595e-03   8.6650169e-04
   3.1992062e-03   2.7798800e-03   1.8314424e-01  -1.1508443e-03  -1.0075284e-03   1.0579591e-03
  -2.1027966e-02   4.9431993e-02   1.4189255e-01  -9.9638838e-04  -7.5216043e-04   1.1327915e-03
  -1.8636001e-02   9.4925924e-02   1.6463524e-01  -9.9470431e-04  -9.1899800e-04   1.1452295e-03
  -3.5003641e-03   1.2854797e-02   1.7132588e-01  -7.8711831e-04  -8.0372495e-04   1.2592322e-03
  -1.8006864e-02   1.1997838e-01   1.4516321e-01  -8.8386609e-04  -5.2496373e-04   1.3939739e-03
  -1.5391313e-02   3.0389231e-02   1.6918088e-01  -8.0092160e-04  -5.5938378e-04   1.3685854e-03
  -3.9160915e-02   2.5048899e-02   1.5806651e-01  -4.2214040e-04  -5.3993874e-04   1.4835854e-03
  -3.0103717e-02   4.7013144e-02   1.5546502e-01  -2.9946902e-04  -9.1041075e-04   1.3117361e-03
  -3.1128756e-02  -3.0934767e-02   1.5923322e-01  -3.2719664e-04  -5.3271540e-04   1.4280696e-03
  -3.0152218e-02   1.0188174e-01   1.2964781e-01  -6.9251012e-05  -4.4553382e-04   1.2116733e-03
  -2.3898911e-02  -2.8163949e-02   1.4219271e-01  -3.8097645e-04  -7.1842679e-04   1.5335617e-03
  -3.6095009e-02   5.4596309e-02   1.3393080e-01  -5.5706304e-04  -5.7890342e-04   1.7062557e-03
  -4.3449346e-02   1.9948841e-02   1.3202275e-01  -5.2280526e-04  -1.0001000e-03   1.9098211e-03
  -3.2913140e-02   1.8292980e-02   1.3027455e-01  -5.6500998e-04  -7.9377764e-04   1.8036775e-03
  -4.8307410e-02   6.3130527e-02   1.2938165e-01  -8.0215548e-04  -6.9334639e-04   1.6842909e-03
  -5.5411830e-02  -2.2734775e-02   1.6767364e-01  -7.0958974e-04  -4.4380547e-04   1.7558679e-03
  -5.8556412e-02   6.1843231e-02   1.5591594e-01  -4.9211424e-04  -6.4613252e-04   1.6376014e-03
  -3.0604325e-02   3.5502770e-02   1.7725605e-01  -5.8691204e-04  -6.1203013e-04   1.3775746e-03
  -3.2853277e-02   4.2727714e-02   1.9009452e-01  -4.5916183e-04  -9.6858734e-04   1.4817522e-03
  -2.5536721e-02   1.1737861e-01   1.4080962e-01  -8.7166513e-04  -1.2268549e-03   1.7688248e-03
  -2.8569513e-02   9.7119816e-03   1.6023421e-01  -2.7303418e-04  -1.1597139e-03   1.8844443e-03
  -3.1921495e-02   5.3430902e-02   1.2656840e-01  -7.6276245e-04  -1.2418188e-03   1.8967711e-03
  -3.2511972e-02   5.6683614e-02   1.1527009e-01  -5.9241387e-04  -9.4882718e-04   1.4549824e-03
  -2.4330093e-02   6.3966129e-03   1.2871752e-01  -2.6078378e-04  -1.0154371e-03   1.8051976e-03
  -3.7067948e-02   2.5318384e-02   1.1107945e-01  -6.6326369e-04  -8.7791524e-04   1.7977952e-03
  -4.1554746e-02   4.6533268e-02   1.0418958e-01  -4.4850388e-04  -6.0533806e-04   1.5703714e-03
  -2.2724733e-02  -2.4587745e-02   1.1746914e-01  -2.4388187e-04  -7.2035385e-04   1.6050334e-03
  -5.1651612e-02   1.7406950e-02   8.3109015e-02  -6.7482152e-04  -7.4295210e-04   1.5289905e-03
  -2.9006554e-02   3.4689174e-02   1.1152505e-01  -8.4870027e-04  -8.0567135e-04   1.5332947e-03
  -3.6632935e-02  -1.8662237e-02   1.2401565e-01  -5.4241493e-04  -7.1714488e-04   1.3963633e-03
  -1.7873956e-02   6.4810175e-02   1.3157810e-01  -1.0820959e-03  -6.5962532e-04   1.1959523e-03
  -2.1484521e-02   1.9981568e-02   1.3936207e-01  -8.9655957e-04  -3.9086180e-04   1.1085426e-03
  -3.3849280e-02   1.5304838e-02   1.5669334e-01  -9.1202002e-04  -4.8557728e-04   1.2373420e-03
  -3.1718535e-02   6.2134328e-02   1.2393934e-01  -5.1210809e-04  -5.4484378e-04   1.1811126e-03
  -1.0994699e-02   4.6265491e-02   1.3530567e-01  -6.8993803e-04  -6.1478992e-04   1.1876022e-03
  -4.0519279e-02  -3.1583593e-02   9.7433377e-02  -5.9415485e-04  -7.6579051e-05   1.0190681e-03
  -2.1235553e-02   5.8297493e-02   8.7740947e-02  -3.1557730e-04  -4.7208697e-04   1.1917590e-03
  -1.8695609e-02   1.1653927e-02   8.2426049e-02  -1.3939448e-04  -7.5716621e-04   1.0244997e-03
  -2.1851731e-02  -9.0751473e-03   9.6439264e-02  -2.8371721e-04  -8.7033585e-04   1.1381063e-03
  -4.8992330e-03   6.4433057e-02   8.1290357e-02  -7.6063680e-04  -8.8813938e-04   1.0072184e-03
  -9.8505711e-03  -3.4502075e-02   1.1186435e-01  -3.8715127e-04  -1.0832558e-03   9.3851215e-04
  -5.2430655e-03  -1.2625452e-02   9.2314912e-02  -4.0440770e-04  -1.0707351e-03   9.1748183e-04
  -1.2619621e-04   2.8002181e-02   1.0086287e-01  -7.1962028e-04  -1.0531505e-03   7.6221169e-04
   1.0505163e-02   8.2103139e-02   1.6228679e-01  -4.4549433e-04  -1.7640094e-04  -3.6991619e-04
  -1.0241574e-02   1.6438371e-01   1.8414803e-01  -1.4518619e-03  -4.7586422e-04  -1.1170893e-03
   8.5775836e-02   2.9082512e-02   2.1348317e-01  -1.1891810e-03  -3.2459894e-04  -7.9385327e-04
   5.8019746e-02   8.1188258e-02   1.9918544e-01  -9.5980300e-04  -8.3223339e-04   1.2113955e-04
   2.6904677e-02   1.0765722e-01   1.9627437e-01  -1.5046379e-03  -1.0376793e-03  -1.3462691e-04
   2.9563631e-02   2.0493910e-02   2.0618049e-01  -9.4694967e-04  -5.8314375e-04  -2.7199925e-04
   3.2893764e-02   1.5301978e-01   2.0878098e-01  -1.6470647e-03  -6.1414758e-04  -2.9939655e-04
   8.2244333e-03  -1.3285713e-03   2.4170498e-01  -8.2501053e-04  -3.3059620e-04  -4.3925352e-04
   1.5610206e-02   4.8029418e-02   2.1263980e-01  -1.4259268e-03  -2.8104041e-04   1.2047200e-04
   1.2848960e-02   1.0377534e-01   2.0060212e-01  -1.1247993e-03  -3.2265654e-04  -2.3873719e-04
   2.0055372e-02   1.6945043e-02   2.0556634e-01  -1.1006494e-03  -2.0385342e-04  -1.5640786e-04
   1.3480040e-02   1.0356298e-01   1.9307277e-01  -8.3115018e-04  -2.0720794e-04  -6.9655021e-04
   2.1926106e-02   2.3453606e-02   2.2834302e-01  -1.1985707e-03  -3.2935730e-04  -4.6944030e-04
   2.3397442e-02   6.7119986e-02   2.1510844e-01  -1.4351719e-03  -4.1868967e-04  -7.5836128e-04
   3.0759482e-02   4.6998225e-02   2.1230563e-01  -9.5333153e-04  -5.0027279e-04  -5.8193286e-04
   3.3369374e-02   1.0492628e-01   1.9332021e-01  -1.4528991e-03  -3.3305917e-04  -7.4001020e-04
   1.5633862e-02   6.2086102e-02   1.9284667e-01  -1.6243787e-03  -6.5197040e-05  -6.5687596e-04
   3.4482530e-02   5.4126164e-02   2.0235582e-01  -1.4563886e-03   1.3387576e-04  -4.9668150e-04
   1.4549725e-02   1.1043345e-01   1.8067273e-01  -1.2178323e-03   1.5769086e-04  -6.2843202e-04
   1.7892018e-02   1.5300375e-02   2.0177034e-01  -7.7517229e-04  -3.3489766e-04  -6.3793292e-04
   3.8709603e-02   2.0715582e-01   1.1029201e-01  -1.9100690e-03   1.3690813e-04  -5.6828566e-04
   3.0958365e-02   1.6177032e-01   7.4481017e-02  -4.4963724e-03  -2.9484977e-05  -8.8401627e-04
  -1.5944375e-02  -5.7763355e-03  -4.1719119e-02   9.4935517e-04  -5.4080809e-05   3.6532424e-04
  -1.4021373e-02  -1.9965282e-01   1.7524771e-02   2.6874480e-03  -1.9696008e-04   8.3589995e-04
   3.0123169e-03   4.9403475e-02  -2.8897666e-02  -2.5307372e-03   2.3664408e-04  -3.8039968e-04
   1.4081599e-02   7.4142043e-02  -2.0781496e-02  -1.8677266e-03  -8.1707415e-05   2.7524613e-05
   1.2046481e-02   1.2154636e-02  -1.5248546e-02  -2.0487525e-03  -4.2370249e-04   4.4303985e-06
   1.2608400e-02   3.6677155e-02  -5.2741384e-02  -2.8126092e-03  -7.0178256e-04   3.4749552e-04
   2.3837361e-02   1.3734131e-01  -5.8661303e-02  -2.4268290e-03  -5.3957368e-04   1.8007050e-04
   9.9949941e-03  -6.1340065e-02  -2.9464768e-02  -2.2646823e-03  -8.6675580e-04   6.4118435e-04
