0.5 1.090287e+04 1.095186e+04 1.092229e+04 1.087330e+04
1.5 1.104217e+04 1.095686e+04 1.091781e+04 1.100312e+04
2.5 1.094228e+04 1.094205e+04 1.090169e+04 1.090192e+04
3.5 1.089539e+04 1.091615e+04 1.088493e+04 1.086417e+04
4.5 1.089085e+04 1.090016e+04 1.087534e+04 1.086602e+04
5.5 1.086215e+04 1.090112e+04 1.087195e+04 1.083298e+04
6.5 1.089719e+04 1.093569e+04 1.087651e+04 1.083801e+04
7.5 1.101246e+04 1.094864e+04 1.089415e+04 1.095797e+04
8.5 1.092031e+04 1.092829e+04 1.091273e+04 1.090474e+04
9.5 1.093746e+04 1.091860e+04 1.092382e+04 1.094268e+04
10.5 1.088370e+04 1.087542e+04 1.092828e+04 1.093657e+04
11.5 1.090196e+04 1.088411e+04 1.092895e+04 1.094679e+04
12.5 1.088827e+04 1.090497e+04 1.092789e+04 1.091119e+04
13.5 1.086596e+04 1.087994e+04 1.092636e+04 1.091238e+04
14.5 1.078341e+04 1.088571e+04 1.092500e+04 1.082270e+04
15.5 1.090363e+04 1.093822e+04 1.091947e+04 1.088488e+04
16.5 1.098624e+04 1.090300e+04 1.090269e+04 1.098593e+04
17.5 1.095627e+04 1.087238e+04 1.088552e+04 1.096941e+04
18.5 1.086016e+04 1.084856e+04 1.087567e+04 1.088727e+04
19.5 1.082506e+04 1.085041e+04 1.087209e+04 1.084674e+04
20.5 1.076288e+04 1.084967e+04 1.087650e+04 1.078971e+04
21.5 1.092406e+04 1.087268e+04 1.089399e+04 1.094537e+04
22.5 1.096446e+04 1.089725e+04 1.091243e+04 1.097964e+04
0.5 1.078341e+04 1.088571e+04 1.092500e+04 1.082270e+04
1.5 1.090363e+04 1.093822e+04 1.091947e+04 1.088488e+04
2.5 1.098624e+04 1.090300e+04 1.090269e+04 1.098593e+04
3.5 1.095627e+04 1.087238e+04 1.088552e+04 1.096941e+04
4.5 1.086016e+04 1.084856e+04 1.087567e+04 1.088727e+04
5.5 1.082506e+04 1.085041e+04 1.087209e+04 1.084674e+04
6.5 1.076288e+04 1.084967e+04 1.087650e+04 1.078971e+04
7.5 1.092406e+04 1.087268e+04 1.089399e+04 1.094537e+04
8.5 1.096446e+04 1.089725e+04 1.091243e+04 1.097964e+04
9.5 1.091884e+04 1.091379e+04 1.092340e+04 1.092845e+04
10.5 1.094100e+04 1.090750e+04 1.092773e+04 1.096123e+04
11.5 1.088667e+04 1.090410e+04 1.092827e+04 1.091083e+04
12.5 1.089598e+04 1.087838e+04 1.092708e+04 1.094468e+04
13.5 1.090851e+04 1.088391e+04 1.092543e+04 1.095003e+04
14.5 1.089409e+04 1.090661e+04 1.092398e+04 1.091146e+04
15.5 1.095418e+04 1.091733e+04 1.092294e+04 1.095980e+04
16.5 1.095300e+04 1.092926e+04 1.092225e+04 1.094598e+04
17.5 1.092928e+04 1.094461e+04 1.091722e+04 1.090190e+04
18.5 1.099728e+04 1.092879e+04 1.090071e+04 1.096920e+04
19.5 1.093302e+04 1.089636e+04 1.088363e+04 1.092029e+04
20.5 1.095179e+04 1.092252e+04 1.087376e+04 1.090303e+04
21.5 1.092136e+04 1.090288e+04 1.087010e+04 1.088859e+04
22.5 1.097782e+04 1.091030e+04 1.087441e+04 1.094194e+04
0.5 1.095300e+04 1.092926e+04 1.092225e+04 1.094598e+04
1.5 1.092928e+04 1.094461e+04 1.091722e+04 1.090190e+04
2.5 1.099728e+04 1.092879e+04 1.090071e+04 1.096920e+04
3.5 1.093302e+04 1.089636e+04 1.088363e+04 1.092029e+04
4.5 1.095179e+04 1.092252e+04 1.087376e+04 1.090303e+04
5.5 1.092136e+04 1.090288e+04 1.087010e+04 1.088859e+04
6.5 1.097782e+04 1.091030e+04 1.087441e+04 1.094194e+04
7.5 1.094375e+04 1.090281e+04 1.089180e+04 1.093274e+04
8.5 1.088643e+04 1.090192e+04 1.091013e+04 1.089464e+04
9.5 1.084358e+04 1.088905e+04 1.092098e+04 1.087551e+04
10.5 1.081940e+04 1.086988e+04 1.092521e+04 1.087473e+04
11.5 1.084718e+04 1.088138e+04 1.092565e+04 1.089145e+04
12.5 1.087154e+04 1.091893e+04 1.092437e+04 1.087697e+04
13.5 1.084245e+04 1.092373e+04 1.092263e+04 1.084135e+04
14.5 1.087960e+04 1.093218e+04 1.092105e+04 1.086847e+04
15.5 1.098775e+04 1.094817e+04 1.091532e+04 1.095491e+04
16.5 1.102127e+04 1.092114e+04 1.089834e+04 1.099848e+04
17.5 1.087545e+04 1.090951e+04 1.088099e+04 1.084693e+04
18.5 1.079907e+04 1.087728e+04 1.087096e+04 1.079276e+04
19.5 1.084271e+04 1.087435e+04 1.086721e+04 1.083557e+04
20.5 1.082694e+04 1.086975e+04 1.087146e+04 1.082864e+04
21.5 1.081984e+04 1.088248e+04 1.088880e+04 1.082616e+04
22.5 1.086707e+04 1.090991e+04 1.090710e+04 1.086426e+04
0.5 1.087960e+04 1.093218e+04 1.092105e+04 1.086847e+04
1.5 1.098775e+04 1.094817e+04 1.091532e+04 1.095491e+04
2.5 1.102127e+04 1.092114e+04 1.089834e+04 1.099848e+04
3.5 1.087545e+04 1.090951e+04 1.088099e+04 1.084693e+04
4.5 1.079907e+04 1.087728e+04 1.087096e+04 1.079276e+04
5.5 1.084271e+04 1.087435e+04 1.086721e+04 1.083557e+04
6.5 1.082694e+04 1.086975e+04 1.087146e+04 1.082864e+04
7.5 1.081984e+04 1.088248e+04 1.088880e+04 1.082616e+04
8.5 1.086707e+04 1.090991e+04 1.090710e+04 1.086426e+04
9.5 1.080691e+04 1.087779e+04 1.091793e+04 1.084705e+04
10.5 1.079730e+04 1.087219e+04 1.092214e+04 1.084724e+04
11.5 1.079483e+04 1.085829e+04 1.092256e+04 1.085911e+04
12.5 1.087451e+04 1.089333e+04 1.092127e+04 1.090245e+04
13.5 1.093143e+04 1.091529e+04 1.091953e+04 1.093568e+04
14.5 1.089554e+04 1.093006e+04 1.091800e+04 1.088348e+04
15.5 1.089007e+04 1.094704e+04 1.091690e+04 1.085993e+04
16.5 1.081206e+04 1.091174e+04 1.091618e+04 1.081650e+04
17.5 1.091835e+04 1.095609e+04 1.091573e+04 1.087799e+04
18.5 1.101545e+04 1.096834e+04 1.091543e+04 1.096254e+04
19.5 1.109856e+04 1.098913e+04 1.091520e+04 1.102464e+04
20.5 1.101963e+04 1.097336e+04 1.091501e+04 1.096128e+04
21.5 1.098784e+04 1.093468e+04 1.091484e+04 1.096800e+04
22.5 1.094911e+04 1.092880e+04 1.091468e+04 1.093499e+04
0.5 1.078060e+04 1.085980e+04 1.091393e+04 1.083472e+04
1.5 1.065580e+04 1.086421e+04 1.090938e+04 1.070097e+04
2.5 1.073877e+04 1.082927e+04 1.089321e+04 1.080271e+04
3.5 1.079429e+04 1.082658e+04 1.087640e+04 1.084411e+04
4.5 1.081109e+04 1.080630e+04 1.086678e+04 1.087157e+04
5.5 1.088283e+04 1.085202e+04 1.086336e+04 1.089416e+04
6.5 1.093304e+04 1.084684e+04 1.086790e+04 1.095410e+04
7.5 1.086845e+04 1.085981e+04 1.088553e+04 1.089417e+04
8.5 1.088531e+04 1.085130e+04 1.090410e+04 1.093810e+04
9.5 1.092104e+04 1.084415e+04 1.091519e+04 1.099209e+04
10.5 1.088657e+04 1.085443e+04 1.091967e+04 1.095180e+04
11.5 1.089673e+04 1.085795e+04 1.092036e+04 1.095914e+04
12.5 1.090059e+04 1.089808e+04 1.091933e+04 1.092184e+04
13.5 1.088444e+04 1.093845e+04 1.091784e+04 1.086383e+04
14.5 1.089165e+04 1.089336e+04 1.091655e+04 1.091484e+04
15.5 1.103153e+04 1.091553e+04 1.091568e+04 1.103167e+04
16.5 1.102049e+04 1.093386e+04 1.091518e+04 1.100180e+04
17.5 1.099333e+04 1.092529e+04 1.091494e+04 1.098298e+04
18.5 1.104393e+04 1.094908e+04 1.091483e+04 1.100968e+04
19.5 1.106554e+04 1.093419e+04 1.091478e+04 1.104613e+04
20.5 1.097283e+04 1.089365e+04 1.091475e+04 1.099393e+04
21.5 1.096329e+04 1.086626e+04 1.091474e+04 1.101177e+04
22.5 1.090997e+04 1.086206e+04 1.091472e+04 1.096262e+04
0.5 1.085221e+04 1.083952e+04 1.091435e+04 1.092704e+04
1.5 1.095355e+04 1.095869e+04 1.090967e+04 1.090453e+04
2.5 1.102144e+04 1.090017e+04 1.089335e+04 1.101462e+04
3.5 1.092880e+04 1.087602e+04 1.087639e+04 1.092918e+04
4.5 1.088325e+04 1.088223e+04 1.086662e+04 1.086764e+04
5.5 1.084557e+04 1.086402e+04 1.086304e+04 1.084459e+04
6.5 1.071770e+04 1.084105e+04 1.086743e+04 1.074407e+04
7.5 1.079107e+04 1.085287e+04 1.088489e+04 1.082310e+04
8.5 1.092893e+04 1.089192e+04 1.090329e+04 1.094030e+04
9.5 1.093459e+04 1.089937e+04 1.091422e+04 1.094944e+04
10.5 1.090958e+04 1.089956e+04 1.091851e+04 1.092854e+04
11.5 1.094344e+04 1.088551e+04 1.091902e+04 1.097695e+04
12.5 1.097412e+04 1.089935e+04 1.091780e+04 1.099257e+04
13.5 1.092753e+04 1.090868e+04 1.091612e+04 1.093497e+04
14.5 1.084395e+04 1.091931e+04 1.091463e+04 1.083927e+04
15.5 1.088520e+04 1.093227e+04 1.091357e+04 1.086649e+04
16.5 1.099182e+04 1.093375e+04 1.091287e+04 1.097094e+04
17.5 1.100883e+04 1.094416e+04 1.091243e+04 1.097710e+04
18.5 1.094579e+04 1.093006e+04 1.091213e+04 1.092786e+04
19.5 1.086935e+04 1.095332e+04 1.091188e+04 1.082791e+04
20.5 1.081617e+04 1.095990e+04 1.091167e+04 1.076794e+04
21.5 1.087658e+04 1.098229e+04 1.091145e+04 1.080574e+04
22.5 1.088206e+04 1.100343e+04 1.091124e+04 1.078987e+04
