8.793477e+03 8.800696e+03 8.807063e+03 8.787110e+03
8.777473e+03 8.800572e+03 8.813135e+03 8.764910e+03
8.780202e+03 8.800443e+03 8.803786e+03 8.776859e+03
8.786825e+03 8.800308e+03 8.807946e+03 8.779186e+03
8.827850e+03 8.800172e+03 8.796133e+03 8.831889e+03
8.846175e+03 8.800039e+03 8.818674e+03 8.827539e+03
8.810521e+03 8.799910e+03 8.806139e+03 8.804292e+03
8.798005e+03 8.799787e+03 8.798775e+03 8.799017e+03
8.773275e+03 8.799670e+03 8.786317e+03 8.786627e+03
8.748623e+03 8.799558e+03 8.779504e+03 8.768677e+03
8.771840e+03 8.799452e+03 8.771072e+03 8.800220e+03
8.801956e+03 8.799370e+03 8.784334e+03 8.816993e+03
8.799414e+03 8.801839e+03 8.798946e+03 8.802307e+03
8.839270e+03 8.810787e+03 8.828143e+03 8.821914e+03
8.870662e+03 8.820074e+03 8.855413e+03 8.835323e+03
8.874763e+03 8.822819e+03 8.835348e+03 8.862235e+03
8.826748e+03 8.815662e+03 8.846189e+03 8.796221e+03
8.820298e+03 8.806267e+03 8.818848e+03 8.807717e+03
8.800523e+03 8.800063e+03 8.824391e+03 8.776196e+03
8.815956e+03 8.797122e+03 8.818040e+03 8.795038e+03
8.826483e+03 8.796225e+03 8.811539e+03 8.811170e+03
8.853052e+03 8.796395e+03 8.804336e+03 8.845110e+03
8.825661e+03 8.796961e+03 8.782326e+03 8.840297e+03
8.787788e+03 8.797522e+03 8.794198e+03 8.791112e+03
8.764817e+03 8.797914e+03 8.774637e+03 8.788094e+03
8.760825e+03 8.798128e+03 8.779219e+03 8.779735e+03
8.765494e+03 8.798218e+03 8.783189e+03 8.780523e+03
8.776858e+03 8.798258e+03 8.804562e+03 8.770553e+03
8.785365e+03 8.800935e+03 8.791475e+03 8.794825e+03
8.775892e+03 8.810390e+03 8.777256e+03 8.809026e+03
8.794845e+03 8.820188e+03 8.764453e+03 8.850580e+03
8.782517e+03 8.823116e+03 8.767838e+03 8.837795e+03
8.781833e+03 8.815649e+03 8.785615e+03 8.811868e+03
8.788563e+03 8.805836e+03 8.792294e+03 8.802106e+03
8.786493e+03 8.799373e+03 8.818978e+03 8.766888e+03
8.783741e+03 8.796332e+03 8.806167e+03 8.773906e+03
8.803260e+03 8.795435e+03 8.801078e+03 8.797617e+03
8.790298e+03 8.795655e+03 8.777433e+03 8.808520e+03
8.782397e+03 8.796290e+03 8.763840e+03 8.814846e+03
8.783921e+03 8.796916e+03 8.761410e+03 8.819427e+03
8.744494e+03 8.797363e+03 8.746801e+03 8.795055e+03
8.755782e+03 8.797641e+03 8.758661e+03 8.794762e+03
8.768462e+03 8.800331e+03 8.765036e+03 8.803757e+03
8.843366e+03 8.809417e+03 8.832396e+03 8.820387e+03
8.881581e+03 8.818798e+03 8.845119e+03 8.855260e+03
8.869363e+03 8.821616e+03 8.837897e+03 8.853081e+03
8.815630e+03 8.814521e+03 8.835573e+03 8.794579e+03
8.765249e+03 8.805187e+03 8.826323e+03 8.744114e+03
8.770238e+03 8.799043e+03 8.824256e+03 8.745025e+03
8.770402e+03 8.796160e+03 8.795881e+03 8.770681e+03
8.809171e+03 8.795318e+03 8.804654e+03 8.799835e+03
8.806252e+03 8.795541e+03 8.785869e+03 8.815924e+03
8.795831e+03 8.796157e+03 8.788221e+03 8.803768e+03
8.797481e+03 8.796764e+03 8.784831e+03 8.809414e+03
8.800714e+03 8.797200e+03 8.773885e+03 8.824029e+03
8.792839e+03 8.797456e+03 8.786957e+03 8.803339e+03
8.768859e+03 8.797605e+03 8.795609e+03 8.770855e+03
8.779177e+03 8.800224e+03 8.815123e+03 8.764278e+03
8.795751e+03 8.809279e+03 8.826579e+03 8.778450e+03
8.819972e+03 8.818648e+03 8.854004e+03 8.784616e+03
8.877963e+03 8.821464e+03 8.861183e+03 8.838244e+03
8.929410e+03 8.814372e+03 8.857534e+03 8.886248e+03
8.939436e+03 8.805042e+03 8.851405e+03 8.893072e+03
8.935101e+03 8.798902e+03 8.848712e+03 8.885291e+03
8.936842e+03 8.796023e+03 8.847143e+03 8.885721e+03
8.848347e+03 8.795184e+03 8.832580e+03 8.810951e+03
8.785619e+03 8.795410e+03 8.830319e+03 8.750709e+03
8.787396e+03 8.796028e+03 8.790061e+03 8.793363e+03
8.796974e+03 8.796638e+03 8.803952e+03 8.789660e+03
8.767371e+03 8.797075e+03 8.779928e+03 8.784519e+03
8.785483e+03 8.797333e+03 8.799835e+03 8.782980e+03
8.786556e+03 8.797462e+03 8.802703e+03 8.781315e+03
8.769072e+03 8.797537e+03 8.815884e+03 8.750725e+03
8.782590e+03 8.800246e+03 8.818967e+03 8.763869e+03
8.812673e+03 8.809729e+03 8.811618e+03 8.810784e+03
8.784337e+03 8.819555e+03 8.814001e+03 8.789891e+03
8.762411e+03 8.822509e+03 8.791955e+03 8.792965e+03
8.793184e+03 8.815068e+03 8.812607e+03 8.795644e+03
8.787369e+03 8.805279e+03 8.807348e+03 8.785300e+03
8.812539e+03 8.798837e+03 8.818271e+03 8.793105e+03
8.773334e+03 8.795817e+03 8.804533e+03 8.764619e+03
8.779031e+03 8.794939e+03 8.813812e+03 8.760158e+03
8.760616e+03 8.795177e+03 8.794554e+03 8.761239e+03
8.807814e+03 8.795828e+03 8.803081e+03 8.800561e+03
8.805312e+03 8.796469e+03 8.789809e+03 8.811972e+03
8.796613e+03 8.796929e+03 8.797081e+03 8.796461e+03
8.772040e+03 8.797198e+03 8.775685e+03 8.793553e+03
8.768040e+03 8.797353e+03 8.801463e+03 8.763930e+03
8.807439e+03 8.800104e+03 8.806873e+03 8.800670e+03
8.811478e+03 8.809612e+03 8.805836e+03 8.815254e+03
8.810914e+03 8.819454e+03 8.789836e+03 8.840532e+03
8.791348e+03 8.822420e+03 8.771892e+03 8.841876e+03
8.831568e+03 8.814986e+03 8.794334e+03 8.852220e+03
8.825021e+03 8.805203e+03 8.791776e+03 8.838447e+03
8.843779e+03 8.798766e+03 8.818240e+03 8.824305e+03
8.820860e+03 8.795750e+03 8.805213e+03 8.811397e+03
8.807764e+03 8.794876e+03 8.816258e+03 8.786382e+03
8.796803e+03 8.795118e+03 8.802246e+03 8.789675e+03
8.796520e+03 8.795772e+03 8.786471e+03 8.805821e+03
8.813667e+03 8.796415e+03 8.784227e+03 8.825856e+03
8.767898e+03 8.796898e+03 8.771842e+03 8.792953e+03
8.754336e+03 8.799865e+03 8.767160e+03 8.787042e+03
8.732419e+03 8.809491e+03 8.749194e+03 8.792717e+03
8.719145e+03 8.819389e+03 8.759082e+03 8.779453e+03
8.758233e+03 8.822379e+03 8.771915e+03 8.808698e+03
8.774587e+03 8.814959e+03 8.777738e+03 8.811807e+03
8.821336e+03 8.805185e+03 8.798238e+03 8.828283e+03
8.810171e+03 8.798756e+03 8.796134e+03 8.812792e+03
8.810299e+03 8.795745e+03 8.823119e+03 8.782925e+03
8.822997e+03 8.794874e+03 8.797378e+03 8.820493e+03
8.821707e+03 8.795118e+03 8.803342e+03 8.813483e+03
8.796898e+03 8.795774e+03 8.784479e+03 8.808193e+03
8.802088e+03 8.796421e+03 8.767617e+03 8.830892e+03
8.801041e+03 8.796887e+03 8.781917e+03 8.816010e+03
8.789114e+03 8.797184e+03 8.783185e+03 8.803113e+03
8.804486e+03 8.799893e+03 8.800751e+03 8.803627e+03
8.805273e+03 8.808997e+03 8.810389e+03 8.803881e+03
8.805541e+03 8.818395e+03 8.843789e+03 8.780147e+03
8.821549e+03 8.821228e+03 8.849987e+03 8.792790e+03
8.796693e+03 8.814148e+03 8.831118e+03 8.779722e+03
8.829069e+03 8.804828e+03 8.835777e+03 8.798119e+03
8.846595e+03 8.798696e+03 8.815897e+03 8.829395e+03
8.841030e+03 8.795823e+03 8.819349e+03 8.817504e+03
8.828620e+03 8.794988e+03 8.820038e+03 8.803570e+03
8.800795e+03 8.795215e+03 8.816941e+03 8.779069e+03
8.846022e+03 8.795835e+03 8.798774e+03 8.843083e+03
8.818681e+03 8.796444e+03 8.786079e+03 8.829047e+03
8.773551e+03 8.796881e+03 8.796899e+03 8.773533e+03
8.732794e+03 8.797137e+03 8.789992e+03 8.739938e+03
8.774738e+03 8.797263e+03 8.803887e+03 8.768114e+03
8.831574e+03 8.797336e+03 8.809852e+03 8.819058e+03
8.826085e+03 8.799917e+03 8.814861e+03 8.811141e+03
8.825484e+03 8.808955e+03 8.833049e+03 8.801389e+03
8.853042e+03 8.818316e+03 8.835523e+03 8.835835e+03
8.857341e+03 8.821126e+03 8.853521e+03 8.824946e+03
8.848863e+03 8.814028e+03 8.836099e+03 8.826792e+03
8.857649e+03 8.804690e+03 8.817810e+03 8.844529e+03
8.825678e+03 8.798540e+03 8.813075e+03 8.811143e+03
8.819101e+03 8.795648e+03 8.801976e+03 8.812773e+03
8.831516e+03 8.794794e+03 8.808116e+03 8.818194e+03
8.781356e+03 8.795002e+03 8.784170e+03 8.792188e+03
8.768221e+03 8.795602e+03 8.782117e+03 8.781706e+03
8.764092e+03 8.796192e+03 8.777391e+03 8.782893e+03
8.759017e+03 8.796607e+03 8.774294e+03 8.781331e+03
8.792902e+03 8.796842e+03 8.781958e+03 8.807786e+03
8.758330e+03 8.796967e+03 8.790788e+03 8.764509e+03
8.779680e+03 8.799689e+03 8.804488e+03 8.774881e+03
8.776606e+03 8.809164e+03 8.785020e+03 8.800750e+03
8.806169e+03 8.818970e+03 8.776976e+03 8.848162e+03
8.814224e+03 8.821896e+03 8.788277e+03 8.847843e+03
8.771886e+03 8.814423e+03 8.788560e+03 8.797750e+03
8.817425e+03 8.804599e+03 8.805885e+03 8.816138e+03
8.804136e+03 8.798118e+03 8.803457e+03 8.798797e+03
8.793431e+03 8.795056e+03 8.811997e+03 8.776490e+03
8.774815e+03 8.794134e+03 8.798304e+03 8.770644e+03
8.747607e+03 8.794326e+03 8.793219e+03 8.748714e+03
8.788662e+03 8.794929e+03 8.788659e+03 8.794932e+03
8.780646e+03 8.795520e+03 8.769705e+03 8.806460e+03
8.773730e+03 8.795948e+03 8.783057e+03 8.786621e+03
8.766672e+03 8.798731e+03 8.784811e+03 8.780592e+03
8.746997e+03 8.807850e+03 8.808834e+03 8.746014e+03
8.813182e+03 8.817221e+03 8.830889e+03 8.799514e+03
8.810135e+03 8.820004e+03 8.834793e+03 8.795346e+03
8.828798e+03 8.812860e+03 8.842490e+03 8.799168e+03
8.821664e+03 8.803467e+03 8.823830e+03 8.801301e+03
8.812054e+03 8.797256e+03 8.829615e+03 8.779695e+03
8.817041e+03 8.794297e+03 8.811120e+03 8.800218e+03
8.808910e+03 8.793373e+03 8.810382e+03 8.791901e+03
8.813389e+03 8.793513e+03 8.799301e+03 8.807602e+03
8.797167e+03 8.794047e+03 8.791725e+03 8.799489e+03
8.842725e+03 8.794572e+03 8.800196e+03 8.837101e+03
8.817489e+03 8.794945e+03 8.790585e+03 8.821849e+03
8.822670e+03 8.797807e+03 8.792095e+03 8.828382e+03
8.785441e+03 8.807329e+03 8.774510e+03 8.818261e+03
8.779321e+03 8.817122e+03 8.786825e+03 8.809618e+03
8.772031e+03 8.820004e+03 8.777861e+03 8.814174e+03
8.805295e+03 8.812471e+03 8.806596e+03 8.811170e+03
8.842350e+03 8.802575e+03 8.817315e+03 8.827610e+03
8.834465e+03 8.796009e+03 8.839052e+03 8.791422e+03
