0.3 1.216660e+04 1.216920e+04 1.213586e+04 1.213326e+04
1.3 1.214589e+04 1.214667e+04 1.212347e+04 1.212269e+04
2.3 1.221969e+04 1.217521e+04 1.212973e+04 1.217421e+04
3.3 1.221939e+04 1.221606e+04 1.214987e+04 1.215320e+04
4.3 1.218947e+04 1.221566e+04 1.215488e+04 1.212869e+04
5.3 1.223413e+04 1.219062e+04 1.215021e+04 1.219372e+04
6.3 1.225144e+04 1.216882e+04 1.214545e+04 1.222808e+04
7.3 1.223649e+04 1.213040e+04 1.214247e+04 1.224855e+04
8.3 1.221754e+04 1.213848e+04 1.214081e+04 1.221987e+04
9.3 1.209805e+04 1.213182e+04 1.214012e+04 1.210634e+04
10.3 1.212420e+04 1.213255e+04 1.214006e+04 1.213171e+04
11.3 1.200079e+04 1.203602e+04 1.214028e+04 1.210505e+04
12.3 1.206051e+04 1.205602e+04 1.214054e+04 1.214502e+04
13.3 1.218285e+04 1.216975e+04 1.214073e+04 1.215383e+04
14.3 1.223895e+04 1.215741e+04 1.214084e+04 1.222238e+04
15.3 1.219389e+04 1.216007e+04 1.214090e+04 1.217472e+04
16.3 1.215938e+04 1.214660e+04 1.214094e+04 1.215372e+04
17.3 1.212090e+04 1.215651e+04 1.214096e+04 1.210534e+04
0.4 1.220501e+04 1.214533e+04 1.213417e+04 1.219385e+04
1.4 1.216313e+04 1.210542e+04 1.212284e+04 1.218056e+04
2.4 1.221065e+04 1.210264e+04 1.213233e+04 1.224034e+04
3.4 1.213076e+04 1.216658e+04 1.215152e+04 1.211571e+04
4.4 1.201528e+04 1.216155e+04 1.215459e+04 1.200832e+04
5.4 1.202926e+04 1.214050e+04 1.214957e+04 1.203833e+04
6.4 1.216219e+04 1.211272e+04 1.214504e+04 1.219451e+04
7.4 1.224519e+04 1.210180e+04 1.214224e+04 1.228563e+04
8.4 1.217854e+04 1.214511e+04 1.214072e+04 1.217414e+04
9.4 1.207587e+04 1.212720e+04 1.214012e+04 1.208879e+04
10.4 1.210023e+04 1.208085e+04 1.214011e+04 1.215949e+04
11.4 1.205214e+04 1.208976e+04 1.214035e+04 1.210272e+04
12.4 1.205546e+04 1.210354e+04 1.214060e+04 1.209252e+04
13.4 1.218701e+04 1.217063e+04 1.214077e+04 1.215714e+04
14.4 1.214154e+04 1.221501e+04 1.214087e+04 1.206740e+04
15.4 1.225586e+04 1.225182e+04 1.214092e+04 1.214496e+04
16.4 1.241024e+04 1.225502e+04 1.214095e+04 1.229617e+04
17.4 1.225601e+04 1.222487e+04 1.214096e+04 1.217211e+04
0.6 1.220756e+04 1.214616e+04 1.213119e+04 1.219259e+04
1.6 1.207114e+04 1.212370e+04 1.212128e+04 1.206871e+04
2.6 1.211287e+04 1.214794e+04 1.213557e+04 1.210050e+04
3.6 1.217497e+04 1.212873e+04 1.215394e+04 1.220017e+04
4.6 1.212666e+04 1.211945e+04 1.215483e+04 1.216204e+04
5.6 1.226678e+04 1.215632e+04 1.214923e+04 1.225968e+04
6.6 1.220776e+04 1.218441e+04 1.214470e+04 1.216805e+04
7.6 1.211236e+04 1.220360e+04 1.214197e+04 1.205074e+04
8.6 1.226349e+04 1.220027e+04 1.214053e+04 1.220375e+04
9.6 1.220843e+04 1.215926e+04 1.214002e+04 1.218919e+04
10.6 1.211687e+04 1.208640e+04 1.214007e+04 1.217054e+04
11.6 1.203636e+04 1.211262e+04 1.214033e+04 1.206407e+04
12.6 1.202694e+04 1.212640e+04 1.214058e+04 1.204113e+04
13.6 1.200343e+04 1.214261e+04 1.214075e+04 1.200157e+04
14.6 1.201112e+04 1.212046e+04 1.214085e+04 1.203150e+04
15.6 1.207753e+04 1.209054e+04 1.214090e+04 1.212789e+04
16.6 1.199902e+04 1.209814e+04 1.214092e+04 1.204180e+04
17.6 1.218566e+04 1.213474e+04 1.214093e+04 1.219186e+04
0.9 1.220894e+04 1.219011e+04 1.212776e+04 1.214659e+04
1.9 1.214583e+04 1.211305e+04 1.212364e+04 1.215641e+04
2.9 1.210234e+04 1.208665e+04 1.214227e+04 1.215796e+04
3.9 1.220309e+04 1.211931e+04 1.215480e+04 1.223858e+04
4.9 1.219336e+04 1.213101e+04 1.215259e+04 1.221494e+04
5.9 1.230426e+04 1.217215e+04 1.214732e+04 1.227943e+04
6.9 1.220258e+04 1.214433e+04 1.214361e+04 1.220186e+04
7.9 1.230679e+04 1.215889e+04 1.214144e+04 1.228934e+04
8.9 1.206124e+04 1.210888e+04 1.214037e+04 1.209273e+04
9.9 1.208373e+04 1.211488e+04 1.214008e+04 1.210893e+04
10.9 1.218806e+04 1.211590e+04 1.214021e+04 1.221238e+04
11.9 1.211539e+04 1.211765e+04 1.214047e+04 1.213821e+04
12.9 1.212933e+04 1.212992e+04 1.214070e+04 1.214011e+04
13.9 1.211949e+04 1.214897e+04 1.214084e+04 1.211136e+04
14.9 1.221453e+04 1.216160e+04 1.214092e+04 1.219385e+04
15.9 1.220600e+04 1.218015e+04 1.214096e+04 1.216681e+04
16.9 1.219564e+04 1.215448e+04 1.214099e+04 1.218214e+04
17.9 1.214805e+04 1.207716e+04 1.214101e+04 1.221190e+04
0.2 1.222459e+04 1.214583e+04 1.213725e+04 1.221601e+04
1.2 1.210070e+04 1.218668e+04 1.212441e+04 1.203844e+04
2.2 1.220571e+04 1.212976e+04 1.212810e+04 1.220406e+04
3.2 1.221050e+04 1.214164e+04 1.214860e+04 1.221747e+04
4.2 1.228060e+04 1.217995e+04 1.215532e+04 1.225597e+04
5.2 1.233492e+04 1.218878e+04 1.215104e+04 1.229718e+04
6.2 1.227286e+04 1.217677e+04 1.214614e+04 1.224223e+04
7.2 1.212844e+04 1.216296e+04 1.214300e+04 1.210848e+04
8.2 1.204125e+04 1.216489e+04 1.214123e+04 1.201759e+04
9.2 1.206341e+04 1.214498e+04 1.214046e+04 1.205888e+04
10.2 1.204055e+04 1.216280e+04 1.214035e+04 1.201810e+04
11.2 1.213085e+04 1.215058e+04 1.214056e+04 1.212083e+04
12.2 1.207374e+04 1.213234e+04 1.214081e+04 1.208221e+04
13.2 1.222711e+04 1.213804e+04 1.214100e+04 1.223007e+04
14.2 1.214542e+04 1.216968e+04 1.214111e+04 1.211685e+04
15.2 1.226794e+04 1.218203e+04 1.214115e+04 1.222706e+04
16.2 1.225226e+04 1.213079e+04 1.213494e+04 1.225640e+04
17.2 1.228275e+04 1.218415e+04 1.212316e+04 1.222175e+04
0.4 1.225226e+04 1.213079e+04 1.213494e+04 1.225640e+04
1.4 1.228275e+04 1.218415e+04 1.212316e+04 1.222175e+04
2.4 1.206370e+04 1.219659e+04 1.213138e+04 1.199850e+04
3.4 1.214059e+04 1.217645e+04 1.215103e+04 1.211517e+04
4.4 1.224331e+04 1.216242e+04 1.215486e+04 1.223575e+04
5.4 1.212703e+04 1.217343e+04 1.214997e+04 1.210357e+04
6.4 1.209692e+04 1.210123e+04 1.214534e+04 1.214104e+04
7.4 1.216053e+04 1.205549e+04 1.214247e+04 1.224751e+04
8.4 1.213251e+04 1.208913e+04 1.214088e+04 1.218427e+04
9.4 1.222322e+04 1.211096e+04 1.214023e+04 1.225249e+04
10.4 1.201923e+04 1.216259e+04 1.214018e+04 1.199682e+04
11.4 1.212186e+04 1.216056e+04 1.213561e+04 1.209691e+04
12.4 1.209331e+04 1.214908e+04 1.212233e+04 1.206656e+04
13.4 1.200117e+04 1.209372e+04 1.212745e+04 1.203490e+04
14.4 1.211736e+04 1.214393e+04 1.214928e+04 1.212270e+04
15.4 1.221456e+04 1.218282e+04 1.215579e+04 1.218753e+04
16.4 1.209285e+04 1.215572e+04 1.215107e+04 1.208820e+04
17.4 1.205288e+04 1.215235e+04 1.214188e+04 1.204241e+04
0.3 1.212186e+04 1.216056e+04 1.213561e+04 1.209691e+04
1.3 1.209331e+04 1.214908e+04 1.212233e+04 1.206656e+04
2.3 1.200117e+04 1.209372e+04 1.212745e+04 1.203490e+04
3.3 1.211736e+04 1.214393e+04 1.214928e+04 1.212270e+04
4.3 1.221456e+04 1.218282e+04 1.215579e+04 1.218753e+04
5.3 1.209285e+04 1.215572e+04 1.215107e+04 1.208820e+04
6.3 1.205288e+04 1.215235e+04 1.214188e+04 1.204241e+04
7.3 1.224613e+04 1.213565e+04 1.212574e+04 1.223623e+04
8.3 1.213544e+04 1.211708e+04 1.212757e+04 1.214593e+04
9.3 1.212510e+04 1.216047e+04 1.214727e+04 1.211190e+04
10.3 1.211351e+04 1.218814e+04 1.215388e+04 1.207925e+04
11.3 1.214335e+04 1.218259e+04 1.214982e+04 1.211057e+04
12.3 1.217544e+04 1.219373e+04 1.214518e+04 1.212690e+04
13.3 1.228307e+04 1.219629e+04 1.214224e+04 1.222903e+04
14.3 1.215927e+04 1.219979e+04 1.214060e+04 1.210009e+04
15.3 1.203971e+04 1.217356e+04 1.213990e+04 1.200605e+04
16.3 1.223647e+04 1.218207e+04 1.213983e+04 1.219423e+04
17.3 1.209940e+04 1.212310e+04 1.214006e+04 1.211637e+04
0.2 1.205288e+04 1.215235e+04 1.214188e+04 1.204241e+04
1.2 1.224613e+04 1.213565e+04 1.212574e+04 1.223623e+04
2.2 1.213544e+04 1.211708e+04 1.212757e+04 1.214593e+04
3.2 1.212510e+04 1.216047e+04 1.214727e+04 1.211190e+04
4.2 1.211351e+04 1.218814e+04 1.215388e+04 1.207925e+04
5.2 1.214335e+04 1.218259e+04 1.214982e+04 1.211057e+04
6.2 1.217544e+04 1.219373e+04 1.214518e+04 1.212690e+04
7.2 1.228307e+04 1.219629e+04 1.214224e+04 1.222903e+04
8.2 1.215927e+04 1.219979e+04 1.214060e+04 1.210009e+04
9.2 1.203971e+04 1.217356e+04 1.213990e+04 1.200605e+04
10.2 1.223647e+04 1.218207e+04 1.213983e+04 1.219423e+04
11.2 1.209940e+04 1.212310e+04 1.214006e+04 1.211637e+04
12.2 1.204884e+04 1.205482e+04 1.214034e+04 1.213437e+04
13.2 1.195982e+04 1.200585e+04 1.214055e+04 1.209452e+04
14.2 1.207059e+04 1.204266e+04 1.214068e+04 1.216861e+04
15.2 1.208334e+04 1.204650e+04 1.214076e+04 1.217759e+04
16.2 1.206601e+04 1.209077e+04 1.214080e+04 1.211604e+04
17.2 1.216216e+04 1.214744e+04 1.214084e+04 1.215556e+04
1.0 1.220451e+04 1.210024e+04 1.212588e+04 1.223015e+04
2.0 1.209020e+04 1.208844e+04 1.212420e+04 1.212596e+04
3.0 1.211565e+04 1.209924e+04 1.214529e+04 1.216171e+04
4.0 1.213951e+04 1.212125e+04 1.215649e+04 1.217476e+04
5.0 1.226759e+04 1.218981e+04 1.215321e+04 1.223099e+04
6.0 1.210012e+04 1.219662e+04 1.214747e+04 1.205098e+04
7.0 1.215614e+04 1.215664e+04 1.213399e+04 1.213348e+04
8.0 1.210822e+04 1.212925e+04 1.212190e+04 1.210087e+04
9.0 1.213106e+04 1.212800e+04 1.213515e+04 1.213822e+04
10.0 1.209770e+04 1.216448e+04 1.215326e+04 1.208648e+04
11.0 1.212740e+04 1.212922e+04 1.215429e+04 1.215248e+04
12.0 1.210589e+04 1.212520e+04 1.214892e+04 1.212961e+04
13.0 1.218741e+04 1.209709e+04 1.214457e+04 1.223489e+04
0.6 1.215614e+04 1.215664e+04 1.213399e+04 1.213348e+04
1.6 1.210822e+04 1.212925e+04 1.212190e+04 1.210087e+04
2.6 1.213106e+04 1.212800e+04 1.213515e+04 1.213822e+04
3.6 1.209770e+04 1.216448e+04 1.215326e+04 1.208648e+04
4.6 1.212740e+04 1.212922e+04 1.215429e+04 1.215248e+04
5.6 1.210589e+04 1.212520e+04 1.214892e+04 1.212961e+04
6.6 1.218741e+04 1.209709e+04 1.214457e+04 1.223489e+04
