0.4 1.198295e+04 1.212926e+04 1.214105e+04 1.199475e+04
1.4 1.226149e+04 1.214057e+04 1.213834e+04 1.225926e+04
2.4 1.224782e+04 1.215023e+04 1.213202e+04 1.222960e+04
3.4 1.215881e+04 1.218445e+04 1.213477e+04 1.210913e+04
4.4 1.219766e+04 1.221089e+04 1.214421e+04 1.213098e+04
5.4 1.204415e+04 1.221154e+04 1.214841e+04 1.198103e+04
6.4 1.219629e+04 1.217060e+04 1.214652e+04 1.217221e+04
7.4 1.217328e+04 1.215807e+04 1.214365e+04 1.215885e+04
8.4 1.220350e+04 1.214869e+04 1.214165e+04 1.219647e+04
9.4 1.215013e+04 1.215279e+04 1.214048e+04 1.213782e+04
10.4 1.202458e+04 1.216071e+04 1.213989e+04 1.200376e+04
11.4 1.197780e+04 1.212251e+04 1.213968e+04 1.199496e+04
12.4 1.205924e+04 1.211764e+04 1.213964e+04 1.208125e+04
13.4 1.216245e+04 1.210633e+04 1.213963e+04 1.219576e+04
14.4 1.205144e+04 1.212241e+04 1.213957e+04 1.206860e+04
15.4 1.220471e+04 1.215175e+04 1.213945e+04 1.219240e+04
16.4 1.220501e+04 1.214533e+04 1.213927e+04 1.219896e+04
17.4 1.216313e+04 1.210542e+04 1.213907e+04 1.219678e+04
0.8 1.224782e+04 1.215023e+04 1.213202e+04 1.222960e+04
1.8 1.215881e+04 1.218445e+04 1.213477e+04 1.210913e+04
2.8 1.219766e+04 1.221089e+04 1.214421e+04 1.213098e+04
3.8 1.204415e+04 1.221154e+04 1.214841e+04 1.198103e+04
4.8 1.219629e+04 1.217060e+04 1.214652e+04 1.217221e+04
5.8 1.217328e+04 1.215807e+04 1.214365e+04 1.215885e+04
6.8 1.220350e+04 1.214869e+04 1.214165e+04 1.219647e+04
7.8 1.215013e+04 1.215279e+04 1.214048e+04 1.213782e+04
8.8 1.202458e+04 1.216071e+04 1.213989e+04 1.200376e+04
9.8 1.197780e+04 1.212251e+04 1.213968e+04 1.199496e+04
10.8 1.205924e+04 1.211764e+04 1.213964e+04 1.208125e+04
11.8 1.216245e+04 1.210633e+04 1.213963e+04 1.219576e+04
12.8 1.205144e+04 1.212241e+04 1.213957e+04 1.206860e+04
13.8 1.220471e+04 1.215175e+04 1.213945e+04 1.219240e+04
14.8 1.220501e+04 1.214533e+04 1.213927e+04 1.219896e+04
15.8 1.216313e+04 1.210542e+04 1.213907e+04 1.219678e+04
16.8 1.221065e+04 1.210264e+04 1.213884e+04 1.224685e+04
17.8 1.213076e+04 1.216658e+04 1.213859e+04 1.210278e+04
0.9 1.215881e+04 1.218445e+04 1.213477e+04 1.210913e+04
1.9 1.219766e+04 1.221089e+04 1.214421e+04 1.213098e+04
2.9 1.204415e+04 1.221154e+04 1.214841e+04 1.198103e+04
3.9 1.219629e+04 1.217060e+04 1.214652e+04 1.217221e+04
4.9 1.217328e+04 1.215807e+04 1.214365e+04 1.215885e+04
5.9 1.220350e+04 1.214869e+04 1.214165e+04 1.219647e+04
6.9 1.215013e+04 1.215279e+04 1.214048e+04 1.213782e+04
7.9 1.202458e+04 1.216071e+04 1.213989e+04 1.200376e+04
8.9 1.197780e+04 1.212251e+04 1.213968e+04 1.199496e+04
9.9 1.205924e+04 1.211764e+04 1.213964e+04 1.208125e+04
10.9 1.216245e+04 1.210633e+04 1.213963e+04 1.219576e+04
11.9 1.205144e+04 1.212241e+04 1.213957e+04 1.206860e+04
12.9 1.220471e+04 1.215175e+04 1.213945e+04 1.219240e+04
13.9 1.220501e+04 1.214533e+04 1.213927e+04 1.219896e+04
14.9 1.216313e+04 1.210542e+04 1.213907e+04 1.219678e+04
15.9 1.221065e+04 1.210264e+04 1.213884e+04 1.224685e+04
16.9 1.213076e+04 1.216658e+04 1.213859e+04 1.210278e+04
17.9 1.201528e+04 1.216155e+04 1.213833e+04 1.199207e+04
1.0 1.218701e+04 1.217063e+04 1.213550e+04 1.215187e+04
2.0 1.214154e+04 1.221501e+04 1.213472e+04 1.206125e+04
3.0 1.225586e+04 1.225182e+04 1.213948e+04 1.214352e+04
4.0 1.241024e+04 1.225502e+04 1.215325e+04 1.230847e+04
5.0 1.225601e+04 1.222487e+04 1.216118e+04 1.219232e+04
6.0 1.219125e+04 1.221227e+04 1.216282e+04 1.214180e+04
7.0 1.214964e+04 1.218771e+04 1.215960e+04 1.212153e+04
8.0 1.216213e+04 1.216214e+04 1.215190e+04 1.215189e+04
9.0 1.219896e+04 1.213431e+04 1.214586e+04 1.221051e+04
10.0 1.205554e+04 1.211861e+04 1.214852e+04 1.208544e+04
11.0 1.218276e+04 1.212492e+04 1.215043e+04 1.220828e+04
12.0 1.219064e+04 1.211024e+04 1.214636e+04 1.222676e+04
13.0 1.210354e+04 1.209702e+04 1.214217e+04 1.214869e+04
14.0 1.209303e+04 1.212933e+04 1.213810e+04 1.210179e+04
15.0 1.223613e+04 1.211296e+04 1.213477e+04 1.225794e+04
16.0 1.210382e+04 1.210626e+04 1.213315e+04 1.213071e+04
17.0 1.203560e+04 1.209553e+04 1.213288e+04 1.207296e+04
18.0 1.207520e+04 1.208891e+04 1.213329e+04 1.211958e+04
0.4 1.214154e+04 1.221501e+04 1.213472e+04 1.206125e+04
1.4 1.225586e+04 1.225182e+04 1.213948e+04 1.214352e+04
2.4 1.241024e+04 1.225502e+04 1.215325e+04 1.230847e+04
3.4 1.225601e+04 1.222487e+04 1.216118e+04 1.219232e+04
4.4 1.219125e+04 1.221227e+04 1.216282e+04 1.214180e+04
5.4 1.214964e+04 1.218771e+04 1.215960e+04 1.212153e+04
6.4 1.216213e+04 1.216214e+04 1.215190e+04 1.215189e+04
7.4 1.219896e+04 1.213431e+04 1.214586e+04 1.221051e+04
8.4 1.205554e+04 1.211861e+04 1.214852e+04 1.208544e+04
9.4 1.218276e+04 1.212492e+04 1.215043e+04 1.220828e+04
10.4 1.219064e+04 1.211024e+04 1.214636e+04 1.222676e+04
11.4 1.210354e+04 1.209702e+04 1.214217e+04 1.214869e+04
12.4 1.209303e+04 1.212933e+04 1.213810e+04 1.210179e+04
13.4 1.223613e+04 1.211296e+04 1.213477e+04 1.225794e+04
14.4 1.210382e+04 1.210626e+04 1.213315e+04 1.213071e+04
15.4 1.203560e+04 1.209553e+04 1.213288e+04 1.207296e+04
16.4 1.207520e+04 1.208891e+04 1.213329e+04 1.211958e+04
17.4 1.201615e+04 1.209749e+04 1.213391e+04 1.205257e+04
0.7 1.241024e+04 1.225502e+04 1.215325e+04 1.230847e+04
1.7 1.225601e+04 1.222487e+04 1.216118e+04 1.219232e+04
2.7 1.219125e+04 1.221227e+04 1.216282e+04 1.214180e+04
3.7 1.214964e+04 1.218771e+04 1.215960e+04 1.212153e+04
4.7 1.216213e+04 1.216214e+04 1.215190e+04 1.215189e+04
5.7 1.219896e+04 1.213431e+04 1.214586e+04 1.221051e+04
6.7 1.205554e+04 1.211861e+04 1.214852e+04 1.208544e+04
7.7 1.218276e+04 1.212492e+04 1.215043e+04 1.220828e+04
8.7 1.219064e+04 1.211024e+04 1.214636e+04 1.222676e+04
9.7 1.210354e+04 1.209702e+04 1.214217e+04 1.214869e+04
10.7 1.209303e+04 1.212933e+04 1.213810e+04 1.210179e+04
11.7 1.223613e+04 1.211296e+04 1.213477e+04 1.225794e+04
12.7 1.210382e+04 1.210626e+04 1.213315e+04 1.213071e+04
13.7 1.203560e+04 1.209553e+04 1.213288e+04 1.207296e+04
14.7 1.207520e+04 1.208891e+04 1.213329e+04 1.211958e+04
15.7 1.201615e+04 1.209749e+04 1.213391e+04 1.205257e+04
16.7 1.201805e+04 1.211590e+04 1.213446e+04 1.203661e+04
17.7 1.214692e+04 1.215364e+04 1.213526e+04 1.212855e+04
0.3 1.225601e+04 1.222487e+04 1.216118e+04 1.219232e+04
1.3 1.219125e+04 1.221227e+04 1.216282e+04 1.214180e+04
2.3 1.214964e+04 1.218771e+04 1.215960e+04 1.212153e+04
3.3 1.216213e+04 1.216214e+04 1.215190e+04 1.215189e+04
4.3 1.219896e+04 1.213431e+04 1.214586e+04 1.221051e+04
5.3 1.205554e+04 1.211861e+04 1.214852e+04 1.208544e+04
6.3 1.218276e+04 1.212492e+04 1.215043e+04 1.220828e+04
7.3 1.219064e+04 1.211024e+04 1.214636e+04 1.222676e+04
8.3 1.210354e+04 1.209702e+04 1.214217e+04 1.214869e+04
9.3 1.209303e+04 1.212933e+04 1.213810e+04 1.210179e+04
10.3 1.223613e+04 1.211296e+04 1.213477e+04 1.225794e+04
11.3 1.210382e+04 1.210626e+04 1.213315e+04 1.213071e+04
12.3 1.203560e+04 1.209553e+04 1.213288e+04 1.207296e+04
13.3 1.207520e+04 1.208891e+04 1.213329e+04 1.211958e+04
14.3 1.201615e+04 1.209749e+04 1.213391e+04 1.205257e+04
15.3 1.201805e+04 1.211590e+04 1.213446e+04 1.203661e+04
16.3 1.214692e+04 1.215364e+04 1.213526e+04 1.212855e+04
17.3 1.211841e+04 1.215114e+04 1.213857e+04 1.210583e+04
0.8 1.214964e+04 1.218771e+04 1.215960e+04 1.212153e+04
1.8 1.216213e+04 1.216214e+04 1.215190e+04 1.215189e+04
2.8 1.219896e+04 1.213431e+04 1.214586e+04 1.221051e+04
3.8 1.205554e+04 1.211861e+04 1.214852e+04 1.208544e+04
4.8 1.218276e+04 1.212492e+04 1.215043e+04 1.220828e+04
5.8 1.219064e+04 1.211024e+04 1.214636e+04 1.222676e+04
6.8 1.210354e+04 1.209702e+04 1.214217e+04 1.214869e+04
7.8 1.209303e+04 1.212933e+04 1.213810e+04 1.210179e+04
8.8 1.223613e+04 1.211296e+04 1.213477e+04 1.225794e+04
9.8 1.210382e+04 1.210626e+04 1.213315e+04 1.213071e+04
10.8 1.203560e+04 1.209553e+04 1.213288e+04 1.207296e+04
11.8 1.207520e+04 1.208891e+04 1.213329e+04 1.211958e+04
12.8 1.201615e+04 1.209749e+04 1.213391e+04 1.205257e+04
13.8 1.201805e+04 1.211590e+04 1.213446e+04 1.203661e+04
14.8 1.214692e+04 1.215364e+04 1.213526e+04 1.212855e+04
15.8 1.211841e+04 1.215114e+04 1.213857e+04 1.210583e+04
16.8 1.214371e+04 1.217925e+04 1.215274e+04 1.211720e+04
17.8 1.215319e+04 1.217785e+04 1.216387e+04 1.213921e+04
0.2 1.216213e+04 1.216214e+04 1.215190e+04 1.215189e+04
1.2 1.219896e+04 1.213431e+04 1.214586e+04 1.221051e+04
2.2 1.205554e+04 1.211861e+04 1.214852e+04 1.208544e+04
3.2 1.218276e+04 1.212492e+04 1.215043e+04 1.220828e+04
4.2 1.219064e+04 1.211024e+04 1.214636e+04 1.222676e+04
5.2 1.210354e+04 1.209702e+04 1.214217e+04 1.214869e+04
6.2 1.209303e+04 1.212933e+04 1.213810e+04 1.210179e+04
7.2 1.223613e+04 1.211296e+04 1.213477e+04 1.225794e+04
8.2 1.210382e+04 1.210626e+04 1.213315e+04 1.213071e+04
9.2 1.203560e+04 1.209553e+04 1.213288e+04 1.207296e+04
10.2 1.207520e+04 1.208891e+04 1.213329e+04 1.211958e+04
11.2 1.201615e+04 1.209749e+04 1.213391e+04 1.205257e+04
12.2 1.201805e+04 1.211590e+04 1.213446e+04 1.203661e+04
13.2 1.214692e+04 1.215364e+04 1.213526e+04 1.212855e+04
14.2 1.211841e+04 1.215114e+04 1.213857e+04 1.210583e+04
15.2 1.214371e+04 1.217925e+04 1.215274e+04 1.211720e+04
16.2 1.215319e+04 1.217785e+04 1.216387e+04 1.213921e+04
17.2 1.205424e+04 1.215079e+04 1.215636e+04 1.205981e+04
0.1 1.219896e+04 1.213431e+04 1.214586e+04 1.221051e+04
1.1 1.205554e+04 1.211861e+04 1.214852e+04 1.208544e+04
2.1 1.218276e+04 1.212492e+04 1.215043e+04 1.220828e+04
3.1 1.219064e+04 1.211024e+04 1.214636e+04 1.222676e+04
4.1 1.210354e+04 1.209702e+04 1.214217e+04 1.214869e+04
5.1 1.209303e+04 1.212933e+04 1.213810e+04 1.210179e+04
6.1 1.223613e+04 1.211296e+04 1.213477e+04 1.225794e+04
7.1 1.210382e+04 1.210626e+04 1.213315e+04 1.213071e+04
8.1 1.203560e+04 1.209553e+04 1.213288e+04 1.207296e+04
9.1 1.207520e+04 1.208891e+04 1.213329e+04 1.211958e+04
10.1 1.201615e+04 1.209749e+04 1.213391e+04 1.205257e+04
11.1 1.201805e+04 1.211590e+04 1.213446e+04 1.203661e+04
12.1 1.214692e+04 1.215364e+04 1.213526e+04 1.212855e+04
13.1 1.211841e+04 1.215114e+04 1.213857e+04 1.210583e+04
14.1 1.214371e+04 1.217925e+04 1.215274e+04 1.211720e+04
15.1 1.215319e+04 1.217785e+04 1.216387e+04 1.213921e+04
16.1 1.205424e+04 1.215079e+04 1.215636e+04 1.205981e+04
17.1 1.217810e+04 1.214097e+04 1.214535e+04 1.218248e+04
0.5 1.218276e+04 1.212492e+04 1.215043e+04 1.220828e+04
1.5 1.219064e+04 1.211024e+04 1.214636e+04 1.222676e+04
2.5 1.210354e+04 1.209702e+04 1.214217e+04 1.214869e+04
3.5 1.209303e+04 1.212933e+04 1.213810e+04 1.210179e+04
4.5 1.223613e+04 1.211296e+04 1.213477e+04 1.225794e+04
5.5 1.210382e+04 1.210626e+04 1.213315e+04 1.213071e+04
6.5 1.203560e+04 1.209553e+04 1.213288e+04 1.207296e+04
7.5 1.207520e+04 1.208891e+04 1.213329e+04 1.211958e+04
8.5 1.201615e+04 1.209749e+04 1.213391e+04 1.205257e+04
9.5 1.201805e+04 1.211590e+04 1.213446e+04 1.203661e+04
10.5 1.214692e+04 1.215364e+04 1.213526e+04 1.212855e+04
11.5 1.211841e+04 1.215114e+04 1.213857e+04 1.210583e+04
12.5 1.214371e+04 1.217925e+04 1.215274e+04 1.211720e+04
13.5 1.215319e+04 1.217785e+04 1.216387e+04 1.213921e+04
14.5 1.205424e+04 1.215079e+04 1.215636e+04 1.205981e+04
15.5 1.217810e+04 1.214097e+04 1.214535e+04 1.218248e+04
16.5 1.203767e+04 1.215896e+04 1.213841e+04 1.201711e+04
17.5 1.223372e+04 1.214159e+04 1.213514e+04 1.222728e+04
0.6 1.201805e+04 1.211590e+04 1.213446e+04 1.203661e+04
1.6 1.214692e+04 1.215364e+04 1.213526e+04 1.212855e+04
2.6 1.211841e+04 1.215114e+04 1.213857e+04 1.210583e+04
3.6 1.214371e+04 1.217925e+04 1.215274e+04 1.211720e+04
4.6 1.215319e+04 1.217785e+04 1.216387e+04 1.213921e+04
5.6 1.205424e+04 1.215079e+04 1.215636e+04 1.205981e+04
6.6 1.217810e+04 1.214097e+04 1.214535e+04 1.218248e+04
7.6 1.203767e+04 1.215896e+04 1.213841e+04 1.201711e+04
8.6 1.223372e+04 1.214159e+04 1.213514e+04 1.222728e+04
9.6 1.214084e+04 1.214880e+04 1.213413e+04 1.212617e+04
10.6 1.222425e+04 1.214485e+04 1.213436e+04 1.221376e+04
11.6 1.211752e+04 1.212944e+04 1.213511e+04 1.212320e+04
12.6 1.219458e+04 1.216914e+04 1.213589e+04 1.216132e+04
13.6 1.215874e+04 1.212245e+04 1.213648e+04 1.217277e+04
14.6 1.210625e+04 1.214268e+04 1.213686e+04 1.210043e+04
15.6 1.220756e+04 1.214616e+04 1.213708e+04 1.219847e+04
16.6 1.207114e+04 1.212370e+04 1.213720e+04 1.208464e+04
17.6 1.211287e+04 1.214794e+04 1.213728e+04 1.210221e+04
0.8 1.211841e+04 1.215114e+04 1.213857e+04 1.210583e+04
1.8 1.214371e+04 1.217925e+04 1.215274e+04 1.211720e+04
2.8 1.215319e+04 1.217785e+04 1.216387e+04 1.213921e+04
3.8 1.205424e+04 1.215079e+04 1.215636e+04 1.205981e+04
4.8 1.217810e+04 1.214097e+04 1.214535e+04 1.218248e+04
5.8 1.203767e+04 1.215896e+04 1.213841e+04 1.201711e+04
6.8 1.223372e+04 1.214159e+04 1.213514e+04 1.222728e+04
7.8 1.214084e+04 1.214880e+04 1.213413e+04 1.212617e+04
8.8 1.222425e+04 1.214485e+04 1.213436e+04 1.221376e+04
9.8 1.211752e+04 1.212944e+04 1.213511e+04 1.212320e+04
10.8 1.219458e+04 1.216914e+04 1.213589e+04 1.216132e+04
11.8 1.215874e+04 1.212245e+04 1.213648e+04 1.217277e+04
12.8 1.210625e+04 1.214268e+04 1.213686e+04 1.210043e+04
13.8 1.220756e+04 1.214616e+04 1.213708e+04 1.219847e+04
14.8 1.207114e+04 1.212370e+04 1.213720e+04 1.208464e+04
15.8 1.211287e+04 1.214794e+04 1.213728e+04 1.210221e+04
16.8 1.217497e+04 1.212873e+04 1.213733e+04 1.218356e+04
17.8 1.212666e+04 1.211945e+04 1.213724e+04 1.214445e+04
0.7 1.212666e+04 1.211945e+04 1.213724e+04 1.214445e+04
1.7 1.226678e+04 1.215632e+04 1.213794e+04 1.224839e+04
2.7 1.220776e+04 1.218441e+04 1.214128e+04 1.216462e+04
3.7 1.211236e+04 1.220360e+04 1.215531e+04 1.206407e+04
4.7 1.226349e+04 1.220027e+04 1.216187e+04 1.222509e+04
5.7 1.220843e+04 1.215926e+04 1.215358e+04 1.220275e+04
6.7 1.211687e+04 1.208640e+04 1.214410e+04 1.217457e+04
7.7 1.203636e+04 1.211262e+04 1.213842e+04 1.206216e+04
8.7 1.202694e+04 1.212640e+04 1.213578e+04 1.203633e+04
9.7 1.200343e+04 1.214261e+04 1.213496e+04 1.199578e+04
10.7 1.201112e+04 1.212046e+04 1.213514e+04 1.202579e+04
11.7 1.207753e+04 1.209054e+04 1.213568e+04 1.212268e+04
12.7 1.199902e+04 1.209814e+04 1.213622e+04 1.203710e+04
13.7 1.218566e+04 1.213474e+04 1.213658e+04 1.218750e+04
14.7 1.221881e+04 1.213128e+04 1.213677e+04 1.222430e+04
15.7 1.218100e+04 1.217818e+04 1.213685e+04 1.213967e+04
16.7 1.217630e+04 1.214823e+04 1.213686e+04 1.216493e+04
17.7 1.211639e+04 1.209246e+04 1.213686e+04 1.216078e+04
1.0 1.220776e+04 1.218441e+04 1.214128e+04 1.216462e+04
2.0 1.211236e+04 1.220360e+04 1.215531e+04 1.206407e+04
3.0 1.226349e+04 1.220027e+04 1.216187e+04 1.222509e+04
4.0 1.220843e+04 1.215926e+04 1.215358e+04 1.220275e+04
5.0 1.211687e+04 1.208640e+04 1.214410e+04 1.217457e+04
6.0 1.203636e+04 1.211262e+04 1.213842e+04 1.206216e+04
7.0 1.202694e+04 1.212640e+04 1.213578e+04 1.203633e+04
8.0 1.200343e+04 1.214261e+04 1.213496e+04 1.199578e+04
9.0 1.201112e+04 1.212046e+04 1.213514e+04 1.202579e+04
10.0 1.207753e+04 1.209054e+04 1.213568e+04 1.212268e+04
11.0 1.199902e+04 1.209814e+04 1.213622e+04 1.203710e+04
12.0 1.218566e+04 1.213474e+04 1.213658e+04 1.218750e+04
13.0 1.221881e+04 1.213128e+04 1.213677e+04 1.222430e+04
14.0 1.218100e+04 1.217818e+04 1.213685e+04 1.213967e+04
15.0 1.217630e+04 1.214823e+04 1.213686e+04 1.216493e+04
16.0 1.211639e+04 1.209246e+04 1.213686e+04 1.216078e+04
17.0 1.200783e+04 1.209419e+04 1.213684e+04 1.205048e+04
18.0 1.206196e+04 1.213339e+04 1.213684e+04 1.206541e+04
0.6 1.204054e+04 1.211508e+04 1.213685e+04 1.206231e+04
1.6 1.217126e+04 1.216712e+04 1.214570e+04 1.214983e+04
2.6 1.216684e+04 1.220695e+04 1.216100e+04 1.212089e+04
3.6 1.222010e+04 1.221872e+04 1.216134e+04 1.216272e+04
4.6 1.212965e+04 1.224908e+04 1.216244e+04 1.204300e+04
5.6 1.224422e+04 1.218321e+04 1.215742e+04 1.221843e+04
6.6 1.228354e+04 1.214600e+04 1.214694e+04 1.228449e+04
7.6 1.226704e+04 1.211949e+04 1.213917e+04 1.228672e+04
8.6 1.213058e+04 1.213595e+04 1.213551e+04 1.213014e+04
9.6 1.228521e+04 1.220750e+04 1.213451e+04 1.221222e+04
10.6 1.226419e+04 1.217494e+04 1.213485e+04 1.222409e+04
11.6 1.238519e+04 1.216278e+04 1.213571e+04 1.235812e+04
12.6 1.210333e+04 1.212748e+04 1.213660e+04 1.211245e+04
13.6 1.200374e+04 1.209059e+04 1.213731e+04 1.205047e+04
14.6 1.199360e+04 1.207686e+04 1.213782e+04 1.205456e+04
15.6 1.210682e+04 1.204602e+04 1.213816e+04 1.219896e+04
16.6 1.197671e+04 1.208943e+04 1.213841e+04 1.202569e+04
17.6 1.209181e+04 1.216077e+04 1.213974e+04 1.207078e+04
0.9 1.217126e+04 1.216712e+04 1.214570e+04 1.214983e+04
1.9 1.216684e+04 1.220695e+04 1.216100e+04 1.212089e+04
2.9 1.222010e+04 1.221872e+04 1.216134e+04 1.216272e+04
3.9 1.212965e+04 1.224908e+04 1.216244e+04 1.204300e+04
4.9 1.224422e+04 1.218321e+04 1.215742e+04 1.221843e+04
5.9 1.228354e+04 1.214600e+04 1.214694e+04 1.228449e+04
6.9 1.226704e+04 1.211949e+04 1.213917e+04 1.228672e+04
7.9 1.213058e+04 1.213595e+04 1.213551e+04 1.213014e+04
8.9 1.228521e+04 1.220750e+04 1.213451e+04 1.221222e+04
9.9 1.226419e+04 1.217494e+04 1.213485e+04 1.222409e+04
10.9 1.238519e+04 1.216278e+04 1.213571e+04 1.235812e+04
11.9 1.210333e+04 1.212748e+04 1.213660e+04 1.211245e+04
12.9 1.200374e+04 1.209059e+04 1.213731e+04 1.205047e+04
13.9 1.199360e+04 1.207686e+04 1.213782e+04 1.205456e+04
14.9 1.210682e+04 1.204602e+04 1.213816e+04 1.219896e+04
15.9 1.197671e+04 1.208943e+04 1.213841e+04 1.202569e+04
16.9 1.209181e+04 1.216077e+04 1.213974e+04 1.207078e+04
17.9 1.214341e+04 1.220124e+04 1.214692e+04 1.208909e+04
0.2 1.216684e+04 1.220695e+04 1.216100e+04 1.212089e+04
1.2 1.222010e+04 1.221872e+04 1.216134e+04 1.216272e+04
2.2 1.212965e+04 1.224908e+04 1.216244e+04 1.204300e+04
3.2 1.224422e+04 1.218321e+04 1.215742e+04 1.221843e+04
4.2 1.228354e+04 1.214600e+04 1.214694e+04 1.228449e+04
5.2 1.226704e+04 1.211949e+04 1.213917e+04 1.228672e+04
6.2 1.213058e+04 1.213595e+04 1.213551e+04 1.213014e+04
7.2 1.228521e+04 1.220750e+04 1.213451e+04 1.221222e+04
8.2 1.226419e+04 1.217494e+04 1.213485e+04 1.222409e+04
9.2 1.238519e+04 1.216278e+04 1.213571e+04 1.235812e+04
10.2 1.210333e+04 1.212748e+04 1.213660e+04 1.211245e+04
11.2 1.200374e+04 1.209059e+04 1.213731e+04 1.205047e+04
12.2 1.199360e+04 1.207686e+04 1.213782e+04 1.205456e+04
13.2 1.210682e+04 1.204602e+04 1.213816e+04 1.219896e+04
14.2 1.197671e+04 1.208943e+04 1.213841e+04 1.202569e+04
15.2 1.209181e+04 1.216077e+04 1.213974e+04 1.207078e+04
16.2 1.214341e+04 1.220124e+04 1.214692e+04 1.208909e+04
17.2 1.220011e+04 1.220161e+04 1.214836e+04 1.214686e+04
0.3 1.197671e+04 1.208943e+04 1.213841e+04 1.202569e+04
1.3 1.209181e+04 1.216077e+04 1.213974e+04 1.207078e+04
2.3 1.214341e+04 1.220124e+04 1.214692e+04 1.208909e+04
3.3 1.220011e+04 1.220161e+04 1.214836e+04 1.214686e+04
4.3 1.220666e+04 1.219113e+04 1.214471e+04 1.216025e+04
5.3 1.218430e+04 1.213546e+04 1.214141e+04 1.219025e+04
6.3 1.206420e+04 1.211581e+04 1.213963e+04 1.208801e+04
7.3 1.224670e+04 1.211165e+04 1.213892e+04 1.227397e+04
8.3 1.215634e+04 1.213217e+04 1.213884e+04 1.216300e+04
9.3 1.209757e+04 1.216529e+04 1.213909e+04 1.207137e+04
10.3 1.211658e+04 1.216015e+04 1.213944e+04 1.209588e+04
11.3 1.210512e+04 1.213689e+04 1.213977e+04 1.210800e+04
12.3 1.200809e+04 1.209163e+04 1.214002e+04 1.205648e+04
13.3 1.210722e+04 1.209525e+04 1.214019e+04 1.215216e+04
14.3 1.203962e+04 1.213125e+04 1.214032e+04 1.204869e+04
15.3 1.215101e+04 1.214862e+04 1.214041e+04 1.214280e+04
16.3 1.211925e+04 1.215795e+04 1.214049e+04 1.210179e+04
17.3 1.217632e+04 1.215790e+04 1.214056e+04 1.215898e+04
0.6 1.225950e+04 1.215220e+04 1.214103e+04 1.224833e+04
1.6 1.227201e+04 1.217949e+04 1.214773e+04 1.224026e+04
2.6 1.222817e+04 1.223629e+04 1.215211e+04 1.214399e+04
3.6 1.230021e+04 1.223356e+04 1.214530e+04 1.221195e+04
4.6 1.220988e+04 1.216151e+04 1.214281e+04 1.219119e+04
5.6 1.207455e+04 1.215337e+04 1.213584e+04 1.205702e+04
6.6 1.211008e+04 1.215573e+04 1.213258e+04 1.208693e+04
7.6 1.202275e+04 1.213285e+04 1.213511e+04 1.202501e+04
8.6 1.205480e+04 1.210555e+04 1.213829e+04 1.208755e+04
9.6 1.193275e+04 1.209144e+04 1.214033e+04 1.198164e+04
10.6 1.193395e+04 1.211805e+04 1.214138e+04 1.195728e+04
11.6 1.198755e+04 1.210279e+04 1.214179e+04 1.202655e+04
12.6 1.205453e+04 1.211678e+04 1.214181e+04 1.207956e+04
13.6 1.212707e+04 1.206102e+04 1.214167e+04 1.220772e+04
14.6 1.200681e+04 1.206141e+04 1.214151e+04 1.208690e+04
15.6 1.206721e+04 1.210483e+04 1.214139e+04 1.210377e+04
16.6 1.216756e+04 1.211956e+04 1.214132e+04 1.218932e+04
17.6 1.210825e+04 1.208755e+04 1.214129e+04 1.216198e+04
0.8 1.227201e+04 1.217949e+04 1.214773e+04 1.224026e+04
1.8 1.222817e+04 1.223629e+04 1.215211e+04 1.214399e+04
2.8 1.230021e+04 1.223356e+04 1.214530e+04 1.221195e+04
3.8 1.220988e+04 1.216151e+04 1.214281e+04 1.219119e+04
4.8 1.207455e+04 1.215337e+04 1.213584e+04 1.205702e+04
5.8 1.211008e+04 1.215573e+04 1.213258e+04 1.208693e+04
6.8 1.202275e+04 1.213285e+04 1.213511e+04 1.202501e+04
7.8 1.205480e+04 1.210555e+04 1.213829e+04 1.208755e+04
8.8 1.193275e+04 1.209144e+04 1.214033e+04 1.198164e+04
9.8 1.193395e+04 1.211805e+04 1.214138e+04 1.195728e+04
10.8 1.198755e+04 1.210279e+04 1.214179e+04 1.202655e+04
11.8 1.205453e+04 1.211678e+04 1.214181e+04 1.207956e+04
12.8 1.212707e+04 1.206102e+04 1.214167e+04 1.220772e+04
13.8 1.200681e+04 1.206141e+04 1.214151e+04 1.208690e+04
14.8 1.206721e+04 1.210483e+04 1.214139e+04 1.210377e+04
15.8 1.216756e+04 1.211956e+04 1.214132e+04 1.218932e+04
16.8 1.210825e+04 1.208755e+04 1.214129e+04 1.216198e+04
17.8 1.212336e+04 1.208231e+04 1.214127e+04 1.218232e+04
0.5 1.222817e+04 1.223629e+04 1.215211e+04 1.214399e+04
1.5 1.230021e+04 1.223356e+04 1.214530e+04 1.221195e+04
2.5 1.220988e+04 1.216151e+04 1.214281e+04 1.219119e+04
3.5 1.207455e+04 1.215337e+04 1.213584e+04 1.205702e+04
4.5 1.211008e+04 1.215573e+04 1.213258e+04 1.208693e+04
5.5 1.202275e+04 1.213285e+04 1.213511e+04 1.202501e+04
6.5 1.205480e+04 1.210555e+04 1.213829e+04 1.208755e+04
7.5 1.193275e+04 1.209144e+04 1.214033e+04 1.198164e+04
8.5 1.193395e+04 1.211805e+04 1.214138e+04 1.195728e+04
9.5 1.198755e+04 1.210279e+04 1.214179e+04 1.202655e+04
10.5 1.205453e+04 1.211678e+04 1.214181e+04 1.207956e+04
11.5 1.212707e+04 1.206102e+04 1.214167e+04 1.220772e+04
12.5 1.200681e+04 1.206141e+04 1.214151e+04 1.208690e+04
13.5 1.206721e+04 1.210483e+04 1.214139e+04 1.210377e+04
14.5 1.216756e+04 1.211956e+04 1.214132e+04 1.218932e+04
15.5 1.210825e+04 1.208755e+04 1.214129e+04 1.216198e+04
16.5 1.212336e+04 1.208231e+04 1.214127e+04 1.218232e+04
17.5 1.215896e+04 1.215070e+04 1.214127e+04 1.214953e+04
0.1 1.230021e+04 1.223356e+04 1.214530e+04 1.221195e+04
1.1 1.220988e+04 1.216151e+04 1.214281e+04 1.219119e+04
2.1 1.207455e+04 1.215337e+04 1.213584e+04 1.205702e+04
3.1 1.211008e+04 1.215573e+04 1.213258e+04 1.208693e+04
4.1 1.202275e+04 1.213285e+04 1.213511e+04 1.202501e+04
5.1 1.205480e+04 1.210555e+04 1.213829e+04 1.208755e+04
6.1 1.193275e+04 1.209144e+04 1.214033e+04 1.198164e+04
7.1 1.193395e+04 1.211805e+04 1.214138e+04 1.195728e+04
8.1 1.198755e+04 1.210279e+04 1.214179e+04 1.202655e+04
9.1 1.205453e+04 1.211678e+04 1.214181e+04 1.207956e+04
10.1 1.212707e+04 1.206102e+04 1.214167e+04 1.220772e+04
11.1 1.200681e+04 1.206141e+04 1.214151e+04 1.208690e+04
12.1 1.206721e+04 1.210483e+04 1.214139e+04 1.210377e+04
13.1 1.216756e+04 1.211956e+04 1.214132e+04 1.218932e+04
14.1 1.210825e+04 1.208755e+04 1.214129e+04 1.216198e+04
15.1 1.212336e+04 1.208231e+04 1.214127e+04 1.218232e+04
16.1 1.215896e+04 1.215070e+04 1.214127e+04 1.214953e+04
17.1 1.207066e+04 1.213727e+04 1.214126e+04 1.207465e+04
0.1 1.213544e+04 1.211708e+04 1.215390e+04 1.217226e+04
1.1 1.212510e+04 1.216047e+04 1.215256e+04 1.211720e+04
2.1 1.211351e+04 1.218814e+04 1.212744e+04 1.205282e+04
3.1 1.214335e+04 1.218259e+04 1.210827e+04 1.206903e+04
4.1 1.217544e+04 1.219373e+04 1.211452e+04 1.209624e+04
5.1 1.228307e+04 1.219629e+04 1.213731e+04 1.222409e+04
6.1 1.215927e+04 1.219979e+04 1.215690e+04 1.211638e+04
7.1 1.203971e+04 1.217356e+04 1.216827e+04 1.203442e+04
8.1 1.223647e+04 1.218207e+04 1.213841e+04 1.219281e+04
9.1 1.209940e+04 1.212310e+04 1.211131e+04 1.208762e+04
10.1 1.204884e+04 1.205482e+04 1.210906e+04 1.210309e+04
11.1 1.195982e+04 1.200585e+04 1.207503e+04 1.202900e+04
12.1 1.207059e+04 1.204266e+04 1.205570e+04 1.208364e+04
13.1 1.208334e+04 1.204650e+04 1.207330e+04 1.211014e+04
14.1 1.206601e+04 1.209077e+04 1.210872e+04 1.208396e+04
15.1 1.216216e+04 1.214744e+04 1.214051e+04 1.215523e+04
16.1 1.215536e+04 1.215278e+04 1.215839e+04 1.216097e+04
17.1 1.204062e+04 1.215663e+04 1.216487e+04 1.204886e+04
0.6 1.211351e+04 1.218814e+04 1.212744e+04 1.205282e+04
1.6 1.214335e+04 1.218259e+04 1.210827e+04 1.206903e+04
2.6 1.217544e+04 1.219373e+04 1.211452e+04 1.209624e+04
3.6 1.228307e+04 1.219629e+04 1.213731e+04 1.222409e+04
4.6 1.215927e+04 1.219979e+04 1.215690e+04 1.211638e+04
5.6 1.203971e+04 1.217356e+04 1.216827e+04 1.203442e+04
6.6 1.223647e+04 1.218207e+04 1.213841e+04 1.219281e+04
7.6 1.209940e+04 1.212310e+04 1.211131e+04 1.208762e+04
8.6 1.204884e+04 1.205482e+04 1.210906e+04 1.210309e+04
9.6 1.195982e+04 1.200585e+04 1.207503e+04 1.202900e+04
10.6 1.207059e+04 1.204266e+04 1.205570e+04 1.208364e+04
11.6 1.208334e+04 1.204650e+04 1.207330e+04 1.211014e+04
12.6 1.206601e+04 1.209077e+04 1.210872e+04 1.208396e+04
13.6 1.216216e+04 1.214744e+04 1.214051e+04 1.215523e+04
14.6 1.215536e+04 1.215278e+04 1.215839e+04 1.216097e+04
15.6 1.204062e+04 1.215663e+04 1.216487e+04 1.204886e+04
16.6 1.214852e+04 1.217647e+04 1.216484e+04 1.213689e+04
17.6 1.228052e+04 1.220539e+04 1.216189e+04 1.223701e+04
1.0 1.217544e+04 1.219373e+04 1.211452e+04 1.209624e+04
2.0 1.228307e+04 1.219629e+04 1.213731e+04 1.222409e+04
3.0 1.215927e+04 1.219979e+04 1.215690e+04 1.211638e+04
4.0 1.203971e+04 1.217356e+04 1.216827e+04 1.203442e+04
5.0 1.223647e+04 1.218207e+04 1.213841e+04 1.219281e+04
6.0 1.209940e+04 1.212310e+04 1.211131e+04 1.208762e+04
7.0 1.204884e+04 1.205482e+04 1.210906e+04 1.210309e+04
8.0 1.195982e+04 1.200585e+04 1.207503e+04 1.202900e+04
9.0 1.207059e+04 1.204266e+04 1.205570e+04 1.208364e+04
10.0 1.208334e+04 1.204650e+04 1.207330e+04 1.211014e+04
11.0 1.206601e+04 1.209077e+04 1.210872e+04 1.208396e+04
12.0 1.216216e+04 1.214744e+04 1.214051e+04 1.215523e+04
13.0 1.215536e+04 1.215278e+04 1.215839e+04 1.216097e+04
14.0 1.204062e+04 1.215663e+04 1.216487e+04 1.204886e+04
15.0 1.214852e+04 1.217647e+04 1.216484e+04 1.213689e+04
16.0 1.228052e+04 1.220539e+04 1.216189e+04 1.223701e+04
17.0 1.216729e+04 1.214926e+04 1.215828e+04 1.217632e+04
18.0 1.222838e+04 1.213852e+04 1.215515e+04 1.224502e+04
0.2 1.228307e+04 1.219629e+04 1.213731e+04 1.222409e+04
1.2 1.215927e+04 1.219979e+04 1.215690e+04 1.211638e+04
2.2 1.203971e+04 1.217356e+04 1.216827e+04 1.203442e+04
3.2 1.223647e+04 1.218207e+04 1.213841e+04 1.219281e+04
4.2 1.209940e+04 1.212310e+04 1.211131e+04 1.208762e+04
5.2 1.204884e+04 1.205482e+04 1.210906e+04 1.210309e+04
6.2 1.195982e+04 1.200585e+04 1.207503e+04 1.202900e+04
7.2 1.207059e+04 1.204266e+04 1.205570e+04 1.208364e+04
8.2 1.208334e+04 1.204650e+04 1.207330e+04 1.211014e+04
9.2 1.206601e+04 1.209077e+04 1.210872e+04 1.208396e+04
10.2 1.216216e+04 1.214744e+04 1.214051e+04 1.215523e+04
11.2 1.215536e+04 1.215278e+04 1.215839e+04 1.216097e+04
12.2 1.204062e+04 1.215663e+04 1.216487e+04 1.204886e+04
13.2 1.214852e+04 1.217647e+04 1.216484e+04 1.213689e+04
14.2 1.228052e+04 1.220539e+04 1.216189e+04 1.223701e+04
15.2 1.216729e+04 1.214926e+04 1.215828e+04 1.217632e+04
16.2 1.222838e+04 1.213852e+04 1.215515e+04 1.224502e+04
17.2 1.219209e+04 1.216580e+04 1.215281e+04 1.217911e+04
0.1 1.215927e+04 1.219979e+04 1.215690e+04 1.211638e+04
1.1 1.203971e+04 1.217356e+04 1.216827e+04 1.203442e+04
2.1 1.223647e+04 1.218207e+04 1.213841e+04 1.219281e+04
3.1 1.209940e+04 1.212310e+04 1.211131e+04 1.208762e+04
4.1 1.204884e+04 1.205482e+04 1.210906e+04 1.210309e+04
5.1 1.195982e+04 1.200585e+04 1.207503e+04 1.202900e+04
6.1 1.207059e+04 1.204266e+04 1.205570e+04 1.208364e+04
7.1 1.208334e+04 1.204650e+04 1.207330e+04 1.211014e+04
8.1 1.206601e+04 1.209077e+04 1.210872e+04 1.208396e+04
9.1 1.216216e+04 1.214744e+04 1.214051e+04 1.215523e+04
10.1 1.215536e+04 1.215278e+04 1.215839e+04 1.216097e+04
11.1 1.204062e+04 1.215663e+04 1.216487e+04 1.204886e+04
12.1 1.214852e+04 1.217647e+04 1.216484e+04 1.213689e+04
13.1 1.228052e+04 1.220539e+04 1.216189e+04 1.223701e+04
14.1 1.216729e+04 1.214926e+04 1.215828e+04 1.217632e+04
15.1 1.222838e+04 1.213852e+04 1.215515e+04 1.224502e+04
16.1 1.219209e+04 1.216580e+04 1.215281e+04 1.217911e+04
17.1 1.219460e+04 1.216014e+04 1.215115e+04 1.218560e+04
0.3 1.223647e+04 1.218207e+04 1.213841e+04 1.219281e+04
1.3 1.209940e+04 1.212310e+04 1.211131e+04 1.208762e+04
2.3 1.204884e+04 1.205482e+04 1.210906e+04 1.210309e+04
3.3 1.195982e+04 1.200585e+04 1.207503e+04 1.202900e+04
4.3 1.207059e+04 1.204266e+04 1.205570e+04 1.208364e+04
5.3 1.208334e+04 1.204650e+04 1.207330e+04 1.211014e+04
6.3 1.206601e+04 1.209077e+04 1.210872e+04 1.208396e+04
7.3 1.216216e+04 1.214744e+04 1.214051e+04 1.215523e+04
8.3 1.215536e+04 1.215278e+04 1.215839e+04 1.216097e+04
9.3 1.204062e+04 1.215663e+04 1.216487e+04 1.204886e+04
10.3 1.214852e+04 1.217647e+04 1.216484e+04 1.213689e+04
11.3 1.228052e+04 1.220539e+04 1.216189e+04 1.223701e+04
12.3 1.216729e+04 1.214926e+04 1.215828e+04 1.217632e+04
13.3 1.222838e+04 1.213852e+04 1.215515e+04 1.224502e+04
14.3 1.219209e+04 1.216580e+04 1.215281e+04 1.217911e+04
15.3 1.219460e+04 1.216014e+04 1.215115e+04 1.218560e+04
16.3 1.216511e+04 1.213087e+04 1.214993e+04 1.218418e+04
17.3 1.218438e+04 1.214488e+04 1.214896e+04 1.218847e+04
0.3 1.209940e+04 1.212310e+04 1.211131e+04 1.208762e+04
1.3 1.204884e+04 1.205482e+04 1.210906e+04 1.210309e+04
2.3 1.195982e+04 1.200585e+04 1.207503e+04 1.202900e+04
3.3 1.207059e+04 1.204266e+04 1.205570e+04 1.208364e+04
4.3 1.208334e+04 1.204650e+04 1.207330e+04 1.211014e+04
5.3 1.206601e+04 1.209077e+04 1.210872e+04 1.208396e+04
6.3 1.216216e+04 1.214744e+04 1.214051e+04 1.215523e+04
7.3 1.215536e+04 1.215278e+04 1.215839e+04 1.216097e+04
8.3 1.204062e+04 1.215663e+04 1.216487e+04 1.204886e+04
9.3 1.214852e+04 1.217647e+04 1.216484e+04 1.213689e+04
10.3 1.228052e+04 1.220539e+04 1.216189e+04 1.223701e+04
11.3 1.216729e+04 1.214926e+04 1.215828e+04 1.217632e+04
12.3 1.222838e+04 1.213852e+04 1.215515e+04 1.224502e+04
13.3 1.219209e+04 1.216580e+04 1.215281e+04 1.217911e+04
14.3 1.219460e+04 1.216014e+04 1.215115e+04 1.218560e+04
15.3 1.216511e+04 1.213087e+04 1.214993e+04 1.218418e+04
16.3 1.218438e+04 1.214488e+04 1.214896e+04 1.218847e+04
17.3 1.218688e+04 1.215554e+04 1.214813e+04 1.217947e+04
0.4 1.195982e+04 1.200585e+04 1.207503e+04 1.202900e+04
1.4 1.207059e+04 1.204266e+04 1.205570e+04 1.208364e+04
2.4 1.208334e+04 1.204650e+04 1.207330e+04 1.211014e+04
3.4 1.206601e+04 1.209077e+04 1.210872e+04 1.208396e+04
4.4 1.216216e+04 1.214744e+04 1.214051e+04 1.215523e+04
5.4 1.215536e+04 1.215278e+04 1.215839e+04 1.216097e+04
6.4 1.204062e+04 1.215663e+04 1.216487e+04 1.204886e+04
7.4 1.214852e+04 1.217647e+04 1.216484e+04 1.213689e+04
8.4 1.228052e+04 1.220539e+04 1.216189e+04 1.223701e+04
9.4 1.216729e+04 1.214926e+04 1.215828e+04 1.217632e+04
10.4 1.222838e+04 1.213852e+04 1.215515e+04 1.224502e+04
11.4 1.219209e+04 1.216580e+04 1.215281e+04 1.217911e+04
12.4 1.219460e+04 1.216014e+04 1.215115e+04 1.218560e+04
13.4 1.216511e+04 1.213087e+04 1.214993e+04 1.218418e+04
14.4 1.218438e+04 1.214488e+04 1.214896e+04 1.218847e+04
15.4 1.218688e+04 1.215554e+04 1.214813e+04 1.217947e+04
16.4 1.217049e+04 1.216672e+04 1.214738e+04 1.215115e+04
17.4 1.214464e+04 1.214067e+04 1.214668e+04 1.215065e+04
